100.093	8.2572
103.274	8.24506
106.457	18.2329
109.636	26.2209
112.817	20.2088
115.994	24.1969
119.172	10.1849
122.347	30.173
125.521	4.16113
128.696	20.1493
131.868	-5.86251
135.039	18.1257
138.209	36.114
141.379	18.1023
144.547	12.0906
147.713	24.079
150.879	18.0674
154.043	4.05587
157.206	14.0443
160.368	14.0329
163.529	18.0214
166.689	18.01
169.848	1.99855
173.006	17.9872
176.163	11.9758
179.316	-2.03549
182.471	21.9532
185.625	11.942
188.777	21.9307
191.927	15.9195
195.077	15.9083
198.224	17.8972
201.372	-6.11397
204.52	-6.12509
207.664	-0.136175
210.809	15.8528
213.95	3.84171
217.091	19.8307
220.233	13.8197
223.372	9.80871
226.509	21.7977
229.648	7.7868
232.784	9.77588
235.918	-0.23503
239.051	27.7541
242.186	11.7432
245.317	13.7324
248.447	23.7215
251.577	27.7107
254.705	-0.300116
257.832	1.68909
260.958	15.6783
264.083	7.66754
267.204	7.6568
270.327	7.64606
273.449	9.63533
276.57	3.62461
279.69	11.6139
282.806	7.60321
285.924	27.5925
289.04	13.5818
292.154	19.5712
295.268	23.5605
298.379	23.5499
301.492	35.5392
304.601	17.5286
307.711	9.51794
310.818	7.50732
313.924	35.4967
317.031	13.4861
320.135	17.4755
323.238	27.4649
326.34	13.4542
329.443	5.44364
332.543	3.43304
335.642	15.4224
338.74	25.4118
341.836	9.40124
344.932	9.39064
348.027	11.38
351.12	15.3694
354.213	7.35884
357.302	31.3482
360.393	23.3376
363.482	13.327
366.57	9.31641
369.656	19.3058
372.742	9.29517
375.827	-0.715455
378.91	-6.72608
381.993	1.26328
385.073	13.2526
388.154	15.242
391.232	9.23133
394.311	13.2207
397.387	17.21
400.462	13.1993
403.536	9.18862
406.611	15.1779
409.683	3.1672
412.754	17.1565
415.824	9.14575
418.893	19.135
421.961	11.1242
425.027	3.11348
428.093	9.1027
431.158	1.0919
434.222	3.08109
437.284	7.07026
440.346	-2.94058
443.407	1.04856
446.464	13.0377
449.523	17.0268
452.581	13.0159
455.635	9.00498
458.691	2.99404
461.743	8.98309
464.797	-9.02789
467.847	10.9611
470.899	14.9501
473.947	18.9391
476.994	10.928
480.043	2.91693
483.088	18.9058
486.133	-3.10528
489.176	-7.11642
492.22	12.8724
495.262	24.8612
498.302	22.85
501.341	24.8388
504.38	16.8275
507.417	8.81623
510.453	16.8049
513.487	0.793588
516.521	10.7822
519.554	10.7708
522.586	8.75941
525.616	-9.25202
528.646	8.7365
531.675	10.725
534.701	16.7135
537.729	-1.29809
540.753	-3.30968
543.778	-5.3213
546.8	2.66705
549.821	8.65537
552.844	24.6437
555.863	14.6319
558.881	0.62014
561.898	2.60833
564.916	12.5965
567.932	22.5846
570.946	18.5727
573.959	22.5607
576.971	4.54877
579.982	18.5368
582.993	2.5247
586	-1.48738
589.008	16.5005
592.015	0.48833
595.022	12.4761
598.025	16.4639
601.029	24.4516
604.032	-1.5607
607.033	14.427
610.034	4.41456
613.032	4.40213
616.032	12.3896
619.028	-1.62286
622.023	4.36459
625.018	2.35199
628.013	16.3393
631.005	0.326668
633.997	10.3139
636.987	12.3012
639.977	18.2884
642.965	0.275515
645.952	4.26262
648.939	14.2497
651.924	22.2367
654.909	8.22364
657.892	6.21056
660.873	24.1974
663.854	14.1843
666.835	14.171
669.813	18.1578
672.791	12.1445
675.767	-7.86891
678.743	24.1177
681.717	20.1042
684.692	0.0906975
687.664	4.07714
690.634	0.063527
693.606	10.0499
696.575	12.0361
699.543	10.0224
702.51	14.0086
705.475	3.99469
708.44	-4.01923
711.404	33.9668
714.367	25.9528
717.329	9.93867
720.29	13.9245
723.25	3.91034
726.207	25.8961
729.166	-2.11821
732.123	19.8674
735.077	13.853
738.032	13.8385
740.984	7.82403
743.938	17.8094
746.888	17.7948
749.839	-2.21991
752.788	31.7653
755.735	-2.24948
758.682	7.73565
761.627	9.72071
764.574	-0.29429
767.517	-0.309344
770.46	17.6755
773.402	15.6604
776.342	13.6451
779.282	19.6298
782.219	11.6145
785.157	13.599
788.094	17.5836
791.029	1.568
793.962	13.5524
796.896	9.53672
799.828	11.521
802.76	11.5052
805.689	11.4893
808.619	21.4734
811.546	13.4574
814.473	21.4413
817.4	9.42517
820.324	29.409
823.248	31.3927
826.17	19.3764
829.092	5.35997
832.012	17.3435
834.932	15.327
837.851	17.3104
840.768	19.2937
843.685	21.2769
846.599	9.26014
849.514	15.2433
852.428	19.2263
855.339	9.20928
858.251	15.1922
861.16	25.175
864.07	19.1578
866.978	19.1405
869.884	19.1231
872.792	17.1056
875.696	25.0881
878.599	-12.9295
881.502	19.0528
884.404	5.03508
887.304	21.0173
890.204	4.99936
893.103	18.9814
896.001	0.963337
898.898	24.9452
901.794	6.92701
904.689	20.9087
907.581	18.8904
910.474	18.872
913.364	6.85345
916.256	-3.16514
919.144	18.8162
922.034	4.79746
924.92	4.77864
927.808	6.75974
930.693	6.74076
933.576	14.7217
936.459	12.7026
939.341	22.6834
942.222	16.6641
945.102	2.64469
947.981	-1.37477
950.859	28.6057
953.737	8.58606
956.613	-1.43364
959.488	6.54657
962.361	18.5267
965.235	20.5068
968.105	8.48672
970.977	-3.5334
973.846	14.4464
976.716	10.4261
979.583	16.4057
982.449	2.38529
985.316	16.3647
988.18	20.3441
991.043	10.3234
993.906	10.3026
996.767	28.2817
999.628	8.26076
1002.49	-1.7603
1005.35	20.2186
1008.2	32.1973
1011.06	22.176
1013.91	20.1546
1016.77	22.1331
1019.62	12.1115
1022.48	26.0898
1025.33	26.0681
1028.18	12.0462
1031.03	26.0243
1033.87	-1.99774
1036.72	25.9801
1039.57	11.9579
1042.41	27.9356
1045.26	37.9132
1048.1	9.89073
1050.94	25.8682
1053.78	15.8455
1056.62	19.8227
1059.46	13.7999
1062.3	23.7769
1065.14	21.7539
1067.97	9.73073
1070.81	1.70751
1073.64	19.6842
1076.47	25.6608
1079.31	15.6373
1082.14	17.6137
1084.97	15.5899
1087.8	23.5661
1090.63	19.5423
1093.45	31.5183
1096.28	17.4942
1099.1	23.47
1101.93	15.4457
1104.75	7.42134
1107.57	3.39686
1110.39	29.3723
1113.21	13.3476
1116.03	7.32286
1118.85	11.298
1121.66	29.273
1124.48	9.24796
1127.3	11.2228
1130.11	17.1975
1132.92	9.17218
1135.73	17.1467
1138.54	3.12116
1141.35	15.0955
1144.16	3.06972
1146.97	-12.9561
1149.78	9.01789
1152.58	4.99184
1155.39	6.96566
1158.19	2.93939
1161	18.913
1163.8	16.8865
1166.6	0.85996
1169.4	14.8333
1172.2	12.8065
1174.99	18.7796
1177.79	30.7526
1180.59	12.7255
1183.38	-3.30169
1186.17	18.671
1188.97	0.643584
1191.76	12.6161
1194.55	-5.41155
1197.34	4.56072
1200.13	16.5329
1202.92	10.5049
1205.7	0.476908
1208.49	26.4487
1211.27	16.4205
1214.06	12.3921
1216.84	6.36364
1219.62	10.3351
1222.4	-13.6936
1225.18	6.27758
1227.96	12.2487
1230.74	12.2196
1233.51	28.1905
1236.29	28.1613
1239.06	14.132
1241.84	14.1025
1244.61	10.0729
1247.38	14.0433
1250.15	12.0135
1252.92	19.9836
1255.69	31.9536
1258.46	-0.076507
1261.23	5.89326
1263.99	13.8629
1266.76	15.8325
1269.52	19.8019
1272.28	5.77126
1275.05	13.7405
1277.81	15.7096
1280.57	19.6786
1283.33	21.6474
1286.08	25.6162
1288.84	3.58485
1291.6	19.5534
1294.35	5.5218
1297.11	1.49013
1299.86	13.4583
1302.61	23.4264
1305.36	-8.60564
1308.11	7.3622
1310.86	15.3299
1313.61	15.2976
1316.36	5.26506
1319.1	9.23246
1321.85	23.1997
1324.59	31.1669
1327.33	11.1339
1330.08	19.1008
1332.82	25.0677
1335.56	21.0343
1338.3	13.0009
1341.04	16.9674
1343.77	0.933698
1346.51	18.8999
1349.25	-1.13398
1351.98	22.832
1354.71	18.7979
1357.45	0.763606
1360.18	16.7292
1362.91	6.69472
1365.64	0.660109
1368.37	16.6254
1371.09	30.5905
1373.82	6.55554
1376.54	8.52047
1379.27	30.4852
1381.99	-1.55009
1384.72	30.4144
1387.44	20.3789
1390.16	4.34317
1392.88	8.30735
1395.6	14.2714
1398.31	16.2353
1401.03	16.1992
1403.75	-1.83715
1406.46	10.1264
1409.18	22.0898
1411.89	-3.94683
1414.6	8.01636
1417.31	-2.02054
1420.02	19.9424
1422.73	5.90523
1425.44	-0.132075
1428.15	19.8305
1430.85	1.79296
1433.56	19.7553
1436.26	23.7175
1438.97	-4.32041
1441.67	17.6415
1444.37	27.6034
1447.07	-0.434907
1449.77	-2.47333
1452.47	23.4881
1455.16	15.4495
1457.86	1.41065
1460.56	7.37172
1463.25	-0.667337
1465.94	11.2935
1468.64	11.2542
1471.33	5.21477
1474.02	11.1752
1476.71	15.1355
1479.4	-2.90432
1482.09	33.0557
1484.77	23.0157
1487.46	16.9755
1490.14	14.9352
1492.83	20.8947
1495.51	-9.14589
1498.19	6.81339
1500.87	14.7726
1503.55	8.73159
1506.23	4.69047
1508.91	26.6493
1511.59	14.6079
1514.27	26.5664
1516.94	0.524785
1519.62	6.48301
1522.29	8.44113
1524.96	4.39912
1527.63	22.357
1530.3	0.314705
1532.97	24.2723
1535.64	0.229752
1538.31	6.18708
1540.98	-9.85571
1543.64	0.101348
1546.31	24.0583
1548.97	14.0151
1551.63	21.9718
1554.3	25.9283
1556.96	25.8847
1559.62	15.841
1562.28	17.7971
1564.94	9.75312
1567.59	5.70899
1570.25	-0.335271
1572.9	29.6203
1575.56	5.57579
1578.21	7.53115
1580.86	5.48634
1583.52	27.4414
1586.17	17.3963
1588.82	9.35112
1591.47	27.3058
1594.11	21.2603
1596.76	1.21473
1599.41	17.169
1602.05	9.12311
1604.69	21.0771
1607.34	5.03094
1609.98	16.9847
1612.62	14.9382
1615.26	-1.10834
1617.9	14.845
1620.54	20.7981
1623.18	16.7512
1625.81	0.704058
1628.45	18.6568
1631.08	-3.39054
1633.72	30.5619
1636.35	34.5143
1638.98	4.4665
1641.61	4.41857
1644.24	2.3705
1646.87	20.3223
1649.5	-1.72607
1652.13	-9.77453
1654.75	12.1768
1657.38	10.1281
1660	8.07918
1662.63	26.0302
1665.25	15.981
1667.87	29.9316
1670.49	-2.11781
1673.11	7.8326
1675.73	9.78286
1678.35	7.73299
1680.96	9.68297
1683.58	23.6328
1686.19	-2.41747
1688.81	5.53208
1691.42	13.4815
1694.03	9.43079
1696.64	7.37994
1699.25	19.329
1701.87	11.2778
1704.47	9.22651
1707.08	23.1751
1709.69	19.1235
1712.29	3.07182
1714.9	17.02
1717.5	12.968
1720.1	12.9159
1722.71	6.86358
1725.31	10.8112
1727.91	0.758607
1730.51	10.7059
1733.1	14.6531
1735.7	10.6001
1738.3	6.54695
1740.89	16.4937
1743.49	12.4403
1746.08	8.3867
1748.67	16.333
1751.26	-7.72082
1753.86	22.2252
1756.45	4.17103
1759.03	4.11677
1761.62	16.0623
1764.21	8.00778
1766.8	5.95308
1769.38	1.89823
1771.97	21.8432
1774.55	3.78806
1777.13	-12.2672
1779.71	15.6773
1782.29	3.62178
1784.87	11.5661
1787.45	13.5102
1790.03	-0.545823
1792.61	31.398
1795.18	27.3417
1797.76	13.2852
1800.33	13.2286
1802.9	11.1719
1805.48	13.115
1808.05	13.058
1810.62	7.0008
1813.19	8.94347
1815.76	8.88598
1818.33	-11.1717
1820.89	22.7706
1823.46	14.7127
1826.02	16.6546
1828.59	0.596386
1831.15	20.538
1833.71	14.4795
1836.27	22.4209
1838.84	6.36206
1841.39	-1.69689
1843.95	8.24401
1846.51	6.18475
1849.07	26.1254
1851.62	22.0658
1854.18	6.00613
1856.73	1.94631
1859.29	11.8863
1861.84	9.82618
1864.39	7.76591
1866.94	21.7054
1869.49	-0.355139
1872.04	-4.41587
1874.59	1.52325
1877.13	13.4622
1879.68	11.4011
1882.22	1.33972
1884.77	3.27823
1887.31	5.21662
1889.85	17.1548
1892.39	17.0929
1894.93	15.0308
1897.47	26.9686
1900.01	20.9062
1902.55	24.8437
1905.09	2.781
1907.62	10.7182
1910.16	12.6552
1912.69	6.59208
1915.22	12.5288
1917.76	2.46537
1920.29	2.40176
1922.82	10.338
1925.35	18.2741
1927.88	-3.7899
1930.4	26.1459
1932.93	0.0815763
1935.46	0.017082
1937.98	3.95243
1940.51	5.88763
1943.03	-6.17733
1945.55	3.7576
1948.07	21.6923
1950.59	3.62694
1953.11	9.56136
1955.63	3.49566
1958.15	11.4298
1960.67	7.3638
1963.18	1.29764
1965.7	-4.76868
1968.21	-12.8352
1970.73	-2.90179
1973.24	7.03141
1975.75	2.96452
1978.26	-1.10259
1980.77	8.83019
1983.28	0.762773
1985.79	2.69524
1988.29	0.627556
1990.8	6.55966
1993.31	16.4917
1995.81	8.4235
1998.31	8.35523
