100.093	34.234
103.274	16.1165
106.457	15.9996
109.636	25.8836
112.817	15.7684
115.994	15.654
119.172	19.5403
122.347	13.4274
125.521	21.3154
128.696	29.204
131.868	33.0934
135.039	20.9837
138.209	22.8747
141.379	6.76633
144.547	18.6588
147.713	12.5521
150.879	30.4461
154.043	24.3408
157.206	28.2363
160.368	18.1325
163.529	22.0294
166.689	17.9271
169.848	9.82551
173.006	-4.27537
176.163	21.6245
179.316	17.5251
182.471	1.42638
185.625	21.3284
188.777	31.2311
191.927	17.1345
195.077	21.0386
198.224	28.9435
201.372	2.84898
204.52	4.75516
207.664	12.6621
210.809	30.5696
213.95	20.4779
217.091	20.3869
220.233	18.2965
223.372	20.2068
226.509	22.1178
229.648	26.0294
232.784	1.94174
235.918	15.8547
239.051	7.76834
242.186	25.6826
245.317	11.5975
248.447	5.51309
251.577	19.4293
254.705	25.3462
257.832	15.2637
260.958	15.1818
264.083	7.10058
267.204	9.02003
270.327	-7.05995
273.449	24.8607
276.57	4.78195
279.69	14.7038
282.806	4.62636
285.924	16.5495
289.04	20.4732
292.154	10.3975
295.268	22.3224
298.379	8.24798
301.492	20.1741
304.601	2.10081
307.711	-7.97191
310.818	-6.044
313.924	-2.11551
317.031	5.81352
320.135	1.74316
323.238	-2.32662
326.34	15.6042
329.443	-0.464519
332.543	23.4674
335.642	13.3999
338.74	21.3329
341.836	27.2665
344.932	35.2007
348.027	11.1354
351.12	23.0706
354.213	23.0064
357.302	8.94275
360.393	2.87961
363.482	-3.183
366.57	12.7549
369.656	16.6934
372.742	14.6324
375.827	14.5719
378.91	12.512
381.993	18.4525
385.073	12.3936
388.154	16.3352
391.232	22.2773
394.311	32.2199
397.387	20.163
400.462	8.10663
403.536	20.0507
406.611	21.9953
409.683	1.94042
412.754	5.88602
415.824	7.83209
418.893	9.77865
421.961	19.7257
425.027	17.6732
428.093	1.6212
431.158	3.56966
434.222	13.5186
437.284	-2.53201
440.346	1.41785
443.407	17.3682
446.464	15.319
449.523	-0.729784
452.581	3.2219
455.635	1.17407
458.691	23.1266
461.743	1.0797
464.797	3.03317
467.847	-3.0129
470.899	-7.05856
473.947	6.89624
476.994	20.8515
480.043	28.8071
483.088	-5.23681
486.133	-3.2803
489.176	18.6766
492.22	20.6339
495.262	2.59169
498.302	22.5499
501.341	30.5084
504.38	12.4674
507.417	8.42679
510.453	6.38657
513.487	2.34678
516.521	6.30736
519.554	2.26832
522.586	-1.77032
525.616	10.1915
528.646	8.15358
531.675	0.116093
534.701	10.079
537.729	26.0423
540.753	4.00594
543.778	17.97
546.8	-4.06564
549.821	5.89913
552.844	11.8642
555.863	5.82974
558.881	19.7956
561.898	1.7618
564.916	7.72835
567.932	1.69526
570.946	17.6625
573.959	-0.369871
576.971	11.5981
579.982	-2.43363
582.993	9.535
586	17.504
589.008	3.47328
592.015	15.4429
595.022	13.4129
598.025	5.38316
601.029	5.35377
604.032	9.32469
607.033	11.2959
610.034	5.26751
613.032	9.23939
616.032	5.21157
619.028	7.18408
622.023	-0.843111
625.018	1.13
628.013	27.1034
631.005	5.07711
633.997	-2.94888
636.987	15.0254
639.977	11
642.965	-1.02512
645.952	0.950047
648.939	20.9255
651.924	2.90122
654.909	8.87723
657.892	-1.14649
660.873	4.83008
663.854	16.8069
666.835	-1.216
669.813	12.7614
672.791	4.739
675.767	20.7169
678.743	-3.30495
681.717	6.67346
684.692	22.6521
687.664	0.631042
690.634	6.61021
693.606	-1.41038
696.575	8.56928
699.543	4.54919
702.51	0.529336
705.475	8.50972
708.44	14.4903
711.404	10.4712
714.367	4.45227
717.329	12.4336
720.29	22.4151
723.25	-5.60312
726.207	12.3789
729.166	-3.63892
732.123	18.3435
735.077	8.32615
738.032	32.309
740.984	0.292058
743.938	4.27532
746.888	12.2588
749.839	-5.75753
752.788	10.2264
755.735	8.21044
758.682	12.1947
761.627	22.1792
764.574	24.1638
767.517	14.1487
770.46	4.13374
773.402	2.11897
776.342	30.1044
779.282	30.09
782.219	2.07574
785.157	4.06169
788.094	18.0478
791.029	10.0341
793.962	-3.97944
796.896	-1.99281
799.828	3.99399
802.76	17.9809
805.689	9.96807
808.619	9.95534
811.546	11.9428
814.473	23.9304
817.4	15.9181
820.324	7.906
823.248	9.89404
826.17	9.88223
829.092	23.8706
832.012	3.85904
834.932	13.8476
837.851	15.8364
840.768	21.8253
843.685	23.8143
846.599	13.8034
849.514	1.79272
852.428	13.7821
855.339	15.7717
858.251	11.7613
861.16	11.7511
864.07	19.741
866.978	-0.269035
869.884	13.7211
872.792	13.7113
875.696	11.7017
878.599	29.6921
881.502	5.68265
884.404	9.67331
887.304	29.6641
890.204	11.6549
893.103	5.64588
896.001	15.6369
898.898	13.6281
901.794	17.6193
904.689	11.6106
907.581	15.602
910.474	21.5935
913.364	9.58512
916.256	1.57678
919.144	11.5685
922.034	17.5603
924.92	13.5522
927.808	3.54418
930.693	15.5362
933.576	13.5283
936.459	21.5205
939.341	5.51273
942.222	13.505
945.102	5.49738
947.981	11.4898
950.859	7.48227
953.737	5.4748
956.613	-2.53262
959.488	3.46002
962.361	1.4527
965.235	-4.55457
968.105	7.43821
970.977	9.43102
973.846	-4.57612
976.716	1.41678
979.583	17.4097
982.449	1.40269
985.316	-10.6043
988.18	11.3887
991.043	5.38179
993.906	11.3749
996.767	9.36801
999.628	13.3612
1002.49	15.3543
1005.35	13.3475
1008.2	19.3407
1011.06	13.3339
1013.91	19.3272
1016.77	19.3204
1019.62	11.3137
1022.48	13.3069
1025.33	23.3002
1028.18	-0.706512
1031.03	19.2868
1033.87	7.28006
1036.72	19.2733
1039.57	19.2666
1042.41	21.2599
1045.26	1.25317
1048.1	11.2464
1050.94	7.23968
1053.78	27.2329
1056.62	15.2262
1059.46	11.2194
1062.3	7.21256
1065.14	9.20574
1067.97	5.19889
1070.81	7.19203
1073.64	11.1851
1076.47	19.1782
1079.31	3.17127
1082.14	3.1643
1084.97	11.1573
1087.8	11.1503
1090.63	17.1432
1093.45	-10.8639
1096.28	11.1289
1099.1	13.1217
1101.93	17.1145
1104.75	9.10723
1107.57	13.0999
1110.39	5.09253
1113.21	-6.91488
1116.03	21.0777
1118.85	9.07013
1121.66	-6.93745
1124.48	3.05492
1127.3	11.0472
1130.11	9.03948
1132.92	11.0317
1135.73	15.0238
1138.54	-4.98414
1141.35	17.0079
1144.16	0.999782
1146.97	-3.00836
1149.78	24.9834
1152.58	38.9751
1155.39	18.9668
1158.19	20.9583
1161	14.9498
1163.8	2.94123
1166.6	8.93255
1169.4	8.92378
1172.2	16.9149
1174.99	14.906
1177.79	10.897
1180.59	-7.11213
1183.38	0.87867
1186.17	2.86937
1188.97	10.86
1191.76	8.85049
1194.55	2.8409
1197.34	20.8312
1200.13	10.8214
1202.92	20.8115
1205.7	-1.19846
1208.49	2.79144
1211.27	10.7812
1214.06	12.7709
1216.84	8.76047
1219.62	22.7499
1222.4	6.73927
1225.18	-5.2715
1227.96	8.71761
1230.74	-5.29341
1233.51	8.69546
1236.29	8.6842
1239.06	20.6728
1241.84	8.66132
1244.61	14.6497
1247.38	20.6379
1250.15	16.626
1252.92	-7.38599
1255.69	18.6019
1258.46	10.5896
1261.23	24.5771
1263.99	4.56457
1266.76	16.5519
1269.52	26.539
1272.28	6.52603
1275.05	8.51289
1277.81	24.4996
1280.57	8.48619
1283.33	8.47261
1286.08	18.4589
1288.84	16.445
1291.6	10.431
1294.35	22.4168
1297.11	6.40245
1299.86	6.38794
1302.61	2.37328
1305.36	32.3585
1308.11	22.3435
1310.86	8.32832
1313.61	10.313
1316.36	14.2975
1319.1	24.2819
1321.85	12.2661
1324.59	-1.74993
1327.33	6.23391
1330.08	14.2176
1332.82	18.2011
1335.56	12.1844
1338.3	20.1675
1341.04	10.1504
1343.77	22.1332
1346.51	16.1158
1349.25	2.0982
1351.98	4.08042
1354.71	12.0624
1357.45	8.04428
1360.18	0.0259362
1362.91	6.00738
1365.64	7.98865
1368.37	1.96972
1371.09	13.9506
1373.82	11.9313
1376.54	23.9118
1379.27	7.89203
1381.99	7.8721
1384.72	17.852
1387.44	1.83164
1390.16	19.8111
1392.88	7.79036
1395.6	15.7694
1398.31	1.74824
1401.03	13.7269
1403.75	-0.294717
1406.46	7.68347
1409.18	7.66145
1411.89	5.63922
1414.6	17.6168
1417.31	11.5941
1420.02	-0.428792
1422.73	-0.451912
1425.44	21.5247
1428.15	15.5012
1430.85	31.4774
1433.56	23.4534
1436.26	3.42912
1438.97	17.4047
1441.67	13.3799
1444.37	5.35501
1447.07	-0.670165
1449.77	17.3044
1452.47	9.27877
1455.16	13.2529
1457.86	17.2268
1460.56	-2.79962
1463.25	15.1738
1465.94	-0.853073
1468.64	25.1198
1471.33	17.0925
1474.02	15.0649
1476.71	21.037
1479.4	9.00894
1482.09	-5.01939
1484.77	16.952
1487.46	6.92317
1490.14	-3.10594
1492.83	26.8647
1495.51	12.8351
1498.19	16.8052
1500.87	2.77508
1503.55	26.7447
1506.23	0.714004
1508.91	16.6831
1511.59	10.6519
1514.27	4.62044
1516.94	12.5887
1519.62	-5.44329
1522.29	24.5244
1524.96	20.4919
1527.63	8.45911
1530.3	14.426
1532.97	14.3927
1535.64	0.359025
1538.31	18.3251
1540.98	12.2909
1543.64	32.2565
1546.31	14.2217
1548.97	12.1867
1551.63	8.15136
1554.3	0.115738
1556.96	4.07986
1559.62	12.0437
1562.28	28.0072
1564.94	19.9705
1567.59	7.93342
1570.25	21.8961
1572.9	3.85845
1575.56	19.8205
1578.21	7.78231
1580.86	1.74378
1583.52	-0.295046
1586.17	19.6659
1588.82	21.6264
1591.47	13.5867
1594.11	9.5467
1596.76	7.50638
1599.41	13.4658
1602.05	13.4248
1604.69	9.38358
1607.34	19.342
1609.98	9.30016
1612.62	31.258
1615.26	29.2155
1617.9	15.1727
1620.54	1.1296
1623.18	3.08619
1625.81	5.04243
1628.45	8.99838
1631.08	8.95401
1633.72	10.9093
1636.35	0.864304
1638.98	-1.18104
1641.61	28.7733
1644.24	12.7273
1646.87	26.681
1649.5	14.6343
1652.13	4.5874
1654.75	8.5401
1657.38	6.49249
1660	6.44452
1662.63	24.3962
1665.25	10.3476
1667.87	10.2987
1670.49	4.24937
1673.11	-7.80025
1675.73	22.1498
1678.35	-1.90051
1680.96	24.0488
1683.58	5.99789
1686.19	-10.0534
1688.81	31.8949
1691.42	17.8429
1694.03	17.7905
1696.64	7.73784
1699.25	11.6848
1701.87	9.63139
1704.47	27.5777
1707.08	15.5236
1709.69	9.46913
1712.29	13.4143
1714.9	1.35919
1717.5	9.30372
1720.1	7.24785
1722.71	-10.8084
1725.31	-0.864921
1727.91	19.0781
1730.51	13.0209
1733.1	18.9632
1735.7	6.9052
1738.3	10.8468
1740.89	4.78811
1743.49	12.729
1746.08	14.6696
1748.67	10.6097
1751.26	16.5496
1753.86	16.489
1756.45	2.42804
1759.03	14.3668
1761.62	2.30507
1764.21	14.243
1766.8	12.1806
1769.38	20.1179
1771.97	22.0547
1774.55	17.9911
1777.13	9.92721
1779.71	1.86291
1782.29	7.79827
1784.87	7.73321
1787.45	33.6678
1790.03	1.60197
1792.61	19.5358
1795.18	23.4692
1797.76	11.4022
1800.33	5.33486
1802.9	13.2671
1805.48	7.19901
1808.05	-0.8695
1810.62	9.06159
1813.19	10.9923
1815.76	14.9226
1818.33	22.8525
1820.89	10.782
1823.46	14.7112
1826.02	4.63991
1828.59	16.5683
1831.15	8.49625
1833.71	16.4238
1836.27	-3.64908
1838.84	18.2777
1841.39	8.20404
1843.95	12.13
1846.51	14.0555
1849.07	-4.01928
1851.62	13.9055
1854.18	1.82977
1856.73	13.7537
1859.29	9.67724
1861.84	-4.39962
1864.39	-0.476895
1866.94	11.4454
1869.49	19.3673
1872.04	15.2888
1874.59	19.2098
1877.13	-14.8695
1879.68	-6.94923
1882.22	8.97058
1884.77	8.88998
1887.31	-1.19099
1889.85	4.72756
1892.39	26.6458
1894.93	24.5635
1897.47	24.4808
1900.01	2.39772
1902.55	4.31421
1905.09	14.2303
1907.62	22.1459
1910.16	4.06117
1912.69	19.9759
1915.22	7.8903
1917.76	3.80427
1920.29	5.71775
1922.82	1.63087
1925.35	-0.456513
1927.88	19.4557
1930.4	-2.63246
1932.93	9.27891
1935.46	25.1898
1937.98	5.10034
1940.51	11.0104
1943.03	2.92002
1945.55	10.8293
1948.07	-5.262
1950.59	20.6464
1953.11	22.5542
1955.63	2.46169
1958.15	-3.63129
1960.67	8.2753
1963.18	22.1814
1965.7	12.0871
1968.21	9.99237
1970.73	3.89716
1973.24	29.8015
1975.75	11.7055
1978.26	23.6089
1980.77	-0.488029
1983.28	5.41451
1985.79	33.3167
1988.29	1.21836
1990.8	5.11954
1993.31	3.02032
1995.81	12.9207
1998.31	6.8206
