100.093	22.1775
103.274	30.2483
106.457	10.3189
109.636	26.389
112.817	12.4589
115.994	20.5283
119.172	6.59747
122.347	14.6662
125.521	14.7346
128.696	18.8027
131.868	0.870452
135.039	4.93782
138.209	5.00486
141.379	1.07159
144.547	15.1379
147.713	13.2039
150.879	11.2696
154.043	5.33494
157.206	15.3999
160.368	11.4646
163.529	7.52891
166.689	19.5929
169.848	-12.3434
173.006	5.71988
176.163	1.78287
179.316	9.84549
182.471	7.90782
185.625	3.96983
188.777	4.0315
191.927	-1.90719
195.077	22.1538
198.224	-1.7855
201.372	8.27487
204.52	36.3349
207.664	14.3946
210.809	16.454
213.95	8.51308
217.091	12.5718
220.233	-1.36973
223.372	2.68837
226.509	10.7462
229.648	8.80366
232.784	4.86082
235.918	0.917657
239.051	28.9742
242.186	9.03044
245.317	7.08635
248.447	-8.85805
251.577	13.1972
254.705	7.25222
257.832	15.3069
260.958	7.36127
264.083	19.4153
267.204	15.4691
270.327	5.52252
273.449	11.5757
276.57	19.6285
279.69	11.6811
282.806	13.7333
285.924	25.7853
289.04	11.8369
292.154	-2.11174
295.268	15.9393
298.379	9.99007
301.492	10.0405
304.601	24.0907
307.711	6.1406
310.818	2.19017
313.924	10.2394
317.031	16.2885
320.135	16.3372
323.238	2.38559
326.34	14.4337
329.443	-1.5184
332.543	6.52916
335.642	18.5764
338.74	22.6234
341.836	14.6701
344.932	10.7166
348.027	6.76271
351.12	6.80858
354.213	22.8542
357.302	16.8995
360.393	22.9445
363.482	6.98925
366.57	1.03374
369.656	17.0779
372.742	9.12185
375.827	9.16552
378.91	15.2089
381.993	9.252
385.073	11.2948
388.154	11.3374
391.232	3.3797
394.311	21.4217
397.387	11.4635
400.462	11.505
403.536	7.54621
406.611	5.58719
409.683	29.6279
412.754	13.6683
415.824	-8.29151
418.893	1.74841
421.961	5.78806
425.027	11.8275
428.093	-6.13341
431.158	7.90546
434.222	1.94409
437.284	7.98245
440.346	-1.97944
443.407	12.0584
446.464	6.096
449.523	0.133355
452.581	-1.82954
455.635	14.2073
458.691	24.2439
461.743	14.2802
464.797	6.31632
467.847	14.3521
470.899	22.3878
473.947	10.4231
476.994	-3.5418
480.043	8.49308
483.088	10.5277
486.133	2.56205
489.176	10.5962
492.22	0.630088
495.262	14.6637
498.302	6.69714
501.341	22.7303
504.38	8.76324
507.417	18.7959
510.453	-5.17161
513.487	2.8606
516.521	10.8926
519.554	6.92434
522.586	-1.04413
525.616	-7.01286
528.646	-0.981801
531.675	11.049
534.701	7.07961
537.729	1.10998
540.753	7.14011
543.778	13.17
546.8	1.1997
549.821	7.22914
552.844	9.25838
555.863	3.28738
558.881	17.3162
561.898	-4.65529
564.916	3.37306
567.932	11.4012
570.946	9.42905
573.959	27.4567
576.971	7.48418
579.982	19.5114
582.993	17.5384
586	13.5652
589.008	5.5918
592.015	-0.381832
595.022	1.64433
598.025	15.6703
601.029	7.69598
604.032	7.7215
607.033	9.74679
610.034	-0.228106
613.032	1.79677
616.032	19.8214
619.028	9.8459
622.023	5.87015
625.018	-2.1058
628.013	1.91805
631.005	-4.05832
633.997	3.96511
636.987	15.9883
639.977	2.01136
642.965	14.0342
645.952	4.0568
648.939	24.0792
651.924	28.1014
654.909	-5.87654
657.892	8.14529
660.873	-3.8331
663.854	12.1883
666.835	0.209559
669.813	8.23058
672.791	16.2514
675.767	2.27206
678.743	6.29252
681.717	-5.68723
684.692	4.33284
687.664	6.35271
690.634	14.3724
693.606	10.3919
696.575	12.4112
699.543	14.4303
702.51	8.44922
705.475	12.468
708.44	6.48651
711.404	10.5049
714.367	16.5231
717.329	16.5411
720.29	20.5589
723.25	22.5765
726.207	18.594
729.166	12.6112
732.123	18.6283
735.077	0.645212
738.032	0.661944
740.984	-3.32151
743.938	6.69486
746.888	2.71105
749.839	2.72708
752.788	10.7429
755.735	16.7586
758.682	-3.22593
761.627	18.7894
764.574	-1.19546
767.517	14.8195
770.46	10.8343
773.402	4.84894
776.342	16.8634
779.282	16.8777
782.219	10.8918
785.157	14.9058
788.094	6.91955
791.029	6.93317
793.962	2.94662
796.896	18.9599
799.828	14.973
802.76	16.986
805.689	20.9988
808.619	17.0114
811.546	5.02389
814.473	9.03619
817.4	23.0483
820.324	17.0603
823.248	9.07216
826.17	19.0838
829.092	19.0953
832.012	5.10669
834.932	15.1179
837.851	7.12893
840.768	9.13982
843.685	25.1506
846.599	9.16112
849.514	9.17155
852.428	5.18182
855.339	17.1919
858.251	13.2019
861.16	21.2117
864.07	17.2214
866.978	15.2309
869.884	15.2403
872.792	23.2495
875.696	1.25857
878.599	15.2675
881.502	3.27627
884.404	15.2849
887.304	23.2934
890.204	13.3017
893.103	17.3099
896.001	25.318
898.898	15.3259
901.794	3.33368
904.689	17.3413
907.581	7.3488
910.474	7.35615
913.364	9.36336
916.256	11.3704
919.144	17.3774
922.034	11.3842
924.92	3.39083
927.808	19.3974
930.693	15.4037
933.576	15.41
936.459	3.41612
939.341	7.42211
942.222	21.428
945.102	9.43369
947.981	15.4393
950.859	21.4447
953.737	-0.549937
956.613	7.45526
959.488	15.4603
962.361	15.4653
965.235	15.4701
968.105	-2.52523
970.977	15.4793
973.846	1.48375
976.716	21.4881
979.583	5.49224
982.449	7.4963
985.316	19.5002
988.18	-2.49596
991.043	7.50773
993.906	9.51129
996.767	-0.485267
999.628	-0.481944
1002.49	3.52126
1005.35	7.52434
1008.2	11.5273
1011.06	3.53015
1013.91	13.5329
1016.77	7.53549
1019.62	9.53798
1022.48	1.54035
1025.33	21.5426
1028.18	5.54476
1031.03	23.5468
1033.87	11.5487
1036.72	17.5505
1039.57	7.55221
1042.41	-4.44621
1045.26	13.5553
1048.1	11.5566
1050.94	11.5579
1053.78	11.559
1056.62	7.56003
1059.46	11.561
1062.3	-2.43823
1065.14	7.56247
1067.97	1.56307
1070.81	5.56356
1073.64	21.5639
1076.47	7.56423
1079.31	11.5644
1082.14	7.56448
1084.97	5.56445
1087.8	-2.43568
1090.63	9.56408
1093.45	15.5637
1096.28	23.5633
1099.1	1.56277
1101.93	9.56213
1104.75	13.5614
1107.57	5.56055
1110.39	17.5596
1113.21	-2.44142
1116.03	15.5574
1118.85	13.5562
1121.66	5.5549
1124.48	5.55348
1127.3	7.55196
1130.11	21.5504
1132.92	7.54865
1135.73	13.5469
1138.54	-0.455036
1141.35	-2.45702
1144.16	9.54091
1146.97	27.5387
1149.78	-0.463514
1152.58	15.5341
1155.39	11.5317
1158.19	1.52918
1161	13.5266
1163.8	31.5239
1166.6	1.52108
1169.4	15.5182
1172.2	9.51524
1174.99	7.51219
1177.79	11.5091
1180.59	11.5058
1183.38	11.5025
1186.17	1.49915
1188.97	11.4957
1191.76	13.4921
1194.55	-6.51151
1197.34	3.48478
1200.13	5.48098
1202.92	21.4771
1205.7	11.4731
1208.49	5.46911
1211.27	17.465
1214.06	15.4608
1216.84	15.4565
1219.62	17.4522
1222.4	7.44774
1225.18	1.44324
1227.96	11.4387
1230.74	15.434
1233.51	19.4293
1236.29	13.4245
1239.06	17.4196
1241.84	-2.58537
1244.61	-0.590396
1247.38	9.4045
1250.15	3.39934
1252.92	9.39409
1255.69	-4.61122
1258.46	17.3834
1261.23	7.37795
1263.99	7.37242
1266.76	21.3668
1269.52	7.36117
1272.28	11.3554
1275.05	3.34965
1277.81	-2.65621
1280.57	11.3379
1283.33	1.33186
1286.08	11.3258
1288.84	11.3197
1291.6	9.31349
1294.35	1.30723
1297.11	11.3009
1299.86	13.2945
1302.61	11.2881
1305.36	1.28159
1308.11	19.275
1310.86	11.2684
1313.61	9.26171
1316.36	23.255
1319.1	15.2482
1321.85	1.24129
1324.59	15.2344
1327.33	15.2274
1330.08	3.22034
1332.82	1.21324
1335.56	5.20609
1338.3	13.1989
1341.04	3.19161
1343.77	1.18428
1346.51	3.17691
1349.25	7.16948
1351.98	27.162
1354.71	1.15445
1357.45	21.1469
1360.18	3.13921
1362.91	11.1315
1365.64	7.12376
1368.37	9.11596
1371.09	3.10811
1373.82	9.10021
1376.54	-0.907733
1379.27	19.0843
1381.99	17.0762
1384.72	11.0681
1387.44	1.05997
1390.16	-0.94822
1392.88	7.04354
1395.6	9.03525
1398.31	11.0269
1401.03	1.01855
1403.75	19.0101
1406.46	15.0017
1409.18	16.9931
1411.89	12.9846
1414.6	-1.02402
1417.31	6.96735
1420.02	-1.04134
1422.73	-1.05007
1425.44	-5.05884
1428.15	4.93235
1430.85	10.9235
1433.56	14.9146
1436.26	4.90568
1438.97	0.896711
1441.67	14.8877
1444.37	12.8787
1447.07	-7.13043
1449.77	2.86045
1452.47	24.8513
1455.16	14.8421
1457.86	-3.16715
1460.56	12.8236
1463.25	6.81428
1465.94	0.80494
1468.64	0.795563
1471.33	4.78616
1474.02	12.7767
1476.71	16.7672
1479.4	12.7577
1482.09	-3.25182
1484.77	10.7386
1487.46	10.729
1490.14	2.71937
1492.83	12.7097
1495.51	6.7
1498.19	-11.3097
1500.87	4.68052
1503.55	2.67073
1506.23	-5.33909
1508.91	16.6511
1511.59	4.6412
1514.27	6.6313
1516.94	8.62138
1519.62	12.6114
1522.29	4.60144
1524.96	-3.40856
1527.63	8.58141
1530.3	12.5714
1532.97	-3.43872
1535.64	6.55117
1538.31	12.541
1540.98	8.5309
1543.64	14.5207
1546.31	8.51053
1548.97	8.50031
1551.63	8.49007
1554.3	14.4798
1556.96	4.46952
1559.62	24.4592
1562.28	2.4489
1564.94	4.43856
1567.59	-1.5718
1570.25	12.4178
1572.9	4.40741
1575.56	2.397
1578.21	12.3866
1580.86	26.3761
1583.52	-3.63436
1586.17	4.35515
1588.82	16.3446
1591.47	10.3341
1594.11	8.3236
1596.76	8.31306
1599.41	8.30249
1602.05	22.2919
1604.69	-3.71867
1607.34	12.2707
1609.98	-1.7399
1612.62	8.24947
1615.26	2.23883
1617.9	22.2282
1620.54	14.2175
1623.18	16.2068
1625.81	12.1961
1628.45	-1.81455
1631.08	10.1747
1633.72	12.164
1636.35	-1.8467
1638.98	4.14256
1641.61	6.13182
1644.24	8.12107
1646.87	8.1103
1649.5	2.09953
1652.13	0.0887654
1654.75	6.07798
1657.38	6.0672
1660	10.0564
1662.63	20.0456
1665.25	10.0348
1667.87	20.024
1670.49	4.01318
1673.11	12.0024
1675.73	7.99154
1678.35	9.98072
1680.96	-2.03011
1683.58	1.95907
1686.19	-0.0517675
1688.81	17.9374
1691.42	11.9266
1694.03	1.91573
1696.64	9.90489
1699.25	7.89406
1701.87	17.8832
1704.47	3.87238
1707.08	11.8615
1709.69	-2.14929
1712.29	5.83988
1714.9	-0.170956
1717.5	5.81822
1720.1	9.80739
1722.71	13.7966
1725.31	-0.214254
1727.91	7.77492
1730.51	7.76411
1733.1	5.75331
1735.7	15.7425
1738.3	-0.268303
1740.89	19.7209
1743.49	3.71011
1746.08	17.6993
1748.67	-2.31145
1751.26	11.6778
1753.86	9.66702
1756.45	11.6563
1759.03	5.64552
1761.62	9.63477
1764.21	27.624
1766.8	9.61332
1769.38	17.6026
1771.97	9.5919
1774.55	9.5812
1777.13	-0.429481
1779.71	1.55984
1782.29	17.5492
1784.87	25.5385
1787.45	9.52789
1790.03	-0.48274
1792.61	7.50664
1795.18	-8.50396
1797.76	7.48544
1800.33	-0.525139
1802.9	9.4643
1805.48	1.45374
1808.05	-2.55679
1810.62	19.4327
1813.19	5.42217
1815.76	9.41167
1818.33	11.4012
1820.89	5.39073
1823.46	9.38028
1826.02	25.3698
1828.59	21.3594
1831.15	11.349
1833.71	9.33865
1836.27	-0.671709
1838.84	3.31795
1841.39	3.30762
1843.95	19.2973
1846.51	11.287
1849.07	19.2768
1851.62	7.2665
1854.18	17.2563
1856.73	21.2461
1859.29	13.2359
1861.84	19.2257
1864.39	-0.78445
1866.94	13.2054
1869.49	3.19531
1872.04	15.1852
1874.59	13.1752
1877.13	5.16513
1879.68	1.15512
1882.22	13.1451
1884.77	3.13515
1887.31	3.12521
1889.85	3.11528
1892.39	17.1054
1894.93	11.0955
1897.47	9.08567
1900.01	-8.92415
1902.55	7.06605
1905.09	15.0563
1907.62	15.0465
1910.16	3.03682
1912.69	7.02713
1915.22	1.01747
1917.76	13.0078
1920.29	2.99822
1922.82	-1.01135
1925.35	0.97909
1927.88	8.96957
1930.4	10.9601
1932.93	0.950611
1935.46	8.94118
1937.98	2.93177
1940.51	14.9224
1943.03	6.91305
1945.55	8.90374
1948.07	4.89445
1950.59	-1.1148
1953.11	16.876
1955.63	-3.13321
1958.15	12.8576
1960.67	14.8485
1963.18	16.8394
1965.7	2.83036
1968.21	0.821337
1970.73	20.8123
1973.24	-3.19662
1975.75	0.794466
1978.26	4.78557
1980.77	6.77672
1983.28	6.7679
1985.79	20.7591
1988.29	-1.24963
1990.8	16.7417
1993.31	-7.26702
1995.81	16.7243
1998.31	2.71574
