100.093	21.1734
103.274	11.2288
106.457	11.2842
109.636	9.33921
112.817	33.3941
115.994	3.44867
119.172	15.5031
122.347	13.5573
125.521	23.6112
128.696	7.66495
131.868	21.7185
135.039	17.7717
138.209	7.8248
141.379	17.8777
144.547	-0.0696915
147.713	-0.0172797
150.879	6.03492
154.043	12.0869
157.206	10.1387
160.368	14.1902
163.529	10.2415
166.689	0.292668
169.848	14.3436
173.006	20.3943
176.163	12.4448
179.316	2.495
182.471	30.5451
185.625	14.5949
188.777	24.6446
191.927	14.694
195.077	12.7432
198.224	-5.20784
201.372	20.841
204.52	0.889574
207.664	8.93794
210.809	0.986125
213.95	23.0341
217.091	17.0818
220.233	13.1294
223.372	13.1767
226.509	19.2239
229.648	13.2708
232.784	3.31756
235.918	19.3641
239.051	-4.58959
242.186	7.45657
245.317	-0.497507
248.447	13.5482
251.577	-0.406256
254.705	11.6391
257.832	11.6842
260.958	15.7291
264.083	1.77387
267.204	9.81837
270.327	7.86271
273.449	11.9069
276.57	11.9508
279.69	31.9946
282.806	16.0381
285.924	10.0815
289.04	14.1246
292.154	-1.8324
295.268	6.21039
298.379	10.253
301.492	10.2954
304.601	2.33755
307.711	18.3796
310.818	10.4214
313.924	12.463
317.031	-3.49553
320.135	18.5457
323.238	16.5868
326.34	14.6276
329.443	2.66834
332.543	4.70884
335.642	2.74915
338.74	0.789278
341.836	20.8292
344.932	-3.13102
348.027	10.9085
351.12	6.94794
354.213	8.98715
357.302	5.02615
360.393	5.06499
363.482	19.1037
366.57	11.1421
369.656	-2.81959
372.742	-6.78147
375.827	9.25648
378.91	9.29422
381.993	7.3318
385.073	3.36919
388.154	11.4064
391.232	3.44344
394.311	9.48032
397.387	11.517
400.462	13.5535
403.536	15.5898
406.611	-6.374
409.683	-2.33802
412.754	5.69779
415.824	15.7334
418.893	7.76888
421.961	5.80417
425.027	15.8393
428.093	27.8742
431.158	23.909
434.222	3.94361
437.284	1.97804
440.346	8.01231
443.407	24.0464
446.464	6.08031
449.523	6.11407
452.581	10.1477
455.635	6.18107
458.691	10.2143
461.743	10.2474
464.797	14.2803
467.847	4.31307
470.899	16.3457
473.947	12.3781
476.994	16.4103
480.043	0.442434
483.088	2.47436
486.133	14.5061
489.176	16.5377
492.22	4.56918
495.262	10.6005
498.302	10.6316
501.341	12.6625
504.38	6.69332
507.417	4.72396
510.453	-7.24556
513.487	2.78474
516.521	14.8149
519.554	0.844905
522.586	0.874754
525.616	24.9044
528.646	-1.06604
531.675	2.96334
534.701	4.99255
537.729	17.0216
540.753	1.05052
543.778	-14.9207
546.8	11.1079
549.821	9.1363
552.844	9.16461
555.863	17.1927
558.881	-2.77928
561.898	7.24855
564.916	7.27625
567.932	-2.69622
570.946	5.33116
573.959	15.3584
576.971	3.38547
579.982	5.4124
582.993	5.43918
586	1.4658
589.008	3.49229
592.015	-2.48136
595.022	7.54483
598.025	15.5709
601.029	13.5968
604.032	3.62253
607.033	21.6481
610.034	-0.326405
613.032	7.6989
616.032	-2.27591
619.028	11.7491
622.023	5.77399
625.018	5.79873
628.013	13.8233
631.005	3.8478
633.997	7.87211
636.987	5.89629
639.977	15.9203
642.965	15.9442
645.952	1.96797
648.939	-4.00841
651.924	8.01507
654.909	-5.96159
657.892	16.0616
660.873	-5.91534
663.854	24.1076
666.835	10.1304
669.813	12.153
672.791	12.1755
675.767	6.19791
678.743	-3.77984
681.717	14.2423
684.692	14.2642
687.664	2.28608
690.634	6.30779
693.606	6.32937
696.575	-7.64919
699.543	2.37211
702.51	10.3933
705.475	16.4143
708.44	10.4352
711.404	16.456
714.367	6.47667
717.329	22.4972
720.29	4.51759
723.25	4.53785
726.207	10.558
729.166	6.57799
732.123	6.59787
735.077	6.61761
738.032	2.63724
740.984	-1.34328
743.938	6.6761
746.888	16.6953
749.839	0.71446
752.788	12.7334
755.735	12.7523
758.682	12.771
761.627	6.78966
764.574	18.8082
767.517	10.8265
770.46	6.84479
773.402	-1.13709
776.342	10.8809
779.282	4.8988
782.219	2.91655
785.157	12.9342
788.094	34.9517
791.029	0.969111
793.962	8.98638
796.896	19.0035
799.828	9.02058
802.76	15.0375
805.689	9.0543
808.619	21.071
811.546	25.0876
814.473	19.104
817.4	11.1203
820.324	35.1366
823.248	17.1527
826.17	9.16864
829.092	29.1845
832.012	-0.799736
834.932	17.2159
837.851	17.2314
840.768	11.2468
843.685	-2.73785
846.599	3.27732
849.514	17.2924
852.428	7.30736
855.339	7.32221
858.251	5.33695
861.16	15.3516
864.07	7.36609
866.978	5.38049
869.884	3.39478
872.792	19.409
875.696	21.423
878.599	23.437
881.502	13.4509
884.404	5.46462
887.304	7.47826
890.204	5.4918
893.103	17.5052
896.001	21.5185
898.898	19.5318
901.794	-6.45513
904.689	5.55787
907.581	21.5708
910.474	17.5836
913.364	7.59624
916.256	5.60883
919.144	9.62131
922.034	19.6337
924.92	-0.354045
927.808	15.6581
930.693	7.67019
933.576	-0.317842
936.459	-0.305981
939.341	9.70578
942.222	15.7174
945.102	9.729
947.981	5.74046
950.859	9.75182
953.737	3.76308
956.613	19.7742
959.488	9.78531
962.361	9.79626
965.235	9.80713
968.105	23.8179
970.977	-6.17143
973.846	7.83913
976.716	11.8496
979.583	19.86
982.449	3.87027
985.316	19.8805
988.18	19.8905
991.043	1.90054
993.906	5.91044
996.767	5.92025
999.628	7.92996
1002.49	15.9396
1005.35	27.9491
1008.2	13.9585
1011.06	19.9679
1013.91	-6.02289
1016.77	7.98627
1019.62	15.9953
1022.48	0.00430166
1025.33	16.0132
1028.18	-1.97803
1031.03	-7.96934
1033.87	8.03927
1036.72	16.0478
1039.57	2.05622
1042.41	10.0646
1045.26	-1.92719
1048.1	12.081
1050.94	14.089
1053.78	6.09703
1056.62	12.1049
1059.46	20.1127
1062.3	14.1205
1065.14	10.1281
1067.97	14.1357
1070.81	20.1431
1073.64	4.1505
1076.47	14.1578
1079.31	14.165
1082.14	10.1721
1084.97	-3.82083
1087.8	2.18613
1090.63	18.193
1093.45	-7.80021
1096.28	-1.7935
1099.1	12.2131
1101.93	16.2197
1104.75	4.22612
1107.57	22.2325
1110.39	0.238802
1113.21	8.24502
1116.03	14.2512
1118.85	14.2572
1121.66	-3.73682
1124.48	0.269077
1127.3	10.2749
1130.11	10.2806
1132.92	12.2863
1135.73	6.29186
1138.54	22.2974
1141.35	2.30278
1144.16	16.3081
1146.97	8.3134
1149.78	14.3186
1152.58	16.3237
1155.39	0.328739
1158.19	10.3337
1161	6.33859
1163.8	10.3434
1166.6	10.3481
1169.4	4.35279
1172.2	6.35738
1174.99	10.3619
1177.79	14.3663
1180.59	10.3707
1183.38	-1.62502
1186.17	6.3792
1188.97	14.3833
1191.76	-1.61259
1194.55	4.39141
1197.34	8.39534
1200.13	14.3992
1202.92	4.40298
1205.7	22.4067
1208.49	14.4103
1211.27	4.41391
1214.06	2.41741
1216.84	2.42085
1219.62	6.42421
1222.4	0.427506
1225.18	2.43073
1227.96	14.4339
1230.74	12.437
1233.51	22.44
1236.29	10.443
1239.06	2.44584
1241.84	6.44866
1244.61	10.4514
1247.38	12.4541
1250.15	8.45671
1252.92	4.45926
1255.69	16.4618
1258.46	0.464172
1261.23	18.4665
1263.99	6.46882
1266.76	4.47105
1269.52	14.4732
1272.28	14.4753
1275.05	18.4773
1277.81	4.47932
1280.57	14.4812
1283.33	28.4831
1286.08	6.48486
1288.84	8.48658
1291.6	14.4882
1294.35	8.48984
1297.11	16.4914
1299.86	8.49285
1302.61	8.49426
1305.36	0.495615
1308.11	14.4969
1310.86	22.4981
1313.61	20.4993
1316.36	2.50043
1319.1	14.5015
1321.85	6.50248
1324.59	-5.49658
1327.33	14.5043
1330.08	4.50512
1332.82	20.5059
1335.56	18.5066
1338.3	22.5072
1341.04	14.5078
1343.77	8.50836
1346.51	6.50884
1349.25	8.50926
1351.98	12.5096
1354.71	12.5099
1357.45	18.5102
1360.18	0.51039
1362.91	2.51053
1365.64	4.51063
1368.37	18.5107
1371.09	6.51064
1373.82	-5.48943
1376.54	8.51045
1379.27	22.5103
1381.99	4.51004
1384.72	10.5098
1387.44	-1.49058
1390.16	14.509
1392.88	12.5086
1395.6	8.50809
1398.31	-5.49245
1401.03	12.507
1403.75	8.50631
1406.46	18.5056
1409.18	6.50486
1411.89	10.5041
1414.6	-1.49678
1417.31	8.50232
1420.02	18.5014
1422.73	12.5004
1425.44	16.4993
1428.15	-7.50175
1430.85	-1.50289
1433.56	8.49592
1436.26	10.4947
1438.97	12.4934
1441.67	6.49207
1444.37	4.49069
1447.07	0.489265
1449.77	4.48779
1452.47	14.4863
1455.16	4.48471
1457.86	8.4831
1460.56	10.4814
1463.25	20.4797
1465.94	16.478
1468.64	-7.52379
1471.33	10.4744
1474.02	14.4725
1476.71	8.47058
1479.4	14.4686
1482.09	10.4666
1484.77	2.46455
1487.46	6.46245
1490.14	-1.53969
1492.83	8.45813
1495.51	4.4559
1498.19	10.4536
1500.87	14.4513
1503.55	0.448982
1506.23	20.4466
1508.91	10.4442
1511.59	22.4417
1514.27	2.43917
1516.94	16.4366
1519.62	10.434
1522.29	8.43139
1524.96	8.42872
1527.63	6.42601
1530.3	20.4233
1532.97	16.4205
1535.64	6.41763
1538.31	2.41477
1540.98	4.41186
1543.64	16.4089
1546.31	12.4059
1548.97	-1.59708
1551.63	10.3999
1554.3	20.3968
1556.96	0.393636
1559.62	8.39047
1562.28	18.3873
1564.94	-11.616
1567.59	8.38075
1570.25	18.3774
1572.9	-1.62591
1575.56	18.3707
1578.21	16.3673
1580.86	16.3638
1583.52	12.3604
1586.17	4.35684
1588.82	8.35329
1591.47	-5.6503
1594.11	4.34608
1596.76	2.34242
1599.41	8.33874
1602.05	0.335017
1604.69	20.3313
1607.34	22.3275
1609.98	4.32366
1612.62	6.31981
1615.26	2.31593
1617.9	-5.68798
1620.54	8.30807
1623.18	2.3041
1625.81	12.3001
1628.45	14.2961
1631.08	6.29199
1633.72	4.28789
1636.35	8.28376
1638.98	16.2796
1641.61	10.2754
1644.24	2.2712
1646.87	0.266956
1649.5	12.2627
1652.13	12.2584
1654.75	2.25405
1657.38	2.24969
1660	18.2453
1662.63	10.2409
1665.25	8.23644
1667.87	12.232
1670.49	20.2275
1673.11	14.223
1675.73	10.2184
1678.35	-3.78618
1680.96	16.2092
1683.58	16.2046
1686.19	8.19993
1688.81	2.19525
1691.42	14.1905
1694.03	8.18581
1696.64	6.18106
1699.25	8.17628
1701.87	24.1715
1704.47	12.1666
1707.08	6.16178
1709.69	8.15691
1712.29	12.152
1714.9	12.1471
1717.5	-1.85787
1720.1	16.1372
1722.71	-7.86784
1725.31	4.12714
1727.91	-3.8779
1730.51	10.117
1733.1	-1.88805
1735.7	8.10684
1738.3	10.1017
1740.89	8.09657
1743.49	0.0913953
1746.08	4.0862
1748.67	16.081
1751.26	8.07576
1753.86	8.0705
1756.45	18.0652
1759.03	14.0599
1761.62	0.0546159
1764.21	10.0493
1766.8	16.0439
1769.38	2.03856
1771.97	10.0332
1774.55	24.0278
1777.13	4.02232
1779.71	14.0169
1782.29	12.0114
1784.87	10.0059
1787.45	24.0004
1790.03	-2.0051
1792.61	15.9894
1795.18	7.98381
1797.76	15.9782
1800.33	1.97265
1802.9	7.96704
1805.48	27.9614
1808.05	17.9558
1810.62	17.9501
1813.19	13.9445
1815.76	15.9388
1818.33	7.93307
1820.89	13.9274
1823.46	21.9216
1826.02	7.91587
1828.59	7.91011
1831.15	21.9043
1833.71	5.89854
1836.27	1.89274
1838.84	17.8869
1841.39	3.88109
1843.95	7.87524
1846.51	9.86938
1849.07	1.86351
1851.62	5.85762
1854.18	11.8517
1856.73	-4.15419
1859.29	13.8399
1861.84	13.8339
1864.39	21.828
1866.94	3.82204
1869.49	-0.183936
1872.04	-8.18992
1874.59	13.8041
1877.13	-0.201924
1879.68	3.79206
1882.22	5.78603
1884.77	13.78
1887.31	19.7739
1889.85	19.7679
1892.39	11.7618
1894.93	7.75573
1897.47	9.74964
1900.01	1.74354
1902.55	17.7374
1905.09	11.7313
1907.62	3.72518
1910.16	-4.28095
1912.69	3.71291
1915.22	5.70675
1917.76	23.7006
1920.29	13.6944
1922.82	-4.31176
1925.35	5.68205
1927.88	11.6759
1930.4	-8.33034
1932.93	15.6635
1935.46	13.6572
1937.98	5.65101
1940.51	13.6448
1943.03	15.6385
1945.55	11.6323
1948.07	5.62606
1950.59	3.61981
1953.11	17.6135
1955.63	3.60728
1958.15	15.601
1960.67	17.5947
1963.18	9.58845
1965.7	9.58216
1968.21	3.57587
1970.73	-2.43043
1973.24	9.56327
1975.75	11.557
1978.26	1.55066
1980.77	-2.45566
1983.28	5.53802
1985.79	13.5317
1988.29	15.5254
1990.8	11.519
1993.31	11.5127
1995.81	21.5064
1998.31	1.50005
