100.093	21.6008
103.274	19.6109
106.457	5.62108
109.636	3.63135
112.817	7.6417
115.994	17.6521
119.172	15.6627
122.347	13.6733
125.521	23.6839
128.696	27.6947
131.868	3.70553
135.039	5.71645
138.209	19.7274
141.379	33.7385
144.547	7.74968
147.713	1.76091
150.879	5.77221
154.043	3.78359
157.206	5.79504
160.368	11.8066
163.529	15.8182
166.689	9.82983
169.848	21.8416
173.006	13.8534
176.163	-4.13473
179.316	1.87722
182.471	-4.11076
185.625	17.9013
188.777	-2.08651
191.927	3.9257
195.077	29.938
198.224	5.95034
201.372	-2.03724
204.52	-0.0247532
207.664	23.9878
210.809	-3.9996
213.95	8.01306
217.091	14.0258
220.233	12.0386
223.372	4.05143
226.509	22.0643
229.648	6.07731
232.784	12.0903
235.918	24.1034
239.051	14.1165
242.186	4.12975
245.317	10.143
248.447	4.1563
251.577	-7.83034
254.705	2.18307
257.832	18.1965
260.958	22.2101
264.083	18.2236
267.204	12.2372
270.327	10.2509
273.449	-5.73539
276.57	8.27838
279.69	10.2922
282.806	6.30605
285.924	16.32
289.04	-3.66608
292.154	0.34791
295.268	16.362
298.379	-3.62396
301.492	0.390177
304.601	10.4043
307.711	0.418569
310.818	-3.56718
313.924	26.4471
317.031	12.4615
320.135	6.47584
323.238	16.4903
326.34	14.5047
329.443	16.5192
332.543	4.53375
335.642	24.5483
338.74	8.56292
341.836	4.57756
344.932	10.5922
348.027	4.60694
351.12	-1.37831
354.213	6.63646
357.302	20.6513
360.393	14.6661
363.482	18.681
366.57	26.6959
369.656	22.7108
372.742	14.7258
375.827	30.7408
378.91	10.7558
381.993	8.77082
385.073	12.7859
388.154	10.801
391.232	8.81611
394.311	-1.16873
397.387	2.84644
400.462	18.8616
403.536	8.87685
406.611	6.8921
409.683	4.90737
412.754	-1.07735
415.824	0.937959
418.893	-1.04671
421.961	4.96863
425.027	4.984
428.093	6.99939
431.158	9.01479
434.222	-2.96978
437.284	7.04566
440.346	3.06112
443.407	5.07659
446.464	7.09207
449.523	15.1076
452.581	11.1231
455.635	7.13861
458.691	13.1542
461.743	3.1697
464.797	15.1853
467.847	11.2008
470.899	13.2164
473.947	-4.76797
476.994	3.24764
480.043	1.26326
483.088	17.2789
486.133	15.2945
489.176	7.31015
492.22	21.3258
495.262	19.3415
498.302	-0.642889
501.341	-0.627226
504.38	7.38844
507.417	19.4041
510.453	7.41979
513.487	21.4355
516.521	13.4511
519.554	3.46682
522.586	17.4825
525.616	3.49818
528.646	3.51387
531.675	-0.470441
534.701	3.54523
537.729	9.56092
540.753	3.57659
543.778	-6.40772
546.8	-4.39206
549.821	13.6236
552.844	-6.36072
555.863	21.6549
558.881	13.6706
561.898	-0.31376
564.916	3.70189
567.932	9.71753
570.946	1.73316
573.959	9.74878
576.971	-6.23561
579.982	5.77999
582.993	-6.20441
586	13.8112
589.008	7.82674
592.015	3.84231
595.022	7.85786
598.025	-4.12661
601.029	-8.11108
604.032	1.90444
607.033	7.91994
610.034	23.9354
613.032	-0.0491055
616.032	3.96636
619.028	1.98179
622.023	7.99722
625.018	8.01262
628.013	18.028
631.005	4.04339
633.997	-3.94126
636.987	-1.92592
639.977	28.0894
642.965	6.10469
645.952	2.11997
648.939	12.1352
651.924	6.15047
654.909	4.16568
657.892	4.18088
660.873	8.19604
663.854	6.21119
666.835	-1.77369
669.813	18.2414
672.791	4.25648
675.767	12.2715
678.743	20.2866
681.717	16.3015
684.692	10.3165
687.664	12.3315
690.634	10.3464
693.606	6.36128
696.575	12.3761
699.543	4.39096
702.51	12.4058
705.475	12.4205
708.44	6.43528
711.404	6.44999
714.367	16.4647
717.329	0.479318
720.29	4.49393
723.25	0.50852
726.207	2.52306
729.166	14.5376
732.123	18.5521
735.077	8.56651
738.032	10.5809
740.984	12.5953
743.938	0.609641
746.888	4.62394
749.839	10.6382
752.788	6.65244
755.735	8.66663
758.682	26.6808
761.627	18.6949
764.574	20.709
767.517	4.72302
770.46	-1.26299
773.402	0.750967
776.342	18.7649
779.282	10.7788
782.219	-7.20742
785.157	4.80637
788.094	20.8201
791.029	0.833824
793.962	8.84748
796.896	18.8611
799.828	18.8747
802.76	8.88819
805.689	16.9017
808.619	20.9151
811.546	4.92849
814.473	12.9418
817.4	14.9551
820.324	18.9684
823.248	2.98157
826.17	12.9947
829.092	21.0078
832.012	-0.97913
834.932	15.0339
837.851	7.04682
840.768	11.0597
843.685	17.0726
846.599	19.0854
849.514	13.0981
852.428	9.11081
855.339	9.12345
858.251	19.136
861.16	9.14857
864.07	11.1611
866.978	21.1735
869.884	19.1858
872.792	15.1982
875.696	29.2104
878.599	35.2226
881.502	19.2348
884.404	11.2469
887.304	19.2589
890.204	9.27086
893.103	15.2828
896.001	35.2946
898.898	-0.693571
901.794	11.3182
904.689	3.32985
907.581	23.3415
910.474	23.353
913.364	3.36452
916.256	19.376
919.144	15.3873
922.034	1.39864
924.92	9.40988
927.808	17.4211
930.693	31.4322
933.576	1.44325
936.459	7.45424
939.341	13.4652
942.222	3.47603
945.102	9.48683
947.981	23.4976
950.859	11.5082
953.737	25.5188
956.613	3.52936
959.488	-6.46017
962.361	15.5502
965.235	7.56055
968.105	19.5708
970.977	1.581
973.846	13.5911
976.716	-2.39883
979.583	5.61115
982.449	5.62106
985.316	5.63091
988.18	11.6407
991.043	1.65037
993.906	9.65999
996.767	11.6695
999.628	7.67903
1002.49	3.68843
1005.35	9.69777
1008.2	37.707
1011.06	15.7162
1013.91	7.72532
1016.77	5.73435
1019.62	19.7433
1022.48	7.7522
1025.33	-0.239
1028.18	15.7697
1031.03	13.7784
1033.87	7.78696
1036.72	5.79546
1039.57	1.80388
1042.41	9.81222
1045.26	19.8205
1048.1	19.8287
1050.94	7.83678
1053.78	11.8448
1056.62	31.8527
1059.46	9.86061
1062.3	3.8684
1065.14	23.8761
1067.97	9.88372
1070.81	5.89126
1073.64	25.8987
1076.47	13.9061
1079.31	-8.08662
1082.14	1.92059
1084.97	13.9277
1087.8	7.93475
1090.63	15.9417
1093.45	25.9486
1096.28	15.9554
1099.1	3.96206
1101.93	-10.0313
1104.75	11.9752
1107.57	13.9816
1110.39	25.988
1113.21	17.9943
1116.03	14.0004
1118.85	26.0065
1121.66	0.0125436
1124.48	-1.98154
1127.3	12.0243
1130.11	2.03003
1132.92	2.03567
1135.73	16.0412
1138.54	4.04669
1141.35	8.05207
1144.16	22.0574
1146.97	14.0626
1149.78	-5.93234
1152.58	20.0727
1155.39	6.07759
1158.19	14.0824
1161	6.08715
1163.8	6.09179
1166.6	8.09634
1169.4	16.1008
1172.2	2.10515
1174.99	0.109413
1177.79	16.1136
1180.59	22.1177
1183.38	8.12163
1186.17	6.12552
1188.97	14.1293
1191.76	4.133
1194.55	16.1366
1197.34	4.14009
1200.13	12.1435
1202.92	18.1468
1205.7	12.15
1208.49	-9.8469
1211.27	4.15611
1214.06	14.159
1216.84	12.1618
1219.62	18.1645
1222.4	18.1671
1225.18	20.1696
1227.96	8.17206
1230.74	12.1744
1233.51	6.17657
1236.29	0.178679
1239.06	12.1807
1241.84	12.1826
1244.61	6.18438
1247.38	0.18608
1250.15	6.18767
1252.92	20.1892
1255.69	8.19055
1258.46	8.19183
1261.23	16.193
1263.99	2.19409
1266.76	6.19506
1269.52	30.1959
1272.28	14.1967
1275.05	22.1973
1277.81	-3.80212
1280.57	10.1983
1283.33	12.1987
1286.08	-5.80111
1288.84	14.199
1291.6	44.199
1294.35	6.19893
1297.11	24.1987
1299.86	2.19842
1302.61	4.198
1305.36	2.19748
1308.11	14.1968
1310.86	10.1961
1313.61	8.19524
1316.36	34.1943
1319.1	0.193198
1321.85	10.192
1324.59	8.19072
1327.33	10.1893
1330.08	8.18779
1332.82	20.1862
1335.56	6.18442
1338.3	16.1826
1341.04	28.1806
1343.77	2.17851
1346.51	6.17632
1349.25	16.174
1351.98	16.1716
1354.71	12.1691
1357.45	-3.83358
1360.18	16.1637
1362.91	14.1608
1365.64	8.15778
1368.37	16.1547
1371.09	10.1515
1373.82	2.14812
1376.54	16.1447
1379.27	20.1411
1381.99	-13.8626
1384.72	4.1336
1387.44	14.1297
1390.16	4.12565
1392.88	24.1215
1395.6	14.1172
1398.31	-3.88717
1401.03	16.1083
1403.75	24.1037
1406.46	16.0989
1409.18	-1.90592
1411.89	12.0891
1414.6	8.08399
1417.31	22.0788
1420.02	-13.9266
1422.73	16.068
1425.44	26.0624
1428.15	8.05666
1430.85	8.05083
1433.56	8.04488
1436.26	14.0388
1438.97	-1.96738
1441.67	14.0263
1444.37	10.0199
1447.07	18.0133
1449.77	0.0066214
1452.47	11.9998
1455.16	7.99288
1457.86	11.9858
1460.56	7.97865
1463.25	17.9713
1465.94	3.96393
1468.64	13.9564
1471.33	11.9487
1474.02	3.9409
1476.71	15.933
1479.4	23.9249
1482.09	19.9167
1484.77	9.90844
1487.46	31.9
1490.14	-2.10855
1492.83	13.8828
1495.51	11.874
1498.19	25.865
1500.87	1.85596
1503.55	13.8468
1506.23	1.83745
1508.91	7.828
1511.59	1.81842
1514.27	5.80872
1516.94	7.79889
1519.62	21.7889
1522.29	-0.221174
1524.96	-0.231396
1527.63	5.75825
1530.3	-0.25223
1532.97	21.7372
1535.64	9.72641
1538.31	5.71554
1540.98	-10.2955
1543.64	7.6934
1546.31	25.6821
1548.97	15.6707
1551.63	3.65921
1554.3	21.6475
1556.96	13.6357
1559.62	21.6238
1562.28	23.6118
1564.94	29.5996
1567.59	9.58725
1570.25	11.5748
1572.9	23.5622
1575.56	7.54947
1578.21	1.53661
1580.86	21.5236
1583.52	9.51048
1586.17	11.4972
1588.82	5.48382
1591.47	31.4703
1594.11	19.4566
1596.76	-0.557181
1599.41	13.4289
1602.05	5.41481
1604.69	25.4006
1607.34	11.3862
1609.98	17.3718
1612.62	3.35714
1615.26	17.3424
1617.9	11.3275
1620.54	17.3124
1623.18	-0.702717
1625.81	17.282
1628.45	17.2665
1631.08	19.2509
1633.72	1.23522
1636.35	13.2194
1638.98	17.2034
1641.61	3.18723
1644.24	9.17095
1646.87	9.15453
1649.5	-2.86203
1652.13	11.1213
1654.75	13.1044
1657.38	21.0875
1660	7.07035
1662.63	19.0531
1665.25	15.0357
1667.87	11.0182
1670.49	17.0005
1673.11	10.9827
1675.73	8.96469
1678.35	-3.05342
1680.96	10.9283
1683.58	2.90996
1686.19	14.8914
1688.81	-1.12726
1691.42	18.8539
1694.03	24.835
1696.64	16.8159
1699.25	0.796634
1701.87	14.7772
1704.47	26.7577
1707.08	4.73803
1709.69	2.71821
1712.29	10.6982
1714.9	-1.32186
1717.5	6.6579
1720.1	22.6375
1722.71	2.61695
1725.31	18.5963
1727.91	12.5754
1730.51	4.55446
1733.1	16.5333
1735.7	6.51207
1738.3	18.4907
1740.89	10.4691
1743.49	22.4474
1746.08	12.4255
1748.67	8.40353
1751.26	2.3814
1753.86	12.3591
1756.45	32.3367
1759.03	16.3141
1761.62	0.291334
1764.21	16.2685
1766.8	20.2454
1769.38	20.2223
1771.97	0.198917
1774.55	6.17544
1777.13	4.15182
1779.71	6.12805
1782.29	-5.89586
1784.87	8.08007
1787.45	2.05584
1790.03	16.0315
1792.61	18.007
1795.18	21.9823
1797.76	13.9575
1800.33	3.93251
1802.9	23.9074
1805.48	9.88213
1808.05	19.8567
1810.62	13.8311
1813.19	5.80542
1815.76	5.77955
1818.33	9.75352
1820.89	9.72734
1823.46	11.701
1826.02	25.6745
1828.59	13.6479
1831.15	-6.37885
1833.71	11.5942
1836.27	23.5671
1838.84	7.53989
1841.39	15.5125
1843.95	15.485
1846.51	11.4573
1849.07	3.42943
1851.62	17.4014
1854.18	9.37327
1856.73	5.34497
1859.29	5.3165
1861.84	11.2879
1864.39	25.2591
1866.94	11.2302
1869.49	3.20112
1872.04	5.17189
1874.59	13.1425
1877.13	9.11296
1879.68	27.0833
1882.22	1.05343
1884.77	1.02342
1887.31	24.9933
1889.85	12.9629
1892.39	8.93248
1894.93	20.9019
1897.47	10.8711
1900.01	14.8401
1902.55	0.809037
1905.09	10.7778
1907.62	16.7464
1910.16	6.71483
1912.69	16.6831
1915.22	16.6512
1917.76	24.6192
1920.29	2.587
1922.82	10.5547
1925.35	8.52215
1927.88	-1.51051
1930.4	-5.54333
1932.93	16.4237
1935.46	0.390562
1937.98	10.3573
1940.51	6.32381
1943.03	0.290196
1945.55	14.2564
1948.07	14.2225
1950.59	8.18843
1953.11	0.154176
1955.63	-1.88022
1958.15	24.0852
1960.67	2.05051
1963.18	20.0156
1965.7	11.9806
1968.21	23.9454
1970.73	1.91003
1973.24	5.8745
1975.75	17.8388
1978.26	13.803
1980.77	15.767
1983.28	15.7308
1985.79	7.69452
1988.29	23.658
1990.8	3.62138
1993.31	3.58458
1995.81	7.54761
1998.31	-12.4895
