100.093	14.5254
103.274	24.5974
106.457	12.6688
109.636	20.7397
112.817	2.81013
115.994	14.88
119.172	18.9493
122.347	5.01811
125.521	13.0864
128.696	9.15416
131.868	19.2214
135.039	11.2881
138.209	5.3543
141.379	1.42003
144.547	7.4852
147.713	25.5499
150.879	-0.385976
154.043	5.67768
157.206	11.7408
160.368	11.8035
163.529	7.86563
166.689	11.9273
169.848	3.98844
173.006	8.0491
176.163	12.1093
179.316	16.1689
182.471	6.2281
185.625	6.28681
188.777	6.34503
191.927	-1.59727
195.077	22.46
198.224	-1.48328
201.372	8.57302
204.52	2.62884
207.664	10.6842
210.809	8.73903
213.95	4.7934
217.091	-5.1527
220.233	4.90077
223.372	10.9537
226.509	9.00625
229.648	23.0583
232.784	-0.890088
235.918	7.16104
239.051	-2.78829
242.186	3.26196
245.317	17.3117
248.447	9.36104
251.577	13.4099
254.705	23.4583
257.832	25.5063
260.958	-10.4462
264.083	21.6009
267.204	11.6475
270.327	-6.30629
273.449	25.7395
276.57	23.7848
279.69	7.82971
282.806	21.8741
285.924	7.91819
289.04	-8.03821
292.154	8.00495
295.268	6.0477
298.379	6.09
301.492	24.1319
304.601	18.1734
307.711	-3.78555
310.818	0.255077
313.924	8.29529
317.031	6.33512
320.135	24.3745
323.238	6.41348
326.34	2.45205
329.443	24.4902
332.543	10.528
335.642	6.56536
338.74	12.6023
341.836	6.63887
344.932	18.675
348.027	-13.2892
351.12	12.7461
354.213	-1.21888
357.302	10.8157
360.393	2.84986
363.482	2.88366
366.57	6.91708
369.656	0.950086
372.742	6.98273
375.827	11.015
378.91	13.0469
381.993	-8.92164
385.073	7.10947
388.154	3.14022
391.232	9.17058
394.311	7.20058
397.387	5.2302
400.462	-6.74055
403.536	-0.711675
406.611	-4.68314
409.683	7.34501
412.754	-2.62721
415.824	9.40022
418.893	-4.57271
421.961	11.454
425.027	9.48035
428.093	-0.493656
431.158	5.53199
434.222	1.55728
437.284	17.5822
440.346	13.6068
443.407	1.63107
446.464	5.65495
449.523	13.6785
452.581	9.70173
455.635	3.72459
458.691	5.74712
461.743	7.7693
464.797	-0.208833
467.847	5.81268
470.899	9.83387
473.947	11.8547
476.994	9.87524
480.043	9.89545
483.088	13.9153
486.133	19.9348
489.176	-6.04594
492.22	11.973
495.262	11.9915
498.302	4.00979
501.341	8.02773
504.38	12.0453
507.417	0.0626511
510.453	4.07964
513.487	2.09631
516.521	2.11268
519.554	12.1287
522.586	6.14449
525.616	20.1599
528.646	6.17507
531.675	6.18991
534.701	-7.79557
537.729	16.2187
540.753	-11.7674
543.778	8.24624
546.8	20.2596
549.821	18.2726
552.844	4.28538
555.863	8.29784
558.881	4.31001
561.898	4.32189
564.916	0.333492
567.932	4.3448
570.946	-1.64417
573.959	10.3666
576.971	-9.62297
579.982	8.38721
582.993	4.39712
586	0.406737
589.008	8.41609
592.015	26.4252
595.022	4.43397
598.025	12.4425
601.029	12.4508
604.032	-3.54124
607.033	2.46648
610.034	6.47395
613.032	12.4811
616.032	14.4881
619.028	2.49475
622.023	12.5012
625.018	6.50731
628.013	10.5132
631.005	-5.48115
633.997	6.52424
636.987	-1.47063
639.977	24.5343
642.965	14.5389
645.952	22.5433
648.939	-5.4526
651.924	14.5513
654.909	0.554934
657.892	6.55833
660.873	-9.43851
663.854	-1.43559
666.835	10.5671
669.813	4.56953
672.791	18.5717
675.767	2.5737
678.743	6.57544
681.717	10.5769
684.692	4.57821
687.664	4.57925
690.634	12.5801
693.606	20.5806
696.575	26.581
699.543	12.5811
702.51	20.5811
705.475	-3.41925
708.44	-1.41978
711.404	0.579466
714.367	12.5785
717.329	20.5773
720.29	16.5759
723.25	22.5743
726.207	18.5725
729.166	16.5704
732.123	2.56819
735.077	2.56574
738.032	8.56308
740.984	10.5602
743.938	18.5571
746.888	10.5539
749.839	4.55038
752.788	20.5467
755.735	8.54282
758.682	0.53874
761.627	8.53447
764.574	24.53
767.517	16.5253
770.46	22.5205
773.402	16.5154
776.342	20.5102
779.282	4.50475
782.219	18.4991
785.157	2.49332
788.094	14.4873
791.029	4.48115
793.962	6.4748
796.896	14.4683
799.828	14.4615
802.76	20.4546
805.689	6.44756
808.619	12.4403
811.546	10.4329
814.473	0.425268
817.4	18.4175
820.324	24.4095
823.248	28.4014
826.17	2.39313
829.092	12.3847
832.012	26.376
834.932	26.3673
837.851	8.35829
840.768	24.3492
843.685	10.3399
846.599	0.330452
849.514	2.32085
852.428	-1.68891
855.339	12.3012
858.251	8.29109
861.16	14.2809
864.07	4.27048
866.978	12.2599
869.884	16.2493
872.792	8.23842
875.696	36.2274
878.599	6.21631
881.502	-1.79497
884.404	2.1936
887.304	24.182
890.204	4.17032
893.103	-3.84153
896.001	2.14647
898.898	26.1343
901.794	24.1221
904.689	8.10965
907.581	30.0971
910.474	12.0844
913.364	8.07161
916.256	12.0587
919.144	6.04559
922.034	0.0323746
924.92	14.019
927.808	30.0056
930.693	5.99198
933.576	-2.02174
936.459	9.96442
939.341	7.95045
942.222	5.93637
945.102	15.9222
947.981	1.90783
950.859	21.8934
953.737	19.8788
956.613	3.86412
959.488	21.8493
962.361	23.8344
965.235	3.81939
968.105	-12.1957
970.977	19.789
973.846	11.7736
976.716	-0.241829
979.583	19.7426
982.449	13.7269
985.316	13.7111
988.18	15.6952
991.043	9.67924
993.906	27.6631
996.767	11.6469
999.628	11.6306
1002.49	17.6142
1005.35	21.5977
1008.2	7.58115
1011.06	11.5645
1013.91	5.54769
1016.77	15.5308
1019.62	25.5138
1022.48	35.4968
1025.33	11.4796
1028.18	13.4624
1031.03	11.4451
1033.87	25.4277
1036.72	17.4101
1039.57	17.3926
1042.41	3.37489
1045.26	11.3571
1048.1	17.3393
1050.94	3.32139
1053.78	15.3034
1056.62	7.28532
1059.46	29.2672
1062.3	13.2489
1065.14	11.2306
1067.97	-0.787743
1070.81	25.1938
1073.64	23.1753
1076.47	11.1567
1079.31	13.138
1082.14	25.1193
1084.97	1.10048
1087.8	9.08161
1090.63	19.0627
1093.45	15.0437
1096.28	17.0246
1099.1	13.0055
1101.93	14.9863
1104.75	14.967
1107.57	0.947714
1110.39	18.9283
1113.21	14.9089
1116.03	20.8894
1118.85	24.8699
1121.66	14.8503
1124.48	10.8306
1127.3	14.8109
1130.11	8.79115
1132.92	-1.22865
1135.73	16.7515
1138.54	10.7316
1141.35	-3.28837
1144.16	24.6916
1146.97	14.6716
1149.78	22.6515
1152.58	-9.36867
1155.39	8.61115
1158.19	8.59091
1161	12.5706
1163.8	6.55034
1166.6	6.52999
1169.4	-3.4904
1172.2	8.48918
1174.99	14.4687
1177.79	24.4482
1180.59	24.4277
1183.38	-1.59287
1186.17	18.3865
1188.97	28.3659
1191.76	4.34523
1194.55	12.3245
1197.34	32.3038
1200.13	2.28307
1202.92	6.26229
1205.7	4.24151
1208.49	26.2207
1211.27	14.1998
1214.06	22.179
1216.84	18.1581
1219.62	8.13714
1222.4	16.1162
1225.18	10.0952
1227.96	2.07427
1230.74	24.0533
1233.51	12.0323
1236.29	18.0112
1239.06	23.9902
1241.84	17.9691
1244.61	13.9481
1247.38	3.92697
1250.15	35.9059
1252.92	11.8848
1255.69	19.8637
1258.46	5.84255
1261.23	21.8214
1263.99	15.8003
1266.76	19.7791
1269.52	15.758
1272.28	25.7368
1275.05	11.7157
1277.81	-2.30549
1280.57	-12.3266
1283.33	11.6522
1286.08	11.631
1288.84	15.6099
1291.6	27.5887
1294.35	7.56755
1297.11	9.54641
1299.86	-4.47474
1302.61	11.5041
1305.36	-4.51701
1308.11	27.4619
1310.86	11.4407
1313.61	11.4196
1316.36	13.3985
1319.1	23.3774
1321.85	9.35636
1324.59	17.3353
1327.33	17.3142
1330.08	1.2932
1332.82	9.27217
1335.56	11.2512
1338.3	7.23017
1341.04	19.2092
1343.77	3.18824
1346.51	13.1673
1349.25	25.1464
1351.98	17.1255
1354.71	5.10461
1357.45	27.0838
1360.18	1.06294
1362.91	15.0421
1365.64	7.02134
1368.37	19.0006
1371.09	8.97986
1373.82	10.9592
1376.54	28.9385
1379.27	6.91785
1381.99	0.897238
1384.72	22.8766
1387.44	-3.14389
1390.16	14.8356
1392.88	30.8151
1395.6	18.7946
1398.31	-1.22577
1401.03	10.7539
1403.75	12.7335
1406.46	16.7132
1409.18	8.69292
1411.89	0.672693
1414.6	8.6525
1417.31	16.6324
1420.02	-1.38775
1422.73	4.59218
1425.44	6.57215
1428.15	4.55218
1430.85	16.5322
1433.56	8.51235
1436.26	10.4925
1438.97	4.4727
1441.67	10.4529
1444.37	30.4332
1447.07	6.41359
1449.77	6.39399
1452.47	22.3744
1455.16	32.3549
1457.86	14.3355
1460.56	4.31607
1463.25	0.296726
1465.94	8.27744
1468.64	-7.7418
1471.33	28.239
1474.02	24.2199
1476.71	24.2008
1479.4	24.1818
1482.09	26.1629
1484.77	10.144
1487.46	2.12516
1490.14	0.106397
1492.83	14.0877
1495.51	32.069
1498.19	6.05047
1500.87	2.03196
1503.55	20.0135
1506.23	15.9951
1508.91	25.9768
1511.59	11.9585
1514.27	5.94037
1516.94	3.92226
1519.62	15.9042
1522.29	19.8862
1524.96	1.86833
1527.63	-4.1495
1530.3	11.8327
1532.97	17.815
1535.64	11.7974
1538.31	11.7799
1540.98	7.76243
1543.64	-0.254964
1546.31	27.7277
1548.97	11.7105
1551.63	5.69334
1554.3	5.67625
1556.96	9.65925
1559.62	1.64234
1562.28	17.6255
1564.94	9.60874
1567.59	7.59207
1570.25	13.5755
1572.9	-2.44104
1575.56	21.5425
1578.21	9.5262
1580.86	11.5099
1583.52	3.49377
1586.17	-10.5223
1588.82	5.4617
1591.47	25.4458
1594.11	-2.57002
1596.76	27.4143
1599.41	5.39863
1602.05	5.38308
1604.69	7.36763
1607.34	-8.64773
1609.98	3.337
1612.62	13.3218
1615.26	9.30674
1617.9	9.29177
1620.54	9.27687
1623.18	-8.73791
1625.81	7.24739
1628.45	31.2328
1631.08	11.2183
1633.72	-2.7961
1636.35	15.1896
1638.98	19.1754
1641.61	13.1613
1644.24	11.1473
1646.87	7.13342
1649.5	13.1196
1652.13	1.10594
1654.75	3.09236
1657.38	21.0789
1660	11.0655
1662.63	15.0522
1665.25	33.0391
1667.87	15.026
1670.49	5.01309
1673.11	7.00026
1675.73	22.9875
1678.35	22.9749
1680.96	14.9624
1683.58	24.95
1686.19	0.937753
1688.81	12.9256
1691.42	6.91354
1694.03	8.90159
1696.64	20.8898
1699.25	8.87806
1701.87	20.8665
1704.47	10.855
1707.08	0.843627
1709.69	0.832385
1712.29	8.82126
1714.9	-5.18975
1717.5	6.79937
1720.1	32.7886
1722.71	6.77796
1725.31	10.7674
1727.91	-3.24297
1730.51	18.7468
1733.1	4.7366
1735.7	2.72656
1738.3	24.7167
1740.89	4.70687
1743.49	6.69722
1746.08	24.6877
1748.67	-5.32172
1751.26	12.669
1753.86	14.6599
1756.45	2.65083
1759.03	12.6419
1761.62	-13.3668
1764.21	-1.37545
1766.8	22.616
1769.38	30.6077
1771.97	24.5994
1774.55	22.5913
1777.13	-13.4166
1779.71	-5.42448
1782.29	10.5678
1784.87	18.5603
1787.45	10.5528
1790.03	4.54552
1792.61	28.5384
1795.18	16.5313
1797.76	16.5245
1800.33	-3.4823
1802.9	4.5111
1805.48	20.5046
1808.05	10.4983
1810.62	12.4921
1813.19	6.48606
1815.76	6.48016
1818.33	18.4744
1820.89	12.4688
1823.46	16.4633
1826.02	4.45796
1828.59	24.4528
1831.15	4.44773
1833.71	14.4428
1836.27	20.4381
1838.84	10.4335
1841.39	18.429
1843.95	18.4247
1846.51	20.4205
1849.07	16.4165
1851.62	26.4127
1854.18	10.409
1856.73	20.4054
1859.29	6.40198
1861.84	26.3987
1864.39	12.3956
1866.94	-9.60735
1869.49	10.3898
1872.04	20.3872
1874.59	12.3847
1877.13	20.3824
1879.68	-1.61982
1882.22	30.3782
1884.77	24.3763
1887.31	8.37456
1889.85	-3.627
1892.39	20.3716
1894.93	10.3704
1897.47	8.36927
1900.01	34.3683
1902.55	22.3676
1905.09	4.36698
1907.62	18.3665
1910.16	6.36625
1912.69	0.366131
1915.22	22.3662
1917.76	16.3664
1920.29	4.36675
1922.82	0.367278
1925.35	20.368
1927.88	22.3688
1930.4	16.3699
1932.93	4.37106
1935.46	26.3724
1937.98	24.3739
1940.51	12.3756
1943.03	28.3775
1945.55	16.3795
1948.07	12.3817
1950.59	26.3841
1953.11	30.3866
1955.63	8.38934
1958.15	18.3922
1960.67	22.3953
1963.18	12.3985
1965.7	20.4019
1968.21	12.4055
1970.73	4.40919
1973.24	28.4131
1975.75	2.4172
1978.26	36.4215
1980.77	14.4259
1983.28	8.43051
1985.79	8.4353
1988.29	20.4403
1990.8	6.44541
1993.31	8.45073
1995.81	20.4562
1998.31	14.4619
