100.093	13.135
103.274	7.16187
106.457	9.18813
109.636	11.2138
112.817	19.2388
115.994	13.2632
119.172	11.2869
122.347	11.3101
125.521	3.33264
128.696	13.3546
131.868	3.37595
135.039	15.3967
138.209	23.4168
141.379	27.4364
144.547	5.45537
147.713	-2.52625
150.879	13.4916
154.043	-0.491231
157.206	-2.47459
160.368	-2.45852
163.529	3.55697
166.689	9.5719
169.848	-2.41374
173.006	7.60006
176.163	3.6133
179.316	9.62598
182.471	13.6381
185.625	7.64969
188.777	-2.33927
191.927	1.67122
195.077	7.68117
198.224	17.6906
201.372	19.6995
204.52	17.7078
207.664	-2.28438
210.809	1.72291
213.95	5.72967
217.091	5.73592
220.233	9.74165
223.372	-2.25313
226.509	31.7516
229.648	9.75577
232.784	13.7595
235.918	21.7627
239.051	17.7653
242.186	17.7675
245.317	-0.230761
248.447	7.77045
251.577	-2.22883
254.705	13.7714
257.832	23.7712
260.958	7.77045
264.083	15.7692
267.204	23.7676
270.327	17.7654
273.449	23.7628
276.57	9.75975
279.69	11.7562
282.806	-4.24777
285.924	11.7478
289.04	13.7429
292.154	7.73752
295.268	1.73172
298.379	7.72548
301.492	7.71879
304.601	13.7117
307.711	21.7041
310.818	-4.30389
313.924	-0.312309
317.031	5.67883
320.135	13.6696
323.238	25.6599
326.34	9.64975
329.443	27.6392
332.543	3.62826
335.642	17.6169
338.74	7.60513
341.836	-0.407041
344.932	9.58038
348.027	13.5674
351.12	11.554
354.213	23.5403
357.302	21.5261
360.393	7.51156
363.482	11.4966
366.57	21.4813
369.656	23.4656
372.742	9.44954
375.827	19.4331
378.91	-6.58374
381.993	23.3991
385.073	19.3815
388.154	9.36357
391.232	5.34529
394.311	21.3266
397.387	11.3076
400.462	-4.71173
403.536	-4.73144
406.611	7.24849
409.683	19.2281
412.754	9.20734
415.824	15.1863
418.893	7.16483
421.961	1.14306
425.027	17.121
428.093	9.09854
431.158	5.07578
434.222	11.0527
437.284	-0.970708
440.346	7.00557
443.407	26.9815
446.464	12.9572
449.523	12.9325
452.581	-1.09248
455.635	8.88224
458.691	10.8566
461.743	-9.16924
464.797	28.8046
467.847	-3.22192
470.899	12.7513
473.947	-3.27578
476.994	16.6969
480.043	6.6692
483.088	8.64126
486.133	20.6131
489.176	-5.41544
492.22	18.5558
495.262	6.52672
498.302	12.4974
501.341	14.4678
504.38	14.438
507.417	4.40783
510.453	18.3774
513.487	6.34682
516.521	2.31592
519.554	0.284759
522.586	28.2533
525.616	22.2217
528.646	-13.8102
531.675	14.1576
534.701	32.1253
537.729	20.0926
540.753	30.0598
543.778	-1.97335
546.8	13.9933
549.821	11.9598
552.844	25.926
555.863	25.8919
558.881	-8.1423
561.898	9.82324
564.916	11.7885
567.932	5.75365
570.946	21.7185
573.959	1.68321
576.971	13.6477
579.982	-10.3881
582.993	-8.424
586	7.53988
589.008	15.5035
592.015	-4.53302
595.022	17.4302
598.025	9.39333
601.029	3.3562
604.032	11.3189
607.033	17.2814
610.034	-2.75628
613.032	1.20588
616.032	-0.832168
619.028	11.1296
622.023	1.09126
625.018	9.05271
628.013	-0.986036
631.005	6.97508
633.997	8.93602
636.987	18.8968
639.977	24.8574
642.965	-9.18211
645.952	18.7782
648.939	2.73835
651.924	4.69835
654.909	10.6582
657.892	14.6179
660.873	-3.42252
663.854	4.53689
666.835	-3.50384
669.813	18.4553
672.791	10.4143
675.767	-11.6268
678.743	12.3319
681.717	10.2905
684.692	12.249
687.664	6.20738
690.634	4.16563
693.606	4.12373
696.575	10.0817
699.543	14.0396
702.51	19.9974
705.475	9.95505
708.44	5.9126
711.404	5.87004
714.367	-0.17263
717.329	31.7846
720.29	23.7417
723.25	21.6988
726.207	29.6557
729.166	19.6125
732.123	7.56928
735.077	-2.47404
738.032	15.4825
740.984	9.43901
743.938	-8.6046
746.888	9.35173
749.839	25.308
752.788	7.26412
755.735	19.2202
758.682	21.1762
761.627	3.13218
764.574	29.088
767.517	7.04383
770.46	18.9996
773.402	6.95525
776.342	14.9109
779.282	20.8664
782.219	10.8219
785.157	22.7774
788.094	8.73276
791.029	2.68809
793.962	8.6434
796.896	2.59864
799.828	10.5539
802.76	26.509
805.689	22.4641
808.619	8.41919
811.546	12.3742
814.473	4.32926
817.4	-3.71579
820.324	26.2392
823.248	14.1941
826.17	26.149
829.092	10.1038
832.012	8.05867
834.932	34.0135
837.851	1.96829
840.768	13.9231
843.685	27.8778
846.599	11.8326
849.514	31.7873
852.428	13.7421
855.339	17.6968
858.251	17.6515
861.16	23.6063
864.07	19.561
866.978	13.5157
869.884	21.4704
872.792	5.42514
875.696	19.3799
878.599	7.33463
881.502	11.2894
884.404	9.24416
887.304	13.1989
890.204	9.15373
893.103	7.10854
896.001	3.06337
898.898	1.01822
901.794	6.97309
904.689	14.928
907.581	-1.11707
910.474	6.83788
913.364	2.79289
916.256	-1.25211
919.144	12.703
922.034	-1.34196
924.92	6.61318
927.808	-5.43167
930.693	8.52356
933.576	18.4788
936.459	30.4341
939.341	16.3895
942.222	10.3449
945.102	6.30033
947.981	14.2558
950.859	-9.78861
953.737	8.167
956.613	14.1227
959.488	14.0784
962.361	32.0342
965.235	21.9901
968.105	7.946
970.977	17.902
973.846	1.85806
976.716	5.81417
979.583	-0.229615
982.449	19.7267
985.316	3.68301
988.18	1.63945
991.043	25.596
993.906	29.5526
996.767	1.50924
999.628	7.466
1002.49	11.4228
1005.35	11.3798
1008.2	5.3368
1011.06	-0.706055
1013.91	17.2512
1016.77	9.20845
1019.62	13.1659
1022.48	29.1234
1025.33	11.081
1028.18	1.03867
1031.03	28.9965
1033.87	4.95442
1036.72	24.9124
1039.57	18.8706
1042.41	14.8288
1045.26	12.7872
1048.1	12.7456
1050.94	18.7042
1053.78	12.6629
1056.62	16.6217
1059.46	0.580671
1062.3	26.5397
1065.14	28.4989
1067.97	12.4582
1070.81	4.4177
1073.64	14.3773
1076.47	4.33697
1079.31	24.2968
1082.14	24.2568
1084.97	14.2168
1087.8	6.17709
1090.63	-1.86253
1093.45	10.098
1096.28	20.0587
1099.1	-3.98054
1101.93	5.9804
1104.75	5.9415
1107.57	3.90274
1110.39	1.86412
1113.21	11.8257
1116.03	11.7874
1118.85	13.7492
1121.66	17.7112
1124.48	15.6734
1127.3	-2.36426
1130.11	9.59821
1132.92	33.5609
1135.73	17.5237
1138.54	5.48667
1141.35	23.4498
1144.16	-4.58688
1146.97	1.37661
1149.78	15.3403
1152.58	11.3041
1155.39	11.2681
1158.19	7.2323
1161	11.1967
1163.8	31.1612
1166.6	11.1259
1169.4	-0.909178
1172.2	19.0559
1174.99	-2.97881
1177.79	-5.01334
1180.59	6.95231
1183.38	2.91816
1186.17	14.8842
1188.97	20.8504
1191.76	12.8168
1194.55	-1.21655
1197.34	6.75026
1200.13	12.7173
1202.92	18.6845
1205.7	2.65192
1208.49	4.61953
1211.27	8.58735
1214.06	22.5554
1216.84	12.5236
1219.62	8.49209
1222.4	8.46074
1225.18	2.42962
1227.96	24.3987
1230.74	2.368
1233.51	2.33752
1236.29	22.3073
1239.06	14.2772
1241.84	0.247395
1244.61	6.21779
1247.38	10.1884
1250.15	-13.8407
1252.92	-1.86965
1255.69	10.1017
1258.46	18.0732
1261.23	-3.95505
1263.99	24.017
1266.76	15.9892
1269.52	1.96165
1272.28	-0.0656384
1275.05	7.90729
1277.81	-0.119528
1280.57	21.8539
1283.33	3.82756
1286.08	21.8015
1288.84	15.7756
1291.6	19.75
1294.35	7.72466
1297.11	1.69956
1299.86	11.6747
1302.61	11.6501
1305.36	5.62575
1308.11	17.6016
1310.86	9.57781
1313.61	9.55424
1316.36	19.5309
1319.1	-16.4922
1321.85	23.485
1324.59	23.4625
1327.33	-2.55978
1330.08	17.4182
1332.82	15.3965
1335.56	-4.62501
1338.3	17.3538
1341.04	25.3328
1343.77	5.31217
1346.51	25.2918
1349.25	7.27166
1351.98	27.2518
1354.71	27.2323
1357.45	15.213
1360.18	3.19396
1362.91	11.1752
1365.64	15.1568
1368.37	1.13862
1371.09	5.12074
1373.82	-16.8968
1376.54	1.08586
1379.27	7.06884
1381.99	3.05211
1384.72	5.03567
1387.44	-4.98046
1390.16	1.00368
1392.88	0.988133
1395.6	4.97287
1398.31	10.9579
1401.03	2.94325
1403.75	6.92889
1406.46	6.91482
1409.18	10.9011
1411.89	4.88761
1414.6	0.874458
1417.31	20.8616
1420.02	10.8491
1422.73	10.8368
1425.44	10.8249
1428.15	-3.18668
1430.85	8.80202
1433.56	18.791
1436.26	6.78037
1438.97	6.77002
1441.67	8.75998
1444.37	10.7503
1447.07	24.7409
1449.77	14.7318
1452.47	8.72303
1455.16	-1.2854
1457.86	0.70649
1460.56	16.6987
1463.25	28.6912
1465.94	6.68412
1468.64	8.67731
1471.33	24.6708
1474.02	14.6647
1476.71	14.6589
1479.4	-1.34659
1482.09	14.6483
1484.77	2.64347
1487.46	6.639
1490.14	18.6349
1492.83	16.6311
1495.51	-5.37237
1498.19	22.6245
1500.87	-5.37825
1503.55	8.61933
1506.23	-3.38275
1508.91	4.61552
1511.59	-9.38587
1514.27	6.61309
1516.94	8.61241
1519.62	36.6121
1522.29	4.61208
1524.96	8.61245
1527.63	16.6132
1530.3	4.61424
1532.97	12.6157
1535.64	8.61746
1538.31	12.6196
1540.98	16.6221
1543.64	6.62498
1546.31	16.6282
1548.97	18.6318
1551.63	28.6357
1554.3	24.6401
1556.96	-5.35525
1559.62	26.6498
1562.28	-15.3448
1564.94	14.661
1567.59	10.6672
1570.25	24.6737
1572.9	14.6806
1575.56	-5.31214
1578.21	6.69551
1580.86	-5.29647
1583.52	-1.28807
1586.17	6.7207
1588.82	8.72986
1591.47	0.739395
1594.11	16.7493
1596.76	30.7596
1599.41	18.7703
1602.05	4.78134
1604.69	18.7928
1607.34	14.8046
1609.98	24.8168
1612.62	10.8295
1615.26	6.84245
1617.9	22.8558
1620.54	6.86961
1623.18	0.883771
1625.81	-3.10166
1628.45	32.9133
1631.08	-5.07137
1633.72	2.94438
1636.35	6.96052
1638.98	24.9771
1641.61	6.99399
1644.24	-6.98867
1646.87	19.0291
1649.5	-2.95279
1652.13	-0.934255
1654.75	1.0847
1657.38	-2.89596
1660	19.1238
1662.63	15.144
1665.25	11.1645
1667.87	5.18551
1670.49	1.2069
1673.11	17.2287
1675.73	19.2509
1678.35	9.27352
1680.96	7.29656
1683.58	17.32
1686.19	1.34386
1688.81	17.3681
1691.42	3.39284
1694.03	23.418
1696.64	27.4435
1699.25	23.4694
1701.87	7.49582
1704.47	25.5226
1707.08	15.5498
1709.69	-0.422536
1712.29	3.60553
1714.9	-12.366
1717.5	9.66292
1720.1	31.6923
1722.71	23.7221
1725.31	37.7522
1727.91	9.78288
1730.51	19.8139
1733.1	-2.15458
1735.7	15.8774
1738.3	25.9097
1740.89	9.9425
1743.49	5.97573
1746.08	30.0094
1748.67	26.0435
1751.26	2.07802
1753.86	8.113
1756.45	8.14843
1759.03	4.18427
1761.62	8.22058
1764.21	10.2573
1766.8	6.29448
1769.38	16.3321
1771.97	8.3702
1774.55	14.4087
1777.13	14.4477
1779.71	22.4871
1782.29	8.52692
1784.87	4.56723
1787.45	10.608
1790.03	30.6492
1792.61	22.6909
1795.18	4.73296
1797.76	24.7755
1800.33	34.8186
1802.9	16.862
1805.48	-3.09405
1808.05	-9.04967
1810.62	22.9952
1813.19	5.04048
1815.76	21.0862
1818.33	3.13248
1820.89	15.1792
1823.46	13.2263
1826.02	19.2739
1828.59	17.322
1831.15	11.3705
1833.71	1.4195
1836.27	5.46896
1838.84	29.5189
1841.39	17.5693
1843.95	21.6201
1846.51	17.6715
1849.07	17.7232
1851.62	9.77553
1854.18	29.8283
1856.73	3.88147
1859.29	23.9352
1861.84	19.9893
1864.39	6.04394
1866.94	8.09908
1869.49	22.1547
1872.04	20.2107
1874.59	-17.7327
1877.13	4.32427
1879.68	10.3817
1882.22	22.4397
1884.77	30.4982
1887.31	22.5571
1889.85	16.6165
1892.39	18.6764
1894.93	22.7368
1897.47	22.7977
1900.01	20.859
1902.55	34.9208
1905.09	0.983159
1907.62	27.046
1910.16	25.1092
1912.69	11.173
1915.22	13.2373
1917.76	25.302
1920.29	11.3673
1922.82	21.433
1925.35	13.4993
1927.88	17.566
1930.4	15.6332
1932.93	23.7009
1935.46	3.76915
1937.98	17.8379
1940.51	33.9071
1943.03	13.9768
1945.55	26.0469
1948.07	18.1177
1950.59	20.1888
1953.11	20.2605
1955.63	20.3327
1958.15	8.4054
1960.67	16.4786
1963.18	30.5523
1965.7	-7.37352
1968.21	22.7012
1970.73	10.7764
1973.24	20.8521
1975.75	18.9283
1978.26	25.0051
1980.77	23.0823
1983.28	5.16005
1985.79	21.2383
1988.29	37.317
1990.8	41.3963
1993.31	9.47611
1995.81	21.5564
1998.31	17.6372
