100.093	10.9557
103.274	7.08832
106.457	11.2201
109.636	11.351
112.817	17.481
115.994	11.6101
119.172	-6.2616
122.347	9.86576
125.521	13.9923
128.696	12.118
131.868	0.242776
135.039	8.36671
138.209	18.4898
141.379	2.61213
144.547	10.7335
147.713	6.85409
150.879	2.97382
154.043	9.09272
157.206	-0.789212
160.368	1.32803
163.529	5.44445
166.689	13.5601
169.848	19.6748
173.006	-2.21119
176.163	-0.0980289
179.316	16.0143
182.471	0.125803
185.625	2.23655
188.777	4.34651
191.927	16.4556
195.077	-3.43604
198.224	0.67147
201.372	-1.22174
204.52	18.8843
207.664	4.98944
210.809	9.0939
213.95	13.1975
217.091	-0.699638
220.233	15.4025
223.372	9.50383
226.509	3.60439
229.648	3.70425
232.784	21.8033
235.918	3.9016
239.051	11.9991
242.186	8.09601
245.317	8.19207
248.447	14.2874
251.577	8.38198
254.705	4.47583
257.832	10.569
260.958	16.6614
264.083	4.75302
267.204	0.84391
270.327	0.934143
273.449	3.02366
276.57	5.11247
279.69	3.20056
282.806	13.2879
285.924	7.37458
289.04	15.4606
292.154	-0.454205
295.268	15.6304
298.379	7.71423
301.492	19.7974
304.601	19.8799
307.711	-4.03824
310.818	12.0429
313.924	2.12331
317.031	22.2031
320.135	10.2822
323.238	16.3606
326.34	6.43838
329.443	14.5155
332.543	22.592
335.642	0.667735
338.74	16.7429
341.836	-3.18267
344.932	14.8912
348.027	18.9643
351.12	19.0369
354.213	19.1088
357.302	13.18
360.393	-0.749405
363.482	1.32059
366.57	13.39
369.656	5.45865
372.742	13.5268
375.827	9.59426
378.91	29.6611
381.993	9.72736
385.073	7.79296
388.154	-0.141993
391.232	15.9224
394.311	15.9862
397.387	24.0494
400.462	4.11202
403.536	16.174
406.611	2.23546
409.683	18.2963
412.754	8.3565
415.824	2.41615
418.893	14.4752
421.961	-5.4663
425.027	4.59161
428.093	-1.35106
431.158	8.70571
434.222	2.7619
437.284	6.81754
440.346	0.872606
443.407	4.92711
446.464	8.98103
449.523	7.03443
452.581	17.0873
455.635	-4.86046
458.691	23.1913
461.743	5.24246
464.797	11.2931
467.847	3.34322
470.899	25.3928
473.947	13.4418
476.994	11.4903
480.043	15.5383
483.088	11.5858
486.133	9.63268
489.176	7.67908
492.22	7.72499
495.262	15.7704
498.302	-4.18479
501.341	13.8595
504.38	15.9034
507.417	13.9467
510.453	7.98955
513.487	2.03185
516.521	-1.92632
519.554	14.115
522.586	8.15587
525.616	2.1962
528.646	22.2361
531.675	12.2755
534.701	8.31433
537.729	0.352759
540.753	0.390682
543.778	-7.57184
546.8	28.4651
549.821	-13.4984
552.844	-3.46229
555.863	6.57329
558.881	-3.39159
561.898	4.64307
564.916	16.6773
567.932	-1.28896
570.946	-3.25566
573.959	8.77719
576.971	4.80959
579.982	8.84154
582.993	8.87306
586	16.9041
589.008	10.9348
592.015	4.96496
595.022	16.9947
598.025	9.02406
601.029	9.05297
604.032	17.0815
607.033	13.1095
610.034	-0.862836
613.032	1.16438
616.032	1.19119
619.028	19.2176
622.023	3.24356
625.018	7.26913
628.013	9.29431
631.005	3.31907
633.997	15.3434
636.987	13.3674
639.977	11.391
642.965	-4.58587
645.952	15.4369
648.939	-6.5407
651.924	15.4813
654.909	-2.49707
657.892	7.52417
660.873	3.54502
663.854	-4.43449
666.835	5.58562
669.813	-0.394661
672.791	3.62471
675.767	33.6437
678.743	7.66233
681.717	5.68058
684.692	21.6985
687.664	29.716
690.634	7.73322
693.606	7.75006
696.575	19.7665
699.543	21.7827
702.51	5.79844
705.475	9.81388
708.44	13.829
711.404	7.84373
714.367	13.8581
717.329	5.87222
720.29	3.88597
723.25	3.89939
726.207	9.91246
729.166	11.9252
732.123	1.93766
735.077	9.94976
738.032	7.96155
740.984	13.973
743.938	15.9842
746.888	9.99502
749.839	18.0055
752.788	2.01577
755.735	8.02568
758.682	26.0353
761.627	12.0446
764.574	8.0536
767.517	12.0623
770.46	20.0707
773.402	18.0788
776.342	8.08665
779.282	-3.90581
782.219	12.1014
785.157	12.1084
788.094	16.1151
791.029	8.12147
793.962	6.12759
796.896	10.1334
799.828	22.139
802.76	24.1443
805.689	-9.85068
808.619	16.1541
811.546	10.1586
814.473	18.1628
817.4	16.1668
820.324	8.17046
823.248	22.1739
826.17	18.1771
829.092	18.18
832.012	2.18273
834.932	8.18517
837.851	20.1874
840.768	24.1893
843.685	22.191
846.599	16.1925
849.514	14.1937
852.428	22.1947
855.339	16.1954
858.251	4.19596
861.16	20.1963
864.07	18.1963
866.978	10.1962
869.884	4.19576
872.792	14.1952
875.696	12.1943
878.599	14.1933
881.502	18.192
884.404	2.19052
887.304	-1.81117
890.204	6.18693
893.103	12.1848
896.001	-1.8175
898.898	8.17998
901.794	28.1773
904.689	16.1743
907.581	2.17122
910.474	6.1679
913.364	6.16439
916.256	12.1607
919.144	4.15679
922.034	16.1527
924.92	6.14844
927.808	-1.85601
930.693	8.13935
933.576	8.13454
936.459	8.12955
939.341	16.1244
942.222	10.119
945.102	-5.88649
947.981	-1.89217
950.859	24.102
953.737	16.0959
956.613	4.08976
959.488	14.0834
962.361	4.0769
965.235	14.0702
968.105	6.0634
970.977	8.05641
973.846	2.04928
976.716	22.042
979.583	-1.96545
982.449	16.027
985.316	8.01923
988.18	6.01135
991.043	6.00333
993.906	-2.00482
996.767	1.98688
999.628	3.97845
1002.49	5.96988
1005.35	-0.0388221
1008.2	19.9523
1011.06	29.9434
1013.91	3.9343
1016.77	9.92509
1019.62	23.9158
1022.48	25.9063
1025.33	7.89672
1028.18	21.887
1031.03	9.87721
1033.87	1.86728
1036.72	5.85724
1039.57	17.8471
1042.41	15.8368
1045.26	-2.17353
1048.1	1.816
1050.94	3.80542
1053.78	17.7947
1056.62	7.78397
1059.46	7.77309
1062.3	5.76212
1065.14	9.75106
1067.97	7.7399
1070.81	1.72865
1073.64	17.7173
1076.47	9.70589
1079.31	15.6944
1082.14	11.6828
1084.97	1.67109
1087.8	13.6593
1090.63	15.6475
1093.45	7.63559
1096.28	25.6236
1099.1	17.6115
1101.93	5.5994
1104.75	3.5872
1107.57	13.5749
1110.39	15.5626
1113.21	15.5502
1116.03	9.53771
1118.85	13.5252
1121.66	9.51259
1124.48	3.49994
1127.3	15.4872
1130.11	9.47448
1132.92	9.46167
1135.73	15.4488
1138.54	11.4359
1141.35	7.42294
1144.16	13.4099
1146.97	11.3969
1149.78	7.38378
1152.58	-2.62934
1155.39	5.35748
1158.19	-0.655735
1161	9.33101
1163.8	19.3177
1166.6	3.30442
1169.4	17.2911
1172.2	1.27769
1174.99	25.2643
1177.79	5.25086
1180.59	-0.762597
1183.38	5.22393
1186.17	9.21042
1188.97	9.1969
1191.76	5.18336
1194.55	3.16981
1197.34	7.15624
1200.13	3.14265
1202.92	11.1291
1205.7	1.11546
1208.49	9.10184
1211.27	5.08822
1214.06	9.07459
1216.84	7.06096
1219.62	-2.95267
1222.4	-2.96631
1225.18	21.0201
1227.96	-0.993563
1230.74	12.9928
1233.51	10.9792
1236.29	2.96557
1239.06	16.952
1241.84	0.938377
1244.61	2.92479
1247.38	2.91123
1250.15	2.89768
1252.92	8.88414
1255.69	4.87062
1258.46	10.8571
1261.23	6.84364
1263.99	20.8302
1266.76	4.81676
1269.52	2.80335
1272.28	-9.21002
1275.05	10.7766
1277.81	14.7633
1280.57	10.75
1283.33	4.73677
1286.08	14.7235
1288.84	4.71036
1291.6	0.697219
1294.35	16.6841
1297.11	16.6711
1299.86	8.65803
1302.61	8.64505
1305.36	18.6321
1308.11	2.61923
1310.86	16.6064
1313.61	0.593608
1316.36	6.58086
1319.1	24.5682
1321.85	14.5556
1324.59	14.543
1327.33	10.5305
1330.08	-1.482
1332.82	14.5056
1335.56	-3.50674
1338.3	14.481
1341.04	12.4688
1343.77	0.456629
1346.51	10.4446
1349.25	8.43254
1351.98	6.42061
1354.71	-5.59127
1357.45	12.3969
1360.18	16.3852
1362.91	4.37357
1365.64	16.362
1368.37	14.3505
1371.09	14.3391
1373.82	26.3278
1376.54	8.31653
1379.27	-5.69463
1381.99	8.29429
1384.72	8.2833
1387.44	18.2724
1390.16	4.26158
1392.88	12.2509
1395.6	10.2402
1398.31	2.2297
1401.03	6.21926
1403.75	10.2089
1406.46	6.19867
1409.18	10.1885
1411.89	10.1785
1414.6	8.16854
1417.31	8.1587
1420.02	4.14896
1422.73	4.13933
1425.44	16.1298
1428.15	20.1204
1430.85	-1.88891
1433.56	6.1019
1436.26	6.09282
1438.97	8.08386
1441.67	10.075
1444.37	14.0663
1447.07	2.05766
1449.77	14.0492
1452.47	18.0408
1455.16	16.0325
1457.86	12.0244
1460.56	12.0164
1463.25	20.0085
1465.94	-7.99923
1468.64	-0.00685211
1471.33	5.98566
1474.02	9.97829
1476.71	25.9711
1479.4	3.96396
1482.09	-4.043
1484.77	-4.04982
1487.46	13.9435
1490.14	13.9369
1492.83	-0.0694713
1495.51	-6.07574
1498.19	13.9181
1500.87	5.91215
1503.55	9.90632
1506.23	1.90062
1508.91	5.89508
1511.59	5.88969
1514.27	5.88444
1516.94	5.87935
1519.62	-4.12559
1522.29	11.8696
1524.96	11.865
1527.63	1.86052
1530.3	7.8562
1532.97	29.852
1535.64	3.84804
1538.31	-6.1558
1540.98	9.84053
1543.64	1.83702
1546.31	17.8337
1548.97	5.83049
1551.63	11.8275
1554.3	13.8246
1556.96	9.82195
1559.62	19.8194
1562.28	21.8171
1564.94	19.815
1567.59	-8.18703
1570.25	9.81116
1572.9	-6.19047
1575.56	-6.19193
1578.21	13.8068
1580.86	19.8057
1583.52	9.80478
1586.17	11.8041
1588.82	15.8035
1591.47	1.80314
1594.11	-8.19703
1596.76	5.80298
1599.41	-0.196823
1602.05	9.80357
1604.69	13.8041
1607.34	3.80492
1609.98	13.8059
1612.62	11.807
1615.26	-2.1916
1617.9	13.8099
1620.54	1.8117
1623.18	-0.186358
1625.81	7.81579
1628.45	15.8181
1631.08	19.8207
1633.72	-0.176559
1636.35	7.8264
1638.98	1.82956
1641.61	9.83293
1644.24	-0.163489
1646.87	5.8403
1649.5	1.8443
1652.13	5.8485
1654.75	15.8529
1657.38	-2.14245
1660	11.8624
1662.63	3.86746
1665.25	15.8727
1667.87	7.87824
1670.49	9.88396
1673.11	3.88989
1675.73	5.89605
1678.35	5.90243
1680.96	1.90903
1683.58	7.91585
1686.19	7.92291
1688.81	17.9302
1691.42	11.9377
1694.03	11.9454
1696.64	15.9534
1699.25	-0.0384288
1701.87	3.97
1704.47	17.9787
1707.08	15.9875
1709.69	1.99667
1712.29	-3.99397
1714.9	6.01563
1717.5	14.0255
1720.1	-1.96447
1722.71	10.0458
1725.31	10.0564
1727.91	8.0672
1730.51	6.07824
1733.1	8.08952
1735.7	6.10105
1738.3	6.11283
1740.89	20.1248
1743.49	2.13712
1746.08	10.1496
1748.67	8.1624
1751.26	16.1754
1753.86	6.18869
1756.45	-5.79778
1759.03	28.216
1761.62	14.23
1764.21	10.2443
1766.8	24.2589
1769.38	22.2737
1771.97	2.28873
1774.55	-3.69594
1777.13	8.31964
1779.71	10.3355
1782.29	10.3516
1784.87	16.368
1787.45	14.3846
1790.03	2.4015
1792.61	4.41868
1795.18	2.43611
1797.76	12.4538
1800.33	8.4718
1802.9	14.49
1805.48	10.5086
1808.05	2.52735
1810.62	2.54642
1813.19	28.5658
1815.76	2.58538
1818.33	10.6053
1820.89	12.6254
1823.46	8.64589
1826.02	4.66662
1828.59	12.6876
1831.15	16.7089
1833.71	0.73048
1836.27	4.75233
1838.84	10.7745
1841.39	8.79688
1843.95	2.81959
1846.51	4.84258
1849.07	6.86585
1851.62	-5.11058
1854.18	16.9133
1856.73	0.937426
1859.29	4.96187
1861.84	0.986597
1864.39	5.01162
1866.94	15.0369
1869.49	-0.937444
1872.04	-8.91154
1874.59	11.1147
1877.13	3.14117
1879.68	7.16795
1882.22	21.1951
1884.77	15.2225
1887.31	11.2501
1889.85	7.27816
1892.39	15.3065
1894.93	21.3351
1897.47	15.364
1900.01	13.3932
1902.55	5.42272
1905.09	7.45255
1907.62	17.4827
1910.16	3.51311
1912.69	11.5439
1915.22	1.57495
1917.76	19.6063
1920.29	15.638
1922.82	17.67
1925.35	29.7023
1927.88	7.73496
1930.4	3.7679
1932.93	3.80116
1935.46	15.8347
1937.98	3.86864
1940.51	-2.09715
1943.03	3.93739
1945.55	7.97223
1948.07	12.0074
1950.59	28.0429
1953.11	8.07874
1955.63	18.1149
1958.15	16.1513
1960.67	12.1881
1963.18	8.22525
1965.7	-5.7373
1968.21	-3.69952
1970.73	8.33859
1973.24	16.377
1975.75	14.4158
1978.26	16.4549
1980.77	10.4943
1983.28	24.5341
1985.79	4.57415
1988.29	16.6146
1990.8	22.6554
1993.31	-1.30355
1995.81	30.7379
1998.31	10.7796
