100.093	13.539
103.274	15.6177
106.457	5.69564
109.636	5.77287
112.817	-4.15054
115.994	15.9253
119.172	16.0005
122.347	20.075
125.521	22.1488
128.696	-1.77804
131.868	24.2944
135.039	20.3662
138.209	14.4373
141.379	2.50774
144.547	4.5775
147.713	4.6466
150.879	0.715037
154.043	18.7828
157.206	14.8499
160.368	14.9164
163.529	8.98225
166.689	-4.95256
169.848	7.11197
173.006	-4.82413
176.163	13.2391
179.316	-0.698283
182.471	13.3637
185.625	5.42507
188.777	-2.51419
191.927	9.54588
195.077	15.6054
198.224	17.6642
201.372	3.72246
204.52	5.7801
207.664	-2.16291
210.809	11.8935
213.95	13.9493
217.091	32.0045
220.233	22.0591
223.372	-5.88693
226.509	16.1665
229.648	20.2193
232.784	14.2715
235.918	12.3231
239.051	30.3741
242.186	10.4246
245.317	24.4745
248.447	12.5238
251.577	10.5725
254.705	10.6207
257.832	30.6682
260.958	6.71527
264.083	8.76172
267.204	26.8076
270.327	10.8529
273.449	14.8977
276.57	18.9419
279.69	8.9856
282.806	11.0287
285.924	21.0713
289.04	7.11333
292.154	19.1548
295.268	5.19576
298.379	11.2362
301.492	17.2761
304.601	3.3154
307.711	9.35423
310.818	-4.60748
313.924	-0.569717
317.031	13.4676
320.135	17.5043
323.238	27.5405
326.34	17.5762
329.443	9.61141
332.543	7.64609
335.642	15.6803
338.74	25.7139
341.836	25.7471
344.932	3.77979
348.027	-2.18802
351.12	35.8437
354.213	7.87487
357.302	1.90556
360.393	7.93579
363.482	11.9655
366.57	7.9948
369.656	14.0236
372.742	6.05188
375.827	6.07971
378.91	16.1071
381.993	4.13396
385.073	24.1604
388.154	8.18635
391.232	4.21184
394.311	20.2369
397.387	20.2615
400.462	24.2856
403.536	-5.69074
406.611	16.3325
409.683	6.35528
412.754	0.377607
415.824	12.3995
418.893	6.42095
421.961	0.441962
425.027	0.462541
428.093	-3.51731
431.158	8.5024
434.222	14.5217
437.284	10.5406
440.346	12.559
443.407	16.577
446.464	16.5946
449.523	4.61179
452.581	22.6286
455.635	12.6449
458.691	14.6609
461.743	18.6764
464.797	2.69152
467.847	14.7062
470.899	8.72058
473.947	10.7345
476.994	0.74804
480.043	12.7612
483.088	14.7739
486.133	10.7863
489.176	18.7983
492.22	0.809863
495.262	2.82107
498.302	12.8319
501.341	24.8423
504.38	38.8524
507.417	2.86212
510.453	10.8715
513.487	14.8804
516.521	16.889
519.554	2.89723
522.586	0.905104
525.616	10.9126
528.646	8.91976
531.675	18.9266
534.701	20.933
537.729	24.9391
540.753	12.9448
543.778	18.9502
546.8	4.95528
549.821	0.959983
552.844	22.9644
555.863	14.9684
558.881	16.9721
561.898	2.97544
564.916	6.97847
567.932	-1.01883
570.946	14.9835
573.959	6.98559
576.971	10.9873
579.982	16.9887
582.993	20.9898
586	24.9906
589.008	6.99103
592.015	4.99117
595.022	0.991005
598.025	14.9905
601.029	-5.01025
604.032	12.9887
607.033	8.98728
610.034	18.9856
613.032	14.9836
616.032	10.9813
619.028	22.9788
622.023	4.9759
625.018	28.9727
628.013	20.9693
631.005	6.96558
633.997	16.9616
636.987	10.9573
639.977	4.95272
642.965	-9.05212
645.952	-7.05724
648.939	8.93737
651.924	8.93171
654.909	8.92578
657.892	14.9196
660.873	14.9131
663.854	14.9064
666.835	6.89942
669.813	12.8922
672.791	6.88468
675.767	-7.12307
678.743	12.8689
681.717	4.86067
684.692	8.85217
687.664	2.84342
690.634	-9.16557
693.606	16.8252
696.575	14.8157
699.543	30.806
702.51	10.796
705.475	-3.21414
708.44	20.7754
711.404	12.7648
714.367	16.7539
717.329	8.74281
720.29	10.7315
723.25	4.71993
726.207	10.7082
729.166	0.696173
732.123	12.684
735.077	6.67154
738.032	12.6589
740.984	20.6461
743.938	14.633
746.888	-1.38026
749.839	18.6063
752.788	0.5926
755.735	18.5787
758.682	10.5647
761.627	18.5504
764.574	20.5359
767.517	24.5213
770.46	-7.4936
773.402	8.49136
776.342	0.476127
779.282	-5.53929
782.219	14.4451
785.157	18.4293
788.094	10.4134
791.029	20.3972
793.962	10.3809
796.896	-13.6356
799.828	14.3477
802.76	18.3309
805.689	12.3139
808.619	22.2967
811.546	18.2794
814.473	28.2618
817.4	22.2442
820.324	8.22633
823.248	10.2083
826.17	12.1902
829.092	14.1719
832.012	16.1534
834.932	10.1348
837.851	34.1161
840.768	14.0972
843.685	6.07811
846.599	18.0589
849.514	14.0396
852.428	30.0201
855.339	6.00049
858.251	17.9807
861.16	15.9608
864.07	11.9408
866.978	21.9207
869.884	11.9004
872.792	31.88
875.696	29.8594
878.599	9.83875
881.502	9.81796
884.404	1.79705
887.304	11.776
890.204	17.7549
893.103	13.7336
896.001	3.71223
898.898	13.6907
901.794	7.66913
904.689	23.6474
907.581	13.6256
910.474	11.6037
913.364	7.58165
916.256	1.55951
919.144	5.53729
922.034	19.5149
924.92	1.49252
927.808	25.47
930.693	9.44737
933.576	9.42467
936.459	13.4019
939.341	11.379
942.222	-0.643999
945.102	23.3329
947.981	13.3098
950.859	9.28656
953.737	15.2632
956.613	21.2399
959.488	-0.783616
962.361	13.1929
965.235	9.16923
968.105	-6.85445
970.977	7.12179
973.846	15.098
976.716	-0.92594
979.583	9.05011
982.449	9.02608
985.316	9.00198
988.18	12.9778
991.043	12.9536
993.906	24.9294
996.767	14.905
999.628	-1.11933
1002.49	12.8562
1005.35	-3.16824
1008.2	12.8072
1011.06	14.7827
1013.91	12.758
1016.77	28.7334
1019.62	12.7086
1022.48	16.6839
1025.33	16.6591
1028.18	4.63425
1031.03	8.60939
1033.87	10.5845
1036.72	10.5595
1039.57	30.5346
1042.41	12.5096
1045.26	22.4845
1048.1	4.45947
1050.94	12.4344
1053.78	22.4093
1056.62	12.3841
1059.46	8.35897
1062.3	4.33379
1065.14	24.3086
1067.97	14.2834
1070.81	12.2582
1073.64	8.23292
1076.47	16.2077
1079.31	14.1824
1082.14	22.1571
1084.97	8.13184
1087.8	6.10655
1090.63	10.0813
1093.45	8.05597
1096.28	14.0307
1099.1	14.0054
1101.93	11.9801
1104.75	7.95477
1107.57	3.92948
1110.39	13.9042
1113.21	3.87892
1116.03	-0.146354
1118.85	11.8284
1121.66	21.8031
1124.48	7.77789
1127.3	-2.24732
1130.11	9.72746
1132.92	3.70228
1135.73	-8.32289
1138.54	13.652
1141.35	3.62683
1144.16	19.6017
1146.97	9.57663
1149.78	-2.44843
1152.58	1.52656
1155.39	1.50156
1158.19	1.47658
1161	23.4516
1163.8	-2.57325
1166.6	1.40187
1169.4	19.377
1172.2	19.3522
1174.99	9.32747
1177.79	3.30275
1180.59	19.2781
1183.38	-4.74655
1186.17	3.22884
1188.97	7.2043
1191.76	13.1798
1194.55	13.1554
1197.34	1.13095
1200.13	9.1066
1202.92	11.0823
1205.7	-6.94193
1208.49	3.03387
1211.27	13.0097
1214.06	-9.01433
1216.84	6.96165
1219.62	4.93771
1222.4	8.9138
1225.18	18.89
1227.96	8.86622
1230.74	2.84251
1233.51	6.81888
1236.29	-1.20468
1239.06	8.77183
1241.84	16.7484
1244.61	2.72507
1247.38	14.7018
1250.15	26.6786
1252.92	6.65548
1255.69	4.63243
1258.46	2.60948
1261.23	-1.41341
1263.99	20.5638
1266.76	-1.45893
1269.52	14.5184
1272.28	-3.5041
1275.05	6.47343
1277.81	8.45106
1280.57	0.428776
1283.33	6.40659
1286.08	4.38449
1288.84	10.3625
1291.6	2.34057
1294.35	4.31875
1297.11	2.29705
1299.86	4.27542
1302.61	14.2539
1305.36	26.2325
1308.11	10.2112
1310.86	18.19
1313.61	2.16887
1316.36	8.14786
1319.1	12.127
1321.85	2.10619
1324.59	2.08552
1327.33	-1.93504
1330.08	-3.95549
1332.82	22.0242
1335.56	8.00395
1338.3	7.98385
1341.04	3.96387
1343.77	5.944
1346.51	1.92426
1349.25	-4.09537
1351.98	-0.11487
1354.71	19.8657
1357.45	-0.15351
1360.18	13.8274
1362.91	-0.191649
1365.64	1.78948
1368.37	7.77074
1371.09	5.75212
1373.82	7.73364
1376.54	3.7153
1379.27	3.69709
1381.99	9.679
1384.72	3.66106
1387.44	-2.35674
1390.16	7.62559
1392.88	7.60807
1395.6	13.5907
1398.31	17.5735
1401.03	9.55636
1403.75	5.53941
1406.46	11.5226
1409.18	9.50594
1411.89	15.4894
1414.6	-8.52693
1417.31	1.45687
1420.02	21.4408
1422.73	1.4249
1425.44	3.40915
1428.15	15.3936
1430.85	7.37812
1433.56	13.3628
1436.26	1.34772
1438.97	7.33276
1441.67	-2.68204
1444.37	17.3033
1447.07	15.2889
1449.77	11.2745
1452.47	9.2604
1455.16	13.2464
1457.86	7.23261
1460.56	3.21896
1463.25	1.20549
1465.94	3.1922
1468.64	13.1791
1471.33	13.1661
1474.02	15.1533
1476.71	21.1407
1479.4	-2.87171
1482.09	11.116
1484.77	-4.89603
1487.46	-0.907919
1490.14	11.0804
1492.83	11.0688
1495.51	5.05749
1498.19	-2.95367
1500.87	7.03536
1503.55	11.0246
1506.23	5.01396
1508.91	-4.99645
1511.59	16.9933
1514.27	4.98329
1516.94	0.973447
1519.62	22.9638
1522.29	16.9543
1524.96	2.94507
1527.63	-7.06399
1530.3	0.927139
1532.97	8.91847
1535.64	12.91
1538.31	12.9017
1540.98	2.89365
1543.64	-1.11422
1546.31	-3.12188
1548.97	6.87065
1551.63	26.8634
1554.3	14.8563
1556.96	4.8495
1559.62	22.8429
1562.28	4.83644
1564.94	26.8302
1567.59	8.82422
1570.25	14.8184
1572.9	0.812843
1575.56	-5.19252
1578.21	-3.19767
1580.86	10.7974
1583.52	10.7927
1586.17	20.7882
1588.82	12.7839
1591.47	2.77984
1594.11	12.776
1596.76	10.7724
1599.41	10.769
1602.05	-3.23418
1604.69	14.7629
1607.34	14.7602
1609.98	10.7577
1612.62	6.75541
1615.26	10.7534
1617.9	-13.2484
1620.54	10.75
1623.18	14.7487
1625.81	-9.25245
1628.45	2.74667
1631.08	12.746
1633.72	4.74563
1636.35	8.74546
1638.98	2.74553
1641.61	16.7458
1644.24	8.74639
1646.87	4.74717
1649.5	8.7482
1652.13	14.7495
1654.75	2.75099
1657.38	10.7527
1660	8.75475
1662.63	10.757
1665.25	-9.2405
1667.87	10.7622
1670.49	2.76524
1673.11	4.76848
1675.73	12.772
1678.35	16.7757
1680.96	10.7797
1683.58	-3.21603
1686.19	4.78847
1688.81	-1.20677
1691.42	4.79825
1694.03	24.8035
1696.64	10.809
1699.25	4.81484
1701.87	2.82089
1704.47	2.8272
1707.08	10.8338
1709.69	0.840598
1712.29	6.84769
1714.9	8.85505
1717.5	16.8627
1720.1	12.8706
1722.71	12.8787
1725.31	-1.11286
1727.91	12.8958
1730.51	10.9048
1733.1	14.914
1735.7	6.92353
1738.3	10.9333
1740.89	12.9434
1743.49	8.95367
1746.08	2.96427
1748.67	8.97514
1751.26	6.98627
1753.86	-3.0023
1756.45	13.0094
1759.03	3.02137
1761.62	5.03364
1764.21	5.04617
1766.8	17.059
1769.38	17.0721
1771.97	3.08548
1774.55	7.09914
1777.13	13.1131
1779.71	1.12733
1782.29	3.14184
1784.87	29.1567
1787.45	17.1718
1790.03	-2.81287
1792.61	-0.797187
1795.18	21.2188
1797.76	5.23503
1800.33	-2.74842
1802.9	15.2684
1805.48	15.2855
1808.05	13.303
1810.62	13.3207
1813.19	19.3387
1815.76	1.35703
1818.33	9.37564
1820.89	23.3946
1823.46	7.41375
1826.02	-8.56673
1828.59	11.4531
1831.15	5.47317
1833.71	9.49359
1836.27	-2.48569
1838.84	7.53532
1841.39	21.5566
1843.95	7.57827
1846.51	5.6002
1849.07	-0.377571
1851.62	9.64498
1854.18	-0.332161
1856.73	5.69099
1859.29	13.7145
1861.84	7.73825
1864.39	5.76234
1866.94	19.7868
1869.49	19.8115
1872.04	5.83651
1874.59	1.86185
1877.13	25.8875
1879.68	-2.08652
1882.22	17.9398
1884.77	9.96639
1887.31	-10.0067
1889.85	2.02056
1892.39	14.0481
1894.93	12.076
1897.47	-3.89578
1900.01	4.13275
1902.55	6.16159
1905.09	-1.80923
1907.62	0.220264
1910.16	-3.74993
1912.69	8.28022
1915.22	2.3107
1917.76	6.34148
1920.29	12.3726
1922.82	12.4041
1925.35	12.4359
1927.88	-1.53204
1930.4	22.5004
1932.93	28.5332
1935.46	12.5663
1937.98	14.5997
1940.51	14.6335
1943.03	10.6676
1945.55	16.702
1948.07	14.7368
1950.59	0.771879
1953.11	14.8073
1955.63	20.8431
1958.15	14.8792
1960.67	22.9157
1963.18	14.9525
1965.7	14.9896
1968.21	9.02707
1970.73	15.0649
1973.24	7.10305
1975.75	11.1415
1978.26	11.1804
1980.77	13.2196
1983.28	25.2591
1985.79	7.29896
1988.29	3.33917
1990.8	15.3798
1993.31	27.4207
1995.81	15.4619
1998.31	15.5035
