100.093	8.06034
103.274	18.0955
106.457	4.1305
109.636	2.16533
112.817	6.20002
115.994	18.2345
119.172	28.2689
122.347	10.3031
125.521	-1.66291
128.696	16.371
131.868	22.4047
135.039	20.4382
138.209	14.4716
141.379	2.50483
144.547	18.5379
147.713	10.5708
150.879	16.6035
154.043	18.6361
157.206	-5.33147
160.368	14.7008
163.529	14.7329
166.689	14.7648
169.848	10.7966
173.006	4.82827
176.163	24.8597
179.316	10.891
182.471	12.9222
185.625	2.95319
188.777	16.984
191.927	9.0147
195.077	21.0452
198.224	23.0756
201.372	5.10581
204.52	1.13587
207.664	11.1658
210.809	5.1955
213.95	17.2251
217.091	19.2545
220.233	9.28378
223.372	23.3129
226.509	11.3418
229.648	15.3707
232.784	-6.60069
235.918	7.42781
239.051	3.45614
242.186	1.48435
245.317	21.5124
248.447	19.5403
251.577	9.56798
254.705	-4.40445
257.832	17.623
260.958	13.6502
264.083	7.67735
267.204	17.7043
270.327	15.7311
273.449	17.7578
276.57	11.7843
279.69	11.8106
282.806	15.8368
285.924	13.8629
289.04	-0.111238
292.154	19.9145
295.268	-4.05991
298.379	19.9655
301.492	9.99083
304.601	28.016
307.711	12.041
310.818	10.0658
313.924	4.09047
317.031	2.11502
320.135	18.1394
323.238	-1.83635
326.34	10.1877
329.443	12.2117
332.543	12.2355
335.642	4.25912
338.74	0.282616
341.836	10.306
344.932	14.3292
348.027	8.35221
351.12	6.37512
354.213	18.3979
357.302	16.4205
360.393	12.4429
363.482	2.46525
366.57	12.4874
369.656	16.5094
372.742	12.5313
375.827	4.55304
378.91	16.5746
381.993	-1.40394
385.073	4.61734
388.154	8.63849
391.232	14.6595
394.311	18.6803
397.387	6.70105
400.462	2.72161
403.536	14.742
406.611	14.7623
409.683	18.7824
412.754	6.80242
415.824	0.822255
418.893	-9.15805
421.961	14.8615
425.027	18.8809
428.093	-3.09982
431.158	12.9193
434.222	12.9383
437.284	0.957129
440.346	-5.02417
443.407	24.9944
446.464	-0.987215
449.523	-2.96894
452.581	3.04919
455.635	3.06717
458.691	-4.91498
461.743	1.10271
464.797	3.12028
467.847	13.1377
470.899	3.15498
473.947	5.17212
476.994	11.1891
480.043	-2.79402
483.088	11.2227
486.133	7.23927
489.176	17.2557
492.22	23.272
495.262	13.2882
498.302	17.3042
501.341	5.32007
504.38	5.33582
507.417	7.35142
510.453	-10.6331
513.487	11.3822
516.521	25.3974
519.554	9.41245
522.586	5.42736
525.616	3.44213
528.646	15.4568
531.675	15.4713
534.701	3.48564
537.729	1.49987
540.753	25.514
543.778	15.5279
546.8	7.54172
549.821	1.5554
552.844	11.569
555.863	21.5824
558.881	13.5956
561.898	-2.39124
564.916	7.62177
567.932	13.6346
570.946	17.6474
573.959	17.66
576.971	9.67243
579.982	3.68475
582.993	3.69695
586	25.709
589.008	7.72093
592.015	15.7327
595.022	3.74438
598.025	-0.244105
601.029	-0.232712
604.032	5.77855
607.033	3.78967
610.034	-2.19934
613.032	15.8115
616.032	5.82225
619.028	-4.16716
622.023	11.8433
625.018	7.85362
628.013	-6.13618
631.005	-2.12611
633.997	-0.116181
636.987	13.8936
639.977	3.90329
642.965	7.91283
645.952	7.92224
648.939	3.93152
651.924	7.94067
654.909	-2.05031
657.892	15.9586
660.873	13.9673
663.854	9.97596
666.835	11.9845
669.813	7.99282
672.791	8.00106
675.767	24.0092
678.743	10.0171
681.717	-7.975
684.692	8.03272
687.664	10.0403
690.634	10.0478
693.606	4.05512
696.575	6.06233
699.543	12.0694
702.51	10.0764
705.475	-1.91681
708.44	10.0899
711.404	-9.90354
714.367	16.1029
717.329	10.1092
720.29	10.1154
723.25	2.12148
726.207	12.1274
729.166	12.1332
732.123	14.1389
735.077	-1.85553
738.032	12.1499
740.984	8.15521
743.938	30.1604
746.888	6.16544
749.839	20.1704
752.788	12.1752
755.735	8.17986
758.682	8.18442
761.627	16.1889
764.574	20.1932
767.517	2.19734
770.46	16.2014
773.402	14.2053
776.342	18.2092
779.282	14.2128
782.219	6.2164
785.157	4.21984
788.094	4.22316
791.029	20.2264
793.962	10.2294
796.896	12.2324
799.828	16.2352
802.76	10.2379
805.689	6.24049
808.619	26.243
811.546	-5.75471
814.473	4.24751
817.4	4.2496
820.324	18.2516
823.248	26.2534
826.17	8.25516
829.092	20.2568
832.012	24.2583
834.932	10.2596
837.851	0.26088
840.768	16.262
843.685	36.263
846.599	12.2639
849.514	12.2647
852.428	30.2653
855.339	12.2659
858.251	22.2663
861.16	14.2666
864.07	2.26672
866.978	20.2668
869.884	20.2667
872.792	30.2665
875.696	6.26622
878.599	12.2658
881.502	14.2653
884.404	10.2646
887.304	16.2638
890.204	2.26293
893.103	14.2619
896.001	0.260788
898.898	22.2595
901.794	12.2582
904.689	30.2567
907.581	12.2551
910.474	6.25339
913.364	16.2516
916.256	6.24961
919.144	4.24755
922.034	2.24537
924.92	10.2431
927.808	8.24066
930.693	8.23814
933.576	-1.7645
936.459	18.2327
939.341	16.2299
942.222	2.22688
945.102	14.2238
947.981	-3.77944
950.859	12.2172
953.737	-1.78622
956.613	-3.78978
959.488	20.2065
962.361	26.2028
965.235	2.19886
968.105	12.1948
970.977	24.1907
973.846	14.1865
976.716	0.182114
979.583	14.1776
982.449	2.17306
985.316	12.1684
988.18	12.1636
991.043	6.15864
993.906	26.1536
996.767	6.14846
999.628	18.1432
1002.49	12.1378
1005.35	2.13236
1008.2	14.1268
1011.06	16.1211
1013.91	14.1152
1016.77	10.1093
1019.62	8.10328
1022.48	12.0971
1025.33	4.09088
1028.18	14.0845
1031.03	18.078
1033.87	10.0714
1036.72	4.06473
1039.57	4.05792
1042.41	2.051
1045.26	8.04397
1048.1	16.0368
1050.94	32.0296
1053.78	14.0222
1056.62	20.0148
1059.46	6.00718
1062.3	15.9995
1065.14	21.9917
1067.97	31.9838
1070.81	11.9758
1073.64	13.9677
1076.47	7.95943
1079.31	13.9511
1082.14	1.94265
1084.97	11.9341
1087.8	9.92543
1090.63	9.91667
1093.45	-4.09221
1096.28	21.8988
1099.1	11.8897
1101.93	5.88052
1104.75	11.8712
1107.57	11.8618
1110.39	15.8523
1113.21	29.8427
1116.03	11.8329
1118.85	1.8231
1121.66	9.81317
1124.48	-4.19688
1127.3	7.79297
1130.11	15.7827
1132.92	5.77234
1135.73	-0.238125
1138.54	15.7513
1141.35	11.7406
1144.16	5.72983
1146.97	9.71895
1149.78	13.708
1152.58	15.6969
1155.39	7.68566
1158.19	11.6743
1161	9.66294
1163.8	17.6514
1166.6	11.6398
1169.4	5.62808
1172.2	3.61626
1174.99	11.6043
1177.79	9.5923
1180.59	7.58017
1183.38	1.56793
1186.17	33.5556
1188.97	13.5431
1191.76	11.5306
1194.55	7.51795
1197.34	13.5052
1200.13	11.4923
1202.92	7.47939
1205.7	-6.53366
1208.49	7.45318
1211.27	13.4399
1214.06	19.4266
1216.84	7.41309
1219.62	13.3995
1222.4	1.38586
1225.18	15.3721
1227.96	17.3582
1230.74	7.34426
1233.51	7.33019
1236.29	13.316
1239.06	1.30176
1241.84	15.2874
1244.61	7.27292
1247.38	17.2583
1250.15	-6.75631
1252.92	-6.77109
1255.69	5.21404
1258.46	19.1991
1261.23	3.18401
1263.99	9.16885
1266.76	5.15358
1269.52	5.13822
1272.28	3.12276
1275.05	7.1072
1277.81	13.0915
1280.57	13.0758
1283.33	1.05993
1286.08	11.044
1288.84	13.0279
1291.6	5.01177
1294.35	8.99552
1297.11	12.9792
1299.86	0.962744
1302.61	-1.0538
1305.36	2.92957
1308.11	-1.08717
1310.86	6.89601
1313.61	8.87908
1316.36	4.86205
1319.1	16.8449
1321.85	12.8277
1324.59	26.8104
1327.33	12.793
1330.08	10.7755
1332.82	20.7579
1335.56	6.7402
1338.3	-9.27759
1341.04	4.70453
1343.77	0.686542
1346.51	6.66847
1349.25	10.6503
1351.98	4.63203
1354.71	8.61366
1357.45	0.59521
1360.18	22.5767
1362.91	0.558006
1365.64	0.539267
1368.37	-1.47957
1371.09	12.5015
1373.82	-1.51752
1376.54	12.4634
1379.27	12.4442
1381.99	10.4249
1384.72	14.4055
1387.44	12.386
1390.16	14.3664
1392.88	-9.65329
1395.6	8.32694
1398.31	8.30708
1401.03	6.28713
1403.75	14.2671
1406.46	8.24693
1409.18	-11.7733
1411.89	26.2064
1414.6	4.18596
1417.31	12.1655
1420.02	18.1449
1422.73	0.124167
1425.44	12.1034
1428.15	4.08251
1430.85	4.06154
1433.56	10.0405
1436.26	0.0193336
1438.97	-4.0019
1441.67	-6.02323
1444.37	7.95536
1447.07	9.93385
1449.77	9.91224
1452.47	13.8906
1455.16	-8.13123
1457.86	15.8469
1460.56	19.8249
1463.25	17.8029
1465.94	7.78074
1468.64	13.7585
1471.33	15.7362
1474.02	-10.2862
1476.71	13.6913
1479.4	7.66868
1482.09	5.646
1484.77	23.6232
1487.46	7.60039
1490.14	-2.42256
1492.83	5.55441
1495.51	5.53129
1498.19	3.50807
1500.87	15.4848
1503.55	19.4614
1506.23	7.43792
1508.91	17.4144
1511.59	3.39071
1514.27	5.36698
1516.94	19.3432
1519.62	21.3192
1522.29	7.29524
1524.96	9.27116
1527.63	1.24699
1530.3	15.2227
1532.97	11.1984
1535.64	11.1739
1538.31	17.1494
1540.98	-0.875168
1543.64	3.10013
1546.31	9.07537
1548.97	17.0505
1551.63	1.02555
1554.3	23.0005
1556.96	2.97539
1559.62	4.95018
1562.28	2.92489
1564.94	-1.10048
1567.59	6.87406
1570.25	6.84851
1572.9	18.8229
1575.56	6.79715
1578.21	12.7714
1580.86	-1.25453
1583.52	10.7195
1586.17	12.6934
1588.82	2.66729
1591.47	10.6411
1594.11	12.6148
1596.76	14.5884
1599.41	20.5619
1602.05	4.53535
1604.69	6.5087
1607.34	6.48198
1609.98	6.45516
1612.62	6.42827
1615.26	20.4013
1617.9	6.37424
1620.54	0.347084
1623.18	4.31987
1625.81	-1.70745
1628.45	-1.73484
1631.08	10.2377
1633.72	16.2101
1636.35	26.1825
1638.98	-1.84521
1641.61	-1.87301
1644.24	24.0991
1646.87	10.0711
1649.5	10.0431
1652.13	14.015
1654.75	7.98675
1657.38	7.95847
1660	23.9301
1662.63	31.9016
1665.25	1.87309
1667.87	5.84448
1670.49	-0.184212
1673.11	13.787
1675.73	5.75816
1678.35	3.72922
1680.96	1.7002
1683.58	5.67111
1686.19	1.64193
1688.81	19.6127
1691.42	7.58334
1694.03	9.55391
1696.64	9.52442
1699.25	17.4948
1701.87	29.4652
1704.47	7.43545
1707.08	-0.594367
1709.69	1.37574
1712.29	-0.654235
1714.9	-4.68429
1717.5	7.2856
1720.1	3.25538
1722.71	13.2251
1725.31	19.1947
1727.91	19.1643
1730.51	13.1338
1733.1	5.10317
1735.7	3.07248
1738.3	1.04172
1740.89	19.0109
1743.49	8.97998
1746.08	10.949
1748.67	10.9179
1751.26	2.88679
1753.86	2.85557
1756.45	24.8243
1759.03	-9.2071
1761.62	2.76143
1764.21	14.7299
1766.8	10.6983
1769.38	10.6666
1771.97	26.6349
1774.55	2.60303
1777.13	20.5711
1779.71	2.53913
1782.29	4.50708
1784.87	10.4749
1787.45	22.4427
1790.03	20.4104
1792.61	8.37806
1795.18	10.3456
1797.76	8.3131
1800.33	8.28051
1802.9	8.24785
1805.48	12.2151
1808.05	10.1823
1810.62	2.1494
1813.19	6.11643
1815.76	4.08338
1818.33	8.05026
1820.89	4.01706
1823.46	-0.0161915
1826.02	11.9505
1828.59	-2.08295
1831.15	3.88357
1833.71	-0.150006
1836.27	1.81636
1838.84	11.7827
1841.39	-16.2511
1843.95	17.715
1846.51	11.6811
1849.07	9.6471
1851.62	-10.387
1854.18	-8.42115
1856.73	7.54464
1859.29	15.5103
1861.84	3.47598
1864.39	13.4415
1866.94	1.40701
1869.49	3.37243
1872.04	1.33777
1874.59	3.30304
1877.13	11.2682
1879.68	13.2334
1882.22	11.1984
1884.77	5.1634
1887.31	15.1283
1889.85	7.09315
1892.39	1.05792
1894.93	1.02263
1897.47	14.9872
1900.01	14.9518
1902.55	0.916271
1905.09	18.8807
1907.62	-9.15498
1910.16	8.80931
1912.69	2.7735
1915.22	8.73762
1917.76	4.70169
1920.29	12.6657
1922.82	10.6296
1925.35	4.59342
1927.88	4.5572
1930.4	10.5209
1932.93	16.4845
1935.46	10.4481
1937.98	2.4116
1940.51	10.375
1943.03	14.3384
1945.55	10.3017
1948.07	18.2649
1950.59	6.22805
1953.11	14.1911
1955.63	12.1541
1958.15	14.1171
1960.67	24.08
1963.18	20.0428
1965.7	12.0055
1968.21	13.9682
1970.73	5.93076
1973.24	19.8933
1975.75	7.85576
1978.26	5.81814
1980.77	1.78048
1983.28	15.7427
1985.79	13.7049
1988.29	9.66705
1990.8	9.62908
1993.31	31.5911
1995.81	-2.44701
1998.31	-0.485135
