100.093	20.2737
103.274	16.2438
106.457	12.2143
109.636	42.1853
112.817	10.1567
115.994	16.1284
119.172	30.1006
122.347	22.0731
125.521	20.0461
128.696	20.0194
131.868	13.9932
135.039	7.96733
138.209	-2.05815
141.379	1.91675
144.547	11.892
147.713	11.8677
150.879	21.8438
154.043	3.8202
157.206	1.797
160.368	-2.22582
163.529	7.75173
166.689	21.7296
169.848	33.7079
173.006	3.68658
176.163	-0.334406
179.316	17.645
182.471	19.6247
185.625	15.6048
188.777	11.5852
191.927	11.5661
195.077	21.5472
198.224	17.5287
201.372	13.5106
204.52	-0.507261
207.664	21.4753
210.809	19.4582
213.95	9.44137
217.091	9.42493
220.233	43.4088
223.372	11.393
226.509	17.3776
229.648	13.3625
232.784	17.3477
235.918	13.3332
239.051	5.31907
242.186	15.3052
245.317	23.2917
248.447	9.27855
251.577	11.2657
254.705	17.2531
257.832	7.24088
260.958	17.2289
264.083	15.2173
267.204	7.20601
270.327	15.195
273.449	17.1843
276.57	19.1739
279.69	17.1637
282.806	5.15392
285.924	9.14439
289.04	-10.8648
292.154	7.12621
295.268	-2.88245
298.379	9.10919
301.492	1.1011
304.601	23.0933
307.711	19.0858
310.818	17.0785
313.924	13.0716
317.031	15.0649
320.135	31.0585
323.238	3.05233
326.34	-4.95354
329.443	13.0409
332.543	11.0355
335.642	9.03044
338.74	19.0256
341.836	13.0211
344.932	11.0168
348.027	11.0127
351.12	7.00897
354.213	19.0054
357.302	19.0022
360.393	2.99914
363.482	12.9964
366.57	12.9938
369.656	8.99154
372.742	-1.0105
375.827	6.98769
378.91	8.98613
381.993	2.9848
385.073	12.9837
388.154	16.9828
391.232	-3.01778
394.311	32.9818
397.387	6.98165
400.462	8.98171
403.536	4.98199
406.611	0.982492
409.683	2.98322
412.754	-1.01584
415.824	0.985323
418.893	0.9867
421.961	24.9883
425.027	10.9901
428.093	8.99211
431.158	0.994334
434.222	8.99676
437.284	2.9994
440.346	-4.99776
443.407	1.00528
446.464	11.0085
449.523	1.01196
452.581	3.0156
455.635	3.01943
458.691	5.02346
461.743	9.02767
464.797	19.0321
467.847	11.0367
470.899	13.0415
473.947	25.0464
476.994	9.05158
480.043	7.05691
483.088	21.0624
486.133	3.06811
489.176	5.07398
492.22	1.08002
495.262	19.0862
498.302	-2.90738
501.341	17.0992
504.38	23.1059
507.417	11.1128
510.453	5.11985
513.487	5.12706
516.521	11.1344
519.554	1.14198
522.586	13.1497
525.616	-0.842466
528.646	-10.8345
531.675	5.17371
534.701	7.18202
537.729	17.1905
540.753	1.1991
543.778	9.20787
546.8	9.21677
549.821	7.22582
552.844	11.235
555.863	15.2444
558.881	29.2538
561.898	11.2634
564.916	3.27318
567.932	5.28306
570.946	9.29307
573.959	7.30322
576.971	5.31349
579.982	-2.67611
582.993	9.33442
586	13.3451
589.008	7.35584
592.015	-4.63326
595.022	9.37776
598.025	-4.61111
601.029	-0.599859
604.032	3.41151
607.033	3.42299
610.034	11.4346
613.032	3.44629
616.032	-2.54189
619.028	13.47
622.023	19.482
625.018	21.4942
628.013	5.50642
631.005	7.51876
633.997	1.53119
636.987	15.5437
639.977	1.55636
642.965	11.5691
645.952	27.5819
648.939	9.59483
651.924	15.6078
654.909	5.62093
657.892	3.63412
660.873	3.64738
663.854	3.66074
666.835	-4.32581
669.813	1.6877
672.791	17.7013
675.767	-4.28502
678.743	17.7287
681.717	15.7426
684.692	15.7565
687.664	3.77048
690.634	-0.21547
693.606	9.79866
696.575	-2.18714
699.543	-6.17288
702.51	21.8414
705.475	17.8558
708.44	-4.1297
711.404	9.88481
714.367	13.8994
717.329	3.91403
720.29	3.92873
723.25	15.9435
726.207	-0.0417187
729.166	7.97314
732.123	13.9881
735.077	4.00301
738.032	20.018
740.984	22.0331
743.938	8.04819
746.888	12.0633
749.839	0.078534
752.788	6.09377
755.735	12.109
758.682	16.1243
761.627	26.1397
764.574	8.1551
767.517	10.1705
770.46	10.186
773.402	16.2015
776.342	10.217
779.282	16.2325
782.219	6.24811
785.157	24.2637
788.094	12.2793
791.029	12.295
793.962	24.3107
796.896	8.32638
799.828	20.3421
802.76	18.3578
805.689	4.37358
808.619	18.3894
811.546	4.40514
814.473	28.4209
817.4	20.4368
820.324	8.45257
823.248	4.4684
826.17	10.4842
829.092	6.50009
832.012	6.51594
834.932	4.53179
837.851	-13.4523
840.768	-9.43649
843.685	16.5794
846.599	16.5952
849.514	26.6111
852.428	16.6269
855.339	2.64278
858.251	18.6586
861.16	12.6745
864.07	10.6903
866.978	2.70609
869.884	12.7219
872.792	0.737691
875.696	12.7535
878.599	28.7692
881.502	-5.21503
884.404	2.80069
887.304	8.8164
890.204	20.8321
893.103	12.8478
896.001	4.86339
898.898	8.87901
901.794	6.89461
904.689	16.9102
907.581	16.9257
910.474	14.9412
913.364	2.9567
916.256	24.9721
919.144	8.98756
922.034	-12.9971
924.92	-4.98171
927.808	9.0336
930.693	1.04887
933.576	9.0641
936.459	21.0793
939.341	9.09444
942.222	13.1095
945.102	3.12461
947.981	13.1396
950.859	3.15461
953.737	17.1695
956.613	17.1844
959.488	7.19924
962.361	3.21401
965.235	17.2287
968.105	5.24341
970.977	-2.74197
973.846	19.2726
976.716	15.2871
979.583	11.3015
982.449	9.31592
985.316	11.3302
988.18	19.3445
991.043	5.35871
993.906	5.37285
996.767	9.38692
999.628	-4.59908
1002.49	3.41486
1005.35	13.4287
1008.2	7.44253
1011.06	9.45626
1013.91	25.4699
1016.77	9.4835
1019.62	17.497
1022.48	13.5104
1025.33	-4.4762
1028.18	23.5371
1031.03	-6.44972
1033.87	13.5634
1036.72	15.5764
1039.57	3.5894
1042.41	9.60227
1045.26	21.6151
1048.1	17.6278
1050.94	1.64038
1053.78	3.65291
1056.62	3.66535
1059.46	9.6777
1062.3	17.69
1065.14	17.7021
1067.97	5.71419
1070.81	5.72617
1073.64	11.7381
1076.47	27.7498
1079.31	9.76153
1082.14	11.7731
1084.97	9.78461
1087.8	13.796
1090.63	5.80728
1093.45	5.81846
1096.28	11.8295
1099.1	7.84052
1101.93	5.85138
1104.75	21.8621
1107.57	5.8728
1110.39	5.88334
1113.21	9.89377
1116.03	11.9041
1118.85	11.9143
1121.66	-0.0756149
1124.48	7.93437
1127.3	9.94423
1130.11	-0.0460255
1132.92	9.9636
1135.73	11.9731
1138.54	-0.0175081
1141.35	11.9918
1144.16	10.0009
1146.97	20.0099
1149.78	10.0188
1152.58	10.0276
1155.39	18.0362
1158.19	10.0448
1161	4.05315
1163.8	12.0614
1166.6	10.0695
1169.4	12.0775
1172.2	16.0854
1174.99	4.09314
1177.79	4.10074
1180.59	8.1082
1183.38	6.11553
1186.17	4.12272
1188.97	10.1298
1191.76	14.1367
1194.55	0.143454
1197.34	22.1501
1200.13	22.1566
1202.92	0.162918
1205.7	2.16912
1208.49	2.17517
1211.27	16.1811
1214.06	6.18684
1216.84	22.1925
1219.62	4.19792
1222.4	22.2032
1225.18	8.2084
1227.96	0.213406
1230.74	6.21827
1233.51	6.22297
1236.29	8.22752
1239.06	4.23191
1241.84	16.2361
1244.61	-5.75978
1247.38	6.24414
1250.15	8.2479
1252.92	6.2515
1255.69	12.2549
1258.46	10.2582
1261.23	22.2613
1263.99	22.2643
1266.76	-1.73294
1269.52	4.26967
1272.28	16.2721
1275.05	4.2744
1277.81	0.27651
1280.57	14.2785
1283.33	20.2802
1286.08	12.2818
1288.84	14.2832
1291.6	12.2845
1294.35	8.28557
1297.11	22.2865
1299.86	0.287203
1302.61	16.2878
1305.36	18.2881
1308.11	16.2883
1310.86	18.2883
1313.61	6.28815
1316.36	0.287803
1319.1	-7.71273
1321.85	16.2866
1324.59	6.28565
1327.33	8.28456
1330.08	14.2833
1332.82	14.2818
1335.56	14.2802
1338.3	14.2783
1341.04	22.2763
1343.77	14.2741
1346.51	10.2717
1349.25	6.26909
1351.98	28.2663
1354.71	6.26331
1357.45	6.26012
1360.18	16.2567
1362.91	-3.74683
1365.64	6.24939
1368.37	12.2454
1371.09	10.2413
1373.82	20.2369
1376.54	16.2323
1379.27	10.2275
1381.99	24.2226
1384.72	8.21738
1387.44	8.212
1390.16	8.20641
1392.88	16.2006
1395.6	22.1946
1398.31	6.18841
1401.03	12.182
1403.75	12.1754
1406.46	14.1685
1409.18	2.16148
1411.89	12.1542
1414.6	-1.85325
1417.31	20.1391
1420.02	8.13118
1422.73	10.1231
1425.44	14.1147
1428.15	2.10619
1430.85	10.0974
1433.56	8.08844
1436.26	20.0792
1438.97	-9.93018
1441.67	16.0602
1444.37	28.0503
1447.07	4.04024
1449.77	18.0299
1452.47	8.01941
1455.16	0.00865072
1457.86	-4.00233
1460.56	11.9865
1463.25	11.975
1465.94	-6.03663
1468.64	17.9515
1471.33	21.9394
1474.02	5.92701
1476.71	5.91444
1479.4	11.9016
1482.09	11.8886
1484.77	3.87531
1487.46	9.8618
1490.14	5.84806
1492.83	21.8341
1495.51	13.8199
1498.19	29.8054
1500.87	15.7907
1503.55	19.7758
1506.23	21.7606
1508.91	13.7452
1511.59	-0.270427
1514.27	13.7137
1516.94	7.69756
1519.62	1.68118
1522.29	17.6646
1524.96	17.6477
1527.63	5.6306
1530.3	5.61325
1532.97	1.59565
1535.64	9.5778
1538.31	15.5597
1540.98	17.5414
1543.64	-2.47722
1546.31	5.50395
1548.97	23.4848
1551.63	19.4655
1554.3	5.44591
1556.96	3.42606
1559.62	15.406
1562.28	15.3856
1564.94	23.365
1567.59	1.34413
1570.25	15.323
1572.9	11.3016
1575.56	15.28
1578.21	1.25809
1580.86	3.23593
1583.52	7.21351
1586.17	3.19084
1588.82	3.16789
1591.47	17.1447
1594.11	27.1212
1596.76	-2.90249
1599.41	11.0735
1602.05	17.0493
1604.69	-0.975252
1607.34	8.99996
1609.98	14.9749
1612.62	-5.05042
1615.26	18.924
1617.9	8.89814
1620.54	16.872
1623.18	18.8456
1625.81	18.8189
1628.45	-3.208
1631.08	22.7648
1633.72	2.73731
1636.35	12.7096
1638.98	-9.31848
1641.61	-9.34679
1644.24	8.62463
1646.87	8.59576
1649.5	0.566624
1652.13	8.53722
1654.75	8.50752
1657.38	10.4776
1660	12.4473
1662.63	12.4168
1665.25	6.38596
1667.87	4.35487
1670.49	10.3235
1673.11	2.29185
1675.73	14.2599
1678.35	6.22769
1680.96	0.195181
1683.58	-1.83759
1686.19	4.12932
1688.81	4.09595
1691.42	4.06231
1694.03	6.02836
1696.64	5.99415
1699.25	-4.04036
1701.87	-6.07518
1704.47	21.8897
1707.08	7.85435
1709.69	15.8187
1712.29	9.78271
1714.9	15.7464
1717.5	5.70991
1720.1	13.6731
1722.71	3.63591
1725.31	5.59849
1727.91	13.5607
1730.51	5.52273
1733.1	9.48442
1735.7	17.4458
1738.3	15.4069
1740.89	5.36765
1743.49	3.32814
1746.08	-4.71168
1748.67	1.2482
1751.26	11.2078
1753.86	9.16709
1756.45	15.1261
1759.03	-2.91524
1761.62	7.04312
1764.21	9.0012
1766.8	0.958982
1769.38	10.9165
1771.97	4.87359
1774.55	6.83045
1777.13	14.787
1779.71	8.74323
1782.29	6.69919
1784.87	8.65481
1787.45	8.61012
1790.03	14.5651
1792.61	12.5198
1795.18	8.47423
1797.76	8.42828
1800.33	10.3821
1802.9	4.33552
1805.48	14.2887
1808.05	6.24149
1810.62	6.194
1813.19	6.1462
1815.76	26.0981
1818.33	4.04964
1820.89	-1.99911
1823.46	-0.0481572
1826.02	15.9024
1828.59	13.8528
1831.15	21.8028
1833.71	1.75241
1836.27	3.70176
1838.84	11.6508
1841.39	9.5995
1843.95	17.5479
1846.51	23.496
1849.07	5.44373
1851.62	7.39114
1854.18	15.3382
1856.73	1.28503
1859.29	1.23146
1861.84	1.17761
1864.39	-2.87657
1866.94	15.0689
1869.49	11.014
1872.04	-9.04113
1874.59	4.90337
1877.13	6.84755
1879.68	20.7914
1882.22	18.7349
1884.77	8.67811
1887.31	16.621
1889.85	8.56351
1892.39	12.5057
1894.93	8.44761
1897.47	12.3891
1900.01	0.330338
1902.55	0.271218
1905.09	6.21176
1907.62	28.152
1910.16	6.09188
1912.69	10.0314
1915.22	1.97061
1917.76	13.9095
1920.29	5.84803
1922.82	15.7862
1925.35	-10.2759
1927.88	-4.33837
1930.4	5.59883
1932.93	7.53568
1935.46	5.4722
1937.98	1.40837
1940.51	7.34421
1943.03	17.2797
1945.55	5.21488
1948.07	17.1497
1950.59	-0.915818
1953.11	-0.981711
1955.63	8.9521
1958.15	22.8856
1960.67	10.8187
1963.18	6.75145
1965.7	2.68387
1968.21	10.6159
1970.73	2.54767
1973.24	-3.52096
1975.75	0.410112
1978.26	6.34079
1980.77	-1.72884
1983.28	0.201133
1985.79	2.1308
1988.29	4.06012
1990.8	23.989
1993.31	1.91765
1995.81	3.84591
1998.31	9.77387
