100.093	-4.88693
103.274	5.27522
106.457	3.43651
109.636	15.5967
112.817	-0.243939
115.994	-10.0857
119.172	2.07174
122.347	4.22808
125.521	4.38347
128.696	14.538
131.868	-3.30851
135.039	2.84403
138.209	-5.00437
141.379	7.14638
144.547	5.2961
147.713	7.44488
150.879	9.59274
154.043	17.7397
157.206	13.8857
160.368	-3.96925
163.529	2.17492
166.689	0.318173
169.848	2.46052
173.006	16.602
176.163	2.74249
179.316	8.88202
182.471	-0.979239
185.625	1.1586
188.777	3.29555
191.927	11.4315
195.077	-0.433295
198.224	-0.299085
201.372	3.83434
204.52	23.9669
207.664	18.0985
210.809	8.22928
213.95	8.35913
217.091	2.48813
220.233	12.6164
223.372	0.743637
226.509	8.87007
229.648	6.99574
232.784	9.12048
235.918	5.24437
239.051	1.36743
242.186	23.4897
245.317	5.61112
248.447	7.73169
251.577	7.85142
254.705	3.97033
257.832	10.0884
260.958	6.2057
264.083	20.3222
267.204	12.4377
270.327	10.5526
273.449	6.66662
276.57	18.7799
279.69	10.8923
282.806	7.00387
285.924	9.11473
289.04	15.2248
292.154	3.334
295.268	21.4425
298.379	9.55014
301.492	15.6571
304.601	21.7632
307.711	-0.131425
310.818	-8.02687
313.924	12.0769
317.031	16.18
320.135	6.28231
323.238	6.38383
326.34	8.4846
329.443	6.58469
332.543	8.68396
335.642	4.7825
338.74	4.88029
341.836	14.9773
344.932	5.07367
348.027	11.1693
351.12	9.26412
354.213	5.35826
357.302	9.45161
360.393	5.54431
363.482	9.63629
366.57	5.72755
369.656	-8.18195
372.742	1.9079
375.827	13.997
378.91	6.08543
381.993	8.17317
385.073	6.26016
388.154	-3.65348
391.232	6.43213
394.311	8.51711
397.387	-3.39866
400.462	6.6849
403.536	2.76778
406.611	6.85004
409.683	0.931571
412.754	1.01243
415.824	13.0926
418.893	11.1722
421.961	-4.74897
425.027	7.32925
428.093	3.40681
431.158	-12.5163
434.222	1.55997
437.284	-0.364423
440.346	3.71054
443.407	15.7849
446.464	15.8585
449.523	5.93155
452.581	12.004
455.635	6.07571
458.691	-5.85313
461.743	4.21736
464.797	-1.71273
467.847	10.3565
470.899	8.4252
473.947	4.49322
476.994	2.56063
480.043	12.6275
483.088	6.69368
486.133	14.7593
489.176	12.8243
492.22	0.888711
495.262	-1.04748
498.302	-0.984269
501.341	11.0784
504.38	15.1404
507.417	11.2019
510.453	5.26273
513.487	5.32299
516.521	3.38271
519.554	1.44187
522.586	11.5004
525.616	-0.441576
528.646	15.6159
531.675	21.6728
534.701	13.7291
537.729	-6.21517
540.753	11.84
543.778	5.89468
546.8	15.9488
549.821	6.00231
552.844	-5.94466
555.863	0.107793
558.881	-11.8403
561.898	4.21109
564.916	8.26198
567.932	8.3123
570.946	-7.63791
573.959	10.4114
576.971	8.46011
579.982	12.5083
582.993	16.556
586	14.6032
589.008	10.6499
592.015	-11.3039
595.022	10.7417
598.025	0.786869
601.029	14.8315
604.032	2.87569
607.033	6.91933
610.034	-3.03749
613.032	11.0052
616.032	17.0473
619.028	-0.910972
622.023	5.13022
625.018	1.17094
628.013	-0.788802
631.005	11.251
633.997	21.2902
636.987	13.3291
639.977	13.3674
642.965	-6.59472
645.952	1.4427
648.939	17.4797
651.924	21.5161
654.909	15.5522
657.892	-0.412229
660.873	13.6229
663.854	21.6576
666.835	5.6918
669.813	25.7256
672.791	27.7589
675.767	7.79182
678.743	17.8243
681.717	13.8563
684.692	5.88793
687.664	-6.08091
690.634	19.9498
693.606	7.98015
696.575	2.01004
699.543	8.03951
702.51	22.0686
705.475	10.0972
708.44	-1.87459
711.404	24.1532
714.367	10.1806
717.329	12.2076
720.29	18.2342
723.25	26.2604
726.207	10.2862
729.166	6.3116
732.123	22.3366
735.077	16.3612
738.032	6.38543
740.984	4.40925
743.938	6.43271
746.888	4.45577
749.839	-3.52154
752.788	12.5008
755.735	16.5227
758.682	24.5442
761.627	8.56542
764.574	18.5863
767.517	20.6067
770.46	2.62679
773.402	20.6465
776.342	18.6659
779.282	12.6849
782.219	8.70353
785.157	30.7218
788.094	8.73979
791.029	4.7574
793.962	6.77465
796.896	34.7916
799.828	22.8081
802.76	2.82437
805.689	18.8403
808.619	10.8558
811.546	26.8711
814.473	14.8859
817.4	22.9005
820.324	8.91477
823.248	16.9287
826.17	26.9423
829.092	24.9556
832.012	10.9685
834.932	16.9812
837.851	10.9935
840.768	15.0056
843.685	27.0173
846.599	31.0287
849.514	9.0398
852.428	5.05061
855.339	17.0611
858.251	5.07134
861.16	19.0813
864.07	3.09088
866.978	15.1002
869.884	19.1093
872.792	21.118
875.696	13.1265
878.599	21.1347
881.502	7.14261
884.404	-2.84975
887.304	21.1576
890.204	9.1647
893.103	-2.82848
896.001	3.17807
898.898	19.1844
901.794	-6.80963
904.689	11.1961
907.581	5.20161
910.474	17.2069
913.364	1.21183
916.256	19.2166
919.144	19.221
922.034	-2.77475
924.92	5.22922
927.808	17.2329
930.693	23.2364
933.576	19.2397
936.459	3.24267
939.341	17.2454
942.222	9.24796
945.102	11.2503
947.981	11.2523
950.859	19.2542
953.737	9.25576
956.613	11.2571
959.488	23.2583
962.361	15.2592
965.235	21.2599
968.105	3.26044
970.977	3.26072
973.846	7.26079
976.716	19.2606
979.583	15.2603
982.449	13.2597
985.316	-0.741033
988.18	9.258
991.043	3.25683
993.906	23.2555
996.767	17.2539
999.628	21.2521
1002.49	-2.74983
1005.35	9.24802
1008.2	13.2457
1011.06	27.2432
1013.91	7.24045
1016.77	15.2376
1019.62	19.2345
1022.48	23.2312
1025.33	-2.77222
1028.18	23.2242
1031.03	11.2204
1033.87	3.21643
1036.72	13.2123
1039.57	11.208
1042.41	1.20354
1045.26	7.19891
1048.1	23.1941
1050.94	15.1892
1053.78	15.1841
1056.62	15.1788
1059.46	17.1734
1062.3	1.1678
1065.14	11.1621
1067.97	13.1562
1070.81	9.15018
1073.64	13.144
1076.47	13.1377
1079.31	17.1312
1082.14	-2.87536
1084.97	15.1179
1087.8	1.11104
1090.63	11.104
1093.45	13.0969
1096.28	25.0896
1099.1	13.0822
1101.93	19.0747
1104.75	19.0671
1107.57	15.0593
1110.39	21.0514
1113.21	9.04339
1116.03	7.03525
1118.85	11.027
1121.66	13.0186
1124.48	-0.989834
1127.3	1.00158
1130.11	14.9929
1132.92	6.98408
1135.73	22.9752
1138.54	2.96617
1141.35	12.9571
1144.16	24.9478
1146.97	12.9385
1149.78	14.9291
1152.58	8.91962
1155.39	16.91
1158.19	6.90033
1161	-1.10945
1163.8	-5.11931
1166.6	24.8707
1169.4	28.8607
1172.2	4.85058
1174.99	0.840382
1177.79	14.8301
1180.59	22.8198
1183.38	4.80933
1186.17	6.79881
1188.97	10.7882
1191.76	16.7776
1194.55	4.76688
1197.34	-3.24391
1200.13	28.7452
1202.92	8.73433
1205.7	8.72336
1208.49	6.71233
1211.27	8.70123
1214.06	2.69009
1216.84	4.67888
1219.62	6.66762
1222.4	10.6563
1225.18	-5.35505
1227.96	12.6335
1230.74	10.6221
1233.51	16.6106
1236.29	22.599
1239.06	10.5875
1241.84	-5.42417
1244.61	14.5642
1247.38	2.55246
1250.15	6.54073
1252.92	-1.47105
1255.69	22.5172
1258.46	2.50532
1261.23	4.49346
1263.99	0.481572
1266.76	16.4697
1269.52	-5.54228
1272.28	16.4458
1275.05	10.4338
1277.81	0.421774
1280.57	28.4098
1283.33	8.39773
1286.08	0.385678
1288.84	-5.62638
1291.6	-3.63846
1294.35	2.34946
1297.11	12.3374
1299.86	4.32528
1302.61	18.3132
1305.36	2.30108
1308.11	14.289
1310.86	20.2769
1313.61	4.26477
1316.36	12.2527
1319.1	12.2406
1321.85	22.2285
1324.59	8.21641
1327.33	20.2043
1330.08	14.1923
1332.82	22.1802
1335.56	10.1682
1338.3	8.15617
1341.04	26.1442
1343.77	12.1322
1346.51	6.12023
1349.25	10.1083
1351.98	12.0964
1354.71	10.0845
1357.45	14.0726
1360.18	18.0608
1362.91	2.04895
1365.64	12.0372
1368.37	10.0254
1371.09	-1.98629
1373.82	4.00203
1376.54	-0.00960775
1379.27	9.97879
1381.99	9.96722
1384.72	17.9557
1387.44	7.94421
1390.16	1.93277
1392.88	7.92138
1395.6	15.91
1398.31	17.8987
1401.03	3.8875
1403.75	3.8763
1406.46	5.86515
1409.18	9.85406
1411.89	11.843
1414.6	11.8321
1417.31	17.8211
1420.02	7.81028
1422.73	7.79948
1425.44	1.78875
1428.15	1.77808
1430.85	-0.232523
1433.56	7.75694
1436.26	13.7465
1438.97	9.73608
1441.67	13.7258
1444.37	9.7155
1447.07	7.70532
1449.77	11.6952
1452.47	9.68519
1455.16	13.6752
1457.86	7.66537
1460.56	11.6556
1463.25	15.6459
1465.94	3.63626
1468.64	1.62672
1471.33	1.61727
1474.02	5.60791
1476.71	9.59863
1479.4	7.58945
1482.09	5.58036
1484.77	-2.42863
1487.46	9.56247
1490.14	9.55366
1492.83	9.54496
1495.51	23.5363
1498.19	-6.47216
1500.87	13.5194
1503.55	1.51113
1506.23	-10.4971
1508.91	13.4948
1511.59	1.48685
1514.27	7.47897
1516.94	7.47121
1519.62	11.4635
1522.29	17.456
1524.96	7.44857
1527.63	-0.558749
1530.3	-4.56595
1532.97	11.427
1535.64	1.42
1538.31	15.4132
1540.98	-2.59356
1543.64	17.3998
1546.31	9.39336
1548.97	5.38701
1551.63	1.38078
1554.3	11.3747
1556.96	11.3687
1559.62	9.36288
1562.28	9.35718
1564.94	13.3516
1567.59	9.34616
1570.25	3.34086
1572.9	3.3357
1575.56	-0.669334
1578.21	17.3258
1580.86	7.32103
1583.52	-2.68358
1586.17	23.312
1588.82	11.3076
1591.47	11.3035
1594.11	-16.7006
1596.76	11.2956
1599.41	-6.70817
1602.05	3.28825
1604.69	15.2848
1607.34	1.28155
1609.98	7.27843
1612.62	1.27547
1615.26	-0.727344
1617.9	23.27
1620.54	9.26751
1623.18	-4.73482
1625.81	13.263
1628.45	15.261
1631.08	13.2592
1633.72	3.25748
1636.35	7.25597
1638.98	5.25463
1641.61	9.25345
1644.24	7.25244
1646.87	3.25161
1649.5	17.2509
1652.13	23.2505
1654.75	9.25014
1657.38	-2.75
1660	5.25004
1662.63	25.2503
1665.25	-4.74935
1667.87	19.2512
1670.49	7.25198
1673.11	7.25292
1675.73	17.254
1678.35	17.2553
1680.96	13.2568
1683.58	21.2585
1686.19	-2.73961
1688.81	-2.73755
1691.42	19.2647
1694.03	5.26714
1696.64	21.2698
1699.25	17.2726
1701.87	5.27563
1704.47	1.27885
1707.08	17.2823
1709.69	1.28589
1712.29	11.2897
1714.9	17.2937
1717.5	3.29794
1720.1	9.30236
1722.71	9.30699
1725.31	17.3118
1727.91	23.3169
1730.51	9.3221
1733.1	7.32755
1735.7	9.33322
1738.3	9.33909
1740.89	7.34518
1743.49	5.35147
1746.08	3.35799
1748.67	17.3647
1751.26	11.3717
1753.86	37.3788
1756.45	11.3862
1759.03	13.3938
1761.62	15.4016
1764.21	17.4097
1766.8	11.4179
1769.38	3.4264
1771.97	9.43512
1774.55	-2.55595
1777.13	21.4532
1779.71	13.4626
1782.29	11.4722
1784.87	11.4821
1787.45	15.4922
1790.03	9.50247
1792.61	13.513
1795.18	5.5238
1797.76	-0.465183
1800.33	3.54607
1802.9	17.5576
1805.48	11.5693
1808.05	15.5812
1810.62	5.59345
1813.19	23.6059
1815.76	11.6186
1818.33	15.6315
1820.89	-2.3553
1823.46	19.6581
1826.02	19.6718
1828.59	15.6857
1831.15	7.69987
1833.71	17.7143
1836.27	15.7289
1838.84	-2.25614
1841.39	5.75903
1843.95	17.7745
1846.51	1.79013
1849.07	1.80605
1851.62	15.8222
1854.18	15.8387
1856.73	3.85538
1859.29	15.8723
1861.84	9.88956
1864.39	-0.0929638
1866.94	-8.07521
1869.49	11.9428
1872.04	19.9611
1874.59	9.9796
1877.13	5.9984
1879.68	28.0175
1882.22	14.0368
1884.77	12.0564
1887.31	16.0763
1889.85	8.09642
1892.39	10.1168
1894.93	10.1375
1897.47	6.15848
1900.01	10.1797
1902.55	6.20122
1905.09	14.223
1907.62	22.2451
1910.16	16.2674
1912.69	18.29
1915.22	22.3129
1917.76	0.336099
1920.29	12.3596
1922.82	8.38331
1925.35	14.4073
1927.88	-7.56835
1930.4	10.4562
1932.93	22.4811
1935.46	8.5063
1937.98	6.53176
1940.51	10.5575
1943.03	0.583556
1945.55	14.6099
1948.07	8.6365
1950.59	18.6634
1953.11	0.690619
1955.63	2.71811
1958.15	10.7459
1960.67	24.774
1963.18	24.8024
1965.7	16.8311
1968.21	2.86004
1970.73	10.8893
1973.24	16.9189
1975.75	2.94879
1978.26	10.979
1980.77	9.00946
1983.28	13.0403
1985.79	13.0714
1988.29	13.1028
1990.8	5.13449
1993.31	19.1665
1995.81	17.1988
1998.31	-0.768562
