100.093	20.3875
103.274	28.4068
106.457	10.4262
109.636	20.4455
112.817	8.46477
115.994	14.4841
119.172	16.5034
122.347	18.5226
125.521	24.5419
128.696	16.5611
131.868	6.58039
135.039	2.59962
138.209	0.618842
141.379	2.63807
144.547	16.6573
147.713	22.6765
150.879	22.6956
154.043	0.714808
157.206	8.73396
160.368	20.7531
163.529	12.7722
166.689	-5.20863
169.848	22.8105
173.006	24.8296
176.163	14.8487
179.316	14.8677
182.471	2.88678
185.625	4.90582
188.777	2.92485
191.927	0.94386
195.077	8.96286
198.224	0.981842
201.372	1.00082
204.52	7.01978
207.664	11.0387
210.809	17.0576
213.95	21.0765
217.091	7.09544
220.233	1.11432
223.372	21.1332
226.509	15.152
229.648	17.1709
232.784	21.1897
235.918	-0.791544
239.051	5.22723
242.186	-2.754
245.317	19.2647
248.447	21.2835
251.577	11.3022
254.705	15.3209
257.832	21.3395
260.958	5.35818
264.083	21.3768
267.204	7.39541
270.327	9.41401
273.449	11.4326
276.57	17.4511
279.69	7.46967
282.806	-4.51182
285.924	11.5067
289.04	9.52515
292.154	15.5436
295.268	7.56204
298.379	25.5804
301.492	15.5988
304.601	9.6172
307.711	5.63555
310.818	13.6539
313.924	-4.32784
317.031	-2.30955
320.135	13.7087
323.238	17.7269
326.34	15.7451
329.443	21.7633
332.543	15.7815
335.642	7.79964
338.74	23.8178
341.836	3.83586
344.932	1.85393
348.027	15.872
351.12	9.88999
354.213	-8.09201
357.302	11.926
360.393	3.9439
363.482	13.9618
366.57	9.97973
369.656	13.9976
372.742	18.0154
375.827	2.03326
378.91	14.051
381.993	6.06882
385.073	8.08655
388.154	0.104273
391.232	18.122
394.311	6.13962
397.387	4.15725
400.462	10.1748
403.536	2.19242
406.611	12.21
409.683	6.2275
412.754	26.245
415.824	12.2625
418.893	20.2799
421.961	10.2973
425.027	6.31468
428.093	-3.66797
431.158	4.34935
434.222	2.36664
437.284	14.3839
440.346	4.40114
443.407	8.41835
446.464	16.4355
449.523	16.4527
452.581	6.46977
455.635	6.48684
458.691	16.5039
461.743	20.5209
464.797	-1.46209
467.847	22.5549
470.899	16.5718
473.947	18.5887
476.994	2.60554
480.043	12.6224
483.088	16.6392
486.133	4.65593
489.176	2.67266
492.22	16.6894
495.262	6.70603
498.302	-3.27733
501.341	12.7393
504.38	4.75584
507.417	6.77237
510.453	12.7889
513.487	-1.19467
516.521	6.82176
519.554	16.8382
522.586	6.85453
525.616	8.87085
528.646	-9.11285
531.675	-17.0966
534.701	4.91963
537.729	2.93582
540.753	22.952
543.778	-3.03191
546.8	14.9842
549.821	13.0002
552.844	5.01623
555.863	7.0322
558.881	3.04814
561.898	3.06404
564.916	13.0799
567.932	-2.90426
570.946	11.1115
573.959	1.12728
576.971	-8.85701
579.982	9.15867
582.993	5.17432
586	11.1899
589.008	5.20548
592.015	7.22101
595.022	-2.7635
598.025	3.25194
601.029	21.2674
604.032	3.28273
607.033	1.29806
610.034	13.3134
613.032	11.3286
616.032	1.34384
619.028	-4.64099
622.023	3.37414
625.018	17.3892
628.013	11.4043
631.005	1.41932
633.997	7.43429
636.987	3.44923
639.977	-0.535876
642.965	1.47898
645.952	13.4938
648.939	9.50857
651.924	9.5233
654.909	3.53799
657.892	9.55264
660.873	11.5672
663.854	5.58181
666.835	7.59634
669.813	9.61082
672.791	11.6253
675.767	9.63965
678.743	5.65401
681.717	17.6683
684.692	17.6826
687.664	17.6968
690.634	13.711
693.606	15.7251
696.575	9.73924
699.543	21.7533
702.51	13.7673
705.475	5.78126
708.44	-4.20482
711.404	3.80906
714.367	1.82289
717.329	11.8367
720.29	7.85043
723.25	3.86413
726.207	-2.12222
729.166	11.8914
732.123	3.90496
735.077	1.91847
738.032	5.93195
740.984	1.94537
743.938	-2.04124
746.888	1.97209
749.839	-2.01461
752.788	-2.00137
755.735	14.0118
758.682	18.025
761.627	20.0381
764.574	4.05115
767.517	20.0642
770.46	12.0771
773.402	10.09
776.342	0.102917
779.282	22.1157
782.219	8.12851
785.157	30.1412
788.094	14.1539
791.029	34.1666
793.962	8.17914
796.896	12.1917
799.828	8.20417
802.76	4.21661
805.689	8.229
808.619	0.241348
811.546	18.2536
814.473	8.26588
817.4	10.2781
820.324	18.2902
823.248	0.30233
826.17	20.3144
829.092	2.32638
832.012	14.3383
834.932	8.35023
837.851	2.36208
840.768	16.3739
843.685	4.38563
846.599	4.39733
849.514	-1.59102
852.428	18.4206
855.339	6.43212
858.251	22.4436
861.16	8.45506
864.07	24.4665
866.978	2.4778
869.884	8.4891
872.792	18.5003
875.696	8.51153
878.599	12.5227
881.502	14.5338
884.404	4.54479
887.304	18.5558
890.204	-3.4333
893.103	14.5776
896.001	18.5884
898.898	18.5992
901.794	16.6099
904.689	4.62057
907.581	6.63118
910.474	4.64174
913.364	10.6522
916.256	16.6627
919.144	14.6731
922.034	4.68346
924.92	10.6938
927.808	2.704
930.693	8.71418
933.576	14.7243
936.459	-5.26561
939.341	16.7444
942.222	-1.24561
945.102	8.76431
947.981	-5.22583
950.859	10.784
953.737	12.7937
956.613	26.8034
959.488	2.81307
962.361	0.822658
965.235	16.8322
968.105	10.8417
970.977	-5.14891
973.846	6.86046
976.716	-3.13023
979.583	18.879
982.449	32.8882
985.316	8.89737
988.18	6.90645
991.043	6.91548
993.906	2.92446
996.767	12.9334
999.628	4.94224
1002.49	10.951
1005.35	2.95979
1008.2	16.9685
1011.06	18.9771
1013.91	24.9857
1016.77	14.9942
1019.62	-2.99732
1022.48	11.0111
1025.33	23.0194
1028.18	5.02772
1031.03	19.036
1033.87	7.04413
1036.72	25.0522
1039.57	3.06031
1042.41	25.0683
1045.26	11.0762
1048.1	-0.915869
1050.94	11.092
1053.78	21.0997
1056.62	3.10743
1059.46	9.11508
1062.3	17.1227
1065.14	19.1302
1067.97	-0.86232
1070.81	21.1451
1073.64	13.1524
1076.47	1.15974
1079.31	1.16698
1082.14	15.1742
1084.97	3.18127
1087.8	5.18833
1090.63	23.1953
1093.45	1.20226
1096.28	23.2091
1099.1	21.216
1101.93	13.2227
1104.75	-0.770593
1107.57	3.23604
1110.39	17.2426
1113.21	17.2491
1116.03	15.2556
1118.85	5.26198
1121.66	3.26831
1124.48	7.27458
1127.3	1.28079
1130.11	13.2869
1132.92	15.293
1135.73	-4.70095
1138.54	7.30502
1141.35	1.31092
1144.16	19.3168
1146.97	3.32254
1149.78	-0.671742
1152.58	39.3339
1155.39	9.3395
1158.19	-10.655
1161	3.3505
1163.8	9.35591
1166.6	15.3613
1169.4	5.36654
1172.2	13.3718
1174.99	15.3769
1177.79	9.382
1180.59	5.38703
1183.38	9.392
1186.17	9.39691
1188.97	17.4017
1191.76	13.4065
1194.55	9.41124
1197.34	7.41589
1200.13	31.4205
1202.92	7.425
1205.7	-2.57054
1208.49	17.4339
1211.27	15.4382
1214.06	-6.55754
1216.84	11.4467
1219.62	15.4508
1222.4	3.45488
1225.18	-10.5411
1227.96	13.4628
1230.74	19.4667
1233.51	15.4705
1236.29	5.47429
1239.06	17.478
1241.84	27.4816
1244.61	3.48517
1247.38	-2.51134
1250.15	7.49209
1252.92	9.49545
1255.69	7.49875
1258.46	3.50199
1261.23	9.50515
1263.99	11.5083
1266.76	3.51129
1269.52	7.51427
1272.28	7.51717
1275.05	9.52001
1277.81	13.5228
1280.57	9.52549
1283.33	7.52813
1286.08	1.53071
1288.84	13.5332
1291.6	13.5357
1294.35	7.53804
1297.11	9.54035
1299.86	13.5426
1302.61	13.5448
1305.36	-4.45312
1308.11	7.54893
1310.86	11.5509
1313.61	1.55281
1316.36	3.55466
1319.1	3.55643
1321.85	5.55814
1324.59	7.55978
1327.33	15.5614
1330.08	9.56287
1332.82	3.56431
1335.56	25.5657
1338.3	17.567
1341.04	1.56822
1343.77	17.5694
1346.51	11.5705
1349.25	7.57152
1351.98	3.57249
1354.71	3.57339
1357.45	1.57421
1360.18	19.575
1362.91	5.57567
1365.64	-0.423707
1368.37	7.57685
1371.09	-8.42266
1373.82	17.5778
1376.54	11.5781
1379.27	17.5784
1381.99	13.5786
1384.72	5.57874
1387.44	9.57882
1390.16	-0.421175
1392.88	1.57876
1395.6	17.5786
1398.31	-4.42157
1401.03	9.57816
1403.75	5.57782
1406.46	11.5774
1409.18	15.5769
1411.89	1.57638
1414.6	13.5758
1417.31	-6.42492
1420.02	3.57432
1422.73	29.5735
1425.44	11.5726
1428.15	5.57163
1430.85	-0.429409
1433.56	9.56948
1436.26	9.56831
1438.97	11.5671
1441.67	17.5657
1444.37	7.56435
1447.07	7.5629
1449.77	7.56137
1452.47	13.5598
1455.16	13.5581
1457.86	13.5564
1460.56	5.55454
1463.25	21.5527
1465.94	5.55071
1468.64	9.54869
1471.33	3.54659
1474.02	1.54442
1476.71	9.54219
1479.4	15.5399
1482.09	17.5375
1484.77	-0.464951
1487.46	7.53253
1490.14	9.52993
1492.83	3.52727
1495.51	7.52453
1498.19	11.5217
1500.87	11.5188
1503.55	3.51589
1506.23	3.51287
1508.91	23.5098
1511.59	15.5066
1514.27	-12.4966
1516.94	5.50006
1519.62	1.49667
1522.29	11.4932
1524.96	9.48969
1527.63	13.4861
1530.3	9.48242
1532.97	3.47867
1535.64	15.4749
1538.31	15.471
1540.98	15.467
1543.64	1.46297
1546.31	17.4589
1548.97	-0.545317
1551.63	9.45043
1554.3	13.4461
1556.96	1.44171
1559.62	15.4372
1562.28	5.43269
1564.94	23.4281
1567.59	3.42338
1570.25	-2.58138
1572.9	-0.586218
1575.56	9.40887
1578.21	7.40389
1580.86	15.3988
1583.52	7.3937
1586.17	-2.6115
1588.82	-12.6168
1591.47	25.3779
1594.11	17.3724
1596.76	-2.63305
1599.41	9.36138
1602.05	5.35573
1604.69	7.35001
1607.34	5.34422
1609.98	9.33835
1612.62	21.3324
1615.26	5.32639
1617.9	25.3203
1620.54	9.31414
1623.18	5.3079
1625.81	11.3016
1628.45	19.2952
1631.08	9.28874
1633.72	11.2822
1636.35	9.2756
1638.98	13.2689
1641.61	27.2622
1644.24	7.25532
1646.87	15.2484
1649.5	17.2414
1652.13	1.23437
1654.75	3.22724
1657.38	15.22
1660	-0.787254
1662.63	19.2054
1665.25	3.19796
1667.87	3.19045
1670.49	21.1829
1673.11	5.17521
1675.73	13.1675
1678.35	15.1597
1680.96	5.15179
1683.58	7.14383
1686.19	-0.864204
1688.81	15.1277
1691.42	1.1195
1694.03	5.11124
1696.64	7.10291
1699.25	9.0945
1701.87	5.08601
1704.47	13.0774
1707.08	19.0688
1709.69	7.06009
1712.29	21.0513
1714.9	15.0424
1717.5	17.0335
1720.1	15.0245
1722.71	27.0154
1725.31	9.00622
1727.91	4.99697
1730.51	12.9876
1733.1	-9.02175
1735.7	14.9688
1738.3	4.95923
1740.89	28.9496
1743.49	-9.0601
1746.08	0.930118
1748.67	12.9203
1751.26	18.9103
1753.86	20.9003
1756.45	12.8902
1759.03	8.88008
1761.62	14.8698
1764.21	16.8595
1766.8	8.84914
1769.38	24.8387
1771.97	-3.17188
1774.55	14.8175
1777.13	12.8068
1779.71	16.796
1782.29	2.78518
1784.87	14.7742
1787.45	0.76324
1790.03	12.7522
1792.61	8.741
1795.18	4.72976
1797.76	22.7184
1800.33	6.70706
1802.9	8.69559
1805.48	12.684
1808.05	8.67242
1810.62	8.66072
1813.19	12.6489
1815.76	8.63708
1818.33	10.6251
1820.89	12.6131
1823.46	10.6011
1826.02	12.5889
1828.59	12.5766
1831.15	6.56433
1833.71	2.55192
1836.27	16.5395
1838.84	16.5269
1841.39	6.51427
1843.95	-5.49844
1846.51	14.4888
1849.07	8.47591
1851.62	2.46297
1854.18	12.4499
1856.73	14.4369
1859.29	10.4237
1861.84	12.4104
1864.39	8.39709
1866.94	4.38367
1869.49	10.3702
1872.04	2.35662
1874.59	14.343
1877.13	10.3293
1879.68	4.31546
1882.22	16.3016
1884.77	22.2876
1887.31	2.27359
1889.85	6.25947
1892.39	-5.75472
1894.93	20.231
1897.47	8.21666
1900.01	10.2022
1902.55	0.187726
1905.09	16.1731
1907.62	12.1585
1910.16	14.1437
1912.69	16.1289
1915.22	0.114019
1917.76	18.099
1920.29	12.084
1922.82	8.06886
1925.35	14.0536
1927.88	10.0383
1930.4	4.02298
1932.93	12.0075
1935.46	5.992
1937.98	21.9764
1940.51	3.9607
1943.03	3.94493
1945.55	3.92909
1948.07	1.91317
1950.59	9.89717
1953.11	9.88108
1955.63	3.86492
1958.15	9.84869
1960.67	1.83237
1963.18	19.816
1965.7	15.7995
1968.21	9.78294
1970.73	1.7663
1973.24	11.7496
1975.75	-0.267203
1978.26	-4.28408
1980.77	-12.301
1983.28	15.6819
1985.79	9.66483
1988.29	-0.352362
1990.8	27.6304
1993.31	9.61301
1995.81	13.5956
1998.31	5.57808
