100.093	-2.74164
103.274	19.2054
106.457	19.1526
109.636	21.1
112.817	13.0476
115.994	10.9955
119.172	22.9436
122.347	20.8918
125.521	30.8403
128.696	10.789
131.868	16.7379
135.039	20.6871
138.209	10.6364
141.379	12.5859
144.547	22.5357
147.713	14.4856
150.879	6.43578
154.043	18.3862
157.206	28.3367
160.368	6.28751
163.529	-1.7615
166.689	16.1897
169.848	14.1411
173.006	10.0927
176.163	10.0445
179.316	15.9965
182.471	-0.0512798
185.625	9.90113
188.777	5.85373
191.927	7.80657
195.077	11.7596
198.224	7.71282
201.372	9.66622
204.52	1.61983
207.664	19.5737
210.809	13.5277
213.95	1.48189
217.091	15.4363
220.233	19.3909
223.372	19.3457
226.509	15.3007
229.648	23.2559
232.784	5.21132
235.918	3.16692
239.051	15.1227
242.186	9.07866
245.317	17.0348
248.447	0.991207
251.577	-21.0522
254.705	24.9045
257.832	24.8615
260.958	2.81859
264.083	10.7759
267.204	18.7335
270.327	10.6912
273.449	6.64905
276.57	16.6071
279.69	18.5654
282.806	-5.47612
285.924	10.4825
289.04	2.44135
292.154	12.4004
295.268	12.3596
298.379	14.319
301.492	10.2786
304.601	12.2384
307.711	10.1983
310.818	18.1584
313.924	12.1188
317.031	20.0793
320.135	6.03995
323.238	18.0008
326.34	13.9619
329.443	21.9231
332.543	11.8845
335.642	3.84612
338.74	3.8079
341.836	9.76986
344.932	19.732
348.027	7.69432
351.12	-0.34319
354.213	21.6195
357.302	-0.417645
360.393	5.54538
363.482	17.5086
366.57	29.472
369.656	5.43553
372.742	15.3993
375.827	33.3632
378.91	13.3273
381.993	15.2915
385.073	7.25596
388.154	3.22056
391.232	21.1853
394.311	19.1503
397.387	3.11543
400.462	5.08073
403.536	1.04621
406.611	17.0118
409.683	14.9777
412.754	6.94364
415.824	6.9098
418.893	12.8761
421.961	4.84261
425.027	14.8093
428.093	-1.2239
431.158	4.7431
434.222	2.71026
437.284	40.6776
440.346	-19.3549
443.407	16.6127
446.464	-3.41941
449.523	0.548581
452.581	10.5167
455.635	12.4851
458.691	8.45356
461.743	-1.57778
464.797	2.39103
467.847	12.36
470.899	-5.67085
473.947	-5.70154
476.994	6.26794
480.043	16.2376
483.088	-3.79265
486.133	-3.8227
489.176	30.1474
492.22	14.1177
495.262	6.0881
498.302	12.0587
501.341	14.0294
504.38	10.0003
507.417	15.9714
510.453	15.9426
513.487	15.914
516.521	7.88556
519.554	-8.14276
522.586	3.82909
525.616	3.8011
528.646	5.77325
531.675	-12.2544
534.701	-0.281961
537.729	7.69065
540.753	5.66344
543.778	9.63635
546.8	15.6094
549.821	5.58268
552.844	11.5561
555.863	15.5296
558.881	15.5033
561.898	5.47713
564.916	23.4511
567.932	9.42525
570.946	17.3995
573.959	3.37398
576.971	5.34857
579.982	13.3233
582.993	5.29819
586	1.27324
589.008	5.24842
592.015	13.2237
595.022	15.1992
598.025	7.17484
601.029	7.1506
604.032	-2.87349
607.033	3.10258
610.034	3.07877
613.032	-0.944874
616.032	9.03161
619.028	13.0082
622.023	-1.01497
625.018	-15.038
628.013	10.939
631.005	0.916221
633.997	18.8936
636.987	18.8711
639.977	2.8487
642.965	16.8265
645.952	6.80438
648.939	6.78243
651.924	20.7606
654.909	8.73895
657.892	-3.28258
660.873	8.69604
663.854	-5.32522
666.835	20.6537
669.813	2.6327
672.791	22.6119
675.767	2.59116
678.743	6.57058
681.717	-5.44984
684.692	8.52986
687.664	16.5097
690.634	14.4897
693.606	14.4698
696.575	4.45003
699.543	16.4304
702.51	14.4109
705.475	10.3916
708.44	0.372352
711.404	2.35326
714.367	-7.66569
717.329	8.31548
720.29	6.29678
723.25	14.2782
726.207	12.2598
729.166	10.2415
732.123	10.2233
735.077	2.20529
738.032	12.1874
740.984	2.16959
743.938	2.15193
746.888	10.1344
749.839	12.117
752.788	22.0997
755.735	10.0826
758.682	0.0655943
761.627	28.0487
764.574	14.0319
767.517	10.0153
770.46	5.99879
773.402	-6.01759
776.342	7.96615
779.282	1.95001
782.219	13.934
785.157	3.91812
788.094	11.9024
791.029	1.88671
793.962	-4.1288
796.896	27.8558
799.828	-4.15947
802.76	7.82538
805.689	13.8104
808.619	23.7954
811.546	3.78066
814.473	13.766
817.4	-2.24856
820.324	9.73702
823.248	33.7227
826.17	17.7085
829.092	13.6945
832.012	13.6805
834.932	9.66668
837.851	9.65297
840.768	7.63937
843.685	13.6259
846.599	19.6125
849.514	19.5993
852.428	13.5862
855.339	3.57315
858.251	-0.439748
861.16	11.5475
864.07	3.5348
866.978	1.52226
869.884	9.50982
872.792	3.49749
875.696	5.48529
878.599	21.4732
881.502	11.4612
884.404	25.4493
887.304	-6.56241
890.204	1.42594
893.103	17.4144
896.001	11.403
898.898	5.39167
901.794	7.38047
904.689	5.36938
907.581	1.35841
910.474	19.3475
913.364	7.33678
916.256	-4.67387
919.144	15.3156
922.034	13.3052
924.92	1.29483
927.808	11.2846
930.693	9.2745
933.576	7.2645
936.459	15.2546
939.341	25.2448
942.222	13.2351
945.102	3.22557
947.981	13.2161
950.859	17.2067
953.737	13.1975
956.613	7.18833
959.488	3.17928
962.361	23.1703
965.235	17.1615
968.105	3.15277
970.977	7.14413
973.846	23.1356
976.716	1.12718
979.583	19.1189
982.449	11.1106
985.316	9.10251
988.18	3.0945
991.043	-0.91342
993.906	11.0788
996.767	11.0711
999.628	5.06344
1002.49	-0.944077
1005.35	3.04851
1008.2	29.0412
1011.06	19.034
1013.91	21.0269
1016.77	7.01984
1019.62	7.01293
1022.48	35.0061
1025.33	2.99938
1028.18	8.99275
1031.03	10.9862
1033.87	2.9798
1036.72	6.97346
1039.57	22.9672
1042.41	10.9611
1045.26	28.955
1048.1	20.9491
1050.94	0.943222
1053.78	18.9375
1056.62	12.9318
1059.46	6.92622
1062.3	14.9207
1065.14	2.91536
1067.97	8.91006
1070.81	0.904865
1073.64	16.8998
1076.47	18.8947
1079.31	6.88982
1082.14	0.884995
1084.97	4.88026
1087.8	-3.12439
1090.63	10.8711
1093.45	14.8666
1096.28	18.8622
1099.1	28.8579
1101.93	4.85374
1104.75	12.8496
1107.57	4.84563
1110.39	2.8417
1113.21	8.83787
1116.03	-11.1659
1118.85	22.8305
1121.66	12.8269
1124.48	8.82341
1127.3	8.82001
1130.11	8.8167
1132.92	16.8135
1135.73	6.81035
1138.54	10.8073
1141.35	-3.19566
1144.16	14.8015
1146.97	8.79867
1149.78	8.79596
1152.58	-5.20666
1155.39	12.7908
1158.19	8.78836
1161	8.78599
1163.8	2.78371
1166.6	8.78151
1169.4	22.7794
1172.2	10.7774
1174.99	12.7754
1177.79	12.7735
1180.59	26.7718
1183.38	2.77006
1186.17	6.76844
1188.97	-11.2331
1191.76	18.7654
1194.55	22.7641
1197.34	10.7628
1200.13	18.7615
1202.92	14.7604
1205.7	10.7594
1208.49	16.7584
1211.27	20.7575
1214.06	12.7567
1216.84	0.755929
1219.62	-1.24473
1222.4	-1.24531
1225.18	10.7542
1227.96	-7.24624
1230.74	0.753411
1233.51	6.75314
1236.29	18.7529
1239.06	6.75283
1241.84	4.75279
1244.61	18.7528
1247.38	6.75294
1250.15	0.753127
1252.92	16.7534
1255.69	20.7537
1258.46	12.7541
1261.23	16.7546
1263.99	16.7552
1266.76	20.7558
1269.52	-13.2435
1272.28	8.75733
1275.05	-5.24181
1277.81	18.7591
1280.57	26.7601
1283.33	4.7612
1286.08	-3.23765
1288.84	8.76358
1291.6	2.76487
1294.35	8.76624
1297.11	10.7677
1299.86	16.7692
1302.61	2.77076
1305.36	0.772414
1308.11	16.7741
1310.86	-5.22407
1313.61	0.777788
1316.36	8.77972
1319.1	-1.21828
1321.85	22.7838
1324.59	14.7859
1327.33	6.78814
1330.08	18.7904
1332.82	24.7928
1335.56	14.7952
1338.3	-5.20235
1341.04	22.8002
1343.77	14.8028
1346.51	2.8055
1349.25	14.8082
1351.98	-13.1889
1354.71	-1.18605
1357.45	14.8169
1360.18	-1.18009
1362.91	12.823
1365.64	2.82614
1368.37	10.8293
1371.09	8.83262
1373.82	16.836
1376.54	8.83937
1379.27	-9.15716
1381.99	34.8464
1384.72	18.85
1387.44	20.8536
1390.16	-7.14265
1392.88	22.8611
1395.6	16.865
1398.31	2.8689
1401.03	6.87287
1403.75	16.8769
1406.46	4.88101
1409.18	10.8852
1411.89	6.88939
1414.6	22.8937
1417.31	20.898
1420.02	18.9024
1422.73	2.90689
1425.44	22.9114
1428.15	18.916
1430.85	8.92064
1433.56	8.92535
1436.26	22.9301
1438.97	12.9349
1441.67	4.93982
1444.37	8.94476
1447.07	38.9498
1449.77	16.9548
1452.47	8.95993
1455.16	14.9651
1457.86	26.9703
1460.56	4.97562
1463.25	16.981
1465.94	0.986369
1468.64	6.99183
1471.33	12.9973
1474.02	7.00292
1476.71	11.0085
1479.4	9.01423
1482.09	-0.980033
1484.77	11.0258
1487.46	17.0316
1490.14	5.03751
1492.83	11.0435
1495.51	-8.95051
1498.19	1.05555
1500.87	1.06167
1503.55	9.06785
1506.23	11.0741
1508.91	15.0804
1511.59	9.0867
1514.27	11.0931
1516.94	15.0995
1519.62	5.10602
1522.29	9.11257
1524.96	11.1192
1527.63	21.1258
1530.3	17.1325
1532.97	23.1393
1535.64	15.1461
1538.31	13.1529
1540.98	11.1598
1543.64	1.16679
1546.31	17.1738
1548.97	3.18086
1551.63	13.188
1554.3	13.1951
1556.96	11.2023
1559.62	9.20958
1562.28	17.2169
1564.94	7.22424
1567.59	7.23164
1570.25	15.2391
1572.9	-20.7534
1575.56	9.25414
1578.21	15.2617
1580.86	5.26938
1583.52	5.27707
1586.17	9.2848
1588.82	21.2926
1591.47	13.3004
1594.11	19.3083
1596.76	13.3162
1599.41	11.3242
1602.05	5.33221
1604.69	1.34027
1607.34	3.34838
1609.98	3.35653
1612.62	13.3647
1615.26	7.37298
1617.9	3.38126
1620.54	13.3896
1623.18	13.398
1625.81	15.4064
1628.45	3.41486
1631.08	7.42337
1633.72	15.4319
1636.35	5.44052
1638.98	11.4492
1641.61	1.45784
1644.24	9.46657
1646.87	13.4753
1649.5	-0.51585
1652.13	27.493
1654.75	17.5019
1657.38	15.5108
1660	13.5198
1662.63	17.5288
1665.25	3.53789
1667.87	23.547
1670.49	5.55614
1673.11	23.5653
1675.73	13.5745
1678.35	33.5838
1680.96	-0.406885
1683.58	11.6025
1686.19	5.61184
1688.81	11.6213
1691.42	9.63073
1694.03	21.6402
1696.64	11.6498
1699.25	5.65935
1701.87	5.66897
1704.47	13.6786
1707.08	15.6883
1709.69	25.6981
1712.29	15.7078
1714.9	11.7176
1717.5	13.7275
1720.1	13.7374
1722.71	25.7473
1725.31	-6.24277
1727.91	17.7672
1730.51	21.7773
1733.1	11.7873
1735.7	15.7974
1738.3	27.8076
1740.89	7.81774
1743.49	25.8279
1746.08	7.83819
1748.67	3.84847
1751.26	7.85878
1753.86	9.86913
1756.45	11.8795
1759.03	-2.11006
1761.62	23.9004
1764.21	1.91088
1766.8	21.9214
1769.38	3.93195
1771.97	-0.0574549
1774.55	13.9532
1777.13	13.9638
1779.71	-6.02549
1782.29	19.9852
1784.87	17.996
1787.45	20.0068
1790.03	20.0176
1792.61	24.0284
1795.18	36.0393
1797.76	8.05023
1800.33	18.0612
1802.9	8.07215
1805.48	20.0832
1808.05	6.0942
1810.62	26.1053
1813.19	4.11637
1815.76	14.1275
1818.33	-7.86133
1820.89	18.1499
1823.46	28.1611
1826.02	18.1723
1828.59	2.18362
1831.15	18.1949
1833.71	10.2063
1836.27	20.2176
1838.84	-13.771
1841.39	20.2405
1843.95	14.2519
1846.51	12.2634
1849.07	8.27491
1851.62	30.2865
1854.18	42.298
1856.73	-5.69038
1859.29	2.32125
1861.84	12.3329
1864.39	12.3446
1866.94	26.3563
1869.49	16.368
1872.04	6.37978
1874.59	8.39156
1877.13	2.40338
1879.68	22.4152
1882.22	24.4271
1884.77	20.439
1887.31	30.4509
1889.85	10.4628
1892.39	16.4748
1894.93	2.48678
1897.47	16.4988
1900.01	28.5108
1902.55	16.5229
1905.09	14.535
1907.62	24.5471
1910.16	12.5593
1912.69	6.57143
1915.22	8.58362
1917.76	4.59583
1920.29	12.6081
1922.82	12.6203
1925.35	14.6326
1927.88	14.6449
1930.4	24.6572
1932.93	-7.3304
1935.46	16.682
1937.98	14.6944
1940.51	22.7068
1943.03	24.7192
1945.55	14.7317
1948.07	-1.25581
1950.59	12.7567
1953.11	2.76923
1955.63	16.7818
1958.15	36.7943
1960.67	36.8069
1963.18	14.8196
1965.7	34.8322
1968.21	8.84484
1970.73	12.8575
1973.24	24.8702
1975.75	12.8829
1978.26	22.8957
1980.77	16.9084
1983.28	2.9212
1985.79	32.934
1988.29	16.9468
1990.8	8.95965
1993.31	14.9725
1995.81	8.98538
1998.31	18.9983
