100.093	23.6009
103.274	11.5436
106.457	27.4866
109.636	21.4301
112.817	3.37402
115.994	9.31839
119.172	25.2632
122.347	35.2084
125.521	31.154
128.696	9.10005
131.868	19.0465
135.039	2.99345
138.209	-3.05923
141.379	16.8885
144.547	14.8366
147.713	0.785178
150.879	14.7341
154.043	28.6835
157.206	0.633303
160.368	0.583487
163.529	20.5341
166.689	8.48506
169.848	8.43644
173.006	8.38822
176.163	18.3404
179.316	16.293
182.471	12.246
185.625	20.1993
188.777	8.15303
191.927	4.10718
195.077	0.0616847
198.224	24.0166
201.372	-0.0281348
204.52	13.9275
207.664	-0.116441
210.809	19.84
213.95	13.7968
217.091	21.7539
220.233	19.7114
223.372	1.66934
226.509	1.62761
229.648	29.5862
232.784	15.5452
235.918	17.5046
239.051	1.46429
242.186	3.42434
245.317	13.3848
248.447	17.3456
251.577	27.3067
254.705	9.26818
257.832	19.23
260.958	21.1922
264.083	25.1547
267.204	13.1176
270.327	21.0808
273.449	13.0444
276.57	19.0083
279.69	22.9725
282.806	-7.06289
285.924	14.902
289.04	6.86724
292.154	10.8328
295.268	18.7987
298.379	6.76496
301.492	8.7315
304.601	16.6984
307.711	6.66557
310.818	6.6331
313.924	16.601
317.031	20.5691
320.135	20.5376
323.238	8.50637
326.34	-3.52453
329.443	6.44487
332.543	0.41459
335.642	18.3846
338.74	26.355
341.836	8.3256
344.932	8.29654
348.027	14.2678
351.12	20.2393
354.213	12.2112
357.302	18.1833
360.393	18.1557
363.482	-7.87154
366.57	16.1015
369.656	20.0748
372.742	4.04838
375.827	8.02225
378.91	9.99643
381.993	-2.02913
385.073	3.94561
388.154	9.92061
391.232	7.89591
394.311	17.8715
397.387	1.84732
400.462	23.8234
403.536	17.7998
406.611	3.77648
409.683	7.75342
412.754	15.7306
415.824	3.70808
418.893	15.6858
421.961	-0.336199
425.027	5.64205
428.093	17.6206
431.158	-6.40066
434.222	21.5784
437.284	7.55764
440.346	-6.46282
443.407	13.517
446.464	17.497
449.523	5.4773
452.581	17.4578
455.635	1.43862
458.691	19.4196
461.743	-8.59908
464.797	9.38242
467.847	17.3642
470.899	-0.653835
473.947	1.3284
476.994	19.3109
480.043	23.2936
483.088	17.2765
486.133	3.25965
489.176	3.24304
492.22	-2.77335
495.262	9.2105
498.302	15.1946
501.341	13.1789
504.38	17.1634
507.417	-8.85189
510.453	-4.86693
513.487	-14.8817
516.521	3.10364
519.554	11.0892
522.586	7.07506
525.616	5.0611
528.646	7.04733
531.675	9.03378
534.701	-0.979558
537.729	11.0073
540.753	16.9944
543.778	12.9816
546.8	-7.03088
549.821	26.9568
552.844	2.94466
555.863	6.93273
558.881	-1.079
561.898	16.9095
564.916	4.89811
567.932	-9.11304
570.946	18.876
573.959	4.86522
576.971	6.85464
579.982	24.8442
582.993	32.834
586	-1.17601
589.008	8.81414
592.015	2.80447
595.022	16.795
598.025	0.78567
601.029	22.7765
604.032	4.76757
607.033	-3.24121
610.034	12.7502
613.032	20.7417
616.032	10.7334
619.028	4.72535
622.023	-1.28259
625.018	10.7096
628.013	2.70202
631.005	2.69458
633.997	2.68729
636.987	6.68017
639.977	2.6732
642.965	16.6664
645.952	8.65974
648.939	2.65324
651.924	0.646895
654.909	4.6407
657.892	0.634658
660.873	6.62877
663.854	12.623
666.835	16.6174
669.813	16.612
672.791	8.60666
675.767	16.6015
678.743	-5.40353
681.717	-7.40841
684.692	10.5868
687.664	18.5822
690.634	2.57776
693.606	6.57342
696.575	16.5692
699.543	-3.43485
702.51	12.5612
705.475	12.5574
708.44	8.55371
711.404	10.5502
714.367	10.5467
717.329	0.543423
720.29	14.5402
723.25	4.53718
726.207	16.5342
729.166	22.5314
732.123	14.5287
735.077	2.52614
738.032	16.5237
740.984	-3.47868
743.938	4.51907
746.888	24.5169
749.839	6.51493
752.788	-1.48698
755.735	12.5112
758.682	18.5095
761.627	12.5079
764.574	14.5064
767.517	12.5051
770.46	14.5038
773.402	16.5026
776.342	4.50153
779.282	6.50055
782.219	16.4997
785.157	6.49888
788.094	22.4982
791.029	8.49759
793.962	2.49708
796.896	8.49666
799.828	18.4963
802.76	12.4961
805.689	4.49595
808.619	2.49588
811.546	12.4959
814.473	22.496
817.4	12.4962
820.324	30.4965
823.248	24.4968
826.17	18.4972
829.092	10.4977
832.012	14.4983
834.932	-7.50103
837.851	12.4997
840.768	6.5005
843.685	26.5014
846.599	0.502325
849.514	6.50334
852.428	14.5044
855.339	18.5056
858.251	18.5068
861.16	22.5081
864.07	-9.49058
866.978	12.5108
869.884	2.5123
872.792	24.5138
875.696	4.51541
878.599	14.5171
881.502	8.51876
884.404	4.52052
887.304	0.522337
890.204	2.5242
893.103	2.52612
896.001	8.52809
898.898	6.53012
901.794	14.5322
904.689	-3.4657
907.581	18.5365
910.474	22.5387
913.364	-3.45907
916.256	26.5432
919.144	8.54556
922.034	6.54795
924.92	4.55037
927.808	8.55283
930.693	16.5553
933.576	20.5579
936.459	10.5604
939.341	8.56303
942.222	12.5657
945.102	4.56833
947.981	20.571
950.859	20.5738
953.737	16.5765
956.613	6.57931
959.488	0.582129
962.361	18.585
965.235	8.58783
968.105	6.59072
970.977	20.5936
973.846	2.59657
976.716	18.5995
979.583	-5.39751
982.449	-1.39452
985.316	22.6085
988.18	24.6115
991.043	2.61455
993.906	16.6176
996.767	16.6207
999.628	14.6238
1002.49	16.6268
1005.35	14.6299
1008.2	14.633
1011.06	18.6362
1013.91	24.6393
1016.77	16.6424
1019.62	22.6455
1022.48	16.6487
1025.33	4.65183
1028.18	12.655
1031.03	0.658109
1033.87	12.6613
1036.72	18.6644
1039.57	18.6675
1042.41	12.6707
1045.26	18.6738
1048.1	20.6769
1050.94	10.68
1053.78	26.6831
1056.62	28.6862
1059.46	16.6893
1062.3	4.69242
1065.14	0.69549
1067.97	0.698548
1070.81	14.7016
1073.64	24.7046
1076.47	8.70764
1079.31	10.7106
1082.14	6.71361
1084.97	22.7166
1087.8	12.7195
1090.63	2.72244
1093.45	4.72534
1096.28	22.7282
1099.1	28.7311
1101.93	18.7339
1104.75	8.73671
1107.57	12.7395
1110.39	6.74224
1113.21	10.745
1116.03	16.7477
1118.85	22.7503
1121.66	0.752962
1124.48	-7.24443
1127.3	8.75813
1130.11	8.76067
1132.92	24.7632
1135.73	2.76563
1138.54	2.76806
1141.35	20.7705
1144.16	18.7728
1146.97	18.7751
1149.78	2.77739
1152.58	-5.22038
1155.39	-3.21819
1158.19	26.784
1161	12.7861
1163.8	14.7881
1166.6	8.79012
1169.4	4.79208
1172.2	14.794
1174.99	-3.20413
1177.79	-7.20232
1180.59	12.7994
1183.38	8.80116
1186.17	14.8028
1188.97	36.8044
1191.76	2.80599
1194.55	-5.19251
1197.34	4.80893
1200.13	18.8103
1202.92	16.8116
1205.7	22.8129
1208.49	8.81413
1211.27	16.8153
1214.06	18.8164
1216.84	26.8174
1219.62	18.8184
1222.4	16.8193
1225.18	18.8201
1227.96	8.82086
1230.74	16.8216
1233.51	-5.1778
1236.29	20.8228
1239.06	22.8233
1241.84	-5.17631
1244.61	-5.17595
1247.38	28.8243
1250.15	16.8245
1252.92	10.8247
1255.69	14.8247
1258.46	8.82473
1261.23	2.82465
1263.99	16.8245
1266.76	12.8242
1269.52	-1.17608
1272.28	-7.17648
1275.05	20.823
1277.81	36.8225
1280.57	8.82183
1283.33	18.8211
1286.08	-1.17971
1288.84	20.8194
1291.6	16.8184
1294.35	24.8173
1297.11	2.81619
1299.86	14.8149
1302.61	20.8136
1305.36	18.8122
1308.11	-7.18931
1310.86	8.80908
1313.61	32.8074
1316.36	0.805604
1319.1	2.80372
1321.85	16.8017
1324.59	14.7997
1327.33	8.79751
1330.08	10.7952
1332.82	24.7929
1335.56	18.7904
1338.3	14.7879
1341.04	16.7852
1343.77	12.7825
1346.51	10.7796
1349.25	24.7766
1351.98	20.7736
1354.71	18.7704
1357.45	10.7671
1360.18	10.7637
1362.91	4.76024
1365.64	16.7566
1368.37	20.7529
1371.09	30.7491
1373.82	4.74521
1376.54	2.74118
1379.27	20.737
1381.99	10.7328
1384.72	0.728418
1387.44	26.7239
1390.16	8.71934
1392.88	2.71463
1395.6	18.7098
1398.31	12.7049
1401.03	18.6998
1403.75	14.6946
1406.46	4.68934
1409.18	10.6839
1411.89	4.67839
1414.6	2.67273
1417.31	6.66695
1420.02	20.6611
1422.73	4.65503
1425.44	-11.3511
1428.15	4.64261
1430.85	20.6362
1433.56	14.6297
1436.26	14.623
1438.97	10.6163
1441.67	28.6094
1444.37	14.6023
1447.07	22.5952
1449.77	20.5879
1452.47	2.58043
1455.16	20.5729
1457.86	18.5652
1460.56	14.5574
1463.25	8.54939
1465.94	22.5413
1468.64	18.5331
1471.33	6.52471
1474.02	10.5162
1476.71	14.5076
1479.4	14.4988
1482.09	-3.51014
1484.77	8.4808
1487.46	10.4716
1490.14	4.46226
1492.83	16.4528
1495.51	4.44316
1498.19	14.4334
1500.87	-7.57652
1503.55	6.41342
1506.23	24.4032
1508.91	30.3929
1511.59	16.3824
1514.27	32.3717
1516.94	2.36094
1519.62	32.35
1522.29	16.3389
1524.96	10.3277
1527.63	2.31628
1530.3	20.3047
1532.97	8.29304
1535.64	2.2812
1538.31	8.26919
1540.98	-3.74296
1543.64	8.24473
1546.31	18.2323
1548.97	-19.7804
1551.63	16.2069
1554.3	34.1939
1556.96	10.1808
1559.62	14.1676
1562.28	-1.84583
1564.94	20.1406
1567.59	22.1269
1570.25	16.113
1572.9	26.0989
1575.56	12.0847
1578.21	18.0703
1580.86	6.05576
1583.52	10.041
1586.17	12.0262
1588.82	8.01112
1591.47	-2.00409
1594.11	19.9805
1596.76	1.96499
1599.41	21.9493
1602.05	15.9334
1604.69	17.9173
1607.34	17.9011
1609.98	17.8847
1612.62	5.86815
1615.26	21.8514
1617.9	17.8345
1620.54	21.8174
1623.18	11.8002
1625.81	9.78271
1628.45	19.7651
1631.08	7.74732
1633.72	11.7294
1636.35	1.71122
1638.98	19.6929
1641.61	5.6744
1644.24	13.6557
1646.87	3.63687
1649.5	35.6178
1652.13	25.5986
1654.75	-6.42078
1657.38	13.5596
1660	21.5399
1662.63	15.5199
1665.25	25.4998
1667.87	17.4795
1670.49	1.45898
1673.11	27.4383
1675.73	23.4174
1678.35	5.39636
1680.96	-8.62489
1683.58	-0.64631
1686.19	-6.66794
1688.81	17.3102
1691.42	15.2882
1694.03	5.26605
1696.64	19.2437
1699.25	19.2211
1701.87	7.19832
1704.47	19.1754
1707.08	23.1522
1709.69	13.1289
1712.29	19.1053
1714.9	21.0816
1717.5	31.0577
1720.1	19.0335
1722.71	23.0092
1725.31	10.9847
1727.91	2.95997
1730.51	-3.06494
1733.1	6.90995
1735.7	6.88462
1738.3	-1.14089
1740.89	-1.16661
1743.49	14.8075
1746.08	10.7814
1748.67	14.755
1751.26	24.7285
1753.86	12.7018
1756.45	24.6749
1759.03	10.6477
1761.62	-1.37962
1764.21	14.5928
1766.8	12.5651
1769.38	10.5371
1771.97	10.509
1774.55	0.480599
1777.13	10.452
1779.71	2.42323
1782.29	18.3942
1784.87	12.365
1787.45	22.3356
1790.03	-5.694
1792.61	10.2761
1795.18	4.24611
1797.76	2.21583
1800.33	12.1854
1802.9	8.15468
1805.48	0.123777
1808.05	16.0927
1810.62	16.0613
1813.19	14.0298
1815.76	5.99801
1818.33	21.966
1820.89	7.93382
1823.46	5.90142
1826.02	17.8688
1828.59	1.83594
1831.15	17.8029
1833.71	19.7696
1836.27	25.7361
1838.84	19.7023
1841.39	13.6684
1843.95	23.6342
1846.51	1.59982
1849.07	3.56523
1851.62	13.5304
1854.18	-8.50469
1856.73	-0.539961
1859.29	-2.57548
1861.84	29.3888
1864.39	19.3528
1866.94	3.31664
1869.49	13.2802
1872.04	7.24359
1874.59	1.20673
1877.13	3.16963
1879.68	13.1323
1882.22	17.0948
1884.77	5.05698
1887.31	17.019
1889.85	16.9807
1892.39	-1.05772
1894.93	6.90359
1897.47	12.8646
1900.01	16.8255
1902.55	14.7861
1905.09	18.7465
1907.62	24.7066
1910.16	0.666518
1912.69	24.6262
1915.22	30.5856
1917.76	12.5448
1920.29	18.5038
1922.82	26.4625
1925.35	24.421
1927.88	8.37925
1930.4	2.33728
1932.93	6.29506
1935.46	14.2526
1937.98	28.2099
1940.51	8.16696
1943.03	28.1238
1945.55	-3.91962
1948.07	18.0367
1950.59	13.9928
1953.11	7.94868
1955.63	7.90431
1958.15	11.8597
1960.67	13.8148
1963.18	19.7697
1965.7	5.72437
1968.21	7.67878
1970.73	-8.36707
1973.24	23.5868
1975.75	21.5405
1978.26	11.4939
1980.77	-2.55286
1983.28	29.4
1985.79	11.3527
1988.29	15.3052
1990.8	1.25735
1993.31	17.2093
1995.81	5.16099
1998.31	9.11246
