100.093	14.8463
103.274	-3.13107
106.457	22.8918
109.636	14.9149
112.817	4.93816
115.994	34.9617
119.172	6.98539
122.347	3.00932
125.521	7.03345
128.696	25.0578
131.868	13.0824
135.039	9.10712
138.209	23.1321
141.379	7.15726
144.547	29.1826
147.713	11.2082
150.879	1.23395
154.043	7.2599
157.206	21.2861
160.368	13.3124
163.529	9.33893
166.689	9.36565
169.848	15.3926
173.006	7.41965
176.163	-0.553068
179.316	1.47438
182.471	3.50202
185.625	-0.470156
188.777	9.55785
191.927	9.58601
195.077	3.61436
198.224	9.64287
201.372	-4.32843
204.52	3.70044
207.664	1.72945
210.809	5.75866
213.95	-2.21199
217.091	3.81753
220.233	25.8472
223.372	15.8771
226.509	3.90706
229.648	5.93724
232.784	17.9675
235.918	17.998
239.051	6.02864
242.186	6.05943
245.317	6.09035
248.447	20.1214
251.577	6.15264
254.705	0.184006
257.832	10.2155
260.958	-1.75283
264.083	18.279
267.204	10.3109
270.327	-1.65706
273.449	16.3751
276.57	-9.59251
279.69	6.43996
282.806	-3.52745
285.924	4.50529
289.04	6.53816
292.154	8.57113
295.268	2.60425
298.379	-3.36252
301.492	6.67085
304.601	10.7043
307.711	2.73793
310.818	8.77164
313.924	16.8055
317.031	10.8394
320.135	2.87349
323.238	2.90766
326.34	18.9419
329.443	4.97636
332.543	25.0109
335.642	1.04547
338.74	11.0802
341.836	-4.88499
344.932	11.1499
348.027	1.18495
351.12	3.22008
354.213	15.2553
357.302	21.2906
360.393	11.326
363.482	1.36153
366.57	9.39713
369.656	3.4328
372.742	17.4686
375.827	11.5045
378.91	3.54041
381.993	13.5765
385.073	1.61257
388.154	19.6488
391.232	-4.31494
394.311	-14.2786
397.387	-2.24212
400.462	5.7944
403.536	13.831
406.611	-0.132321
409.683	-2.09558
412.754	11.9412
415.824	13.9781
418.893	6.01507
421.961	22.0521
425.027	8.08918
428.093	6.12633
431.158	10.1636
434.222	4.20083
437.284	2.23818
440.346	6.27558
443.407	-7.68696
446.464	6.35054
449.523	-3.61189
452.581	10.4257
455.635	-3.53659
458.691	4.50114
461.743	-1.46109
464.797	2.57675
467.847	2.61461
470.899	0.652543
473.947	4.6905
476.994	6.7285
480.043	-3.23344
483.088	0.804648
486.133	2.84277
489.176	6.88094
492.22	6.91916
495.262	-3.0426
498.302	6.99568
501.341	1.03399
504.38	9.07233
507.417	9.1107
510.453	7.1491
513.487	9.18751
516.521	5.22597
519.554	7.26445
522.586	3.30296
525.616	3.34147
528.646	3.38003
531.675	7.41861
534.701	5.45719
537.729	13.4958
540.753	-2.46558
543.778	-2.42693
546.8	9.61171
549.821	-0.349634
552.844	3.68906
555.863	-0.272258
558.881	3.76643
561.898	-0.194869
564.916	9.84386
567.932	9.88258
570.946	3.9213
573.959	11.96
576.971	3.99875
579.982	0.0374751
582.993	14.0762
586	10.1149
589.008	4.15363
592.015	12.1924
595.022	20.2311
598.025	20.2698
601.029	0.308464
604.032	6.34716
607.033	-9.61417
610.034	2.4245
613.032	2.46314
616.032	16.5018
619.028	-3.45959
622.023	16.579
625.018	4.6176
628.013	6.65619
631.005	2.69473
633.997	2.73326
636.987	4.77177
639.977	10.8103
642.965	-5.15129
645.952	0.88715
648.939	8.92556
651.924	6.96395
654.909	1.0023
657.892	-8.95937
660.873	9.0789
663.854	7.11717
666.835	-0.844599
669.813	1.19358
672.791	17.2317
675.767	1.26985
678.743	7.30794
681.717	1.34597
684.692	5.38398
687.664	15.4219
690.634	15.4598
693.606	9.49773
696.575	3.53555
699.543	5.57333
702.51	1.61106
705.475	1.64874
708.44	-4.31363
711.404	3.72396
714.367	7.7615
717.329	17.799
720.29	13.8364
723.25	3.87379
726.207	5.91109
729.166	19.9484
732.123	-4.01444
735.077	26.0227
738.032	0.0597825
740.984	8.09679
743.938	8.13376
746.888	6.17064
749.839	6.20749
752.788	16.2442
755.735	16.2809
758.682	12.3176
761.627	8.35412
764.574	6.39063
767.517	14.427
770.46	6.46339
773.402	10.4997
776.342	26.5359
779.282	10.572
782.219	10.608
785.157	16.644
788.094	12.6799
791.029	4.71572
793.962	16.7514
796.896	6.7871
799.828	12.8227
802.76	-1.14185
805.689	0.893537
808.619	18.9289
811.546	8.96409
814.473	26.9992
817.4	9.03429
820.324	1.06925
823.248	13.1041
826.17	15.1389
829.092	7.17358
832.012	9.20817
834.932	21.2427
837.851	27.2771
840.768	15.3114
843.685	17.3456
846.599	15.3797
849.514	7.4137
852.428	13.4476
855.339	-0.518589
858.251	11.5151
861.16	13.5487
864.07	7.58222
866.978	9.6156
869.884	10.6489
872.792	11.6821
875.696	12.7151
878.599	13.7481
881.502	14.7809
884.404	15.8137
887.304	16.8463
890.204	17.8788
893.103	-4.08881
896.001	13.9435
898.898	13.9756
901.794	16.0077
904.689	22.0396
907.581	-5.92859
910.474	26.1031
913.364	-1.86534
916.256	6.16611
919.144	16.1974
922.034	2.22864
924.92	16.2597
927.808	14.2907
930.693	4.32148
933.576	8.35216
936.459	16.3827
939.341	18.4132
942.222	12.4435
945.102	0.473633
947.981	6.50367
950.859	16.5336
953.737	8.56336
956.613	24.593
959.488	0.622507
962.361	0.651859
965.235	4.68109
968.105	16.7102
970.977	-5.26087
973.846	6.76793
976.716	16.7966
979.583	0.825124
982.449	6.8535
985.316	2.88175
988.18	28.9098
991.043	12.9378
993.906	8.96558
996.767	16.9932
999.628	-0.979263
1002.49	17.0481
1005.35	21.0753
1008.2	9.10236
1011.06	1.12924
1013.91	13.156
1016.77	7.1826
1019.62	5.20902
1022.48	15.2353
1025.33	13.2614
1028.18	3.28742
1031.03	11.3132
1033.87	13.3389
1036.72	15.3644
1039.57	9.38971
1042.41	1.41487
1045.26	15.4399
1048.1	23.4647
1050.94	15.4894
1053.78	9.51393
1056.62	21.5383
1059.46	-2.43753
1062.3	15.5865
1065.14	15.6103
1067.97	9.63401
1070.81	15.6575
1073.64	17.6809
1076.47	-0.29598
1079.31	3.72702
1082.14	5.74984
1084.97	19.7725
1087.8	7.79497
1090.63	11.8173
1093.45	-0.160616
1096.28	9.86133
1099.1	7.88309
1101.93	19.9047
1104.75	1.92609
1107.57	7.94732
1110.39	3.96836
1113.21	5.98922
1116.03	16.0099
1118.85	8.03041
1121.66	16.0507
1124.48	16.0708
1127.3	6.09078
1130.11	4.11054
1132.92	16.1301
1135.73	-1.85053
1138.54	22.1687
1141.35	6.18766
1144.16	20.2065
1146.97	0.225092
1149.78	10.2435
1152.58	8.26173
1155.39	12.2798
1158.19	4.29762
1161	10.3153
1163.8	22.3327
1166.6	10.35
1169.4	16.367
1172.2	8.38388
1174.99	26.4005
1177.79	14.417
1180.59	6.43325
1183.38	22.4493
1186.17	16.4652
1188.97	24.4808
1191.76	16.4963
1194.55	-5.4885
1197.34	34.5265
1200.13	6.54137
1202.92	6.55599
1205.7	6.5704
1208.49	22.5846
1211.27	12.5986
1214.06	2.6124
1216.84	-5.37402
1219.62	-3.36065
1222.4	12.6525
1225.18	8.66545
1227.96	2.67818
1230.74	4.6907
1233.51	10.703
1236.29	20.7151
1239.06	16.727
1241.84	0.738608
1244.61	10.75
1247.38	10.7613
1250.15	10.7723
1252.92	20.783
1255.69	10.7936
1258.46	30.8039
1261.23	-3.18595
1263.99	6.82393
1266.76	2.83361
1269.52	8.84305
1272.28	6.85227
1275.05	0.861268
1277.81	-1.12996
1280.57	8.87858
1283.33	16.8869
1286.08	14.895
1288.84	14.9028
1291.6	8.91047
1294.35	16.9179
1297.11	12.925
1299.86	20.932
1302.61	4.93868
1305.36	8.94514
1308.11	12.9514
1310.86	8.95739
1313.61	6.96316
1316.36	6.96869
1319.1	14.974
1321.85	8.97905
1324.59	12.9839
1327.33	18.9885
1330.08	6.9928
1332.82	14.9969
1335.56	-2.99922
1338.3	11.0044
1341.04	7.00778
1343.77	7.01093
1346.51	25.0138
1349.25	11.0165
1351.98	-6.9811
1354.71	5.02106
1357.45	13.023
1360.18	19.0247
1362.91	17.0261
1365.64	19.0273
1368.37	5.02821
1371.09	11.0289
1373.82	15.0293
1376.54	5.02952
1379.27	25.0295
1381.99	1.02915
1384.72	5.02858
1387.44	19.0278
1390.16	13.0267
1392.88	-0.974627
1395.6	9.0238
1398.31	15.022
1401.03	7.01988
1403.75	13.0175
1406.46	13.0149
1409.18	21.0121
1411.89	1.00896
1414.6	21.0056
1417.31	17.002
1420.02	14.9981
1422.73	14.9939
1425.44	26.9895
1428.15	22.9848
1430.85	14.9799
1433.56	-1.0253
1436.26	6.96924
1438.97	8.96351
1441.67	2.95753
1444.37	6.95127
1447.07	4.94475
1449.77	2.93797
1452.47	14.9309
1455.16	16.9236
1457.86	14.916
1460.56	4.90816
1463.25	14.9
1465.94	6.89164
1468.64	6.88298
1471.33	6.87405
1474.02	-1.13516
1476.71	8.85536
1479.4	10.8456
1482.09	6.83559
1484.77	16.8253
1487.46	-9.18527
1490.14	8.80388
1492.83	12.7928
1495.51	14.7814
1498.19	10.7697
1500.87	-1.24224
1503.55	10.7455
1506.23	16.733
1508.91	18.7202
1511.59	6.70718
1514.27	12.6938
1516.94	4.68023
1519.62	2.66632
1522.29	6.65214
1524.96	6.63768
1527.63	22.6229
1530.3	8.60791
1532.97	12.5926
1535.64	-1.423
1538.31	-3.43888
1540.98	10.545
1543.64	8.52851
1546.31	0.511778
1548.97	14.4948
1551.63	20.4774
1554.3	12.4598
1556.96	22.442
1559.62	18.4238
1562.28	12.4053
1564.94	6.38658
1567.59	8.36754
1570.25	6.3482
1572.9	10.3286
1575.56	18.3087
1578.21	16.2885
1580.86	2.26796
1583.52	8.24716
1586.17	18.2261
1588.82	-7.79531
1591.47	4.18302
1594.11	16.1611
1596.76	16.1388
1599.41	30.1162
1602.05	0.0933691
1604.69	28.0702
1607.34	10.0468
1609.98	22.023
1612.62	15.9989
1615.26	3.97459
1617.9	5.94996
1620.54	3.925
1623.18	11.8998
1625.81	3.8742
1628.45	-2.15165
1631.08	19.8222
1633.72	25.7957
1636.35	15.769
1638.98	17.7419
1641.61	15.7146
1644.24	-0.313115
1646.87	17.6589
1649.5	19.6306
1652.13	5.60204
1654.75	1.57314
1657.38	11.544
1660	7.51443
1662.63	11.4846
1665.25	21.4545
1667.87	19.4241
1670.49	3.39333
1673.11	1.36228
1675.73	13.3309
1678.35	7.29925
1680.96	5.26726
1683.58	7.23499
1686.19	11.2024
1688.81	3.16945
1691.42	19.1362
1694.03	-0.897319
1696.64	13.0688
1699.25	9.03467
1701.87	17.0002
1704.47	12.9654
1707.08	-3.06973
1709.69	-3.10516
1712.29	-7.14091
1714.9	8.82303
1717.5	12.7867
1720.1	22.75
1722.71	-11.2871
1725.31	8.67562
1727.91	4.63796
1730.51	18.6
1733.1	8.56172
1735.7	12.5231
1738.3	22.4842
1740.89	14.4449
1743.49	4.40535
1746.08	-3.63455
1748.67	6.32523
1751.26	0.284717
1753.86	10.2438
1756.45	6.20265
1759.03	10.1612
1761.62	4.11932
1764.21	4.07717
1766.8	22.0347
1769.38	17.9919
1771.97	-2.05126
1774.55	13.9053
1777.13	7.8615
1779.71	15.8174
1782.29	1.77298
1784.87	23.7282
1787.45	27.6831
1790.03	11.6377
1792.61	11.5919
1795.18	11.5459
1797.76	7.49943
1800.33	13.4527
1802.9	7.40563
1805.48	13.3582
1808.05	17.3105
1810.62	19.2624
1813.19	9.21404
1815.76	11.1653
1818.33	13.1162
1820.89	21.0668
1823.46	-8.98289
1826.02	10.967
1828.59	2.91665
1831.15	0.865932
1833.71	2.81484
1836.27	6.76344
1838.84	6.71171
1841.39	-3.34036
1843.95	16.6072
1846.51	14.5545
1849.07	6.50142
1851.62	-1.55202
1854.18	10.3942
1856.73	12.3401
1859.29	-1.71433
1861.84	-1.76909
1864.39	18.1758
1866.94	0.12032
1869.49	8.06453
1872.04	8.0084
1874.59	1.95192
1877.13	-0.104903
1879.68	13.838
1882.22	9.78046
1884.77	3.7226
1887.31	13.6644
1889.85	11.6059
1892.39	11.547
1894.93	-0.51217
1897.47	9.42824
1900.01	-2.63166
1902.55	5.3081
1905.09	19.2475
1907.62	13.1866
1910.16	5.12531
1912.69	9.06367
1915.22	7.00168
1917.76	4.93938
1920.29	2.87669
1922.82	12.8137
1925.35	18.7503
1927.88	4.6866
1930.4	2.62254
1932.93	10.5581
1935.46	6.49338
1937.98	-1.57173
1940.51	10.3628
1943.03	14.297
1945.55	-5.76914
1948.07	12.1643
1950.59	16.0975
1953.11	12.0303
1955.63	-0.0372834
1958.15	1.89482
1960.67	-0.173441
1963.18	-0.242052
1965.7	-6.31102
1968.21	7.61965
1970.73	3.54997
1973.24	3.47992
1975.75	3.40957
1978.26	-0.661185
1980.77	-0.732251
1983.28	1.19627
1985.79	1.12449
1988.29	3.05234
1990.8	8.97979
1993.31	12.9069
1995.81	2.83369
1998.31	14.7602
