100.093	11.4644
103.274	7.56132
106.457	-0.342271
109.636	5.7535
112.817	13.8487
115.994	19.9434
119.172	16.0375
122.347	12.1309
125.521	22.2238
128.696	0.316185
131.868	6.40794
135.039	12.4991
138.209	26.5897
141.379	14.6799
144.547	12.7694
147.713	10.8583
150.879	14.9467
154.043	7.03449
157.206	13.1218
160.368	11.2085
163.529	11.2947
166.689	15.3803
169.848	9.46534
173.006	19.5499
176.163	5.63385
179.316	3.71724
182.471	1.80015
185.625	3.88251
188.777	25.9643
191.927	-3.95442
195.077	16.1263
198.224	-3.79347
201.372	10.2862
204.52	20.3654
207.664	-7.556
210.809	12.5221
213.95	26.5997
217.091	4.67672
220.233	-5.24672
223.372	-1.17072
226.509	4.90476
229.648	0.979785
232.784	19.0542
235.918	17.1282
239.051	-0.798365
242.186	3.27462
245.317	5.34705
248.447	19.419
251.577	13.4904
254.705	17.5613
257.832	15.6318
260.958	11.7017
264.083	23.7711
267.204	17.84
270.327	17.9085
273.449	5.97646
276.57	2.04394
279.69	14.1109
282.806	10.1774
285.924	4.24342
289.04	4.30896
292.154	0.373987
295.268	12.4386
298.379	12.5026
301.492	24.5663
304.601	4.62941
307.711	4.6921
310.818	16.7543
313.924	4.816
317.031	2.87729
320.135	26.9381
323.238	22.9984
326.34	5.05826
329.443	-0.882295
332.543	-2.82335
335.642	19.2351
338.74	3.29318
341.836	23.3508
344.932	11.4079
348.027	19.4646
351.12	9.5208
354.213	-0.423409
357.302	-4.3681
360.393	15.6868
363.482	-2.25875
366.57	-2.20473
369.656	15.8488
372.742	17.902
375.827	19.9547
378.91	12.0069
381.993	2.05875
385.073	4.11012
388.154	16.1611
391.232	18.2116
394.311	8.26175
397.387	-9.68857
400.462	22.3607
403.536	22.4095
406.611	2.45795
409.683	8.50594
412.754	12.5535
415.824	16.6007
418.893	-3.35258
421.961	24.6938
425.027	-7.26032
428.093	10.7852
431.158	18.8303
434.222	14.875
437.284	6.91932
440.346	8.96322
443.407	7.00671
446.464	5.04978
449.523	15.0925
452.581	17.1348
455.635	-6.82333
458.691	15.2182
461.743	7.25928
464.797	13.3
467.847	11.3403
470.899	-2.61971
473.947	-4.58016
476.994	15.459
480.043	5.49781
483.088	5.53621
486.133	21.5742
489.176	3.61187
492.22	25.6492
495.262	11.686
498.302	15.7226
501.341	-0.2413
504.38	17.7945
507.417	15.8299
510.453	11.8649
513.487	11.8996
516.521	1.93386
519.554	21.9678
522.586	16.0014
525.616	14.0346
528.646	4.06743
531.675	6.09993
534.701	-1.86795
537.729	10.1638
540.753	20.1953
543.778	8.22634
546.8	24.2571
549.821	12.2874
552.844	8.31746
555.863	12.3471
558.881	14.3765
561.898	18.4054
564.916	14.4341
567.932	2.4624
570.946	-1.50964
573.959	18.518
576.971	-3.45472
579.982	-1.42777
582.993	14.5988
586	8.62512
589.008	6.65108
592.015	16.6767
595.022	2.70201
598.025	10.727
601.029	18.7516
604.032	8.77594
607.033	0.799929
610.034	10.8236
613.032	20.847
616.032	16.87
619.028	4.89272
622.023	2.91512
625.018	6.9372
628.013	-1.04101
631.005	14.9804
633.997	5.0016
636.987	9.02244
639.977	-0.957024
642.965	21.0632
645.952	21.0831
648.939	15.1028
651.924	11.1221
654.909	13.1411
657.892	19.1598
660.873	17.1782
663.854	13.1964
666.835	3.21419
669.813	23.2317
672.791	11.249
675.767	9.2659
678.743	25.2826
681.717	9.29894
684.692	17.315
687.664	25.3308
690.634	1.34633
693.606	13.3616
696.575	3.37651
699.543	33.3912
702.51	15.4056
705.475	15.4197
708.44	13.4335
711.404	-0.552946
714.367	17.4603
717.329	11.4733
720.29	15.4861
723.25	-4.50145
726.207	11.5107
729.166	15.5227
732.123	23.5343
735.077	13.5457
738.032	7.55687
740.984	17.5677
743.938	15.5783
746.888	13.5887
749.839	9.59879
752.788	33.6086
755.735	17.6182
758.682	5.62751
761.627	21.6366
764.574	17.6454
767.517	27.654
770.46	21.6623
773.402	37.6703
776.342	9.67816
779.282	7.68573
782.219	9.69306
785.157	1.70014
788.094	3.70698
791.029	15.7136
793.962	-16.2801
796.896	13.7261
799.828	33.7319
802.76	11.7376
805.689	11.743
808.619	19.7482
811.546	11.7531
814.473	29.7578
817.4	11.7623
820.324	19.7666
823.248	9.7706
826.17	27.7744
829.092	11.778
832.012	15.7813
834.932	25.7845
837.851	17.7874
840.768	7.79005
843.685	27.7925
846.599	21.7948
849.514	13.7968
852.428	9.79861
855.339	15.8002
858.251	13.8016
861.16	15.8028
864.07	9.80374
866.978	17.8045
869.884	11.805
872.792	7.80538
875.696	17.8055
878.599	15.8054
881.502	15.8052
884.404	-0.195311
887.304	13.804
890.204	19.8031
893.103	19.802
896.001	13.8008
898.898	9.7993
901.794	19.7976
904.689	13.7958
907.581	9.79371
910.474	13.7915
913.364	27.789
916.256	5.78638
919.144	9.78356
922.034	-4.21944
924.92	3.77736
927.808	11.774
930.693	15.7704
933.576	19.7667
936.459	15.7627
939.341	-2.24137
942.222	9.75434
945.102	27.7499
947.981	11.7452
950.859	5.74041
953.737	-0.264592
956.613	-6.26976
959.488	19.7249
962.361	17.7194
965.235	19.7137
968.105	3.70783
970.977	15.7018
973.846	11.6956
976.716	9.68925
979.583	13.6827
982.449	-0.323961
985.316	5.66918
988.18	13.6622
991.043	5.65499
993.906	19.6477
996.767	19.6402
999.628	7.63251
1002.49	13.6247
1005.35	17.6167
1008.2	21.6086
1011.06	-0.399646
1013.91	9.59193
1016.77	15.5834
1019.62	9.57463
1022.48	21.5658
1025.33	9.55673
1028.18	1.54756
1031.03	21.5382
1033.87	3.52879
1036.72	31.5192
1039.57	5.50943
1042.41	5.49955
1045.26	1.48952
1048.1	9.47935
1050.94	11.469
1053.78	3.45859
1056.62	27.448
1059.46	11.4373
1062.3	3.42644
1065.14	9.41546
1067.97	-6.59566
1070.81	5.3931
1073.64	11.3817
1076.47	13.3702
1079.31	27.3586
1082.14	1.34681
1084.97	29.3349
1087.8	3.3229
1090.63	15.3108
1093.45	15.2985
1096.28	3.28612
1099.1	17.2736
1101.93	21.261
1104.75	-0.751753
1107.57	35.2354
1110.39	7.2224
1113.21	11.2093
1116.03	5.1961
1118.85	11.1828
1121.66	-6.83066
1124.48	19.1558
1127.3	5.14213
1130.11	15.1284
1132.92	5.11447
1135.73	17.1005
1138.54	9.08639
1141.35	11.0722
1144.16	15.0579
1146.97	15.0435
1149.78	19.029
1152.58	7.01435
1155.39	10.9996
1158.19	8.98481
1161	2.96989
1163.8	8.95488
1166.6	10.9398
1169.4	10.9245
1172.2	16.9092
1174.99	0.89384
1177.79	6.87835
1180.59	2.86277
1183.38	8.84709
1186.17	16.8313
1188.97	6.81546
1191.76	16.7995
1194.55	2.78348
1197.34	16.7674
1200.13	-5.24885
1202.92	18.7349
1205.7	10.7185
1208.49	8.70202
1211.27	12.6855
1214.06	10.6689
1216.84	8.65215
1219.62	10.6354
1222.4	14.6185
1225.18	12.6016
1227.96	6.58455
1230.74	4.56745
1233.51	22.5503
1236.29	-5.46696
1239.06	-1.48427
1241.84	26.4983
1244.61	30.4809
1247.38	24.4634
1250.15	12.4458
1252.92	12.4281
1255.69	24.4104
1258.46	0.392564
1261.23	4.37469
1263.99	10.3568
1266.76	-3.66123
1269.52	18.3207
1272.28	-7.6974
1275.05	10.2844
1277.81	0.266165
1280.57	4.24787
1283.33	2.22951
1286.08	12.2111
1288.84	4.19261
1291.6	12.1741
1294.35	8.15549
1297.11	8.13686
1299.86	4.11816
1302.61	0.0994108
1305.36	18.0806
1308.11	14.0618
1310.86	22.0429
1313.61	8.02393
1316.36	0.00492368
1319.1	11.9859
1321.85	19.9668
1324.59	5.94766
1327.33	5.92848
1330.08	19.9093
1332.82	13.89
1335.56	5.87068
1338.3	11.8513
1341.04	9.83195
1343.77	15.8125
1346.51	-8.20695
1349.25	9.77354
1351.98	13.754
1354.71	-12.2656
1357.45	25.7148
1360.18	9.69515
1362.91	9.67546
1365.64	-8.34426
1368.37	15.636
1371.09	3.61621
1373.82	-0.403599
1376.54	-6.42343
1379.27	21.5567
1381.99	15.5368
1384.72	5.51687
1387.44	9.49693
1390.16	13.4769
1392.88	9.45695
1395.6	-0.563082
1398.31	21.4169
1401.03	7.39681
1403.75	-2.62328
1406.46	21.3566
1409.18	5.33646
1411.89	5.31631
1414.6	17.2961
1417.31	25.276
1420.02	-0.744239
1422.73	25.2355
1425.44	3.2153
1428.15	-0.804941
1430.85	7.17479
1433.56	13.1545
1436.26	9.13423
1438.97	15.1139
1441.67	11.0936
1444.37	15.0733
1447.07	5.05299
1449.77	9.03266
1452.47	9.01231
1455.16	8.99196
1457.86	-1.02839
1460.56	10.9512
1463.25	8.93088
1465.94	20.9105
1468.64	8.89015
1471.33	2.86979
1474.02	14.8494
1476.71	4.82904
1479.4	20.8087
1482.09	4.78829
1484.77	0.767928
1487.46	14.7476
1490.14	-1.2728
1492.83	16.7068
1495.51	10.6865
1498.19	6.66614
1500.87	6.64581
1503.55	8.62547
1506.23	4.60514
1508.91	16.5848
1511.59	14.5645
1514.27	-3.45577
1516.94	12.524
1519.62	2.50367
1522.29	14.4834
1524.96	2.46316
1527.63	4.44293
1530.3	28.4227
1532.97	14.4025
1535.64	12.3823
1538.31	8.36214
1540.98	16.342
1543.64	4.32186
1546.31	20.3017
1548.97	20.2816
1551.63	12.2616
1554.3	10.2415
1556.96	12.2215
1559.62	20.2015
1562.28	22.1815
1564.94	-1.83848
1567.59	4.14159
1570.25	2.12167
1572.9	4.10178
1575.56	10.0819
1578.21	-1.9379
1580.86	4.04229
1583.52	18.0225
1586.17	6.00277
1588.82	-2.01696
1591.47	5.96336
1594.11	-4.05628
1596.76	15.9241
1599.41	15.9045
1602.05	-4.11504
1604.69	5.86544
1607.34	21.846
1609.98	9.82651
1612.62	-4.19291
1615.26	5.78771
1617.9	9.76839
1620.54	5.74908
1623.18	11.7298
1625.81	13.7106
1628.45	-6.30857
1631.08	11.6723
1633.72	5.6532
1636.35	11.6342
1638.98	5.61515
1641.61	-8.40382
1644.24	19.5773
1646.87	-2.44162
1649.5	13.5395
1652.13	1.52078
1654.75	-14.498
1657.38	19.4834
1660	11.4647
1662.63	21.4461
1665.25	9.42758
1667.87	11.4091
1670.49	7.39066
1673.11	5.37227
1675.73	1.35394
1678.35	11.3357
1680.96	5.31743
1683.58	3.29927
1686.19	17.2811
1688.81	5.26308
1691.42	1.24508
1694.03	-6.77287
1696.64	-2.79076
1699.25	1.19141
1701.87	7.17363
1704.47	9.15592
1707.08	5.13827
1709.69	17.1207
1712.29	23.1031
1714.9	19.0857
1717.5	7.06827
1720.1	5.05093
1722.71	3.03364
1725.31	5.01643
1727.91	-5.00072
1730.51	10.9822
1733.1	4.96519
1735.7	18.9482
1738.3	2.93135
1740.89	6.91453
1743.49	12.8978
1746.08	8.88111
1748.67	14.8645
1751.26	0.847974
1753.86	2.83151
1756.45	2.81511
1759.03	-5.2012
1761.62	10.7825
1764.21	12.7664
1766.8	4.75028
1769.38	-3.26574
1771.97	12.7183
1774.55	4.70243
1777.13	14.6866
1779.71	12.6709
1782.29	0.655276
1784.87	8.63971
1787.45	8.62422
1790.03	16.6088
1792.61	-1.4065
1795.18	0.578258
1797.76	4.56309
1800.33	16.548
1802.9	8.53302
1805.48	-3.4819
1808.05	18.5033
1810.62	18.4885
1813.19	12.4739
1815.76	2.45928
1818.33	12.4448
1820.89	-3.56962
1823.46	4.41607
1826.02	8.40184
1828.59	8.3877
1831.15	-1.62635
1833.71	8.35968
1836.27	8.34581
1838.84	0.332028
1841.39	12.3183
1843.95	8.30474
1846.51	8.29123
1849.07	8.27782
1851.62	16.2645
1854.18	10.2513
1856.73	14.2381
1859.29	12.2251
1861.84	4.21215
1864.39	6.1993
1866.94	8.18654
1869.49	14.1739
1872.04	14.1613
1874.59	2.14887
1877.13	2.13651
1879.68	16.1243
1882.22	2.1121
1884.77	8.10003
1887.31	0.0880785
1889.85	10.0762
1892.39	16.0645
1894.93	2.05281
1897.47	8.04125
1900.01	2.02981
1902.55	4.01847
1905.09	14.0072
1907.62	-2.00391
1910.16	13.9851
1912.69	1.97415
1915.22	-8.03667
1917.76	-8.04738
1920.29	5.94202
1922.82	17.9315
1925.35	17.9211
1927.88	7.91087
1930.4	11.9007
1932.93	3.89065
1935.46	7.88071
1937.98	15.8709
1940.51	7.86115
1943.03	-2.14846
1945.55	3.84205
1948.07	-0.167334
1950.59	13.8234
1953.11	3.81424
1955.63	9.80521
1958.15	3.79628
1960.67	7.78748
1963.18	9.77878
1965.7	17.7702
1968.21	1.76175
1970.73	3.75341
1973.24	1.74519
1975.75	9.73709
1978.26	-2.2709
1980.77	3.72124
1983.28	9.7135
1985.79	5.70587
1988.29	-4.30163
1990.8	7.69099
1993.31	7.68373
1995.81	1.6766
1998.31	-14.3304
