100.093	18.8951
103.274	26.9621
106.457	15.0287
109.636	23.0949
112.817	25.1608
115.994	25.2262
119.172	-0.70874
122.347	39.3559
125.521	11.4202
128.696	-4.51585
131.868	13.5477
135.039	3.61082
138.209	17.6736
141.379	1.73604
144.547	9.79806
147.713	11.8597
150.879	11.921
154.043	3.98192
157.206	0.0424655
160.368	4.10265
163.529	-1.83754
166.689	16.2219
169.848	4.281
173.006	-1.66028
176.163	-3.60192
179.316	10.456
182.471	-3.48631
185.625	6.57097
188.777	24.6279
191.927	4.68443
195.077	10.7407
198.224	22.7965
201.372	16.852
204.52	6.90715
207.664	10.9619
210.809	19.0164
213.95	9.07046
217.091	9.12419
220.233	13.1776
223.372	17.2306
226.509	17.2833
229.648	-6.66427
232.784	9.38774
235.918	17.4394
239.051	5.49075
242.186	-0.458225
245.317	15.5924
248.447	17.6428
251.577	7.69274
254.705	-8.2576
257.832	7.79172
260.958	15.8407
264.083	15.8894
267.204	7.93766
270.327	11.9857
273.449	-1.96666
276.57	20.0807
279.69	8.12771
282.806	18.1744
285.924	6.22075
289.04	18.2668
292.154	-3.68749
295.268	-5.64208
298.379	20.403
301.492	18.4478
304.601	14.4922
307.711	12.5363
310.818	18.5801
313.924	2.62363
317.031	10.6668
320.135	18.7097
323.238	4.75225
326.34	2.79449
329.443	16.8365
332.543	10.8781
335.642	18.9194
338.74	6.96042
341.836	11.0011
344.932	19.0415
348.027	-2.91834
351.12	13.1215
354.213	21.161
357.302	7.20015
360.393	-0.760935
363.482	5.27768
366.57	-0.684004
369.656	5.35399
372.742	1.39172
375.827	11.4292
378.91	5.46628
381.993	5.50313
385.073	19.5397
388.154	19.5759
391.232	3.61191
394.311	5.64761
397.387	15.683
400.462	11.7181
403.536	17.7529
406.611	9.78749
409.683	3.82174
412.754	11.8557
415.824	-0.110585
418.893	15.9228
421.961	5.95597
425.027	9.98883
428.093	12.0214
431.158	18.0537
434.222	4.08577
437.284	8.11754
440.346	22.149
443.407	20.1803
446.464	10.2112
449.523	4.24187
452.581	12.2723
455.635	0.302408
458.691	4.33229
461.743	10.3619
464.797	14.3912
467.847	-5.57969
470.899	4.44913
473.947	14.4777
476.994	6.50596
480.043	4.53401
483.088	4.56177
486.133	-7.41072
489.176	0.616535
492.22	10.6436
495.262	16.6703
498.302	8.69678
501.341	16.723
504.38	14.749
507.417	16.7747
510.453	24.8002
513.487	10.8254
516.521	6.85042
519.554	10.8752
522.586	2.89965
525.616	24.9239
528.646	16.9479
531.675	-7.02836
534.701	-5.00486
537.729	19.0184
540.753	11.0414
543.778	7.06422
546.8	3.08676
549.821	23.1091
552.844	1.13114
555.863	9.15297
558.881	15.1746
561.898	21.1959
564.916	7.21706
567.932	11.238
570.946	3.25861
573.959	7.27904
576.971	5.29924
579.982	13.3192
582.993	17.339
586	-6.64154
589.008	-10.6223
592.015	9.39681
595.022	7.41565
598.025	1.43425
601.029	17.4526
604.032	7.47082
607.033	1.48875
610.034	19.5065
613.032	1.52398
616.032	3.54127
619.028	13.5583
622.023	17.5752
625.018	5.59181
628.013	11.6082
631.005	13.6244
633.997	13.6404
636.987	9.65621
639.977	19.6718
642.965	13.6871
645.952	-2.29773
648.939	3.71721
651.924	15.7319
654.909	-0.253542
657.892	15.7608
660.873	3.77487
663.854	5.78878
666.835	-4.19752
669.813	7.81597
672.791	1.82927
675.767	13.8424
678.743	11.8552
681.717	3.86793
684.692	11.8804
687.664	1.89272
690.634	35.9048
693.606	1.91672
696.575	13.9284
699.543	21.9399
702.51	-2.04876
705.475	9.96237
708.44	15.9733
711.404	9.98404
714.367	15.9946
717.329	28.0049
720.29	20.0151
723.25	12.0251
726.207	6.03488
729.166	16.0445
732.123	14.0539
735.077	18.0632
738.032	14.0722
740.984	-1.91893
743.938	10.0898
746.888	18.0983
749.839	16.1066
752.788	16.1147
755.735	6.1227
758.682	10.1305
761.627	24.1381
764.574	8.14554
767.517	16.1528
770.46	12.1599
773.402	-3.83321
776.342	14.1735
779.282	20.1801
782.219	16.1865
785.157	26.1927
788.094	-5.80126
791.029	12.2046
793.962	2.21033
796.896	6.21588
799.828	12.2212
802.76	6.22646
805.689	4.2315
808.619	18.2364
811.546	36.2411
814.473	12.2456
817.4	16.25
820.324	18.2543
823.248	24.2583
826.17	20.2622
829.092	20.266
832.012	14.2696
834.932	12.273
837.851	14.2763
840.768	22.2794
843.685	18.2824
846.599	16.2852
849.514	24.2878
852.428	14.2903
855.339	22.2927
858.251	16.2949
861.16	12.2969
864.07	12.2988
866.978	18.3006
869.884	6.30215
872.792	24.3036
875.696	2.3049
878.599	8.30606
881.502	18.3071
884.404	26.3079
887.304	24.3087
890.204	10.3092
893.103	22.3097
896.001	10.31
898.898	12.3101
901.794	12.3101
904.689	-1.69
907.581	8.30973
910.474	24.3093
913.364	14.3088
916.256	16.3081
919.144	4.30729
922.034	16.3063
924.92	14.3052
927.808	18.304
930.693	24.3027
933.576	18.3012
936.459	10.2996
939.341	-7.70217
942.222	8.29595
945.102	6.29394
947.981	2.2918
950.859	-1.71046
953.737	8.28715
956.613	10.2846
959.488	4.28198
962.361	0.279214
965.235	8.27632
968.105	22.2733
970.977	6.27016
973.846	10.2669
976.716	-5.73649
979.583	16.26
982.449	18.2564
985.316	12.2526
988.18	10.2488
991.043	4.24478
993.906	24.2407
996.767	4.23646
999.628	10.2321
1002.49	10.2277
1005.35	6.22311
1008.2	20.2184
1011.06	4.21364
1013.91	18.2087
1016.77	0.203715
1019.62	-7.80141
1022.48	12.1933
1025.33	22.188
1028.18	10.1825
1031.03	24.177
1033.87	16.1713
1036.72	-5.83449
1039.57	14.1596
1042.41	10.1536
1045.26	14.1475
1048.1	10.1413
1050.94	8.13502
1053.78	16.1286
1056.62	22.1221
1059.46	-5.88453
1062.3	20.1088
1065.14	-1.89806
1067.97	12.095
1070.81	-1.912
1073.64	24.0809
1076.47	12.0737
1079.31	16.0664
1082.14	18.059
1084.97	20.0514
1087.8	18.0438
1090.63	6.03615
1093.45	20.0284
1096.28	10.0205
1099.1	12.0125
1101.93	10.0044
1104.75	9.99628
1107.57	15.988
1110.39	1.97969
1113.21	11.9713
1116.03	13.9627
1118.85	15.9541
1121.66	21.9454
1124.48	17.9367
1127.3	-2.0722
1130.11	13.9188
1132.92	13.9098
1135.73	11.9007
1138.54	5.89148
1141.35	11.8822
1144.16	15.8728
1146.97	13.8634
1149.78	3.85382
1152.58	9.84421
1155.39	15.8345
1158.19	-4.17526
1161	17.8149
1163.8	3.80495
1166.6	1.79494
1169.4	17.7848
1172.2	3.77469
1174.99	15.7644
1177.79	15.7541
1180.59	3.74375
1183.38	15.7333
1186.17	11.7227
1188.97	-2.28787
1191.76	17.7015
1194.55	-8.3093
1197.34	-2.32012
1200.13	13.669
1202.92	13.658
1205.7	-6.35301
1208.49	19.6359
1211.27	15.6247
1214.06	1.61348
1216.84	11.6022
1219.62	9.59081
1222.4	11.5794
1225.18	3.56787
1227.96	9.55631
1230.74	23.5447
1233.51	7.53298
1236.29	-0.478771
1239.06	3.50941
1241.84	5.49754
1244.61	-4.5144
1247.38	-4.5264
1250.15	9.46154
1252.92	11.4494
1255.69	7.43725
1258.46	11.425
1261.23	15.4127
1263.99	19.4004
1266.76	-2.61203
1269.52	13.3755
1272.28	5.363
1275.05	3.35043
1277.81	15.3378
1280.57	17.3251
1283.33	11.3124
1286.08	11.2996
1288.84	5.28679
1291.6	17.2739
1294.35	11.261
1297.11	3.24799
1299.86	13.2349
1302.61	15.2219
1305.36	-12.7913
1308.11	17.1956
1310.86	5.18233
1313.61	-2.83094
1316.36	1.15573
1319.1	13.1424
1321.85	7.12896
1324.59	9.11551
1327.33	17.102
1330.08	5.08847
1332.82	7.07489
1335.56	25.0613
1338.3	13.0476
1341.04	7.03389
1343.77	11.0201
1346.51	3.00636
1349.25	22.9925
1351.98	8.97866
1354.71	12.9647
1357.45	0.950806
1360.18	4.93683
1362.91	-1.0772
1365.64	6.90875
1368.37	12.8947
1371.09	8.88053
1373.82	16.8664
1376.54	28.8522
1379.27	16.838
1381.99	6.8237
1384.72	26.8094
1387.44	18.7951
1390.16	14.7807
1392.88	10.7663
1395.6	20.7519
1398.31	16.7375
1401.03	14.723
1403.75	10.7085
1406.46	4.69394
1409.18	6.67938
1411.89	8.66479
1414.6	6.65017
1417.31	0.635538
1420.02	8.62087
1422.73	22.6062
1425.44	2.59145
1428.15	12.5767
1430.85	6.56194
1433.56	6.54715
1436.26	12.5323
1438.97	4.5175
1441.67	-9.49735
1444.37	8.48777
1447.07	4.47287
1449.77	16.458
1452.47	12.443
1455.16	30.4281
1457.86	2.41307
1460.56	8.39808
1463.25	4.38306
1465.94	16.368
1468.64	20.353
1471.33	6.33793
1474.02	4.32284
1476.71	0.307751
1479.4	-1.70737
1482.09	-3.72249
1484.77	16.2624
1487.46	8.24723
1490.14	2.23206
1492.83	6.21689
1495.51	2.2017
1498.19	-1.8135
1500.87	6.17129
1503.55	12.1561
1506.23	10.1408
1508.91	-3.8744
1511.59	6.11035
1514.27	-1.90491
1516.94	-3.92017
1519.62	-7.93545
1522.29	0.0492708
1524.96	-1.96601
1527.63	28.0187
1530.3	10.0034
1532.97	7.98809
1535.64	7.97278
1538.31	-0.0425379
1540.98	25.9422
1543.64	-4.07317
1546.31	-0.0884892
1548.97	1.89618
1551.63	3.88086
1554.3	9.86552
1556.96	13.8502
1559.62	21.8349
1562.28	7.81953
1564.94	11.8042
1567.59	5.78888
1570.25	-6.22645
1572.9	21.7582
1575.56	9.74289
1578.21	-6.27242
1580.86	1.71225
1583.52	19.6969
1586.17	9.68163
1588.82	5.66631
1591.47	9.65101
1594.11	9.63572
1596.76	9.62043
1599.41	-0.394852
1602.05	11.5899
1604.69	1.5746
1607.34	3.55933
1609.98	9.54408
1612.62	23.5288
1615.26	15.5136
1617.9	3.49836
1620.54	3.48314
1623.18	7.46793
1625.81	15.4527
1628.45	3.43754
1631.08	-0.577629
1633.72	5.40721
1636.35	17.3921
1638.98	-4.62308
1641.61	-0.638207
1644.24	5.34668
1646.87	5.33158
1649.5	9.31649
1652.13	13.3014
1654.75	7.28637
1657.38	11.2713
1660	11.2563
1662.63	-8.75869
1665.25	3.22632
1667.87	5.21135
1670.49	13.1964
1673.11	15.1815
1675.73	15.1665
1678.35	3.15165
1680.96	7.13677
1683.58	1.12192
1686.19	1.10708
1688.81	7.09226
1691.42	7.07747
1694.03	9.06269
1696.64	19.0479
1699.25	3.03322
1701.87	-4.98149
1704.47	9.00382
1707.08	18.9892
1709.69	12.9745
1712.29	6.95992
1714.9	12.9453
1717.5	6.93078
1720.1	16.9162
1722.71	10.9017
1725.31	14.8873
1727.91	4.87279
1730.51	20.8584
1733.1	6.84397
1735.7	24.8296
1738.3	14.8152
1740.89	4.80093
1743.49	8.78665
1746.08	16.7724
1748.67	8.75816
1751.26	-5.25602
1753.86	2.72981
1756.45	8.71567
1759.03	10.7016
1761.62	8.6875
1764.21	6.67346
1766.8	6.65946
1769.38	2.64549
1771.97	14.6315
1774.55	-1.38236
1777.13	2.60377
1779.71	8.58994
1782.29	8.57614
1784.87	6.56238
1787.45	6.54865
1790.03	26.535
1792.61	0.521297
1795.18	2.50768
1797.76	8.49409
1800.33	14.4806
1802.9	12.467
1805.48	24.4536
1808.05	18.4402
1810.62	4.42676
1813.19	10.4134
1815.76	6.4001
1818.33	24.3868
1820.89	12.3736
1823.46	12.3604
1826.02	18.3473
1828.59	12.3342
1831.15	16.3211
1833.71	10.3081
1836.27	12.2951
1838.84	12.2822
1841.39	24.2693
1843.95	-5.74357
1846.51	12.2436
1849.07	-1.76913
1851.62	0.218157
1854.18	10.2055
1856.73	12.1929
1859.29	12.1803
1861.84	28.1678
1864.39	26.1553
1866.94	18.1428
1869.49	8.13046
1872.04	8.11812
1874.59	2.10583
1877.13	12.0936
1879.68	4.0814
1882.22	12.0692
1884.77	20.0572
1887.31	8.04511
1889.85	12.0331
1892.39	-9.97883
1894.93	16.0093
1897.47	23.9974
1900.01	1.98565
1902.55	19.9739
1905.09	21.9622
1907.62	3.95059
1910.16	-8.06098
1912.69	9.92749
1915.22	13.916
1917.76	1.9046
1920.29	15.8932
1922.82	15.8819
1925.35	13.8707
1927.88	1.85947
1930.4	17.8483
1932.93	9.83724
1935.46	17.8262
1937.98	11.8152
1940.51	31.8043
1943.03	-0.206541
1945.55	3.78266
1948.07	7.77192
1950.59	15.7612
1953.11	5.7506
1955.63	11.74
1958.15	5.72953
1960.67	9.71909
1963.18	3.7087
1965.7	1.69837
1968.21	1.6881
1970.73	11.6779
1973.24	-0.33225
1975.75	-2.34233
1978.26	11.6476
1980.77	7.63769
1983.28	7.62779
1985.79	13.618
1988.29	11.6082
1990.8	11.5985
1993.31	-4.41116
1995.81	-2.42074
1998.31	-2.43025
