100.093	20.908
103.274	12.978
106.457	13.0478
109.636	19.1171
112.817	11.1861
115.994	5.25469
119.172	23.323
122.347	11.3908
125.521	15.4583
128.696	13.5255
131.868	11.5923
135.039	3.65874
138.209	-0.275186
141.379	7.79057
144.547	-0.144065
147.713	-12.0791
150.879	13.9856
154.043	6.0499
157.206	10.1139
160.368	2.17746
163.529	0.240722
166.689	22.3036
169.848	4.3662
173.006	18.4284
176.163	0.4903
179.316	6.55179
182.471	16.613
185.625	0.673845
188.777	8.73436
191.927	4.7945
195.077	-3.14566
198.224	8.91381
201.372	8.97298
204.52	13.0318
207.664	7.09029
210.809	31.1485
213.95	-2.79372
217.091	11.2638
220.233	13.3209
223.372	17.3778
226.509	3.43427
229.648	7.49049
232.784	23.5463
235.918	17.6019
239.051	3.65708
242.186	1.71201
245.317	27.7666
248.447	3.82084
251.577	11.8748
254.705	11.9284
257.832	19.9817
260.958	-1.9653
264.083	-3.91262
267.204	6.13971
270.327	2.19178
273.449	4.24353
276.57	10.295
279.69	20.3461
282.806	22.3969
285.924	2.44743
289.04	4.49765
292.154	4.54754
295.268	10.5972
298.379	2.64644
301.492	2.69546
304.601	12.7441
307.711	-5.20744
310.818	6.84066
313.924	4.88845
317.031	26.936
320.135	14.9832
323.238	3.03012
326.34	11.0767
329.443	11.1231
332.543	7.16916
335.642	7.21492
338.74	9.26039
341.836	11.3056
344.932	23.3505
348.027	19.3951
351.12	15.4394
354.213	15.4835
357.302	7.52723
360.393	13.5707
363.482	9.61394
366.57	13.6569
369.656	9.69951
372.742	1.74189
375.827	5.784
378.91	17.8258
381.993	3.86737
385.073	11.9086
388.154	15.9497
391.232	7.99038
394.311	18.0309
397.387	12.071
400.462	0.110965
403.536	12.1506
406.611	16.19
409.683	-3.77084
412.754	4.26802
415.824	12.3066
418.893	16.345
421.961	16.383
425.027	4.42087
428.093	22.4584
431.158	4.49574
434.222	-7.46721
437.284	14.5696
440.346	10.6061
443.407	12.6424
446.464	4.67844
449.523	6.71422
452.581	6.74976
455.635	10.785
458.691	20.8201
461.743	0.85483
464.797	4.88938
467.847	-1.07635
470.899	14.9577
473.947	-1.0085
476.994	19.025
480.043	23.0584
483.088	-0.908559
486.133	11.1243
489.176	-10.8431
492.22	9.18923
495.262	-0.778661
498.302	7.25322
501.341	9.28486
504.38	21.3163
507.417	11.3474
510.453	9.37839
513.487	11.4091
516.521	5.43956
519.554	11.4698
522.586	1.49984
525.616	13.5296
528.646	-12.4408
531.675	7.58853
534.701	3.61764
537.729	-4.35347
540.753	-8.32481
543.778	15.7036
546.8	1.73185
549.821	13.7598
552.844	11.7876
555.863	19.8152
558.881	9.84253
561.898	5.86965
564.916	-0.103428
567.932	9.92326
570.946	7.94974
573.959	19.976
576.971	20.0021
579.982	8.0279
582.993	4.05353
586	-1.92107
589.008	8.10415
592.015	-5.87085
595.022	16.154
598.025	12.1785
601.029	2.20292
604.032	6.2271
607.033	12.2511
610.034	2.27485
613.032	-3.70159
616.032	14.3218
619.028	8.34495
622.023	4.36792
625.018	0.390681
628.013	6.41327
631.005	6.43564
633.997	8.45782
636.987	12.4798
639.977	20.5016
642.965	8.52319
645.952	18.5446
648.939	2.56581
651.924	8.58683
654.909	8.60767
657.892	12.6283
660.873	2.64876
663.854	12.669
666.835	2.68912
669.813	10.709
672.791	0.728723
675.767	10.7482
678.743	8.7676
681.717	-3.21325
684.692	2.80574
687.664	14.8245
690.634	10.8432
693.606	26.8616
696.575	6.87987
699.543	-1.10204
702.51	-1.08414
705.475	8.9336
708.44	12.9512
711.404	0.968547
714.367	-1.01424
717.329	17.0028
720.29	3.01968
723.25	17.0364
726.207	7.0529
729.166	7.06927
732.123	15.0855
735.077	15.1015
738.032	-0.882654
740.984	21.133
743.938	15.1486
746.888	3.16393
749.839	-0.820862
752.788	37.1942
755.735	21.209
758.682	17.2238
761.627	1.23832
764.574	3.25273
767.517	11.267
770.46	3.28105
773.402	5.29497
776.342	5.30874
779.282	3.32236
782.219	27.3358
785.157	11.3491
788.094	15.3623
791.029	9.37527
793.962	9.38812
796.896	13.4008
799.828	3.41336
802.76	9.42577
805.689	9.43802
808.619	9.45013
811.546	13.4621
814.473	13.4739
817.4	15.4856
820.324	7.49709
823.248	13.5085
826.17	9.5197
829.092	13.5308
832.012	3.54175
834.932	13.5526
837.851	9.56324
840.768	15.5738
843.685	17.5842
846.599	17.5944
849.514	7.60456
852.428	19.6145
855.339	15.6244
858.251	15.6341
861.16	19.6437
864.07	3.65315
866.978	15.6625
869.884	29.6717
872.792	17.6807
875.696	35.6896
878.599	13.6984
881.502	-0.292892
884.404	15.7157
887.304	17.7241
890.204	7.73236
893.103	3.74052
896.001	7.74856
898.898	9.75648
901.794	11.7643
904.689	7.77194
907.581	33.7795
910.474	17.7869
913.364	21.7942
916.256	15.8014
919.144	9.80847
922.034	13.8154
924.92	5.82226
927.808	5.82898
930.693	7.83558
933.576	5.84206
936.459	19.8484
939.341	9.85469
942.222	-8.13917
945.102	15.8669
947.981	9.87278
950.859	5.87859
953.737	11.8843
956.613	7.88988
959.488	-4.10464
962.361	7.90073
965.235	23.906
968.105	19.9111
970.977	3.9162
973.846	13.9211
976.716	11.926
979.583	15.9307
982.449	3.93536
985.316	5.9399
988.18	7.94432
991.043	-0.0513467
993.906	-0.0471187
996.767	17.957
999.628	21.961
1002.49	5.96497
1005.35	11.9688
1008.2	13.9725
1011.06	17.9762
1013.91	3.97972
1016.77	19.9832
1019.62	17.9865
1022.48	29.9898
1025.33	11.993
1028.18	19.996
1031.03	11.999
1033.87	2.00191
1036.72	2.00471
1039.57	32.0074
1042.41	20.01
1045.26	12.0126
1048.1	14.015
1050.94	-9.98261
1053.78	8.01967
1056.62	8.02186
1059.46	18.024
1062.3	12.026
1065.14	6.02792
1067.97	24.0298
1070.81	4.03154
1073.64	6.03323
1076.47	12.0348
1079.31	2.03637
1082.14	14.0378
1084.97	2.03918
1087.8	2.04047
1090.63	14.0417
1093.45	12.0428
1096.28	12.0439
1099.1	14.0449
1101.93	18.0458
1104.75	8.0466
1107.57	6.04736
1110.39	-3.95196
1113.21	18.0487
1116.03	12.0492
1118.85	18.0497
1121.66	6.05006
1124.48	10.0504
1127.3	-1.94936
1130.11	2.05083
1132.92	2.05095
1135.73	2.05101
1138.54	-1.94901
1141.35	12.0509
1144.16	2.05076
1146.97	2.05055
1149.78	0.0502747
1152.58	-5.95007
1155.39	10.0495
1158.19	12.0491
1161	14.0485
1163.8	24.0479
1166.6	12.0473
1169.4	20.0466
1172.2	18.0458
1174.99	24.045
1177.79	6.04409
1180.59	-3.95686
1183.38	14.0421
1186.17	14.0411
1188.97	12.04
1191.76	0.038787
1194.55	20.0376
1197.34	-3.96372
1200.13	0.0349417
1202.92	8.03355
1205.7	6.03211
1208.49	12.0306
1211.27	8.02907
1214.06	14.0275
1216.84	4.02583
1219.62	10.0241
1222.4	-1.97761
1225.18	18.0206
1227.96	6.01876
1230.74	4.01687
1233.51	2.01494
1236.29	14.013
1239.06	6.01093
1241.84	4.00886
1244.61	8.00675
1247.38	2.00459
1250.15	-3.99761
1252.92	2.00014
1255.69	-4.00214
1258.46	5.99553
1261.23	-0.00684193
1263.99	5.99075
1266.76	-0.0117008
1269.52	25.9858
1272.28	5.98328
1275.05	11.9807
1277.81	-10.0219
1280.57	19.9755
1283.33	13.9728
1286.08	-2.02991
1288.84	7.96734
1291.6	-0.0354408
1294.35	11.9617
1297.11	17.9589
1299.86	5.95601
1302.61	3.9531
1305.36	3.95015
1308.11	5.94717
1310.86	11.9442
1313.61	19.9411
1316.36	9.93805
1319.1	5.93495
1321.85	15.9318
1324.59	-4.07133
1327.33	-4.07451
1330.08	7.92228
1332.82	11.919
1335.56	9.91578
1338.3	3.91249
1341.04	23.9092
1343.77	11.9058
1346.51	11.9025
1349.25	17.8991
1351.98	3.89569
1354.71	-0.107743
1357.45	3.88881
1360.18	-2.11466
1362.91	3.88184
1365.64	5.87833
1368.37	-12.1252
1371.09	7.87124
1373.82	15.8677
1376.54	-0.135912
1379.27	5.86048
1381.99	7.85686
1384.72	7.85322
1387.44	11.8496
1390.16	15.8459
1392.88	11.8422
1395.6	15.8385
1398.31	9.83479
1401.03	9.83107
1403.75	3.82733
1406.46	7.82358
1409.18	11.8198
1411.89	-4.18396
1414.6	1.81225
1417.31	15.8085
1420.02	25.8046
1422.73	5.80083
1425.44	11.797
1428.15	5.79318
1430.85	21.7893
1433.56	9.78549
1436.26	-0.218368
1438.97	13.7778
1441.67	13.7739
1444.37	-0.229965
1447.07	15.7662
1449.77	11.7623
1452.47	-2.24161
1455.16	11.7545
1457.86	25.7506
1460.56	17.7467
1463.25	13.7428
1465.94	17.7389
1468.64	1.73503
1471.33	9.73113
1474.02	3.72723
1476.71	13.7233
1479.4	1.71944
1482.09	3.71554
1484.77	9.71165
1487.46	19.7078
1490.14	15.7039
1492.83	13.7
1495.51	-2.30389
1498.19	-0.307765
1500.87	7.68837
1503.55	11.6845
1506.23	19.6806
1508.91	3.67679
1511.59	1.67294
1514.27	19.6691
1516.94	3.66527
1519.62	17.6614
1522.29	7.65763
1524.96	11.6538
1527.63	11.65
1530.3	11.6462
1532.97	7.64247
1535.64	13.6387
1538.31	3.63495
1540.98	17.6312
1543.64	9.62747
1546.31	3.62376
1548.97	21.6201
1551.63	5.61637
1554.3	9.61269
1556.96	9.60903
1559.62	35.6054
1562.28	19.6018
1564.94	19.5981
1567.59	-4.40546
1570.25	5.59096
1572.9	15.5874
1575.56	-2.41616
1578.21	9.58032
1580.86	15.5768
1583.52	21.5733
1586.17	5.56985
1588.82	11.5664
1591.47	7.56296
1594.11	5.55955
1596.76	7.55616
1599.41	13.5528
1602.05	-2.45055
1604.69	9.54613
1607.34	3.54283
1609.98	3.53955
1612.62	3.5363
1615.26	23.5331
1617.9	-0.470132
1620.54	25.5267
1623.18	-14.4765
1625.81	11.5204
1628.45	11.5173
1631.08	11.5142
1633.72	21.5112
1636.35	15.5082
1638.98	5.50518
1641.61	-0.49778
1644.24	7.49929
1646.87	7.49638
1649.5	3.49351
1652.13	9.49067
1654.75	21.4879
1657.38	-0.514928
1660	-4.51768
1662.63	25.4796
1665.25	7.47691
1667.87	7.47426
1670.49	15.4716
1673.11	7.46905
1675.73	11.4665
1678.35	3.46398
1680.96	3.4615
1683.58	-2.54095
1686.19	1.45664
1688.81	3.45426
1691.42	15.4519
1694.03	13.4496
1696.64	1.44735
1699.25	5.44512
1701.87	11.4429
1704.47	-0.559225
1707.08	7.43866
1709.69	3.43659
1712.29	-2.56545
1714.9	11.4326
1717.5	17.4306
1720.1	13.4287
1722.71	-8.57319
1725.31	11.425
1727.91	21.4232
1730.51	1.42144
1733.1	17.4197
1735.7	5.41808
1738.3	7.41646
1740.89	5.41489
1743.49	5.41336
1746.08	15.4119
1748.67	7.41043
1751.26	7.40904
1753.86	13.4077
1756.45	23.4064
1759.03	9.40513
1761.62	13.4039
1764.21	5.40276
1766.8	15.4016
1769.38	15.4006
1771.97	9.39956
1774.55	15.3986
1777.13	9.39767
1779.71	25.3968
1782.29	15.396
1784.87	-0.604792
1787.45	15.3945
1790.03	19.3938
1792.61	17.3932
1795.18	3.39264
1797.76	11.3921
1800.33	3.39167
1802.9	35.3913
1805.48	15.3909
1808.05	13.3906
1810.62	11.3904
1813.19	-2.60983
1815.76	5.39003
1818.33	11.3899
1820.89	5.38992
1823.46	5.38995
1826.02	27.39
1828.59	9.39017
1831.15	11.3904
1833.71	7.39063
1836.27	23.3909
1838.84	7.39131
1841.39	-2.60826
1843.95	19.3922
1846.51	13.3928
1849.07	-4.60662
1851.62	17.394
1854.18	9.39478
1856.73	11.3956
1859.29	7.39641
1861.84	5.39732
1864.39	13.3983
1866.94	-0.600681
1869.49	7.40041
1872.04	11.4016
1874.59	17.4028
1877.13	3.40407
1879.68	5.40541
1882.22	15.4068
1884.77	1.4083
1887.31	-0.590165
1889.85	7.41144
1892.39	-8.58689
1894.93	3.41484
1897.47	13.4166
1900.01	5.4185
1902.55	23.4204
1905.09	5.42244
1907.62	15.4245
1910.16	13.4266
1912.69	7.42884
1915.22	23.4311
1917.76	11.4334
1920.29	13.4359
1922.82	7.43833
1925.35	23.4409
1927.88	3.44349
1930.4	9.44617
1932.93	17.4489
1935.46	-4.54824
1937.98	9.45465
1940.51	17.4576
1943.03	7.46067
1945.55	9.46378
1948.07	1.46696
1950.59	9.47022
1953.11	1.47355
1955.63	27.477
1958.15	1.48043
1960.67	25.484
1963.18	-6.51239
1965.7	3.49131
1968.21	7.49509
1970.73	21.4989
1973.24	11.5029
1975.75	11.5069
1978.26	35.5109
1980.77	1.5151
1983.28	25.5193
1985.79	1.52364
1988.29	19.528
1990.8	1.5325
1993.31	15.537
1995.81	19.5417
1998.31	21.5464
