100.093	9.68557
103.274	23.8102
106.457	19.9342
109.636	16.0573
112.817	30.1796
115.994	24.3012
119.172	-1.57799
122.347	-9.45801
125.521	12.6612
128.696	10.7797
131.868	16.8974
135.039	7.01434
138.209	3.13051
141.379	1.246
144.547	13.3607
147.713	5.47458
150.879	21.5877
154.043	9.70017
157.206	3.81185
160.368	-2.0772
163.529	6.03301
166.689	20.1425
169.848	6.25124
173.006	4.35926
176.163	6.46656
179.316	22.5731
182.471	14.6789
185.625	14.7841
188.777	-3.11152
191.927	12.9921
195.077	19.0951
198.224	3.19737
201.372	3.29897
204.52	1.39988
207.664	-0.499988
210.809	13.5995
213.95	19.6983
217.091	3.79633
220.233	5.89377
223.372	-2.00953
226.509	18.0865
229.648	2.18187
232.784	6.27653
235.918	20.3705
239.051	16.4638
242.186	6.55654
245.317	16.6485
248.447	-3.26017
251.577	10.8305
254.705	-5.07951
257.832	21.0098
260.958	9.09853
264.083	-2.81342
267.204	3.27392
270.327	7.36067
273.449	13.4468
276.57	9.53225
279.69	13.6171
282.806	1.70123
285.924	17.7848
289.04	5.86774
292.154	3.95
295.268	4.03169
298.379	-3.8873
301.492	18.1932
304.601	16.2729
307.711	4.35215
310.818	20.4307
313.924	16.5087
317.031	12.586
320.135	24.6628
323.238	2.73892
326.34	12.8145
329.443	18.8894
332.543	-3.03621
335.642	3.03755
338.74	15.1107
341.836	19.1833
344.932	-2.7447
348.027	1.32672
351.12	7.39756
354.213	7.46782
357.302	7.53746
360.393	1.60658
363.482	21.6751
366.57	19.7431
369.656	7.81049
372.742	9.87734
375.827	15.9436
378.91	16.0093
381.993	10.0745
385.073	10.1391
388.154	12.2032
391.232	-9.73331
394.311	6.32969
397.387	20.3921
400.462	26.454
403.536	22.5153
406.611	6.57613
409.683	18.6364
412.754	10.6961
415.824	0.755338
418.893	2.81402
421.961	10.8722
425.027	4.92981
428.093	14.9869
431.158	13.0435
434.222	-0.900377
437.284	9.1552
440.346	21.2103
443.407	5.26483
446.464	7.31885
449.523	1.37241
452.581	13.4255
455.635	3.47798
458.691	-0.469955
461.743	21.5816
464.797	9.63266
467.847	5.68322
470.899	-0.26668
473.947	7.78291
476.994	9.83201
480.043	5.88067
483.088	7.92882
486.133	11.9765
489.176	12.0237
492.22	-3.92953
495.262	2.11674
498.302	4.16254
501.341	14.2079
504.38	10.2528
507.417	2.29717
510.453	8.34114
513.487	16.3846
516.521	16.4277
519.554	2.47028
522.586	10.5124
525.616	6.55412
528.646	2.59539
531.675	8.63622
534.701	10.6766
537.729	6.71654
540.753	2.75603
543.778	4.79512
546.8	-1.16625
549.821	6.87195
552.844	18.9098
555.863	6.94711
558.881	10.984
561.898	11.0206
564.916	13.0567
567.932	11.0924
570.946	7.12764
573.959	3.1625
576.971	-4.80304
579.982	13.231
582.993	23.2646
586	1.29787
589.008	17.3307
592.015	11.3632
595.022	7.3952
598.025	3.42684
601.029	9.4581
604.032	-6.51102
607.033	1.51944
610.034	-2.45045
613.032	9.57925
616.032	15.6086
619.028	5.63753
622.023	13.6661
625.018	5.69428
628.013	7.72212
631.005	-0.250428
633.997	-6.22335
636.987	-10.1966
639.977	15.8297
642.965	17.8557
645.952	3.88134
648.939	11.9066
651.924	15.9315
654.909	5.95609
657.892	1.9803
660.873	8.00414
663.854	20.0277
666.835	-1.94918
669.813	12.0736
672.791	8.09611
675.767	8.11824
678.743	2.14004
681.717	8.1615
684.692	16.1826
687.664	16.2034
690.634	-3.77611
693.606	14.244
696.575	12.2638
699.543	14.2833
702.51	8.30249
705.475	10.3213
708.44	6.33986
711.404	4.35807
714.367	0.375966
717.329	22.3936
720.29	-3.58917
723.25	14.4278
726.207	4.44445
729.166	-1.5392
732.123	24.4769
735.077	30.4926
738.032	10.5081
740.984	-3.47678
743.938	8.53808
746.888	-1.44735
749.839	6.56693
752.788	2.58092
755.735	14.5946
758.682	10.608
761.627	26.6212
764.574	-3.36597
767.517	-1.35339
770.46	14.6589
773.402	-1.32907
776.342	6.68268
779.282	-13.3058
782.219	14.7054
785.157	8.7163
788.094	14.727
791.029	8.73738
793.962	18.7475
796.896	6.75742
799.828	12.767
802.76	32.7764
805.689	28.7855
808.619	2.7944
811.546	10.803
814.473	12.8114
817.4	4.81949
820.324	8.82736
823.248	14.835
826.17	14.8424
829.092	22.8495
832.012	8.85643
834.932	14.8631
837.851	6.86954
840.768	22.8757
843.685	50.8817
846.599	8.88746
849.514	22.893
852.428	10.8983
855.339	14.9033
858.251	8.90818
861.16	12.9128
864.07	10.9172
866.978	16.9214
869.884	14.9254
872.792	22.9291
875.696	12.9327
878.599	6.93604
881.502	4.93918
884.404	12.9421
887.304	4.94483
890.204	10.9474
893.103	8.94968
896.001	6.9518
898.898	12.9537
901.794	4.95546
904.689	2.957
907.581	18.9583
910.474	8.9595
913.364	12.9605
916.256	-1.03875
919.144	-3.03815
922.034	6.96226
924.92	12.9625
927.808	2.96254
930.693	12.9624
933.576	16.9621
936.459	6.96163
939.341	14.961
942.222	10.9602
945.102	18.9592
947.981	-3.04199
950.859	2.95668
953.737	0.955193
956.613	18.9535
959.488	12.9517
962.361	20.9498
965.235	8.94762
968.105	2.94533
970.977	0.942889
973.846	12.9403
976.716	4.93755
979.583	14.9347
982.449	12.9316
985.316	10.9284
988.18	-1.07492
991.043	10.9216
993.906	16.918
996.767	-1.08577
999.628	4.91033
1002.49	10.9063
1005.35	22.9021
1008.2	24.8978
1011.06	12.8934
1013.91	2.88883
1016.77	10.8841
1019.62	24.8793
1022.48	6.87438
1025.33	8.86931
1028.18	8.86412
1031.03	24.8588
1033.87	6.85338
1036.72	16.8478
1039.57	12.8422
1042.41	2.8364
1045.26	8.83051
1048.1	10.8245
1050.94	8.81841
1053.78	16.8122
1056.62	4.80587
1059.46	4.79944
1062.3	6.79291
1065.14	22.7863
1067.97	0.77955
1070.81	20.7727
1073.64	0.765794
1076.47	16.7588
1079.31	18.7517
1082.14	4.74445
1084.97	24.7371
1087.8	4.72976
1090.63	-1.27771
1093.45	16.7147
1096.28	4.70708
1099.1	16.6994
1101.93	12.6915
1104.75	-3.31635
1107.57	-7.32432
1110.39	12.6676
1113.21	22.6595
1116.03	10.6513
1118.85	0.643038
1121.66	6.6347
1124.48	2.62629
1127.3	4.61781
1130.11	16.6093
1132.92	8.60065
1135.73	0.591982
1138.54	24.5832
1141.35	0.57445
1144.16	10.5656
1146.97	8.55667
1149.78	0.547703
1152.58	0.538683
1155.39	8.5296
1158.19	10.5205
1161	6.51129
1163.8	-5.49794
1166.6	-5.50722
1169.4	20.4835
1172.2	2.47409
1174.99	8.46467
1177.79	18.4552
1180.59	10.4457
1183.38	0.436189
1186.17	8.42661
1188.97	6.417
1191.76	0.407361
1194.55	6.39768
1197.34	22.388
1200.13	8.37823
1202.92	4.36846
1205.7	12.3587
1208.49	6.34885
1211.27	0.338996
1214.06	4.32913
1216.84	8.31923
1219.62	-1.69068
1222.4	0.29938
1225.18	16.2894
1227.96	16.2795
1230.74	8.26947
1233.51	10.2595
1236.29	10.2495
1239.06	0.239441
1241.84	14.2294
1244.61	-9.78063
1247.38	10.2093
1250.15	14.1993
1252.92	22.1892
1255.69	14.1791
1258.46	24.1691
1261.23	6.15902
1263.99	2.14896
1266.76	4.13889
1269.52	-3.87116
1272.28	4.11878
1275.05	2.10873
1277.81	10.0987
1280.57	12.0887
1283.33	12.0786
1286.08	6.06864
1288.84	-11.9414
1291.6	14.0487
1294.35	6.03869
1297.11	14.0287
1299.86	24.0188
1302.61	4.0089
1305.36	1.99901
1308.11	13.9891
1310.86	5.97929
1313.61	5.96947
1316.36	7.95967
1319.1	5.9499
1321.85	3.94016
1324.59	11.9305
1327.33	3.92077
1330.08	11.9111
1332.82	1.90151
1335.56	17.8919
1338.3	3.88238
1341.04	1.87288
1343.77	-0.136591
1346.51	7.85398
1349.25	7.84459
1351.98	13.8352
1354.71	-4.17406
1357.45	7.81669
1360.18	7.80748
1362.91	1.79831
1365.64	1.78919
1368.37	3.78013
1371.09	3.77111
1373.82	-2.23785
1376.54	5.75324
1379.27	3.74439
1381.99	3.73559
1384.72	23.7268
1387.44	7.71816
1390.16	11.7095
1392.88	17.701
1395.6	1.69246
1398.31	7.68403
1401.03	11.6757
1403.75	-0.332657
1406.46	-4.34091
1409.18	-4.34908
1411.89	5.64281
1414.6	7.63478
1417.31	7.62682
1420.02	11.6189
1422.73	7.6111
1425.44	13.6034
1428.15	9.59569
1430.85	-2.4119
1433.56	17.5806
1436.26	-2.42685
1438.97	7.5658
1441.67	7.55853
1444.37	5.55135
1447.07	3.54425
1449.77	19.5372
1452.47	11.5303
1455.16	7.52345
1457.86	11.5167
1460.56	13.51
1463.25	7.50346
1465.94	-2.50302
1468.64	-0.509408
1471.33	15.4843
1474.02	15.4781
1476.71	19.472
1479.4	9.466
1482.09	7.46009
1484.77	11.4543
1487.46	3.44859
1490.14	15.443
1492.83	5.43749
1495.51	3.4321
1498.19	11.4268
1500.87	5.42164
1503.55	21.4166
1506.23	19.4116
1508.91	1.40675
1511.59	13.402
1514.27	5.39738
1516.94	7.39286
1519.62	9.38846
1522.29	1.38418
1524.96	-4.61999
1527.63	19.376
1530.3	15.372
1532.97	-0.63179
1535.64	-0.635482
1538.31	3.36095
1540.98	-2.6425
1543.64	5.35418
1546.31	11.351
1548.97	7.34791
1551.63	-4.65503
1554.3	11.3422
1556.96	3.33947
1559.62	7.33691
1562.28	-4.66551
1564.94	3.33219
1567.59	11.33
1570.25	19.328
1572.9	19.3261
1575.56	1.32437
1578.21	21.3228
1580.86	9.32129
1583.52	5.31995
1586.17	9.31876
1588.82	5.31771
1591.47	11.3168
1594.11	17.316
1596.76	7.31541
1599.41	21.3149
1602.05	-0.685389
1604.69	5.31443
1607.34	-2.6856
1609.98	3.31452
1612.62	9.31479
1615.26	11.3152
1617.9	7.31579
1620.54	13.3165
1623.18	19.3174
1625.81	11.3184
1628.45	-4.68036
1631.08	9.321
1633.72	11.3225
1636.35	3.32418
1638.98	5.32602
1641.61	21.328
1644.24	1.33017
1646.87	9.3325
1649.5	-2.66502
1652.13	7.33764
1654.75	9.34046
1657.38	-8.65656
1660	17.3466
1662.63	11.3499
1665.25	-6.64657
1667.87	9.35709
1670.49	-4.63907
1673.11	5.36495
1675.73	3.36914
1678.35	-12.6265
1680.96	7.37804
1683.58	9.38275
1686.19	15.3876
1688.81	17.3927
1691.42	13.398
1694.03	15.4034
1696.64	7.40903
1699.25	7.41483
1701.87	9.42081
1704.47	15.427
1707.08	25.4333
1709.69	19.4399
1712.29	11.4466
1714.9	9.45351
1717.5	1.46061
1720.1	5.46791
1722.71	1.4754
1725.31	3.48307
1727.91	5.49094
1730.51	7.499
1733.1	19.5073
1735.7	23.5157
1738.3	5.52437
1740.89	5.53321
1743.49	3.54226
1746.08	9.5515
1748.67	3.56095
1751.26	1.57059
1753.86	15.5804
1756.45	1.59049
1759.03	17.6007
1761.62	9.6112
1764.21	-8.37814
1766.8	5.63272
1769.38	-0.356203
1771.97	11.6551
1774.55	9.66658
1777.13	13.6783
1779.71	-4.30981
1782.29	3.70231
1784.87	-2.28536
1787.45	19.7272
1790.03	15.7399
1792.61	7.75293
1795.18	21.7661
1797.76	15.7795
1800.33	-0.206848
1802.9	21.807
1805.48	7.82105
1808.05	5.83533
1810.62	1.84984
1813.19	11.8646
1815.76	3.87951
1818.33	5.89468
1820.89	9.91007
1823.46	9.92568
1826.02	21.9415
1828.59	11.9576
1831.15	21.9739
1833.71	21.9904
1836.27	8.00717
1838.84	6.02415
1841.39	34.0414
1843.95	2.05881
1846.51	6.07648
1849.07	-1.90562
1851.62	18.1125
1854.18	8.13091
1856.73	14.1495
1859.29	16.1684
1861.84	2.18744
1864.39	6.20676
1866.94	16.2263
1869.49	20.2461
1872.04	8.26617
1874.59	2.28645
1877.13	12.307
1879.68	32.3277
1882.22	-5.65127
1884.77	4.36998
1887.31	14.3915
1889.85	18.4132
1892.39	-3.5648
1894.93	10.4574
1897.47	14.4799
1900.01	6.50264
1902.55	8.52562
1905.09	2.54884
1907.62	6.57232
1910.16	6.59604
1912.69	28.62
1915.22	12.6443
1917.76	4.66874
1920.29	16.6935
1922.82	12.7185
1925.35	0.743748
1927.88	24.7693
1930.4	18.795
1932.93	16.821
1935.46	18.8473
1937.98	26.8739
1940.51	10.9007
1943.03	-1.07225
1945.55	12.9551
1948.07	14.9827
1950.59	7.0105
1953.11	1.03863
1955.63	25.067
1958.15	-2.90435
1960.67	13.1246
1963.18	17.1537
1965.7	-4.81682
1968.21	15.2129
1970.73	7.24288
1973.24	11.2731
1975.75	9.30365
1978.26	3.33446
1980.77	21.3655
1983.28	13.3969
1985.79	9.42847
1988.29	13.4604
1990.8	7.49253
1993.31	19.525
1995.81	1.55768
1998.31	1.59064
