100.093	17.2467
103.274	15.208
106.457	31.1693
109.636	13.1309
112.817	19.0925
115.994	25.0543
119.172	11.0162
122.347	18.9782
125.521	28.9404
128.696	16.9026
131.868	24.865
135.039	6.82756
138.209	16.7902
141.379	12.7529
144.547	30.7158
147.713	12.6788
150.879	22.642
154.043	8.60522
157.206	14.5686
160.368	30.5321
163.529	12.4957
166.689	6.45941
169.848	26.4233
173.006	2.38722
176.163	10.3513
179.316	38.3155
182.471	-1.72016
185.625	16.2443
188.777	12.2088
191.927	18.1735
195.077	2.13831
198.224	2.10323
201.372	6.06825
204.52	20.0334
207.664	29.9987
210.809	13.964
213.95	17.9295
217.091	21.8951
220.233	33.8608
223.372	13.8267
226.509	13.7926
229.648	13.7587
232.784	13.7249
235.918	3.69117
239.051	1.65758
242.186	39.6241
245.317	13.5907
248.447	17.5575
251.577	3.52431
254.705	13.4913
257.832	-4.54164
260.958	13.4255
264.083	5.39284
267.204	7.36027
270.327	25.3278
273.449	-2.70458
276.57	29.2632
279.69	19.231
282.806	9.19898
285.924	21.167
289.04	19.1352
292.154	17.1035
295.268	13.0719
298.379	19.0404
301.492	27.009
304.601	20.9777
307.711	-1.05345
310.818	16.9155
313.924	8.88453
317.031	22.8537
320.135	14.8229
323.238	10.7923
326.34	10.7617
329.443	10.7313
332.543	12.701
335.642	20.6708
338.74	24.6406
341.836	4.61062
344.932	6.58071
348.027	-3.4491
351.12	4.5212
354.213	14.4916
357.302	14.4621
360.393	10.4327
363.482	10.4034
366.57	6.37422
369.656	6.34514
372.742	24.3162
375.827	10.2873
378.91	0.258482
381.993	16.2298
385.073	24.2012
388.154	-1.82728
391.232	8.14434
394.311	30.116
397.387	12.0879
400.462	4.05979
403.536	12.0318
406.611	8.0039
409.683	15.9761
412.754	9.94843
415.824	-2.07916
418.893	9.89334
421.961	-2.13406
425.027	-2.16136
428.093	13.8114
431.158	-2.21568
434.222	13.7573
437.284	-2.26961
440.346	23.7036
443.407	5.67684
446.464	23.6502
449.523	-0.37632
452.581	1.59723
455.635	-6.4291
458.691	17.5446
461.743	-0.481507
464.797	13.4924
467.847	13.4665
470.899	21.4406
473.947	-2.5852
476.994	5.38911
480.043	25.3635
483.088	3.338
486.133	9.31259
489.176	3.28727
492.22	21.262
495.262	19.2369
498.302	19.2118
501.341	7.18688
504.38	15.162
507.417	11.1372
510.453	-2.88745
513.487	1.08797
516.521	13.0635
519.554	27.039
522.586	-4.9853
525.616	-1.00952
528.646	14.9663
531.675	10.9423
534.701	10.9183
537.729	-9.10561
540.753	-7.1294
543.778	24.8469
546.8	12.8233
549.821	6.79973
552.844	24.7763
555.863	8.75291
558.881	6.72963
561.898	4.70644
564.916	8.68332
567.932	6.66031
570.946	-7.36263
573.959	10.6145
576.971	18.5918
579.982	14.5691
582.993	2.54647
586	0.523974
589.008	12.5015
592.015	18.4792
595.022	8.45693
598.025	0.43476
601.029	4.41266
604.032	20.3906
607.033	4.36872
610.034	4.34686
613.032	6.3251
616.032	-9.69659
619.028	-3.71819
622.023	16.2603
625.018	8.23886
628.013	12.2175
631.005	14.1962
633.997	10.175
636.987	20.1539
639.977	0.13286
642.965	8.1119
645.952	-5.90898
648.939	8.07022
651.924	12.0495
654.909	2.02885
657.892	10.0083
660.873	5.98781
663.854	5.9674
666.835	17.9471
669.813	9.92683
672.791	3.90665
675.767	15.8866
678.743	3.86653
681.717	1.84659
684.692	27.8267
687.664	-2.19307
690.634	11.7872
693.606	-2.23243
696.575	-0.251985
699.543	7.72853
702.51	7.70912
705.475	-4.31022
708.44	13.6705
711.404	11.6513
714.367	21.6322
717.329	9.61318
720.29	17.5942
723.25	11.5753
726.207	15.5565
729.166	11.5378
732.123	21.5191
735.077	5.5005
738.032	11.482
740.984	5.46352
743.938	-6.55486
746.888	17.4268
749.839	7.40859
752.788	13.3904
755.735	13.3723
758.682	21.3543
761.627	-2.66363
764.574	-4.68153
767.517	5.30067
770.46	9.28293
773.402	19.2653
776.342	5.24765
779.282	13.2301
782.219	3.21267
785.157	19.1953
788.094	-4.82205
791.029	17.1607
793.962	5.14352
796.896	13.1264
799.828	7.10935
802.76	21.0924
805.689	1.07546
808.619	7.05861
811.546	29.0418
814.473	3.02513
817.4	19.0085
820.324	22.9919
823.248	0.975391
826.17	6.95895
829.092	16.9426
832.012	4.92626
834.932	18.91
837.851	4.89383
840.768	8.87772
843.685	4.86166
846.599	22.8457
849.514	10.8298
852.428	-1.1861
855.339	26.7981
858.251	-7.21761
861.16	14.7667
864.07	10.7511
866.978	10.7356
869.884	2.72012
872.792	4.70471
875.696	22.6894
878.599	10.6741
881.502	14.6589
884.404	0.643706
887.304	24.6286
890.204	18.6136
893.103	16.5986
896.001	4.58369
898.898	16.5688
901.794	20.554
904.689	18.5393
907.581	4.52466
910.474	22.51
913.364	12.4955
916.256	12.481
919.144	12.4666
922.034	14.4522
924.92	12.4379
927.808	-3.57633
930.693	10.4095
933.576	2.39536
936.459	8.38129
939.341	8.36728
942.222	12.3533
945.102	4.33944
947.981	4.3256
950.859	18.3118
953.737	8.2981
956.613	4.28443
959.488	4.27083
962.361	4.25729
965.235	16.2438
968.105	4.23036
970.977	2.21698
973.846	18.2037
976.716	12.1904
979.583	6.17719
982.449	14.164
985.316	8.15093
988.18	28.1379
991.043	12.1249
993.906	2.11198
996.767	10.0991
999.628	6.08628
1002.49	18.0735
1005.35	8.06079
1008.2	6.04813
1011.06	0.0355366
1013.91	4.02298
1016.77	6.01048
1019.62	-2.00196
1022.48	23.9856
1025.33	19.9733
1028.18	5.96103
1031.03	15.9488
1033.87	1.93662
1036.72	7.92449
1039.57	3.91242
1042.41	17.9004
1045.26	11.8884
1048.1	13.8765
1050.94	3.86464
1053.78	-2.14718
1056.62	3.84106
1059.46	7.82934
1062.3	19.8177
1065.14	19.8061
1067.97	17.7945
1070.81	5.783
1073.64	7.77153
1076.47	1.76012
1079.31	13.7488
1082.14	13.7374
1084.97	19.7262
1087.8	17.715
1090.63	9.7038
1093.45	11.6927
1096.28	9.68162
1099.1	17.6706
1101.93	5.65963
1104.75	3.64871
1107.57	13.6378
1110.39	7.627
1113.21	5.61623
1116.03	15.6055
1118.85	3.59481
1121.66	7.58418
1124.48	11.5736
1127.3	-8.43696
1130.11	7.55254
1132.92	27.5421
1135.73	9.53169
1138.54	5.52133
1141.35	3.51102
1144.16	17.5007
1146.97	3.49053
1149.78	3.48035
1152.58	3.47023
1155.39	15.4601
1158.19	-6.5499
1161	7.44011
1163.8	17.4302
1166.6	1.42025
1169.4	29.4104
1172.2	3.40058
1174.99	7.3908
1177.79	15.3811
1180.59	9.37139
1183.38	1.36175
1186.17	3.35214
1188.97	13.3426
1191.76	9.33307
1194.55	11.3236
1197.34	19.3142
1200.13	19.3048
1202.92	13.2954
1205.7	13.2861
1208.49	7.27689
1211.27	21.2677
1214.06	11.2585
1216.84	9.24936
1219.62	11.2403
1222.4	11.2312
1225.18	15.2222
1227.96	-10.7868
1230.74	3.20431
1233.51	11.1954
1236.29	19.1866
1239.06	7.17777
1241.84	13.169
1244.61	11.1603
1247.38	9.15159
1250.15	1.14294
1252.92	9.13433
1255.69	11.1258
1258.46	7.11724
1261.23	13.1087
1263.99	11.1003
1266.76	-8.90812
1269.52	5.0835
1272.28	11.0752
1275.05	11.0669
1277.81	15.0586
1280.57	11.0504
1283.33	7.0422
1286.08	3.03405
1288.84	13.0259
1291.6	9.01787
1294.35	7.00983
1297.11	17.0018
1299.86	-1.00612
1302.61	10.986
1305.36	14.9781
1308.11	-3.02979
1310.86	14.9624
1313.61	2.95462
1316.36	16.9469
1319.1	20.9392
1321.85	10.9315
1324.59	18.9239
1327.33	-1.08374
1330.08	-7.09131
1332.82	12.9012
1335.56	20.8937
1338.3	4.8862
1341.04	18.8788
1343.77	2.87138
1346.51	-7.13597
1349.25	14.8567
1351.98	4.84942
1354.71	0.842157
1357.45	20.8349
1360.18	2.82775
1362.91	14.8206
1365.64	-5.18653
1368.37	14.8064
1371.09	0.799324
1373.82	-1.2077
1376.54	20.7853
1379.27	10.7784
1381.99	0.771429
1384.72	12.7645
1387.44	0.757677
1390.16	8.75085
1392.88	8.74405
1395.6	-15.2627
1398.31	16.7306
1401.03	16.7238
1403.75	2.71718
1406.46	16.7105
1409.18	24.7039
1411.89	10.6973
1414.6	-9.3092
1417.31	-1.31571
1420.02	4.6778
1422.73	14.6713
1425.44	-7.33509
1428.15	2.65852
1430.85	2.65215
1433.56	8.64582
1436.26	16.6395
1438.97	-3.36677
1441.67	8.62699
1444.37	2.62077
1447.07	-3.38542
1449.77	22.6084
1452.47	20.6023
1455.16	14.5962
1457.86	-11.4099
1460.56	6.58406
1463.25	6.57804
1465.94	28.5721
1468.64	16.5661
1471.33	6.56015
1474.02	6.55424
1476.71	16.5484
1479.4	26.5425
1482.09	10.5367
1484.77	4.53089
1487.46	8.52512
1490.14	10.5194
1492.83	4.51366
1495.51	0.507967
1498.19	2.5023
1500.87	-1.50333
1503.55	16.4911
1506.23	12.4855
1508.91	20.4799
1511.59	18.4744
1514.27	8.46887
1516.94	10.4634
1519.62	16.4579
1522.29	0.452497
1524.96	8.44709
1527.63	8.44171
1530.3	2.43635
1532.97	18.431
1535.64	12.4257
1538.31	8.42043
1540.98	4.41517
1543.64	14.4099
1546.31	6.40473
1548.97	6.39954
1551.63	18.3944
1554.3	8.38924
1556.96	8.38413
1559.62	6.37904
1562.28	18.374
1564.94	0.368925
1567.59	14.3639
1570.25	6.3589
1572.9	2.35393
1575.56	6.34897
1578.21	10.344
1580.86	2.33914
1583.52	-5.66575
1586.17	8.32939
1588.82	6.32455
1591.47	6.31973
1594.11	-3.68507
1596.76	26.3102
1599.41	12.3054
1602.05	4.30067
1604.69	4.29596
1607.34	-7.70873
1609.98	14.2866
1612.62	-3.71805
1615.26	12.2773
1617.9	10.2727
1620.54	16.2681
1623.18	34.2636
1625.81	14.259
1628.45	18.2545
1631.08	10.25
1633.72	8.24551
1636.35	8.24105
1638.98	30.2366
1641.61	-5.76782
1644.24	8.22777
1646.87	-1.77661
1649.5	16.219
1652.13	14.2147
1654.75	16.2103
1657.38	-1.79396
1660	8.20174
1662.63	16.1975
1665.25	2.19322
1667.87	4.18898
1670.49	8.18477
1673.11	4.18057
1675.73	26.1764
1678.35	12.1722
1680.96	20.1681
1683.58	24.164
1686.19	20.1598
1688.81	14.1558
1691.42	2.15168
1694.03	4.14763
1696.64	12.1436
1699.25	6.13957
1701.87	10.1356
1704.47	18.1316
1707.08	-1.8724
1709.69	12.1236
1712.29	-5.88029
1714.9	6.11579
1717.5	20.1119
1720.1	12.108
1722.71	2.10412
1725.31	10.1003
1727.91	12.0964
1730.51	10.0926
1733.1	20.0888
1735.7	6.08499
1738.3	4.08121
1740.89	2.07745
1743.49	6.0737
1746.08	8.06996
1748.67	8.06624
1751.26	12.0625
1753.86	6.05885
1756.45	-17.9448
1759.03	0.0515165
1761.62	2.04787
1764.21	4.04424
1766.8	8.04062
1769.38	10.037
1771.97	10.0334
1774.55	10.0299
1777.13	28.0263
1779.71	20.0227
1782.29	4.01921
1784.87	2.01569
1787.45	16.0122
1790.03	22.0087
1792.61	2.0052
1795.18	10.0017
1797.76	7.99828
1800.33	17.9948
1802.9	17.9914
1805.48	3.98799
1808.05	9.98459
1810.62	5.98119
1813.19	9.97781
1815.76	3.97444
1818.33	11.9711
1820.89	15.9677
1823.46	9.96441
1826.02	7.96109
1828.59	25.9578
1831.15	5.95448
1833.71	1.9512
1836.27	9.94792
1838.84	1.94466
1841.39	-2.05859
1843.95	7.93816
1846.51	31.9349
1849.07	13.9317
1851.62	15.9285
1854.18	11.9253
1856.73	9.92212
1859.29	-0.08106
1861.84	-2.08423
1864.39	27.9126
1866.94	-6.09053
1869.49	15.9063
1872.04	-2.0968
1874.59	15.9001
1877.13	11.897
1879.68	9.89388
1882.22	23.8908
1884.77	27.8877
1887.31	13.8846
1889.85	-4.11842
1892.39	23.8785
1894.93	17.8755
1897.47	19.8725
1900.01	1.86943
1902.55	25.8664
1905.09	17.8634
1907.62	9.86041
1910.16	15.8574
1912.69	19.8544
1915.22	1.85146
1917.76	11.8485
1920.29	23.8455
1922.82	7.84259
1925.35	25.8396
1927.88	1.83671
1930.4	17.8338
1932.93	21.8309
1935.46	17.8279
1937.98	7.82504
1940.51	15.8221
1943.03	3.81926
1945.55	19.8164
1948.07	11.8135
1950.59	-0.189372
1953.11	9.80776
1955.63	9.80491
1958.15	17.8021
1960.67	21.7992
1963.18	17.7964
1965.7	-0.206449
1968.21	11.7907
1970.73	15.7879
1973.24	7.7851
1975.75	9.78229
1978.26	15.7795
1980.77	15.7767
1983.28	15.7739
1985.79	13.7711
1988.29	11.7683
1990.8	9.76557
1993.31	25.7628
1995.81	51.76
1998.31	17.7573
