100.093	-2.54478
103.274	19.5417
106.457	9.62789
109.636	5.71364
112.817	3.79907
115.994	3.88408
119.172	19.9688
122.347	18.053
125.521	-1.86305
128.696	6.22055
131.868	14.3037
135.039	0.386532
138.209	4.46898
141.379	4.55112
144.547	0.632851
147.713	-5.28578
150.879	8.79523
154.043	2.87588
157.206	18.9562
160.368	3.03612
163.529	21.1157
166.689	-2.80506
169.848	-2.72617
173.006	9.35236
176.163	9.43054
179.316	-6.49168
182.471	-0.414195
185.625	9.66294
188.777	3.73973
191.927	11.8161
195.077	9.89223
198.224	-2.03206
201.372	0.0433617
204.52	-3.88156
207.664	6.19313
210.809	10.2675
213.95	-3.65846
217.091	8.41521
220.233	6.4886
223.372	-3.4384
226.509	8.63428
229.648	0.706662
232.784	6.77867
235.918	2.85034
239.051	8.92169
242.186	0.992755
245.317	5.06344
248.447	9.13381
251.577	15.2038
254.705	-0.726443
257.832	13.3429
260.958	19.412
264.083	-0.519246
267.204	-2.45087
270.327	13.6172
273.449	5.68502
276.57	15.7525
279.69	13.8196
282.806	-0.113579
285.924	13.9529
289.04	2.01914
292.154	-3.91501
295.268	10.1506
298.379	-1.78421
301.492	10.2807
304.601	4.34535
307.711	24.4097
310.818	8.47368
313.924	0.537358
317.031	12.6008
320.135	2.66385
323.238	14.7266
326.34	-1.21092
329.443	2.85129
332.543	2.91315
335.642	-3.02528
338.74	5.03598
341.836	3.09695
344.932	-2.84238
348.027	17.218
351.12	19.2781
354.213	15.3379
357.302	7.39731
360.393	11.4565
363.482	7.51541
366.57	3.57403
369.656	9.63232
372.742	1.69036
375.827	27.7481
378.91	-0.194465
381.993	7.86271
385.073	5.91957
388.154	1.97618
391.232	0.0324649
394.311	4.08851
397.387	6.14423
400.462	16.1997
403.536	6.25484
406.611	2.30977
409.683	20.3644
412.754	14.4187
415.824	6.47276
418.893	8.52654
421.961	18.58
425.027	8.63328
428.093	4.68624
431.158	18.7389
434.222	24.7914
437.284	0.843503
440.346	0.895383
443.407	22.947
446.464	12.9983
449.523	5.04939
452.581	15.1002
455.635	1.15072
458.691	5.201
461.743	3.25099
464.797	1.30076
467.847	-0.649776
470.899	9.39946
473.947	17.4484
476.994	7.4971
480.043	-8.45443
483.088	7.59375
486.133	-4.35833
489.176	7.68933
492.22	-0.263221
495.262	9.78394
498.302	17.8308
501.341	11.8775
504.38	15.9239
507.417	15.9701
510.453	-1.98403
513.487	4.0616
516.521	4.10701
519.554	16.1522
522.586	0.197094
525.616	0.24174
528.646	2.28617
531.675	4.33036
534.701	8.37428
537.729	-1.58202
540.753	-1.53858
543.778	4.50464
546.8	12.5476
549.821	12.5903
552.844	8.63283
555.863	0.675078
558.881	24.7171
561.898	-3.24113
564.916	8.80044
567.932	2.84175
570.946	2.88282
573.959	-1.07633
576.971	0.964287
579.982	1.00467
582.993	11.0448
586	3.08473
589.008	5.12444
592.015	19.1639
595.022	7.20316
598.025	3.24216
601.029	7.28096
604.032	9.31954
607.033	5.35787
610.034	-8.604
613.032	19.4339
616.032	5.47159
619.028	11.509
622.023	5.54627
625.018	7.58328
628.013	15.6201
631.005	7.65668
633.997	-0.306956
636.987	3.72919
639.977	19.7651
642.965	-12.1991
645.952	1.83637
648.939	7.87167
651.924	19.9068
654.909	7.94164
657.892	7.97631
660.873	-9.98925
663.854	20.045
666.835	12.0791
669.813	4.11288
672.791	0.146518
675.767	12.1799
678.743	8.21316
681.717	14.2462
684.692	14.279
687.664	8.31159
690.634	4.344
693.606	10.3762
696.575	18.4082
699.543	16.44
702.51	14.4716
705.475	10.503
708.44	24.5343
711.404	12.5653
714.367	2.59611
717.329	14.6267
720.29	16.6572
723.25	-11.3126
726.207	-1.28253
729.166	20.7473
732.123	2.77701
735.077	6.80647
738.032	4.83577
740.984	14.8649
743.938	12.8938
746.888	12.9225
749.839	20.9511
752.788	14.9794
755.735	3.00756
758.682	7.03554
761.627	3.06334
764.574	17.091
767.517	-4.88159
770.46	27.1457
773.402	-10.8273
776.342	19.1996
779.282	7.22636
782.219	17.2529
785.157	13.2792
788.094	1.30543
791.029	21.3314
793.962	7.35726
796.896	13.3829
799.828	-0.5916
802.76	17.4337
805.689	9.45885
808.619	5.48382
811.546	11.5086
814.473	-6.46677
817.4	15.5577
820.324	29.582
823.248	19.6061
826.17	17.63
829.092	13.6538
832.012	9.67744
834.932	7.70089
837.851	7.72418
840.768	7.7473
843.685	13.7703
846.599	11.793
849.514	13.8157
852.428	11.8382
855.339	17.8605
858.251	13.8826
861.16	21.9046
864.07	13.9265
866.978	-2.05187
869.884	15.9696
872.792	23.991
875.696	4.01222
878.599	2.03327
881.502	0.0541692
884.404	14.0749
887.304	22.0955
890.204	18.1159
893.103	16.1362
896.001	8.15637
898.898	10.1764
901.794	20.1962
904.689	14.2159
907.581	4.23542
910.474	6.25482
913.364	20.2741
916.256	-1.70684
919.144	0.312107
922.034	6.33092
924.92	0.349582
927.808	18.3681
930.693	10.3865
933.576	8.40472
936.459	14.4228
939.341	6.44076
942.222	4.45857
945.102	36.4762
947.981	10.4938
950.859	6.51117
953.737	10.5284
956.613	20.5456
959.488	12.5625
962.361	8.57938
965.235	24.5961
968.105	4.61267
970.977	12.6291
973.846	16.6454
976.716	-1.33839
979.583	6.67766
982.449	22.6936
985.316	-5.29064
988.18	4.72502
991.043	4.74054
993.906	10.7559
996.767	2.77121
999.628	18.7863
1002.49	12.8014
1005.35	12.8163
1008.2	-3.16898
1011.06	8.84565
1013.91	8.86017
1016.77	16.8746
1019.62	14.8888
1022.48	-5.09703
1025.33	8.91699
1028.18	20.9309
1031.03	10.9447
1033.87	12.9583
1036.72	18.9719
1039.57	16.9853
1042.41	18.9986
1045.26	17.0118
1048.1	9.02486
1050.94	9.03782
1053.78	15.0507
1056.62	19.0634
1059.46	23.076
1062.3	7.08849
1065.14	11.1009
1067.97	21.1131
1070.81	-0.87471
1073.64	11.1373
1076.47	11.1493
1079.31	15.1611
1082.14	7.17281
1084.97	9.18443
1087.8	1.19592
1090.63	15.2073
1093.45	25.2186
1096.28	9.22977
1099.1	7.24084
1101.93	27.2518
1104.75	-4.73734
1107.57	3.27342
1110.39	-2.71593
1113.21	13.2946
1116.03	15.3051
1118.85	11.3154
1121.66	1.32565
1124.48	19.3358
1127.3	1.34584
1130.11	25.3558
1132.92	27.3656
1135.73	-8.62463
1138.54	9.38501
1141.35	21.3946
1144.16	25.404
1146.97	11.4134
1149.78	17.4226
1152.58	3.4318
1155.39	7.44088
1158.19	9.44985
1161	11.4587
1163.8	7.46753
1166.6	11.4762
1169.4	3.48484
1172.2	9.49336
1174.99	1.50179
1177.79	9.51012
1180.59	21.5184
1183.38	13.5265
1186.17	13.5346
1188.97	11.5426
1191.76	5.55047
1194.55	5.55828
1197.34	11.566
1200.13	1.57364
1202.92	-0.418802
1205.7	7.58866
1208.49	9.59605
1211.27	21.6034
1214.06	15.6106
1216.84	5.6177
1219.62	3.62476
1222.4	7.63173
1225.18	15.6386
1227.96	17.6454
1230.74	5.65217
1233.51	5.65883
1236.29	15.6654
1239.06	5.6719
1241.84	3.67832
1244.61	-4.31533
1247.38	-6.30907
1250.15	1.69712
1252.92	7.70324
1255.69	19.7093
1258.46	33.7153
1261.23	-14.2789
1263.99	-0.273033
1266.76	-2.26728
1269.52	7.73839
1272.28	5.744
1275.05	7.74954
1277.81	3.755
1280.57	1.76039
1283.33	9.76572
1286.08	13.771
1288.84	5.77616
1291.6	5.78128
1294.35	-0.213664
1297.11	13.7913
1299.86	3.79624
1302.61	-2.19891
1305.36	17.8059
1308.11	-4.18939
1310.86	11.8153
1313.61	17.8199
1316.36	9.82439
1319.1	-2.17114
1321.85	7.83327
1324.59	13.8376
1327.33	15.8419
1330.08	9.84612
1332.82	11.8503
1335.56	15.8544
1338.3	21.8584
1341.04	1.86242
1343.77	29.8664
1346.51	11.8702
1349.25	-2.12596
1351.98	11.8778
1354.71	5.88149
1357.45	7.88514
1360.18	5.88873
1362.91	23.8923
1365.64	17.8957
1368.37	-6.10083
1371.09	-2.09746
1373.82	25.9059
1376.54	13.9091
1379.27	9.91235
1381.99	-2.08449
1384.72	9.91863
1387.44	7.92169
1390.16	19.9247
1392.88	23.9277
1395.6	5.93059
1398.31	13.9335
1401.03	9.93627
1403.75	17.939
1406.46	21.9418
1409.18	19.9445
1411.89	11.9471
1414.6	9.94967
1417.31	3.95221
1420.02	5.95471
1422.73	-0.0428364
1425.44	-0.0404263
1428.15	13.9619
1430.85	9.96426
1433.56	1.96654
1436.26	-2.03121
1438.97	27.971
1441.67	13.9731
1444.37	9.97526
1447.07	-0.0226659
1449.77	17.9794
1452.47	-2.01863
1455.16	1.98333
1457.86	19.9853
1460.56	9.98714
1463.25	3.98898
1465.94	3.99079
1468.64	23.9926
1471.33	25.9943
1474.02	13.996
1476.71	13.9977
1479.4	1.99931
1482.09	2.00091
1484.77	20.0025
1487.46	6.00401
1490.14	6.00551
1492.83	20.007
1495.51	18.0084
1498.19	10.0098
1500.87	4.01119
1503.55	10.0125
1506.23	18.0138
1508.91	4.01513
1511.59	10.0164
1514.27	24.0176
1516.94	20.0188
1519.62	-5.98002
1522.29	18.0211
1524.96	8.02224
1527.63	6.02333
1530.3	6.02439
1532.97	20.0254
1535.64	0.026443
1538.31	6.02743
1540.98	16.0284
1543.64	14.0293
1546.31	20.0302
1548.97	0.0311412
1551.63	12.032
1554.3	16.0329
1556.96	12.0337
1559.62	14.0345
1562.28	4.03527
1564.94	8.03604
1567.59	8.03678
1570.25	10.0375
1572.9	12.0382
1575.56	6.03889
1578.21	-9.96044
1580.86	10.0402
1583.52	6.04084
1586.17	16.0415
1588.82	12.0421
1591.47	8.04263
1594.11	10.0432
1596.76	20.0437
1599.41	4.04428
1602.05	8.0448
1604.69	10.0453
1607.34	14.0458
1609.98	14.0463
1612.62	4.04675
1615.26	10.0472
1617.9	28.0476
1620.54	12.0481
1623.18	-5.95152
1625.81	8.04889
1628.45	22.0493
1631.08	8.04967
1633.72	20.05
1636.35	20.0504
1638.98	8.05077
1641.61	2.05112
1644.24	0.0514578
1646.87	12.0518
1649.5	4.05211
1652.13	2.05243
1654.75	14.0527
1657.38	10.053
1660	8.05335
1662.63	22.0536
1665.25	10.0539
1667.87	20.0542
1670.49	14.0545
1673.11	8.05477
1675.73	8.05504
1678.35	8.05531
1680.96	12.0556
1683.58	6.05584
1686.19	16.0561
1688.81	2.05636
1691.42	0.0566182
1694.03	10.0569
1696.64	4.05713
1699.25	14.0574
1701.87	4.05765
1704.47	2.05791
1707.08	22.0582
1709.69	16.0584
1712.29	-1.94131
1714.9	18.059
1717.5	14.0592
1720.1	14.0595
1722.71	0.0597638
1725.31	22.06
1727.91	10.0603
1730.51	4.06061
1733.1	30.0609
1735.7	0.0611924
1738.3	16.0615
1740.89	20.0618
1743.49	8.06211
1746.08	28.0624
1748.67	8.06276
1751.26	12.0631
1753.86	14.0634
1756.45	6.06378
1759.03	14.0641
1761.62	8.06451
1764.21	8.06488
1766.8	22.0653
1769.38	10.0657
1771.97	16.0661
1774.55	-3.93352
1777.13	8.06691
1779.71	2.06735
1782.29	12.0678
1784.87	12.0683
1787.45	12.0687
1790.03	32.0692
1792.61	12.0697
1795.18	8.07023
1797.76	6.07076
1800.33	12.0713
1802.9	-1.92814
1805.48	8.07242
1808.05	20.073
1810.62	-9.92639
1813.19	16.0742
1815.76	28.0749
1818.33	12.0755
1820.89	14.0762
1823.46	34.0769
1826.02	2.07756
1828.59	16.0783
1831.15	8.07901
1833.71	-1.92023
1836.27	16.0805
1838.84	0.0813352
1841.39	10.0821
1843.95	-1.91702
1846.51	2.08383
1849.07	22.0847
1851.62	32.0856
1854.18	8.08652
1856.73	14.0875
1859.29	4.08841
1861.84	14.0894
1864.39	12.0904
1866.94	12.0914
1869.49	10.0925
1872.04	24.0935
1874.59	8.09464
1877.13	0.0957658
1879.68	16.0969
1882.22	16.0981
1884.77	-7.90072
1887.31	4.1005
1889.85	18.1017
1892.39	2.10302
1894.93	14.1043
1897.47	24.1056
1900.01	6.107
1902.55	6.10838
1905.09	20.1098
1907.62	4.11123
1910.16	14.1127
1912.69	24.1142
1915.22	10.1157
1917.76	6.11726
1920.29	-1.88116
1922.82	40.1205
1925.35	12.1221
1927.88	6.12377
1930.4	18.1255
1932.93	2.1272
1935.46	12.129
1937.98	14.1308
1940.51	16.1326
1943.03	22.1345
1945.55	0.136354
1948.07	14.1383
1950.59	26.1402
1953.11	6.14224
1955.63	4.14427
1958.15	2.14633
1960.67	8.14843
1963.18	-7.84944
1965.7	10.1527
1968.21	14.1549
1970.73	14.1572
1973.24	14.1594
1975.75	18.1618
1978.26	-1.8359
1980.77	6.16649
1983.28	6.16891
1985.79	-3.82863
1988.29	20.1739
1990.8	16.1764
1993.31	14.179
1995.81	8.18159
1998.31	18.1842
