100.093	19.073
103.274	7.21517
106.457	17.3565
109.636	3.49692
112.817	1.63648
115.994	3.77504
119.172	-2.08721
122.347	0.0495464
125.521	-1.81459
128.696	8.32047
131.868	6.45454
135.039	8.58774
138.209	2.72005
141.379	14.8516
144.547	8.98211
147.713	3.11179
150.879	-0.7594
154.043	5.36854
157.206	5.49562
160.368	9.62183
163.529	11.7472
166.689	-2.1283
169.848	5.99535
173.006	6.11815
176.163	26.2401
179.316	0.36115
182.471	-5.51857
185.625	6.60087
188.777	0.719485
191.927	14.8372
195.077	-3.04586
198.224	5.0702
201.372	-2.81449
204.52	11.3
207.664	13.4136
210.809	5.52649
213.95	3.63848
217.091	3.74967
220.233	7.86013
223.372	19.9697
226.509	8.07851
229.648	6.18658
232.784	6.29379
235.918	10.4002
239.051	2.50587
242.186	0.610802
245.317	4.71489
248.447	2.81821
251.577	6.92075
254.705	1.02253
257.832	9.12354
260.958	7.2238
264.083	-0.676708
267.204	13.422
270.327	17.52
273.449	11.6172
276.57	-4.28632
279.69	-2.19057
282.806	-2.09562
285.924	19.9986
289.04	8.09218
292.154	12.1849
295.268	-1.723
298.379	14.3683
301.492	22.4589
304.601	-1.45123
307.711	6.63796
310.818	12.7264
313.924	-1.18592
317.031	10.9011
320.135	28.9874
323.238	3.07303
326.34	5.15793
329.443	13.2422
332.543	7.32569
335.642	3.4085
338.74	5.49063
341.836	23.5721
344.932	25.6528
348.027	3.73292
351.12	5.81233
354.213	-2.10894
357.302	23.9691
360.393	6.04647
363.482	16.1232
366.57	-1.80073
369.656	12.2746
372.742	4.34939
375.827	16.4235
378.91	14.4969
381.993	-1.4303
385.073	6.64181
388.154	14.7133
391.232	20.7842
394.311	16.8544
397.387	26.924
400.462	8.99289
403.536	23.0612
406.611	17.1289
409.683	19.196
412.754	5.2624
415.824	21.3282
418.893	1.39342
421.961	-4.54198
425.027	5.522
428.093	19.5854
431.158	1.64815
434.222	3.71033
437.284	-2.2281
440.346	1.83289
443.407	13.8933
446.464	11.953
449.523	8.01225
452.581	6.07088
455.635	2.12888
458.691	8.18635
461.743	12.2432
464.797	4.29952
467.847	0.35523
470.899	4.41041
473.947	2.46498
476.994	14.519
480.043	0.572486
483.088	-1.37462
486.133	4.67772
489.176	-1.27049
492.22	12.7808
495.262	16.8315
498.302	18.8816
501.341	6.93123
504.38	16.9803
507.417	11.0288
510.453	11.0768
513.487	11.1243
516.521	-0.828806
519.554	17.2176
522.586	7.26349
525.616	13.3088
528.646	7.35367
531.675	17.398
534.701	9.44179
537.729	13.4851
540.753	15.5279
543.778	19.5702
546.8	11.6119
549.821	13.6532
552.844	1.69397
555.863	-4.26576
558.881	7.77402
561.898	15.8133
564.916	3.85212
567.932	11.8904
570.946	1.92826
573.959	-20.0344
576.971	10.0025
579.982	0.0388742
582.993	8.0748
586	10.1102
589.008	2.14521
592.015	6.17972
595.022	10.2138
598.025	6.24735
601.029	26.2805
604.032	2.31316
607.033	14.3454
610.034	14.3771
613.032	18.4085
616.032	-1.56067
619.028	20.4697
622.023	0.499725
625.018	10.5293
628.013	12.5584
631.005	14.5871
633.997	-1.38471
636.987	6.6431
639.977	10.6705
642.965	16.6974
645.952	10.724
648.939	8.75008
651.924	16.7758
654.909	6.80107
657.892	6.82594
660.873	2.85038
663.854	12.8744
666.835	0.898086
669.813	2.92132
672.791	0.944162
675.767	-3.03341
678.743	12.9886
681.717	-0.989712
684.692	17.0316
687.664	5.05242
690.634	-6.92711
693.606	9.093
696.575	7.11271
699.543	19.132
702.51	23.151
705.475	21.1696
708.44	7.18778
711.404	27.2056
714.367	9.22309
717.329	9.24019
720.29	17.2569
723.25	19.2733
726.207	9.28931
729.166	15.305
732.123	9.32028
735.077	15.3352
738.032	5.34983
740.984	17.3641
743.938	15.378
746.888	17.3916
749.839	25.4048
752.788	7.41766
755.735	15.4302
758.682	7.44241
761.627	19.4543
764.574	7.46584
767.517	11.4771
770.46	9.48796
773.402	11.4985
776.342	-0.491225
779.282	11.5187
782.219	21.5283
785.157	19.5376
788.094	13.5466
791.029	15.5553
793.962	-2.43636
796.896	25.5717
799.828	15.5795
802.76	17.5869
805.689	13.5941
808.619	11.6009
811.546	21.6075
814.473	19.6138
817.4	9.61974
820.324	19.6254
823.248	27.6308
826.17	15.6359
829.092	15.6408
832.012	15.6453
834.932	5.64962
837.851	17.6536
840.768	17.6573
843.685	9.6608
846.599	25.664
849.514	13.6669
852.428	21.6696
855.339	21.6719
858.251	17.6741
861.16	9.67594
864.07	3.67755
866.978	1.67891
869.884	19.68
872.792	15.6809
875.696	3.68147
878.599	27.6818
881.502	5.68193
884.404	21.6818
887.304	17.6814
890.204	25.6808
893.103	23.68
896.001	21.6789
898.898	5.67757
901.794	21.676
904.689	21.6743
907.581	17.6723
910.474	11.67
913.364	3.66758
916.256	5.66491
919.144	13.662
922.034	3.65892
924.92	15.6556
927.808	3.65207
930.693	3.64833
933.576	-2.35562
936.459	3.64023
939.341	17.6359
942.222	17.6313
945.102	19.6265
947.981	9.62158
950.859	1.61642
953.737	7.61106
956.613	7.60552
959.488	5.59978
962.361	5.59385
965.235	7.58774
968.105	9.58144
970.977	17.575
973.846	-0.431705
976.716	15.5614
979.583	9.55443
982.449	19.5472
985.316	-8.46014
988.18	21.5323
991.043	9.52461
993.906	17.5167
996.767	9.50869
999.628	11.5005
1002.49	15.4921
1005.35	9.48358
1008.2	5.47489
1011.06	9.46605
1013.91	-0.542954
1016.77	-10.5521
1019.62	3.43859
1022.48	15.4291
1025.33	15.4195
1028.18	15.4098
1031.03	19.3999
1033.87	7.38987
1036.72	13.3797
1039.57	5.36939
1042.41	5.35894
1045.26	15.3484
1048.1	23.3377
1050.94	13.3268
1053.78	7.31584
1056.62	1.30474
1059.46	19.2935
1062.3	9.28217
1065.14	21.2707
1067.97	13.2591
1070.81	19.2474
1073.64	1.23558
1076.47	17.2236
1079.31	3.2116
1082.14	21.1994
1084.97	11.1872
1087.8	13.1748
1090.63	5.16231
1093.45	19.1497
1096.28	13.137
1099.1	7.12425
1101.93	7.11136
1104.75	-0.901626
1107.57	13.0853
1110.39	15.0721
1113.21	19.0589
1116.03	11.0455
1118.85	11.0321
1121.66	15.0185
1124.48	13.0049
1127.3	10.9912
1130.11	12.9775
1132.92	4.9636
1135.73	6.94967
1138.54	18.9357
1141.35	8.92158
1144.16	2.90742
1146.97	-9.10681
1149.78	8.8789
1152.58	14.8645
1155.39	8.85011
1158.19	6.83562
1161	10.8211
1163.8	6.80645
1166.6	4.79177
1169.4	2.77704
1172.2	10.7623
1174.99	8.74741
1177.79	8.73251
1180.59	16.7176
1183.38	8.70258
1186.17	14.6875
1188.97	18.6724
1191.76	0.657315
1194.55	10.6421
1197.34	2.62693
1200.13	8.61167
1202.92	-1.40362
1205.7	6.58106
1208.49	12.5657
1211.27	4.5503
1214.06	10.5349
1216.84	-7.48058
1219.62	16.5039
1222.4	14.4884
1225.18	4.47289
1227.96	-1.54266
1230.74	8.44175
1233.51	4.42616
1236.29	12.4105
1239.06	10.3949
1241.84	6.37926
1244.61	6.3636
1247.38	4.34792
1250.15	10.3322
1252.92	6.31655
1255.69	6.30084
1258.46	14.2851
1261.23	14.2694
1263.99	2.25372
1266.76	12.238
1269.52	8.22229
1272.28	-9.79342
1275.05	10.1909
1277.81	8.17517
1280.57	2.15947
1283.33	6.14379
1286.08	12.1281
1288.84	16.1124
1291.6	10.0968
1294.35	2.08114
1297.11	16.0655
1299.86	4.04992
1302.61	10.0343
1305.36	30.0188
1308.11	8.00322
1310.86	1.9877
1313.61	5.97221
1316.36	3.95673
1319.1	9.94129
1321.85	21.9259
1324.59	9.91049
1327.33	3.89514
1330.08	17.8798
1332.82	3.86454
1335.56	11.8493
1338.3	-0.165911
1341.04	19.8189
1343.77	11.8038
1346.51	7.78872
1349.25	3.77368
1351.98	13.7587
1354.71	1.74374
1357.45	7.72884
1360.18	5.714
1362.91	7.69919
1365.64	19.6844
1368.37	17.6698
1371.09	3.65512
1373.82	1.64054
1376.54	5.62603
1379.27	3.61157
1381.99	7.59717
1384.72	-0.417169
1387.44	11.5686
1390.16	17.5544
1392.88	1.54022
1395.6	13.5261
1398.31	15.5121
1401.03	11.4982
1403.75	11.4844
1406.46	7.47057
1409.18	3.45686
1411.89	5.44323
1414.6	-6.57033
1417.31	-0.583795
1420.02	17.4028
1422.73	5.38949
1425.44	7.37626
1428.15	9.36312
1430.85	1.35006
1433.56	15.3371
1436.26	-2.67579
1438.97	3.31142
1441.67	-2.70128
1444.37	1.28612
1447.07	-0.726391
1449.77	11.2612
1452.47	13.2489
1455.16	11.2367
1457.86	3.22453
1460.56	11.2125
1463.25	-2.79941
1465.94	1.18878
1468.64	13.1771
1471.33	11.1655
1474.02	11.154
1476.71	3.14258
1479.4	17.1313
1482.09	9.12014
1484.77	11.1091
1487.46	19.0982
1490.14	7.08733
1492.83	-0.923379
1495.51	19.066
1498.19	9.05556
1500.87	-4.95478
1503.55	19.035
1506.23	25.0249
1508.91	5.01491
1511.59	15.0051
1514.27	22.9953
1516.94	-7.01427
1519.62	-3.02374
1522.29	0.966924
1524.96	16.9577
1527.63	22.9486
1530.3	6.93971
1532.97	16.9309
1535.64	6.92224
1538.31	12.9137
1540.98	0.905328
1543.64	0.897079
1546.31	2.88898
1548.97	0.881012
1551.63	0.873197
1554.3	20.8655
1556.96	14.858
1559.62	22.8506
1562.28	2.8434
1564.94	8.83632
1567.59	16.8294
1570.25	12.8226
1572.9	8.816
1575.56	2.80954
1578.21	-11.1968
1580.86	12.7971
1583.52	10.7911
1586.17	0.785266
1588.82	-9.2204
1591.47	-1.22591
1594.11	8.76875
1596.76	22.7636
1599.41	-3.24144
1602.05	12.7537
1604.69	16.749
1607.34	10.7445
1609.98	0.740203
1612.62	12.736
1615.26	24.732
1617.9	-1.27177
1620.54	8.72459
1623.18	12.7211
1625.81	10.7178
1628.45	28.7147
1631.08	16.7118
1633.72	0.709063
1636.35	2.7065
1638.98	12.7041
1641.61	16.7019
1644.24	22.6999
1646.87	20.6981
1649.5	16.6965
1652.13	-17.305
1654.75	2.69375
1657.38	18.6927
1660	0.691814
1662.63	18.6911
1665.25	14.6907
1667.87	2.69036
1670.49	8.69027
1673.11	12.6904
1675.73	0.690684
1678.35	2.69119
1680.96	0.691896
1683.58	4.69281
1686.19	-1.30608
1688.81	18.6952
1691.42	6.69676
1694.03	28.6985
1696.64	-1.29957
1699.25	2.70257
1701.87	2.70493
1704.47	8.7075
1707.08	4.71028
1709.69	6.71327
1712.29	10.7165
1714.9	4.7199
1717.5	16.7235
1720.1	4.72739
1722.71	14.7315
1725.31	0.735759
1727.91	-1.25972
1730.51	8.74501
1733.1	24.75
1735.7	22.7552
1738.3	6.76056
1740.89	18.7662
1743.49	-1.22795
1746.08	18.7781
1748.67	6.78446
1751.26	-1.209
1753.86	10.7978
1756.45	6.80479
1759.03	8.81203
1761.62	10.8195
1764.21	2.82722
1766.8	34.8352
1769.38	16.8433
1771.97	2.85177
1774.55	18.8604
1777.13	-1.13067
1779.71	16.8785
1782.29	26.8879
1784.87	24.8975
1787.45	18.9074
1790.03	2.91747
1792.61	14.9278
1795.18	20.9384
1797.76	6.9493
1800.33	-1.0396
1802.9	20.9718
1805.48	2.98336
1808.05	10.9952
1810.62	7.00733
1813.19	11.0197
1815.76	21.0323
1818.33	3.04519
1820.89	19.0583
1823.46	11.0717
1826.02	11.0854
1828.59	19.0993
1831.15	11.1134
1833.71	11.1279
1836.27	3.14256
1838.84	15.1575
1841.39	23.1727
1843.95	-4.81178
1846.51	9.20397
1849.07	19.22
1851.62	11.2363
1854.18	9.25283
1856.73	11.2697
1859.29	23.2868
1861.84	3.30411
1864.39	19.3218
1866.94	15.3397
1869.49	5.35786
1872.04	7.37632
1874.59	31.3951
1877.13	-8.58592
1879.68	7.43336
1882.22	17.4529
1884.77	-0.5272
1887.31	7.49293
1889.85	11.5133
1892.39	11.534
1894.93	7.55502
1897.47	17.5763
1900.01	3.59785
1902.55	19.6197
1905.09	13.6418
1907.62	1.66422
1910.16	7.68691
1912.69	31.7099
1915.22	15.7332
1917.76	7.75675
1920.29	9.78063
1922.82	27.8048
1925.35	17.8292
1927.88	21.854
1930.4	25.879
1932.93	-10.0956
1935.46	3.93
1937.98	19.9559
1940.51	17.9822
1943.03	0.00871305
1945.55	12.0355
1948.07	16.0627
1950.59	16.0901
1953.11	10.1179
1955.63	4.1459
1958.15	16.1742
1960.67	16.2029
1963.18	30.2319
1965.7	6.26114
1968.21	6.29072
1970.73	0.320612
1973.24	22.3508
1975.75	16.3813
1978.26	14.4121
1980.77	30.4433
1983.28	10.4747
1985.79	16.5065
1988.29	24.5386
1990.8	18.571
1993.31	2.60367
1995.81	4.63669
1998.31	2.67002
