100.093	10.531
103.274	6.55397
106.457	18.5769
109.636	28.5997
112.817	14.6226
115.994	2.64541
119.172	24.6682
122.347	2.69097
125.521	0.713705
128.696	10.7364
131.868	4.75911
135.039	16.7818
138.209	18.8044
141.379	18.827
144.547	-3.15044
147.713	-11.1279
150.879	20.8946
154.043	10.9171
157.206	18.9395
160.368	8.96196
163.529	6.98436
166.689	13.0067
169.848	5.02906
173.006	15.0514
176.163	3.07363
179.316	9.09586
182.471	9.11807
185.625	15.1403
188.777	9.1624
191.927	-10.8155
195.077	5.20659
198.224	21.2286
201.372	25.2507
204.52	15.2726
207.664	13.2946
210.809	11.3165
213.95	-2.66161
217.091	1.36023
220.233	19.3821
223.372	-0.596163
226.509	19.4256
229.648	13.4473
232.784	11.469
235.918	-0.509376
239.051	13.5122
242.186	3.53382
245.317	3.55536
248.447	17.5769
251.577	17.5983
254.705	15.6198
257.832	-2.35885
260.958	9.66251
264.083	23.6838
267.204	15.7051
270.327	21.7264
273.449	15.7476
276.57	17.7688
279.69	11.7899
282.806	19.811
285.924	13.8321
289.04	1.85308
292.154	19.8741
295.268	11.895
298.379	27.9159
301.492	5.93678
304.601	15.9576
307.711	17.9784
310.818	7.99915
313.924	10.0199
317.031	16.0405
320.135	24.0612
323.238	12.0818
326.34	12.1023
329.443	12.1228
332.543	6.14329
335.642	4.16371
338.74	20.1841
341.836	18.2044
344.932	8.22475
348.027	10.245
351.12	6.26523
354.213	14.2854
357.302	4.30554
360.393	14.3256
363.482	8.34569
366.57	0.365696
369.656	8.38565
372.742	16.4056
375.827	4.42546
378.91	8.44529
381.993	4.46508
385.073	6.48482
388.154	20.5045
391.232	10.5242
394.311	0.543806
397.387	-3.43663
400.462	8.58289
403.536	2.60237
406.611	0.62181
409.683	8.6412
412.754	6.66054
415.824	12.6798
418.893	14.6991
421.961	2.71829
425.027	6.73745
428.093	10.7566
431.158	10.7756
434.222	22.7946
437.284	2.81362
440.346	-7.16745
443.407	-5.14857
446.464	22.8702
449.523	8.88904
452.581	4.90778
455.635	-7.07355
458.691	12.9451
461.743	4.96368
464.797	8.98223
467.847	7.00072
470.899	3.01917
473.947	1.03756
476.994	13.0559
480.043	15.0742
483.088	7.09245
486.133	17.1106
489.176	1.12879
492.22	1.1469
495.262	3.16495
498.302	13.1829
501.341	15.2009
504.38	7.21879
507.417	19.2366
510.453	13.2544
513.487	7.27217
516.521	11.2899
519.554	3.30751
522.586	15.3251
525.616	7.34263
528.646	9.36012
531.675	1.37756
534.701	-0.60507
537.729	-4.58773
540.753	9.42954
543.778	11.4468
546.8	21.4639
549.821	-0.518954
552.844	-0.501882
555.863	9.51513
558.881	9.53208
561.898	5.54898
564.916	11.5658
567.932	3.58264
570.946	-0.400621
573.959	17.6161
576.971	9.6327
579.982	13.6493
582.993	1.66581
586	15.6823
589.008	3.69868
592.015	15.715
595.022	9.73135
598.025	5.74759
601.029	-6.23621
604.032	5.77993
607.033	5.796
610.034	23.812
613.032	-4.172
616.032	7.84391
619.028	15.8598
622.023	21.8756
625.018	-6.1087
628.013	-2.09301
631.005	7.92262
633.997	15.9382
636.987	3.9537
639.977	3.96916
642.965	-6.01545
645.952	3.99989
648.939	-7.98482
651.924	14.0304
654.909	-5.95443
657.892	0.060677
660.873	6.07572
663.854	22.0907
666.835	8.10565
669.813	12.1205
672.791	-1.86467
675.767	4.15008
678.743	12.1648
681.717	2.17941
684.692	8.19399
687.664	8.2085
690.634	6.22295
693.606	20.2374
696.575	10.2517
699.543	6.26596
702.51	8.28017
705.475	12.2943
708.44	6.30842
711.404	14.3224
714.367	14.3364
717.329	10.3503
720.29	0.364177
723.25	12.378
726.207	10.3917
729.166	-3.59465
732.123	4.41895
735.077	20.4325
738.032	8.44597
740.984	0.459378
743.938	6.47273
746.888	-3.51398
749.839	-1.50075
752.788	4.51241
755.735	10.5255
758.682	-5.46145
761.627	20.5515
764.574	10.5644
767.517	12.5773
770.46	0.590074
773.402	4.6028
776.342	24.6155
779.282	-5.37195
782.219	18.6406
785.157	10.653
788.094	18.6654
791.029	14.6778
793.962	12.69
796.896	28.7023
799.828	18.7144
802.76	4.72647
805.689	8.73848
808.619	2.75043
811.546	22.7623
814.473	14.7741
817.4	4.78588
820.324	14.7976
823.248	22.8092
826.17	8.82073
829.092	8.83221
832.012	10.8436
834.932	10.855
837.851	2.86628
840.768	14.8775
843.685	18.8887
846.599	12.8997
849.514	12.9108
852.428	-3.07828
855.339	18.9326
858.251	16.9434
861.16	14.9542
864.07	2.96485
866.978	14.9755
869.884	24.986
872.792	18.9965
875.696	5.00691
878.599	23.0173
881.502	9.02753
884.404	-6.96226
887.304	17.0479
890.204	15.0579
893.103	3.06795
896.001	-4.92211
898.898	21.0878
901.794	11.0975
904.689	19.1073
907.581	9.11693
910.474	15.1265
913.364	5.13604
916.256	13.1455
919.144	23.1549
922.034	1.16418
924.92	3.17342
927.808	11.1826
930.693	37.1917
933.576	5.20072
936.459	7.20967
939.341	7.21856
942.222	-0.772622
945.102	1.23613
947.981	13.2448
950.859	21.2534
953.737	21.2619
956.613	3.27041
959.488	5.2788
962.361	7.28712
965.235	7.29537
968.105	-0.696453
970.977	15.3117
973.846	9.31969
976.716	5.32765
979.583	13.3355
982.449	5.34336
985.316	7.35111
988.18	13.3588
991.043	7.36639
993.906	-2.62608
996.767	9.38137
999.628	17.3888
1002.49	9.39607
1005.35	3.40331
1008.2	5.41048
1011.06	21.4176
1013.91	5.42459
1016.77	9.43153
1019.62	7.4384
1022.48	11.4452
1025.33	7.45193
1028.18	9.45858
1031.03	5.46516
1033.87	9.47166
1036.72	13.4781
1039.57	15.4845
1042.41	17.4907
1045.26	11.4969
1048.1	13.5031
1050.94	11.5091
1053.78	-0.484877
1056.62	5.52103
1059.46	7.52687
1062.3	9.53263
1065.14	9.53831
1067.97	11.5439
1070.81	15.5495
1073.64	13.5549
1076.47	-0.439693
1079.31	15.5656
1082.14	13.5709
1084.97	1.57601
1087.8	15.5811
1090.63	-2.4139
1093.45	25.591
1096.28	1.59589
1099.1	11.6007
1101.93	1.60537
1104.75	1.61
1107.57	9.61455
1110.39	9.61903
1113.21	9.62342
1116.03	11.6277
1118.85	1.63199
1121.66	25.6362
1124.48	-2.35975
1127.3	19.6443
1130.11	21.6482
1132.92	11.6521
1135.73	-0.344157
1138.54	-10.3405
1141.35	1.66318
1144.16	5.66673
1146.97	15.6702
1149.78	17.6736
1152.58	17.6769
1155.39	7.68015
1158.19	9.68332
1161	1.6864
1163.8	19.6894
1166.6	9.69234
1169.4	17.6952
1172.2	15.698
1174.99	-2.29935
1177.79	5.70327
1180.59	7.7058
1183.38	11.7083
1186.17	1.71064
1188.97	-2.28706
1191.76	5.71516
1194.55	-2.2827
1197.34	1.71937
1200.13	23.7214
1202.92	3.72326
1205.7	-2.27492
1208.49	27.7268
1211.27	-0.271504
1214.06	1.73008
1216.84	9.73159
1219.62	3.73302
1222.4	-6.26563
1225.18	-2.26436
1227.96	17.7368
1230.74	13.7379
1233.51	-6.26104
1236.29	21.7399
1239.06	7.74078
1241.84	9.74157
1244.61	1.74227
1247.38	9.7429
1250.15	15.7434
1252.92	-2.25609
1255.69	5.7443
1258.46	-4.2554
1261.23	5.74483
1263.99	-0.25503
1266.76	1.74503
1269.52	13.745
1272.28	3.74491
1275.05	19.7447
1277.81	7.74447
1280.57	-2.25588
1283.33	7.7437
1286.08	-2.25681
1288.84	5.7426
1291.6	5.74193
1294.35	11.7412
1297.11	7.74035
1299.86	3.73943
1302.61	13.7384
1305.36	15.7374
1308.11	17.7362
1310.86	3.73495
1313.61	13.7336
1316.36	15.7322
1319.1	11.7307
1321.85	-0.270844
1324.59	25.7275
1327.33	1.72576
1330.08	-14.2761
1332.82	17.722
1335.56	5.72005
1338.3	9.71799
1341.04	17.7158
1343.77	-6.2864
1346.51	17.7113
1349.25	9.70888
1351.98	5.7064
1354.71	7.70383
1357.45	-8.29882
1360.18	-0.301549
1362.91	31.6956
1365.64	5.69273
1368.37	-0.310251
1371.09	13.6867
1373.82	15.6835
1376.54	13.6803
1379.27	17.677
1381.99	9.67358
1384.72	11.6701
1387.44	9.66652
1390.16	5.66287
1392.88	7.65913
1395.6	13.6553
1398.31	5.6514
1401.03	5.64741
1403.75	17.6433
1406.46	3.63917
1409.18	7.63493
1411.89	15.6306
1414.6	13.6262
1417.31	17.6217
1420.02	9.61711
1422.73	-0.387558
1425.44	-4.39231
1428.15	21.6029
1430.85	5.59793
1433.56	7.59293
1436.26	9.58783
1438.97	-2.41734
1441.67	21.5774
1444.37	11.572
1447.07	3.56662
1449.77	15.5611
1452.47	19.5555
1455.16	1.54981
1457.86	11.544
1460.56	13.5382
1463.25	3.53222
1465.94	3.5262
1468.64	9.52008
1471.33	17.5139
1474.02	17.5076
1476.71	5.50121
1479.4	15.4948
1482.09	3.4882
1484.77	-10.5184
1487.46	15.4749
1490.14	5.46805
1492.83	9.46116
1495.51	5.45418
1498.19	15.4471
1500.87	11.44
1503.55	11.4327
1506.23	21.4254
1508.91	13.418
1511.59	1.4105
1514.27	1.40292
1516.94	17.3953
1519.62	9.3875
1522.29	-2.62034
1524.96	3.37173
1527.63	7.36371
1530.3	23.3556
1532.97	11.3474
1535.64	17.3391
1538.31	19.3308
1540.98	5.32233
1543.64	-0.686215
1546.31	7.30516
1548.97	9.29645
1551.63	15.2876
1554.3	5.27876
1556.96	5.26978
1559.62	17.2607
1562.28	15.2516
1564.94	-2.75766
1567.59	9.23301
1570.25	7.2236
1572.9	11.2141
1575.56	3.2045
1578.21	-2.80517
1580.86	13.1851
1583.52	9.17521
1586.17	-6.83472
1588.82	17.1552
1591.47	9.14513
1594.11	-2.86507
1596.76	11.1246
1599.41	13.1143
1602.05	17.1038
1604.69	5.09323
1607.34	3.08259
1609.98	3.07185
1612.62	13.061
1615.26	19.0501
1617.9	17.0391
1620.54	13.028
1623.18	17.0169
1625.81	7.00559
1628.45	8.99424
1631.08	8.9828
1633.72	-1.02872
1636.35	6.95966
1638.98	10.948
1641.61	30.9362
1644.24	4.92427
1646.87	4.91229
1649.5	-1.09977
1652.13	8.88808
1654.75	6.87584
1657.38	-11.1365
1660	14.8511
1662.63	16.8386
1665.25	20.826
1667.87	14.8133
1670.49	4.80052
1673.11	30.7877
1675.73	2.7747
1678.35	0.761653
1680.96	6.74852
1683.58	6.7353
1686.19	10.722
1688.81	10.7086
1691.42	6.6951
1694.03	20.6815
1696.64	16.6678
1699.25	18.6541
1701.87	6.64023
1704.47	12.6263
1707.08	-3.38774
1709.69	6.59814
1712.29	-1.41607
1714.9	2.56963
1717.5	8.55525
1720.1	6.54077
1722.71	8.5262
1725.31	2.51155
1727.91	0.496791
1730.51	26.482
1733.1	0.467031
1735.7	-3.548
1738.3	8.4369
1740.89	4.4217
1743.49	2.40641
1746.08	-1.60897
1748.67	18.3756
1751.26	18.36
1753.86	20.3444
1756.45	0.328604
1759.03	4.31278
1761.62	6.29685
1764.21	10.2808
1766.8	6.26474
1769.38	6.24855
1771.97	8.23226
1774.55	14.2159
1777.13	12.1994
1779.71	14.1829
1782.29	8.16622
1784.87	6.14948
1787.45	20.1327
1790.03	0.11574
1792.61	12.0987
1795.18	12.0816
1797.76	4.06443
1800.33	24.0471
1802.9	38.0298
1805.48	14.0123
1808.05	9.99476
1810.62	7.97711
1813.19	3.95938
1815.76	15.9415
1818.33	3.92362
1820.89	7.90561
1823.46	5.88751
1826.02	-4.13069
1828.59	13.851
1831.15	19.8327
1833.71	1.81419
1836.27	3.79563
1838.84	15.777
1841.39	23.7582
1843.95	5.73941
1846.51	7.72048
1849.07	5.70148
1851.62	21.6824
1854.18	21.6632
1856.73	9.64388
1859.29	15.6245
1861.84	-8.39497
1864.39	15.5855
1866.94	3.5658
1869.49	-0.453941
1872.04	13.5262
1874.59	23.5063
1877.13	21.4863
1879.68	7.46617
1882.22	13.446
1884.77	17.4257
1887.31	9.40527
1889.85	-2.61521
1892.39	17.3642
1894.93	13.3436
1897.47	3.32279
1900.01	7.30195
1902.55	-2.71899
1905.09	13.26
1907.62	15.2389
1910.16	-4.78235
1912.69	3.19634
1915.22	11.1749
1917.76	17.1535
1920.29	23.1319
1922.82	21.1102
1925.35	21.0884
1927.88	9.06656
1930.4	15.0446
1932.93	-4.97743
1935.46	-12.9996
1937.98	18.9782
1940.51	2.95588
1943.03	14.9335
1945.55	14.911
1948.07	-3.11164
1950.59	4.86568
1953.11	6.84289
1955.63	10.82
1958.15	4.79706
1960.67	-7.22599
1963.18	8.75086
1965.7	6.72762
1968.21	16.7043
1970.73	14.6808
1973.24	4.65732
1975.75	-1.36628
1978.26	8.61001
1980.77	8.58622
1983.28	0.562323
1985.79	10.5383
1988.29	6.51428
1990.8	4.49009
1993.31	12.4658
1995.81	12.4415
1998.31	6.41705
