100.093	14.1697
103.274	10.2688
106.457	0.367271
109.636	10.4651
112.817	20.5625
115.994	4.65914
119.172	18.7553
122.347	18.8508
125.521	20.9457
128.696	-0.959878
131.868	-0.866119
135.039	5.22706
138.209	3.31967
141.379	-2.58824
144.547	19.5032
147.713	15.5941
150.879	3.68443
154.043	3.77419
157.206	11.8634
160.368	17.952
163.529	2.04008
166.689	-1.87241
169.848	14.2146
173.006	16.301
176.163	8.38681
179.316	8.47205
182.471	-3.44319
185.625	-5.35898
188.777	6.72468
191.927	2.80775
195.077	18.8903
198.224	16.9723
201.372	1.05383
204.52	3.13481
207.664	9.2152
210.809	7.29511
213.95	15.3744
217.091	9.45325
220.233	13.5316
223.372	31.6093
226.509	11.6866
229.648	11.7634
232.784	7.83956
235.918	15.9152
239.051	5.99043
242.186	0.0651433
245.317	14.1393
248.447	10.213
251.577	12.2861
254.705	14.3587
257.832	10.4309
260.958	-1.49747
264.083	24.5737
267.204	4.64428
270.327	18.7144
273.449	16.7841
276.57	18.8533
279.69	12.922
282.806	2.99013
285.924	7.05785
289.04	17.1251
292.154	-0.808208
295.268	23.2581
298.379	15.3238
301.492	9.38915
304.601	13.454
307.711	-0.481661
310.818	15.5822
313.924	7.64561
317.031	19.7086
320.135	15.7711
323.238	3.83307
326.34	15.8946
329.443	3.95575
332.543	6.01639
335.642	2.07657
338.74	6.1363
341.836	12.1956
344.932	22.2544
348.027	4.31278
351.12	18.3707
354.213	-1.57179
357.302	6.48522
360.393	-1.45817
363.482	-9.402
366.57	10.6537
369.656	18.709
372.742	4.76386
375.827	10.8183
378.91	2.87226
381.993	18.9258
385.073	0.978958
388.154	11.0317
391.232	11.084
394.311	19.1358
397.387	17.1873
400.462	17.2383
403.536	11.2889
406.611	1.33909
409.683	9.38887
412.754	13.4382
415.824	1.48718
418.893	7.53573
421.961	7.58387
425.027	1.63161
428.093	-8.32106
431.158	15.7259
434.222	15.7724
437.284	9.81856
440.346	-2.13569
443.407	17.9097
446.464	1.9546
449.523	17.9992
452.581	0.043354
455.635	0.0871236
458.691	6.13054
461.743	12.1735
464.797	10.2162
467.847	0.258432
470.899	12.3003
473.947	10.3418
476.994	20.3829
480.043	26.4237
483.088	18.4641
486.133	6.50407
489.176	2.5437
492.22	-3.41701
495.262	4.62189
498.302	14.6604
501.341	8.69861
504.38	0.73643
507.417	14.7739
510.453	22.811
513.487	4.84772
516.521	0.884116
519.554	10.9202
522.586	-5.04414
525.616	-3.00882
528.646	-4.97382
531.675	13.0608
534.701	17.0951
537.729	13.1291
540.753	-4.8373
543.778	7.19599
546.8	13.2289
549.821	5.26152
552.844	9.29381
555.863	-2.67426
558.881	11.3573
561.898	9.38861
564.916	-4.58042
567.932	9.4502
570.946	15.4805
573.959	-0.489538
576.971	9.54011
579.982	5.56944
582.993	1.59846
586	7.62714
589.008	13.6555
592.015	17.6836
595.022	3.71134
598.025	-6.26123
601.029	1.76591
604.032	-4.20726
607.033	3.81925
610.034	9.84547
613.032	13.8714
616.032	15.897
619.028	11.9223
622.023	5.94729
625.018	1.972
628.013	7.99643
631.005	10.0205
633.997	-5.95562
636.987	24.0679
639.977	2.09116
642.965	12.1141
645.952	-3.8632
648.939	-9.84081
651.924	12.1813
654.909	12.2031
657.892	2.22467
660.873	-5.75407
663.854	2.26692
666.835	14.2876
669.813	8.30806
672.791	14.3282
675.767	-1.65188
678.743	8.36775
681.717	10.3871
684.692	10.4062
687.664	0.425012
690.634	8.44357
693.606	16.4619
696.575	6.4799
699.543	22.4977
702.51	4.51519
705.475	0.532447
708.44	12.5494
711.404	6.5662
714.367	-1.4173
717.329	4.59895
720.29	6.61494
723.25	8.6307
726.207	10.6462
729.166	12.6614
732.123	8.67647
735.077	10.6912
738.032	4.70576
740.984	18.72
743.938	8.73411
746.888	6.74792
749.839	14.7615
752.788	16.7748
755.735	14.788
758.682	12.8008
761.627	14.8135
764.574	10.8259
767.517	10.8381
770.46	10.8501
773.402	10.8618
776.342	2.87336
779.282	18.8847
782.219	12.8957
785.157	4.90661
788.094	6.91726
791.029	0.92769
793.962	10.9379
796.896	10.9479
799.828	4.9577
802.76	12.9673
805.689	-3.02334
808.619	16.9858
811.546	18.9948
814.473	15.0035
817.4	21.0121
820.324	9.02044
823.248	21.0286
826.17	11.0365
829.092	13.0443
832.012	9.05184
834.932	9.05919
837.851	15.0664
840.768	9.07333
843.685	19.0801
846.599	19.0867
849.514	15.0931
852.428	9.09931
855.339	17.1053
858.251	9.11118
861.16	9.11683
864.07	9.12231
866.978	9.1276
869.884	25.1327
872.792	3.13766
875.696	9.14241
878.599	3.147
881.502	19.1514
884.404	7.15564
887.304	21.1597
890.204	7.1636
893.103	19.1673
896.001	15.1709
898.898	11.1743
901.794	21.1775
904.689	3.18055
907.581	21.1834
910.474	19.1862
913.364	-0.811242
916.256	17.1912
919.144	9.19343
922.034	-0.804467
924.92	5.19748
927.808	11.1993
930.693	5.20091
933.576	5.2024
936.459	21.2037
939.341	5.20492
942.222	-6.79404
945.102	1.20685
947.981	5.2076
950.859	15.2082
953.737	5.20866
956.613	5.20898
959.488	27.2092
962.361	17.2092
965.235	1.2091
968.105	13.2089
970.977	21.2085
973.846	5.20799
976.716	3.20735
979.583	1.20658
982.449	11.2057
985.316	17.2046
988.18	9.20349
991.043	21.2022
993.906	11.2008
996.767	3.19925
999.628	13.1976
1002.49	13.1958
1005.35	23.1939
1008.2	13.1919
1011.06	11.1897
1013.91	13.1875
1016.77	21.1851
1019.62	11.1826
1022.48	19.18
1025.33	23.1773
1028.18	5.17445
1031.03	19.1715
1033.87	9.16846
1036.72	-2.8347
1039.57	9.16203
1042.41	15.1587
1045.26	17.1552
1048.1	9.1516
1050.94	7.14792
1053.78	27.1441
1056.62	3.14025
1059.46	1.13626
1062.3	5.13218
1065.14	7.12801
1067.97	11.1237
1070.81	5.11936
1073.64	-0.885099
1076.47	21.1103
1079.31	15.1057
1082.14	19.101
1084.97	7.09614
1087.8	17.0912
1090.63	19.0862
1093.45	-0.918848
1096.28	7.07598
1099.1	15.0707
1101.93	9.0654
1104.75	23.06
1107.57	19.0545
1110.39	1.04892
1113.21	15.0433
1116.03	7.03754
1118.85	15.0317
1121.66	9.02586
1124.48	1.01991
1127.3	5.01389
1130.11	11.0078
1132.92	21.0016
1135.73	0.995397
1138.54	8.9891
1141.35	4.98273
1144.16	-1.02371
1146.97	-1.03021
1149.78	22.9632
1152.58	10.9566
1155.39	-1.05007
1158.19	12.9432
1161	14.9364
1163.8	4.92951
1166.6	10.9226
1169.4	-1.08439
1172.2	6.90858
1174.99	8.90149
1177.79	8.89435
1180.59	8.88716
1183.38	12.8799
1186.17	14.8726
1188.97	12.8653
1191.76	-1.1421
1194.55	14.8505
1197.34	16.843
1200.13	8.83545
1202.92	0.827881
1205.7	4.82027
1208.49	6.81262
1211.27	8.80492
1214.06	4.79719
1216.84	14.7894
1219.62	26.7816
1222.4	10.7738
1225.18	0.765877
1227.96	8.75796
1230.74	2.75001
1233.51	-5.25797
1236.29	14.734
1239.06	14.726
1241.84	4.71789
1244.61	8.70979
1247.38	8.70166
1250.15	2.69351
1252.92	-1.31468
1255.69	6.67712
1258.46	16.6689
1261.23	-3.33937
1263.99	12.6524
1266.76	10.6441
1269.52	8.63575
1272.28	16.6274
1275.05	4.61907
1277.81	10.6107
1280.57	12.6023
1283.33	12.5939
1286.08	-11.4145
1288.84	-11.4229
1291.6	22.5686
1294.35	0.560202
1297.11	14.5518
1299.86	30.5433
1302.61	-7.46519
1305.36	14.5263
1308.11	12.5178
1310.86	18.5094
1313.61	2.50086
1316.36	0.492354
1319.1	16.4839
1321.85	18.4754
1324.59	28.4669
1327.33	2.45835
1330.08	14.4498
1332.82	14.4413
1335.56	2.43285
1338.3	6.42436
1341.04	28.4159
1343.77	-3.59261
1346.51	8.39892
1349.25	26.3905
1351.98	12.382
1354.71	-1.62645
1357.45	6.36512
1360.18	16.3567
1362.91	8.34828
1365.64	14.3399
1368.37	6.3315
1371.09	-1.67687
1373.82	8.31478
1376.54	12.3064
1379.27	20.2981
1381.99	-5.71017
1384.72	4.28155
1387.44	6.2733
1390.16	2.26506
1392.88	2.25685
1395.6	10.2487
1398.31	16.2405
1401.03	4.23235
1403.75	10.2242
1406.46	2.21614
1409.18	2.20808
1411.89	10.2
1414.6	6.19204
1417.31	18.1841
1420.02	14.1761
1422.73	-1.83178
1425.44	4.16034
1428.15	6.1525
1430.85	6.14469
1433.56	4.13692
1436.26	10.1292
1438.97	12.1215
1441.67	0.113826
1444.37	-7.89379
1447.07	16.0986
1449.77	20.0911
1452.47	20.0836
1455.16	6.07613
1457.86	10.0687
1460.56	0.0613389
1463.25	8.05401
1465.94	16.0467
1468.64	14.0395
1471.33	14.0323
1474.02	2.02518
1476.71	10.0181
1479.4	2.01105
1482.09	6.00406
1484.77	21.9971
1487.46	11.9902
1490.14	17.9834
1492.83	1.97663
1495.51	-0.0300888
1498.19	-8.03676
1500.87	7.95664
1503.55	11.9501
1506.23	13.9436
1508.91	17.9372
1511.59	-0.0692257
1514.27	15.9245
1516.94	-0.0817928
1519.62	-8.08799
1522.29	5.90588
1524.96	5.89982
1527.63	9.89382
1530.3	23.8879
1532.97	9.88201
1535.64	9.87621
1538.31	3.87047
1540.98	7.86481
1543.64	11.8592
1546.31	7.85368
1548.97	1.84822
1551.63	-0.157162
1554.3	-2.16248
1556.96	11.8323
1559.62	13.8271
1562.28	19.822
1564.94	3.81701
1567.59	19.8121
1570.25	21.8072
1572.9	3.80242
1575.56	15.7977
1578.21	7.79309
1580.86	11.7885
1583.52	13.7841
1586.17	5.77969
1588.82	17.7754
1591.47	-4.22883
1594.11	1.76703
1596.76	5.76298
1599.41	15.759
1602.05	13.7551
1604.69	13.7513
1607.34	13.7476
1609.98	7.74402
1612.62	1.74049
1615.26	5.73705
1617.9	19.7337
1620.54	11.7304
1623.18	11.7273
1625.81	5.72421
1628.45	9.72123
1631.08	25.7183
1633.72	11.7156
1636.35	3.71287
1638.98	9.71027
1641.61	13.7078
1644.24	9.70537
1646.87	1.70306
1649.5	15.7009
1652.13	7.69875
1654.75	13.6967
1657.38	9.69485
1660	19.693
1662.63	3.69135
1665.25	-4.31025
1667.87	-4.31174
1670.49	-4.31313
1673.11	7.68559
1675.73	5.68442
1678.35	3.68335
1680.96	5.68239
1683.58	11.6815
1686.19	11.6808
1688.81	17.6802
1691.42	11.6796
1694.03	-4.32076
1696.64	1.67894
1699.25	11.6788
1701.87	3.67868
1704.47	-0.321277
1707.08	-6.32112
1709.69	17.6791
1712.29	9.67954
1714.9	5.68004
1717.5	13.6807
1720.1	13.6814
1722.71	5.68226
1725.31	-8.31677
1727.91	1.68433
1730.51	17.6855
1733.1	17.6869
1735.7	13.6883
1738.3	-6.31007
1740.89	7.69163
1743.49	7.69346
1746.08	3.69542
1748.67	27.6975
1751.26	9.6997
1753.86	13.702
1756.45	5.7045
1759.03	3.70708
1761.62	9.7098
1764.21	7.71264
1766.8	23.7156
1769.38	11.7187
1771.97	9.72196
1774.55	21.7253
1777.13	9.72883
1779.71	13.7325
1782.29	9.73623
1784.87	23.7401
1787.45	-0.255834
1790.03	19.7483
1792.61	9.75264
1795.18	11.7571
1797.76	9.76167
1800.33	-0.233611
1802.9	1.77125
1805.48	29.7762
1808.05	11.7814
1810.62	11.7867
1813.19	35.7921
1815.76	5.79764
1818.33	25.8033
1820.89	-2.19081
1823.46	15.8152
1826.02	11.8213
1828.59	17.8276
1831.15	13.834
1833.71	-2.15941
1836.27	7.8473
1838.84	7.85416
1841.39	7.86117
1843.95	-0.131666
1846.51	-0.124356
1849.07	5.8831
1851.62	9.89071
1854.18	23.8985
1856.73	-12.0936
1859.29	15.9144
1861.84	17.9227
1864.39	13.931
1866.94	19.9395
1869.49	17.9482
1872.04	13.9571
1874.59	9.96604
1877.13	21.9752
1879.68	9.98448
1882.22	23.9939
1884.77	12.0035
1887.31	18.0133
1889.85	10.0233
1892.39	-1.96666
1894.93	20.0436
1897.47	20.054
1900.01	14.0646
1902.55	12.0753
1905.09	14.0862
1907.62	6.09726
1910.16	10.1085
1912.69	20.1199
1915.22	2.13142
1917.76	2.14313
1920.29	16.155
1922.82	16.1671
1925.35	10.1793
1927.88	0.191664
1930.4	10.2042
1932.93	14.2169
1935.46	16.2298
1937.98	2.24287
1940.51	18.2561
1943.03	14.2695
1945.55	14.2831
1948.07	20.2968
1950.59	18.3107
1953.11	4.3248
1955.63	4.33906
1958.15	12.3535
1960.67	12.3681
1963.18	20.3829
1965.7	12.3978
1968.21	8.41296
1970.73	4.42827
1973.24	18.4438
1975.75	16.4594
1978.26	16.4753
1980.77	-5.50872
1983.28	12.5075
1985.79	6.52386
1988.29	2.54041
1990.8	8.55716
1993.31	26.5741
1995.81	10.5912
1998.31	2.60846
