100.093	3.80892
103.274	15.9502
106.457	0.0906521
109.636	10.23
112.817	0.368399
115.994	12.5057
119.172	6.64219
122.347	4.77756
125.521	22.912
128.696	13.0455
131.868	-2.82209
135.039	7.30939
138.209	5.43991
141.379	19.5696
144.547	15.6982
147.713	11.8258
150.879	7.95249
154.043	8.07824
157.206	8.20305
160.368	6.32692
163.529	6.44985
166.689	-3.42815
169.848	12.6929
173.006	-1.18693
176.163	-1.0677
179.316	11.0505
182.471	9.16792
185.625	3.2844
188.777	9.39997
191.927	9.51456
195.077	3.62833
198.224	1.74113
201.372	-6.14689
204.52	17.9642
207.664	0.0743259
210.809	0.183644
213.95	-1.70799
217.091	10.3995
220.233	6.50619
223.372	2.61194
226.509	0.716819
229.648	0.820909
232.784	12.9241
235.918	19.0264
239.051	19.1278
242.186	3.2285
245.317	1.32826
248.447	11.4272
251.577	11.5253
254.705	5.6225
257.832	11.7189
260.958	9.8145
264.083	3.90926
267.204	18.0031
270.327	10.0963
273.449	2.18855
276.57	0.280044
279.69	16.3707
282.806	6.46054
285.924	10.5496
289.04	6.63789
292.154	24.7253
295.268	12.812
298.379	18.8978
301.492	32.983
304.601	11.0672
307.711	21.1508
310.818	33.2335
313.924	3.31545
317.031	13.3967
320.135	11.4771
323.238	9.55675
326.34	5.63564
329.443	-4.28617
332.543	9.79122
335.642	13.8678
338.74	3.94374
341.836	16.0189
344.932	22.0933
348.027	6.16695
351.12	14.2399
354.213	8.31208
357.302	10.3835
360.393	24.4543
363.482	14.5243
366.57	-3.4064
369.656	6.66215
372.742	18.73
375.827	18.7972
378.91	12.8636
381.993	4.92941
385.073	8.99443
388.154	-0.941195
391.232	19.1224
394.311	13.1854
397.387	15.2477
400.462	11.3093
403.536	13.3702
406.611	11.4304
409.683	11.49
412.754	5.54884
415.824	7.60705
418.893	5.66459
421.961	5.72147
425.027	13.7777
428.093	17.8333
431.158	21.8882
434.222	3.94242
437.284	1.99604
440.346	12.049
443.407	2.10133
446.464	2.15299
449.523	14.204
452.581	14.2545
455.635	-1.69577
458.691	16.3534
461.743	12.4019
464.797	12.4498
467.847	10.4971
470.899	10.5438
473.947	14.5899
476.994	16.6353
480.043	0.680166
483.088	-1.2756
486.133	10.768
489.176	8.81108
492.22	6.85355
495.262	0.89541
498.302	20.9367
501.341	4.97736
504.38	1.01747
507.417	23.057
510.453	-2.90407
513.487	5.13428
516.521	13.1721
519.554	5.20932
522.586	7.24599
525.616	19.2821
528.646	11.3176
531.675	13.3526
534.701	1.38704
537.729	17.4209
540.753	19.4543
543.778	-4.51295
546.8	15.5193
549.821	1.55098
552.844	5.58216
555.863	-10.3872
558.881	-8.35712
561.898	15.6725
564.916	5.70151
567.932	13.73
570.946	7.75804
573.959	-2.21448
576.971	11.8125
579.982	-2.16105
582.993	-0.135097
586	21.8903
589.008	-6.08472
592.015	-0.0602815
595.022	17.9637
598.025	19.9871
601.029	-3.98994
604.032	16.0325
607.033	4.0545
610.034	18.076
613.032	8.097
616.032	10.1175
619.028	14.1376
622.023	0.157165
625.018	-3.82373
628.013	22.1949
631.005	24.2131
633.997	0.230812
636.987	8.24806
639.977	-3.73514
642.965	10.2812
645.952	4.29709
648.939	2.31254
651.924	32.3275
654.909	14.3421
657.892	0.356194
660.873	2.36986
663.854	10.3831
666.835	20.3959
669.813	8.40826
672.791	10.4202
675.767	16.4317
678.743	-5.55719
681.717	4.45348
684.692	10.4637
687.664	18.4736
690.634	26.483
693.606	10.492
696.575	16.5006
699.543	14.5088
702.51	8.51663
705.475	4.52403
708.44	10.531
711.404	18.5376
714.367	20.5439
717.329	4.54969
720.29	2.55514
723.25	18.5602
726.207	14.5649
729.166	8.56916
732.123	4.57308
735.077	8.57662
738.032	14.5798
740.984	4.58259
743.938	14.585
746.888	10.5871
749.839	20.5888
752.788	-1.40984
755.735	22.5912
758.682	8.59179
761.627	0.592073
764.574	16.592
767.517	22.5916
770.46	16.5908
773.402	18.5897
776.342	14.5883
779.282	8.58653
782.219	24.5844
785.157	36.582
788.094	0.579209
791.029	22.5761
793.962	2.57269
796.896	20.5689
799.828	12.5649
802.76	8.56048
805.689	8.55578
808.619	14.5508
811.546	16.5454
814.473	20.5398
817.4	14.5339
820.324	12.5276
823.248	10.5211
826.17	28.5142
829.092	10.5071
832.012	18.4997
834.932	8.49194
837.851	6.48392
840.768	12.4756
843.685	8.46703
846.599	20.4582
849.514	6.44902
852.428	14.4396
855.339	14.4299
858.251	28.4199
861.16	4.40967
864.07	2.39915
866.978	6.38837
869.884	14.3773
872.792	32.366
875.696	8.35445
878.599	8.34263
881.502	18.3306
884.404	8.31822
887.304	14.3056
890.204	12.2928
893.103	12.2797
896.001	16.2664
898.898	10.2529
901.794	12.2391
904.689	18.225
907.581	22.2108
910.474	8.19625
913.364	14.1815
916.256	0.16656
919.144	12.1514
922.034	2.13597
924.92	12.1203
927.808	18.1045
930.693	10.0884
933.576	12.0721
936.459	18.0557
939.341	10.039
942.222	6.02204
945.102	10.0049
947.981	-0.0123926
950.859	13.9701
953.737	9.95236
956.613	11.9344
959.488	1.91633
962.361	3.89803
965.235	21.8795
968.105	5.86085
970.977	5.84198
973.846	5.82293
976.716	11.8037
979.583	11.7843
982.449	1.76468
985.316	11.7449
988.18	11.725
991.043	-2.29516
993.906	19.6846
996.767	23.6641
999.628	7.64349
1002.49	11.6227
1005.35	13.6018
1008.2	9.58066
1011.06	9.55942
1013.91	11.538
1016.77	9.51643
1019.62	-4.50527
1022.48	31.4729
1025.33	33.4509
1028.18	29.4287
1031.03	11.4064
1033.87	11.384
1036.72	3.36138
1039.57	7.33867
1042.41	9.31582
1045.26	13.2928
1048.1	11.2697
1050.94	-6.7535
1053.78	19.2231
1056.62	19.1996
1059.46	5.17604
1062.3	3.15231
1065.14	9.12847
1067.97	7.1045
1070.81	25.0804
1073.64	9.05624
1076.47	7.03194
1079.31	11.0075
1082.14	8.98302
1084.97	14.9584
1087.8	2.93367
1090.63	10.9089
1093.45	16.8839
1096.28	24.8589
1099.1	10.8338
1101.93	-9.19139
1104.75	20.7833
1107.57	10.7579
1110.39	20.7325
1113.21	10.7069
1116.03	22.6813
1118.85	12.6556
1121.66	6.62978
1124.48	34.6039
1127.3	8.57796
1130.11	-1.44807
1132.92	12.5258
1135.73	14.4997
1138.54	2.47346
1141.35	4.44717
1144.16	14.4208
1146.97	8.39437
1149.78	16.3679
1152.58	14.3414
1155.39	10.3148
1158.19	4.28813
1161	0.261422
1163.8	2.23468
1166.6	16.2079
1169.4	14.181
1172.2	2.15414
1174.99	4.1272
1177.79	4.10023
1180.59	10.0732
1183.38	26.0462
1186.17	10.0191
1188.97	3.99194
1191.76	23.9648
1194.55	13.9376
1197.34	19.9104
1200.13	17.8831
1202.92	9.85588
1205.7	-2.1714
1208.49	17.8013
1211.27	7.77395
1214.06	5.74662
1216.84	13.7192
1219.62	15.6919
1222.4	7.66447
1225.18	-4.36292
1227.96	-0.390327
1230.74	9.58224
1233.51	3.55482
1236.29	23.5274
1239.06	3.49997
1241.84	17.4725
1244.61	3.44512
1247.38	15.4177
1250.15	17.3903
1252.92	1.36287
1255.69	7.33547
1258.46	5.30809
1261.23	-0.719301
1263.99	3.25334
1266.76	19.226
1269.52	1.19866
1272.28	13.1713
1275.05	5.14404
1277.81	9.11677
1280.57	7.08953
1283.33	13.0623
1286.08	-0.964882
1288.84	9.00795
1291.6	16.9808
1294.35	10.9537
1297.11	8.92666
1299.86	12.8996
1302.61	6.87262
1305.36	4.84568
1308.11	4.81876
1310.86	6.7919
1313.61	-3.23492
1316.36	-3.26172
1319.1	10.7116
1321.85	2.68488
1324.59	8.65824
1327.33	8.63166
1330.08	12.6051
1332.82	4.57867
1335.56	6.55225
1338.3	-3.47411
1341.04	2.49961
1343.77	10.4734
1346.51	-5.55278
1349.25	10.4211
1351.98	12.3951
1354.71	4.36911
1357.45	32.3432
1360.18	18.3174
1362.91	-5.70837
1365.64	16.266
1368.37	6.24036
1371.09	16.2148
1373.82	14.1894
1376.54	8.16406
1379.27	-13.8612
1381.99	2.11358
1384.72	22.0885
1387.44	-1.93654
1390.16	4.03852
1392.88	16.0137
1395.6	7.98894
1398.31	1.96429
1401.03	7.93974
1403.75	9.91528
1406.46	11.8909
1409.18	-2.13335
1411.89	13.8425
1414.6	7.81843
1417.31	-0.205506
1420.02	19.7706
1422.73	5.7469
1425.44	-2.27673
1428.15	3.69976
1430.85	11.6763
1433.56	13.6531
1436.26	15.6299
1438.97	19.6068
1441.67	21.5839
1444.37	15.5611
1447.07	-10.4616
1449.77	3.51578
1452.47	13.4933
1455.16	7.471
1457.86	9.44879
1460.56	7.42672
1463.25	3.40477
1465.94	7.38297
1468.64	19.3613
1471.33	9.33974
1474.02	1.31833
1476.71	3.29706
1479.4	5.27592
1482.09	-0.745071
1484.77	13.2341
1487.46	7.21337
1490.14	3.19281
1492.83	7.17239
1495.51	-4.84788
1498.19	21.132
1500.87	-0.887965
1503.55	13.0922
1506.23	5.07254
1508.91	7.05303
1511.59	3.03367
1514.27	11.0145
1516.94	18.9954
1519.62	2.97655
1522.29	2.95783
1524.96	18.9393
1527.63	2.92089
1530.3	10.9027
1532.97	14.8846
1535.64	20.8667
1538.31	0.848982
1540.98	6.83144
1543.64	12.8141
1546.31	6.79686
1548.97	6.77983
1551.63	4.76298
1554.3	6.7463
1556.96	12.7298
1559.62	2.71349
1562.28	-1.30264
1564.94	0.681415
1567.59	-3.33435
1570.25	8.65007
1572.9	2.63468
1575.56	0.619474
1578.21	-1.39553
1580.86	26.5896
1583.52	2.57501
1586.17	12.5606
1588.82	10.5463
1591.47	4.5323
1594.11	10.5185
1596.76	10.5048
1599.41	-1.50863
1602.05	4.47813
1604.69	10.4651
1607.34	10.4523
1609.98	2.43962
1612.62	22.4272
1615.26	4.41498
1617.9	-3.59702
1620.54	-7.60882
1623.18	2.37961
1625.81	2.36823
1628.45	4.35708
1631.08	2.34615
1633.72	-3.66457
1636.35	2.32493
1638.98	0.314645
1641.61	2.30458
1644.24	8.29474
1646.87	4.28513
1649.5	2.27574
1652.13	10.2666
1654.75	6.25763
1657.38	-3.75107
1660	6.24045
1662.63	2.2322
1665.25	-3.77582
1667.87	-5.7836
1670.49	20.2089
1673.11	12.2015
1675.73	12.1945
1678.35	6.18763
1680.96	10.181
1683.58	2.17467
1686.19	12.1686
1688.81	6.16269
1691.42	8.15706
1694.03	16.1517
1696.64	-5.85346
1699.25	10.1417
1701.87	6.13701
1704.47	10.1326
1707.08	16.1285
1709.69	-1.87539
1712.29	12.121
1714.9	4.1176
1717.5	-1.88552
1720.1	16.1116
1722.71	12.109
1725.31	8.10667
1727.91	-1.89541
1730.51	18.1028
1733.1	8.10121
1735.7	16.0999
1738.3	4.09889
1740.89	-9.90187
1743.49	-1.90237
1746.08	4.09741
1748.67	-1.90255
1751.26	10.0978
1753.86	24.0984
1756.45	18.0992
1759.03	14.1004
1761.62	6.10176
1764.21	12.1034
1766.8	0.105416
1769.38	2.10766
1771.97	12.1102
1774.55	12.113
1777.13	-5.88392
1779.71	14.1195
1782.29	8.12311
1784.87	12.127
1787.45	22.1313
1790.03	12.1358
1792.61	-3.8594
1795.18	2.14569
1797.76	4.15108
1800.33	26.1568
1802.9	28.1627
1805.48	0.168993
1808.05	8.17555
1810.62	10.1824
1813.19	6.18957
1815.76	4.19702
1818.33	0.204776
1820.89	4.21283
1823.46	2.22118
1826.02	6.22984
1828.59	20.2388
1831.15	22.2481
1833.71	0.257646
1836.27	-3.73248
1838.84	4.27771
1841.39	10.2882
1843.95	4.29902
1846.51	10.3101
1849.07	2.32156
1851.62	16.3333
1854.18	8.34537
1856.73	10.3577
1859.29	2.37043
1861.84	12.3834
1864.39	4.39675
1866.94	22.4104
1869.49	6.42437
1872.04	8.43865
1874.59	0.453261
1877.13	10.4682
1879.68	12.4834
1882.22	6.49902
1884.77	6.51494
1887.31	-3.46884
1889.85	-3.45227
1892.39	0.564619
1894.93	-3.41816
1897.47	2.5994
1900.01	4.61728
1902.55	10.6355
1905.09	4.65406
1907.62	10.6729
1910.16	10.6922
1912.69	2.71172
1915.22	18.7316
1917.76	4.75186
1920.29	8.77244
1922.82	12.7934
1925.35	20.8146
1927.88	6.83623
1930.4	6.85817
1932.93	8.88046
1935.46	12.9031
1937.98	18.9261
1940.51	2.94942
1943.03	14.9731
1945.55	6.99713
1948.07	21.0215
1950.59	17.0462
1953.11	5.07133
1955.63	25.0968
1958.15	13.1225
1960.67	1.14869
1963.18	19.1752
1965.7	13.202
1968.21	9.22927
1970.73	-2.74316
1973.24	15.2848
1975.75	13.3131
1978.26	15.3417
1980.77	5.37074
1983.28	5.40013
1985.79	9.42987
1988.29	-0.540025
1990.8	1.49047
1993.31	13.5213
1995.81	3.55252
1998.31	-2.41592
