100.093	9.45623
103.274	23.5576
106.457	5.65847
109.636	5.75865
112.817	19.8583
115.994	7.95732
119.172	-3.9442
122.347	10.1536
125.521	2.25087
128.696	12.3476
131.868	8.44366
135.039	14.5392
138.209	10.6341
141.379	4.72849
144.547	6.82226
147.713	-1.08454
150.879	5.00809
154.043	-0.899844
157.206	7.19166
160.368	3.28259
163.529	13.373
166.689	9.46278
169.848	13.552
173.006	7.64074
176.163	-4.27111
179.316	9.81643
182.471	3.90348
185.625	7.98999
188.777	10.0759
191.927	4.1613
195.077	8.24617
198.224	0.330449
201.372	8.41424
204.52	22.4975
207.664	10.5802
210.809	2.66237
213.95	10.744
217.091	12.8251
220.233	-3.09432
223.372	6.98571
226.509	25.0652
229.648	15.1443
232.784	7.22275
235.918	7.3007
239.051	-6.62185
242.186	11.4551
245.317	-0.468441
248.447	9.60747
251.577	-0.317116
254.705	3.75779
257.832	17.8322
260.958	7.90609
264.083	15.9795
267.204	4.05235
270.327	2.12476
273.449	2.19668
276.57	16.2681
279.69	6.33904
282.806	0.409446
285.924	0.479411
289.04	6.54889
292.154	6.61784
295.268	16.6864
298.379	2.75436
301.492	14.8219
304.601	20.889
307.711	2.95558
310.818	27.0217
313.924	-6.91269
317.031	25.1525
320.135	-0.782777
323.238	3.28146
326.34	11.3452
329.443	13.4086
332.543	11.4715
335.642	-6.46614
338.74	3.5958
341.836	5.6573
344.932	5.71834
348.027	11.7789
351.12	17.8391
354.213	11.8988
357.302	11.958
360.393	28.0168
363.482	6.07521
366.57	16.1332
369.656	8.19062
372.742	6.24769
375.827	8.30433
378.91	2.36049
381.993	12.4163
385.073	2.47158
388.154	6.52651
391.232	10.581
394.311	14.635
397.387	2.68867
400.462	18.7419
403.536	0.794655
406.611	-3.15294
409.683	-3.10098
412.754	-5.04944
415.824	9.0017
418.893	-2.94758
421.961	-6.89725
425.027	7.15266
428.093	21.2022
431.158	23.2513
434.222	3.3
437.284	3.34831
440.346	5.39623
443.407	15.4438
446.464	23.4909
449.523	17.5376
452.581	-6.41606
455.635	-0.370128
458.691	9.67545
461.743	17.7206
464.797	-2.23458
467.847	5.80982
470.899	17.8539
473.947	7.89751
476.994	3.94077
480.043	13.9837
483.088	20.0262
486.133	4.06836
489.176	2.11014
492.22	6.15157
495.262	20.1926
498.302	10.2333
501.341	14.2736
504.38	8.31357
507.417	14.3532
510.453	10.3924
513.487	22.4313
516.521	10.4698
519.554	2.50798
522.586	6.5458
525.616	10.5833
528.646	4.62038
531.675	-5.34284
534.701	-1.30643
537.729	16.7297
540.753	12.7654
543.778	6.8008
546.8	6.83585
549.821	0.870559
552.844	8.90496
555.863	-5.061
558.881	-3.02729
561.898	11.0061
564.916	9.03917
567.932	5.07189
570.946	9.10429
573.959	9.13637
576.971	1.16812
579.982	7.19955
582.993	11.2307
586	15.2614
589.008	13.2919
592.015	7.32208
595.022	11.3519
598.025	15.3814
601.029	11.4107
604.032	5.4396
607.033	7.46819
610.034	9.4965
613.032	13.5245
616.032	7.55218
619.028	7.57956
622.023	3.60665
625.018	11.6334
628.013	13.6599
631.005	1.68613
633.997	15.712
636.987	-0.262363
639.977	17.763
642.965	-8.21202
645.952	11.8127
648.939	13.8372
651.924	11.8614
654.909	3.88524
657.892	15.9089
660.873	7.93217
663.854	13.9552
666.835	23.978
669.813	14.0005
672.791	20.0227
675.767	8.04463
678.743	6.06631
681.717	4.08771
684.692	6.10885
687.664	8.12971
690.634	4.15031
693.606	12.1707
696.575	18.1907
699.543	4.21054
702.51	8.2301
705.475	2.24939
708.44	20.2684
711.404	14.2872
714.367	-5.69426
717.329	16.324
720.29	2.34205
723.25	4.35982
726.207	4.37734
729.166	6.39463
732.123	10.4117
735.077	0.428451
738.032	-5.555
740.984	18.4613
743.938	28.4774
746.888	10.4932
749.839	18.5088
752.788	6.52416
755.735	24.5393
758.682	2.55417
761.627	18.5688
764.574	-7.41674
767.517	4.59747
770.46	4.61144
773.402	8.62519
776.342	14.6387
779.282	10.652
782.219	18.6651
785.157	6.67795
788.094	2.69059
791.029	6.70302
793.962	10.7152
796.896	-1.27278
799.828	16.739
802.76	12.7506
805.689	20.7619
808.619	6.77307
811.546	20.784
814.473	8.79474
817.4	4.80527
820.324	22.8156
823.248	0.82572
826.17	18.8356
829.092	22.8454
832.012	6.85489
834.932	22.8642
837.851	22.8733
840.768	8.88228
843.685	30.891
846.599	-5.10043
849.514	12.9079
852.428	16.9161
855.339	22.9241
858.251	8.93189
861.16	10.9395
864.07	10.9469
866.978	12.9542
869.884	12.9612
872.792	6.96813
875.696	20.9748
878.599	10.9814
881.502	10.9877
884.404	6.9939
887.304	2.9999
890.204	1.00574
893.103	11.0114
896.001	5.01689
898.898	11.0222
901.794	15.0274
904.689	13.0324
907.581	5.03719
910.474	21.0419
913.364	3.04636
916.256	9.0507
919.144	11.0549
922.034	13.0589
924.92	7.06277
927.808	15.0665
930.693	1.07004
933.576	15.0734
936.459	21.0767
939.341	1.0798
942.222	7.08275
945.102	5.08555
947.981	-6.91179
950.859	15.0907
953.737	13.0931
956.613	15.0953
959.488	1.09739
962.361	13.0993
965.235	3.10114
968.105	15.1028
970.977	3.10432
973.846	11.1057
976.716	3.10697
979.583	3.10809
982.449	17.1091
985.316	15.1099
988.18	5.11066
991.043	23.1113
993.906	17.1117
996.767	19.1121
999.628	11.1123
1002.49	9.1124
1005.35	3.11237
1008.2	13.1122
1011.06	23.112
1013.91	11.1116
1016.77	17.1111
1019.62	-0.889553
1022.48	15.1097
1025.33	-0.891141
1028.18	21.1079
1031.03	9.10682
1033.87	9.10563
1036.72	11.1043
1039.57	5.10293
1042.41	19.1014
1045.26	23.0998
1048.1	9.09807
1050.94	15.0962
1053.78	21.0943
1056.62	11.0923
1059.46	3.09014
1062.3	5.0879
1065.14	19.0856
1067.97	-2.91686
1070.81	21.0806
1073.64	17.078
1076.47	-2.92471
1079.31	5.07248
1082.14	11.0696
1084.97	17.0666
1087.8	7.06352
1090.63	13.0604
1093.45	11.0571
1096.28	11.0538
1099.1	15.0503
1101.93	5.04683
1104.75	9.04324
1107.57	19.0396
1110.39	-6.96418
1113.21	15.032
1116.03	-4.97192
1118.85	5.0241
1121.66	7.02004
1124.48	27.0159
1127.3	1.01169
1130.11	-2.99259
1132.92	9.00305
1135.73	6.99863
1138.54	12.9941
1141.35	8.98957
1144.16	24.9849
1146.97	-7.01976
1149.78	8.97548
1152.58	20.9707
1155.39	0.965772
1158.19	4.96082
1161	0.955809
1163.8	-1.04926
1166.6	10.9456
1169.4	-7.05958
1172.2	8.93518
1174.99	14.9299
1177.79	4.92452
1180.59	12.9191
1183.38	10.9137
1186.17	4.90814
1188.97	-3.09742
1191.76	6.89697
1194.55	0.891313
1197.34	10.8856
1200.13	4.87985
1202.92	20.8741
1205.7	4.86822
1208.49	20.8623
1211.27	2.8564
1214.06	8.85043
1216.84	-3.15558
1219.62	14.8384
1222.4	12.8323
1225.18	6.82617
1227.96	0.820011
1230.74	20.8138
1233.51	22.8076
1236.29	10.8013
1239.06	2.79503
1241.84	8.78871
1244.61	0.782357
1247.38	18.776
1250.15	10.7696
1252.92	4.76313
1255.69	2.75666
1258.46	10.7502
1261.23	0.743662
1263.99	16.7371
1266.76	14.7306
1269.52	6.72399
1272.28	4.71739
1275.05	6.71077
1277.81	10.7041
1280.57	-11.3025
1283.33	-7.30919
1286.08	6.68413
1288.84	18.6774
1291.6	4.67071
1294.35	4.66399
1297.11	6.65726
1299.86	4.65051
1302.61	12.6437
1305.36	6.63699
1308.11	4.63021
1310.86	2.62344
1313.61	0.616652
1316.36	10.6099
1319.1	14.6031
1321.85	8.59627
1324.59	-3.41053
1327.33	0.582675
1330.08	24.5759
1332.82	8.56908
1335.56	8.56228
1338.3	8.55548
1341.04	-3.4513
1343.77	6.54191
1346.51	10.5351
1349.25	24.5284
1351.98	6.52159
1354.71	14.5148
1357.45	12.5081
1360.18	-3.49865
1362.91	10.4946
1365.64	4.4879
1368.37	2.4812
1371.09	8.47451
1373.82	-1.53216
1376.54	4.46118
1379.27	-1.54546
1381.99	-1.55209
1384.72	10.4413
1387.44	8.43472
1390.16	10.4281
1392.88	4.4216
1395.6	10.4151
1398.31	2.40857
1401.03	12.4021
1403.75	8.39564
1406.46	4.38921
1409.18	10.3828
1411.89	12.3764
1414.6	0.370083
1417.31	12.3638
1420.02	14.3575
1422.73	-1.64878
1425.44	6.34499
1428.15	12.3388
1430.85	-5.66737
1433.56	12.3265
1436.26	14.3204
1438.97	12.3144
1441.67	2.30834
1444.37	10.3024
1447.07	-1.70359
1449.77	6.2905
1452.47	-5.71536
1455.16	6.27881
1457.86	20.273
1460.56	10.2673
1463.25	4.26159
1465.94	20.2559
1468.64	8.25033
1471.33	8.24477
1474.02	4.23925
1476.71	20.2338
1479.4	12.2284
1482.09	0.222992
1484.77	14.2177
1487.46	18.2124
1490.14	8.20719
1492.83	18.202
1495.51	4.19691
1498.19	0.191849
1500.87	4.18685
1503.55	4.1819
1506.23	4.17701
1508.91	6.17218
1511.59	14.1674
1514.27	6.16269
1516.94	0.15803
1519.62	22.1534
1522.29	8.1489
1524.96	16.1444
1527.63	12.14
1530.3	-1.86433
1532.97	18.1314
1535.64	4.12718
1538.31	6.12303
1540.98	6.11895
1543.64	8.11493
1546.31	10.111
1548.97	14.1071
1551.63	14.1033
1554.3	-5.90044
1556.96	-5.9041
1559.62	0.0923088
1562.28	20.0888
1564.94	12.0853
1567.59	10.082
1570.25	2.07868
1572.9	16.0755
1575.56	12.0723
1578.21	2.06926
1580.86	0.0662734
1583.52	4.06337
1586.17	12.0605
1588.82	24.0578
1591.47	-5.94487
1594.11	16.0526
1596.76	2.05006
1599.41	16.0476
1602.05	14.0453
1604.69	32.0431
1607.34	-3.95909
1609.98	-3.96116
1612.62	16.0369
1615.26	2.03496
1617.9	10.0332
1620.54	8.03144
1623.18	2.02981
1625.81	10.0283
1628.45	4.02683
1631.08	12.0255
1633.72	0.0242283
1636.35	6.02307
1638.98	12.022
1641.61	2.02103
1644.24	16.0201
1646.87	8.01937
1649.5	-3.98131
1652.13	14.0181
1654.75	6.01762
1657.38	-3.98276
1660	10.017
1662.63	12.0168
1665.25	18.0167
1667.87	10.0167
1670.49	16.0168
1673.11	16.0171
1675.73	6.01741
1678.35	6.01785
1680.96	8.0184
1683.58	16.0191
1686.19	4.01981
1688.81	14.0207
1691.42	6.02166
1694.03	16.0228
1696.64	10.024
1699.25	-7.97474
1701.87	2.02668
1704.47	10.0282
1707.08	-1.97014
1709.69	2.03162
1712.29	4.0335
1714.9	4.03549
1717.5	22.0376
1720.1	14.0398
1722.71	6.04216
1725.31	8.04462
1727.91	10.0472
1730.51	8.04989
1733.1	10.0527
1735.7	16.0556
1738.3	6.0587
1740.89	6.06187
1743.49	8.06518
1746.08	18.0686
1748.67	6.07215
1751.26	8.07582
1753.86	4.07962
1756.45	4.08354
1759.03	26.0876
1761.62	6.09177
1764.21	4.09607
1766.8	0.1005
1769.38	16.1051
1771.97	-1.89025
1774.55	4.11458
1777.13	6.11953
1779.71	12.1246
1782.29	20.1298
1784.87	10.1352
1787.45	16.1407
1790.03	0.14627
1792.61	2.15202
1795.18	6.15791
1797.76	10.1639
1800.33	10.1701
1802.9	12.1764
1805.48	10.1828
1808.05	20.1894
1810.62	20.1961
1813.19	8.20295
1815.76	22.2099
1818.33	2.21707
1820.89	12.2243
1823.46	12.2318
1826.02	0.23932
1828.59	4.24702
1831.15	-3.74514
1833.71	14.2629
1836.27	6.27099
1838.84	12.2793
1841.39	6.2877
1843.95	6.29627
1846.51	12.305
1849.07	12.3139
1851.62	4.32288
1854.18	18.332
1856.73	18.3414
1859.29	6.35083
1861.84	10.3604
1864.39	-5.62979
1866.94	8.38014
1869.49	0.390217
1872.04	6.40045
1874.59	18.4108
1877.13	8.42137
1879.68	8.43205
1882.22	10.4429
1884.77	6.45391
1887.31	16.4651
1889.85	-5.52361
1892.39	-5.51214
1894.93	8.4995
1897.47	10.5113
1900.01	8.52325
1902.55	6.53537
1905.09	4.54764
1907.62	18.5601
1910.16	0.572671
1912.69	26.5854
1915.22	8.59836
1917.76	8.61144
1920.29	-3.3753
1922.82	20.6381
1925.35	16.6517
1927.88	20.6654
1930.4	6.67936
1932.93	18.6934
1935.46	14.7077
1937.98	-5.27789
1940.51	12.7367
1943.03	4.75146
1945.55	2.76637
1948.07	14.7815
1950.59	2.79673
1953.11	-1.18782
1955.63	8.82778
1958.15	12.8436
1960.67	0.859511
1963.18	2.87564
1965.7	14.8919
1968.21	10.9084
1970.73	-1.07493
1973.24	14.9419
1975.75	14.9589
1978.26	2.97608
1980.77	14.9934
1983.28	17.011
1985.79	-0.971326
1988.29	5.04656
1990.8	15.0646
1993.31	7.08289
1995.81	7.10132
1998.31	9.11992
