100.093	24.4011
103.274	10.4393
106.457	12.4774
109.636	16.5154
112.817	12.5533
115.994	10.5912
119.172	6.62911
122.347	14.6669
125.521	6.70461
128.696	8.74231
131.868	18.7799
135.039	6.81747
138.209	6.85497
141.379	8.89243
144.547	12.9298
147.713	-1.03287
150.879	9.00439
154.043	3.04159
157.206	3.07873
160.368	11.1158
163.529	17.1528
166.689	-2.8102
169.848	9.2267
173.006	19.2635
176.163	5.30032
179.316	11.337
182.471	11.3737
185.625	1.41027
188.777	-14.5532
191.927	5.48326
195.077	3.51967
198.224	7.55599
201.372	3.59228
204.52	1.6285
207.664	9.66464
210.809	-0.299264
213.95	-4.26325
217.091	21.7727
220.233	21.8086
223.372	9.84442
226.509	3.88017
229.648	13.9159
232.784	-0.0484886
235.918	5.98707
239.051	-3.97743
242.186	10.058
245.317	12.0934
248.447	16.1287
251.577	4.16392
254.705	10.1991
257.832	10.2342
260.958	4.26922
264.083	18.3042
267.204	28.3391
270.327	0.37389
273.449	14.4087
276.57	4.44335
279.69	14.478
282.806	4.51252
285.924	-9.45299
289.04	-1.41856
292.154	32.6158
295.268	8.65005
298.379	-1.31575
301.492	16.7184
304.601	14.7525
307.711	20.7865
310.818	8.82038
313.924	14.8542
317.031	-1.11198
320.135	0.92173
323.238	4.95537
326.34	12.9889
329.443	5.02244
332.543	13.0559
335.642	19.0892
338.74	-2.87751
341.836	5.1557
344.932	15.1888
348.027	-8.7781
351.12	5.25489
354.213	19.2878
357.302	9.32063
360.393	1.3534
363.482	-0.613905
366.57	19.4187
369.656	-0.548751
372.742	25.4837
375.827	23.5161
378.91	3.54844
381.993	3.58069
385.073	5.61285
388.154	11.645
391.232	11.677
394.311	15.7089
397.387	-0.259227
400.462	5.77255
403.536	5.80426
406.611	15.8359
409.683	-2.13253
412.754	3.89895
415.824	15.9303
418.893	3.96167
421.961	1.99292
425.027	4.02409
428.093	24.0552
431.158	0.0862051
434.222	8.11714
437.284	10.148
440.346	0.17879
443.407	-5.7905
446.464	14.2401
449.523	2.27065
452.581	14.3011
455.635	16.3315
458.691	10.3618
461.743	4.39202
464.797	8.42217
467.847	12.4522
470.899	18.4822
473.947	16.5121
476.994	-1.45807
480.043	6.57168
483.088	10.6013
486.133	0.63091
489.176	2.6604
492.22	4.68983
495.262	4.71916
498.302	-3.25159
501.341	8.77758
504.38	8.80667
507.417	-5.16433
510.453	-3.13541
513.487	8.89342
516.521	6.92217
519.554	10.9508
522.586	4.97944
525.616	11.0079
528.646	15.0364
531.675	1.0647
534.701	5.09295
537.729	21.1211
540.753	17.1492
543.778	9.17721
546.8	7.20511
549.821	1.23294
552.844	21.2607
555.863	19.2883
558.881	7.31592
561.898	7.3434
564.916	-2.62918
567.932	-2.60186
570.946	7.42537
573.959	5.45251
576.971	13.4796
579.982	5.50654
582.993	7.53343
586	33.5602
589.008	5.58693
592.015	5.61356
595.022	17.6401
598.025	-2.33347
601.029	3.6929
604.032	7.71918
607.033	7.74536
610.034	-6.22853
613.032	7.79747
616.032	1.8234
619.028	-0.150773
622.023	-4.12503
625.018	-0.0993843
628.013	7.9262
631.005	1.95167
633.997	-4.02295
636.987	14.0024
639.977	6.02756
642.965	6.05268
645.952	4.07771
648.939	4.10265
651.924	-1.8725
654.909	-3.84774
657.892	10.1769
660.873	6.2015
663.854	4.22599
666.835	12.2504
669.813	18.2747
672.791	16.2989
675.767	16.323
678.743	-1.65294
681.717	6.37099
684.692	12.3948
687.664	14.4186
690.634	-1.55775
693.606	14.4658
696.575	10.4893
699.543	-1.4873
702.51	8.53599
705.475	-1.44081
708.44	2.5823
711.404	0.60531
714.367	18.6282
717.329	2.65106
720.29	6.6738
723.25	10.6964
726.207	6.71898
729.166	4.74144
732.123	2.7638
735.077	6.78606
738.032	-5.19176
740.984	10.8303
743.938	18.8523
746.888	10.8742
749.839	-1.10402
752.788	12.9177
755.735	26.9393
758.682	12.9608
761.627	4.98218
764.574	5.00351
767.517	15.0247
770.46	11.0459
773.402	19.0669
776.342	1.08782
779.282	15.1087
782.219	9.12939
785.157	1.15003
788.094	9.17059
791.029	23.191
793.962	21.2114
796.896	19.2316
799.828	13.2518
802.76	21.2719
805.689	15.2918
808.619	11.3117
811.546	3.33147
814.473	-4.64886
817.4	25.3707
820.324	11.3902
823.248	7.40958
826.17	5.42886
829.092	29.448
832.012	35.4671
834.932	1.48611
837.851	11.505
840.768	9.52379
843.685	23.5425
846.599	11.5611
849.514	11.5796
852.428	9.59795
855.339	15.6162
858.251	7.63444
861.16	11.6525
864.07	13.6705
866.978	25.6884
869.884	19.7062
872.792	23.7239
875.696	15.7415
878.599	-4.24101
881.502	17.7764
884.404	11.7937
887.304	19.8109
890.204	-2.17205
893.103	19.8449
896.001	3.86183
898.898	17.8786
901.794	19.8953
904.689	9.9119
907.581	15.9284
910.474	19.9448
913.364	15.961
916.256	-2.02278
919.144	19.9933
922.034	16.0093
924.92	14.0251
927.808	-9.95909
930.693	0.0565796
933.576	8.07214
936.459	12.0876
939.341	14.103
942.222	22.1182
945.102	0.133373
947.981	-1.85158
950.859	18.1634
953.737	2.17822
956.613	14.193
959.488	14.2076
962.361	24.2221
965.235	16.2366
968.105	4.25089
970.977	14.2651
973.846	8.27923
976.716	-5.70675
979.583	14.3072
982.449	10.321
985.316	14.3347
988.18	-1.65173
991.043	20.3618
993.906	8.37515
996.767	10.3884
999.628	4.40161
1002.49	10.4147
1005.35	4.42766
1008.2	6.44052
1011.06	10.4533
1013.91	16.4659
1016.77	0.478479
1019.62	20.4909
1022.48	4.50326
1025.33	6.51548
1028.18	12.5276
1031.03	16.5396
1033.87	10.5515
1036.72	-1.43665
1039.57	4.57505
1042.41	8.58664
1045.26	16.5981
1048.1	20.6095
1050.94	10.6208
1053.78	4.63195
1056.62	16.643
1059.46	14.654
1062.3	12.6648
1065.14	10.6755
1067.97	2.68618
1070.81	24.6967
1073.64	6.70713
1076.47	6.71743
1079.31	2.72764
1082.14	10.7377
1084.97	-3.25228
1087.8	12.7576
1090.63	8.76737
1093.45	20.777
1096.28	10.7866
1099.1	6.79604
1101.93	4.80537
1104.75	8.81461
1107.57	12.8237
1110.39	18.8327
1113.21	8.84164
1116.03	-5.14956
1118.85	22.8591
1121.66	10.8677
1124.48	6.87618
1127.3	14.8845
1130.11	10.8928
1132.92	2.90093
1135.73	30.909
1138.54	8.91688
1141.35	22.9247
1144.16	-5.06759
1146.97	-3.06
1149.78	6.94749
1152.58	8.95486
1155.39	12.9621
1158.19	8.96928
1161	4.97632
1163.8	-1.01674
1166.6	4.99008
1169.4	14.9968
1172.2	7.0034
1174.99	-0.990104
1177.79	15.0163
1180.59	-4.97745
1183.38	1.02871
1186.17	11.0348
1188.97	-2.9593
1191.76	7.04653
1194.55	9.05225
1197.34	13.0579
1200.13	5.06335
1202.92	5.06874
1205.7	23.074
1208.49	7.07917
1211.27	11.0842
1214.06	3.08916
1216.84	17.094
1219.62	19.0987
1222.4	3.10331
1225.18	7.1078
1227.96	5.11218
1230.74	-0.883554
1233.51	-2.8794
1236.29	19.1246
1239.06	11.1286
1241.84	11.1324
1244.61	27.1361
1247.38	19.1397
1250.15	11.1432
1252.92	3.14655
1255.69	5.1498
1258.46	3.15295
1261.23	17.156
1263.99	9.1589
1266.76	11.1617
1269.52	9.16439
1272.28	13.167
1275.05	15.1694
1277.81	3.17179
1280.57	7.17403
1283.33	3.17616
1286.08	-2.82183
1288.84	17.1801
1291.6	1.18186
1294.35	3.18353
1297.11	-0.814911
1299.86	13.1865
1302.61	17.1879
1305.36	17.1891
1308.11	21.1902
1310.86	13.1912
1313.61	1.19205
1316.36	-8.80719
1319.1	17.1935
1321.85	11.194
1324.59	1.19441
1327.33	15.1947
1330.08	5.19491
1332.82	-2.80502
1335.56	19.1949
1338.3	11.1948
1341.04	7.19452
1343.77	11.1941
1346.51	9.19364
1349.25	29.193
1351.98	17.1923
1354.71	3.19145
1357.45	7.1905
1360.18	5.18942
1362.91	15.1882
1365.64	-0.813069
1368.37	9.18551
1371.09	-0.816022
1373.82	5.18233
1376.54	21.1806
1379.27	9.17868
1381.99	19.1767
1384.72	3.17458
1387.44	9.17235
1390.16	13.17
1392.88	11.1675
1395.6	1.16497
1398.31	19.1623
1401.03	5.15948
1403.75	11.1566
1406.46	23.1535
1409.18	5.15036
1411.89	19.1471
1414.6	3.1437
1417.31	7.1402
1420.02	1.13658
1422.73	15.1328
1425.44	-0.871012
1428.15	3.12502
1430.85	13.1209
1433.56	13.1167
1436.26	-0.887588
1438.97	9.10798
1441.67	17.1034
1444.37	9.09876
1447.07	-2.90603
1449.77	15.0891
1452.47	9.08405
1455.16	17.0789
1457.86	-0.926342
1460.56	-2.93171
1463.25	3.0628
1465.94	-4.94281
1468.64	1.05147
1471.33	11.0456
1474.02	-8.96033
1476.71	9.0336
1479.4	15.0274
1482.09	-0.978905
1484.77	19.0147
1487.46	9.00812
1490.14	13.0015
1492.83	12.9947
1495.51	16.9878
1498.19	24.9808
1500.87	16.9736
1503.55	14.9664
1506.23	4.95901
1508.91	8.95153
1511.59	10.9439
1514.27	0.936202
1516.94	12.9284
1519.62	0.920399
1522.29	0.912323
1524.96	4.90413
1527.63	-5.10419
1530.3	-3.11262
1532.97	24.8788
1535.64	14.8702
1538.31	-3.13863
1540.98	16.8525
1543.64	8.84344
1546.31	4.83431
1548.97	18.825
1551.63	10.8157
1554.3	8.80616
1556.96	8.79655
1559.62	10.7868
1562.28	-5.22304
1564.94	0.766985
1567.59	8.75689
1570.25	18.7467
1572.9	2.73635
1575.56	4.7259
1578.21	12.7153
1580.86	16.7046
1583.52	22.6938
1586.17	18.6829
1588.82	0.671866
1591.47	0.660705
1594.11	4.64942
1596.76	8.63802
1599.41	2.6265
1602.05	6.61486
1604.69	18.6031
1607.34	8.59122
1609.98	10.5792
1612.62	2.5671
1615.26	4.55486
1617.9	-9.45749
1620.54	10.53
1623.18	4.51743
1625.81	6.50471
1628.45	-5.50812
1631.08	8.47893
1633.72	2.46585
1636.35	2.45266
1638.98	12.4393
1641.61	10.4259
1644.24	8.41235
1646.87	16.3987
1649.5	10.3849
1652.13	22.371
1654.75	4.35693
1657.38	4.34278
1660	20.3285
1662.63	18.3141
1665.25	2.29959
1667.87	14.285
1670.49	0.270203
1673.11	14.2553
1675.73	-3.75967
1678.35	10.2252
1680.96	12.21
1683.58	20.1946
1686.19	-5.82085
1688.81	12.1635
1691.42	18.1478
1694.03	6.13199
1696.64	2.11604
1699.25	22.1
1701.87	2.08376
1704.47	8.06744
1707.08	18.051
1709.69	-5.96556
1712.29	6.01775
1714.9	18.001
1717.5	5.98404
1720.1	-0.0330097
1722.71	3.94982
1725.31	-0.0674571
1727.91	1.91513
1730.51	15.8976
1733.1	29.88
1735.7	11.8622
1738.3	-4.1557
1740.89	25.8263
1743.49	1.80816
1746.08	15.7899
1748.67	19.7715
1751.26	7.75305
1753.86	7.73443
1756.45	7.71569
1759.03	7.69684
1761.62	17.6779
1764.21	11.6588
1766.8	3.63955
1769.38	13.6202
1771.97	7.60074
1774.55	21.5812
1777.13	21.5615
1779.71	17.5416
1782.29	7.52169
1784.87	11.5016
1787.45	15.4814
1790.03	13.4611
1792.61	-0.559315
1795.18	11.4201
1797.76	25.3995
1800.33	1.37866
1802.9	17.3577
1805.48	3.33671
1808.05	17.3156
1810.62	7.29427
1813.19	11.2729
1815.76	17.2513
1818.33	5.22969
1820.89	9.20792
1823.46	13.186
1826.02	13.164
1828.59	15.1419
1831.15	17.1196
1833.71	9.09726
1836.27	9.07477
1838.84	13.0522
1841.39	5.02942
1843.95	9.00655
1846.51	12.9836
1849.07	-3.03952
1851.62	8.93725
1854.18	12.9139
1856.73	20.8904
1859.29	4.86683
1861.84	2.84312
1864.39	-9.18071
1866.94	8.79533
1869.49	8.77125
1872.04	14.7471
1874.59	6.72273
1877.13	10.6983
1879.68	6.67373
1882.22	2.64904
1884.77	-3.37577
1887.31	6.59931
1889.85	6.57424
1892.39	14.5491
1894.93	6.52379
1897.47	8.49835
1900.01	12.4728
1902.55	18.4472
1905.09	4.42137
1907.62	-1.60453
1910.16	10.3695
1912.69	8.3433
1915.22	16.317
1917.76	14.2906
1920.29	2.26411
1922.82	0.237483
1925.35	12.2107
1927.88	12.1838
1930.4	16.1568
1932.93	8.12971
1935.46	4.10246
1937.98	0.0750924
1940.51	6.0476
1943.03	8.01998
1945.55	-0.00774224
1948.07	-6.03561
1950.59	17.9364
1953.11	21.9083
1955.63	7.88009
1958.15	19.8518
1960.67	3.82329
1963.18	21.7947
1965.7	5.76599
1968.21	-8.26285
1970.73	1.70819
1973.24	1.67911
1975.75	9.64992
1978.26	7.62059
1980.77	-0.408843
1983.28	9.56158
1985.79	1.5319
1988.29	9.50209
1990.8	13.4721
1993.31	15.4421
1995.81	-2.58809
1998.31	1.38163
