100.093	19.3335
103.274	9.48064
106.457	1.627
109.636	5.77237
112.817	3.91697
115.994	-5.93941
119.172	10.2034
122.347	2.34531
125.521	-9.51367
128.696	16.6266
131.868	0.76586
135.039	6.90429
138.209	19.0419
141.379	1.17869
144.547	1.31456
147.713	13.4496
150.879	1.58379
154.043	5.71714
157.206	-0.150346
160.368	-2.01866
163.529	6.11219
166.689	6.24221
169.848	4.37141
173.006	-1.50021
176.163	16.6273
179.316	6.75401
182.471	2.87994
185.625	21.0051
188.777	3.12938
191.927	7.25281
195.077	13.3755
198.224	19.4974
201.372	3.61847
204.52	5.73879
207.664	1.85825
210.809	15.977
213.95	22.0949
217.091	2.212
220.233	4.32841
223.372	18.444
226.509	24.5588
229.648	4.67285
232.784	2.7861
235.918	8.89859
239.051	11.0103
242.186	-0.878632
245.317	5.23159
248.447	21.3411
251.577	3.44977
254.705	-8.44225
257.832	7.66498
260.958	-0.228532
264.083	5.87722
267.204	11.9822
270.327	12.0865
273.449	4.19002
276.57	2.29285
279.69	18.395
282.806	6.49628
285.924	10.597
289.04	-3.30309
292.154	22.7961
295.268	10.8946
298.379	-3.00761
301.492	31.0895
304.601	23.1859
307.711	15.2816
310.818	7.37657
313.924	-0.529159
317.031	-2.43551
320.135	13.6574
323.238	1.7496
326.34	11.8411
329.443	11.932
332.543	6.02222
335.642	14.1117
338.74	8.20056
341.836	4.28873
344.932	4.37623
348.027	26.4631
351.12	8.54924
354.213	8.63476
357.302	14.7196
360.393	0.803784
363.482	12.8873
366.57	12.9703
369.656	3.05248
372.742	15.1341
375.827	3.21511
378.91	-0.704586
381.993	1.37514
385.073	1.45418
388.154	5.53264
391.232	3.61043
394.311	3.68765
397.387	1.76419
400.462	7.84012
403.536	-2.08457
406.611	5.99018
409.683	22.0643
412.754	12.1378
415.824	-3.78937
418.893	6.28291
421.961	4.35459
425.027	12.4257
428.093	6.49615
431.158	4.56605
434.222	8.63535
437.284	-5.29593
440.346	10.7722
443.407	12.8398
446.464	2.90669
449.523	8.97308
452.581	5.03891
455.635	1.10411
458.691	1.1688
461.743	15.2329
464.797	1.29642
467.847	-0.640629
470.899	7.4218
473.947	9.48364
476.994	7.54492
480.043	-6.39431
483.088	13.6659
486.133	21.7255
489.176	17.7846
492.22	5.84318
495.262	-2.09881
498.302	3.95866
501.341	8.0156
504.38	8.072
507.417	14.1279
510.453	6.18323
513.487	12.238
516.521	8.29233
519.554	16.3461
522.586	12.3994
525.616	-3.5479
528.646	0.504344
531.675	-1.44392
534.701	18.6073
537.729	8.65799
540.753	2.70817
543.778	-1.24212
546.8	6.80707
549.821	22.8558
552.844	14.904
555.863	0.951696
558.881	16.9989
561.898	5.04565
564.916	7.09193
567.932	1.1377
570.946	9.18298
573.959	3.2278
576.971	15.2721
579.982	1.316
582.993	7.3594
586	19.4023
589.008	11.4448
592.015	-4.51323
595.022	5.52831
598.025	23.5694
601.029	15.61
604.032	7.65017
607.033	-10.3101
610.034	13.7291
613.032	-2.23205
616.032	-2.19366
619.028	-0.155748
622.023	1.88173
625.018	9.91877
628.013	3.9554
631.005	23.9916
633.997	4.02732
636.987	14.0626
639.977	4.09752
642.965	-9.86801
645.952	4.16603
648.939	14.1997
651.924	2.23287
654.909	-3.73434
657.892	8.29804
660.873	12.33
663.854	0.361552
666.835	2.39271
669.813	14.4234
672.791	12.4538
675.767	14.4837
678.743	-1.48672
681.717	6.54242
684.692	8.57118
687.664	8.59954
690.634	18.6275
693.606	20.6551
696.575	18.6823
699.543	20.7091
702.51	14.7356
705.475	14.7616
708.44	10.7873
711.404	20.8126
714.367	4.83756
717.329	8.86214
720.29	22.8863
723.25	10.9102
726.207	4.93364
729.166	18.9568
732.123	22.9795
735.077	17.0019
738.032	3.02396
740.984	13.0456
743.938	17.067
746.888	13.088
749.839	9.10863
752.788	5.12893
755.735	29.1489
758.682	9.1685
761.627	11.1878
764.574	5.20674
767.517	15.2253
770.46	9.24363
773.402	19.2616
776.342	5.2792
779.282	11.2965
782.219	-0.686532
785.157	9.33012
788.094	25.3465
791.029	9.36248
793.962	25.3782
796.896	17.3936
799.828	19.4086
802.76	21.4234
805.689	17.4379
808.619	9.45204
811.546	3.4659
814.473	11.4794
817.4	3.49271
820.324	25.5057
823.248	15.5183
826.17	5.5307
829.092	-2.45722
832.012	29.5546
834.932	17.5661
837.851	19.5773
840.768	25.5882
843.685	23.5989
846.599	11.6093
849.514	21.6194
852.428	9.6292
855.339	9.63875
858.251	13.648
861.16	11.657
864.07	13.6658
866.978	13.6743
869.884	15.6825
872.792	25.6904
875.696	15.6981
878.599	15.7056
881.502	13.7128
884.404	15.7197
887.304	13.7264
890.204	11.7328
893.103	17.739
896.001	3.74492
898.898	17.7506
901.794	11.7561
904.689	7.76128
907.581	11.7662
910.474	-4.22902
913.364	7.77548
916.256	23.7798
919.144	9.78379
922.034	7.7876
924.92	21.7912
927.808	9.79454
930.693	21.7977
933.576	21.8006
936.459	3.80328
939.341	15.8058
942.222	9.80801
945.102	13.8101
947.981	11.8119
950.859	23.8135
953.737	17.8149
956.613	29.8161
959.488	19.8171
962.361	11.8179
965.235	1.81855
968.105	3.81895
970.977	11.8192
973.846	17.8192
976.716	-4.18102
979.583	7.8186
982.449	27.818
985.316	3.81728
988.18	5.81633
991.043	13.8152
993.906	19.8139
996.767	9.8124
999.628	5.81073
1002.49	21.8089
1005.35	5.80686
1008.2	15.8047
1011.06	11.8023
1013.91	11.7997
1016.77	11.797
1019.62	9.79416
1022.48	5.79112
1025.33	17.7879
1028.18	7.78454
1031.03	27.781
1033.87	9.77733
1036.72	9.77349
1039.57	3.76949
1042.41	11.7653
1045.26	15.761
1048.1	-0.243416
1050.94	11.752
1053.78	27.7472
1056.62	3.74235
1059.46	5.73731
1062.3	13.7321
1065.14	17.7268
1067.97	7.72137
1070.81	15.7158
1073.64	11.7101
1076.47	21.7042
1079.31	-4.30178
1082.14	11.6921
1084.97	23.6859
1087.8	7.67949
1090.63	5.67299
1093.45	11.6664
1096.28	17.6596
1099.1	23.6528
1101.93	11.6458
1104.75	19.6387
1107.57	13.6315
1110.39	11.6242
1113.21	-8.38323
1116.03	11.6092
1118.85	3.60158
1121.66	11.5938
1124.48	13.586
1127.3	11.578
1130.11	15.57
1132.92	5.56179
1135.73	19.5535
1138.54	11.5452
1141.35	-0.463266
1144.16	5.52819
1146.97	5.51955
1149.78	13.5108
1152.58	15.502
1155.39	-2.50688
1158.19	7.48413
1161	11.4751
1163.8	-0.534087
1166.6	11.4567
1169.4	5.44737
1172.2	5.43798
1174.99	19.4285
1177.79	9.41898
1180.59	5.40937
1183.38	-0.600312
1186.17	-2.61007
1188.97	5.38011
1191.76	13.3702
1194.55	13.3603
1197.34	7.35026
1200.13	5.34018
1202.92	13.33
1205.7	1.31986
1208.49	15.3096
1211.27	9.29929
1214.06	3.28893
1216.84	7.27852
1219.62	9.26805
1222.4	5.25753
1225.18	-8.75303
1227.96	7.23636
1230.74	17.2257
1233.51	1.215
1236.29	3.20426
1239.06	-4.80652
1241.84	-4.81734
1244.61	13.1718
1247.38	31.1609
1250.15	7.14998
1252.92	1.13901
1255.69	11.128
1258.46	9.117
1261.23	9.10594
1263.99	15.0949
1266.76	7.08375
1269.52	25.0726
1272.28	9.06147
1275.05	17.0503
1277.81	11.0391
1280.57	7.02788
1283.33	-0.98335
1286.08	7.0054
1288.84	16.9941
1291.6	16.9829
1294.35	2.97158
1297.11	16.9603
1299.86	8.94898
1302.61	8.93767
1305.36	4.92636
1308.11	-1.08497
1310.86	4.90371
1313.61	4.89239
1316.36	10.8811
1319.1	6.86973
1321.85	6.85841
1324.59	-1.1529
1327.33	8.83579
1330.08	10.8245
1332.82	8.81318
1335.56	10.8019
1338.3	2.79062
1341.04	8.77936
1343.77	-3.23189
1346.51	12.7569
1349.25	4.74566
1351.98	0.734466
1354.71	6.72328
1357.45	8.71212
1360.18	0.70099
1362.91	0.68987
1365.64	4.67878
1368.37	10.6677
1371.09	14.6567
1373.82	4.64568
1376.54	-5.36529
1379.27	-1.37624
1381.99	10.6129
1384.72	4.60197
1387.44	-1.40886
1390.16	-1.41967
1392.88	-5.43044
1395.6	20.5588
1398.31	6.54815
1401.03	6.53751
1403.75	2.52691
1406.46	8.51635
1409.18	12.5058
1411.89	14.4954
1414.6	8.48496
1417.31	12.4746
1420.02	6.46429
1422.73	2.45403
1425.44	8.44382
1428.15	14.4337
1430.85	2.42358
1433.56	8.41355
1436.26	16.4036
1438.97	10.3937
1441.67	-7.6162
1444.37	2.37401
1447.07	0.364278
1449.77	2.35461
1452.47	4.34502
1455.16	8.33549
1457.86	12.326
1460.56	0.31664
1463.25	4.30732
1465.94	12.2981
1468.64	-1.71109
1471.33	8.27982
1474.02	-3.7292
1476.71	4.26186
1479.4	2.25299
1482.09	8.24421
1484.77	10.2355
1487.46	8.2269
1490.14	18.2184
1492.83	6.20992
1495.51	16.2016
1498.19	6.19329
1500.87	4.18511
1503.55	4.17701
1506.23	12.169
1508.91	10.1611
1511.59	16.1533
1514.27	12.1456
1516.94	26.1379
1519.62	0.130409
1522.29	-3.87702
1524.96	8.11565
1527.63	8.10842
1530.3	0.101298
1532.97	14.0943
1535.64	20.0874
1538.31	16.0805
1540.98	6.07384
1543.64	16.0672
1546.31	4.06075
1548.97	28.0544
1551.63	8.04811
1554.3	8.04195
1556.96	6.03591
1559.62	4.02998
1562.28	4.02417
1564.94	18.0185
1567.59	8.01291
1570.25	-1.99255
1572.9	4.00212
1575.56	-0.00309649
1578.21	-0.00818334
1580.86	-4.01315
1583.52	5.98201
1586.17	-2.0227
1588.82	-2.02729
1591.47	15.9683
1594.11	3.96392
1596.76	3.95973
1599.41	13.9557
1602.05	13.9517
1604.69	3.94793
1607.34	9.94427
1609.98	-0.0592567
1612.62	13.9374
1615.26	15.9341
1617.9	11.931
1620.54	17.928
1623.18	5.9252
1625.81	5.92251
1628.45	23.92
1631.08	9.91757
1633.72	3.91532
1636.35	11.9132
1638.98	13.9113
1641.61	11.9095
1644.24	21.9078
1646.87	-2.09369
1649.5	5.90496
1652.13	-2.09624
1654.75	11.9027
1657.38	9.90184
1660	1.90111
1662.63	13.9005
1665.25	21.9001
1667.87	-0.100127
1670.49	13.8998
1673.11	13.8999
1675.73	-0.0999109
1678.35	13.9005
1680.96	7.90105
1683.58	21.9018
1686.19	5.90268
1688.81	21.9037
1691.42	3.90498
1694.03	1.90639
1696.64	11.908
1699.25	13.9097
1701.87	-0.0883575
1704.47	11.9137
1707.08	17.916
1709.69	21.9185
1712.29	1.92109
1714.9	1.9239
1717.5	5.92688
1720.1	7.93005
1722.71	9.9334
1725.31	13.9369
1727.91	9.94064
1730.51	9.94454
1733.1	21.9486
1735.7	5.9529
1738.3	7.95736
1740.89	1.962
1743.49	17.9668
1746.08	17.9719
1748.67	1.97708
1751.26	-4.01751
1753.86	5.98809
1756.45	3.99389
1759.03	3.99988
1761.62	2.00608
1764.21	-3.98754
1766.8	8.01904
1769.38	14.0258
1771.97	12.0328
1774.55	4.04
1777.13	-3.95261
1779.71	14.055
1782.29	6.06277
1784.87	14.0708
1787.45	16.079
1790.03	8.08738
1792.61	8.096
1795.18	8.10483
1797.76	12.1139
1800.33	0.123112
1802.9	4.13257
1805.48	0.142238
1808.05	6.15212
1810.62	14.1622
1813.19	4.17253
1815.76	6.18306
1818.33	0.193812
1820.89	16.2048
1823.46	14.216
1826.02	8.22736
1828.59	8.23898
1831.15	12.2508
1833.71	14.2629
1836.27	-1.72482
1838.84	-5.71231
1841.39	6.30043
1843.95	8.3134
1846.51	6.32659
1849.07	0.340001
1851.62	0.353651
1854.18	0.367531
1856.73	14.3816
1859.29	8.39598
1861.84	4.41054
1864.39	4.42534
1866.94	-7.55961
1869.49	8.45566
1872.04	2.47116
1874.59	10.4869
1877.13	16.5029
1879.68	4.5191
1882.22	6.53556
1884.77	22.5523
1887.31	10.5692
1889.85	0.586378
1892.39	2.6038
1894.93	-3.37854
1897.47	-5.36062
1900.01	10.6575
1902.55	24.6759
1905.09	12.6946
1907.62	4.71347
1910.16	2.7326
1912.69	0.751994
1915.22	12.7716
1917.76	20.7915
1920.29	6.81167
1922.82	10.8321
1925.35	22.8527
1927.88	8.87362
1930.4	8.89478
1932.93	8.91619
1935.46	12.9379
1937.98	10.9598
1940.51	-5.01802
1943.03	17.0044
1945.55	3.02712
1948.07	3.05009
1950.59	11.0733
1953.11	15.0968
1955.63	17.1206
1958.15	15.1446
1960.67	13.1688
1963.18	7.19338
1965.7	17.2182
1968.21	7.24327
1970.73	5.26862
1973.24	1.29424
1975.75	17.3201
1978.26	17.3463
1980.77	11.3727
1983.28	-2.60061
1985.79	7.42635
1988.29	7.45358
1990.8	-0.518886
1993.31	5.5089
1995.81	5.53697
1998.31	15.5653
