100.093	41.5105
103.274	27.5389
106.457	29.5673
109.636	15.5956
112.817	33.6238
115.994	23.6518
119.172	13.6799
122.347	23.7078
125.521	19.7356
128.696	11.7634
131.868	31.791
135.039	11.8186
138.209	-0.153938
141.379	17.8735
144.547	-0.099218
147.713	11.928
150.879	-6.04486
154.043	13.9822
157.206	22.0091
160.368	-1.96398
163.529	24.0628
166.689	8.08951
169.848	10.1161
173.006	0.142659
176.163	22.1691
179.316	16.1954
182.471	18.2217
185.625	12.2479
188.777	8.27399
191.927	0.299987
195.077	4.32591
198.224	10.3517
201.372	20.3775
204.52	18.4032
207.664	12.4287
210.809	22.4542
213.95	4.4796
217.091	20.5049
220.233	12.5301
223.372	20.5553
226.509	12.5803
229.648	6.60529
232.784	8.63017
235.918	0.654956
239.051	-1.32034
242.186	16.7043
245.317	14.7288
248.447	-1.24674
251.577	8.77762
254.705	24.8019
257.832	4.82608
260.958	14.8502
264.083	2.8742
267.204	4.89811
270.327	12.922
273.449	0.945707
276.57	8.96938
279.69	6.99296
282.806	1.01645
285.924	19.0399
289.04	1.06319
292.154	3.08642
295.268	7.10957
298.379	23.1326
301.492	7.15561
304.601	1.1785
307.711	29.2013
310.818	9.22402
313.924	27.2467
317.031	35.2692
320.135	17.2917
323.238	15.314
326.34	5.33632
329.443	-8.64147
332.543	19.3806
335.642	7.40268
338.74	17.4246
341.836	3.44648
344.932	15.4683
348.027	7.48994
351.12	7.51154
354.213	9.53306
357.302	-2.44553
360.393	1.57582
363.482	5.59708
366.57	17.6183
369.656	9.63933
372.742	11.6603
375.827	3.68126
378.91	19.7021
381.993	11.7228
385.073	3.74348
388.154	-6.23594
391.232	3.78454
394.311	19.8049
397.387	9.82526
400.462	7.84549
403.536	17.8656
406.611	13.8857
409.683	5.90567
412.754	9.92555
415.824	11.9454
418.893	3.96507
421.961	5.9847
425.027	0.00424681
428.093	2.02371
431.158	0.0430852
434.222	24.0624
437.284	14.0816
440.346	18.1007
443.407	10.1197
446.464	12.1387
449.523	12.1576
452.581	4.17634
455.635	2.19502
458.691	4.21364
461.743	-7.76784
464.797	-11.7494
467.847	10.269
470.899	18.2872
473.947	10.3054
476.994	8.3235
480.043	4.34153
483.088	-1.64055
486.133	2.37729
489.176	14.3951
492.22	16.4127
495.262	4.43033
498.302	4.44783
501.341	10.4653
504.38	6.48259
507.417	8.49984
510.453	6.51701
513.487	26.5341
516.521	16.5511
519.554	-7.43201
522.586	4.58483
525.616	14.6016
528.646	-7.38178
531.675	14.6348
534.701	4.65129
537.729	16.6677
540.753	4.68401
543.778	12.7003
546.8	10.7164
549.821	10.7325
552.844	6.74846
555.863	12.7644
558.881	14.7802
561.898	6.7959
564.916	-11.1884
567.932	12.8271
570.946	6.84259
573.959	14.858
576.971	4.8733
579.982	2.88853
582.993	0.903668
586	16.9187
589.008	2.93369
592.015	22.9486
595.022	12.9634
598.025	4.97811
601.029	4.99275
604.032	19.0073
607.033	15.0218
610.034	5.03617
613.032	-6.94953
616.032	5.06469
619.028	-4.92118
622.023	-2.90713
625.018	1.10684
628.013	9.12073
631.005	-4.86547
633.997	3.14824
636.987	3.16187
639.977	3.17542
642.965	7.18889
645.952	13.2023
648.939	3.21557
651.924	9.22879
654.909	7.24192
657.892	-0.745026
660.873	1.26793
663.854	-0.719182
666.835	-2.70638
669.813	7.30633
672.791	11.319
675.767	11.3315
678.743	7.34398
681.717	13.3564
684.692	11.3687
687.664	13.3809
690.634	1.39301
693.606	13.4051
696.575	13.417
699.543	15.4289
702.51	19.4407
705.475	-4.54757
708.44	-4.53593
711.404	13.4756
714.367	-0.512907
717.329	3.49848
720.29	3.50979
723.25	17.521
726.207	1.53214
729.166	17.5432
732.123	13.5542
735.077	17.5651
738.032	17.5759
740.984	17.5866
743.938	9.59724
746.888	9.6078
749.839	7.61828
752.788	19.6287
755.735	11.639
758.682	3.64921
761.627	19.6594
764.574	1.66943
767.517	29.6794
770.46	-4.31069
773.402	13.6991
776.342	-0.291131
779.282	13.7185
782.219	17.7281
785.157	27.7376
788.094	13.747
791.029	-2.24368
793.962	5.76556
796.896	13.7747
799.828	-2.2162
802.76	-0.207204
805.689	1.80171
808.619	1.81054
811.546	27.8193
814.473	11.828
817.4	9.83655
820.324	19.8451
823.248	7.85348
826.17	7.86182
829.092	3.87008
832.012	13.8783
834.932	19.8864
837.851	7.89438
840.768	5.90231
843.685	21.9102
846.599	11.9179
849.514	19.9256
852.428	11.9332
855.339	-2.05925
858.251	-2.0518
861.16	5.95556
864.07	13.9628
866.978	23.97
869.884	21.9772
872.792	13.9842
875.696	7.99116
878.599	1.99804
881.502	-1.99517
884.404	12.0115
887.304	8.01818
890.204	10.0247
893.103	14.0312
896.001	4.03759
898.898	8.0439
901.794	8.05013
904.689	18.0563
907.581	18.0623
910.474	2.06832
913.364	20.0742
916.256	-5.91995
919.144	8.08579
922.034	8.09145
924.92	-5.90297
927.808	14.1025
930.693	22.108
933.576	8.11329
936.459	8.11855
939.341	12.1237
942.222	2.12882
945.102	8.13384
947.981	20.1388
950.859	8.14363
953.737	14.1484
956.613	12.1531
959.488	10.1577
962.361	2.16226
965.235	8.16671
968.105	0.171083
970.977	6.17538
973.846	-1.82041
976.716	16.1837
979.583	4.18778
982.449	14.1918
985.316	14.1956
988.18	4.19946
991.043	20.2032
993.906	-7.79315
996.767	16.2104
999.628	10.2139
1002.49	4.21733
1005.35	16.2207
1008.2	24.2239
1011.06	14.2271
1013.91	8.23019
1016.77	34.2332
1019.62	20.2361
1022.48	10.239
1025.33	14.2418
1028.18	26.2445
1031.03	18.2471
1033.87	16.2496
1036.72	8.25208
1039.57	14.2545
1042.41	8.25676
1045.26	18.259
1048.1	36.2611
1050.94	2.26318
1053.78	8.26517
1056.62	24.2671
1059.46	10.2689
1062.3	14.2706
1065.14	10.2723
1067.97	6.27389
1070.81	10.2754
1073.64	10.2768
1076.47	20.2782
1079.31	10.2795
1082.14	18.2806
1084.97	-1.71824
1087.8	10.2828
1090.63	-1.71625
1093.45	10.2846
1096.28	4.28542
1099.1	0.286143
1101.93	10.2868
1104.75	10.2873
1107.57	6.28783
1110.39	2.28823
1113.21	2.28856
1116.03	0.288809
1118.85	14.289
1121.66	2.28907
1124.48	10.2891
1127.3	0.289017
1130.11	-1.71113
1132.92	-3.71135
1135.73	18.2884
1138.54	6.28797
1141.35	-3.71248
1144.16	-3.71302
1146.97	18.2864
1149.78	18.2857
1152.58	4.28491
1155.39	12.2841
1158.19	8.28314
1161	14.2821
1163.8	10.2811
1166.6	0.279893
1169.4	-7.72134
1172.2	18.2773
1174.99	4.27595
1177.79	20.2745
1180.59	12.2729
1183.38	6.27131
1186.17	14.2696
1188.97	6.26782
1191.76	-1.73403
1194.55	4.26403
1197.34	4.26202
1200.13	10.2599
1202.92	14.2578
1205.7	4.25551
1208.49	6.25319
1211.27	16.2508
1214.06	14.2483
1216.84	14.2458
1219.62	12.2431
1222.4	6.24042
1225.18	12.2376
1227.96	4.23477
1230.74	4.23183
1233.51	4.22881
1236.29	16.2257
1239.06	18.2225
1241.84	0.219299
1244.61	14.216
1247.38	10.2126
1250.15	10.2091
1252.92	8.20554
1255.69	-1.79809
1258.46	14.1982
1261.23	10.1944
1263.99	16.1906
1266.76	20.1866
1269.52	16.1826
1272.28	14.1785
1275.05	6.17434
1277.81	-9.82991
1280.57	30.1658
1283.33	8.16138
1286.08	6.1569
1288.84	-3.84765
1291.6	8.14773
1294.35	10.143
1297.11	4.13825
1299.86	4.13339
1302.61	14.1285
1305.36	2.12345
1308.11	-3.88163
1310.86	8.11321
1313.61	4.10798
1316.36	6.10266
1319.1	14.0973
1321.85	20.0918
1324.59	16.0863
1327.33	10.0807
1330.08	12.075
1332.82	6.06921
1335.56	6.06336
1338.3	-1.94255
1341.04	18.0515
1343.77	14.0454
1346.51	24.0392
1349.25	4.03302
1351.98	2.02673
1354.71	12.0204
1357.45	4.01392
1360.18	10.0074
1362.91	12.0008
1365.64	-10.0059
1368.37	15.9874
1371.09	-0.0194441
1373.82	11.9737
1376.54	11.9667
1379.27	23.9596
1381.99	9.95252
1384.72	1.94532
1387.44	-12.0619
1390.16	3.9307
1392.88	25.9233
1395.6	17.9158
1398.31	17.9082
1401.03	9.90057
1403.75	17.8928
1406.46	3.88504
1409.18	-4.12283
1411.89	5.86923
1414.6	15.8612
1417.31	7.85312
1420.02	1.84495
1422.73	7.8367
1425.44	5.82838
1428.15	7.81999
1430.85	9.81152
1433.56	3.80299
1436.26	11.7944
1438.97	13.7857
1441.67	15.7769
1444.37	-2.23192
1447.07	3.75917
1449.77	-2.24982
1452.47	1.74112
1455.16	15.732
1457.86	11.7228
1460.56	13.7135
1463.25	9.70413
1465.94	11.6947
1468.64	11.6852
1471.33	7.67563
1474.02	5.66597
1476.71	9.65625
1479.4	5.64644
1482.09	5.63657
1484.77	15.6266
1487.46	11.6166
1490.14	3.60651
1492.83	11.5963
1495.51	-8.41389
1498.19	9.57579
1500.87	11.5654
1503.55	5.55495
1506.23	15.5444
1508.91	-0.466194
1511.59	1.52312
1514.27	-0.487629
1516.94	1.50155
1519.62	13.4906
1522.29	9.47967
1524.96	1.46862
1527.63	11.4575
1530.3	5.44631
1532.97	7.43505
1535.64	3.42371
1538.31	11.4123
1540.98	5.40082
1543.64	7.38926
1546.31	19.3776
1548.97	5.36593
1551.63	5.35416
1554.3	5.3423
1556.96	15.3304
1559.62	11.3184
1562.28	-4.69367
1564.94	-2.7058
1567.59	11.282
1570.25	-0.730296
1572.9	7.25735
1575.56	9.24492
1578.21	27.2324
1580.86	15.2199
1583.52	3.2072
1586.17	-0.805506
1588.82	11.1817
1591.47	9.16884
1594.11	-2.84408
1596.76	11.1429
1599.41	11.1298
1602.05	3.11669
1604.69	21.1035
1607.34	21.0902
1609.98	3.07681
1612.62	21.0634
1615.26	3.04987
1617.9	19.0363
1620.54	17.0226
1623.18	7.00892
1625.81	14.9951
1628.45	12.9813
1631.08	8.96733
1633.72	6.95332
1636.35	6.93925
1638.98	4.9251
1641.61	26.9109
1644.24	0.896581
1646.87	8.88221
1649.5	30.8678
1652.13	12.8533
1654.75	-1.16131
1657.38	14.8241
1660	20.8093
1662.63	12.7945
1665.25	18.7797
1667.87	10.7647
1670.49	2.74974
1673.11	-1.26534
1675.73	2.71952
1678.35	-9.2957
1680.96	20.689
1683.58	18.6737
1686.19	12.6582
1688.81	2.64273
1691.42	8.62716
1694.03	10.6115
1696.64	10.5958
1699.25	14.58
1701.87	-5.43583
1704.47	10.5483
1707.08	12.5323
1709.69	16.5162
1712.29	-7.49993
1714.9	14.4839
1717.5	18.4676
1720.1	-3.54875
1722.71	12.4348
1725.31	8.41836
1727.91	12.4018
1730.51	2.38518
1733.1	4.36849
1735.7	14.3517
1738.3	8.33489
1740.89	18.318
1743.49	14.301
1746.08	2.28397
1748.67	14.2669
1751.26	22.2497
1753.86	16.2324
1756.45	10.2151
1759.03	16.1977
1761.62	10.1803
1764.21	14.1627
1766.8	26.1451
1769.38	6.12747
1771.97	0.109719
1774.55	-7.90809
1777.13	16.074
1779.71	-3.94391
1782.29	12.0381
1784.87	6.02
1787.45	30.0018
1790.03	19.9836
1792.61	-0.034668
1795.18	7.94698
1797.76	15.9285
1800.33	-2.08995
1802.9	11.8915
1805.48	5.87285
1808.05	17.8541
1810.62	-0.164626
1813.19	17.8165
1815.76	13.7976
1818.33	7.77864
1820.89	5.75958
1823.46	3.74048
1826.02	17.7213
1828.59	11.702
1831.15	1.68272
1833.71	19.6633
1836.27	-8.35613
1838.84	1.62434
1841.39	3.60475
1843.95	3.58508
1846.51	3.56535
1849.07	3.54556
1851.62	3.52569
1854.18	5.50575
1856.73	19.4858
1859.29	11.4657
1861.84	27.4455
1864.39	-4.57466
1866.94	21.4051
1869.49	5.38471
1872.04	7.36431
1874.59	1.34383
1877.13	19.3233
1879.68	7.30268
1882.22	11.282
1884.77	17.2612
1887.31	-6.75957
1889.85	-0.78046
1892.39	5.19859
1894.93	13.1776
1897.47	15.1565
1900.01	3.13533
1902.55	-10.8859
1905.09	9.09283
1907.62	1.07147
1910.16	9.05006
1912.69	3.02857
1915.22	5.00701
1917.76	4.98539
1920.29	10.9637
1922.82	10.9419
1925.35	16.9201
1927.88	8.89822
1930.4	22.8763
1932.93	8.85425
1935.46	10.8322
1937.98	6.81
1940.51	6.78777
1943.03	24.7655
1945.55	6.74313
1948.07	10.7207
1950.59	10.6982
1953.11	4.67565
1955.63	12.653
1958.15	16.6303
1960.67	-1.39241
1963.18	-5.41523
1965.7	6.56188
1968.21	12.5389
1970.73	10.5159
1973.24	4.49281
1975.75	18.4697
1978.26	18.4464
1980.77	-3.57684
1983.28	26.3998
1985.79	4.37639
1988.29	12.3529
1990.8	6.32935
1993.31	2.30573
1995.81	0.282052
1998.31	4.25832
