100.093	8.55561
103.274	24.589
106.457	0.622428
109.636	6.6558
112.817	2.68918
115.994	20.7225
119.172	16.7559
122.347	10.7892
125.521	16.8225
128.696	6.85574
131.868	24.889
135.039	20.9222
138.209	14.9554
141.379	12.9886
144.547	9.0218
147.713	19.0549
150.879	17.0881
154.043	3.12117
157.206	15.1542
160.368	11.1873
163.529	17.2203
166.689	11.2533
169.848	21.2863
173.006	-6.6807
176.163	9.35223
179.316	13.3851
182.471	3.41801
185.625	7.45087
188.777	21.4837
191.927	1.51648
195.077	15.5493
198.224	5.58199
201.372	19.6147
204.52	1.64741
207.664	11.6801
210.809	3.71269
213.95	15.7453
217.091	7.77783
220.233	-0.189619
223.372	11.8429
226.509	27.8753
229.648	3.90779
232.784	19.9402
235.918	-0.0274408
239.051	2.00489
242.186	16.0372
245.317	8.06949
248.447	10.1017
251.577	18.1339
254.705	12.1661
257.832	10.1982
260.958	2.23031
264.083	-5.73763
267.204	8.29437
270.327	8.32636
273.449	16.3583
276.57	-1.60977
279.69	20.4221
282.806	4.45392
285.924	14.4857
289.04	6.51748
292.154	6.54918
295.268	2.58086
298.379	0.612479
301.492	2.64408
304.601	6.67562
307.711	2.70714
310.818	10.7386
313.924	14.77
317.031	0.801411
320.135	8.83274
323.238	12.864
326.34	6.89528
329.443	12.9265
332.543	20.9577
335.642	8.98878
338.74	7.01985
341.836	11.0509
344.932	21.0819
348.027	9.11279
351.12	5.14367
354.213	9.17452
357.302	3.20529
360.393	7.23604
363.482	-14.7333
366.57	27.2974
369.656	9.32798
372.742	9.35854
375.827	23.389
378.91	3.41948
381.993	-0.550107
385.073	1.48023
388.154	13.5105
391.232	11.5408
394.311	1.57099
397.387	7.60113
400.462	11.6312
403.536	13.6612
406.611	15.6912
409.683	11.7212
412.754	7.75105
415.824	7.78087
418.893	5.81064
421.961	5.84036
425.027	7.87002
428.093	5.89963
431.158	13.9292
434.222	-8.04132
437.284	7.98812
440.346	16.0175
443.407	14.0468
446.464	20.0761
449.523	8.1053
452.581	12.1345
455.635	4.16354
458.691	2.19258
461.743	14.2215
464.797	-1.74953
467.847	-7.72068
470.899	-5.69187
473.947	6.33686
476.994	2.36553
480.043	8.39416
483.088	6.42271
486.133	22.4512
489.176	14.4796
492.22	-3.49199
495.262	24.5363
498.302	6.56456
501.341	16.5927
504.38	18.6209
507.417	6.64891
510.453	2.6769
513.487	16.7048
516.521	4.73267
519.554	4.76047
522.586	-1.21179
525.616	4.81586
528.646	10.8435
531.675	2.871
534.701	10.8985
537.729	6.92587
540.753	12.9532
543.778	2.98046
546.8	-8.99235
549.821	5.03478
552.844	9.06185
555.863	7.08884
558.881	9.11575
561.898	-2.8574
564.916	3.1694
567.932	7.19611
570.946	-2.77724
573.959	15.2493
576.971	5.27583
579.982	9.30227
582.993	5.32863
586	13.3549
589.008	7.38112
592.015	9.40727
595.022	-4.56665
598.025	11.4593
601.029	-0.514734
604.032	23.5111
607.033	13.5369
610.034	7.56261
613.032	-2.41177
616.032	7.6138
619.028	5.63927
622.023	-2.33533
625.018	5.69
628.013	11.7153
631.005	1.74044
633.997	7.76554
636.987	9.79057
639.977	1.81551
642.965	5.84039
645.952	1.86518
648.939	9.8899
651.924	-2.08546
654.909	-4.06089
657.892	-2.03641
660.873	11.988
663.854	20.0123
666.835	6.03656
669.813	-1.93928
672.791	4.08481
675.767	16.1088
678.743	24.1327
681.717	18.1566
684.692	12.1804
687.664	8.20403
690.634	8.22763
693.606	14.2512
696.575	14.2746
699.543	2.29794
702.51	22.3212
705.475	12.3444
708.44	12.3675
711.404	6.39053
714.367	8.41347
717.329	4.43633
720.29	10.4591
723.25	24.4818
726.207	4.50438
729.166	0.526905
732.123	2.54934
735.077	14.5717
738.032	12.5939
740.984	6.61611
743.938	4.63821
746.888	10.6602
749.839	20.6821
752.788	10.704
755.735	14.7257
758.682	14.7473
761.627	4.7689
764.574	-9.20961
767.517	18.8118
770.46	10.8331
773.402	0.854291
776.342	8.87541
779.282	4.89645
782.219	6.91738
785.157	4.93824
788.094	10.959
791.029	8.97968
793.962	9.00026
796.896	15.0208
799.828	17.0411
802.76	-6.93853
805.689	5.08168
808.619	7.10181
811.546	7.12184
814.473	9.14178
817.4	5.16164
820.324	23.1814
823.248	35.2011
826.17	15.2206
829.092	17.2401
832.012	11.2595
834.932	1.27878
837.851	11.298
840.768	13.3171
843.685	21.3361
846.599	9.35499
849.514	17.3738
852.428	13.3925
855.339	15.4112
858.251	5.42969
861.16	13.4481
864.07	19.4665
866.978	19.4847
869.884	11.5028
872.792	25.5209
875.696	7.53884
878.599	17.5567
881.502	13.5744
884.404	3.5921
887.304	5.60966
890.204	15.6271
893.103	15.6445
896.001	11.6617
898.898	1.67891
901.794	5.69598
904.689	15.7129
907.581	7.72981
910.474	19.7466
913.364	11.7632
916.256	7.77981
919.144	15.7963
922.034	17.8126
924.92	25.8289
927.808	7.84507
930.693	13.8611
933.576	11.8771
936.459	11.8929
939.341	7.90869
942.222	19.9243
945.102	-0.0601068
947.981	9.95534
950.859	3.97069
953.737	11.9859
956.613	2.00107
959.488	6.01611
962.361	10.031
965.235	4.04586
968.105	12.0606
970.977	0.0752024
973.846	10.0897
976.716	0.104126
979.583	2.11843
982.449	10.1326
985.316	18.1467
988.18	8.16071
991.043	0.174588
993.906	6.18836
996.767	18.202
999.628	10.2156
1002.49	10.2291
1005.35	6.2424
1008.2	2.25565
1011.06	0.268774
1013.91	4.2818
1016.77	22.2947
1019.62	10.3075
1022.48	2.32024
1025.33	6.33283
1028.18	10.3453
1031.03	12.3577
1033.87	2.36997
1036.72	10.3821
1039.57	0.394184
1042.41	14.4061
1045.26	12.418
1048.1	12.4297
1050.94	16.4413
1053.78	12.4528
1056.62	16.4642
1059.46	20.4755
1062.3	8.48664
1065.14	6.4977
1067.97	16.5086
1070.81	0.519479
1073.64	22.5302
1076.47	10.5408
1079.31	20.5513
1082.14	12.5617
1084.97	8.57199
1087.8	12.5822
1090.63	2.59221
1093.45	12.6021
1096.28	2.61197
1099.1	4.62168
1101.93	4.63128
1104.75	-3.35923
1107.57	2.65014
1110.39	6.6594
1113.21	14.6685
1116.03	18.6776
1118.85	6.68649
1121.66	14.6953
1124.48	12.704
1127.3	2.71255
1130.11	22.721
1132.92	6.72935
1135.73	2.73757
1138.54	20.7457
1141.35	-3.24633
1144.16	10.7616
1146.97	2.76931
1149.78	-1.22304
1152.58	2.78448
1155.39	14.7919
1158.19	12.7992
1161	6.80637
1163.8	-1.18658
1166.6	2.82037
1169.4	10.8272
1172.2	2.8339
1174.99	6.84049
1177.79	18.847
1180.59	6.85331
1183.38	2.85954
1186.17	6.86566
1188.97	4.87166
1191.76	18.8775
1194.55	-1.11671
1197.34	8.88893
1200.13	10.8945
1202.92	20.8999
1205.7	4.90513
1208.49	-3.08971
1211.27	14.9153
1214.06	-1.07975
1216.84	0.925053
1219.62	16.9297
1222.4	12.9343
1225.18	8.93873
1227.96	16.943
1230.74	8.94724
1233.51	-3.04869
1236.29	0.955265
1239.06	4.9591
1241.84	6.9628
1244.61	10.9664
1247.38	12.9699
1250.15	2.9732
1252.92	12.9764
1255.69	8.97951
1258.46	2.98249
1261.23	4.98534
1263.99	2.98807
1266.76	2.99067
1269.52	14.9932
1272.28	8.99551
1275.05	4.99775
1277.81	4.99986
1280.57	15.0018
1283.33	19.0037
1286.08	1.00544
1288.84	-6.99294
1291.6	5.00854
1294.35	-4.99009
1297.11	7.01115
1299.86	13.0123
1302.61	11.0133
1305.36	7.01411
1308.11	1.01485
1310.86	5.01547
1313.61	9.01595
1316.36	5.01631
1319.1	1.01655
1321.85	11.0167
1324.59	15.0166
1327.33	9.0165
1330.08	-6.98377
1332.82	7.01583
1335.56	1.0153
1338.3	11.0147
1341.04	-2.98613
1343.77	11.013
1346.51	7.01194
1349.25	3.01077
1351.98	5.00949
1354.71	7.00807
1357.45	-2.99347
1360.18	11.0049
1362.91	11.0031
1365.64	11.0011
1368.37	14.9991
1371.09	-1.00312
1373.82	18.9946
1376.54	10.9921
1379.27	10.9895
1381.99	2.98685
1384.72	2.98401
1387.44	6.98105
1390.16	20.978
1392.88	0.974742
1395.6	-1.02861
1398.31	8.96791
1401.03	2.9643
1403.75	22.9606
1406.46	4.95669
1409.18	8.95269
1411.89	4.94855
1414.6	0.944292
1417.31	12.9399
1420.02	8.93538
1422.73	-1.06928
1425.44	18.9259
1428.15	8.92102
1430.85	8.91596
1433.56	-1.08922
1436.26	20.9055
1438.97	2.90003
1441.67	0.894449
1444.37	0.888741
1447.07	16.8829
1449.77	8.87693
1452.47	18.8708
1455.16	2.86458
1457.86	8.85821
1460.56	-1.1483
1463.25	2.84507
1465.94	14.8383
1468.64	12.8314
1471.33	16.8244
1474.02	16.8172
1476.71	2.80989
1479.4	0.802444
1482.09	10.7949
1484.77	-3.21283
1487.46	20.7793
1490.14	16.7714
1492.83	4.76325
1495.51	2.75501
1498.19	8.74663
1500.87	6.73813
1503.55	20.7295
1506.23	-1.2793
1508.91	-11.2882
1511.59	4.70273
1514.27	14.6936
1516.94	10.6842
1519.62	10.6748
1522.29	4.66518
1524.96	-3.34454
1527.63	12.6456
1530.3	-9.3644
1532.97	20.6255
1535.64	0.615193
1538.31	-3.39521
1540.98	-3.40575
1543.64	14.5836
1546.31	6.57276
1548.97	12.5618
1551.63	8.55072
1554.3	-1.46051
1556.96	14.5281
1559.62	2.51663
1562.28	-3.495
1564.94	12.4932
1567.59	20.4813
1570.25	6.46927
1572.9	2.45709
1575.56	-3.55524
1578.21	6.43231
1580.86	8.41971
1583.52	-1.59303
1586.17	14.3941
1588.82	0.381085
1591.47	32.3679
1594.11	24.3547
1596.76	12.3412
1599.41	6.32767
1602.05	4.31397
1604.69	12.3001
1607.34	10.2861
1609.98	14.272
1612.62	8.25776
1615.26	-1.75664
1617.9	12.2288
1620.54	2.21416
1623.18	16.1993
1625.81	4.18439
1628.45	8.1693
1631.08	6.15407
1633.72	14.1387
1636.35	8.12319
1638.98	-1.89246
1641.61	14.0917
1644.24	20.0758
1646.87	14.0597
1649.5	0.0435251
1652.13	6.02718
1654.75	2.01068
1657.38	13.9941
1660	13.9773
1662.63	7.96037
1665.25	9.94331
1667.87	-8.07389
1670.49	15.9088
1673.11	9.8913
1675.73	11.8737
1678.35	19.8559
1680.96	7.83802
1683.58	7.81999
1686.19	-4.1982
1688.81	9.78347
1691.42	21.765
1694.03	11.7464
1696.64	3.72765
1699.25	7.70877
1701.87	23.6897
1704.47	3.67055
1707.08	13.6512
1709.69	-2.36823
1712.29	3.61217
1714.9	3.59243
1717.5	3.57255
1720.1	3.55252
1722.71	-0.467659
1725.31	7.51203
1727.91	7.49157
1730.51	5.47098
1733.1	7.45024
1735.7	15.4293
1738.3	3.40832
1740.89	1.38715
1743.49	17.3658
1746.08	5.34438
1748.67	5.32277
1751.26	9.30104
1753.86	17.2792
1756.45	-6.74289
1759.03	13.2349
1761.62	15.2126
1764.21	3.19016
1766.8	-2.83244
1769.38	3.14482
1771.97	15.1219
1774.55	17.0989
1777.13	1.07569
1779.71	7.05237
1782.29	11.0289
1784.87	9.00529
1787.45	10.9815
1790.03	16.9576
1792.61	14.9336
1795.18	10.9094
1797.76	8.88505
1800.33	6.86057
1802.9	2.83595
1805.48	2.81118
1808.05	-1.21373
1810.62	6.7612
1813.19	-7.264
1815.76	8.71064
1818.33	-3.31486
1820.89	4.65949
1823.46	10.6337
1826.02	8.60778
1828.59	8.58171
1831.15	2.55549
1833.71	6.52911
1836.27	4.5026
1838.84	6.47594
1841.39	2.44913
1843.95	10.4222
1846.51	0.39508
1849.07	6.36785
1851.62	-1.65954
1854.18	22.3129
1856.73	8.28524
1859.29	6.2574
1861.84	8.22944
1864.39	10.2013
1866.94	8.17304
1869.49	4.14463
1872.04	6.11607
1874.59	-1.91263
1877.13	12.0585
1879.68	-3.97047
1882.22	4.00038
1884.77	11.9711
1887.31	15.9416
1889.85	1.91205
1892.39	17.8823
1894.93	11.8525
1897.47	23.8224
1900.01	-2.20776
1902.55	1.76192
1905.09	7.73145
1907.62	7.70083
1910.16	13.6701
1912.69	3.63917
1915.22	17.6081
1917.76	7.57691
1920.29	7.54555
1922.82	5.51406
1925.35	13.4824
1927.88	9.4506
1930.4	13.4187
1932.93	-0.613425
1935.46	-4.64566
1937.98	7.32195
1940.51	15.2894
1943.03	1.25672
1945.55	15.2239
1948.07	21.1909
1950.59	3.1578
1953.11	3.12451
1955.63	5.0911
1958.15	5.05753
1960.67	13.0238
1963.18	6.98995
1965.7	8.95593
1968.21	6.92176
1970.73	0.887447
1973.24	12.853
1975.75	10.8184
1978.26	8.78361
1980.77	0.748718
1983.28	-3.28635
1985.79	2.67845
1988.29	4.6431
1990.8	8.60758
1993.31	0.571926
1995.81	8.53612
1998.31	6.5002
