100.093	22.6715
103.274	12.5574
106.457	18.443
109.636	20.3285
112.817	6.21374
115.994	2.09893
119.172	11.9839
122.347	17.8687
125.521	21.7534
128.696	15.6379
131.868	-6.47768
135.039	3.40656
138.209	19.2907
141.379	35.1745
144.547	7.05832
147.713	14.942
150.879	8.82548
154.043	20.7088
157.206	-7.40794
160.368	10.4751
163.529	6.35809
166.689	-1.75911
169.848	6.12357
173.006	-1.99389
176.163	7.88851
179.316	7.77087
182.471	15.653
185.625	-8.46496
188.777	23.4169
191.927	13.2988
195.077	-6.81956
198.224	19.0621
201.372	-3.05653
204.52	8.82476
207.664	8.70602
210.809	22.5871
213.95	12.4681
217.091	28.349
220.233	2.22977
223.372	18.1105
226.509	13.9911
229.648	19.8715
232.784	19.7519
235.918	3.63216
239.051	3.51235
242.186	25.3924
245.317	5.27235
248.447	-8.84776
251.577	33.032
254.705	14.9118
257.832	16.7914
260.958	18.6709
264.083	8.55035
267.204	16.4298
270.327	12.3091
273.449	4.18824
276.57	18.0673
279.69	3.94637
282.806	23.8254
285.924	15.7043
289.04	9.58306
292.154	9.46185
295.268	5.3405
298.379	1.21916
301.492	29.0977
304.601	16.9762
307.711	38.8545
310.818	18.7329
313.924	26.6112
317.031	12.4894
320.135	26.3676
323.238	20.2458
326.34	28.1238
329.443	4.00177
332.543	25.8797
335.642	9.75765
338.74	3.63551
341.836	5.51332
344.932	25.3911
348.027	23.2688
351.12	-8.85354
354.213	-0.975924
357.302	24.9017
360.393	-5.22073
363.482	6.65676
366.57	20.5342
369.656	18.4117
372.742	2.28908
375.827	18.1664
378.91	32.0438
381.993	7.92109
385.073	15.7984
388.154	-4.32437
391.232	23.5529
394.311	5.43006
397.387	11.3073
400.462	41.1845
403.536	33.0616
406.611	12.9387
409.683	26.8158
412.754	18.6929
415.824	28.57
418.893	28.4471
421.961	20.3242
425.027	10.2012
428.093	4.07825
431.158	15.9553
434.222	9.8323
437.284	-8.29069
440.346	29.5863
443.407	37.4633
446.464	17.3404
449.523	-10.7826
452.581	-12.9056
455.635	20.9714
458.691	26.8484
461.743	6.7255
464.797	16.6025
467.847	18.4796
470.899	-5.6434
473.947	12.2337
476.994	10.1108
480.043	23.9879
483.088	1.86499
486.133	13.7421
489.176	7.6193
492.22	5.49639
495.262	9.37359
498.302	7.2508
501.341	37.128
504.38	37.0053
507.417	-5.11743
510.453	14.7599
513.487	14.6373
516.521	16.5146
519.554	22.392
522.586	-1.73057
525.616	22.1469
528.646	0.0244172
531.675	11.9019
534.701	11.7795
537.729	15.6571
540.753	11.5348
543.778	3.41245
546.8	-4.70978
549.821	5.16803
552.844	-8.9542
555.863	-3.07631
558.881	10.8016
561.898	0.679605
564.916	-3.44245
567.932	24.4356
570.946	42.3138
573.959	0.191925
576.971	2.07015
579.982	-0.0515716
582.993	13.8268
586	29.7052
589.008	1.58367
592.015	13.4622
595.022	23.3407
598.025	11.2194
601.029	23.0981
604.032	-7.02315
607.033	16.8557
610.034	14.7346
613.032	16.6136
616.032	22.4926
619.028	22.3718
622.023	10.251
625.018	32.1303
628.013	12.0096
631.005	3.88901
633.997	23.7685
636.987	13.6481
639.977	5.52777
642.965	11.4075
645.952	19.2873
648.939	25.1672
651.924	19.0472
654.909	14.9273
657.892	10.8074
660.873	-1.31228
663.854	22.568
666.835	4.44843
669.813	12.329
672.791	8.20958
675.767	16.0903
678.743	11.9711
681.717	45.852
684.692	3.73297
687.664	23.6141
690.634	15.4953
693.606	21.3765
696.575	13.258
699.543	7.13946
702.51	17.0211
705.475	0.902786
708.44	14.7846
711.404	6.66652
714.367	12.5485
717.329	0.430672
720.29	12.3129
723.25	48.1953
726.207	26.0778
729.166	25.9604
732.123	5.84303
735.077	27.7259
738.032	17.6088
740.984	9.49189
743.938	-0.624979
746.888	21.2583
749.839	21.1417
752.788	9.02528
755.735	28.909
758.682	18.7928
761.627	16.6767
764.574	-5.43933
767.517	4.44484
770.46	18.3291
773.402	18.2136
776.342	12.0981
779.282	-0.0171985
782.219	15.8677
785.157	15.7526
788.094	17.6377
791.029	11.5229
793.962	11.4083
796.896	1.29381
799.828	29.1795
802.76	19.0652
805.689	26.9512
808.619	16.8372
811.546	0.723468
814.473	2.60985
817.4	12.4963
820.324	14.383
823.248	0.269776
826.17	30.1567
829.092	32.0438
832.012	13.9311
834.932	-2.18152
837.851	9.70603
840.768	27.5937
843.685	1.48157
846.599	33.3696
849.514	23.2578
852.428	1.1461
855.339	25.0346
858.251	22.9233
861.16	22.8121
864.07	20.701
866.978	20.5902
869.884	18.4795
872.792	26.3689
875.696	16.2586
878.599	20.1484
881.502	4.03838
884.404	9.92852
887.304	13.8188
890.204	15.7093
893.103	27.5999
896.001	5.49075
898.898	15.3817
901.794	9.27288
904.689	3.1642
907.581	-6.94423
910.474	30.9474
913.364	6.83935
916.256	-11.2686
919.144	18.6236
922.034	14.516
924.92	-11.5914
927.808	0.301353
930.693	28.1943
933.576	16.0875
936.459	21.9808
939.341	17.8744
942.222	-2.23193
945.102	21.662
947.981	21.556
950.859	17.4503
953.737	15.3448
956.613	-6.76059
959.488	15.1342
962.361	11.0293
965.235	10.9245
968.105	-13.18
970.977	32.7156
973.846	6.61149
976.716	18.5075
979.583	8.40373
982.449	16.3002
985.316	0.19675
988.18	6.0936
991.043	37.9906
993.906	33.8879
996.767	7.78533
999.628	-2.31703
1002.49	3.58082
1005.35	15.4789
1008.2	23.3771
1011.06	37.2757
1013.91	11.1743
1016.77	13.0732
1019.62	8.97236
1022.48	24.8717
1025.33	-5.22878
1028.18	16.6709
1031.03	0.570929
1033.87	32.4711
1036.72	22.3715
1039.57	18.2721
1042.41	8.17296
1045.26	2.07402
1048.1	15.9753
1050.94	15.8768
1053.78	27.7785
1056.62	31.6804
1059.46	7.5826
1062.3	31.485
1065.14	5.38763
1067.97	7.29045
1070.81	31.1936
1073.64	19.0968
1076.47	33.0004
1079.31	20.9041
1082.14	12.8081
1084.97	2.71227
1087.8	10.6167
1090.63	12.5214
1093.45	4.42634
1096.28	4.3315
1099.1	4.23688
1101.93	20.1425
1104.75	20.0483
1107.57	15.9544
1110.39	-2.13926
1113.21	15.7674
1116.03	29.6742
1118.85	3.58117
1121.66	21.4885
1124.48	5.396
1127.3	15.3038
1130.11	7.21179
1132.92	7.12008
1135.73	25.0286
1138.54	-1.06262
1141.35	-3.15361
1144.16	0.755585
1146.97	-9.33491
1149.78	2.57483
1152.58	18.4849
1155.39	-7.60487
1158.19	28.3056
1161	4.21636
1163.8	32.1274
1166.6	8.03865
1169.4	17.9501
1172.2	29.8619
1174.99	1.77394
1177.79	11.6862
1180.59	25.5988
1183.38	23.5116
1186.17	11.4246
1188.97	15.338
1191.76	21.2515
1194.55	17.1654
1197.34	3.07949
1200.13	18.9939
1202.92	0.908474
1205.7	14.8234
1208.49	-3.26144
1211.27	-3.34603
1214.06	22.5697
1216.84	2.48562
1219.62	18.4019
1222.4	0.318343
1225.18	6.23513
1227.96	8.15218
1230.74	6.06944
1233.51	19.987
1236.29	17.9049
1239.06	31.823
1241.84	11.7414
1244.61	15.6601
1247.38	5.57902
1250.15	5.49828
1252.92	5.41777
1255.69	17.3375
1258.46	27.2576
1261.23	25.1779
1263.99	-20.9014
1266.76	23.0194
1269.52	10.9406
1272.28	12.8621
1275.05	0.783776
1277.81	20.7058
1280.57	30.6281
1283.33	8.5507
1286.08	22.4736
1288.84	18.3967
1291.6	12.3202
1294.35	8.24388
1297.11	10.1679
1299.86	18.0922
1302.61	2.01679
1305.36	15.9417
1308.11	3.86685
1310.86	13.7923
1313.61	19.7181
1316.36	23.6441
1319.1	29.5705
1321.85	21.4971
1324.59	9.42405
1327.33	1.35127
1330.08	-4.72121
1332.82	-0.7934
1335.56	23.1347
1338.3	9.0631
1341.04	8.99184
1343.77	12.9208
1346.51	26.8502
1349.25	20.7797
1351.98	20.7097
1354.71	2.63984
1357.45	22.5704
1360.18	32.5012
1362.91	4.43226
1365.64	36.3637
1368.37	22.2954
1371.09	24.2274
1373.82	28.1598
1376.54	2.09244
1379.27	18.0254
1381.99	23.9586
1384.72	17.8922
1387.44	5.82605
1390.16	-0.239795
1392.88	19.6947
1395.6	3.62948
1398.31	3.56461
1401.03	3.50004
1403.75	25.4358
1406.46	7.37179
1409.18	33.3081
1411.89	33.2448
1414.6	-16.8182
1417.31	21.1191
1420.02	19.0568
1422.73	18.9947
1425.44	26.9329
1428.15	42.8715
1430.85	32.8104
1433.56	10.7496
1436.26	28.6891
1438.97	-3.37103
1441.67	14.5691
1444.37	40.5096
1447.07	20.4505
1449.77	8.39159
1452.47	36.333
1455.16	30.2748
1457.86	36.2169
1460.56	18.1593
1463.25	8.10207
1465.94	2.04517
1468.64	9.98856
1471.33	15.9323
1474.02	-8.12366
1476.71	13.8207
1479.4	13.7654
1482.09	-4.28952
1484.77	19.6559
1487.46	25.6016
1490.14	-2.4524
1492.83	-4.50604
1495.51	37.4407
1498.19	-6.61233
1500.87	-2.66494
1503.55	43.2827
1506.23	7.23076
1508.91	41.1791
1511.59	17.1278
1514.27	-2.92313
1516.94	29.0263
1519.62	14.9759
1522.29	0.92598
1524.96	26.8764
1527.63	8.82709
1530.3	28.7781
1532.97	30.7295
1535.64	12.6813
1538.31	6.63334
1540.98	2.58578
1543.64	8.53852
1546.31	24.4916
1548.97	-5.55493
1551.63	10.3989
1554.3	14.353
1556.96	4.30746
1559.62	42.2623
1562.28	16.2174
1564.94	22.173
1567.59	18.1288
1570.25	22.085
1572.9	38.0416
1575.56	13.9984
1578.21	7.9557
1580.86	13.9133
1583.52	-14.1288
1586.17	13.8295
1588.82	41.7881
1591.47	5.74713
1594.11	31.7065
1596.76	29.6662
1599.41	11.6262
1602.05	19.5866
1604.69	15.5474
1607.34	5.50847
1609.98	15.4699
1612.62	37.4317
1615.26	39.3939
1617.9	15.3564
1620.54	3.31928
1623.18	19.2825
1625.81	15.2461
1628.45	9.21004
1631.08	15.1744
1633.72	9.13902
1636.35	13.104
1638.98	17.0694
1641.61	47.0352
1644.24	3.00125
1646.87	32.9677
1649.5	20.9345
1652.13	28.9017
1654.75	14.8692
1657.38	-1.16285
1660	24.8054
1662.63	28.774
1665.25	22.743
1667.87	40.7124
1670.49	12.6821
1673.11	12.6522
1675.73	22.6226
1678.35	14.5934
1680.96	2.56463
1683.58	-1.46381
1686.19	8.5081
1688.81	30.4804
1691.42	36.453
1694.03	16.426
1696.64	16.3994
1699.25	8.3732
1701.87	18.3473
1704.47	4.32181
1707.08	22.2967
1709.69	-1.72808
1712.29	24.2475
1714.9	18.2235
1717.5	30.1999
1720.1	24.1766
1722.71	28.1537
1725.31	4.13117
1727.91	-9.891
1730.51	32.0872
1733.1	-1.93417
1735.7	24.0448
1738.3	32.0241
1740.89	-3.99614
1743.49	-2.01605
1746.08	13.9644
1748.67	19.9453
1751.26	45.9265
1753.86	5.90811
1756.45	3.89009
1759.03	23.8725
1761.62	15.8552
1764.21	7.83832
1766.8	43.8218
1769.38	13.8057
1771.97	31.79
1774.55	19.7746
1777.13	1.75963
1779.71	3.74504
1782.29	35.7308
1784.87	31.717
1787.45	19.7036
1790.03	21.6905
1792.61	19.6778
1795.18	-8.33448
1797.76	33.6536
1800.33	21.6421
1802.9	31.6309
1805.48	25.6202
1808.05	23.6098
1810.62	25.5998
1813.19	11.5902
1815.76	17.581
1818.33	19.5722
1820.89	23.5638
1823.46	39.5557
1826.02	25.5481
1828.59	19.5408
1831.15	17.5339
1833.71	13.5274
1836.27	7.52132
1838.84	41.5156
1841.39	23.5103
1843.95	21.5054
1846.51	19.5008
1849.07	19.4967
1851.62	35.4929
1854.18	9.48956
1856.73	9.4866
1859.29	-0.515981
1861.84	35.4818
1864.39	-10.5199
1866.94	27.4787
1869.49	23.4777
1872.04	43.4771
1874.59	39.4768
1877.13	5.47703
1879.68	17.4776
1882.22	39.4786
1884.77	17.48
1887.31	5.48173
1889.85	45.4839
1892.39	65.4865
1894.93	17.4894
1897.47	5.49279
1900.01	3.49655
1902.55	-4.49929
1905.09	25.5053
1907.62	-2.48978
1910.16	41.5156
1912.69	33.5213
1915.22	41.5275
1917.76	23.534
1920.29	25.541
1922.82	33.5484
1925.35	13.5561
1927.88	21.5643
1930.4	9.57286
1932.93	9.58183
1935.46	19.5912
1937.98	23.601
1940.51	33.6112
1943.03	31.6217
1945.55	-6.36728
1948.07	19.6441
1950.59	5.6559
1953.11	27.6681
1955.63	17.6807
1958.15	31.6937
1960.67	39.7071
1963.18	29.7209
1965.7	9.73518
1968.21	17.7498
1970.73	11.7649
1973.24	29.7803
1975.75	33.7962
1978.26	17.8124
1980.77	25.8291
1983.28	-2.15381
1985.79	25.8637
1988.29	33.8816
1990.8	21.8999
1993.31	9.91861
1995.81	23.9377
1998.31	23.9573
