100.093	16.3402
103.274	2.43949
106.457	8.53832
109.636	10.6365
112.817	10.7343
115.994	10.8315
119.172	4.92821
122.347	9.02434
125.521	-6.88006
128.696	5.21509
131.868	11.3097
135.039	15.4037
138.209	-0.502767
141.379	5.59031
144.547	13.6828
147.713	9.77481
150.879	3.86629
154.043	9.95726
157.206	6.04773
160.368	-3.86231
163.529	2.22715
166.689	20.3161
169.848	8.40456
173.006	4.49251
176.163	-1.42003
179.316	0.666869
182.471	10.7533
185.625	0.839306
188.777	-1.07521
191.927	15.0097
195.077	7.09422
198.224	-2.82183
201.372	7.2617
204.52	7.34474
207.664	1.42725
210.809	-2.49067
213.95	17.5909
217.091	-0.328066
220.233	3.75258
223.372	1.83269
226.509	13.9123
229.648	-2.00845
232.784	-3.92976
235.918	4.14847
239.051	6.22622
242.186	10.3036
245.317	18.3804
248.447	-3.54325
251.577	16.5327
254.705	22.6081
257.832	4.68307
260.958	18.7576
264.083	6.83165
267.204	16.9052
270.327	4.97837
273.449	13.0511
276.57	13.1233
279.69	23.1951
282.806	3.26643
285.924	11.3373
289.04	11.4078
292.154	3.47777
295.268	5.54735
298.379	1.61644
301.492	5.68513
304.601	13.7533
307.711	1.82116
310.818	7.8885
313.924	1.95541
317.031	24.0219
320.135	2.08797
323.238	10.1536
326.34	18.2188
329.443	0.283566
332.543	20.3479
335.642	4.41181
338.74	20.4753
341.836	16.5384
344.932	16.601
348.027	-1.33678
351.12	4.72503
354.213	16.7864
357.302	14.8474
360.393	6.90792
363.482	16.9681
366.57	1.02781
369.656	21.0871
372.742	-0.853971
375.827	13.2045
378.91	9.26262
381.993	15.3203
385.073	17.3776
388.154	-4.5655
391.232	-0.509033
394.311	1.54707
397.387	1.60275
400.462	-0.341979
403.536	-4.2871
406.611	3.76743
409.683	7.82153
412.754	11.8752
415.824	-0.07145
418.893	11.9815
421.961	-1.96598
425.027	8.08618
428.093	12.138
431.158	12.1893
434.222	2.24036
437.284	10.291
440.346	2.34124
443.407	-7.60888
446.464	16.4406
449.523	16.4897
452.581	20.5385
455.635	4.5868
458.691	-1.36519
461.743	6.68242
464.797	2.72969
467.847	-3.22344
470.899	12.8231
473.947	0.869233
476.994	10.915
480.043	8.96046
483.088	7.00551
486.133	-0.949792
489.176	17.0945
492.22	3.13856
495.262	3.18218
498.302	9.22545
501.341	17.2684
504.38	13.3109
507.417	11.3532
510.453	5.39502
513.487	9.43651
516.521	13.4777
519.554	15.5185
522.586	1.55899
525.616	13.5991
528.646	7.6389
531.675	11.6784
534.701	17.7174
537.729	5.75622
540.753	-2.20537
543.778	-6.16726
546.8	15.8705
549.821	23.9079
552.844	15.945
555.863	13.9817
558.881	12.0182
561.898	-9.94574
564.916	-7.90995
567.932	-1.87451
570.946	2.1606
573.959	8.19539
576.971	0.229856
579.982	20.264
582.993	-1.70217
586	14.3313
589.008	28.3645
592.015	0.397375
595.022	2.42993
598.025	16.4622
601.029	6.49409
604.032	6.5257
607.033	8.55699
610.034	10.588
613.032	14.6187
616.032	4.64904
619.028	22.6791
622.023	10.7089
625.018	14.7383
628.013	12.7675
631.005	6.79632
633.997	2.82486
636.987	-1.14689
639.977	4.88106
642.965	10.9087
645.952	-5.06393
648.939	8.96314
651.924	12.9899
654.909	15.0164
657.892	9.04257
660.873	5.06845
663.854	-0.905937
666.835	7.11938
669.813	7.1444
672.791	15.1692
675.767	1.19361
678.743	9.21779
681.717	5.24167
684.692	15.2653
687.664	1.28862
690.634	11.3117
693.606	9.33445
696.575	3.35695
699.543	11.3792
702.51	9.40111
705.475	11.4228
708.44	7.44419
711.404	7.46532
714.367	1.48618
717.329	15.5068
720.29	7.5271
723.25	9.54716
726.207	21.5669
729.166	5.58647
732.123	19.6057
735.077	17.6247
738.032	5.64347
740.984	13.6619
743.938	13.6802
746.888	19.6981
749.839	7.71584
752.788	7.73329
755.735	25.7505
758.682	9.76742
761.627	13.7841
764.574	19.8006
767.517	19.8167
770.46	-6.16733
773.402	3.84836
776.342	3.8638
779.282	3.879
782.219	-2.10606
785.157	9.90865
788.094	17.9231
791.029	13.9373
793.962	13.9513
796.896	23.9651
799.828	3.97855
802.76	13.9918
805.689	12.0048
808.619	24.0176
811.546	8.0302
814.473	-1.95748
817.4	26.0546
820.324	8.06647
823.248	16.0781
826.17	8.0895
829.092	6.10067
832.012	-3.88838
834.932	18.1223
837.851	20.1328
840.768	4.1431
843.685	16.1531
846.599	36.163
849.514	26.1726
852.428	12.182
855.339	4.19112
858.251	18.2001
861.16	16.2088
864.07	8.21731
866.978	0.225601
869.884	12.2337
872.792	10.2416
875.696	30.2492
878.599	22.2567
881.502	24.2639
884.404	-1.72907
887.304	2.27775
890.204	12.2844
893.103	12.2908
896.001	12.297
898.898	18.303
901.794	8.30877
904.689	10.3144
907.581	8.31975
910.474	24.3249
913.364	16.3299
916.256	8.33473
919.144	16.3393
922.034	10.3437
924.92	12.3479
927.808	6.35195
930.693	10.3558
933.576	14.3594
936.459	12.3628
939.341	4.36607
942.222	22.3691
945.102	14.372
947.981	12.3747
950.859	-1.62283
953.737	28.3795
956.613	6.3816
959.488	10.3835
962.361	12.3853
965.235	2.38687
968.105	20.3883
970.977	-3.61052
973.846	0.390515
976.716	8.39137
979.583	8.39205
982.449	14.3926
985.316	18.3929
988.18	-1.60696
991.043	14.393
993.906	6.39283
996.767	8.39247
999.628	24.3919
1002.49	16.3912
1005.35	14.3904
1008.2	12.3893
1011.06	10.3881
1013.91	6.38674
1016.77	18.3852
1019.62	10.3835
1022.48	12.3816
1025.33	20.3796
1028.18	6.37743
1031.03	16.3751
1033.87	-3.62743
1036.72	12.3699
1039.57	14.3671
1042.41	16.3641
1045.26	8.36096
1048.1	22.3577
1050.94	10.3542
1053.78	8.35063
1056.62	-3.65312
1059.46	18.343
1062.3	8.33892
1065.14	24.3347
1067.97	-1.66964
1070.81	18.3259
1073.64	20.3212
1076.47	2.31643
1079.31	24.3115
1082.14	14.3064
1084.97	2.30117
1087.8	10.2958
1090.63	16.2903
1093.45	-5.71536
1096.28	20.2789
1099.1	12.2729
1101.93	10.2669
1104.75	-1.73935
1107.57	8.2543
1110.39	14.2478
1113.21	8.24121
1116.03	12.2345
1118.85	10.2276
1121.66	-3.77943
1124.48	10.2134
1127.3	22.2061
1130.11	12.1987
1132.92	8.19121
1135.73	16.1835
1138.54	0.175757
1141.35	12.1678
1144.16	-5.8402
1146.97	2.15163
1149.78	14.1433
1152.58	16.1349
1155.39	4.1264
1158.19	6.11774
1161	18.109
1163.8	8.10007
1166.6	18.091
1169.4	14.0819
1172.2	12.0727
1174.99	8.0633
1177.79	12.0538
1180.59	16.0442
1183.38	16.0345
1186.17	4.02468
1188.97	24.0147
1191.76	18.0047
1194.55	3.99454
1197.34	13.9843
1200.13	5.97389
1202.92	5.9634
1205.7	11.9528
1208.49	17.9421
1211.27	17.9313
1214.06	-12.0796
1216.84	25.9094
1219.62	3.89826
1222.4	13.887
1225.18	15.8757
1227.96	5.86429
1230.74	7.85276
1233.51	-0.158859
1236.29	-0.170581
1239.06	19.8176
1241.84	3.80568
1244.61	-0.206334
1247.38	13.7816
1250.15	-2.23064
1252.92	7.75706
1255.69	13.7447
1258.46	1.73218
1261.23	11.7196
1263.99	-0.293059
1266.76	5.69418
1269.52	27.6813
1272.28	-0.331596
1275.05	19.6554
1277.81	-0.357733
1280.57	-2.37093
1283.33	3.61579
1286.08	5.60242
1288.84	13.589
1291.6	1.57544
1294.35	5.56182
1297.11	9.54813
1299.86	5.53435
1302.61	7.52049
1305.36	17.5066
1308.11	17.4925
1310.86	11.4784
1313.61	15.4643
1316.36	1.45001
1319.1	1.43569
1321.85	9.42129
1324.59	9.40682
1327.33	11.3923
1330.08	3.37765
1332.82	23.363
1335.56	-0.651806
1338.3	13.3334
1341.04	11.3185
1343.77	7.30348
1346.51	13.2884
1349.25	9.27333
1351.98	23.2582
1354.71	3.24291
1357.45	9.22761
1360.18	1.21224
1362.91	19.1968
1365.64	9.18129
1368.37	5.16573
1371.09	27.1501
1373.82	13.1344
1376.54	15.1187
1379.27	11.1029
1381.99	11.087
1384.72	17.0711
1387.44	-10.9449
1390.16	5.03906
1392.88	11.023
1395.6	3.00681
1398.31	18.9906
1401.03	8.97435
1403.75	2.95804
1406.46	14.9417
1409.18	2.92525
1411.89	6.90878
1414.6	8.89226
1417.31	18.8757
1420.02	20.8591
1422.73	-7.15759
1425.44	10.8257
1428.15	10.8089
1430.85	26.7921
1433.56	6.77527
1436.26	6.75836
1438.97	6.74142
1441.67	10.7244
1444.37	12.7074
1447.07	6.69033
1449.77	26.6732
1452.47	-5.34394
1455.16	-7.36114
1457.86	0.621617
1460.56	8.60434
1463.25	14.587
1465.94	0.569674
1468.64	2.55228
1471.33	10.5349
1474.02	8.51739
1476.71	12.4999
1479.4	16.4824
1482.09	6.46479
1484.77	6.44719
1487.46	2.42956
1490.14	10.4119
1492.83	0.394203
1495.51	16.3765
1498.19	10.3587
1500.87	8.34094
1503.55	14.3231
1506.23	-1.69472
1508.91	-3.71258
1511.59	0.269516
1514.27	10.2516
1516.94	22.2337
1519.62	6.21568
1522.29	-1.80232
1524.96	6.17966
1527.63	14.1616
1530.3	8.14356
1532.97	12.1255
1535.64	20.1074
1538.31	-5.91077
1540.98	16.0711
1543.64	0.0529217
1546.31	12.0347
1548.97	6.01654
1551.63	9.99832
1554.3	7.98008
1556.96	13.9618
1559.62	-0.0564374
1562.28	11.9253
1564.94	21.907
1567.59	7.88868
1570.25	11.8704
1572.9	1.85201
1575.56	1.83366
1578.21	5.81532
1580.86	3.79694
1583.52	1.77856
1586.17	19.7602
1588.82	9.74177
1591.47	7.72337
1594.11	15.705
1596.76	3.68655
1599.41	3.66813
1602.05	11.6497
1604.69	1.63126
1607.34	13.6128
1609.98	-0.405626
1612.62	5.57592
1615.26	13.5575
1617.9	1.53903
1620.54	-0.479432
1623.18	7.50212
1625.81	9.48366
1628.45	11.4652
1631.08	5.44676
1633.72	1.42831
1636.35	23.4099
1638.98	-6.60859
1641.61	3.37297
1644.24	3.35453
1646.87	5.33609
1649.5	13.3177
1652.13	7.29924
1654.75	7.28081
1657.38	-4.73759
1660	5.24399
1662.63	19.2256
1665.25	17.2072
1667.87	1.18882
1670.49	1.17046
1673.11	9.15209
1675.73	1.13374
1678.35	-2.8846
1680.96	13.0971
1683.58	5.07877
1686.19	9.06046
1688.81	3.04217
1691.42	1.0239
1694.03	15.0056
1696.64	-3.01261
1699.25	0.969168
1701.87	8.95094
1704.47	4.93275
1707.08	0.914572
1709.69	8.89641
1712.29	24.8783
1714.9	8.86014
1717.5	10.842
1720.1	10.824
1722.71	-9.19411
1725.31	2.78785
1727.91	10.7698
1730.51	10.7518
1733.1	4.73386
1735.7	16.7159
1738.3	-3.30203
1740.89	12.6801
1743.49	24.6622
1746.08	16.6443
1748.67	8.62649
1751.26	14.6087
1753.86	8.59092
1756.45	14.5732
1759.03	8.55545
1761.62	8.53776
1764.21	8.5201
1766.8	10.5025
1769.38	-1.51513
1771.97	10.4673
1774.55	14.4497
1777.13	-3.56776
1779.71	12.4148
1782.29	16.3973
1784.87	22.3799
1787.45	12.3625
1790.03	8.34519
1792.61	-5.67212
1795.18	4.31061
1797.76	20.2934
1800.33	10.2762
1802.9	12.259
1805.48	8.24188
1808.05	26.2248
1810.62	-1.79227
1813.19	2.19072
1815.76	22.1737
1818.33	6.15681
1820.89	8.13991
1823.46	4.12307
1826.02	-1.89375
1828.59	12.0895
1831.15	10.0728
1833.71	-5.94393
1836.27	4.03943
1838.84	10.0228
1841.39	4.00628
1843.95	5.98977
1846.51	11.9733
1849.07	-0.0431045
1851.62	-2.05948
1854.18	17.9242
1856.73	23.9079
1859.29	13.8917
1861.84	13.8755
1864.39	9.85938
1866.94	-2.15672
1869.49	17.8272
1872.04	19.8113
1874.59	1.79533
1877.13	3.77945
1879.68	1.76362
1882.22	3.74784
1884.77	5.73211
1887.31	1.71644
1889.85	5.70081
1892.39	25.6852
1894.93	9.66974
1897.47	15.6543
1900.01	11.6389
1902.55	3.62352
1905.09	11.6082
1907.62	1.59299
1910.16	11.5778
1912.69	15.5627
1915.22	11.5476
1917.76	1.53264
1920.29	19.5177
1922.82	5.5028
1925.35	1.48797
1927.88	-12.5268
1930.4	13.4585
1932.93	11.4439
1935.46	5.42928
1937.98	-2.58525
1940.51	1.40029
1943.03	7.3859
1945.55	17.3716
1948.07	-0.642703
1950.59	3.3431
1953.11	17.329
1955.63	1.31488
1958.15	7.30088
1960.67	1.28693
1963.18	13.2731
1965.7	9.25925
1968.21	-0.754494
1970.73	-0.76817
1973.24	-4.78178
1975.75	3.20469
1978.26	7.19122
1980.77	3.17782
1983.28	-2.83551
1985.79	-0.848767
1988.29	5.13805
1990.8	11.1249
1993.31	-0.888122
1995.81	7.0989
1998.31	13.086
