100.093	11.6073
103.274	9.73842
106.457	15.8686
109.636	-0.00237153
112.817	16.1257
115.994	24.2527
119.172	12.3788
122.347	2.50375
125.521	8.6277
128.696	12.7507
131.868	0.872673
135.039	12.9936
138.209	3.11357
141.379	1.23261
144.547	1.35059
147.713	7.46758
150.879	7.58359
154.043	21.6986
157.206	11.8127
160.368	5.92581
163.529	2.03796
166.689	4.14915
169.848	0.259378
173.006	-1.63134
176.163	-5.523
179.316	2.58432
182.471	0.690778
185.625	12.7963
188.777	-7.09911
191.927	19.0045
195.077	17.1072
198.224	9.20899
201.372	11.3099
204.52	19.4099
207.664	19.5089
210.809	23.6071
213.95	7.70436
217.091	9.80069
220.233	-2.1038
223.372	11.9908
226.509	4.08443
229.648	16.1773
232.784	12.2692
235.918	18.3603
239.051	8.45045
242.186	10.5398
245.317	12.6283
248.447	16.7159
251.577	10.8026
254.705	14.8885
257.832	10.9736
260.958	17.0578
264.083	13.1412
267.204	-0.77631
270.327	1.30541
273.449	-2.6137
276.57	-2.53363
279.69	17.5456
282.806	13.624
285.924	9.70164
289.04	19.7785
292.154	-2.14558
295.268	9.92964
298.379	8.00401
301.492	6.07764
304.601	8.15043
307.711	10.2225
310.818	8.29371
313.924	16.3642
317.031	12.4339
320.135	10.5028
323.238	10.5709
326.34	8.63831
329.443	6.70498
332.543	18.7708
335.642	22.836
338.74	16.9003
341.836	16.9639
344.932	15.0268
348.027	5.08896
351.12	9.15037
354.213	11.211
357.302	21.271
360.393	7.33018
363.482	1.38869
366.57	11.4465
369.656	21.5035
372.742	-4.4401
375.827	5.61557
378.91	3.6705
381.993	-4.27523
385.073	11.7783
388.154	9.83119
391.232	19.8833
394.311	-4.06515
397.387	15.9856
400.462	18.0358
403.536	6.08521
406.611	2.13402
409.683	10.1821
412.754	10.2296
415.824	20.2764
418.893	10.3225
421.961	2.36796
425.027	-1.58721
428.093	8.45697
431.158	20.5005
434.222	6.54341
437.284	6.58568
440.346	14.6273
443.407	16.6683
446.464	16.7087
449.523	6.74842
452.581	20.7876
455.635	8.82605
458.691	4.86396
461.743	12.9012
464.797	10.9379
467.847	4.974
470.899	1.0095
473.947	23.0444
476.994	7.07866
480.043	5.11238
483.088	-4.85451
486.133	1.17802
489.176	15.21
492.22	9.24136
495.262	7.27216
498.302	-2.6976
501.341	17.3321
504.38	-6.63883
507.417	33.3897
510.453	15.4177
513.487	13.4451
516.521	19.472
519.554	17.4984
522.586	23.5242
525.616	21.5494
528.646	7.57414
531.675	1.59833
534.701	13.622
537.729	7.64512
540.753	19.6677
543.778	11.6898
546.8	19.7114
549.821	9.73241
552.844	13.753
555.863	1.77299
558.881	11.7925
561.898	3.81153
564.916	7.83007
567.932	9.8481
570.946	25.8656
573.959	5.88269
576.971	3.89925
579.982	31.9153
582.993	19.9309
586	5.94605
589.008	7.9607
592.015	7.97488
595.022	15.9886
598.025	18.0018
601.029	16.0146
604.032	10.027
607.033	4.03883
610.034	26.0503
613.032	18.0612
616.032	4.07176
619.028	16.0818
622.023	-1.90852
625.018	14.1007
628.013	18.1095
631.005	16.1178
633.997	16.1257
636.987	14.1332
639.977	-7.85971
642.965	16.1469
645.952	16.1532
648.939	18.159
651.924	-5.83559
654.909	12.1694
657.892	8.17402
660.873	14.1782
663.854	20.182
666.835	6.18544
669.813	20.1885
672.791	0.191083
675.767	14.1933
678.743	2.19519
681.717	8.19667
684.692	14.1978
687.664	6.1985
690.634	8.19886
693.606	24.1988
696.575	0.198468
699.543	16.1977
702.51	20.1966
705.475	8.19517
708.44	6.19336
711.404	16.1912
714.367	10.1887
717.329	30.1858
720.29	12.1826
723.25	14.1791
726.207	12.1752
729.166	24.171
732.123	6.16648
735.077	22.1616
738.032	10.1564
740.984	10.1509
743.938	12.1451
746.888	32.1389
749.839	16.1325
752.788	2.12568
755.735	16.1186
758.682	14.1112
761.627	6.1035
764.574	20.0955
767.517	8.08721
770.46	12.0786
773.402	4.06974
776.342	20.0606
779.282	32.0511
782.219	16.0414
785.157	-1.96865
788.094	12.021
791.029	12.0105
793.962	21.9996
796.896	17.9885
799.828	21.9771
802.76	7.96546
805.689	17.9535
808.619	9.94137
811.546	27.9289
814.473	3.91626
817.4	29.9033
820.324	39.8901
823.248	19.8767
826.17	-2.13698
829.092	19.8491
832.012	23.835
834.932	15.8206
837.851	25.8059
840.768	13.7911
843.685	19.776
846.599	5.7607
849.514	15.7452
852.428	5.72942
855.339	15.7135
858.251	11.6973
861.16	19.6809
864.07	25.6643
866.978	15.6475
869.884	9.63046
872.792	19.6132
875.696	11.5958
878.599	11.5782
881.502	13.5604
884.404	-14.4576
887.304	11.5242
890.204	11.5059
893.103	15.4873
896.001	9.46856
898.898	3.44965
901.794	11.4306
904.689	9.41128
907.581	15.3919
910.474	7.37224
913.364	25.3525
916.256	17.3325
919.144	11.3124
922.034	5.29217
924.92	3.27176
927.808	29.2512
930.693	9.23047
933.576	7.20961
936.459	5.18859
939.341	15.1674
942.222	29.1461
945.102	17.1247
947.981	5.10312
950.859	19.0814
953.737	1.05956
956.613	5.03759
959.488	3.01548
962.361	6.99327
965.235	12.9709
968.105	6.94846
970.977	10.9259
973.846	-11.0968
976.716	2.88035
979.583	6.85744
982.449	14.8344
985.316	-3.18873
988.18	-1.21197
991.043	0.764694
993.906	6.74126
996.767	16.7177
999.628	6.6941
1002.49	2.67038
1005.35	4.64656
1008.2	0.622667
1011.06	8.5987
1013.91	6.57463
1016.77	-9.44951
1019.62	14.5263
1022.48	-1.49803
1025.33	10.4776
1028.18	8.45317
1031.03	22.4287
1033.87	18.4041
1036.72	24.3795
1039.57	24.3548
1042.41	28.33
1045.26	24.3052
1048.1	14.2803
1050.94	14.2554
1053.78	4.23044
1056.62	12.2054
1059.46	6.18035
1062.3	14.1552
1065.14	16.1301
1067.97	-1.89509
1070.81	14.0797
1073.64	2.05443
1076.47	12.0291
1079.31	8.00381
1082.14	1.97847
1084.97	1.95308
1087.8	-0.0723078
1090.63	15.9023
1093.45	-0.12316
1096.28	15.8514
1099.1	19.8259
1101.93	5.80044
1104.75	1.77494
1107.57	21.7494
1110.39	21.7239
1113.21	-0.30157
1116.03	9.67291
1118.85	5.64739
1121.66	21.6219
1124.48	7.59638
1127.3	13.5709
1130.11	9.54539
1132.92	13.5199
1135.73	11.4945
1138.54	21.469
1141.35	15.4436
1144.16	5.41816
1146.97	1.39277
1149.78	15.3674
1152.58	19.3421
1155.39	-0.683239
1158.19	7.29147
1161	11.2662
1163.8	-0.758985
1166.6	9.21583
1169.4	1.19068
1172.2	11.1656
1174.99	11.1405
1177.79	9.11551
1180.59	27.0905
1183.38	3.06563
1186.17	9.04075
1188.97	13.0159
1191.76	0.991173
1194.55	10.9665
1197.34	14.9418
1200.13	2.91723
1202.92	0.892708
1205.7	2.86826
1208.49	12.8439
1211.27	10.8195
1214.06	8.7953
1216.84	12.7711
1219.62	6.74701
1222.4	14.723
1225.18	-5.30097
1227.96	4.67517
1230.74	0.65137
1233.51	6.62767
1236.29	6.60406
1239.06	14.5805
1241.84	4.5571
1244.61	-5.46625
1247.38	4.5105
1250.15	4.48736
1252.92	4.4643
1255.69	-1.55866
1258.46	-9.5815
1261.23	4.39574
1263.99	10.3731
1266.76	20.3506
1269.52	4.32815
1272.28	6.30584
1275.05	2.28363
1277.81	0.261544
1280.57	-5.76042
1283.33	-3.78227
1286.08	4.196
1288.84	12.1744
1291.6	8.15292
1294.35	6.13156
1297.11	2.11035
1299.86	10.0893
1302.61	4.06828
1305.36	14.0475
1308.11	4.02677
1310.86	4.00622
1313.61	5.98581
1316.36	7.96553
1319.1	5.94541
1321.85	-0.0745764
1324.59	19.9056
1327.33	-2.1141
1330.08	3.86636
1332.82	19.847
1335.56	-4.17225
1338.3	9.80867
1341.04	-8.21024
1343.77	13.771
1346.51	-2.24759
1349.25	15.734
1351.98	1.71571
1354.71	9.69761
1357.45	7.67968
1360.18	15.6619
1362.91	5.64432
1365.64	1.62691
1368.37	5.60967
1371.09	9.59261
1373.82	25.5757
1376.54	5.55903
1379.27	9.54251
1381.99	7.52617
1384.72	-2.48998
1387.44	3.49406
1390.16	-0.521712
1392.88	7.46271
1395.6	-4.55268
1398.31	3.43213
1401.03	3.41714
1403.75	11.4023
1406.46	5.38773
1409.18	-2.62666
1411.89	7.35915
1414.6	15.3452
1417.31	3.33138
1420.02	3.31781
1422.73	3.30444
1425.44	11.2913
1428.15	9.27836
1430.85	7.26563
1433.56	11.2531
1436.26	19.2408
1438.97	3.22877
1441.67	13.2169
1444.37	7.2053
1447.07	-8.8061
1449.77	3.18273
1452.47	11.1718
1455.16	9.16108
1457.86	7.15059
1460.56	1.14034
1463.25	-4.86967
1465.94	21.1206
1468.64	19.111
1471.33	1.10171
1474.02	1.09265
1476.71	3.08384
1479.4	17.0753
1482.09	9.06694
1484.77	5.05886
1487.46	7.05103
1490.14	-8.95654
1492.83	1.03613
1495.51	25.0291
1498.19	1.02224
1500.87	7.01568
1503.55	11.0094
1506.23	-0.99666
1508.91	6.99756
1511.59	4.99205
1514.27	8.9868
1516.94	20.9818
1519.62	8.9771
1522.29	2.97265
1524.96	-1.03152
1527.63	10.9646
1530.3	2.96094
1532.97	4.95759
1535.64	14.9545
1538.31	-1.04828
1540.98	16.9492
1543.64	-7.05304
1546.31	-3.05499
1548.97	-1.05665
1551.63	10.942
1554.3	6.94087
1556.96	12.9401
1559.62	12.9396
1562.28	0.939332
1564.94	-1.0606
1567.59	-13.0602
1570.25	6.94043
1572.9	18.9414
1575.56	0.942659
1578.21	2.94422
1580.86	-1.05391
1583.52	12.9483
1586.17	6.95073
1588.82	18.9535
1591.47	18.9566
1594.11	4.96
1596.76	12.9637
1599.41	8.96773
1602.05	8.97207
1604.69	8.97672
1607.34	2.98169
1609.98	-5.01302
1612.62	4.99259
1615.26	-1.00148
1617.9	13.0048
1620.54	3.01135
1623.18	-2.98176
1625.81	3.02548
1628.45	3.03303
1631.08	3.04091
1633.72	1.04913
1636.35	19.0577
1638.98	5.06656
1641.61	21.0758
1644.24	9.08533
1646.87	7.09522
1649.5	3.10546
1652.13	5.11603
1654.75	7.12694
1657.38	9.1382
1660	3.1498
1662.63	17.1617
1665.25	7.17405
1667.87	-6.81331
1670.49	7.19968
1673.11	9.21303
1675.73	3.22673
1678.35	1.24078
1680.96	17.2552
1683.58	11.2699
1686.19	-4.71493
1688.81	-4.69944
1691.42	5.3164
1694.03	3.33261
1696.64	13.3492
1699.25	17.3661
1701.87	13.3834
1704.47	5.40107
1707.08	3.41911
1709.69	3.43751
1712.29	3.45629
1714.9	13.4754
1717.5	9.49495
1720.1	5.51485
1722.71	13.5351
1725.31	9.55577
1727.91	15.5768
1730.51	9.59821
1733.1	9.62
1735.7	11.6422
1738.3	3.66474
1740.89	3.68768
1743.49	17.711
1746.08	17.7347
1748.67	-0.241165
1751.26	15.7833
1753.86	13.8082
1756.45	7.8335
1759.03	3.85916
1761.62	25.8852
1764.21	3.91169
1766.8	15.9385
1769.38	-0.0341933
1771.97	15.9935
1774.55	14.0215
1777.13	16.05
1779.71	2.07888
1782.29	8.10813
1784.87	12.1378
1787.45	2.16791
1790.03	12.1984
1792.61	0.229304
1795.18	10.2606
1797.76	0.292347
1800.33	26.3245
1802.9	14.357
1805.48	6.38999
1808.05	16.4234
1810.62	12.4572
1813.19	-7.50859
1815.76	6.52605
1818.33	16.5611
1820.89	8.59662
1823.46	-1.36749
1826.02	16.6689
1828.59	-3.29439
1831.15	8.74279
1833.71	6.78042
1836.27	12.8185
1838.84	12.8569
1841.39	8.89584
1843.95	6.93518
1846.51	-1.02504
1849.07	-4.98485
1851.62	17.0558
1854.18	13.0969
1856.73	11.1384
1859.29	-2.81962
1861.84	7.22276
1864.39	25.2656
1866.94	-4.69109
1869.49	13.3526
1872.04	23.3968
1874.59	21.4414
1877.13	9.48649
1879.68	9.53198
1882.22	7.57796
1884.77	3.62438
1887.31	1.67123
1889.85	17.7186
1892.39	15.7663
1894.93	3.81454
1897.47	17.8632
1900.01	25.9124
1902.55	7.96197
1905.09	8.01203
1907.62	20.0625
1910.16	2.1135
1912.69	18.1649
1915.22	14.2169
1917.76	10.2692
1920.29	8.32206
1922.82	18.3753
1925.35	22.4291
1927.88	22.4834
1930.4	8.53805
1932.93	6.59322
1935.46	16.6489
1937.98	4.70499
1940.51	22.7616
1943.03	12.8187
1945.55	26.8762
1948.07	8.93421
1950.59	14.9927
1953.11	21.0517
1955.63	7.11112
1958.15	15.171
1960.67	13.2314
1963.18	5.29234
1965.7	17.3537
1968.21	-4.58441
1970.73	25.4779
1973.24	13.5408
1975.75	19.6041
1978.26	15.6679
1980.77	11.7322
1983.28	-0.202978
1985.79	1.86229
1988.29	13.9281
1990.8	-0.00563761
1993.31	16.0611
1995.81	18.1284
1998.31	8.19609
