100.093	15.5019
103.274	7.50909
106.457	1.5165
109.636	27.5241
112.817	1.53179
115.994	27.5397
119.172	21.5477
122.347	25.5559
125.521	9.56429
128.696	19.5728
131.868	17.5815
135.039	19.5903
138.209	19.5993
141.379	5.6084
144.547	15.6177
147.713	3.62709
150.879	17.6367
154.043	1.64637
157.206	-12.3438
160.368	-0.33377
163.529	-2.32363
166.689	21.6867
169.848	3.69709
173.006	25.7077
176.163	17.7184
179.316	19.7292
182.471	5.74016
185.625	5.75127
188.777	3.76252
191.927	13.7739
195.077	13.7854
198.224	11.797
201.372	7.80878
204.52	3.82068
207.664	5.83269
210.809	15.8448
213.95	-4.14291
217.091	7.86948
220.233	19.882
223.372	19.8946
226.509	21.9074
229.648	-4.07976
232.784	3.93322
235.918	7.94632
239.051	-2.04046
242.186	13.9729
245.317	-4.01368
248.447	1.99988
251.577	26.0135
254.705	6.02732
257.832	16.0412
260.958	4.0552
264.083	6.0693
267.204	14.0835
270.327	18.0978
273.449	24.1122
276.57	4.12673
279.69	12.1413
282.806	18.1561
285.924	4.17087
289.04	12.1858
292.154	2.20078
295.268	12.2159
298.379	6.23108
301.492	10.2464
304.601	20.2618
307.711	16.2772
310.818	20.2928
313.924	6.30845
317.031	4.3242
320.135	10.34
323.238	6.35594
326.34	-7.62806
329.443	12.388
332.543	-5.5958
335.642	22.4204
338.74	22.4368
341.836	0.453189
344.932	2.46968
348.027	2.48625
351.12	-5.49711
354.213	4.51961
357.302	-5.4636
360.393	26.5533
363.482	12.5702
366.57	2.58723
369.656	0.604306
372.742	-1.37854
375.827	2.63869
378.91	10.656
381.993	12.6733
385.073	4.69075
388.154	10.7082
391.232	2.72579
394.311	8.74341
397.387	-7.23892
400.462	-3.22119
403.536	18.7966
406.611	-1.18553
409.683	8.83238
412.754	10.8503
415.824	-1.13164
418.893	0.886441
421.961	10.9046
425.027	2.92276
428.093	6.941
431.158	-1.04072
434.222	6.97762
437.284	10.996
440.346	25.0144
443.407	3.03293
446.464	11.0515
449.523	3.07003
452.581	17.0886
455.635	27.1073
458.691	-2.87399
461.743	7.14474
464.797	3.16353
467.847	5.18235
470.899	13.2012
473.947	1.22011
476.994	9.23904
480.043	-2.74198
483.088	11.277
486.133	11.2961
489.176	9.31513
492.22	5.33424
495.262	13.3534
498.302	11.3725
501.341	21.3917
504.38	3.41096
507.417	9.43021
510.453	3.44948
513.487	7.46877
516.521	9.4881
519.554	9.50745
522.586	9.52682
525.616	27.5462
528.646	17.5656
531.675	3.58506
534.701	19.6045
537.729	17.624
540.753	19.6435
543.778	-0.337028
546.8	-6.31752
549.821	15.702
552.844	3.72157
555.863	1.74112
558.881	15.7607
561.898	19.7803
564.916	13.7999
567.932	3.81947
570.946	11.8391
573.959	1.8587
576.971	9.87832
579.982	11.898
582.993	5.91758
586	13.9372
589.008	9.95685
592.015	-0.0235022
595.022	5.99614
598.025	-5.98422
601.029	24.0354
604.032	8.05507
607.033	8.07471
610.034	4.09435
613.032	4.11398
616.032	6.13361
619.028	-3.84677
622.023	12.1728
625.018	-3.80756
628.013	14.2121
631.005	0.231641
633.997	2.25122
636.987	2.27079
639.977	4.29035
642.965	14.3099
645.952	8.32942
648.939	10.3489
651.924	-9.63155
654.909	12.3879
657.892	12.4074
660.873	28.4269
663.854	-5.5537
666.835	-11.5343
669.813	10.4851
672.791	16.5045
675.767	-3.47616
678.743	6.54318
681.717	0.56248
684.692	4.58177
687.664	2.60103
690.634	0.620259
693.606	0.639477
696.575	12.6587
699.543	6.67781
702.51	4.69693
705.475	2.71602
708.44	14.7351
711.404	4.75412
714.367	10.7731
717.329	6.79209
720.29	6.81103
723.25	8.82993
726.207	18.8488
729.166	6.86762
732.123	22.8864
735.077	20.9052
738.032	-5.07611
740.984	2.94256
743.938	-3.0388
746.888	4.97979
749.839	-13.0016
752.788	-6.98314
755.735	23.0353
758.682	9.05375
761.627	19.0721
764.574	17.0905
767.517	5.10877
770.46	15.127
773.402	19.1452
776.342	5.16336
779.282	1.18146
782.219	5.1995
785.157	15.2175
788.094	7.23545
791.029	15.2533
793.962	7.27118
796.896	3.28897
799.828	1.3067
802.76	15.3244
805.689	11.342
808.619	15.3596
811.546	5.37708
814.473	11.3945
817.4	9.41193
820.324	11.4293
823.248	17.4465
826.17	33.4637
829.092	11.4809
832.012	23.498
834.932	23.515
837.851	25.532
840.768	3.54886
843.685	29.5657
846.599	25.5825
849.514	9.59915
852.428	13.6158
855.339	17.6323
858.251	9.64884
861.16	11.6653
864.07	-6.31838
866.978	9.69789
869.884	3.7141
872.792	5.73025
875.696	19.7463
878.599	29.7623
881.502	5.77821
884.404	15.7941
887.304	13.8098
890.204	5.8255
893.103	15.8411
896.001	9.85665
898.898	17.8721
901.794	27.8875
904.689	13.9028
907.581	-2.08202
910.474	13.9331
913.364	13.9482
916.256	7.96314
919.144	13.978
922.034	17.9928
924.92	12.0075
927.808	14.0222
930.693	14.0367
933.576	4.05116
936.459	2.06553
939.341	8.07981
942.222	6.094
945.102	14.1081
947.981	16.1221
950.859	10.136
953.737	-1.85014
956.613	22.1636
959.488	4.17725
962.361	6.19079
965.235	0.204249
968.105	30.2176
970.977	4.23088
973.846	4.24404
976.716	10.2571
979.583	0.27009
982.449	4.28296
985.316	2.29575
988.18	6.30843
991.043	2.321
993.906	18.3335
996.767	14.3459
999.628	-1.64187
1002.49	24.3703
1005.35	10.3824
1008.2	12.3943
1011.06	-1.5938
1013.91	8.41796
1016.77	4.42961
1019.62	14.4412
1022.48	12.4526
1025.33	14.4639
1028.18	12.4751
1031.03	6.48625
1033.87	16.4973
1036.72	-1.49185
1039.57	22.5189
1042.41	14.5296
1045.26	22.5402
1048.1	20.5506
1050.94	4.56094
1053.78	2.57116
1056.62	10.5813
1059.46	24.5913
1062.3	18.6011
1065.14	8.61089
1067.97	6.62053
1070.81	12.63
1073.64	-3.36054
1076.47	-1.35126
1079.31	12.6579
1082.14	18.667
1084.97	10.6759
1087.8	6.6847
1090.63	14.6934
1093.45	8.70195
1096.28	0.710391
1099.1	12.7187
1101.93	6.7269
1104.75	8.73497
1107.57	10.7429
1110.39	12.7507
1113.21	10.7584
1116.03	4.766
1118.85	0.773438
1121.66	-5.21925
1124.48	14.7879
1127.3	8.79498
1130.11	2.80191
1132.92	12.8087
1135.73	6.81536
1138.54	-3.17811
1141.35	14.8283
1144.16	-1.16544
1146.97	12.8407
1149.78	-3.1533
1152.58	16.8526
1155.39	8.85829
1158.19	18.8639
1161	-3.13065
1163.8	12.8747
1166.6	18.8799
1169.4	8.88491
1172.2	18.8898
1174.99	-13.1054
1177.79	18.8992
1180.59	8.90373
1183.38	22.9081
1186.17	-1.0877
1188.97	-5.08363
1191.76	8.9203
1194.55	6.92409
1197.34	10.9277
1200.13	16.9312
1202.92	6.93459
1205.7	-3.06219
1208.49	8.94088
1211.27	0.943799
1214.06	20.9466
1216.84	6.94921
1219.62	8.95169
1222.4	14.954
1225.18	8.95621
1227.96	8.95825
1230.74	12.9601
1233.51	8.96188
1236.29	14.9635
1239.06	6.96491
1241.84	16.9662
1244.61	20.9673
1247.38	18.9683
1250.15	16.9691
1252.92	8.96982
1255.69	-5.02965
1258.46	18.9707
1261.23	16.9709
1263.99	2.97099
1266.76	14.9709
1269.52	10.9706
1272.28	20.9702
1275.05	18.9697
1277.81	16.9689
1280.57	12.9681
1283.33	12.967
1286.08	0.965807
1288.84	18.9644
1291.6	4.96292
1294.35	6.96124
1297.11	6.9594
1299.86	14.9574
1302.61	14.9552
1305.36	6.95289
1308.11	2.95039
1310.86	20.9477
1313.61	6.94491
1316.36	20.9419
1319.1	6.93877
1321.85	4.93546
1324.59	22.932
1327.33	0.928321
1330.08	2.9245
1332.82	16.9205
1335.56	0.916363
1338.3	16.912
1341.04	12.9076
1343.77	12.9029
1346.51	16.8981
1349.25	8.89306
1351.98	10.8879
1354.71	6.88254
1357.45	10.877
1360.18	16.8713
1362.91	22.8655
1365.64	10.8594
1368.37	2.85324
1371.09	8.84686
1373.82	0.840307
1376.54	-3.16642
1379.27	4.82667
1381.99	12.8196
1384.72	18.8123
1387.44	0.804902
1390.16	12.7973
1392.88	4.7895
1395.6	0.78153
1398.31	18.7734
1401.03	16.7651
1403.75	2.75656
1406.46	4.74787
1409.18	14.739
1411.89	8.72996
1414.6	12.7207
1417.31	16.7113
1420.02	8.70174
1422.73	0.691965
1425.44	8.68201
1428.15	2.67187
1430.85	-5.33845
1433.56	16.651
1436.26	20.6403
1438.97	10.6295
1441.67	16.6184
1444.37	20.6072
1447.07	22.5957
1449.77	14.5841
1452.47	8.5723
1455.16	20.5603
1457.86	14.5481
1460.56	-1.46425
1463.25	22.5232
1465.94	-3.48956
1468.64	-5.5025
1471.33	6.48437
1474.02	2.47105
1476.71	12.4575
1479.4	2.44383
1482.09	-7.57007
1484.77	24.4158
1487.46	12.4016
1490.14	4.3871
1492.83	6.37243
1495.51	16.3576
1498.19	-3.65748
1500.87	10.3273
1503.55	10.3118
1506.23	4.29619
1508.91	12.2804
1511.59	14.2643
1514.27	10.2481
1516.94	12.2317
1519.62	14.2151
1522.29	14.1982
1524.96	10.1812
1527.63	6.16401
1530.3	-5.85341
1532.97	10.129
1535.64	4.11116
1538.31	6.09315
1540.98	22.0749
1543.64	10.0565
1546.31	2.03792
1548.97	2.01909
1551.63	4.00008
1554.3	-10.0192
1556.96	1.96143
1559.62	7.94181
1562.28	7.92198
1564.94	21.9019
1567.59	5.88171
1570.25	7.86126
1572.9	-0.159387
1575.56	5.81976
1578.21	19.7987
1580.86	1.77744
1583.52	5.75596
1586.17	13.7343
1588.82	7.7124
1591.47	15.6903
1594.11	3.66801
1596.76	17.6455
1599.41	21.6228
1602.05	13.5999
1604.69	13.5767
1607.34	1.55339
1609.98	17.5298
1612.62	9.50606
1615.26	19.4821
1617.9	9.45791
1620.54	7.4335
1623.18	25.4089
1625.81	19.3841
1628.45	15.359
1631.08	7.3338
1633.72	19.3083
1636.35	5.28267
1638.98	3.25678
1641.61	7.23068
1644.24	15.2044
1646.87	7.17783
1649.5	13.1511
1652.13	15.1241
1654.75	1.09694
1657.38	17.0696
1660	19.0419
1662.63	7.01412
1665.25	6.98606
1667.87	14.9578
1670.49	10.9293
1673.11	20.9006
1675.73	10.8717
1678.35	-1.15742
1680.96	14.8132
1683.58	-3.21634
1686.19	6.75386
1688.81	14.7238
1691.42	4.69362
1694.03	0.663154
1696.64	16.6325
1699.25	18.6016
1701.87	-1.42954
1704.47	2.53912
1707.08	20.5076
1709.69	-5.52422
1712.29	8.44377
1714.9	6.41153
1717.5	10.3791
1720.1	22.3464
1722.71	16.3135
1725.31	4.28038
1727.91	10.247
1730.51	10.2134
1733.1	20.1796
1735.7	10.1456
1738.3	-3.88865
1740.89	12.0769
1743.49	6.04216
1746.08	22.0072
1748.67	13.9721
1751.26	-4.06331
1753.86	5.90106
1756.45	13.8652
1759.03	7.82914
1761.62	-0.207175
1764.21	15.7563
1766.8	-8.28045
1769.38	13.6826
1771.97	-12.3547
1774.55	15.6079
1777.13	13.5702
1779.71	5.53227
1782.29	1.49415
1784.87	5.45576
1787.45	7.41715
1790.03	17.3783
1792.61	3.33924
1795.18	11.2999
1797.76	-0.739606
1800.33	-6.77937
1802.9	23.1806
1805.48	15.1404
1808.05	-2.90007
1810.62	5.05922
1813.19	7.01828
1815.76	12.9771
1818.33	24.9357
1820.89	14.894
1823.46	2.85216
1826.02	0.810032
1828.59	10.7677
1831.15	18.7251
1833.71	-1.31774
1836.27	8.63921
1838.84	0.595909
1841.39	8.55237
1843.95	22.5086
1846.51	22.4646
1849.07	-5.57965
1851.62	20.3759
1854.18	16.3311
1856.73	16.2862
1859.29	8.24093
1861.84	4.1955
1864.39	0.149819
1866.94	4.10387
1869.49	16.0577
1872.04	2.0113
1874.59	7.96465
1877.13	3.91775
1879.68	11.8706
1882.22	9.82327
1884.77	9.77564
1887.31	17.7278
1889.85	19.6797
1892.39	7.63135
1894.93	7.58278
1897.47	-8.46607
1900.01	13.4849
1902.55	3.43555
1905.09	15.386
1907.62	11.3362
1910.16	19.2862
1912.69	5.23586
1915.22	1.18531
1917.76	15.1346
1920.29	13.0835
1922.82	11.0322
1925.35	4.98071
1927.88	20.9289
1930.4	-1.12306
1932.93	10.8247
1935.46	-5.22782
1937.98	-1.28057
1940.51	14.6664
1943.03	-1.38683
1945.55	10.5597
1948.07	6.50594
1950.59	10.452
1953.11	20.3977
1955.63	4.34324
1958.15	-5.71149
1960.67	16.2335
1963.18	12.1783
1965.7	20.1228
1968.21	4.06708
1970.73	18.0111
1973.24	11.9548
1975.75	1.89839
1978.26	9.84164
1980.77	3.78468
1983.28	13.7274
1985.79	1.66994
1988.29	1.61221
1990.8	1.55419
1993.31	5.49595
1995.81	3.43745
1998.31	17.3787
