100.093	-5.11404
103.274	28.9011
106.457	30.9163
109.636	18.9315
112.817	12.9468
115.994	12.9621
119.172	12.9774
122.347	16.9928
125.521	-2.99188
128.696	25.0235
131.868	19.039
135.039	19.0544
138.209	21.0699
141.379	17.0854
144.547	1.10098
147.713	17.1166
150.879	15.1321
154.043	23.1478
157.206	15.1634
160.368	19.1791
163.529	15.1948
166.689	9.21051
169.848	5.22625
173.006	21.242
176.163	9.25782
179.316	7.27363
182.471	17.2895
185.625	1.30533
188.777	3.32121
191.927	11.3371
195.077	5.35303
198.224	11.369
201.372	5.38494
204.52	11.4009
207.664	19.4169
210.809	9.43295
213.95	21.449
217.091	13.465
220.233	9.48112
223.372	-0.502794
226.509	31.5133
229.648	-2.47055
232.784	11.5456
235.918	7.56174
239.051	17.5779
242.186	13.5941
245.317	9.61032
248.447	7.62654
251.577	17.6428
254.705	7.65902
257.832	17.6753
260.958	23.6916
264.083	15.7078
267.204	11.7241
270.327	9.74045
273.449	19.7568
276.57	7.77311
279.69	-12.2105
282.806	19.8058
285.924	19.8222
289.04	13.8386
292.154	17.8549
295.268	9.87133
298.379	11.8877
301.492	1.90414
304.601	7.92056
307.711	19.937
310.818	9.95342
313.924	3.96986
317.031	13.9863
320.135	2.00277
323.238	10.0192
326.34	22.0357
329.443	22.0522
332.543	22.0687
335.642	24.0851
338.74	8.10162
341.836	12.1181
344.932	8.1346
348.027	16.1511
351.12	8.1676
354.213	12.1841
357.302	12.2006
360.393	6.21711
363.482	12.2336
366.57	16.2501
369.656	14.2666
372.742	10.2832
375.827	10.2997
378.91	24.3162
381.993	22.3327
385.073	0.349193
388.154	6.36571
391.232	16.3822
394.311	12.3987
397.387	18.4152
400.462	8.43172
403.536	18.4482
406.611	10.4647
409.683	16.4812
412.754	12.4977
415.824	12.5142
418.893	12.5307
421.961	14.5471
425.027	20.5636
428.093	12.5801
431.158	12.5965
434.222	-9.387
437.284	26.6294
440.346	18.6459
443.407	12.6623
446.464	20.6787
449.523	2.69517
452.581	-5.28841
455.635	14.728
458.691	8.74438
461.743	12.7608
464.797	12.7771
467.847	12.7935
470.899	16.8099
473.947	20.8262
476.994	2.84255
480.043	2.85889
483.088	-7.1248
486.133	14.8915
489.176	12.9078
492.22	4.92409
495.262	8.94036
498.302	4.95662
501.341	0.97286
504.38	10.9891
507.417	5.00531
510.453	3.02152
513.487	11.0377
516.521	-0.946124
519.554	5.07004
522.586	-12.9138
525.616	-0.897687
528.646	5.11843
531.675	15.1345
534.701	11.1506
537.729	9.16669
540.753	9.18273
543.778	-2.80123
546.8	15.2148
549.821	7.23078
552.844	15.2468
555.863	-2.73727
558.881	5.27867
561.898	1.2946
564.916	13.3105
567.932	-2.6736
570.946	1.34227
573.959	5.35812
576.971	5.37394
579.982	1.38975
582.993	3.40554
586	9.4213
589.008	1.43704
592.015	17.4528
595.022	13.4685
598.025	17.4841
601.029	5.4998
604.032	17.5154
607.033	3.53105
610.034	15.5466
613.032	-12.4378
616.032	5.57774
619.028	-4.40675
622.023	7.60874
625.018	1.6242
628.013	3.63965
631.005	3.65507
633.997	3.67046
636.987	5.68582
639.977	9.70116
642.965	-2.28353
645.952	7.73176
648.939	5.74702
651.924	3.76225
654.909	13.7775
657.892	3.79263
660.873	13.8078
663.854	11.8229
666.835	-0.162009
669.813	1.85305
672.791	15.8681
675.767	7.88308
678.743	11.8981
681.717	9.913
684.692	15.9279
687.664	9.94281
690.634	9.95766
693.606	17.9725
696.575	9.98728
699.543	-1.99797
702.51	-1.98324
705.475	12.0315
708.44	4.04612
711.404	10.0608
714.367	4.07535
717.329	6.08992
720.29	14.1045
723.25	16.119
726.207	14.1334
729.166	8.14785
732.123	-3.83775
735.077	0.176602
738.032	10.1909
740.984	18.2052
743.938	0.219483
746.888	14.2337
749.839	20.2479
752.788	10.262
755.735	22.2761
758.682	8.29022
761.627	8.30426
764.574	14.3183
767.517	22.3322
770.46	16.3462
773.402	8.36005
776.342	24.3739
779.282	0.38772
782.219	4.40149
785.157	16.4152
788.094	10.4289
791.029	2.44258
793.962	12.4562
796.896	8.46978
799.828	18.4833
802.76	6.49681
805.689	16.5103
808.619	8.52369
811.546	10.5371
814.473	4.55039
817.4	24.5637
820.324	6.57694
823.248	0.59015
826.17	28.6033
829.092	8.61644
832.012	-1.37048
834.932	16.6426
837.851	10.6556
840.768	10.6685
843.685	12.6814
846.599	20.6943
849.514	16.7071
852.428	0.719883
855.339	-3.26739
858.251	6.7453
861.16	8.75794
864.07	-9.22946
866.978	-1.21691
869.884	16.7956
872.792	8.80806
875.696	-3.17953
878.599	18.8328
881.502	14.8452
884.404	12.8574
887.304	26.8697
890.204	6.88183
893.103	4.89397
896.001	16.9061
898.898	10.9181
901.794	0.930079
904.689	-9.05798
907.581	10.9539
910.474	6.96575
913.364	10.9775
916.256	0.989289
919.144	31.001
922.034	25.0126
924.92	9.02422
927.808	7.03577
930.693	9.04726
933.576	11.0587
936.459	17.0701
939.341	23.0814
942.222	-2.90727
945.102	7.10397
947.981	3.11515
950.859	13.1263
953.737	7.13738
956.613	7.14841
959.488	9.15939
962.361	-2.82969
965.235	9.18119
968.105	9.192
970.977	11.2028
973.846	-0.786519
976.716	11.2241
979.583	15.2347
982.449	7.2453
985.316	11.2558
988.18	5.26624
991.043	-0.723376
993.906	3.28695
996.767	9.29723
999.628	19.3075
1002.49	5.31762
1005.35	11.3277
1008.2	21.3378
1011.06	1.34778
1013.91	7.35772
1016.77	15.3676
1019.62	7.37743
1022.48	7.3872
1025.33	13.3969
1028.18	7.40657
1031.03	1.41617
1033.87	13.4257
1036.72	13.4352
1039.57	-0.555385
1042.41	9.45398
1045.26	9.46329
1048.1	3.47253
1050.94	9.48172
1053.78	11.4909
1056.62	11.4999
1059.46	15.5089
1062.3	1.51789
1065.14	15.5268
1067.97	19.5356
1070.81	-0.455629
1073.64	5.55308
1076.47	1.56173
1079.31	11.5703
1082.14	13.5788
1084.97	19.5873
1087.8	11.5957
1090.63	-8.39594
1093.45	13.6123
1096.28	17.6206
1099.1	7.62871
1101.93	13.6368
1104.75	19.6448
1107.57	7.6528
1110.39	-0.339295
1113.21	11.6685
1116.03	9.67632
1118.85	13.684
1121.66	11.6917
1124.48	5.69927
1127.3	5.70679
1130.11	11.7143
1132.92	9.72165
1135.73	11.729
1138.54	1.73624
1141.35	3.74343
1144.16	11.7506
1146.97	19.7576
1149.78	15.7646
1152.58	17.7716
1155.39	9.77845
1158.19	17.7852
1161	13.792
1163.8	9.79866
1166.6	7.80526
1169.4	7.8118
1172.2	1.81827
1174.99	5.82468
1177.79	9.83101
1180.59	-0.162717
1183.38	5.84348
1186.17	11.8496
1188.97	13.8557
1191.76	-6.13832
1194.55	5.86761
1197.34	19.8735
1200.13	17.8793
1202.92	13.885
1205.7	7.89064
1208.49	-4.10378
1211.27	9.90174
1214.06	9.90718
1216.84	3.91256
1219.62	3.91786
1222.4	1.9231
1225.18	-0.0717378
1227.96	15.9334
1230.74	9.93838
1233.51	7.94334
1236.29	3.94822
1239.06	11.953
1241.84	-0.0422309
1244.61	5.96244
1247.38	1.96704
1250.15	9.97156
1252.92	1.97601
1255.69	1.9804
1258.46	23.9847
1261.23	-4.01106
1263.99	7.9931
1266.76	19.9972
1269.52	6.00122
1272.28	18.0052
1275.05	4.00904
1277.81	6.01283
1280.57	8.01656
1283.33	4.02021
1286.08	0.0237895
1288.84	12.0273
1291.6	14.0307
1294.35	-3.96592
1297.11	12.0374
1299.86	12.0406
1302.61	4.0437
1305.36	-5.95324
1308.11	16.0497
1310.86	14.0526
1313.61	8.05548
1316.36	16.0582
1319.1	14.0609
1321.85	2.06352
1324.59	16.066
1327.33	6.0685
1330.08	-1.92912
1332.82	6.07318
1335.56	10.0754
1338.3	-3.92245
1341.04	6.07962
1343.77	18.0816
1346.51	8.08353
1349.25	12.0854
1351.98	4.08713
1354.71	14.0888
1357.45	4.09042
1360.18	-7.90805
1362.91	4.0934
1365.64	16.0948
1368.37	8.09606
1371.09	6.09728
1373.82	2.09841
1376.54	14.0995
1379.27	12.1004
1381.99	-1.89865
1384.72	2.10217
1387.44	22.1029
1390.16	2.10357
1392.88	6.10416
1395.6	20.1047
1398.31	-1.89492
1401.03	16.1054
1403.75	-7.89431
1406.46	-3.89413
1409.18	10.106
1411.89	0.105992
1414.6	8.10593
1417.31	12.1058
1420.02	10.1056
1422.73	2.10527
1425.44	14.1049
1428.15	10.1044
1430.85	12.1039
1433.56	4.10325
1436.26	8.10254
1438.97	24.1017
1441.67	-1.89913
1444.37	0.099917
1447.07	4.09888
1449.77	20.0978
1452.47	6.09656
1455.16	0.09527
1457.86	10.0939
1460.56	8.09245
1463.25	22.0909
1465.94	12.0893
1468.64	16.0876
1471.33	4.08581
1474.02	8.08394
1476.71	14.082
1479.4	20.08
1482.09	16.0778
1484.77	2.07563
1487.46	18.0733
1490.14	12.071
1492.83	14.0685
1495.51	14.066
1498.19	8.06335
1500.87	6.06064
1503.55	-1.94216
1506.23	8.05496
1508.91	8.05199
1511.59	4.04894
1514.27	10.0458
1516.94	4.04258
1519.62	6.03927
1522.29	14.0359
1524.96	14.0324
1527.63	0.0288327
1530.3	6.02518
1532.97	20.0214
1535.64	-5.98238
1538.31	0.0137029
1540.98	12.0097
1543.64	6.00562
1546.31	6.00145
1548.97	7.99719
1551.63	5.99284
1554.3	15.9884
1556.96	5.98389
1559.62	9.97928
1562.28	19.9746
1564.94	7.9698
1567.59	-4.03507
1570.25	17.96
1572.9	21.9549
1575.56	-6.05022
1578.21	17.9446
1580.86	7.93925
1583.52	13.9338
1586.17	9.92836
1588.82	9.92278
1591.47	1.91711
1594.11	9.91136
1596.76	15.9055
1599.41	-0.100422
1602.05	11.8936
1604.69	-2.11256
1607.34	5.88124
1609.98	1.87495
1612.62	1.86856
1615.26	17.8621
1617.9	11.8555
1620.54	7.84888
1623.18	11.8421
1625.81	7.8353
1628.45	7.82838
1631.08	11.8214
1633.72	7.81426
1636.35	5.80707
1638.98	11.7998
1641.61	11.7924
1644.24	3.78494
1646.87	25.7774
1649.5	-0.230269
1652.13	5.76199
1654.75	-2.24584
1657.38	5.74624
1660	9.73822
1662.63	7.73011
1665.25	-2.27809
1667.87	5.71362
1670.49	9.70524
1673.11	-6.30323
1675.73	5.6882
1678.35	3.67954
1680.96	5.67078
1683.58	1.66194
1686.19	9.65301
1688.81	7.64397
1691.42	3.63485
1694.03	11.6256
1696.64	-0.383671
1699.25	13.6069
1701.87	-8.40257
1704.47	5.58784
1707.08	13.5782
1709.69	7.56839
1712.29	11.5585
1714.9	17.5486
1717.5	-2.4615
1720.1	15.5283
1722.71	9.5181
1725.31	13.5078
1727.91	11.4973
1730.51	3.48681
1733.1	1.47619
1735.7	11.4655
1738.3	11.4547
1740.89	15.4438
1743.49	15.4328
1746.08	-2.57834
1748.67	1.41047
1751.26	21.3992
1753.86	11.3878
1756.45	5.37633
1759.03	7.36477
1761.62	5.3531
1764.21	3.34134
1766.8	11.3295
1769.38	11.3175
1771.97	-8.69451
1774.55	15.2933
1777.13	9.28111
1779.71	5.26877
1782.29	13.2563
1784.87	13.2438
1787.45	11.2312
1790.03	19.2185
1792.61	-4.79434
1795.18	25.1927
1797.76	7.17973
1800.33	17.1666
1802.9	-2.84657
1805.48	7.14013
1808.05	7.12674
1810.62	7.11324
1813.19	-2.90035
1815.76	9.08597
1818.33	7.07218
1820.89	3.05829
1823.46	9.04432
1826.02	11.0302
1828.59	1.01607
1831.15	5.0018
1833.71	4.98742
1836.27	8.97296
1838.84	24.9584
1841.39	-1.05627
1843.95	-3.07103
1846.51	14.9141
1849.07	10.8992
1851.62	8.8841
1854.18	4.86894
1856.73	6.8537
1859.29	4.83834
1861.84	2.82289
1864.39	2.80735
1866.94	14.7917
1869.49	0.77595
1872.04	0.760106
1874.59	18.7442
1877.13	10.7281
1879.68	14.712
1882.22	0.695742
1884.77	6.6794
1887.31	20.663
1889.85	8.64642
1892.39	12.6298
1894.93	-1.38695
1897.47	-1.40379
1900.01	10.5793
1902.55	12.5622
1905.09	6.5451
1907.62	6.52786
1910.16	8.51054
1912.69	-1.5069
1915.22	16.4756
1917.76	-1.54207
1920.29	4.44018
1922.82	-3.57765
1925.35	6.4044
1927.88	10.3864
1930.4	22.3682
1932.93	12.35
1935.46	4.33165
1937.98	-1.68679
1940.51	4.29467
1943.03	6.27602
1945.55	16.2573
1948.07	16.2384
1950.59	-1.7805
1953.11	-1.79956
1955.63	14.1813
1958.15	-1.83795
1960.67	0.142707
1963.18	10.1233
1965.7	-7.8963
1968.21	12.084
1970.73	10.0643
1973.24	-1.95557
1975.75	4.02448
1978.26	0.00440834
1980.77	5.98425
1983.28	5.96398
1985.79	9.94362
1988.29	3.92315
1990.8	-0.0974337
1993.31	3.88189
1995.81	11.8611
1998.31	15.8403
