100.093	20.931
103.274	8.93874
106.457	6.94663
109.636	22.9546
112.817	24.9627
115.994	26.971
119.172	32.9793
122.347	4.98771
125.521	26.9962
128.696	7.00489
131.868	15.0136
135.039	-0.977537
138.209	-0.968596
141.379	15.0405
144.547	-2.95041
147.713	-6.94117
150.879	35.0682
154.043	9.07759
157.206	-0.912892
160.368	3.09672
163.529	23.1064
166.689	9.11623
169.848	5.12612
173.006	13.1361
176.163	1.14617
179.316	15.1563
182.471	21.1666
185.625	3.17689
188.777	33.1873
191.927	3.19779
195.077	7.20836
198.224	1.21901
201.372	3.22975
204.52	3.24057
207.664	9.25146
210.809	3.26243
213.95	11.2735
217.091	13.2846
220.233	-2.7042
223.372	13.3071
226.509	11.3184
229.648	23.3298
232.784	3.3413
235.918	11.3529
239.051	15.3645
242.186	21.3762
245.317	-2.61208
248.447	11.3997
251.577	21.4116
254.705	9.42357
257.832	19.4356
260.958	1.44765
264.083	15.4598
267.204	5.47197
270.327	23.4842
273.449	9.49653
276.57	5.5089
279.69	-2.47868
282.806	17.5338
285.924	3.54633
289.04	-10.4411
292.154	3.57154
295.268	11.5842
298.379	23.597
301.492	15.6098
304.601	23.6226
307.711	15.6355
310.818	13.6484
313.924	19.6614
317.031	23.6744
320.135	9.68746
323.238	15.7006
326.34	19.7137
329.443	13.7269
332.543	3.74014
335.642	3.7534
338.74	15.7667
341.836	15.7801
344.932	3.79344
348.027	5.80685
351.12	11.8203
354.213	9.83379
357.302	-0.1527
360.393	1.86085
363.482	7.87444
366.57	9.88805
369.656	1.90168
372.742	9.91536
375.827	-6.07094
378.91	17.9428
381.993	21.9565
385.073	9.9703
388.154	5.9841
391.232	13.9979
394.311	-5.98823
397.387	0.0256269
400.462	18.0395
403.536	10.0534
406.611	0.0673431
409.683	10.0813
412.754	6.09524
415.824	2.10921
418.893	-5.8768
421.961	16.1372
425.027	-3.84877
428.093	0.16526
431.158	10.1793
434.222	-3.80664
437.284	2.20743
440.346	8.2215
443.407	12.2356
446.464	8.24967
449.523	6.26377
452.581	8.27788
455.635	16.292
458.691	16.3061
461.743	10.3202
464.797	16.3343
467.847	4.34845
470.899	4.36258
473.947	10.3767
476.994	22.3908
480.043	6.40494
483.088	4.41906
486.133	8.43317
489.176	6.44728
492.22	12.4614
495.262	18.4755
498.302	8.48959
501.341	20.5037
504.38	8.51775
507.417	8.53183
510.453	0.545887
513.487	4.55993
516.521	-7.42603
519.554	12.588
522.586	10.602
525.616	18.616
528.646	20.63
531.675	-9.35602
534.701	2.65793
537.729	10.6719
540.753	12.6858
543.778	-5.30031
546.8	22.7136
549.821	10.7274
552.844	-5.25872
555.863	-3.2449
558.881	12.7689
561.898	-1.21732
564.916	12.7964
567.932	4.81016
570.946	-3.17614
573.959	12.8375
576.971	24.8512
579.982	14.8648
582.993	0.878408
586	10.892
589.008	8.9055
592.015	12.919
595.022	16.9325
598.025	4.94592
601.029	16.9593
604.032	4.9727
607.033	-3.01396
610.034	14.9993
613.032	-2.98739
616.032	1.02585
619.028	25.039
622.023	5.05219
625.018	21.0653
628.013	7.07839
631.005	5.09142
633.997	5.10442
636.987	11.1174
639.977	15.1303
642.965	3.14315
645.952	1.15597
648.939	5.16875
651.924	5.18148
654.909	5.19417
657.892	5.20681
660.873	7.2194
663.854	-2.76806
666.835	11.2444
669.813	-4.74312
672.791	11.2693
675.767	11.2816
678.743	1.29391
681.717	13.3061
684.692	9.31833
687.664	7.33046
690.634	5.34254
693.606	11.3546
696.575	11.3665
699.543	5.37843
702.51	15.3903
705.475	7.40207
708.44	5.4138
711.404	13.4255
714.367	19.4371
717.329	-2.55136
720.29	-10.5399
723.25	17.4716
726.207	-4.51709
729.166	5.49421
732.123	17.5054
735.077	3.51661
738.032	-2.47228
740.984	17.5388
743.938	27.5497
746.888	17.5606
749.839	-0.428538
752.788	19.5822
755.735	11.5929
758.682	11.6035
761.627	9.61409
764.574	15.6246
767.517	21.635
770.46	5.64531
773.402	19.6556
776.342	15.6658
779.282	17.6759
782.219	3.6859
785.157	3.69585
788.094	3.70574
791.029	1.71554
793.962	23.7253
796.896	1.73491
799.828	9.74447
802.76	-2.24605
805.689	-2.23665
808.619	1.77268
811.546	25.7819
814.473	9.79107
817.4	17.8001
820.324	15.8091
823.248	7.81803
826.17	29.8268
829.092	19.8356
832.012	21.8442
834.932	11.8528
837.851	19.8612
840.768	13.8696
843.685	27.8779
846.599	19.8861
849.514	-0.105776
852.428	25.9022
855.339	29.9102
858.251	9.918
861.16	1.92574
864.07	23.9334
866.978	3.94094
869.884	15.9484
872.792	17.9558
875.696	15.963
878.599	3.97019
881.502	15.9773
884.404	13.9842
887.304	11.9911
890.204	15.9979
893.103	12.0046
896.001	14.0111
898.898	20.0176
901.794	18.024
904.689	-1.96975
907.581	14.0364
910.474	8.04248
913.364	20.0484
916.256	22.0543
919.144	2.06004
922.034	0.0656892
924.92	16.0712
927.808	6.07666
930.693	4.08198
933.576	26.0872
936.459	22.0923
939.341	-1.9027
942.222	16.1022
945.102	6.10696
947.981	4.11163
950.859	0.116183
953.737	4.12063
956.613	4.12496
959.488	-1.87083
962.361	4.13327
965.235	22.1373
968.105	-1.85887
970.977	10.1449
973.846	32.1485
976.716	10.1521
979.583	8.15546
982.449	22.1588
985.316	18.1619
988.18	16.165
991.043	0.16791
993.906	16.1707
996.767	14.1734
999.628	20.176
1002.49	4.17844
1005.35	6.18076
1008.2	4.18297
1011.06	12.185
1013.91	24.187
1016.77	10.1888
1019.62	18.1905
1022.48	8.19213
1025.33	20.1936
1028.18	12.1949
1031.03	14.1961
1033.87	12.1972
1036.72	-3.80186
1039.57	12.199
1042.41	10.1996
1045.26	10.2002
1048.1	16.2006
1050.94	12.2009
1053.78	24.2011
1056.62	20.2011
1059.46	-7.79896
1062.3	22.2008
1065.14	16.2004
1067.97	-5.80005
1070.81	20.1993
1073.64	4.19855
1076.47	8.19765
1079.31	12.1966
1082.14	0.19544
1084.97	12.1941
1087.8	8.19268
1090.63	6.19109
1093.45	2.18937
1096.28	18.1875
1099.1	8.1855
1101.93	16.1834
1104.75	6.18107
1107.57	6.17864
1110.39	4.17607
1113.21	12.1734
1116.03	-1.82949
1118.85	18.1675
1121.66	18.1644
1124.48	8.1611
1127.3	16.1577
1130.11	16.1541
1132.92	14.1504
1135.73	2.14652
1138.54	10.1425
1141.35	16.1384
1144.16	8.13405
1146.97	0.129594
1149.78	6.12499
1152.58	14.1202
1155.39	16.1153
1158.19	4.1103
1161	6.1051
1163.8	16.0998
1166.6	6.09425
1169.4	2.08859
1172.2	-1.91721
1174.99	14.0768
1177.79	14.0707
1180.59	6.06446
1183.38	20.058
1186.17	12.0515
1188.97	20.0447
1191.76	14.0379
1194.55	14.0308
1197.34	16.0236
1200.13	20.0163
1202.92	6.00875
1205.7	10.0011
1208.49	5.99326
1211.27	11.9853
1214.06	3.97714
1216.84	1.96883
1219.62	21.9604
1222.4	33.9517
1225.18	7.94296
1227.96	9.93401
1230.74	-0.0750993
1233.51	15.9156
1236.29	13.9062
1239.06	9.8966
1241.84	19.8868
1244.61	11.8769
1247.38	7.86683
1250.15	11.8566
1252.92	3.84616
1255.69	13.8356
1258.46	3.82483
1261.23	-10.1861
1263.99	-4.19718
1266.76	17.7916
1269.52	13.7802
1272.28	-0.231435
1275.05	17.7568
1277.81	-6.25512
1280.57	11.7328
1283.33	11.7205
1286.08	17.7081
1288.84	5.69547
1291.6	23.6827
1294.35	-0.330263
1297.11	11.6566
1299.86	11.6433
1302.61	15.6298
1305.36	15.6162
1308.11	1.60239
1310.86	19.5884
1313.61	17.5742
1316.36	17.5599
1319.1	-12.4546
1321.85	25.5307
1324.59	19.5158
1327.33	3.50078
1330.08	7.48556
1332.82	11.4702
1335.56	17.4546
1338.3	7.43882
1341.04	11.4229
1343.77	-0.593221
1346.51	9.39049
1349.25	-4.62599
1351.98	13.3574
1354.71	3.34052
1357.45	9.32351
1360.18	9.30632
1362.91	19.2889
1365.64	17.2714
1368.37	19.2536
1371.09	15.2357
1373.82	11.2176
1376.54	9.19931
1379.27	1.18083
1381.99	11.1622
1384.72	13.1433
1387.44	15.1243
1390.16	15.1051
1392.88	15.0857
1395.6	11.0661
1398.31	29.0463
1401.03	15.0263
1403.75	11.0062
1406.46	16.9858
1409.18	14.9653
1411.89	2.94457
1414.6	12.9237
1417.31	18.9026
1420.02	6.88129
1422.73	-1.14019
1425.44	10.8381
1428.15	-3.18371
1430.85	16.7942
1433.56	10.772
1436.26	10.7496
1438.97	14.7269
1441.67	12.7041
1444.37	6.68111
1447.07	6.6579
1449.77	14.6345
1452.47	14.6109
1455.16	14.5871
1457.86	10.5631
1460.56	12.5389
1463.25	30.5146
1465.94	0.490011
1468.64	8.46524
1471.33	6.44028
1474.02	22.4151
1476.71	12.3898
1479.4	10.3642
1482.09	26.3384
1484.77	6.31249
1487.46	4.28635
1490.14	18.26
1492.83	0.233445
1495.51	-15.7933
1498.19	6.17974
1500.87	6.15261
1503.55	2.12525
1506.23	-1.90231
1508.91	10.0699
1511.59	26.042
1514.27	10.0138
1516.94	7.98548
1519.62	17.9569
1522.29	7.92814
1524.96	29.8992
1527.63	17.87
1530.3	5.84062
1532.97	27.811
1535.64	-6.21875
1538.31	23.7513
1540.98	-4.27893
1543.64	11.6907
1546.31	13.6601
1548.97	9.62924
1551.63	1.59823
1554.3	7.56698
1556.96	5.53555
1559.62	19.5039
1562.28	-4.52794
1564.94	7.44001
1567.59	7.40774
1570.25	5.37526
1572.9	-2.65743
1575.56	17.3097
1578.21	3.27658
1580.86	15.2433
1583.52	13.2097
1586.17	7.17599
1588.82	7.14203
1591.47	5.10787
1594.11	15.0735
1596.76	15.0389
1599.41	9.00414
1602.05	8.96913
1604.69	28.9339
1607.34	-3.10153
1609.98	14.8628
1612.62	-1.17305
1615.26	-3.20913
1617.9	-1.2454
1620.54	4.71808
1623.18	10.6814
1625.81	4.64442
1628.45	18.6073
1631.08	16.5699
1633.72	2.53234
1636.35	-9.50546
1638.98	12.4565
1641.61	12.4183
1644.24	14.3798
1646.87	10.3412
1649.5	20.3023
1652.13	2.26319
1654.75	2.22386
1657.38	34.1843
1660	10.1446
1662.63	16.1046
1665.25	10.0644
1667.87	-3.97604
1670.49	1.98332
1673.11	11.9425
1675.73	19.9014
1678.35	7.86009
1680.96	11.8186
1683.58	23.7768
1686.19	17.7349
1688.81	7.69267
1691.42	9.65028
1694.03	7.60763
1696.64	9.56479
1699.25	15.5217
1701.87	13.4784
1704.47	3.43488
1707.08	9.39113
1709.69	-0.652839
1712.29	17.303
1714.9	1.25854
1717.5	5.21392
1720.1	1.16904
1722.71	17.1239
1725.31	5.07862
1727.91	29.0331
1730.51	8.9873
1733.1	24.9413
1735.7	6.89506
1738.3	14.8486
1740.89	8.80193
1743.49	2.75502
1746.08	12.7079
1748.67	4.66051
1751.26	-3.38706
1753.86	8.56511
1756.45	-1.48295
1759.03	18.4688
1761.62	12.4203
1764.21	14.3715
1766.8	-1.67741
1769.38	4.2734
1771.97	20.2239
1774.55	10.1743
1777.13	14.1244
1779.71	8.07428
1782.29	12.024
1784.87	1.97337
1787.45	15.9225
1790.03	9.87152
1792.61	11.8202
1795.18	13.7687
1797.76	5.71697
1800.33	5.665
1802.9	19.6128
1805.48	-2.43963
1808.05	15.5077
1810.62	15.4548
1813.19	11.4016
1815.76	-6.65174
1818.33	17.2946
1820.89	7.24078
1823.46	1.18672
1826.02	13.1324
1828.59	1.07785
1831.15	17.0231
1833.71	18.968
1836.27	26.9128
1838.84	16.8573
1841.39	-3.19844
1843.95	12.7456
1846.51	6.68938
1849.07	6.63297
1851.62	4.57628
1854.18	6.51935
1856.73	22.4622
1859.29	2.40481
1861.84	10.3472
1864.39	20.2893
1866.94	-1.7688
1869.49	16.1729
1872.04	-5.88572
1874.59	26.0555
1877.13	1.99639
1879.68	7.93712
1882.22	5.87757
1884.77	15.8178
1887.31	17.7578
1889.85	5.69749
1892.39	9.637
1894.93	3.57627
1897.47	19.5153
1900.01	3.45404
1902.55	5.39257
1905.09	19.3309
1907.62	1.26891
1910.16	5.20675
1912.69	-2.85569
1915.22	25.0816
1917.76	5.01872
1920.29	6.95553
1922.82	10.8921
1925.35	18.8285
1927.88	18.7646
1930.4	4.70046
1932.93	-1.36392
1935.46	18.5715
1937.98	2.50658
1940.51	18.4415
1943.03	14.3761
1945.55	6.31052
1948.07	8.24466
1950.59	8.17859
1953.11	4.11223
1955.63	6.04566
1958.15	21.9788
1960.67	19.9118
1963.18	-0.15554
1965.7	-2.22311
1968.21	-0.290923
1970.73	-10.359
1973.24	33.5727
1975.75	11.5042
1978.26	7.43535
1980.77	11.3663
1983.28	5.297
1985.79	9.22748
1988.29	1.1577
1990.8	5.08762
1993.31	1.01734
1995.81	-7.0532
1998.31	20.8761
