100.093	19.9275
103.274	7.95436
106.457	11.9812
109.636	8.00797
112.817	20.0347
115.994	24.0614
119.172	30.0881
122.347	20.1148
125.521	6.14137
128.696	12.168
131.868	12.1945
135.039	4.221
138.209	4.24747
141.379	8.27391
144.547	12.3003
147.713	4.32667
150.879	18.353
154.043	6.37928
157.206	2.40552
160.368	2.43174
163.529	4.45791
166.689	2.48405
169.848	12.5101
173.006	8.5362
176.163	24.5622
179.316	0.588193
182.471	0.614137
185.625	6.64004
188.777	-11.3341
191.927	6.69172
195.077	-1.2825
198.224	2.74323
201.372	10.7689
204.52	4.79461
207.664	10.8202
210.809	10.8458
213.95	4.87132
217.091	12.8968
220.233	-1.07773
223.372	12.9477
226.509	18.973
229.648	4.99836
232.784	-0.976371
235.918	7.04886
239.051	23.074
242.186	13.0992
245.317	15.1243
248.447	5.14936
251.577	5.17437
254.705	-0.800659
257.832	11.2243
260.958	9.24914
264.083	1.27398
267.204	7.29875
270.327	-0.676511
273.449	-2.65181
276.57	13.3728
279.69	7.39744
282.806	17.422
285.924	7.44649
289.04	7.47096
292.154	15.4954
295.268	17.5197
298.379	5.54404
301.492	3.56831
304.601	7.59252
307.711	9.6167
310.818	1.64082
313.924	7.66488
317.031	5.68892
320.135	23.7129
323.238	7.7368
326.34	11.7607
329.443	-6.21549
332.543	11.8083
335.642	5.832
338.74	17.8557
341.836	7.87928
344.932	7.90285
348.027	21.9264
351.12	-4.05017
354.213	-2.02676
357.302	17.9966
360.393	12.0199
363.482	20.0432
366.57	-9.93363
369.656	14.0895
372.742	12.1126
375.827	12.1357
378.91	-1.84137
381.993	-3.81843
385.073	6.20444
388.154	4.22728
391.232	18.25
394.311	14.2728
397.387	2.29542
400.462	-9.68198
403.536	12.3406
406.611	4.36308
409.683	6.38551
412.754	-7.59211
415.824	28.4302
418.893	2.45249
421.961	8.4747
425.027	14.4969
428.093	4.51896
431.158	0.541003
434.222	2.56299
437.284	20.5849
440.346	6.60679
443.407	10.6286
446.464	0.650351
449.523	2.67205
452.581	14.6937
455.635	16.7153
458.691	4.73679
461.743	0.758239
464.797	0.779646
467.847	0.80098
470.899	20.8223
473.947	-3.15652
476.994	8.86464
480.043	18.8858
483.088	10.9068
486.133	-5.07224
489.176	-3.05132
492.22	4.96955
495.262	4.99034
498.302	11.0111
501.341	3.03175
504.38	15.0524
507.417	11.0729
510.453	3.09339
513.487	3.11381
516.521	1.13417
519.554	-10.8455
522.586	-2.82529
525.616	9.19487
528.646	1.21498
531.675	21.235
534.701	9.25501
537.729	7.27493
540.753	7.29478
543.778	9.31457
546.8	17.3343
549.821	13.3539
552.844	-0.62645
555.863	13.3931
558.881	5.41254
561.898	1.43193
564.916	23.4513
567.932	-0.529456
570.946	1.48974
573.959	1.50888
576.971	3.52795
579.982	-2.45305
582.993	3.56589
586	9.58475
589.008	9.60355
592.015	9.62229
595.022	5.64096
598.025	11.6596
601.029	1.67809
604.032	1.69656
607.033	5.71495
610.034	-0.26672
613.032	3.75153
616.032	9.76973
619.028	-0.212151
622.023	13.8059
625.018	7.82388
628.013	3.8418
631.005	1.85965
633.997	-2.12258
636.987	5.89512
639.977	1.91276
642.965	11.9303
645.952	9.94782
648.939	11.9652
651.924	11.9826
654.909	-2.00011
657.892	14.0171
660.873	4.03424
663.854	2.05131
666.835	2.06831
669.813	6.08523
672.791	8.10209
675.767	4.11887
678.743	16.1356
681.717	2.15222
684.692	4.1688
687.664	-1.81471
690.634	24.2017
693.606	2.21806
696.575	-1.76566
699.543	10.2505
702.51	6.26666
705.475	-1.71728
708.44	2.2987
711.404	6.31461
714.367	-1.66956
717.329	12.3462
720.29	2.36189
723.25	10.3775
726.207	10.393
729.166	2.4085
732.123	-1.57611
735.077	14.4392
738.032	-5.54557
740.984	16.4696
743.938	18.4847
746.888	10.4997
749.839	4.51462
752.788	8.52948
755.735	-3.45574
758.682	2.55896
761.627	0.573587
764.574	28.5881
767.517	6.60262
770.46	4.61702
773.402	8.63134
776.342	20.6456
779.282	14.6598
782.219	-5.32616
785.157	20.6878
788.094	8.70179
791.029	0.715643
793.962	20.7294
796.896	12.7431
799.828	14.7567
802.76	4.77028
805.689	8.78374
808.619	12.7971
811.546	18.8104
814.473	18.8237
817.4	8.83681
820.324	8.84988
823.248	0.862867
826.17	4.87577
829.092	-1.1114
832.012	6.90135
834.932	12.914
837.851	20.9266
840.768	6.93912
843.685	20.9516
846.599	12.9639
849.514	0.976162
852.428	20.9883
855.339	15.0005
858.251	17.0125
861.16	5.02442
864.07	13.0363
866.978	7.04806
869.884	15.0598
872.792	15.0714
875.696	15.0829
878.599	19.0944
881.502	13.1057
884.404	15.117
887.304	9.12821
890.204	1.13933
893.103	11.1504
896.001	13.1613
898.898	11.1722
901.794	9.18299
904.689	3.1937
907.581	19.2043
910.474	17.2149
913.364	7.22531
916.256	15.2357
919.144	15.246
922.034	7.25618
924.92	3.2663
927.808	7.27633
930.693	19.2863
933.576	9.29615
936.459	23.3059
939.341	17.3156
942.222	5.32523
945.102	-12.6652
947.981	9.3442
950.859	7.35356
953.737	9.36283
956.613	1.37201
959.488	-2.61889
962.361	19.3901
965.235	7.39905
968.105	9.40789
970.977	17.4166
973.846	15.4253
976.716	13.4339
979.583	5.44239
982.449	13.4508
985.316	-0.540878
988.18	13.4674
991.043	-0.524498
993.906	-0.516438
996.767	17.4915
999.628	17.4994
1002.49	23.5072
1005.35	1.51493
1008.2	9.52255
1011.06	7.53009
1013.91	5.53753
1016.77	5.54489
1019.62	11.5522
1022.48	29.5593
1025.33	3.56644
1028.18	23.5734
1031.03	17.5804
1033.87	13.5872
1036.72	9.59393
1039.57	1.60058
1042.41	27.6071
1045.26	5.61361
1048.1	1.61999
1050.94	11.6263
1053.78	-0.367514
1056.62	5.6386
1059.46	13.6446
1062.3	5.65056
1065.14	-0.3436
1067.97	9.66215
1070.81	13.6678
1073.64	9.67339
1076.47	3.67887
1079.31	9.68426
1082.14	17.6896
1084.97	1.69478
1087.8	5.6999
1090.63	9.70492
1093.45	23.7099
1096.28	9.71471
1099.1	31.7195
1101.93	3.72413
1104.75	17.7287
1107.57	-0.266821
1110.39	17.7376
1113.21	1.74186
1116.03	17.7461
1118.85	19.7502
1121.66	25.7542
1124.48	9.75813
1127.3	11.762
1130.11	21.7657
1132.92	5.76936
1135.73	9.77292
1138.54	9.77639
1141.35	21.7798
1144.16	5.78304
1146.97	15.7862
1149.78	1.78932
1152.58	11.7923
1155.39	3.79523
1158.19	7.79804
1161	27.8008
1163.8	9.80339
1166.6	7.80592
1169.4	3.80836
1172.2	5.81071
1174.99	5.81296
1177.79	5.81512
1180.59	17.8172
1183.38	15.8191
1186.17	3.82102
1188.97	-0.177197
1191.76	-0.175512
1194.55	11.8261
1197.34	11.8276
1200.13	11.829
1202.92	15.8303
1205.7	17.8315
1208.49	5.83261
1211.27	-4.16637
1214.06	27.8346
1216.84	9.83539
1219.62	7.83612
1222.4	5.83676
1225.18	5.8373
1227.96	15.8377
1230.74	1.8381
1233.51	5.83836
1236.29	17.8385
1239.06	13.8386
1241.84	11.8385
1244.61	19.8384
1247.38	7.83819
1250.15	13.8379
1252.92	1.83745
1255.69	-12.1631
1258.46	-4.16367
1261.23	3.83562
1263.99	-2.16519
1266.76	13.8339
1269.52	7.83291
1272.28	-0.168186
1275.05	15.8306
1277.81	15.8293
1280.57	5.82794
1283.33	11.8265
1286.08	5.82487
1288.84	-2.17681
1291.6	9.82141
1294.35	11.8195
1297.11	11.8176
1299.86	15.8155
1302.61	-4.18669
1305.36	-0.188953
1308.11	19.8087
1310.86	11.8062
1313.61	7.80365
1316.36	7.80099
1319.1	1.79823
1321.85	5.79537
1324.59	-4.20759
1327.33	7.78935
1330.08	1.7862
1332.82	1.78294
1335.56	9.77959
1338.3	11.7761
1341.04	3.77258
1343.77	15.7689
1346.51	7.76518
1349.25	5.76133
1351.98	11.7574
1354.71	3.75333
1357.45	3.74919
1360.18	9.74494
1362.91	-0.259412
1365.64	19.7361
1368.37	9.73159
1371.09	11.7269
1373.82	3.7222
1376.54	9.71735
1379.27	9.7124
1381.99	3.70736
1384.72	1.70221
1387.44	15.697
1390.16	11.6916
1392.88	19.6862
1395.6	5.68061
1398.31	1.67496
1401.03	9.6692
1403.75	7.66335
1406.46	9.65739
1409.18	19.6513
1411.89	23.6452
1414.6	7.63893
1417.31	17.6326
1420.02	11.6261
1422.73	11.6195
1425.44	9.61289
1428.15	11.6061
1430.85	7.59926
1433.56	9.59229
1436.26	9.58522
1438.97	17.5781
1441.67	7.57078
1444.37	-0.436591
1447.07	17.5559
1449.77	17.5484
1452.47	19.5407
1455.16	-0.467106
1457.86	3.52501
1460.56	-0.482978
1463.25	13.5089
1465.94	7.50074
1468.64	7.49245
1471.33	3.48406
1474.02	7.47555
1476.71	-0.533045
1479.4	1.45825
1482.09	5.44944
1484.77	-8.55947
1487.46	13.4315
1490.14	7.42241
1492.83	1.41319
1495.51	5.40387
1498.19	11.3944
1500.87	11.3849
1503.55	3.37529
1506.23	-6.63445
1508.91	-0.644284
1511.59	3.34577
1514.27	17.3357
1516.94	11.3256
1519.62	11.3153
1522.29	9.30498
1524.96	19.2945
1527.63	1.28396
1530.3	5.27329
1532.97	1.26252
1535.64	15.2516
1538.31	19.2407
1540.98	9.22959
1543.64	9.2184
1546.31	9.20711
1548.97	-10.8043
1551.63	-4.81578
1554.3	17.1726
1556.96	19.1609
1559.62	21.1491
1562.28	7.13718
1564.94	11.1252
1567.59	23.113
1570.25	7.10081
1572.9	-2.91153
1575.56	15.076
1578.21	15.0635
1580.86	7.05084
1583.52	3.03808
1586.17	21.0252
1588.82	5.01226
1591.47	-1.0008
1594.11	12.986
1596.76	8.97275
1599.41	6.95936
1602.05	10.9459
1604.69	18.9323
1607.34	10.9186
1609.98	4.90477
1612.62	20.8909
1615.26	-3.12316
1617.9	16.8627
1620.54	20.8485
1623.18	4.83417
1625.81	0.819723
1628.45	2.80518
1631.08	-3.20947
1633.72	12.7758
1636.35	12.7609
1638.98	-3.25405
1641.61	16.7309
1644.24	4.7157
1646.87	14.7004
1649.5	8.68502
1652.13	24.6695
1654.75	-1.34608
1657.38	16.6382
1660	16.6224
1662.63	4.60647
1665.25	10.5904
1667.87	0.574302
1670.49	8.55806
1673.11	6.54171
1675.73	-1.47474
1678.35	12.5087
1680.96	14.492
1683.58	14.4753
1686.19	8.45838
1688.81	2.44138
1691.42	8.4243
1694.03	20.4071
1696.64	10.3898
1699.25	-3.62763
1701.87	18.3548
1704.47	10.3372
1707.08	6.31948
1709.69	10.3016
1712.29	0.283683
1714.9	14.2656
1717.5	18.2475
1720.1	12.2292
1722.71	12.2108
1725.31	14.1923
1727.91	14.1737
1730.51	12.155
1733.1	10.1362
1735.7	20.1173
1738.3	10.0983
1740.89	-1.92085
1743.49	26.0599
1746.08	-3.95943
1748.67	4.02111
1751.26	6.00156
1753.86	7.98189
1756.45	13.9621
1759.03	17.9422
1761.62	7.92223
1764.21	-4.09786
1766.8	9.88193
1769.38	11.8616
1771.97	7.84118
1774.55	3.82065
1777.13	15.8
1779.71	15.7793
1782.29	23.7584
1784.87	7.73745
1787.45	15.7164
1790.03	13.6952
1792.61	5.67391
1795.18	15.6525
1797.76	15.631
1800.33	11.6094
1802.9	9.58768
1805.48	21.5659
1808.05	27.5439
1810.62	21.5219
1813.19	3.49971
1815.76	17.4774
1818.33	17.4551
1820.89	3.43259
1823.46	11.41
1826.02	-2.6127
1828.59	15.3645
1831.15	1.34159
1833.71	9.31856
1836.27	13.2954
1838.84	-8.72781
1841.39	11.2488
1843.95	-4.77462
1846.51	11.2018
1849.07	21.1781
1851.62	5.15436
1854.18	13.1305
1856.73	3.10646
1859.29	15.0823
1861.84	15.0581
1864.39	19.0338
1866.94	21.0093
1869.49	18.9848
1872.04	8.96015
1874.59	4.93538
1877.13	20.9105
1879.68	2.88553
1882.22	2.86044
1884.77	8.83523
1887.31	2.80993
1889.85	6.78449
1892.39	-3.24103
1894.93	18.7333
1897.47	14.7076
1900.01	-3.31828
1902.55	22.6558
1905.09	12.6297
1907.62	6.60349
1910.16	4.57721
1912.69	8.5508
1915.22	6.52428
1917.76	10.4977
1920.29	2.47092
1922.82	8.44408
1925.35	18.4171
1927.88	20.3901
1930.4	10.3629
1932.93	-1.66439
1935.46	12.3082
1937.98	-1.71928
1940.51	2.2531
1943.03	6.22538
1945.55	18.1976
1948.07	10.1696
1950.59	2.14157
1953.11	4.1134
1955.63	2.08514
1958.15	22.0568
1960.67	24.0283
1963.18	17.9997
1965.7	9.97097
1968.21	9.94215
1970.73	-2.08678
1973.24	7.88418
1975.75	7.85504
1978.26	7.82578
1980.77	13.7964
1983.28	7.76693
1985.79	3.73735
1988.29	9.70765
1990.8	15.6778
1993.31	3.64791
1995.81	3.61788
1998.31	-4.41224
