100.093	-1.26093
103.274	14.7345
106.457	10.73
109.636	0.725703
112.817	26.7216
115.994	8.71756
119.172	14.7137
122.347	30.71
125.521	14.7065
128.696	18.7031
131.868	14.6998
135.039	22.6967
138.209	14.6938
141.379	-3.30903
144.547	6.68831
147.713	10.6858
150.879	8.68342
154.043	14.6812
157.206	16.6791
160.368	18.6771
163.529	10.6753
166.689	6.67367
169.848	14.6721
173.006	12.6707
176.163	4.66948
179.316	24.6684
182.471	16.6674
185.625	6.66653
188.777	-3.33419
191.927	-1.33478
195.077	-7.33523
198.224	4.66445
201.372	22.6643
204.52	10.6642
207.664	18.6643
210.809	-1.33554
213.95	2.66479
217.091	22.6652
220.233	18.6658
223.372	16.6665
226.509	18.6673
229.648	12.6683
232.784	38.6694
235.918	16.6706
239.051	8.67187
242.186	0.673309
245.317	10.6749
248.447	12.6765
251.577	22.6783
254.705	4.68024
257.832	14.6823
260.958	20.6844
264.083	20.6867
267.204	12.689
270.327	-3.30847
273.449	12.6941
276.57	6.69684
279.69	8.69967
282.806	4.7026
285.924	14.7056
289.04	14.7088
292.154	26.7121
295.268	16.7154
298.379	16.7189
301.492	12.7225
304.601	16.7262
307.711	10.73
310.818	12.7339
313.924	14.7379
317.031	20.742
320.135	6.74618
323.238	16.7505
326.34	8.75489
329.443	8.7594
332.543	18.764
335.642	16.7687
338.74	14.7735
341.836	0.77841
344.932	16.7834
348.027	10.7885
351.12	10.7937
354.213	20.799
357.302	18.8043
360.393	22.8098
363.482	14.8153
366.57	2.821
369.656	0.826734
372.742	12.8326
375.827	6.83848
378.91	0.844484
381.993	18.8506
385.073	16.8568
388.154	10.863
391.232	14.8694
394.311	-1.12419
397.387	14.8823
400.462	10.8889
403.536	4.89562
406.611	4.90239
409.683	28.9092
412.754	4.91617
415.824	0.923183
418.893	6.93027
421.961	12.9374
425.027	12.9447
428.093	2.95201
431.158	8.95941
434.222	6.96689
437.284	4.97445
440.346	-3.01793
443.407	10.9898
446.464	2.99755
449.523	15.0054
452.581	17.0133
455.635	7.0213
458.691	19.0294
461.743	-0.962508
464.797	33.0457
467.847	11.054
470.899	15.0623
473.947	17.0707
476.994	1.07917
480.043	17.0877
483.088	11.0963
486.133	-4.89502
489.176	23.1137
492.22	9.1225
495.262	-10.8686
498.302	9.14028
501.341	5.14926
504.38	1.1583
507.417	17.1674
510.453	15.1766
513.487	13.1858
516.521	3.19505
519.554	-6.79561
522.586	9.21378
525.616	-2.77677
528.646	9.23273
531.675	17.2423
534.701	9.2519
537.729	7.26157
540.753	19.2713
543.778	13.2811
546.8	1.29089
549.821	5.30076
552.844	1.31069
555.863	11.3207
558.881	11.3307
561.898	1.34077
564.916	-2.64911
567.932	-6.63894
570.946	13.3713
573.959	11.3815
576.971	11.3919
579.982	-8.59779
582.993	-4.58739
586	15.423
589.008	5.43353
592.015	11.4441
595.022	5.45463
598.025	27.4652
601.029	-4.5241
604.032	5.48659
607.033	23.4973
610.034	-0.491905
613.032	13.5189
616.032	7.52975
619.028	19.5406
622.023	5.55155
625.018	17.5625
628.013	9.57351
631.005	-0.415467
633.997	-2.40441
636.987	13.6067
639.977	3.61782
642.965	13.629
645.952	-2.35983
648.939	15.6514
651.924	5.66265
654.909	7.67394
657.892	1.68525
660.873	17.6966
663.854	5.70796
666.835	-6.28063
669.813	19.7308
672.791	-2.25775
675.767	9.75372
678.743	11.7652
681.717	-2.22324
684.692	23.7883
687.664	13.7999
690.634	9.81149
693.606	7.82312
696.575	11.8348
699.543	11.8464
702.51	15.8581
705.475	11.8698
708.44	7.88156
711.404	21.8933
714.367	1.90507
717.329	7.91686
720.29	1.92866
723.25	-0.0595185
726.207	-0.0476884
729.166	-12.0358
732.123	11.976
735.077	7.98791
738.032	11.9998
740.984	6.01172
743.938	6.02365
746.888	16.0356
749.839	22.0475
752.788	28.0595
755.735	20.0715
758.682	0.0834392
761.627	4.09543
764.574	16.1074
767.517	4.11945
770.46	18.1315
773.402	4.14349
776.342	20.1555
779.282	4.16756
782.219	14.1796
785.157	6.19165
788.094	20.2037
791.029	12.2158
793.962	-1.77216
796.896	-1.76009
799.828	6.25198
802.76	26.2641
805.689	12.2761
808.619	20.2882
811.546	10.3003
814.473	6.31236
817.4	10.3244
820.324	14.3365
823.248	2.3486
826.17	12.3607
829.092	16.3727
832.012	18.3848
834.932	26.3969
837.851	24.4089
840.768	8.42101
843.685	8.43306
846.599	16.4451
849.514	6.45715
852.428	6.46919
855.339	6.48122
858.251	10.4932
861.16	20.5053
864.07	4.51727
866.978	-3.47074
869.884	4.54125
872.792	2.55323
875.696	-1.4348
878.599	16.5772
881.502	14.5891
884.404	12.601
887.304	10.613
890.204	8.62487
893.103	16.6368
896.001	12.6487
898.898	0.660523
901.794	4.67238
904.689	0.684221
907.581	2.69604
910.474	8.70785
913.364	8.71964
916.256	16.7314
919.144	22.7432
922.034	18.7549
924.92	2.76662
927.808	12.7783
930.693	18.79
933.576	2.80167
936.459	10.8133
939.341	-5.17507
942.222	18.8365
945.102	0.848102
947.981	24.8597
950.859	4.87119
953.737	6.8827
956.613	18.8942
959.488	22.9056
962.361	16.9171
965.235	-5.07151
968.105	26.9399
970.977	8.95123
973.846	2.96256
976.716	10.9739
979.583	18.9851
982.449	6.99639
985.316	15.0076
988.18	15.0188
991.043	15.03
993.906	3.0411
996.767	7.05221
999.628	11.0633
1002.49	3.07432
1005.35	-0.914669
1008.2	13.0963
1011.06	5.10725
1013.91	21.1182
1016.77	9.12905
1019.62	-2.86011
1022.48	5.1507
1025.33	13.1615
1028.18	23.1722
1031.03	29.1829
1033.87	9.19359
1036.72	1.20423
1039.57	23.2148
1042.41	17.2254
1045.26	15.2359
1048.1	15.2464
1050.94	3.25683
1053.78	7.26724
1056.62	23.2776
1059.46	11.2879
1062.3	3.29822
1065.14	17.3085
1067.97	17.3187
1070.81	15.3288
1073.64	1.33895
1076.47	13.349
1079.31	13.3591
1082.14	1.36906
1084.97	11.379
1087.8	15.3889
1090.63	7.39877
1093.45	3.40858
1096.28	3.41835
1099.1	9.42807
1101.93	5.43775
1104.75	7.44738
1107.57	9.45697
1110.39	17.4665
1113.21	7.47599
1116.03	15.4854
1118.85	11.4948
1121.66	7.50416
1124.48	19.5135
1127.3	15.5227
1130.11	9.53189
1132.92	5.54103
1135.73	-8.44988
1138.54	7.55915
1141.35	17.5681
1144.16	5.57708
1146.97	13.586
1149.78	1.59479
1152.58	13.6036
1155.39	5.61228
1158.19	13.6209
1161	5.62955
1163.8	11.6381
1166.6	13.6466
1169.4	5.65506
1172.2	-2.33656
1174.99	13.6718
1177.79	5.68005
1180.59	19.6883
1183.38	-4.30358
1186.17	1.70452
1188.97	31.7126
1191.76	1.72055
1194.55	7.72847
1197.34	17.7363
1200.13	21.7441
1202.92	19.7519
1205.7	7.75956
1208.49	9.76718
1211.27	5.77474
1214.06	5.78223
1216.84	19.7897
1219.62	9.79704
1222.4	1.80435
1225.18	7.81159
1227.96	15.8188
1230.74	7.82588
1233.51	19.8329
1236.29	9.83992
1239.06	-4.15316
1241.84	-4.14631
1244.61	-4.13952
1247.38	15.8672
1250.15	5.87385
1252.92	-0.11956
1255.69	9.88696
1258.46	5.89341
1261.23	13.8998
1263.99	15.9061
1266.76	11.9124
1269.52	1.91852
1272.28	23.9246
1275.05	5.93066
1277.81	-2.06337
1280.57	1.94252
1283.33	-6.05166
1286.08	3.95409
1288.84	-8.04023
1291.6	19.9654
1294.35	5.97091
1297.11	11.9764
1299.86	-6.01825
1302.61	5.98707
1305.36	7.9923
1308.11	7.99747
1310.86	26.0026
1313.61	4.00757
1316.36	2.01251
1319.1	16.0174
1321.85	10.0222
1324.59	20.0269
1327.33	0.031493
1330.08	20.036
1332.82	12.0405
1335.56	10.0449
1338.3	0.0492461
1341.04	20.0535
1343.77	16.0576
1346.51	6.06173
1349.25	10.0657
1351.98	10.0697
1354.71	8.07351
1357.45	-3.92273
1360.18	14.0809
1362.91	6.08455
1365.64	18.0881
1368.37	6.09151
1371.09	24.0949
1373.82	8.09813
1376.54	14.1013
1379.27	2.10443
1381.99	12.1074
1384.72	8.11039
1387.44	10.1132
1390.16	4.11601
1392.88	10.1187
1395.6	16.1213
1398.31	4.12381
1401.03	16.1262
1403.75	-3.87143
1406.46	2.13083
1409.18	8.133
1411.89	18.1351
1414.6	10.1371
1417.31	-5.86103
1420.02	12.1408
1422.73	18.1425
1425.44	-3.85584
1428.15	18.1457
1430.85	24.1472
1433.56	16.1485
1436.26	10.1498
1438.97	18.151
1441.67	0.152116
1444.37	14.1531
1447.07	22.154
1449.77	22.1549
1452.47	10.1556
1455.16	4.15625
1457.86	18.1568
1460.56	12.1573
1463.25	8.15762
1465.94	10.1579
1468.64	16.1581
1471.33	6.15815
1474.02	2.15814
1476.71	20.158
1479.4	10.1578
1482.09	0.157535
1484.77	-3.84286
1487.46	4.15666
1490.14	18.1561
1492.83	-11.8446
1495.51	12.1546
1498.19	-3.84626
1500.87	0.152773
1503.55	-1.8483
1506.23	10.1505
1508.91	24.1493
1511.59	18.1479
1514.27	8.14645
1516.94	18.1449
1519.62	16.1432
1522.29	14.1415
1524.96	18.1396
1527.63	8.13765
1530.3	-3.86441
1532.97	22.1334
1535.64	16.1312
1538.31	22.1288
1540.98	8.12634
1543.64	10.1238
1546.31	0.12111
1548.97	0.118338
1551.63	18.1155
1554.3	12.1125
1556.96	14.1094
1559.62	12.1062
1562.28	20.1029
1564.94	20.0995
1567.59	12.0961
1570.25	6.09245
1572.9	16.0887
1575.56	16.0849
1578.21	14.081
1580.86	4.077
1583.52	16.0729
1586.17	10.0686
1588.82	18.0643
1591.47	12.0599
1594.11	-1.9447
1596.76	2.05064
1599.41	4.04588
1602.05	6.041
1604.69	8.03602
1607.34	18.0309
1609.98	18.0257
1612.62	6.02041
1615.26	24.015
1617.9	26.0095
1620.54	8.00382
1623.18	7.99808
1625.81	17.9922
1628.45	21.9862
1631.08	1.98017
1633.72	11.974
1636.35	11.9677
1638.98	9.96127
1641.61	5.95474
1644.24	11.9481
1646.87	1.94135
1649.5	-8.06551
1652.13	23.9275
1654.75	25.9204
1657.38	3.91323
1660	9.90592
1662.63	13.8985
1665.25	23.8909
1667.87	19.8833
1670.49	-0.12448
1673.11	13.8676
1675.73	7.85964
1678.35	-2.14848
1680.96	27.8433
1683.58	23.8349
1686.19	-4.17352
1688.81	23.8179
1691.42	17.8092
1694.03	9.8004
1696.64	7.79147
1699.25	3.78243
1701.87	15.7733
1704.47	13.764
1707.08	1.75458
1709.69	13.7451
1712.29	5.73543
1714.9	5.72568
1717.5	5.71581
1720.1	1.70582
1722.71	11.6957
1725.31	1.68548
1727.91	19.6751
1730.51	19.6647
1733.1	7.65407
1735.7	25.6434
1738.3	7.63253
1740.89	11.6216
1743.49	-4.38949
1746.08	15.5993
1748.67	5.588
1751.26	21.5766
1753.86	3.56501
1756.45	15.5533
1759.03	17.5415
1761.62	-0.470407
1764.21	9.51755
1766.8	17.5054
1769.38	11.4931
1771.97	19.4807
1774.55	23.4681
1777.13	11.4555
1779.71	1.44266
1782.29	21.4298
1784.87	15.4167
1787.45	13.4035
1790.03	-0.609742
1792.61	9.37684
1795.18	9.3633
1797.76	3.34963
1800.33	21.3358
1802.9	13.3219
1805.48	3.30788
1808.05	17.2937
1810.62	11.2794
1813.19	5.26499
1815.76	9.25043
1818.33	25.2358
1820.89	7.22094
1823.46	25.206
1826.02	7.19095
1828.59	19.1758
1831.15	-0.839556
1833.71	-2.85501
1836.27	11.1294
1838.84	11.1137
1841.39	17.0979
1843.95	3.08191
1846.51	25.0658
1849.07	13.0496
1851.62	21.0332
1854.18	13.0168
1856.73	-6.99986
1859.29	8.98339
1861.84	20.9665
1864.39	24.9495
1866.94	-1.06763
1869.49	10.9151
1872.04	4.8977
1874.59	10.8802
1877.13	-5.1375
1879.68	12.8447
1882.22	2.82678
1884.77	2.80871
1887.31	14.7905
1889.85	12.7722
1892.39	8.75373
1894.93	28.7351
1897.47	18.7164
1900.01	14.6975
1902.55	10.6785
1905.09	10.6594
1907.62	-1.35985
1910.16	8.62077
1912.69	20.6012
1915.22	8.58156
1917.76	20.5618
1920.29	16.5418
1922.82	10.5217
1925.35	18.5015
1927.88	16.4812
1930.4	8.46071
1932.93	6.44009
1935.46	20.4193
1937.98	4.39845
1940.51	6.37742
1943.03	-1.64375
1945.55	10.335
1948.07	6.31351
1950.59	14.2919
1953.11	8.27022
1955.63	12.2484
1958.15	6.22639
1960.67	6.20427
1963.18	8.182
1965.7	6.1596
1968.21	16.1371
1970.73	14.1144
1973.24	-9.90845
1975.75	0.0686007
1978.26	12.0455
1980.77	8.02227
1983.28	15.9989
1985.79	3.97537
1988.29	15.9517
1990.8	13.9279
1993.31	-2.09604
1995.81	-0.120115
1998.31	23.8557
