100.093	21.5995
103.274	11.6508
106.457	17.7017
109.636	9.75233
112.817	7.8027
115.994	17.8527
119.172	19.9025
122.347	17.952
125.521	28.0012
128.696	10.0501
131.868	14.0987
135.039	32.147
138.209	14.195
141.379	22.2427
144.547	4.2902
147.713	2.33737
150.879	18.3843
154.043	-1.56915
157.206	6.47718
160.368	-5.47678
163.529	22.569
166.689	12.6145
169.848	12.6597
173.006	14.7046
176.163	12.7493
179.316	8.79361
182.471	16.8377
185.625	24.8815
188.777	-1.07489
191.927	14.9684
195.077	9.01139
198.224	13.0541
201.372	1.0966
204.52	11.1388
207.664	11.1807
210.809	-4.77759
213.95	-0.736205
217.091	3.30492
220.233	-0.654195
223.372	3.3864
226.509	-2.57326
229.648	37.4668
232.784	13.5066
235.918	7.5462
239.051	7.5855
242.186	5.62457
245.317	13.6633
248.447	25.7019
251.577	3.74014
254.705	7.77816
257.832	13.8159
260.958	-0.146571
264.083	15.8907
267.204	-2.07233
270.327	11.9644
273.449	-9.99907
276.57	10.0372
279.69	10.0732
282.806	16.1089
285.924	10.1445
289.04	20.1797
292.154	12.2147
295.268	6.24952
298.379	8.28404
301.492	12.3183
304.601	4.35237
307.711	8.38619
310.818	8.41974
313.924	6.45306
317.031	14.4862
320.135	16.519
323.238	0.551601
326.34	4.58397
329.443	20.6161
332.543	14.648
335.642	8.67969
338.74	32.7111
341.836	2.74233
344.932	24.7733
348.027	10.804
351.12	2.83455
354.213	4.86484
357.302	14.8949
360.393	32.9247
363.482	10.9543
366.57	18.9837
369.656	15.0128
372.742	13.0417
375.827	11.0704
378.91	-2.90109
381.993	15.1272
385.073	17.1552
388.154	15.183
391.232	21.2106
394.311	3.23799
397.387	3.26513
400.462	23.2921
403.536	3.31878
406.611	11.3453
409.683	3.37158
412.754	-8.60235
415.824	7.42351
418.893	17.4492
421.961	-0.525415
425.027	11.4998
428.093	9.52482
431.158	-4.45038
434.222	5.57422
437.284	5.5986
440.346	19.6228
443.407	9.64676
446.464	11.6705
449.523	3.69407
452.581	13.7174
455.635	5.74057
458.691	19.7635
461.743	9.78626
464.797	17.8088
467.847	11.8311
470.899	-4.14671
473.947	-6.12477
476.994	-4.10304
480.043	1.91852
483.088	15.9399
486.133	7.96101
489.176	7.98196
492.22	22.0027
495.262	4.02329
498.302	12.0437
501.341	14.0638
504.38	0.0838286
507.417	-1.89638
510.453	22.1232
513.487	12.1426
516.521	6.16186
519.554	18.1809
522.586	24.1997
525.616	10.2184
528.646	14.2369
531.675	18.2552
534.701	2.27326
537.729	6.29119
540.753	8.30892
543.778	2.32648
546.8	0.34384
549.821	0.361024
552.844	-1.62196
555.863	0.394863
558.881	14.4115
561.898	-1.57203
564.916	0.444274
567.932	8.46039
570.946	2.47632
573.959	2.49208
576.971	16.5077
579.982	-3.47692
582.993	6.53832
586	2.55337
589.008	12.5683
592.015	2.58299
595.022	-5.40246
598.025	16.6119
601.029	24.6261
604.032	-3.35984
607.033	18.654
610.034	-3.33226
613.032	4.68127
616.032	0.694643
619.028	16.7078
622.023	6.72088
625.018	6.73375
628.013	-3.25353
631.005	14.759
633.997	8.7714
636.987	12.7836
639.977	14.7957
642.965	16.8076
645.952	4.81933
648.939	0.830911
651.924	6.84234
654.909	8.85361
657.892	6.86472
660.873	8.87567
663.854	8.88647
666.835	18.8971
669.813	16.9076
672.791	22.9179
675.767	16.9281
678.743	18.9381
681.717	10.948
684.692	0.95775
687.664	-1.03268
690.634	2.97675
693.606	12.986
696.575	8.99516
699.543	21.0041
702.51	1.01297
705.475	13.0217
708.44	-0.969805
711.404	3.03859
714.367	9.04684
717.329	9.05495
720.29	3.06291
723.25	17.0707
726.207	15.0784
729.166	3.08594
732.123	3.09334
735.077	15.1006
738.032	5.10771
740.984	9.11468
743.938	23.1215
746.888	21.1282
749.839	15.1348
752.788	15.1412
755.735	21.1475
758.682	-0.846345
761.627	21.1597
764.574	11.1656
767.517	17.1713
770.46	7.17694
773.402	7.18242
776.342	9.18778
779.282	3.19301
782.219	17.1981
785.157	13.2031
788.094	11.2079
791.029	9.21261
793.962	27.2172
796.896	21.2216
799.828	-2.77404
802.76	25.2302
805.689	23.2342
808.619	19.2382
811.546	5.242
814.473	11.2457
817.4	-2.75072
820.324	13.2527
823.248	15.2561
826.17	13.2593
829.092	15.2624
832.012	5.26534
834.932	15.2682
837.851	23.2709
840.768	3.27353
843.685	23.276
846.599	-0.721594
849.514	11.2807
852.428	-0.717187
855.339	23.2848
858.251	11.2868
861.16	1.28856
864.07	7.29024
866.978	29.2918
869.884	15.2933
872.792	25.2946
875.696	25.2959
878.599	21.297
881.502	7.29801
884.404	9.29891
887.304	9.29971
890.204	11.3004
893.103	1.30098
896.001	13.3015
898.898	15.3018
901.794	13.3021
904.689	7.30223
907.581	15.3023
910.474	-2.69778
913.364	15.3021
916.256	-0.6982
919.144	21.3014
922.034	15.301
924.92	-2.69961
927.808	15.2997
930.693	-0.701051
933.576	5.29808
936.459	11.2971
939.341	-6.70397
942.222	-0.705137
945.102	7.29359
947.981	5.29223
950.859	29.2908
953.737	13.2892
956.613	1.28755
959.488	15.2858
962.361	15.284
965.235	13.282
968.105	9.27999
970.977	13.2779
973.846	9.27564
976.716	15.2733
979.583	7.27093
982.449	-2.73156
985.316	9.26586
988.18	23.2632
991.043	9.26042
993.906	1.25757
996.767	9.25463
999.628	13.2516
1002.49	11.2485
1005.35	13.2453
1008.2	7.242
1011.06	17.2386
1013.91	11.2352
1016.77	17.2316
1019.62	13.228
1022.48	23.2243
1025.33	7.2205
1028.18	7.21663
1031.03	7.21267
1033.87	25.2086
1036.72	23.2045
1039.57	11.2003
1042.41	3.19603
1045.26	7.19167
1048.1	3.18724
1050.94	15.1827
1053.78	5.17812
1056.62	13.1735
1059.46	17.1687
1062.3	-0.836123
1065.14	13.159
1067.97	13.154
1070.81	15.149
1073.64	3.14383
1076.47	-0.861372
1079.31	17.1334
1082.14	13.128
1084.97	7.12259
1087.8	25.1171
1090.63	15.1115
1093.45	9.10591
1096.28	7.10021
1099.1	17.0944
1101.93	7.0886
1104.75	9.08269
1107.57	7.07671
1110.39	9.07066
1113.21	-6.93545
1116.03	13.0584
1118.85	17.0521
1121.66	5.04581
1124.48	15.0394
1127.3	15.033
1130.11	1.02648
1132.92	5.01991
1135.73	-4.98672
1138.54	13.0066
1141.35	8.99982
1144.16	0.992993
1146.97	10.9861
1149.78	10.9792
1152.58	8.97216
1155.39	4.9651
1158.19	6.95797
1161	12.9508
1163.8	14.9435
1166.6	12.9362
1169.4	-1.07112
1172.2	16.9215
1174.99	2.91399
1177.79	2.90646
1180.59	10.8989
1183.38	12.8912
1186.17	8.88354
1188.97	-1.12421
1191.76	10.868
1194.55	0.86013
1197.34	-7.14778
1200.13	6.84425
1202.92	8.83624
1205.7	18.8282
1208.49	6.82006
1211.27	0.811884
1214.06	-9.19633
1216.84	10.7954
1219.62	4.78708
1222.4	2.77871
1225.18	8.77029
1227.96	10.7618
1230.74	14.7533
1233.51	8.74476
1236.29	18.7362
1239.06	4.7275
1241.84	8.7188
1244.61	12.7101
1247.38	2.70127
1250.15	14.6924
1252.92	4.68356
1255.69	10.6746
1258.46	4.66568
1261.23	12.6567
1263.99	4.64762
1266.76	0.638529
1269.52	8.6294
1272.28	8.62023
1275.05	16.611
1277.81	-1.39824
1280.57	16.5925
1283.33	8.58313
1286.08	24.5738
1288.84	6.56435
1291.6	2.5549
1294.35	20.5454
1297.11	0.535902
1299.86	6.52634
1302.61	8.51674
1305.36	10.5071
1308.11	18.4974
1310.86	-9.51225
1313.61	16.478
1316.36	4.46824
1319.1	28.4584
1321.85	0.448608
1324.59	20.4387
1327.33	12.4288
1330.08	18.4189
1332.82	2.40894
1335.56	12.3989
1338.3	14.3889
1341.04	-3.62114
1343.77	16.3688
1346.51	16.3587
1349.25	2.34851
1351.98	14.3383
1354.71	-1.67186
1357.45	16.3179
1360.18	-1.69235
1362.91	2.29736
1365.64	16.2871
1368.37	-3.72328
1371.09	8.26636
1373.82	22.256
1376.54	-3.75444
1379.27	6.23512
1381.99	10.2247
1384.72	10.2142
1387.44	10.2037
1390.16	-5.80687
1392.88	0.182581
1395.6	10.172
1398.31	6.16141
1401.03	-1.84921
1403.75	8.14015
1406.46	8.12948
1409.18	-1.8812
1411.89	18.1081
1414.6	6.09738
1417.31	16.0866
1420.02	16.0759
1422.73	2.06511
1425.44	14.0543
1428.15	8.04351
1430.85	10.0327
1433.56	8.02184
1436.26	2.01097
1438.97	9.86843e-005
1441.67	7.98921
1444.37	7.9783
1447.07	3.96738
1449.77	7.95645
1452.47	11.9455
1455.16	-2.06547
1457.86	19.9236
1460.56	5.91256
1463.25	5.90156
1465.94	9.89055
1468.64	19.8795
1471.33	19.8685
1474.02	9.85744
1476.71	11.8464
1479.4	-2.16469
1482.09	17.8242
1484.77	17.8131
1487.46	3.80205
1490.14	17.7909
1492.83	5.77983
1495.51	1.76871
1498.19	13.7576
1500.87	3.74645
1503.55	11.7353
1506.23	1.72415
1508.91	5.713
1511.59	11.7018
1514.27	3.69067
1516.94	-0.320497
1519.62	3.66832
1522.29	23.6571
1524.96	-4.35404
1527.63	5.63477
1530.3	-2.37642
1532.97	23.6124
1535.64	1.60119
1538.31	15.59
1540.98	7.57879
1543.64	9.56759
1546.31	9.55639
1548.97	23.5452
1551.63	3.53399
1554.3	25.5228
1556.96	-4.48842
1559.62	9.50038
1562.28	5.48918
1564.94	15.478
1567.59	11.4668
1570.25	5.45558
1572.9	-6.55561
1575.56	-4.5668
1578.21	7.42201
1580.86	-0.589172
1583.52	3.39965
1586.17	5.38847
1588.82	17.3773
1591.47	5.36613
1594.11	7.35498
1596.76	-4.65618
1599.41	21.3327
1602.05	15.3215
1604.69	3.31039
1607.34	-0.700736
1609.98	9.28814
1612.62	-0.722975
1615.26	-2.73408
1617.9	-2.74518
1620.54	19.2437
1623.18	-0.767348
1625.81	13.2216
1628.45	9.21052
1631.08	-2.80053
1633.72	11.1884
1636.35	1.1774
1638.98	3.16638
1641.61	11.1554
1644.24	13.1444
1646.87	13.1334
1649.5	5.12241
1652.13	7.11145
1654.75	-0.899499
1657.38	21.0896
1660	13.0786
1662.63	31.0677
1665.25	3.05684
1667.87	11.046
1670.49	7.03511
1673.11	15.0243
1675.73	15.0134
1678.35	3.00261
1680.96	8.99181
1683.58	6.98103
1686.19	2.97026
1688.81	2.95951
1691.42	6.94878
1694.03	14.9381
1696.64	6.92736
1699.25	14.9167
1701.87	-1.09398
1704.47	-15.1046
1707.08	2.88476
1709.69	6.87416
1712.29	-1.13643
1714.9	12.853
1717.5	12.8425
1720.1	-3.16805
1722.71	10.8214
1725.31	6.81097
1727.91	0.800513
1730.51	8.79008
1733.1	12.7797
1735.7	18.7693
1738.3	4.75891
1740.89	0.748568
1743.49	4.73825
1746.08	26.728
1748.67	10.7177
1751.26	8.70744
1753.86	0.697212
1756.45	-1.31299
1759.03	16.6768
1761.62	10.6667
1764.21	12.6566
1766.8	12.6465
1769.38	-1.36358
1771.97	2.62637
1774.55	8.61636
1777.13	18.6064
1779.71	8.59641
1782.29	6.58649
1784.87	4.57658
1787.45	8.56671
1790.03	10.5569
1792.61	4.54705
1795.18	8.53726
1797.76	26.5275
1800.33	12.5178
1802.9	4.50808
1805.48	2.49842
1808.05	2.48878
1810.62	14.4792
1813.19	12.4696
1815.76	20.4601
1818.33	8.45055
1820.89	10.4411
1823.46	14.4316
1826.02	6.42222
1828.59	10.4128
1831.15	2.40351
1833.71	-5.60581
1836.27	2.38492
1838.84	12.3757
1841.39	0.366467
1843.95	10.3573
1846.51	10.3482
1849.07	6.33906
1851.62	16.33
1854.18	10.321
1856.73	4.31196
1859.29	14.303
1861.84	10.2941
1864.39	-1.7148
1866.94	12.2763
1869.49	-5.73246
1872.04	-3.74123
1874.59	10.25
1877.13	12.2413
1879.68	14.2327
1882.22	16.2241
1884.77	8.21549
1887.31	4.20695
1889.85	10.1984
1892.39	20.19
1894.93	10.1816
1897.47	18.1732
1900.01	6.16485
1902.55	-5.84345
1905.09	10.1483
1907.62	8.14008
1910.16	24.1319
1912.69	4.12378
1915.22	0.115691
1917.76	0.107648
1920.29	12.0996
1922.82	12.0917
1925.35	12.0838
1927.88	30.0759
1930.4	12.0681
1932.93	-1.93972
1935.46	0.0525372
1937.98	-3.95516
1940.51	26.0372
1943.03	2.02958
1945.55	0.0220222
1948.07	6.0145
1950.59	-3.99296
1953.11	9.99961
1955.63	5.99224
1958.15	13.9849
1960.67	13.9776
1963.18	11.9704
1965.7	9.9632
1968.21	5.95605
1970.73	11.949
1973.24	13.9419
1975.75	11.9349
1978.26	-0.0720337
1980.77	17.9211
1983.28	9.91421
1985.79	17.9074
1988.29	-0.0993375
1990.8	21.894
1993.31	-0.112697
1995.81	21.8807
1998.31	5.87415
