100.093	45.5155
103.274	21.6323
106.457	29.7483
109.636	23.8633
112.817	29.9776
115.994	26.091
119.172	20.2037
122.347	6.31541
125.521	20.4263
128.696	30.5365
131.868	28.6458
135.039	12.7542
138.209	8.86186
141.379	-3.03123
144.547	23.0748
147.713	33.18
150.879	13.2844
154.043	5.38806
157.206	1.49089
160.368	1.59293
163.529	5.69418
166.689	17.7946
169.848	5.89433
173.006	13.9932
176.163	16.0914
179.316	28.1887
182.471	20.2852
185.625	8.38105
188.777	14.4761
191.927	12.5703
195.077	12.6639
198.224	24.7566
201.372	-1.15141
204.52	8.93986
207.664	19.0303
210.809	27.1201
213.95	21.2091
217.091	13.2973
220.233	15.3849
223.372	9.47166
226.509	5.55771
229.648	9.64308
232.784	9.72768
235.918	-0.188447
239.051	23.8947
242.186	1.97721
245.317	14.0589
248.447	20.14
251.577	22.2203
254.705	6.29989
257.832	8.3788
260.958	10.457
264.083	2.53453
267.204	0.61131
270.327	8.68745
273.449	0.7629
276.57	32.8377
279.69	14.9118
282.806	20.9851
285.924	9.05785
289.04	-0.870087
292.154	15.2013
295.268	-8.72802
298.379	5.342
301.492	19.4114
304.601	3.48009
307.711	15.5482
310.818	7.61557
313.924	19.6823
317.031	25.7484
320.135	21.8139
323.238	13.8787
326.34	-6.05714
329.443	12.0064
332.543	6.06933
335.642	4.13159
338.74	16.1932
341.836	16.2542
344.932	2.31463
348.027	22.3744
351.12	2.43356
354.213	16.4921
357.302	2.54998
360.393	6.6073
363.482	18.664
366.57	6.72012
369.656	16.7756
372.742	-3.16951
375.827	10.8848
378.91	26.9385
381.993	2.99161
385.073	7.04411
388.154	11.0961
391.232	7.1474
394.311	9.19819
397.387	17.2484
400.462	21.298
403.536	17.347
406.611	-0.604493
409.683	15.4434
412.754	-0.509264
415.824	13.5375
418.893	17.5837
421.961	11.6294
425.027	15.6745
428.093	13.719
431.158	-0.236971
434.222	11.8065
437.284	15.8494
440.346	13.8918
443.407	11.9336
446.464	1.97487
449.523	0.0156306
452.581	18.0559
455.635	2.09554
458.691	8.13472
461.743	4.17334
464.797	-1.78852
467.847	-1.75093
470.899	12.2862
473.947	26.3227
476.994	-1.64122
480.043	14.3943
483.088	8.42938
486.133	10.4639
489.176	26.4979
492.22	8.53151
495.262	2.56454
498.302	6.59709
501.341	16.6291
504.38	14.6607
507.417	2.69179
510.453	4.72239
513.487	24.7525
516.521	4.78212
519.554	10.8113
522.586	20.84
525.616	14.8682
528.646	10.8959
531.675	14.9232
534.701	16.95
537.729	8.97635
540.753	21.0022
543.778	5.02767
546.8	9.05263
549.821	7.07715
552.844	-2.89877
555.863	-2.87515
558.881	5.14802
561.898	1.17075
564.916	5.19306
567.932	13.2149
570.946	3.23633
573.959	13.2573
576.971	13.2779
579.982	3.29799
582.993	-0.682306
586	-2.66304
589.008	15.3558
592.015	13.3742
595.022	-2.60773
598.025	11.4099
601.029	-6.57295
604.032	7.44383
607.033	3.4602
610.034	13.4762
613.032	3.49172
616.032	9.50689
619.028	13.5216
622.023	11.536
625.018	21.55
628.013	7.56356
631.005	11.5767
633.997	3.58955
636.987	19.602
639.977	-8.386
642.965	17.6257
645.952	-2.36307
648.939	17.6478
651.924	29.6584
654.909	13.6685
657.892	11.6783
660.873	11.6877
663.854	5.69677
666.835	13.7055
669.813	15.7138
672.791	9.72176
675.767	19.7294
678.743	-6.26336
681.717	5.74355
684.692	21.7501
687.664	23.7563
690.634	-0.2378
693.606	15.7677
696.575	17.7729
699.543	1.77777
702.51	19.7823
705.475	23.7865
708.44	9.79031
711.404	9.79383
714.367	25.797
717.329	7.79988
720.29	9.80242
723.25	13.8046
726.207	17.8065
729.166	-6.19187
732.123	13.8094
735.077	17.8104
738.032	17.811
740.984	7.81135
743.938	13.8114
746.888	7.81112
749.839	1.81055
752.788	19.8097
755.735	35.8085
758.682	21.807
761.627	13.8053
764.574	7.80324
767.517	3.8009
770.46	11.7983
773.402	19.7954
776.342	5.79217
779.282	11.7887
782.219	19.785
785.157	13.7809
788.094	11.7766
791.029	11.772
793.962	19.7672
796.896	21.7621
799.828	11.7567
802.76	15.751
805.689	9.74514
808.619	13.739
811.546	13.7325
814.473	7.72586
817.4	23.7189
820.324	33.7117
823.248	21.7043
826.17	29.6966
829.092	23.6887
832.012	3.68048
834.932	5.67206
837.851	27.6634
840.768	11.6545
843.685	9.64535
846.599	21.636
849.514	29.6264
852.428	5.61654
855.339	7.60648
858.251	15.5962
861.16	19.5857
864.07	-14.4251
866.978	19.564
869.884	7.55281
872.792	3.54141
875.696	13.5298
878.599	23.518
881.502	3.50596
884.404	7.49372
887.304	7.48127
890.204	13.4686
893.103	5.45576
896.001	9.4427
898.898	13.4294
901.794	9.41599
904.689	17.4023
907.581	9.3885
910.474	13.3745
913.364	3.36024
916.256	3.34582
919.144	23.3312
922.034	1.31644
924.92	11.3015
927.808	19.2863
930.693	15.271
933.576	11.2555
936.459	17.2398
939.341	-0.776028
942.222	17.208
945.102	17.1918
947.981	13.1754
950.859	13.1589
953.737	5.14219
956.613	27.1253
959.488	15.1083
962.361	1.09116
965.235	-2.92617
968.105	11.0564
970.977	-0.961281
973.846	-12.9791
976.716	7.003
979.583	12.9849
982.449	2.9667
985.316	8.94832
988.18	10.9298
991.043	10.9112
993.906	2.89237
996.767	16.8734
999.628	14.8544
1002.49	14.8352
1005.35	6.81585
1008.2	22.7964
1011.06	20.7768
1013.91	8.7571
1016.77	22.7373
1019.62	34.7173
1022.48	18.6972
1025.33	30.677
1028.18	28.6567
1031.03	20.6363
1033.87	4.61575
1036.72	10.5951
1039.57	22.5743
1042.41	8.55344
1045.26	6.53246
1048.1	10.5114
1050.94	16.4902
1053.78	12.4689
1056.62	10.4475
1059.46	16.426
1062.3	2.4044
1065.14	6.38272
1067.97	20.3609
1070.81	0.339081
1073.64	4.31711
1076.47	22.2951
1079.31	2.27293
1082.14	-1.74928
1084.97	0.228405
1087.8	18.206
1090.63	6.18356
1093.45	-7.83898
1096.28	14.1384
1099.1	8.11571
1101.93	14.0929
1104.75	0.0701044
1107.57	22.0472
1110.39	0.0242124
1113.21	6.00118
1116.03	-0.0219336
1118.85	5.95489
1121.66	7.93166
1124.48	7.90836
1127.3	17.885
1130.11	19.8616
1132.92	11.8381
1135.73	1.81462
1138.54	1.79105
1141.35	15.7674
1144.16	7.74375
1146.97	29.72
1149.78	17.6963
1152.58	-0.327529
1155.39	3.64862
1158.19	-0.375277
1161	3.60079
1163.8	13.5768
1166.6	3.55282
1169.4	-0.471229
1172.2	13.5047
1174.99	13.4806
1177.79	7.45647
1180.59	3.43231
1183.38	9.40812
1186.17	19.3839
1188.97	7.35966
1191.76	-4.6646
1194.55	-0.688884
1197.34	5.28681
1200.13	5.2625
1202.92	11.2382
1205.7	11.2138
1208.49	9.18946
1211.27	1.16508
1214.06	3.1407
1216.84	-0.883699
1219.62	-2.90809
1222.4	11.0675
1225.18	35.0431
1227.96	11.0187
1230.74	20.9943
1233.51	24.9699
1236.29	12.9454
1239.06	24.921
1241.84	22.8966
1244.61	20.8722
1247.38	10.8479
1250.15	-3.17651
1252.92	2.79912
1255.69	20.7748
1258.46	12.7504
1261.23	-3.2739
1263.99	8.7018
1266.76	0.677499
1269.52	-1.34676
1272.28	10.629
1275.05	-3.39525
1277.81	0.580553
1280.57	4.55638
1283.33	8.53223
1286.08	2.50811
1288.84	14.484
1291.6	6.45995
1294.35	6.43592
1297.11	2.41194
1299.86	10.388
1302.61	6.36405
1305.36	0.340174
1308.11	-3.68368
1310.86	20.2925
1313.61	6.26877
1316.36	4.24504
1319.1	6.22138
1321.85	4.19776
1324.59	18.1742
1327.33	8.15066
1330.08	4.12718
1332.82	6.10376
1335.56	4.08039
1338.3	0.0570671
1341.04	0.0338208
1343.77	10.0106
1346.51	-2.01252
1349.25	-0.0356043
1351.98	3.94138
1354.71	3.91842
1357.45	-2.10447
1360.18	-4.12729
1362.91	7.84994
1365.64	9.82726
1368.37	13.8046
1371.09	-0.217909
1373.82	7.75961
1376.54	7.73723
1379.27	11.7149
1381.99	13.6926
1384.72	5.67047
1387.44	-0.351613
1390.16	9.62637
1392.88	1.60445
1395.6	11.5826
1398.31	3.56084
1401.03	-2.46083
1403.75	15.5176
1406.46	7.49607
1409.18	5.47466
1411.89	11.4533
1414.6	9.43211
1417.31	11.411
1420.02	13.39
1422.73	5.36901
1425.44	9.34816
1428.15	11.3274
1430.85	5.30677
1433.56	15.2862
1436.26	3.26579
1438.97	5.24545
1441.67	3.22522
1444.37	15.2051
1447.07	-4.81491
1449.77	-0.834822
1452.47	13.1454
1455.16	5.12569
1457.86	13.1061
1460.56	-0.913348
1463.25	-2.9327
1465.94	9.04808
1468.64	29.029
1471.33	9.00998
1474.02	2.9911
1476.71	12.9724
1479.4	2.95372
1482.09	8.93522
1484.77	16.9168
1487.46	16.8986
1490.14	10.8805
1492.83	2.86247
1495.51	2.8446
1498.19	16.8269
1500.87	2.80927
1503.55	4.79179
1506.23	14.7745
1508.91	6.75726
1511.59	12.7402
1514.27	16.7233
1516.94	24.7065
1519.62	-3.31016
1522.29	8.67334
1524.96	4.65698
1527.63	22.6408
1530.3	-5.3753
1532.97	30.6088
1535.64	-3.407
1538.31	10.5774
1540.98	-1.4381
1543.64	-3.45343
1546.31	12.5314
1548.97	2.51638
1551.63	6.50152
1554.3	2.4868
1556.96	12.4723
1559.62	8.45786
1562.28	-3.55637
1564.94	8.42955
1567.59	2.41564
1570.25	24.4019
1572.9	4.3883
1575.56	12.3749
1578.21	12.3616
1580.86	2.34854
1583.52	16.3356
1586.17	10.3229
1588.82	10.3103
1591.47	16.2979
1594.11	2.28564
1596.76	0.273583
1599.41	8.2617
1602.05	8.24999
1604.69	8.23845
1607.34	10.2271
1609.98	2.21592
1612.62	2.20492
1615.26	2.19411
1617.9	10.1835
1620.54	-1.82697
1623.18	4.16277
1625.81	0.152686
1628.45	8.1428
1631.08	12.1331
1633.72	10.1236
1636.35	-5.88574
1638.98	18.1051
1641.61	0.0961906
1644.24	10.0874
1646.87	2.07889
1649.5	4.07053
1652.13	-3.93762
1654.75	0.0544107
1657.38	2.04665
1660	6.03908
1662.63	8.03172
1665.25	14.0246
1667.87	4.0176
1670.49	6.01084
1673.11	6.00429
1675.73	5.99795
1678.35	7.99181
1680.96	-4.01412
1683.58	15.9802
1686.19	21.9746
1688.81	13.9693
1691.42	11.9643
1694.03	5.95938
1696.64	11.9547
1699.25	-4.04972
1701.87	5.94605
1704.47	-0.0579647
1707.08	9.93824
1709.69	1.93466
1712.29	9.93131
1714.9	5.92817
1717.5	5.92526
1720.1	19.9226
1722.71	-2.07989
1725.31	15.9179
1727.91	3.91585
1730.51	7.91406
1733.1	7.9125
1735.7	-0.0888279
1738.3	-0.089929
1740.89	13.9092
1743.49	-2.09144
1746.08	7.90816
1748.67	19.908
1751.26	-2.09195
1753.86	9.90835
1756.45	3.90888
1759.03	15.9097
1761.62	9.91066
1764.21	5.91191
1766.8	7.9134
1769.38	3.91514
1771.97	-10.0829
1774.55	9.91933
1777.13	11.9218
1779.71	-10.0755
1782.29	-0.0725518
1784.87	15.9306
1787.45	23.9341
1790.03	-0.0622085
1792.61	15.9417
1795.18	7.94593
1797.76	5.95038
1800.33	-4.04492
1802.9	15.96
1805.48	5.96525
1808.05	11.9707
1810.62	5.97643
1813.19	7.98241
1815.76	-0.0113581
1818.33	7.99514
1820.89	18.0019
1823.46	14.0089
1826.02	-5.98382
1828.59	2.02372
1831.15	10.0315
1833.71	18.0396
1836.27	-1.95209
1838.84	12.0565
1841.39	14.0654
1843.95	12.0745
1846.51	24.0839
1849.07	12.0936
1851.62	0.103509
1854.18	-3.88628
1856.73	6.1242
1859.29	18.135
1861.84	2.14599
1864.39	8.15729
1866.94	22.1689
1869.49	0.180727
1872.04	8.19286
1874.59	6.20527
1877.13	10.218
1879.68	2.23092
1882.22	12.2442
1884.77	10.2577
1887.31	2.27152
1889.85	14.2856
1892.39	4.3
1894.93	26.3147
1897.47	14.3296
1900.01	2.34485
1902.55	8.36038
1905.09	16.3762
1907.62	16.3923
1910.16	8.40867
1912.69	8.42536
1915.22	8.44233
1917.76	16.4596
1920.29	16.4772
1922.82	12.495
1925.35	14.5132
1927.88	2.5316
1930.4	4.55033
1932.93	12.5694
1935.46	0.588699
1937.98	8.60833
1940.51	8.62826
1943.03	20.6485
1945.55	6.66902
1948.07	-5.31014
1950.59	26.711
1953.11	18.7324
1955.63	12.7542
1958.15	6.77622
1960.67	2.79857
1963.18	6.82123
1965.7	10.8442
1968.21	2.86748
1970.73	16.8911
1973.24	2.91496
1975.75	0.939153
1978.26	16.9637
1980.77	4.98849
1983.28	13.0136
1985.79	11.0391
1988.29	3.06485
1990.8	9.09095
1993.31	23.1173
1995.81	7.14406
1998.31	13.1711
