100.093	25.5222
103.274	11.512
106.457	7.50221
109.636	11.4927
112.817	25.4835
115.994	11.4746
119.172	25.466
122.347	19.4576
125.521	11.4496
128.696	15.4419
131.868	7.4345
135.039	9.42737
138.209	1.42053
141.379	15.414
144.547	17.4077
147.713	15.4017
150.879	17.3961
154.043	17.3907
157.206	19.3855
160.368	-4.61932
163.529	21.3761
166.689	11.3718
169.848	11.3678
173.006	17.364
176.163	-6.63943
179.316	9.35737
182.471	13.3544
185.625	5.35175
188.777	5.34934
191.927	11.3472
195.077	13.3453
198.224	1.34367
201.372	-6.6577
204.52	17.3412
207.664	15.3403
210.809	9.3397
213.95	13.3393
217.091	5.33923
220.233	15.3394
223.372	5.33974
226.509	33.3404
229.648	-0.658765
232.784	13.3423
235.918	25.3437
239.051	13.3453
242.186	11.3471
245.317	13.3491
248.447	5.35143
251.577	7.35394
254.705	19.3567
257.832	23.3597
260.958	11.3629
264.083	21.3663
267.204	13.3699
270.327	31.3738
273.449	-6.62212
276.57	15.3822
279.69	-4.61329
282.806	17.3914
285.924	19.3964
289.04	15.4016
292.154	1.40693
295.268	19.4125
298.379	-10.5817
301.492	9.42428
304.601	7.43048
307.711	11.4369
310.818	5.44347
313.924	21.4503
317.031	13.4573
320.135	9.46446
323.238	5.47184
326.34	17.4794
329.443	3.48719
332.543	5.49515
335.642	5.50329
338.74	3.51163
341.836	9.52015
344.932	15.5288
348.027	23.5377
351.12	13.5468
354.213	5.55605
357.302	19.5655
360.393	9.57506
363.482	15.5848
366.57	9.59478
369.656	9.6049
372.742	9.61519
375.827	13.6256
378.91	9.63626
381.993	1.64706
385.073	7.658
388.154	5.66912
391.232	15.6804
394.311	11.6918
397.387	9.70343
400.462	7.71518
403.536	5.72708
406.611	11.7391
409.683	1.75136
412.754	9.76372
415.824	19.7762
418.893	9.78889
421.961	1.8017
425.027	13.8146
428.093	5.82774
431.158	13.841
434.222	1.85436
437.284	1.86788
440.346	13.8815
443.407	-2.10467
446.464	7.90925
449.523	11.9233
452.581	13.9375
455.635	7.95182
458.691	3.96628
461.743	9.98085
464.797	3.99556
467.847	-3.98961
470.899	14.0253
473.947	12.0404
476.994	6.05562
480.043	8.07094
483.088	-1.91363
486.133	-1.89808
489.176	20.1176
492.22	-5.86662
495.262	-1.85073
498.302	20.1653
501.341	-1.81861
504.38	6.19761
507.417	10.2139
510.453	12.2304
513.487	8.2469
516.521	4.26355
519.554	14.2803
522.586	8.29714
525.616	4.31408
528.646	0.331119
531.675	10.3483
534.701	8.36548
537.729	-5.61719
540.753	6.40022
543.778	18.4177
546.8	6.43533
549.821	6.45301
552.844	8.47079
555.863	6.48864
558.881	10.5066
561.898	0.524598
564.916	8.54271
567.932	-7.4391
570.946	6.57916
573.959	28.5975
576.971	4.61592
579.982	8.63441
582.993	10.653
586	2.6716
589.008	-1.30969
592.015	2.70909
595.022	2.72794
598.025	-1.25315
601.029	12.7658
604.032	0.784883
607.033	4.80398
610.034	-9.17684
613.032	2.84238
616.032	12.8617
619.028	-3.11898
622.023	-1.09958
625.018	18.9199
628.013	6.9394
631.005	10.959
633.997	22.9786
636.987	-5.00175
639.977	15.018
642.965	15.0377
645.952	3.05755
648.939	15.0774
651.924	7.09731
654.909	5.11726
657.892	17.1373
660.873	17.1573
663.854	1.17734
666.835	23.1975
669.813	7.21759
672.791	17.2378
675.767	3.25798
678.743	15.2782
681.717	-2.70149
684.692	5.31882
687.664	9.33916
690.634	13.3595
693.606	-2.62007
696.575	1.40035
699.543	11.4208
702.51	11.4413
705.475	7.46175
708.44	5.48226
711.404	15.5028
714.367	9.52334
717.329	19.5439
720.29	13.5645
723.25	5.58511
726.207	11.6057
729.166	21.6263
732.123	11.647
735.077	3.66763
738.032	3.68829
740.984	-0.291045
743.938	7.72964
746.888	19.7503
749.839	19.771
752.788	9.79169
755.735	1.81238
758.682	7.83307
761.627	11.8538
764.574	13.8745
767.517	1.89515
770.46	7.91584
773.402	23.9365
776.342	-0.0428031
779.282	15.9779
782.219	3.99852
785.157	12.0192
788.094	6.03982
791.029	6.06046
793.962	18.0811
796.896	26.1017
799.828	14.1223
802.76	8.14285
805.689	6.1634
808.619	10.1839
811.546	24.2045
814.473	16.225
817.4	26.2455
820.324	32.2659
823.248	6.28634
826.17	0.306749
829.092	14.3271
832.012	10.3475
834.932	20.3678
837.851	10.3881
840.768	16.4084
843.685	8.42864
846.599	18.4488
849.514	20.469
852.428	4.48916
855.339	0.509261
858.251	30.5293
861.16	14.5494
864.07	14.5694
866.978	26.5893
869.884	8.60922
872.792	2.6291
875.696	14.6489
878.599	8.6687
881.502	14.6884
884.404	20.7081
887.304	-1.27222
890.204	8.74738
893.103	16.7669
896.001	6.78643
898.898	6.80588
901.794	6.82528
904.689	18.8446
907.581	0.863909
910.474	10.8831
913.364	16.9023
916.256	16.9214
919.144	-7.0595
922.034	-5.04049
924.92	0.978447
927.808	0.997337
930.693	9.01615
933.576	11.0349
936.459	11.0536
939.341	17.0722
942.222	23.0908
945.102	5.10927
947.981	13.1277
950.859	9.14605
953.737	11.1643
956.613	1.18254
959.488	1.20069
962.361	9.21875
965.235	17.2367
968.105	13.2547
970.977	19.2725
973.846	13.2903
976.716	3.30795
979.583	3.32555
982.449	15.3431
985.316	21.3605
988.18	-4.62212
991.043	15.3952
993.906	15.4124
996.767	9.42946
999.628	7.44649
1002.49	5.46342
1005.35	13.4803
1008.2	19.497
1011.06	9.5137
1013.91	3.53028
1016.77	-0.453228
1019.62	7.56316
1022.48	19.5795
1025.33	3.59567
1028.18	7.61179
1031.03	1.6278
1033.87	13.6437
1036.72	3.65954
1039.57	25.6753
1042.41	17.6909
1045.26	13.7064
1048.1	3.72181
1050.94	7.73713
1053.78	23.7523
1056.62	-0.232553
1059.46	7.78245
1062.3	11.7973
1065.14	3.81212
1067.97	-4.17319
1070.81	-8.15863
1073.64	7.85583
1076.47	19.8702
1079.31	-4.11558
1082.14	3.89854
1084.97	1.91255
1087.8	-6.07356
1090.63	15.9402
1093.45	19.9539
1096.28	15.9674
1099.1	15.9809
1101.93	23.9942
1104.75	-3.99265
1107.57	12.0204
1110.39	-11.9666
1113.21	30.0462
1116.03	4.05889
1118.85	6.07146
1121.66	18.0839
1124.48	4.09624
1127.3	6.10843
1130.11	6.12051
1132.92	14.1324
1135.73	14.1443
1138.54	4.15593
1141.35	12.1675
1144.16	6.1789
1146.97	12.1902
1149.78	16.2013
1152.58	18.2123
1155.39	10.2232
1158.19	20.234
1161	-3.75541
1163.8	16.2551
1166.6	8.26538
1169.4	2.27558
1172.2	10.2856
1174.99	14.2955
1177.79	8.3053
1180.59	12.3149
1183.38	10.3244
1186.17	0.333743
1188.97	8.34293
1191.76	16.352
1194.55	12.3609
1197.34	4.36962
1200.13	0.378223
1202.92	18.3867
1205.7	4.39497
1208.49	2.40312
1211.27	10.4111
1214.06	12.419
1216.84	16.4267
1219.62	8.43419
1222.4	18.4416
1225.18	8.4488
1227.96	2.45587
1230.74	16.4628
1233.51	18.4695
1236.29	26.4761
1239.06	2.48257
1241.84	10.4888
1244.61	0.494953
1247.38	10.5009
1250.15	-3.49331
1252.92	8.51231
1255.69	10.5178
1258.46	4.52307
1261.23	12.5282
1263.99	-11.4668
1266.76	12.5379
1269.52	8.54257
1272.28	6.54703
1275.05	8.55132
1277.81	6.55543
1280.57	26.5594
1283.33	4.56315
1286.08	6.56675
1288.84	14.5702
1291.6	2.57342
1294.35	2.5765
1297.11	16.5794
1299.86	14.5821
1302.61	12.5847
1305.36	0.587035
1308.11	12.5892
1310.86	2.59123
1313.61	-3.40694
1316.36	4.59471
1319.1	0.596176
1321.85	10.5975
1324.59	22.5986
1327.33	10.5995
1330.08	0.600207
1332.82	16.6008
1335.56	4.60111
1338.3	-5.39871
1341.04	10.6013
1343.77	16.6011
1346.51	6.60068
1349.25	14.6001
1351.98	0.599323
1354.71	18.5984
1357.45	10.5972
1360.18	0.595857
1362.91	4.59432
1365.64	10.5926
1368.37	14.5907
1371.09	20.5885
1373.82	10.5862
1376.54	14.5837
1379.27	10.581
1381.99	10.5781
1384.72	12.5749
1387.44	20.5716
1390.16	10.5681
1392.88	8.56441
1395.6	20.5605
1398.31	4.55638
1401.03	16.5521
1403.75	6.54754
1406.46	8.54281
1409.18	0.537878
1411.89	18.5327
1414.6	16.5274
1417.31	10.5218
1420.02	6.51609
1422.73	10.5101
1425.44	6.50394
1428.15	4.49756
1430.85	16.491
1433.56	12.4842
1436.26	-3.52286
1438.97	8.46991
1441.67	6.46247
1444.37	24.4548
1447.07	8.44694
1449.77	-1.56114
1452.47	22.4306
1455.16	2.42204
1457.86	10.4133
1460.56	4.40435
1463.25	8.39518
1465.94	6.38579
1468.64	20.3762
1471.33	16.3664
1474.02	6.35631
1476.71	14.346
1479.4	18.3355
1482.09	-7.67517
1484.77	10.3139
1487.46	-7.69726
1490.14	18.2914
1492.83	10.2797
1495.51	-3.73209
1498.19	12.2558
1500.87	8.24357
1503.55	-1.76895
1506.23	-1.7817
1508.91	18.2053
1511.59	14.1921
1514.27	8.1787
1516.94	-5.83496
1519.62	16.1511
1522.29	22.137
1524.96	-1.87734
1527.63	-5.89193
1530.3	4.09325
1532.97	2.07819
1535.64	10.0629
1538.31	16.0474
1540.98	10.0316
1543.64	14.0156
1546.31	19.9994
1548.97	11.9829
1551.63	7.96619
1554.3	21.9492
1556.96	17.932
1559.62	9.91462
1562.28	5.89695
1564.94	3.87904
1567.59	1.86089
1570.25	3.84249
1572.9	9.82385
1575.56	23.805
1578.21	9.78585
1580.86	11.7665
1583.52	3.74685
1586.17	9.727
1588.82	7.70688
1591.47	19.6865
1594.11	1.66594
1596.76	1.64509
1599.41	21.624
1602.05	1.60265
1604.69	1.58105
1607.34	-4.4408
1609.98	11.5371
1612.62	13.5148
1615.26	15.4921
1617.9	7.46931
1620.54	9.44619
1623.18	13.4228
1625.81	13.3992
1628.45	13.3754
1631.08	3.35124
1633.72	13.3269
1636.35	15.3022
1638.98	7.27735
1641.61	7.2522
1644.24	3.22679
1646.87	5.20112
1649.5	19.1752
1652.13	15.149
1654.75	23.1226
1657.38	23.0959
1660	-0.931085
1662.63	13.0417
1665.25	3.0142
1667.87	14.9865
1670.49	-9.04155
1673.11	-1.06982
1675.73	16.9016
1678.35	4.87283
1680.96	8.84376
1683.58	22.8144
1686.19	26.7848
1688.81	6.75497
1691.42	2.72484
1694.03	20.6944
1696.64	2.66377
1699.25	8.63284
1701.87	2.60162
1704.47	16.5702
1707.08	14.5384
1709.69	8.50639
1712.29	18.4741
1714.9	6.44155
1717.5	2.40873
1720.1	2.37563
1722.71	6.34224
1725.31	24.3086
1727.91	0.274672
1730.51	10.2405
1733.1	4.20602
1735.7	2.17126
1738.3	-1.86376
1740.89	10.1009
1743.49	0.0653664
1746.08	20.0295
1748.67	1.99338
1751.26	-2.04301
1753.86	15.9203
1756.45	-2.11668
1759.03	13.8461
1761.62	9.80855
1764.21	15.7707
1766.8	-4.26733
1769.38	11.6943
1771.97	23.6556
1774.55	5.6167
1777.13	15.5775
1779.71	19.538
1782.29	7.49823
1784.87	13.4582
1787.45	13.4178
1790.03	3.37717
1792.61	9.33624
1795.18	1.29504
1797.76	-0.746471
1800.33	1.21176
1802.9	15.1697
1805.48	11.1273
1808.05	19.0847
1810.62	11.0418
1813.19	10.9985
1815.76	18.955
1818.33	2.91121
1820.89	2.86711
1823.46	10.8227
1826.02	0.778052
1828.59	6.7331
1831.15	10.6879
1833.71	10.6423
1836.27	20.5964
1838.84	6.5503
1841.39	8.50387
1843.95	-3.54285
1846.51	8.41012
1849.07	10.3628
1851.62	-1.68479
1854.18	14.2673
1856.73	10.2191
1859.29	10.1706
1861.84	-1.87819
1864.39	14.0727
1866.94	0.023306
1869.49	3.97362
1872.04	15.9236
1874.59	3.87334
1877.13	5.82275
1879.68	7.77189
1882.22	19.7207
1884.77	11.6692
1887.31	7.61742
1889.85	1.56531
1892.39	9.51293
1894.93	3.46025
1897.47	19.4072
1900.01	13.3539
1902.55	-2.69968
1905.09	9.24641
1907.62	-4.80781
1910.16	9.13771
1912.69	11.0829
1915.22	3.02773
1917.76	12.9723
1920.29	2.91655
1922.82	8.86052
1925.35	-1.19586
1927.88	0.747486
1930.4	6.69052
1932.93	14.6332
1935.46	14.5757
1937.98	18.5178
1940.51	-1.54045
1943.03	-1.59898
1945.55	0.342223
1948.07	12.2831
1950.59	6.22364
1953.11	22.1639
1955.63	22.1038
1958.15	6.04344
1960.67	3.98275
1963.18	17.9217
1965.7	-2.13957
1968.21	-0.201209
1970.73	5.73684
1973.24	11.6746
1975.75	11.612
1978.26	5.54911
1980.77	-2.51407
1983.28	-0.577618
1985.79	13.3586
1988.29	-2.70558
1990.8	-2.77009
1993.31	-2.83487
1995.81	1.10003
1998.31	3.03465
