100.093	11.197
103.274	19.2975
106.457	21.3975
109.636	13.4968
112.817	9.59567
115.994	9.69384
119.172	7.79149
122.347	13.8885
125.521	1.98495
128.696	8.08087
131.868	-3.82384
135.039	4.27089
138.209	16.365
141.379	2.45869
144.547	14.5517
147.713	18.6442
150.879	0.736073
154.043	24.8274
157.206	10.9182
160.368	9.00843
163.529	7.09811
166.689	-2.81276
169.848	1.27582
173.006	-2.63615
176.163	7.45134
179.316	13.5382
182.471	5.62463
185.625	9.7105
188.777	3.79583
191.927	-0.119436
195.077	19.9648
198.224	6.0485
201.372	2.1317
204.52	16.2144
207.664	4.29646
210.809	10.3781
213.95	6.45912
217.091	8.53965
220.233	8.61971
223.372	20.6992
226.509	22.7782
229.648	-1.1433
232.784	16.9347
235.918	13.0121
239.051	9.08904
242.186	-4.83447
245.317	23.2415
248.447	9.31689
251.577	13.3918
254.705	15.4663
257.832	7.54019
260.958	9.61364
264.083	5.68659
267.204	29.759
270.327	19.831
273.449	-0.0975362
276.57	-8.02653
279.69	2.04399
282.806	6.11398
285.924	14.1835
289.04	-5.74738
292.154	4.32118
295.268	20.3893
298.379	18.4569
301.492	18.5241
304.601	14.5908
307.711	8.65705
310.818	10.7228
313.924	18.7881
317.031	4.85294
320.135	6.9173
323.238	4.98121
326.34	5.04465
329.443	5.10769
332.543	9.17023
335.642	11.2323
338.74	5.29397
341.836	7.35516
344.932	5.41591
348.027	29.4762
351.12	11.5361
354.213	3.59551
357.302	19.6545
360.393	17.713
363.482	13.7711
366.57	13.8288
369.656	3.88601
372.742	7.94283
375.827	23.9992
378.91	6.05515
381.993	10.1107
385.073	16.1658
388.154	4.22047
391.232	22.2747
394.311	18.3286
397.387	16.382
400.462	14.435
403.536	16.4876
406.611	8.53976
409.683	20.5915
412.754	-1.35713
415.824	16.6938
418.893	4.74436
421.961	4.7945
425.027	6.84424
428.093	0.893584
431.158	-5.05747
434.222	4.99107
437.284	3.03923
440.346	7.08699
443.407	1.13436
446.464	7.1813
449.523	19.2279
452.581	9.2741
455.635	9.31989
458.691	-10.6347
461.743	-4.58964
464.797	17.455
467.847	15.4993
470.899	9.54323
473.947	-2.41325
476.994	3.6299
480.043	5.67271
483.088	15.7151
486.133	7.75715
489.176	21.7988
492.22	7.84016
495.262	9.8811
498.302	11.9217
501.341	17.9619
504.38	8.00177
507.417	12.0413
510.453	-3.91957
513.487	10.1192
516.521	8.15765
519.554	4.19575
522.586	-1.76651
525.616	2.27087
528.646	0.307919
531.675	-11.6554
534.701	0.380969
537.729	12.417
540.753	16.4527
543.778	10.488
546.8	-1.47701
549.821	12.5576
552.844	8.59198
555.863	6.62597
558.881	-3.34037
561.898	6.69295
564.916	4.72598
567.932	4.75865
570.946	16.791
573.959	10.823
576.971	6.85474
579.982	6.88612
582.993	4.91719
586	6.94793
589.008	16.9784
592.015	7.00849
595.022	11.0383
598.025	7.06778
601.029	5.09697
604.032	3.12586
607.033	15.1544
610.034	9.18269
613.032	-2.78935
616.032	3.23831
619.028	-2.73434
622.023	-4.70728
625.018	1.31947
628.013	17.3459
631.005	-0.627885
633.997	19.398
636.987	5.42357
639.977	5.44886
642.965	9.47386
645.952	5.49858
648.939	13.523
651.924	-2.45284
654.909	-6.42898
657.892	9.59461
660.873	11.6179
663.854	11.6409
666.835	13.6637
669.813	17.6861
672.791	15.7083
675.767	15.7302
678.743	13.7519
681.717	3.77327
684.692	1.79439
687.664	11.8152
690.634	17.8358
693.606	17.8561
696.575	-2.12383
699.543	13.896
702.51	13.9155
705.475	5.93475
708.44	5.95376
711.404	-0.0274897
714.367	1.99101
717.329	14.0093
720.29	12.0273
723.25	6.045
726.207	24.0625
729.166	10.0797
732.123	14.0967
735.077	2.1135
738.032	8.13001
740.984	10.1463
743.938	2.16232
746.888	2.1781
749.839	10.1937
752.788	26.209
755.735	10.2241
758.682	22.2389
761.627	10.2535
764.574	16.2679
767.517	18.2821
770.46	6.29598
773.402	14.3097
776.342	8.32315
779.282	28.3364
782.219	12.3494
785.157	2.36222
788.094	0.374808
791.029	6.38717
793.962	10.3993
796.896	10.4112
799.828	20.423
802.76	10.4345
805.689	4.44575
808.619	-3.54317
811.546	18.4677
814.473	20.4783
817.4	8.48881
820.324	10.4991
823.248	16.5091
826.17	18.5189
829.092	18.5286
832.012	4.538
834.932	8.54724
837.851	16.5563
840.768	20.5651
843.685	4.57377
846.599	12.5822
849.514	10.5905
852.428	22.5985
855.339	22.6064
858.251	12.6141
861.16	12.6216
864.07	0.628921
866.978	-1.36395
869.884	8.64299
872.792	18.6498
875.696	14.6563
878.599	0.662734
881.502	14.669
884.404	10.675
887.304	10.6809
890.204	-1.31344
893.103	10.6921
896.001	12.6974
898.898	12.7026
901.794	32.7076
904.689	0.712435
907.581	0.7171
910.474	2.7216
913.364	8.72594
916.256	18.7301
919.144	22.7341
922.034	-17.262
924.92	22.7416
927.808	8.74518
930.693	18.7485
933.576	10.7518
936.459	10.7548
939.341	-1.24228
942.222	20.7605
945.102	12.7631
947.981	8.76552
950.859	20.7678
953.737	4.76996
956.613	12.772
959.488	0.773824
962.361	8.77554
965.235	16.7771
968.105	14.7785
970.977	16.7798
973.846	6.78096
976.716	14.782
979.583	14.7828
982.449	2.78357
985.316	10.7842
988.18	6.78463
991.043	18.785
993.906	2.78516
996.767	22.7852
999.628	18.7852
1002.49	14.785
1005.35	24.7847
1008.2	6.78421
1011.06	4.78364
1013.91	4.78295
1016.77	12.7821
1019.62	8.7812
1022.48	8.78014
1025.33	16.779
1028.18	2.77768
1031.03	-1.22373
1033.87	4.77474
1036.72	12.7731
1039.57	-5.22865
1042.41	0.769483
1045.26	10.7675
1048.1	12.7654
1050.94	32.7632
1053.78	20.7609
1056.62	2.75851
1059.46	6.75599
1062.3	14.7534
1065.14	6.75065
1067.97	2.74782
1070.81	14.7449
1073.64	14.7419
1076.47	24.7387
1079.31	18.7355
1082.14	8.73219
1084.97	0.728773
1087.8	18.7253
1090.63	0.721657
1093.45	4.71796
1096.28	8.71417
1099.1	6.71029
1101.93	10.7063
1104.75	18.7023
1107.57	8.69812
1110.39	18.6939
1113.21	10.6896
1116.03	4.68518
1118.85	12.6807
1121.66	-3.32387
1124.48	4.67149
1127.3	22.6668
1130.11	12.662
1132.92	16.6571
1135.73	8.65213
1138.54	8.6471
1141.35	-1.35801
1144.16	12.6368
1146.97	2.63156
1149.78	8.62624
1152.58	6.62085
1155.39	12.6154
1158.19	6.60986
1161	2.60426
1163.8	0.598599
1166.6	2.59287
1169.4	2.58708
1172.2	6.58122
1174.99	4.5753
1177.79	2.56933
1180.59	10.5633
1183.38	10.5572
1186.17	18.551
1188.97	6.54483
1191.76	-3.46144
1194.55	6.53224
1197.34	12.5259
1200.13	8.51944
1202.92	6.51296
1205.7	2.50643
1208.49	6.49985
1211.27	14.4932
1214.06	12.4865
1216.84	14.4798
1219.62	-5.52695
1222.4	12.4662
1225.18	-1.54063
1227.96	2.45247
1230.74	8.44553
1233.51	20.4385
1236.29	10.4315
1239.06	8.42445
1241.84	6.41735
1244.61	18.4102
1247.38	8.40304
1250.15	12.3958
1252.92	20.3886
1255.69	12.3813
1258.46	14.374
1261.23	2.36666
1263.99	14.3593
1266.76	8.35189
1269.52	6.34446
1272.28	12.337
1275.05	12.3295
1277.81	18.322
1280.57	6.31448
1283.33	-5.69307
1286.08	-5.70065
1288.84	2.29175
1291.6	20.2841
1294.35	4.27648
1297.11	6.26883
1299.86	16.2611
1302.61	14.2534
1305.36	6.24574
1308.11	-15.762
1310.86	14.2303
1313.61	0.22252
1316.36	20.2147
1319.1	2.20697
1321.85	14.1992
1324.59	-1.80862
1327.33	8.18358
1330.08	8.17576
1332.82	4.16794
1335.56	6.16011
1338.3	8.15227
1341.04	14.1444
1343.77	4.13659
1346.51	2.12875
1349.25	10.1209
1351.98	6.11306
1354.71	2.10521
1357.45	8.09737
1360.18	2.08952
1362.91	16.0817
1365.64	2.07384
1368.37	8.06601
1371.09	4.05818
1373.82	10.0504
1376.54	8.04255
1379.27	4.03475
1381.99	2.02695
1384.72	8.01916
1387.44	28.0114
1390.16	-1.99638
1392.88	9.99587
1395.6	7.98813
1398.31	23.9804
1401.03	9.9727
1403.75	17.965
1406.46	5.95733
1409.18	-6.05033
1411.89	17.942
1414.6	9.93441
1417.31	3.92681
1420.02	15.9192
1422.73	-8.08833
1425.44	17.9041
1428.15	7.89663
1430.85	7.88914
1433.56	-0.118322
1436.26	11.8742
1438.97	-0.133168
1441.67	7.85945
1444.37	9.8521
1447.07	13.8448
1449.77	9.83748
1452.47	13.8302
1455.16	13.823
1457.86	7.81579
1460.56	3.80863
1463.25	13.8015
1465.94	3.79441
1468.64	1.78735
1471.33	11.7803
1474.02	-0.22666
1476.71	5.7664
1479.4	7.75949
1482.09	3.75262
1484.77	3.74579
1487.46	7.73901
1490.14	15.7323
1492.83	1.72557
1495.51	-8.28109
1498.19	9.7123
1500.87	13.7057
1503.55	13.6992
1506.23	1.69275
1508.91	17.6863
1511.59	7.67996
1514.27	3.67363
1516.94	-6.33264
1519.62	5.66113
1522.29	23.655
1524.96	9.64884
1527.63	13.6428
1530.3	21.6368
1532.97	-6.36919
1535.64	3.62491
1538.31	13.6191
1540.98	19.6133
1543.64	5.60755
1546.31	27.6019
1548.97	13.5963
1551.63	1.59073
1554.3	9.58523
1556.96	21.5798
1559.62	19.5744
1562.28	11.5691
1564.94	13.5639
1567.59	5.55874
1570.25	15.5536
1572.9	11.5486
1575.56	7.54361
1578.21	15.5387
1580.86	3.53387
1583.52	9.52911
1586.17	3.52441
1588.82	1.51978
1591.47	9.51523
1594.11	13.5107
1596.76	17.5063
1599.41	-6.498
1602.05	15.4977
1604.69	1.49355
1607.34	15.4894
1609.98	5.48541
1612.62	-0.518549
1615.26	33.4776
1617.9	-4.52623
1620.54	11.4701
1623.18	11.4664
1625.81	19.4629
1628.45	9.45938
1631.08	19.456
1633.72	1.45267
1636.35	11.4494
1638.98	3.4463
1641.61	5.44324
1644.24	-4.55973
1646.87	5.43738
1649.5	17.4346
1652.13	7.43187
1654.75	13.4292
1657.38	3.42672
1660	15.4243
1662.63	5.42192
1665.25	-0.580341
1667.87	15.4175
1670.49	-4.58459
1673.11	5.41343
1675.73	11.4115
1678.35	7.40975
1680.96	-4.59195
1683.58	11.4065
1686.19	3.40495
1688.81	3.40354
1691.42	-0.597769
1694.03	1.40102
1696.64	23.3999
1699.25	9.3989
1701.87	13.398
1704.47	15.3972
1707.08	17.3965
1709.69	-10.6041
1712.29	5.39537
1714.9	17.395
1717.5	-0.60531
1720.1	-2.60549
1722.71	15.3944
1725.31	9.39445
1727.91	13.3946
1730.51	5.39484
1733.1	21.3952
1735.7	11.3957
1738.3	15.3962
1740.89	3.39691
1743.49	13.3977
1746.08	11.3986
1748.67	21.3996
1751.26	7.40076
1753.86	15.402
1756.45	3.40337
1759.03	7.40484
1761.62	3.40643
1764.21	3.40814
1766.8	17.41
1769.38	7.41191
1771.97	19.414
1774.55	7.41615
1777.13	7.41845
1779.71	3.42087
1782.29	-4.57659
1784.87	15.4261
1787.45	9.42886
1790.03	7.43176
1792.61	19.4348
1795.18	13.4379
1797.76	-8.55877
1800.33	-8.55537
1802.9	17.4482
1805.48	11.4518
1808.05	3.4556
1810.62	5.45951
1813.19	25.4635
1815.76	15.4677
1818.33	13.472
1820.89	15.4764
1823.46	11.481
1826.02	1.48568
1828.59	9.4905
1831.15	23.4954
1833.71	23.5005
1836.27	5.50575
1838.84	21.5111
1841.39	9.51659
1843.95	17.5222
1846.51	17.528
1849.07	23.5339
1851.62	7.53989
1854.18	-4.45394
1856.73	-0.447632
1859.29	13.5588
1861.84	1.5654
1864.39	3.57212
1866.94	7.57899
1869.49	13.586
1872.04	1.59314
1874.59	-6.39957
1877.13	-0.392135
1879.68	15.6154
1882.22	-8.37684
1884.77	21.631
1887.31	-0.360972
1889.85	1.64719
1892.39	11.6555
1894.93	-0.336072
1897.47	13.6725
1900.01	5.68127
1902.55	3.69016
1905.09	5.69919
1907.62	19.7084
1910.16	15.7177
1912.69	21.7272
1915.22	7.73685
1917.76	15.7466
1920.29	23.7566
1922.82	3.76667
1925.35	1.77693
1927.88	-2.21267
1930.4	15.7979
1932.93	13.8086
1935.46	5.81946
1937.98	5.83048
1940.51	7.84166
1943.03	-10.147
1945.55	7.86449
1948.07	11.8761
1950.59	1.88795
1953.11	3.89992
1955.63	3.91205
1958.15	1.92434
1960.67	5.93678
1963.18	5.94939
1965.7	-0.0378351
1968.21	9.9751
1970.73	13.9882
1973.24	8.00146
1975.75	10.0149
1978.26	2.02847
1980.77	8.04221
1983.28	10.0561
1985.79	12.0702
1988.29	4.08446
1990.8	6.09889
1993.31	4.11347
1995.81	8.12822
1998.31	-1.85687
