100.093	16.5932
103.274	16.5525
106.457	28.5121
109.636	18.472
112.817	4.43213
115.994	32.3926
119.172	10.3533
122.347	22.3144
125.521	30.2757
128.696	24.2372
131.868	6.19911
135.039	20.1613
138.209	16.1237
141.379	20.0864
144.547	10.0494
147.713	34.0126
150.879	21.9762
154.043	9.93997
157.206	23.9041
160.368	19.8684
163.529	5.83302
166.689	25.7979
169.848	11.7631
173.006	25.7285
176.163	3.69418
179.316	-14.3398
182.471	11.6264
185.625	13.5928
188.777	27.5596
191.927	17.5266
195.077	21.4939
198.224	17.4614
201.372	19.4292
204.52	13.3972
207.664	17.3655
210.809	17.3341
213.95	13.3029
217.091	5.27194
220.233	17.2412
223.372	11.2108
226.509	25.1806
229.648	21.1507
232.784	17.121
235.918	27.0915
239.051	19.0623
242.186	-0.96663
245.317	15.0047
248.447	16.9762
251.577	22.948
254.705	12.92
257.832	16.8922
260.958	20.8647
264.083	14.8374
267.204	16.8104
270.327	14.7836
273.449	16.7571
276.57	0.730726
279.69	12.7046
282.806	26.6788
285.924	38.6531
289.04	0.627719
292.154	10.6026
295.268	14.5776
298.379	14.5529
301.492	14.5284
304.601	14.5041
307.711	4.48006
310.818	24.4562
313.924	22.4326
317.031	20.4093
320.135	22.3861
323.238	18.3632
326.34	8.34045
329.443	14.3179
332.543	18.2956
335.642	10.2736
338.74	8.25171
341.836	2.23007
344.932	20.2086
348.027	14.1874
351.12	0.1664
354.213	24.1456
357.302	20.125
360.393	6.10463
363.482	10.0844
366.57	12.0645
369.656	4.04472
372.742	28.0251
375.827	0.00578371
378.91	11.9866
381.993	1.96767
385.073	1.94892
388.154	13.9304
391.232	25.912
394.311	3.89384
397.387	25.8759
400.462	7.85812
403.536	5.84055
406.611	-0.176838
409.683	1.80598
412.754	15.789
415.824	9.77219
418.893	11.7556
421.961	-0.260846
425.027	9.72292
428.093	5.70687
431.158	-0.308987
434.222	5.67534
437.284	9.65985
440.346	9.64454
443.407	15.6294
446.464	9.61449
449.523	9.59973
452.581	15.5851
455.635	5.57075
458.691	1.55653
461.743	5.54249
464.797	15.5286
467.847	21.5149
470.899	27.5014
473.947	3.48809
476.994	11.4749
480.043	11.4619
483.088	3.44911
486.133	1.43646
489.176	-0.576017
492.22	1.41166
495.262	5.39952
498.302	9.38755
501.341	5.37574
504.38	13.3641
507.417	7.35262
510.453	9.3413
513.487	15.3302
516.521	9.31917
519.554	7.30834
522.586	17.2977
525.616	-0.712832
528.646	15.2768
531.675	13.2666
534.701	17.2566
537.729	1.24671
540.753	17.237
543.778	7.22743
546.8	5.21802
549.821	3.20876
552.844	-2.80035
555.863	1.19069
558.881	11.1819
561.898	3.17323
564.916	13.1647
567.932	3.15636
570.946	-4.85185
573.959	7.14008
576.971	11.1322
579.982	1.12439
582.993	-14.8832
586	-2.89073
589.008	19.1019
592.015	5.09472
595.022	-4.91235
598.025	3.08073
601.029	-0.926054
604.032	7.0673
607.033	15.0608
610.034	11.0544
613.032	-4.95182
616.032	7.04208
619.028	15.0361
622.023	13.0303
625.018	-0.975425
628.013	7.019
631.005	17.0136
633.997	7.00826
636.987	1.00308
639.977	6.99803
642.965	14.9931
645.952	2.98831
648.939	18.9836
651.924	-1.0209
654.909	6.97468
657.892	6.97038
660.873	0.966212
663.854	14.9622
666.835	-7.04177
669.813	6.95443
672.791	10.9507
675.767	14.9472
678.743	-7.05627
681.717	6.9404
684.692	4.93718
687.664	10.9341
690.634	2.9311
693.606	2.92823
696.575	0.925481
699.543	14.9228
702.51	8.92031
705.475	0.917898
708.44	2.91559
711.404	-1.0866
714.367	2.91131
717.329	12.9093
720.29	14.9075
723.25	12.9057
726.207	0.904053
729.166	12.9025
732.123	20.9011
735.077	2.89972
738.032	20.8985
740.984	8.89735
743.938	14.8963
746.888	14.8954
749.839	10.8946
752.788	6.89383
755.735	6.8932
758.682	10.8927
761.627	12.8922
764.574	10.8919
767.517	0.891655
770.46	14.8915
773.402	6.89146
776.342	8.8915
779.282	20.8916
782.219	6.89187
785.157	10.8922
788.094	8.8926
791.029	14.8931
793.962	10.8937
796.896	10.8944
799.828	4.89515
802.76	4.896
805.689	12.8969
808.619	24.898
811.546	14.8991
814.473	10.9003
817.4	18.9016
820.324	8.90295
823.248	10.9044
826.17	6.90593
829.092	0.907546
832.012	-1.09076
834.932	16.911
837.851	8.91287
840.768	-1.0852
843.685	28.9168
846.599	18.9189
849.514	4.92106
852.428	22.9233
855.339	8.92562
858.251	16.928
861.16	2.93047
864.07	20.933
866.978	12.9356
869.884	10.9383
872.792	16.9411
875.696	6.94387
878.599	28.9468
881.502	14.9497
884.404	6.95275
887.304	10.9558
890.204	20.959
893.103	14.9622
896.001	24.9655
898.898	8.9689
901.794	10.9723
904.689	6.97582
907.581	2.97937
910.474	6.98298
913.364	0.986659
916.256	12.9904
919.144	8.99419
922.034	16.9981
924.92	9.00197
927.808	1.00595
930.693	-0.990021
933.576	1.01407
936.459	15.0182
939.341	7.02242
942.222	11.0267
945.102	3.03099
947.981	9.03536
950.859	13.0398
953.737	9.04425
956.613	-8.95122
959.488	-0.946647
962.361	11.058
965.235	1.06266
968.105	17.0674
970.977	17.0722
973.846	-4.92302
976.716	5.08186
979.583	13.0868
982.449	13.0917
985.316	17.0968
988.18	7.10181
991.043	7.10691
993.906	13.1121
996.767	29.1172
999.628	7.12247
1002.49	9.12774
1005.35	5.13306
1008.2	15.1384
1011.06	9.14381
1013.91	3.14924
1016.77	5.15472
1019.62	7.16023
1022.48	-6.83422
1025.33	-2.82864
1028.18	9.17699
1031.03	9.18265
1033.87	1.18834
1036.72	15.1941
1039.57	19.1998
1042.41	3.20564
1045.26	7.21147
1048.1	19.2173
1050.94	7.22323
1053.78	-10.7708
1056.62	3.23511
1059.46	23.2411
1062.3	7.24711
1065.14	5.25316
1067.97	19.2592
1070.81	11.2653
1073.64	-4.72854
1076.47	5.27761
1079.31	3.28379
1082.14	-2.71
1084.97	13.2962
1087.8	13.3025
1090.63	-4.69124
1093.45	-10.6849
1096.28	13.3214
1099.1	13.3277
1101.93	-2.6659
1104.75	3.34049
1107.57	9.3469
1110.39	9.35333
1113.21	-0.64023
1116.03	15.3662
1118.85	3.37272
1121.66	9.37922
1124.48	13.3857
1127.3	13.3923
1130.11	-0.601179
1132.92	9.40538
1135.73	11.412
1138.54	15.4186
1141.35	-6.57484
1144.16	3.43178
1146.97	13.4384
1149.78	15.4451
1152.58	9.4517
1155.39	1.45837
1158.19	15.465
1161	3.47173
1163.8	-4.52158
1166.6	11.4851
1169.4	5.49184
1172.2	5.49855
1174.99	7.50528
1177.79	19.512
1180.59	7.51874
1183.38	9.52548
1186.17	11.5322
1188.97	13.539
1191.76	1.54573
1194.55	1.55249
1197.34	3.55925
1200.13	3.56601
1202.92	13.5728
1205.7	1.57953
1208.49	21.5863
1211.27	9.59306
1214.06	3.59982
1216.84	5.60659
1219.62	1.61334
1222.4	-0.379895
1225.18	-4.37314
1227.96	7.63361
1230.74	13.6404
1233.51	3.6471
1236.29	7.65384
1239.06	3.66058
1241.84	-0.332695
1244.61	9.67403
1247.38	3.68074
1250.15	9.68745
1252.92	5.69415
1255.69	9.70084
1258.46	11.7075
1261.23	9.7142
1263.99	1.72086
1266.76	1.72751
1269.52	1.73415
1272.28	1.74078
1275.05	5.7474
1277.81	3.75401
1280.57	3.7606
1283.33	9.76718
1286.08	5.77374
1288.84	9.78029
1291.6	11.7868
1294.35	7.79335
1297.11	17.7999
1299.86	7.80634
1302.61	15.8128
1305.36	7.81927
1308.11	9.82571
1310.86	13.8321
1313.61	7.83852
1316.36	23.8449
1319.1	3.85126
1321.85	7.8576
1324.59	3.86392
1327.33	11.8702
1330.08	5.87649
1332.82	-2.11725
1335.56	3.88898
1338.3	15.8952
1341.04	1.90137
1343.77	1.90753
1346.51	5.91366
1349.25	-0.080223
1351.98	13.9259
1354.71	-0.0680787
1357.45	7.93795
1360.18	19.944
1362.91	5.94994
1365.64	5.95589
1368.37	19.9618
1371.09	-0.0322984
1373.82	7.97357
1376.54	7.9794
1379.27	23.9852
1381.99	13.991
1384.72	13.9967
1387.44	0.00242538
1390.16	4.00811
1392.88	6.01375
1395.6	12.0194
1398.31	8.02494
1401.03	28.0305
1403.75	10.036
1406.46	-3.95852
1409.18	8.04692
1411.89	8.05232
1414.6	2.05769
1417.31	8.06302
1420.02	20.0683
1422.73	16.0736
1425.44	6.0788
1428.15	6.08398
1430.85	-7.91087
1433.56	18.0942
1436.26	18.0993
1438.97	6.10432
1441.67	0.109301
1444.37	2.11424
1447.07	14.1191
1449.77	18.124
1452.47	20.1288
1455.16	0.133597
1457.86	2.13833
1460.56	8.14302
1463.25	16.1477
1465.94	2.15226
1468.64	16.1568
1471.33	4.16132
1474.02	10.1658
1476.71	4.1702
1479.4	-3.82542
1482.09	22.1789
1484.77	10.1832
1487.46	-3.81259
1490.14	22.1916
1492.83	10.1957
1495.51	-1.8002
1498.19	2.20383
1500.87	14.2078
1503.55	2.21175
1506.23	2.21563
1508.91	2.21946
1511.59	16.2232
1514.27	10.227
1516.94	4.23064
1519.62	-1.76573
1522.29	6.23783
1524.96	4.24135
1527.63	20.2448
1530.3	-3.75178
1532.97	26.2516
1535.64	12.2549
1538.31	12.2581
1540.98	8.26129
1543.64	20.2644
1546.31	10.2675
1548.97	0.270507
1551.63	14.2735
1554.3	6.27636
1556.96	10.2792
1559.62	10.282
1562.28	2.28471
1564.94	16.2874
1567.59	8.28997
1570.25	2.29251
1572.9	4.29499
1575.56	8.29741
1578.21	-5.70023
1580.86	6.30207
1583.52	10.3043
1586.17	20.3065
1588.82	-1.69142
1591.47	18.3106
1594.11	12.3126
1596.76	8.31452
1599.41	20.3164
1602.05	-3.68184
1604.69	10.3199
1607.34	4.32154
1609.98	14.3231
1612.62	6.32465
1615.26	8.3261
1617.9	0.327492
1620.54	18.3288
1623.18	2.33006
1625.81	-5.66875
1628.45	8.33236
1631.08	10.3334
1633.72	18.3344
1636.35	8.33529
1638.98	12.3361
1641.61	14.3369
1644.24	8.33759
1646.87	-1.66179
1649.5	6.33876
1652.13	16.3392
1654.75	2.33965
1657.38	16.34
1660	2.34024
1662.63	16.3404
1665.25	10.3405
1667.87	-1.65942
1670.49	8.34055
1673.11	4.34043
1675.73	-1.65975
1678.35	6.33999
1680.96	22.3396
1683.58	8.33923
1686.19	16.3387
1688.81	18.3382
1691.42	4.33753
1694.03	10.3368
1696.64	16.336
1699.25	14.3351
1701.87	12.3342
1704.47	0.333122
1707.08	0.332004
1709.69	-3.66919
1712.29	30.3295
1714.9	18.3282
1717.5	-7.67327
1720.1	0.325207
1722.71	14.3236
1725.31	14.3219
1727.91	2.32015
1730.51	18.3183
1733.1	0.316369
1735.7	32.3144
1738.3	12.3123
1740.89	4.31007
1743.49	6.3078
1746.08	6.30545
1748.67	14.303
1751.26	-3.69951
1753.86	6.29788
1756.45	8.29518
1759.03	16.2924
1761.62	12.2895
1764.21	6.28658
1766.8	14.2835
1769.38	20.2804
1771.97	10.2772
1774.55	10.2739
1777.13	18.2705
1779.71	4.267
1782.29	8.26343
1784.87	8.25977
1787.45	20.256
1790.03	6.25217
1792.61	6.24824
1795.18	-1.75578
1797.76	8.2401
1800.33	12.2359
1802.9	4.2316
1805.48	12.2272
1808.05	2.22272
1810.62	12.2181
1813.19	18.2135
1815.76	4.20872
1818.33	20.2039
1820.89	2.19891
1823.46	12.1939
1826.02	6.18872
1828.59	22.1835
1831.15	0.178165
1833.71	10.1727
1836.27	2.16722
1838.84	16.1616
1841.39	16.1559
1843.95	6.15008
1846.51	6.14417
1849.07	12.1382
1851.62	14.1321
1854.18	12.1259
1856.73	6.11957
1859.29	12.1132
1861.84	-3.89332
1864.39	16.1001
1866.94	6.09339
1869.49	-7.9134
1872.04	0.079706
1874.59	16.0727
1877.13	6.06562
1879.68	0.0584263
1882.22	4.05113
1884.77	0.0437288
1887.31	4.03623
1889.85	10.0286
1892.39	12.0209
1894.93	10.0131
1897.47	24.0052
1900.01	15.9972
1902.55	9.98908
1905.09	17.9809
1907.62	11.9725
1910.16	9.96411
1912.69	9.95558
1915.22	25.9469
1917.76	13.9382
1920.29	13.9293
1922.82	5.92039
1925.35	21.9113
1927.88	-2.09783
1930.4	15.8929
1932.93	-0.116486
1935.46	1.87403
1937.98	17.8644
1940.51	19.8547
1943.03	19.8449
1945.55	3.835
1948.07	5.82497
1950.59	23.8148
1953.11	15.8046
1955.63	21.7942
1958.15	13.7838
1960.67	17.7732
1963.18	9.76252
1965.7	3.75173
1968.21	-4.25917
1970.73	-2.27019
1973.24	13.7187
1975.75	21.7074
1978.26	11.6961
1980.77	17.6846
1983.28	5.67306
1985.79	7.66138
1988.29	5.64958
1990.8	1.63766
1993.31	3.62564
1995.81	11.6135
1998.31	11.6013
