100.093	9.54682
103.274	15.5409
106.457	31.5353
109.636	21.5299
112.817	25.5248
115.994	17.5199
119.172	-2.48478
122.347	17.5108
125.521	27.5066
128.696	-2.49733
131.868	-2.50104
135.039	23.4955
138.209	23.4922
141.379	13.4892
144.547	13.4865
147.713	19.4839
150.879	15.4816
154.043	15.4795
157.206	3.47763
160.368	-0.524016
163.529	3.47456
166.689	3.47336
169.848	23.4724
173.006	27.4716
176.163	11.4711
179.316	23.4707
182.471	17.4706
185.625	21.4707
188.777	11.471
191.927	5.47157
195.077	11.4723
198.224	17.4732
201.372	-0.525601
204.52	15.4758
207.664	-4.52268
210.809	23.4791
213.95	11.481
217.091	29.4832
220.233	7.48558
223.372	15.4881
226.509	21.4909
229.648	-0.506129
232.784	25.497
235.918	13.5004
239.051	9.50391
242.186	7.50764
245.317	9.51156
248.447	3.51567
251.577	13.52
254.705	17.5245
257.832	25.5291
260.958	-0.46603
264.083	13.539
267.204	21.5442
270.327	15.5496
273.449	1.55518
276.57	7.56094
279.69	15.5669
282.806	9.57296
285.924	17.5792
289.04	25.5857
292.154	11.5923
295.268	-0.400899
298.379	5.60606
301.492	-2.38681
304.601	11.6205
307.711	3.62794
310.818	23.6356
313.924	17.6434
317.031	13.6513
320.135	1.65941
323.238	17.6677
326.34	9.67611
329.443	11.6847
332.543	5.69344
335.642	5.70234
338.74	21.7114
341.836	7.72059
344.932	27.7299
348.027	17.7394
351.12	5.7491
354.213	3.75891
357.302	9.76885
360.393	-0.221056
363.482	17.7892
366.57	15.7996
369.656	7.81009
372.742	-0.179244
375.827	7.83156
378.91	-0.157495
381.993	1.85359
385.073	1.8648
388.154	17.8762
391.232	5.88765
394.311	9.89927
397.387	13.911
400.462	11.9229
403.536	-2.06508
406.611	-0.0529323
409.683	13.9593
412.754	3.97173
415.824	-0.0157468
418.893	11.9969
421.961	0.00966821
425.027	12.0226
428.093	10.0356
431.158	4.04871
434.222	22.062
437.284	16.0753
440.346	2.08881
443.407	12.1024
446.464	-9.88387
449.523	6.12996
452.581	16.1439
455.635	26.1579
458.691	16.1721
461.743	22.1864
464.797	12.2008
467.847	4.21524
470.899	-5.77016
473.947	12.2445
476.994	12.2593
480.043	-7.72576
483.088	8.28924
486.133	36.3043
489.176	10.3195
492.22	-7.66515
495.262	18.3503
498.302	2.36575
501.341	12.3813
504.38	16.397
507.417	-7.5872
510.453	-1.57133
513.487	6.44462
516.521	4.46067
519.554	10.4768
522.586	-1.50695
525.616	2.50935
528.646	2.52576
531.675	-1.45775
534.701	4.55881
537.729	12.5755
540.753	-1.40781
543.778	4.60901
546.8	4.6259
549.821	14.6429
552.844	4.65993
555.863	6.67705
558.881	6.69425
561.898	8.71152
564.916	2.72888
567.932	2.7463
570.946	4.7638
573.959	8.78136
576.971	10.799
579.982	-5.1833
582.993	6.83447
586	6.8523
589.008	6.87021
592.015	2.88818
595.022	0.906213
598.025	6.9243
601.029	8.94246
604.032	-1.03932
607.033	4.97895
610.034	18.9973
613.032	1.01568
616.032	-4.96586
619.028	3.05264
622.023	7.07119
625.018	-0.910194
628.013	7.10848
631.005	9.1272
633.997	-6.85403
636.987	-0.835212
639.977	5.18366
642.965	5.20258
645.952	5.22154
648.939	7.24055
651.924	7.25961
654.909	7.27872
657.892	5.29786
660.873	7.31704
663.854	-2.66373
666.835	13.3555
669.813	9.37485
672.791	13.3942
675.767	9.41358
678.743	5.43301
681.717	23.4525
684.692	11.472
687.664	5.49149
690.634	21.511
693.606	15.5307
696.575	17.5503
699.543	19.5699
702.51	19.5896
705.475	7.60932
708.44	-2.37093
711.404	-8.35117
714.367	13.6686
717.329	3.68845
720.29	17.7083
723.25	11.7282
726.207	7.74804
729.166	11.768
732.123	15.7879
735.077	1.80784
738.032	13.8278
740.984	-4.15221
743.938	7.8678
746.888	19.8878
749.839	5.90786
752.788	7.92791
755.735	21.948
758.682	-2.03196
761.627	7.98813
764.574	-3.99176
767.517	14.0283
770.46	16.0485
773.402	4.06858
776.342	12.0887
779.282	20.1089
782.219	14.129
785.157	8.14915
788.094	16.1693
791.029	4.18946
793.962	-1.79039
796.896	16.2298
799.828	16.2499
802.76	0.270098
805.689	10.2903
808.619	14.3104
811.546	16.3306
814.473	8.35071
817.4	8.37087
820.324	10.391
823.248	8.41114
826.17	18.4313
829.092	22.4514
832.012	4.47149
834.932	10.4916
837.851	4.51168
840.768	10.5318
843.685	10.5518
846.599	12.5719
849.514	4.59192
852.428	4.61195
855.339	14.6319
858.251	10.6519
861.16	20.6719
864.07	18.6919
866.978	8.71182
869.884	10.7317
872.792	14.7516
875.696	10.7715
878.599	8.79138
881.502	10.8112
884.404	8.83102
887.304	12.8508
890.204	-1.12943
893.103	10.8903
896.001	12.91
898.898	4.9297
901.794	2.94936
904.689	8.96899
907.581	-3.01142
910.474	21.0081
913.364	3.02767
916.256	5.04718
919.144	23.0666
922.034	-4.91392
924.92	11.1055
927.808	7.12485
930.693	29.1442
933.576	11.1635
936.459	-4.81728
939.341	15.2019
942.222	9.22111
945.102	-10.7598
947.981	27.2593
950.859	5.2784
953.737	7.29742
956.613	17.3164
959.488	13.3353
962.361	7.3542
965.235	5.37304
968.105	5.39182
970.977	15.4106
973.846	7.42926
976.716	21.4479
979.583	-6.53348
982.449	9.48506
985.316	5.50357
988.18	9.52202
991.043	7.54042
993.906	3.55876
996.767	19.5771
999.628	13.5953
1002.49	9.61347
1005.35	11.6316
1008.2	9.64967
1011.06	-2.33232
1013.91	9.68564
1016.77	13.7035
1019.62	9.72137
1022.48	21.7392
1025.33	13.7569
1028.18	21.7745
1031.03	11.7921
1033.87	19.8097
1036.72	-0.17287
1039.57	7.84453
1042.41	1.86187
1045.26	21.8791
1048.1	3.89635
1050.94	17.9135
1053.78	15.9306
1056.62	1.94757
1059.46	13.9645
1062.3	7.98138
1065.14	7.99817
1067.97	2.0149
1070.81	18.0315
1073.64	-1.95187
1076.47	-3.93537
1079.31	16.0811
1082.14	6.09743
1084.97	2.11372
1087.8	12.1299
1090.63	4.14605
1093.45	6.16211
1096.28	14.1781
1099.1	28.194
1101.93	8.2098
1104.75	12.2255
1107.57	10.2412
1110.39	10.2568
1113.21	2.27226
1116.03	10.2877
1118.85	14.303
1121.66	36.3182
1124.48	8.33341
1127.3	6.34848
1130.11	14.3635
1132.92	6.37837
1135.73	8.39318
1138.54	4.4079
1141.35	10.4225
1144.16	20.4371
1146.97	4.45155
1149.78	8.46592
1152.58	26.4802
1155.39	8.49438
1158.19	-5.49153
1161	4.52247
1163.8	2.53637
1166.6	4.55018
1169.4	0.563903
1172.2	0.577518
1174.99	10.591
1177.79	12.6045
1180.59	6.6178
1183.38	-5.36898
1186.17	14.6442
1188.97	22.6572
1191.76	-5.32987
1194.55	4.68296
1197.34	10.6957
1200.13	18.7083
1202.92	6.72084
1205.7	12.7333
1208.49	12.7456
1211.27	4.7578
1214.06	4.7699
1216.84	16.7819
1219.62	8.7938
1222.4	-1.1944
1225.18	-1.18272
1227.96	2.82885
1230.74	16.8403
1233.51	4.85168
1236.29	10.8629
1239.06	-7.12594
1241.84	-3.11492
1244.61	20.896
1247.38	12.9068
1250.15	10.9175
1252.92	0.928059
1255.69	12.9385
1258.46	12.9489
1261.23	8.9591
1263.99	-3.03079
1266.76	-5.02079
1269.52	2.98909
1272.28	4.99885
1275.05	7.0085
1277.81	11.018
1280.57	7.02743
1283.33	9.03672
1286.08	13.0459
1288.84	3.05493
1291.6	7.06386
1294.35	-2.92734
1297.11	-2.91867
1299.86	11.0899
1302.61	-6.90168
1305.36	11.1066
1308.11	-2.88519
1310.86	21.1229
1313.61	11.1308
1316.36	13.1386
1319.1	1.14627
1321.85	21.1538
1324.59	23.1612
1327.33	11.1685
1330.08	-2.82431
1332.82	9.18272
1335.56	3.18962
1338.3	13.1964
1341.04	-2.79697
1343.77	7.20953
1346.51	19.2159
1349.25	17.2221
1351.98	7.22824
1354.71	11.2342
1357.45	5.24005
1360.18	5.24575
1362.91	15.2513
1365.64	-0.74326
1368.37	3.26203
1371.09	15.2672
1373.82	7.27219
1376.54	3.27706
1379.27	17.2818
1381.99	15.2864
1384.72	13.2909
1387.44	5.29516
1390.16	1.29934
1392.88	21.3034
1395.6	13.3073
1398.31	-2.689
1401.03	7.3146
1403.75	9.31806
1406.46	-0.678627
1409.18	7.32454
1411.89	7.32756
1414.6	-0.669562
1417.31	15.3332
1420.02	17.3357
1422.73	13.3382
1425.44	13.3405
1428.15	5.34261
1430.85	33.3446
1433.56	13.3464
1436.26	7.34812
1438.97	25.3497
1441.67	13.351
1444.37	19.3523
1447.07	9.35337
1449.77	3.3543
1452.47	9.35507
1455.16	11.3557
1457.86	13.3562
1460.56	19.3565
1463.25	13.3566
1465.94	11.3566
1468.64	9.35649
1471.33	-4.64381
1474.02	-2.64428
1476.71	3.3551
1479.4	9.35431
1482.09	-0.646626
1484.77	5.35228
1487.46	15.351
1490.14	9.3496
1492.83	21.348
1495.51	3.34628
1498.19	5.34438
1500.87	-0.657683
1503.55	21.3401
1506.23	9.3377
1508.91	19.3352
1511.59	11.3324
1514.27	11.3296
1516.94	7.32651
1519.62	11.3233
1522.29	-4.68007
1524.96	5.31639
1527.63	11.3127
1530.3	-0.691195
1532.97	3.30476
1535.64	11.3006
1538.31	11.2962
1540.98	9.29163
1543.64	3.28691
1546.31	15.282
1548.97	5.27697
1551.63	-2.72826
1554.3	13.2663
1556.96	1.26078
1559.62	11.255
1562.28	15.2491
1564.94	5.24304
1567.59	1.23678
1570.25	5.23034
1572.9	17.2237
1575.56	3.21695
1578.21	9.21
1580.86	23.2029
1583.52	3.19555
1586.17	7.18807
1588.82	5.1804
1591.47	23.1726
1594.11	-6.83545
1596.76	15.1564
1599.41	15.148
1602.05	5.13943
1604.69	-4.8693
1607.34	23.1218
1609.98	-4.88731
1612.62	3.10342
1615.26	17.094
1617.9	11.0843
1620.54	13.0745
1623.18	13.0645
1625.81	11.0543
1628.45	11.044
1631.08	1.03342
1633.72	7.02269
1636.35	-4.98822
1638.98	21.0007
1641.61	4.98939
1644.24	-5.02209
1646.87	-1.03375
1649.5	14.9544
1652.13	10.9424
1654.75	14.9302
1657.38	2.91775
1660	4.90515
1662.63	16.8924
1665.25	12.8794
1667.87	4.86624
1670.49	-3.14711
1673.11	14.8393
1675.73	8.82561
1678.35	10.8117
1680.96	20.7976
1683.58	6.78328
1686.19	16.7688
1688.81	18.7541
1691.42	30.7392
1694.03	14.7241
1696.64	18.7089
1699.25	6.6934
1701.87	20.6777
1704.47	8.66189
1707.08	12.6458
1709.69	8.6296
1712.29	12.6132
1714.9	0.596522
1717.5	18.5797
1720.1	6.56267
1722.71	6.54544
1725.31	-3.47198
1727.91	16.5104
1730.51	12.4926
1733.1	8.47456
1735.7	8.45634
1738.3	-5.56208
1740.89	4.4193
1743.49	14.4005
1746.08	4.38147
1748.67	4.36224
1751.26	10.3428
1753.86	10.3232
1756.45	6.30338
1759.03	0.283357
1761.62	20.2631
1764.21	10.2427
1766.8	6.22206
1769.38	8.20122
1771.97	24.1802
1774.55	14.1589
1777.13	16.1375
1779.71	18.1158
1782.29	6.09394
1784.87	28.0719
1787.45	16.0496
1790.03	18.0271
1792.61	6.00441
1795.18	7.98152
1797.76	13.9584
1800.33	5.93509
1802.9	9.91157
1805.48	5.88784
1808.05	11.8639
1810.62	9.83974
1813.19	1.81538
1815.76	-2.2092
1818.33	19.766
1820.89	11.741
1823.46	-0.284175
1826.02	5.6904
1828.59	9.66478
1831.15	3.63895
1833.71	3.61288
1836.27	7.58662
1838.84	5.56014
1841.39	1.53345
1843.95	15.5065
1846.51	17.4794
1849.07	19.4521
1851.62	1.42455
1854.18	11.3968
1856.73	13.3688
1859.29	-2.6594
1861.84	9.3122
1864.39	5.28358
1866.94	-2.74528
1869.49	13.2257
1872.04	5.19638
1874.59	25.1669
1877.13	5.13717
1879.68	17.1073
1882.22	15.0771
1884.77	-12.9533
1887.31	11.0161
1889.85	-7.01468
1892.39	8.9543
1894.93	18.9231
1897.47	14.8916
1900.01	4.85988
1902.55	16.828
1905.09	12.7958
1907.62	-3.23652
1910.16	6.73093
1912.69	-1.30188
1915.22	4.66509
1917.76	0.631861
1920.29	10.5984
1922.82	10.5647
1925.35	8.53077
1927.88	24.4966
1930.4	-1.53772
1932.93	12.4277
1935.46	20.3929
1937.98	-3.64216
1940.51	8.32258
1943.03	14.2871
1945.55	0.251383
1948.07	2.21543
1950.59	2.17928
1953.11	10.1429
1955.63	8.10625
1958.15	22.0694
1960.67	10.0323
1963.18	3.99503
1965.7	-2.0425
1968.21	9.91973
1970.73	1.88174
1973.24	-0.156489
1975.75	13.8051
1978.26	3.76639
1980.77	-0.272507
1983.28	13.6883
1985.79	3.64897
1988.29	11.6094
1990.8	5.56952
1993.31	-2.47054
1995.81	13.4892
1998.31	5.44866
