100.093	24.0706
103.274	18.0465
106.457	6.02266
109.636	15.9993
112.817	15.9763
115.994	5.95373
119.172	9.93154
122.347	9.90976
125.521	11.8884
128.696	15.8674
131.868	-6.15324
135.039	11.8265
138.209	-0.193297
141.379	9.78723
144.547	9.76816
147.713	-2.25054
150.879	5.73113
154.043	15.7132
157.206	9.69559
160.368	7.67837
163.529	17.6615
166.689	-4.35497
169.848	5.6289
173.006	13.6131
176.163	13.5977
179.316	11.5827
182.471	9.56794
185.625	9.55358
188.777	13.5396
191.927	23.5259
195.077	7.51256
198.224	15.4996
201.372	19.4869
204.52	13.4746
207.664	-4.53738
210.809	-0.549035
213.95	27.4396
217.091	11.4286
220.233	3.41797
223.372	1.40762
226.509	-2.60242
229.648	23.3879
232.784	13.3785
235.918	3.36937
239.051	17.3606
242.186	23.3521
245.317	9.34396
248.447	1.3361
251.577	1.32854
254.705	9.32128
257.832	9.31431
260.958	9.30764
264.083	19.3013
267.204	5.29519
270.327	3.28939
273.449	7.28388
276.57	-0.721352
279.69	5.2737
282.806	-2.73096
285.924	7.26465
289.04	-0.739464
292.154	-2.7433
295.268	13.2531
298.379	13.2498
301.492	-2.7532
304.601	11.244
307.711	-0.758479
310.818	11.2393
313.924	13.2373
317.031	19.2356
320.135	3.23408
323.238	23.2329
326.34	5.23188
329.443	39.2311
332.543	19.2307
335.642	3.23042
338.74	23.2304
341.836	-2.76933
344.932	9.23114
348.027	23.2319
351.12	11.2328
354.213	5.23398
357.302	7.23538
360.393	19.237
363.482	-2.76113
366.57	5.24095
369.656	-2.75675
372.742	11.2458
375.827	1.24851
378.91	5.25146
381.993	1.25462
385.073	19.258
388.154	-4.73843
391.232	5.26536
394.311	11.2694
397.387	1.27355
400.462	17.2779
403.536	7.28253
406.611	25.2873
409.683	11.2923
412.754	11.2975
415.824	11.3028
418.893	5.3084
421.961	9.31414
425.027	-6.67994
428.093	7.32617
431.158	15.3325
434.222	21.3389
437.284	7.34557
440.346	7.35238
443.407	5.35938
446.464	19.3665
449.523	11.3739
452.581	3.38136
455.635	-0.610983
458.691	25.3968
461.743	-6.59518
464.797	3.41297
467.847	7.42127
470.899	19.4297
473.947	9.43833
476.994	13.4471
480.043	1.456
483.088	27.4651
486.133	11.4743
489.176	13.4836
492.22	11.4931
495.262	3.50273
498.302	-4.48751
501.341	5.52239
504.38	13.5324
507.417	21.5426
510.453	-2.4471
513.487	17.5633
516.521	5.57388
519.554	13.5846
522.586	13.5954
525.616	1.60628
528.646	15.6173
531.675	-2.3715
534.701	21.6398
537.729	25.6512
540.753	-6.33734
543.778	11.6743
546.8	27.686
549.821	1.69783
552.844	19.7098
555.863	13.7218
558.881	3.73393
561.898	13.7462
564.916	5.75851
567.932	13.7709
570.946	9.78347
573.959	23.7961
576.971	5.80879
579.982	9.82158
582.993	7.83447
586	9.84743
589.008	-4.13952
592.015	-0.126384
595.022	1.88683
598.025	7.90012
601.029	15.9135
604.032	1.92693
607.033	13.9404
610.034	3.95403
613.032	5.96768
616.032	-6.01859
619.028	13.9952
622.023	6.00904
625.018	12.023
628.013	-5.96307
631.005	0.0509633
633.997	-9.93495
636.987	12.0792
639.977	14.0934
642.965	4.10765
645.952	2.12195
648.939	16.1363
651.924	-7.8493
654.909	6.16515
657.892	6.17964
660.873	-3.80584
663.854	6.20873
666.835	4.22334
669.813	6.23798
672.791	10.2527
675.767	12.2674
678.743	18.2821
681.717	24.2969
684.692	12.3117
687.664	2.32653
690.634	2.34139
693.606	0.356275
696.575	6.37117
699.543	-5.6139
702.51	26.401
705.475	10.416
708.44	-1.56903
711.404	6.44595
714.367	16.461
717.329	0.475967
720.29	-3.50901
723.25	8.50602
726.207	6.52104
729.166	18.5361
732.123	-1.44887
735.077	8.56616
738.032	4.5812
740.984	18.5962
743.938	-3.38872
746.888	6.6263
749.839	8.64133
752.788	20.6563
755.735	24.6713
758.682	30.6863
761.627	12.7013
764.574	14.7163
767.517	20.7312
770.46	22.7461
773.402	8.76106
776.342	14.7759
779.282	26.7908
782.219	2.80565
785.157	18.8205
788.094	2.83526
791.029	4.85002
793.962	-3.13525
796.896	0.879448
799.828	10.8941
802.76	14.9087
805.689	6.92333
808.619	16.9379
811.546	14.9524
814.473	22.9669
817.4	12.9813
820.324	4.99571
823.248	-4.98995
826.17	13.0244
829.092	21.0386
832.012	7.0528
834.932	11.0669
837.851	5.08104
840.768	17.0951
843.685	-0.890925
846.599	21.123
849.514	9.13687
852.428	3.15068
855.339	19.1644
858.251	27.1781
861.16	27.1917
864.07	11.2053
866.978	15.2188
869.884	7.23219
872.792	23.2455
875.696	9.25882
878.599	27.272
881.502	5.28515
884.404	-0.7018
887.304	21.3112
890.204	15.3241
893.103	21.3369
896.001	19.3496
898.898	17.3623
901.794	29.3748
904.689	15.3873
907.581	-2.60028
910.474	15.412
913.364	13.4242
916.256	23.4364
919.144	3.4484
922.034	17.4603
924.92	11.4722
927.808	11.4839
930.693	11.4956
933.576	-2.49289
936.459	13.5186
939.341	-2.4701
942.222	7.54114
945.102	5.55227
947.981	-4.4367
950.859	9.57422
953.737	-10.415
956.613	7.59573
959.488	5.60632
962.361	15.6168
965.235	7.62715
968.105	11.6374
970.977	21.6475
973.846	17.6575
976.716	11.6674
979.583	7.67717
982.449	7.68681
985.316	3.69634
988.18	7.70573
991.043	11.715
993.906	9.72413
996.767	13.7331
999.628	7.74202
1002.49	9.75077
1005.35	19.7594
1008.2	-2.23213
1011.06	3.77621
1013.91	13.7844
1016.77	9.79248
1019.62	11.8004
1022.48	15.8082
1025.33	21.8158
1028.18	15.8234
1031.03	9.83071
1033.87	-2.16208
1036.72	11.845
1039.57	11.8519
1042.41	-4.14133
1045.26	7.86528
1048.1	29.8717
1050.94	7.87806
1053.78	23.8842
1056.62	11.8902
1059.46	31.8961
1062.3	7.90174
1065.14	27.9073
1067.97	21.9126
1070.81	5.91782
1073.64	5.92286
1076.47	13.9277
1079.31	7.93244
1082.14	-2.06302
1084.97	1.94135
1087.8	15.9455
1090.63	-2.05042
1093.45	13.9534
1096.28	23.9571
1099.1	19.9606
1101.93	9.96397
1104.75	13.9671
1107.57	19.9701
1110.39	27.9729
1113.21	11.9755
1116.03	9.97797
1118.85	7.98023
1121.66	13.9823
1124.48	11.9842
1127.3	-2.0141
1130.11	11.9874
1132.92	5.98874
1135.73	21.9899
1138.54	9.99082
1141.35	13.9916
1144.16	9.99214
1146.97	17.9925
1149.78	21.9927
1152.58	1.99264
1155.39	15.9924
1158.19	33.992
1161	3.99137
1163.8	17.9906
1166.6	13.9895
1169.4	21.9883
1172.2	13.9869
1174.99	-8.01478
1177.79	9.98337
1180.59	31.9813
1183.38	-0.0209494
1186.17	1.97657
1188.97	-0.026112
1191.76	13.971
1194.55	13.9679
1197.34	7.96455
1200.13	9.96101
1202.92	15.9572
1205.7	11.9533
1208.49	25.9491
1211.27	17.9447
1214.06	5.94002
1216.84	29.9352
1219.62	5.93007
1222.4	1.92476
1225.18	13.9192
1227.96	17.9135
1230.74	17.9075
1233.51	13.9013
1236.29	27.8948
1239.06	25.8881
1241.84	27.8812
1244.61	15.8741
1247.38	7.8667
1250.15	1.85909
1252.92	5.85124
1255.69	-0.156854
1258.46	7.83482
1261.23	15.8263
1263.99	21.8175
1266.76	7.8084
1269.52	23.7991
1272.28	-2.21041
1275.05	19.7798
1277.81	1.76978
1280.57	11.7595
1283.33	-6.25101
1286.08	21.7382
1288.84	13.7272
1291.6	15.7159
1294.35	-0.29558
1297.11	5.69266
1299.86	23.6806
1302.61	13.6683
1305.36	9.65581
1308.11	21.643
1310.86	7.62997
1313.61	17.6167
1316.36	19.6031
1319.1	5.58926
1321.85	13.5752
1324.59	11.5608
1327.33	3.54619
1330.08	31.5313
1332.82	17.5162
1335.56	9.50074
1338.3	15.4851
1341.04	-2.53089
1343.77	27.4529
1346.51	3.4364
1349.25	17.4196
1351.98	-2.5974
1354.71	17.3853
1357.45	-2.6323
1360.18	15.3498
1362.91	21.3317
1365.64	9.31328
1368.37	23.2946
1371.09	1.27562
1373.82	17.2564
1376.54	15.2368
1379.27	15.217
1381.99	31.1969
1384.72	9.17654
1387.44	7.15588
1390.16	9.13492
1392.88	-6.88631
1395.6	19.0922
1398.31	-10.9297
1401.03	21.0482
1403.75	15.0259
1406.46	15.0031
1409.18	22.9802
1411.89	30.9569
1414.6	8.93333
1417.31	6.90949
1420.02	22.8853
1422.73	10.8609
1425.44	2.83611
1428.15	10.8111
1430.85	24.7857
1433.56	18.7601
1436.26	30.7341
1438.97	28.7079
1441.67	14.6813
1444.37	4.65446
1447.07	10.6273
1449.77	24.5998
1452.47	2.57205
1455.16	10.544
1457.86	22.5156
1460.56	20.4869
1463.25	30.4579
1465.94	8.42854
1468.64	4.3989
1471.33	2.36897
1474.02	20.3387
1476.71	4.30813
1479.4	16.2772
1482.09	-1.75398
1484.77	14.2145
1487.46	20.1827
1490.14	10.1505
1492.83	14.118
1495.51	22.0852
1498.19	24.0521
1500.87	16.0187
1503.55	19.9849
1506.23	29.9508
1508.91	9.91642
1511.59	21.8817
1514.27	25.8466
1516.94	25.8112
1519.62	15.7755
1522.29	-0.260537
1524.96	29.7031
1527.63	19.6664
1530.3	11.6294
1532.97	15.592
1535.64	17.5543
1538.31	11.5162
1540.98	23.4779
1543.64	23.4392
1546.31	25.4002
1548.97	-12.6392
1551.63	17.3211
1554.3	7.281
1556.96	5.24062
1559.62	13.1999
1562.28	9.15883
1564.94	11.1174
1567.59	9.07567
1570.25	35.0336
1572.9	10.9911
1575.56	16.9483
1578.21	8.90523
1580.86	28.8617
1583.52	14.8179
1586.17	6.77376
1588.82	16.7292
1591.47	12.6844
1594.11	4.63917
1596.76	10.5936
1599.41	16.5477
1602.05	14.5014
1604.69	6.45481
1607.34	0.407828
1609.98	18.3605
1612.62	14.3128
1615.26	0.264754
1617.9	18.2164
1620.54	24.1676
1623.18	16.1185
1625.81	14.069
1628.45	4.01921
1631.08	11.969
1633.72	31.9185
1636.35	-2.13242
1638.98	3.8163
1641.61	-0.235333
1644.24	15.7127
1646.87	13.6603
1649.5	17.6076
1652.13	-0.445521
1654.75	3.501
1657.38	-2.55281
1660	5.39297
1662.63	29.3384
1665.25	19.2835
1667.87	-6.77184
1670.49	17.1725
1673.11	21.1164
1675.73	1.06002
1678.35	13.0032
1680.96	2.94606
1683.58	4.88855
1686.19	8.83062
1688.81	4.77231
1691.42	12.7137
1694.03	16.6546
1696.64	18.5952
1699.25	12.5354
1701.87	16.4752
1704.47	-7.58536
1707.08	20.3537
1709.69	14.2924
1712.29	12.2307
1714.9	-3.83141
1717.5	10.1062
1720.1	10.0433
1722.71	9.98005
1725.31	5.91645
1727.91	13.8524
1730.51	19.788
1733.1	19.7233
1735.7	3.65808
1738.3	17.5925
1740.89	15.5266
1743.49	-10.5397
1746.08	9.39353
1748.67	9.32641
1751.26	11.2589
1753.86	11.191
1756.45	17.1227
1759.03	9.05407
1761.62	18.985
1764.21	26.9155
1766.8	22.8457
1769.38	8.77541
1771.97	10.7047
1774.55	-1.36634
1777.13	8.5622
1779.71	10.4903
1782.29	10.4181
1784.87	26.3455
1787.45	16.2724
1790.03	32.199
1792.61	16.1251
1795.18	14.0509
1797.76	17.9762
1800.33	17.9011
1802.9	5.82569
1805.48	21.7498
1808.05	13.6736
1810.62	15.5969
1813.19	11.5198
1815.76	9.44229
1818.33	31.3644
1820.89	15.286
1823.46	9.20736
1826.02	13.1282
1828.59	21.0487
1831.15	4.96877
1833.71	28.8884
1836.27	-3.19238
1838.84	10.7264
1841.39	8.64486
1843.95	0.562852
1846.51	28.4804
1849.07	12.3976
1851.62	8.31437
1854.18	32.2307
1856.73	6.14664
1859.29	4.06211
1861.84	7.97723
1864.39	11.8919
1866.94	-4.19388
1869.49	13.72
1872.04	-2.36662
1874.59	3.54637
1877.13	5.45894
1879.68	-0.628855
1882.22	13.2829
1884.77	-2.80585
1887.31	11.1051
1889.85	15.0155
1892.39	12.9256
1894.93	0.835209
1897.47	10.7444
1900.01	20.6531
1902.55	20.5615
1905.09	12.4694
1907.62	26.3769
1910.16	16.284
1912.69	0.190607
1915.22	-1.90321
1917.76	-5.9974
1920.29	5.90792
1922.82	3.81286
1925.35	5.71731
1927.88	13.6214
1930.4	-4.47499
1932.93	1.42821
1935.46	11.331
1937.98	11.2333
1940.51	-6.86482
1943.03	15.0366
1945.55	4.93769
1948.07	10.8383
1950.59	-5.26155
1953.11	4.63812
1955.63	4.53743
1958.15	6.43629
1960.67	12.3347
1963.18	20.2327
1965.7	22.1302
1968.21	10.0273
1970.73	27.924
1973.24	3.82015
1975.75	5.71597
1978.26	11.6113
1980.77	25.5062
1983.28	15.4006
1985.79	-0.705356
1988.29	1.18823
1990.8	13.0813
1993.31	30.974
1995.81	12.8662
1998.31	6.75806
