100.093	17.316
103.274	7.41155
106.457	19.5065
109.636	7.6007
112.817	27.6943
115.994	9.78712
119.172	7.87934
122.347	9.97082
125.521	18.0616
128.696	2.15182
131.868	12.2413
135.039	18.3301
138.209	-7.58177
141.379	14.5058
144.547	14.5926
147.713	24.6788
150.879	2.76428
154.043	12.8491
157.206	4.93336
160.368	19.0169
163.529	11.0999
166.689	-0.817848
169.848	7.26381
173.006	1.34483
176.163	3.42521
179.316	-0.495083
182.471	17.584
185.625	5.66256
188.777	-0.259559
191.927	11.8177
195.077	-2.1057
198.224	17.9703
201.372	18.0457
204.52	20.1205
207.664	6.19468
210.809	12.2683
213.95	4.34124
217.091	10.4136
220.233	12.4854
223.372	4.55656
226.509	28.6271
229.648	14.6972
232.784	6.76656
235.918	8.83538
239.051	14.9036
242.186	2.97131
245.317	7.03838
248.447	11.1049
251.577	9.17081
254.705	-2.76383
257.832	-2.69903
260.958	21.3652
264.083	5.42886
267.204	15.4919
270.327	1.55448
273.449	11.6165
276.57	15.6779
279.69	3.73881
282.806	-2.20088
285.924	-0.141079
289.04	21.9182
292.154	13.9769
295.268	0.0350368
298.379	10.0926
301.492	14.1498
304.601	14.2063
307.711	12.2623
310.818	4.31783
313.924	4.3728
317.031	8.42728
320.135	8.4812
323.238	8.53461
326.34	10.5875
329.443	0.639921
332.543	12.6918
335.642	14.7432
338.74	10.794
341.836	10.8444
344.932	0.894234
348.027	24.9436
351.12	8.99246
354.213	11.0408
357.302	9.08868
360.393	11.1361
363.482	-2.81703
366.57	27.2294
369.656	21.2753
372.742	21.3208
375.827	5.36574
378.91	-6.58979
381.993	5.45425
385.073	23.4978
388.154	-2.45912
391.232	3.58347
394.311	3.62564
397.387	11.6673
400.462	-0.291472
403.536	25.7493
406.611	-10.2104
409.683	9.82947
412.754	9.86887
415.824	25.9078
418.893	9.94633
421.961	7.98439
425.027	4.02202
428.093	18.0592
431.158	22.0959
434.222	20.1323
437.284	20.1681
440.346	12.2036
443.407	14.2386
446.464	24.2732
449.523	2.30734
452.581	-1.65891
455.635	16.3744
458.691	12.4073
461.743	2.43978
464.797	4.47186
467.847	12.5035
470.899	22.5348
473.947	10.5656
476.994	2.59603
480.043	2.62608
483.088	22.6557
486.133	20.6849
489.176	16.7138
492.22	26.7422
495.262	2.77027
498.302	6.79793
501.341	12.8252
504.38	8.85209
507.417	2.87859
510.453	10.9047
513.487	4.93043
516.521	10.9558
519.554	6.98078
522.586	21.0054
525.616	3.02963
528.646	3.0535
531.675	1.07701
534.701	13.1001
537.729	11.1229
540.753	9.14533
543.778	7.16739
546.8	27.1891
549.821	13.2104
552.844	15.2314
555.863	-0.747952
558.881	9.27233
561.898	-0.707726
564.916	11.3119
567.932	3.33114
570.946	3.35005
573.959	19.3686
576.971	13.3869
579.982	9.40477
582.993	9.42234
586	11.4396
589.008	5.45648
592.015	9.47307
595.022	13.4893
598.025	-2.49474
601.029	3.52088
604.032	-2.46381
607.033	9.55116
610.034	23.5658
613.032	11.5802
616.032	13.5942
619.028	3.60796
622.023	-4.37862
625.018	1.6345
628.013	13.6473
631.005	15.6598
633.997	7.67206
636.987	23.684
639.977	17.6956
642.965	15.7069
645.952	1.71798
648.939	11.7287
651.924	9.7392
654.909	9.74938
657.892	25.7593
660.873	31.7689
663.854	11.7782
666.835	-6.21273
669.813	9.79605
672.791	1.80456
675.767	17.8128
678.743	11.8208
681.717	-2.17156
684.692	7.83587
687.664	13.843
690.634	3.84993
693.606	11.8566
696.575	15.8629
699.543	7.86907
702.51	17.8749
705.475	9.88055
708.44	9.88591
711.404	17.891
714.367	9.89588
717.329	9.9005
720.29	3.90487
723.25	-2.091
726.207	-8.08711
729.166	19.9165
732.123	-0.0800498
735.077	11.9231
738.032	3.92607
740.984	7.92878
743.938	23.9313
746.888	17.9335
749.839	7.93555
752.788	7.93735
755.735	7.93893
758.682	25.9403
761.627	7.94143
764.574	1.94236
767.517	11.9431
770.46	13.9436
773.402	11.9438
776.342	13.9439
779.282	19.9438
782.219	3.94344
785.157	11.9429
788.094	-4.05786
791.029	13.9412
793.962	13.94
796.896	3.93868
799.828	13.9371
802.76	25.9354
805.689	13.9335
808.619	9.93134
811.546	9.92903
814.473	-2.07347
817.4	15.9238
820.324	25.921
823.248	19.9179
826.17	19.9147
829.092	15.9113
832.012	5.90768
834.932	11.9039
837.851	7.89998
840.768	11.8959
843.685	17.8916
846.599	11.8871
849.514	1.88252
852.428	11.8777
855.339	21.8728
858.251	13.8677
861.16	13.8624
864.07	13.857
866.978	11.8514
869.884	19.8457
872.792	3.83976
875.696	15.8337
878.599	13.8275
881.502	-6.17882
884.404	9.81468
887.304	21.808
890.204	3.80126
893.103	-0.205662
896.001	11.7873
898.898	7.78007
901.794	5.77272
904.689	5.76525
907.581	11.7576
910.474	-4.25011
913.364	3.74202
916.256	11.734
919.144	1.72588
922.034	-2.28238
924.92	1.70924
927.808	1.70073
930.693	9.69211
933.576	15.6834
936.459	15.6745
939.341	1.66552
942.222	5.65642
945.102	1.64721
947.981	15.6379
950.859	9.62846
953.737	9.61892
956.613	13.6093
959.488	13.5995
962.361	3.58966
965.235	25.5797
968.105	11.5696
970.977	9.55947
973.846	5.54922
976.716	3.53886
979.583	13.5284
982.449	-0.482127
985.316	17.5072
988.18	17.4965
991.043	7.4857
993.906	7.4748
996.767	11.4638
999.628	3.45274
1002.49	3.44159
1005.35	11.4304
1008.2	5.41904
1011.06	15.4076
1013.91	19.3962
1016.77	5.38463
1019.62	15.373
1022.48	-4.63867
1025.33	11.3496
1028.18	15.3377
1031.03	15.3258
1033.87	21.3139
1036.72	23.3018
1039.57	13.2898
1042.41	7.2776
1045.26	5.26539
1048.1	17.2531
1050.94	15.2408
1053.78	11.2284
1056.62	5.21596
1059.46	17.2035
1062.3	15.1909
1065.14	15.1783
1067.97	1.16568
1070.81	15.153
1073.64	17.1403
1076.47	13.1275
1079.31	13.1146
1082.14	9.10178
1084.97	9.08887
1087.8	11.0759
1090.63	13.0629
1093.45	19.0499
1096.28	9.03687
1099.1	19.0238
1101.93	9.01067
1104.75	16.9975
1107.57	0.984337
1110.39	2.97113
1113.21	0.957906
1116.03	14.9446
1118.85	10.9314
1121.66	-1.08193
1124.48	18.9047
1127.3	16.8914
1130.11	8.87804
1132.92	6.86467
1135.73	12.8513
1138.54	8.83787
1141.35	-5.17554
1144.16	4.81102
1146.97	14.7976
1149.78	12.7841
1152.58	10.7707
1155.39	12.7572
1158.19	10.7438
1161	14.7303
1163.8	12.7168
1166.6	6.70337
1169.4	-1.3101
1172.2	10.6764
1174.99	20.663
1177.79	2.64952
1180.59	-17.3639
1183.38	12.6226
1186.17	2.6092
1188.97	-1.40422
1191.76	0.582366
1194.55	-3.43103
1197.34	12.5556
1200.13	16.5422
1202.92	6.52886
1205.7	4.51554
1208.49	4.50222
1211.27	12.4889
1214.06	10.4757
1216.84	8.46241
1219.62	2.44919
1222.4	6.43599
1225.18	-3.57718
1227.96	2.40969
1230.74	6.39657
1233.51	24.3835
1236.29	10.3704
1239.06	10.3574
1241.84	8.34445
1244.61	2.3315
1247.38	10.3186
1250.15	0.305733
1252.92	10.2929
1255.69	-3.71989
1258.46	2.26737
1261.23	0.254667
1263.99	10.242
1266.76	14.2294
1269.52	-3.78316
1272.28	6.20432
1275.05	2.19185
1277.81	0.179439
1280.57	4.16708
1283.33	10.1548
1286.08	-7.85749
1288.84	2.13031
1291.6	10.1182
1294.35	2.10609
1297.11	4.09407
1299.86	12.0821
1302.61	16.0702
1305.36	22.0584
1308.11	4.04658
1310.86	8.03487
1313.61	2.02323
1316.36	6.01165
1319.1	14.0001
1321.85	19.9887
1324.59	19.9774
1327.33	1.96606
1330.08	-6.04516
1332.82	-0.056305
1335.56	-0.0673743
1338.3	15.9216
1341.04	9.91073
1343.77	5.89989
1346.51	9.88914
1349.25	7.87847
1351.98	19.8679
1354.71	13.8574
1357.45	17.847
1360.18	5.83663
1362.91	9.82638
1365.64	9.81623
1368.37	15.8062
1371.09	9.79619
1373.82	1.7863
1376.54	23.7765
1379.27	-0.233176
1381.99	3.75722
1384.72	-4.25228
1387.44	5.73832
1390.16	3.72901
1392.88	5.7198
1395.6	5.7107
1398.31	3.70169
1401.03	11.6928
1403.75	13.684
1406.46	13.6753
1409.18	11.6667
1411.89	-4.34175
1414.6	9.64988
1417.31	-2.35837
1420.02	-4.36652
1422.73	-4.37455
1425.44	5.61752
1428.15	1.60972
1430.85	9.60203
1433.56	9.59445
1436.26	7.587
1438.97	-0.420342
1441.67	9.57244
1444.37	19.5653
1447.07	-12.4416
1449.77	5.55151
1452.47	17.5448
1455.16	17.5382
1457.86	7.5317
1460.56	11.5253
1463.25	9.51912
1465.94	15.513
1468.64	5.50706
1471.33	-2.49877
1474.02	9.49553
1476.71	15.49
1479.4	7.48452
1482.09	7.47923
1484.77	-0.525935
1487.46	13.469
1490.14	11.4642
1492.83	3.45941
1495.51	7.4548
1498.19	21.4503
1500.87	21.446
1503.55	3.44184
1506.23	9.4378
1508.91	-2.56608
1511.59	3.43017
1514.27	9.42658
1516.94	5.42314
1519.62	17.4198
1522.29	17.4167
1524.96	5.4137
1527.63	7.41086
1530.3	25.4082
1532.97	13.4056
1535.64	7.40326
1538.31	3.40104
1540.98	7.39898
1543.64	9.39708
1546.31	9.39533
1548.97	17.3937
1551.63	15.3923
1554.3	11.3911
1556.96	3.38997
1559.62	-0.610968
1562.28	9.38826
1564.94	3.38766
1567.59	9.38723
1570.25	13.387
1572.9	21.3869
1575.56	1.38694
1578.21	-0.612817
1580.86	7.3876
1583.52	15.3882
1586.17	13.389
1588.82	7.38989
1591.47	5.391
1594.11	3.39229
1596.76	5.39376
1599.41	5.39541
1602.05	5.39723
1604.69	1.39924
1607.34	7.40143
1609.98	3.4038
1612.62	9.40635
1615.26	11.4091
1617.9	9.41201
1620.54	3.41512
1623.18	11.4184
1625.81	15.4219
1628.45	9.42556
1631.08	13.4294
1633.72	7.43348
1636.35	5.43772
1638.98	11.4422
1641.61	11.4468
1644.24	1.4516
1646.87	3.45662
1649.5	7.46184
1652.13	-0.532757
1654.75	1.47285
1657.38	1.47866
1660	9.48466
1662.63	19.4909
1665.25	15.4973
1667.87	7.50388
1670.49	9.51069
1673.11	1.51771
1675.73	1.52493
1678.35	17.5324
1680.96	1.53999
1683.58	11.5478
1686.19	3.55587
1688.81	13.5641
1691.42	1.57259
1694.03	11.5813
1696.64	5.59016
1699.25	1.59925
1701.87	7.60857
1704.47	3.6181
1707.08	13.6278
1709.69	7.6378
1712.29	5.64797
1714.9	11.6584
1717.5	11.669
1720.1	9.6798
1722.71	13.6909
1725.31	3.70212
1727.91	3.71361
1730.51	7.72532
1733.1	-0.262741
1735.7	21.7494
1738.3	3.76181
1740.89	7.77442
1743.49	11.7873
1746.08	1.80032
1748.67	-4.18638
1751.26	7.82713
1753.86	17.8409
1756.45	5.85487
1759.03	3.86908
1761.62	-2.11647
1764.21	3.89821
1766.8	11.9131
1769.38	23.9283
1771.97	-0.0563516
1774.55	9.95927
1777.13	-6.02488
1779.71	9.99121
1782.29	10.0075
1784.87	16.0241
1787.45	18.0409
1790.03	8.05796
1792.61	-1.92474
1795.18	18.0928
1797.76	20.1106
1800.33	2.12859
1802.9	20.1469
1805.48	20.1654
1808.05	-7.81588
1810.62	20.2031
1813.19	16.2224
1815.76	10.2419
1818.33	10.2616
1820.89	16.2816
1823.46	2.30188
1826.02	6.32239
1828.59	16.3431
1831.15	4.36414
1833.71	10.3854
1836.27	0.40692
1838.84	2.42869
1841.39	12.4507
1843.95	2.473
1846.51	-3.50446
1849.07	12.5183
1851.62	8.54138
1854.18	2.56471
1856.73	22.5883
1859.29	-1.38788
1861.84	-11.3638
1864.39	4.66057
1866.94	18.6852
1869.49	12.7101
1872.04	4.73524
1874.59	8.76066
1877.13	22.7863
1879.68	10.8123
1882.22	2.83851
1884.77	10.865
1887.31	10.8917
1889.85	10.9188
1892.39	8.94607
1894.93	14.9736
1897.47	3.00148
1900.01	11.0296
1902.55	11.058
1905.09	9.08662
1907.62	15.1156
1910.16	13.1447
1912.69	17.1742
1915.22	-8.796
1917.76	5.23402
1920.29	15.2643
1922.82	-4.70507
1925.35	11.3258
1927.88	1.35695
1930.4	27.3884
1932.93	11.4201
1935.46	7.45209
1937.98	19.4844
1940.51	11.5169
1943.03	15.5498
1945.55	17.5829
1948.07	7.61631
1950.59	13.65
1953.11	1.684
1955.63	3.71826
1958.15	5.75281
1960.67	5.78766
1963.18	1.82279
1965.7	1.85822
1968.21	19.8939
1970.73	-2.07005
1973.24	11.9663
1975.75	10.0028
1978.26	16.0397
1980.77	6.0769
1983.28	32.1144
1985.79	-1.84786
1988.29	16.1902
1990.8	18.2286
1993.31	14.2672
1995.81	0.306191
1998.31	8.34542
