100.093	12.0844
103.274	18.1247
106.457	18.1649
109.636	-5.79494
112.817	10.2451
115.994	18.2851
119.172	4.32493
122.347	10.3647
125.521	2.40438
128.696	6.444
131.868	6.48351
135.039	12.5229
138.209	8.56227
141.379	18.6015
144.547	10.6407
147.713	10.6798
150.879	2.71876
154.043	8.75766
157.206	6.79647
160.368	10.8352
163.529	-3.12617
166.689	8.91238
169.848	10.9508
173.006	2.98921
176.163	17.0275
179.316	3.06567
182.471	11.1038
185.625	-0.858208
188.777	11.1797
191.927	9.21754
195.077	9.25529
198.224	13.2929
201.372	7.3305
204.52	-4.63201
207.664	21.4054
210.809	3.44267
213.95	-4.52014
217.091	13.517
220.233	3.554
223.372	17.5909
226.509	9.62776
229.648	15.6645
232.784	21.7012
235.918	7.73774
239.051	1.77421
242.186	1.81062
245.317	5.84691
248.447	3.88311
251.577	3.91922
254.705	11.9552
257.832	11.9912
260.958	10.027
264.083	6.06275
267.204	8.09838
270.327	8.13394
273.449	14.1694
276.57	14.2048
279.69	0.240085
282.806	14.2753
285.924	8.31036
289.04	10.3454
292.154	12.3803
295.268	2.4151
298.379	12.4498
301.492	12.4845
304.601	-7.48102
307.711	14.5534
310.818	0.587782
313.924	14.622
317.031	12.6562
320.135	14.6903
323.238	-5.27575
326.34	24.7581
329.443	16.7919
332.543	-3.17438
335.642	-3.14078
338.74	6.89272
341.836	12.9261
344.932	0.959445
348.027	8.99267
351.12	11.0258
354.213	13.0588
357.302	9.09175
360.393	9.12459
363.482	3.15734
366.57	5.19
369.656	3.22254
372.742	1.25501
375.827	11.2874
378.91	3.31964
381.993	3.35182
385.073	5.38389
388.154	11.4159
391.232	19.4478
394.311	15.4796
397.387	9.51125
400.462	7.54284
403.536	-4.42567
406.611	13.6058
409.683	5.63705
412.754	-2.33174
415.824	-4.30063
418.893	13.7304
421.961	7.76131
425.027	5.79213
428.093	-0.177139
431.158	-0.146508
434.222	1.88403
437.284	-2.08553
440.346	-0.0551933
443.407	7.97505
446.464	12.0052
449.523	4.03523
452.581	14.0652
455.635	18.095
458.691	-1.87522
461.743	8.15443
464.797	-9.81601
467.847	2.21344
470.899	6.24281
473.947	18.2721
476.994	2.30122
480.043	12.3303
483.088	18.3593
486.133	14.3881
489.176	-7.58311
492.22	4.44557
495.262	12.4741
498.302	16.5026
501.341	4.53098
504.38	18.5593
507.417	18.5874
510.453	8.61551
513.487	10.6435
516.521	2.67135
519.554	6.69913
522.586	4.72681
525.616	-1.24562
528.646	-1.21814
531.675	6.80925
534.701	8.83652
537.729	2.8637
540.753	6.89077
543.778	4.91776
546.8	16.9446
549.821	-3.02859
552.844	-7.0019
555.863	5.02467
558.881	5.05114
561.898	-6.92249
564.916	5.1038
567.932	3.12998
570.946	11.1561
573.959	-2.81798
576.971	15.2079
579.982	23.2337
582.993	5.25934
586	3.2849
589.008	3.31037
592.015	27.3357
595.022	5.36101
598.025	3.38616
601.029	3.41123
604.032	11.4362
607.033	-4.53895
610.034	1.48582
613.032	11.5105
616.032	11.535
619.028	-0.440524
622.023	-0.416178
625.018	5.60807
628.013	19.6322
631.005	7.65627
633.997	17.6802
636.987	5.70404
639.977	-0.272219
642.965	11.7514
645.952	5.77495
648.939	9.79838
651.924	9.82171
654.909	1.84494
657.892	5.86806
660.873	11.8911
663.854	-4.08601
666.835	15.9368
669.813	1.95951
672.791	13.9821
675.767	4.00462
678.743	4.02703
681.717	20.0493
684.692	16.0715
687.664	2.09362
690.634	10.1156
693.606	6.1375
696.575	-5.84073
699.543	14.181
702.51	4.20252
705.475	-9.77601
708.44	4.24536
711.404	0.266621
714.367	18.2878
717.329	14.3088
720.29	14.3298
723.25	14.3506
726.207	20.3714
729.166	22.392
732.123	6.41256
735.077	12.433
738.032	8.45331
740.984	26.4735
743.938	-3.50635
746.888	18.5137
749.839	14.5336
752.788	10.5534
755.735	26.5731
758.682	0.592655
761.627	12.6121
764.574	4.63154
767.517	18.6508
770.46	18.67
773.402	6.68906
776.342	12.708
779.282	10.7269
782.219	20.7456
785.157	8.76428
788.094	8.78283
791.029	24.8013
793.962	-11.1804
796.896	4.83782
799.828	10.8559
802.76	16.874
805.689	6.89187
808.619	8.90968
811.546	16.9274
814.473	10.945
817.4	6.96246
820.324	14.9798
823.248	12.9971
826.17	9.01429
829.092	19.0313
832.012	9.04831
834.932	23.0652
837.851	17.0819
840.768	5.09855
843.685	27.1151
846.599	9.1315
849.514	9.14783
852.428	1.16404
855.339	7.18015
858.251	3.19615
861.16	17.212
864.07	11.2278
866.978	7.24352
869.884	13.2591
872.792	9.27456
875.696	13.2899
878.599	13.3052
881.502	9.32032
884.404	15.3354
887.304	11.3503
890.204	9.36513
893.103	5.37985
896.001	19.3945
898.898	7.40897
901.794	5.42337
904.689	11.4377
907.581	-6.54815
910.474	1.46593
913.364	1.47989
916.256	3.49376
919.144	9.50751
922.034	7.52117
924.92	-0.465296
927.808	9.54814
930.693	15.5615
933.576	-8.42532
936.459	3.58779
939.341	23.6008
942.222	5.61369
945.102	9.62648
947.981	11.6392
950.859	5.65173
953.737	17.6642
956.613	7.67656
959.488	11.6888
962.361	15.7009
965.235	15.713
968.105	7.7249
970.977	25.7367
973.846	5.74842
976.716	-2.23997
979.583	13.7715
982.449	11.7829
985.316	13.7942
988.18	21.8053
991.043	15.8164
993.906	1.82735
996.767	13.8382
999.628	17.8489
1002.49	5.85955
1005.35	15.8701
1008.2	1.88048
1011.06	11.8908
1013.91	25.901
1016.77	5.91105
1019.62	5.92102
1022.48	17.9309
1025.33	-0.0593589
1028.18	5.95029
1031.03	15.9598
1033.87	11.9693
1036.72	15.9786
1039.57	11.9878
1042.41	11.9969
1045.26	8.00589
1048.1	12.0148
1050.94	10.0235
1053.78	0.0322152
1056.62	2.04077
1059.46	14.0492
1062.3	2.05756
1065.14	8.06579
1067.97	16.0739
1070.81	6.08192
1073.64	16.0898
1076.47	16.0976
1079.31	6.1053
1082.14	14.1129
1084.97	6.12035
1087.8	18.1277
1090.63	0.134946
1093.45	18.1421
1096.28	10.1491
1099.1	16.156
1101.93	22.1628
1104.75	14.1695
1107.57	-5.82388
1110.39	12.1826
1113.21	8.18897
1116.03	4.19523
1118.85	8.20138
1121.66	10.2074
1124.48	24.2134
1127.3	18.2192
1130.11	4.22489
1132.92	8.23049
1135.73	0.235979
1138.54	8.24136
1141.35	4.24663
1144.16	18.2518
1146.97	8.25685
1149.78	16.2618
1152.58	6.26662
1155.39	10.2713
1158.19	22.276
1161	0.280455
1163.8	14.2848
1166.6	4.28913
1169.4	-1.7067
1172.2	14.2974
1174.99	20.3013
1177.79	18.3052
1180.59	14.3089
1183.38	20.3125
1186.17	4.31601
1188.97	8.31941
1191.76	14.3227
1194.55	12.3259
1197.34	0.328947
1200.13	8.33191
1202.92	16.3348
1205.7	6.33749
1208.49	20.3401
1211.27	-5.65737
1214.06	20.345
1216.84	18.3473
1219.62	18.3495
1222.4	22.3516
1225.18	4.35356
1227.96	2.35541
1230.74	6.35715
1233.51	10.3588
1236.29	4.36031
1239.06	12.3617
1241.84	6.36302
1244.61	2.36421
1247.38	-9.63471
1250.15	6.36625
1252.92	22.3671
1255.69	12.3679
1258.46	-5.63151
1261.23	24.369
1263.99	14.3694
1266.76	16.3697
1269.52	4.36993
1272.28	10.37
1275.05	-7.63002
1277.81	-1.63016
1280.57	12.3696
1283.33	4.36923
1286.08	10.3688
1288.84	4.36817
1291.6	12.3675
1294.35	8.36667
1297.11	14.3658
1299.86	16.3647
1302.61	12.3636
1305.36	22.3623
1308.11	8.36098
1310.86	6.35951
1313.61	-5.64207
1316.36	14.3562
1319.1	24.3544
1321.85	6.35251
1324.59	10.3505
1327.33	10.3483
1330.08	28.3461
1332.82	0.343738
1335.56	0.341266
1338.3	10.3387
1341.04	6.33599
1343.77	8.33319
1346.51	-17.6697
1349.25	18.3272
1351.98	8.3241
1354.71	4.32085
1357.45	6.31749
1360.18	10.314
1362.91	4.31044
1365.64	8.30674
1368.37	-1.69706
1371.09	8.29902
1373.82	30.295
1376.54	4.29085
1379.27	-1.7134
1381.99	0.282239
1384.72	8.27776
1387.44	-7.72682
1390.16	4.26848
1392.88	14.2637
1395.6	8.25876
1398.31	16.2537
1401.03	0.248587
1403.75	20.2433
1406.46	0.237967
1409.18	8.23249
1411.89	-9.7731
1414.6	2.22121
1417.31	12.2154
1420.02	10.2095
1422.73	2.20344
1425.44	0.197298
1428.15	12.191
1430.85	6.18468
1433.56	6.1782
1436.26	10.1716
1438.97	4.16491
1441.67	4.1581
1444.37	-1.84883
1447.07	4.14414
1449.77	20.137
1452.47	4.12973
1455.16	8.12236
1457.86	20.1149
1460.56	8.10729
1463.25	16.0996
1465.94	12.0918
1468.64	12.0838
1471.33	0.0758047
1474.02	12.0677
1476.71	8.05939
1479.4	14.051
1482.09	-1.95747
1484.77	2.03394
1487.46	12.0252
1490.14	4.01641
1492.83	12.0075
1495.51	-6.00156
1498.19	7.98928
1500.87	-2.01998
1503.55	15.9706
1506.23	11.9612
1508.91	9.95156
1511.59	-0.0581557
1514.27	19.932
1516.94	25.9221
1519.62	7.91204
1522.29	15.9019
1524.96	5.89162
1527.63	19.8812
1530.3	17.8707
1532.97	15.8601
1535.64	13.8494
1538.31	21.8386
1540.98	15.8277
1543.64	7.81662
1546.31	7.80546
1548.97	-4.20581
1551.63	11.7828
1554.3	17.7713
1556.96	15.7597
1559.62	19.748
1562.28	3.73616
1564.94	5.72422
1567.59	5.71217
1570.25	15.7
1572.9	5.68773
1575.56	15.6753
1578.21	9.66285
1580.86	19.6502
1583.52	-6.36249
1586.17	13.6247
1588.82	13.6117
1591.47	1.59868
1594.11	13.5855
1596.76	17.5722
1599.41	5.55886
1602.05	-2.45464
1604.69	3.53174
1607.34	5.51802
1609.98	7.50418
1612.62	13.4902
1615.26	17.4762
1617.9	7.46201
1620.54	17.4477
1623.18	-4.56666
1625.81	11.4188
1628.45	-0.59578
1631.08	1.3895
1633.72	19.3747
1636.35	15.3597
1638.98	15.3447
1641.61	9.32948
1644.24	9.3142
1646.87	9.29881
1649.5	21.2833
1652.13	1.26769
1654.75	7.25196
1657.38	13.2361
1660	3.22017
1662.63	31.2041
1665.25	15.1879
1667.87	9.17165
1670.49	15.1553
1673.11	9.13875
1675.73	3.12213
1678.35	7.1054
1680.96	15.0886
1683.58	5.07162
1686.19	21.0546
1688.81	29.0374
1691.42	25.0201
1694.03	11.0027
1696.64	4.9852
1699.25	16.9676
1701.87	16.9498
1704.47	-1.06799
1707.08	6.91406
1709.69	6.896
1712.29	18.8778
1714.9	14.8595
1717.5	-5.15885
1720.1	18.8226
1722.71	18.804
1725.31	8.7853
1727.91	-1.23355
1730.51	20.7475
1733.1	22.7285
1735.7	8.70927
1738.3	12.69
1740.89	6.6706
1743.49	0.65109
1746.08	4.63147
1748.67	20.6117
1751.26	18.5919
1753.86	8.57197
1756.45	4.5519
1759.03	16.5317
1761.62	12.5115
1764.21	8.49106
1766.8	14.4706
1769.38	10.45
1771.97	16.4292
1774.55	2.40839
1777.13	12.3874
1779.71	-1.63362
1782.29	6.34523
1784.87	12.3239
1787.45	30.3026
1790.03	-1.71893
1792.61	6.25945
1795.18	10.2377
1797.76	18.2159
1800.33	4.19396
1802.9	18.1719
1805.48	10.1497
1808.05	22.1275
1810.62	10.1051
1813.19	10.0826
1815.76	12.06
1818.33	-11.9627
1820.89	18.0144
1823.46	9.99151
1826.02	11.9685
1828.59	21.9453
1831.15	3.92204
1833.71	5.89865
1836.27	11.8752
1838.84	5.85157
1841.39	-0.172137
1843.95	21.804
1846.51	1.78011
1849.07	7.75608
1851.62	9.73193
1854.18	3.70766
1856.73	-2.3167
1859.29	13.6588
1861.84	15.6342
1864.39	3.60953
1866.94	21.5847
1869.49	13.5598
1872.04	9.53475
1874.59	13.5096
1877.13	9.48436
1879.68	9.45901
1882.22	7.43353
1884.77	13.4079
1887.31	15.3823
1889.85	23.3565
1892.39	15.3305
1894.93	-0.69547
1897.47	15.2784
1900.01	7.25215
1902.55	21.2258
1905.09	19.1993
1907.62	13.1728
1910.16	11.1461
1912.69	11.1193
1915.22	9.09239
1917.76	7.06539
1920.29	-6.96174
1922.82	7.01104
1925.35	4.98369
1927.88	12.9562
1930.4	2.92869
1932.93	4.90102
1935.46	-5.12676
1937.98	12.8453
1940.51	0.817349
1943.03	-1.21076
1945.55	20.761
1948.07	14.7327
1950.59	2.70427
1953.11	12.6757
1955.63	18.6471
1958.15	8.61831
1960.67	8.58944
1963.18	14.5605
1965.7	6.53137
1968.21	2.50216
1970.73	2.47285
1973.24	-3.55658
1975.75	0.413909
1978.26	0.384262
1980.77	16.3545
1983.28	6.32466
1985.79	0.294696
1988.29	14.2646
1990.8	16.2344
1993.31	-1.79587
1995.81	12.1737
1998.31	2.14324
