100.093	24.7786
103.274	-3.17582
106.457	8.86955
109.636	10.9147
112.817	-1.04041
115.994	3.00427
119.172	1.04876
122.347	7.093
125.521	21.137
128.696	11.1809
131.868	-10.7755
135.039	25.2679
138.209	21.311
141.379	13.354
144.547	9.39677
147.713	1.4393
150.879	15.4816
154.043	-0.476261
157.206	5.56564
160.368	9.60733
163.529	3.64881
166.689	13.6901
169.848	13.7312
173.006	1.77201
176.163	19.8127
179.316	7.85308
182.471	13.8933
185.625	17.9333
188.777	7.97317
191.927	8.01277
195.077	2.05219
198.224	18.0914
201.372	-1.86961
204.52	30.1692
207.664	18.2078
210.809	6.24619
213.95	16.2844
217.091	12.3223
220.233	10.3602
223.372	16.3977
226.509	4.43512
229.648	14.4723
232.784	12.5093
235.918	24.5461
239.051	0.582694
242.186	2.61912
245.317	6.65532
248.447	12.6913
251.577	14.7271
254.705	-1.23725
257.832	16.7982
260.958	8.83341
264.083	8.86845
267.204	6.90327
270.327	-3.06207
273.449	12.9724
276.57	1.00667
279.69	17.0408
282.806	13.0746
285.924	7.10833
289.04	9.14185
292.154	13.1752
295.268	3.2083
298.379	5.24123
301.492	7.274
304.601	3.30656
307.711	9.33896
310.818	9.37115
313.924	13.4032
317.031	23.435
320.135	13.4666
323.238	5.4981
326.34	9.52938
329.443	-0.439508
332.543	7.5914
335.642	1.62213
338.74	15.6527
341.836	7.68306
344.932	23.7132
348.027	-2.25674
351.12	7.7731
354.213	5.80275
357.302	11.8322
360.393	11.8615
363.482	-6.10936
366.57	25.9196
369.656	5.94834
372.742	5.97694
375.827	22.0054
378.91	18.0336
381.993	10.0617
385.073	8.08956
388.154	12.1173
391.232	6.14483
394.311	6.17222
397.387	16.1994
400.462	22.2264
403.536	16.2533
406.611	-3.71999
409.683	4.30653
412.754	28.3329
415.824	14.3591
418.893	0.385076
421.961	4.41092
425.027	8.4366
428.093	8.46212
431.158	20.4875
434.222	24.5126
437.284	-1.46234
440.346	6.56251
443.407	6.5872
446.464	14.6117
449.523	6.63607
452.581	4.66027
455.635	0.684293
458.691	16.7082
461.743	-1.26813
464.797	0.755418
467.847	6.7788
470.899	10.802
473.947	12.8251
476.994	6.84798
480.043	18.8707
483.088	10.8933
486.133	8.91575
489.176	8.93801
492.22	12.9601
495.262	4.98209
498.302	5.00389
501.341	3.02554
504.38	-2.95298
507.417	7.06836
510.453	5.08954
513.487	1.11055
516.521	27.1314
519.554	7.15215
522.586	1.17271
525.616	-2.80688
528.646	11.2134
531.675	9.2335
534.701	15.2534
537.729	9.27326
540.753	-6.70709
543.778	5.31243
546.8	3.33178
549.821	5.35099
552.844	5.37006
555.863	1.38897
558.881	-6.59227
561.898	11.4264
564.916	13.4448
567.932	3.46316
570.946	3.48134
573.959	11.4994
576.971	3.51727
579.982	9.53502
582.993	5.55262
586	13.5701
589.008	19.5874
592.015	-0.395436
595.022	-2.3784
598.025	3.63848
601.029	1.65523
604.032	11.6718
607.033	15.6883
610.034	5.70464
613.032	-8.27918
616.032	11.7369
619.028	7.75278
622.023	-8.23145
625.018	11.7842
628.013	1.79968
631.005	11.815
633.997	-4.16974
636.987	3.84534
639.977	13.8603
642.965	5.8751
645.952	19.8898
648.939	-2.09567
651.924	7.91874
654.909	1.93302
657.892	-8.05284
660.873	9.96117
663.854	13.975
666.835	-4.01121
669.813	2.0024
672.791	12.0159
675.767	16.0292
678.743	6.04246
681.717	4.05555
684.692	6.06852
687.664	18.0813
690.634	12.094
693.606	4.10663
696.575	10.1191
699.543	28.1314
702.51	2.14359
705.475	16.1557
708.44	28.1676
711.404	8.1794
714.367	-3.80891
717.329	14.2027
720.29	4.2141
723.25	16.2254
726.207	8.2366
729.166	20.2477
732.123	20.2586
735.077	20.2694
738.032	-3.71987
740.984	14.2907
743.938	12.3012
746.888	2.31149
749.839	34.3217
752.788	10.3318
755.735	12.3418
758.682	14.3516
761.627	14.3613
764.574	10.371
767.517	24.3805
770.46	4.38984
773.402	16.3991
776.342	10.4082
779.282	10.4173
782.219	8.42617
785.157	22.435
788.094	-1.55635
791.029	8.45221
793.962	12.4607
796.896	0.468989
799.828	18.4772
802.76	26.4853
805.689	6.4933
808.619	18.5012
811.546	10.5089
814.473	18.5166
817.4	6.52414
820.324	14.5316
823.248	24.5389
826.17	26.5461
829.092	16.5532
832.012	12.5602
834.932	26.5671
837.851	8.57383
840.768	12.5805
843.685	12.587
846.599	22.5935
849.514	16.5998
852.428	14.606
855.339	6.61216
858.251	16.6182
861.16	14.6241
864.07	8.62989
866.978	6.63558
869.884	8.64117
872.792	14.6467
875.696	12.652
878.599	12.6573
881.502	10.6625
884.404	26.6676
887.304	6.67253
890.204	14.6774
893.103	10.6822
896.001	18.6868
898.898	26.6914
901.794	16.6958
904.689	24.7002
907.581	2.70445
910.474	12.7086
913.364	16.7127
916.256	8.71662
919.144	-3.27953
922.034	4.72423
924.92	2.72789
927.808	-5.26854
930.693	0.734921
933.576	12.7383
936.459	8.74156
939.341	-1.25527
942.222	14.7478
945.102	20.7508
947.981	14.7537
950.859	12.7565
953.737	2.75917
956.613	6.76177
959.488	12.7643
962.361	12.7667
965.235	-5.23099
968.105	18.7712
970.977	4.77338
973.846	6.77542
976.716	10.7774
979.583	12.7792
982.449	10.781
985.316	2.78267
988.18	8.78425
991.043	12.7857
993.906	4.78715
996.767	20.7885
999.628	18.7897
1002.49	10.7908
1005.35	10.7919
1008.2	-3.20716
1011.06	-1.20629
1013.91	16.7945
1016.77	6.79519
1019.62	8.7958
1022.48	14.7963
1025.33	12.7968
1028.18	18.7971
1031.03	14.7974
1033.87	-3.20244
1036.72	6.79765
1039.57	20.7977
1042.41	20.7976
1045.26	6.79743
1048.1	4.79719
1050.94	14.7969
1053.78	8.79645
1056.62	18.796
1059.46	12.7954
1062.3	6.79473
1065.14	12.794
1067.97	-1.20682
1070.81	2.79228
1073.64	18.7913
1076.47	2.79024
1079.31	16.7891
1082.14	4.78788
1084.97	10.7866
1087.8	22.7852
1090.63	-3.21626
1093.45	-1.2178
1096.28	22.7806
1099.1	6.77889
1101.93	16.7771
1104.75	22.7753
1107.57	6.77335
1110.39	2.77135
1113.21	10.7693
1116.03	2.76712
1118.85	0.764891
1121.66	6.76259
1124.48	12.7602
1127.3	14.7578
1130.11	12.7552
1132.92	14.7526
1135.73	-1.25005
1138.54	6.7472
1141.35	0.744375
1144.16	2.74148
1146.97	4.73851
1149.78	-1.26453
1152.58	2.73236
1155.39	2.72917
1158.19	12.7259
1161	0.72259
1163.8	-1.28081
1166.6	10.7157
1169.4	6.71219
1172.2	6.70858
1174.99	-1.2951
1177.79	20.7012
1180.59	14.6973
1183.38	14.6935
1186.17	16.6895
1188.97	16.6855
1191.76	18.6814
1194.55	12.6772
1197.34	14.673
1200.13	18.6687
1202.92	-9.33562
1205.7	22.66
1208.49	4.65547
1211.27	-3.34909
1214.06	8.6463
1216.84	12.6416
1219.62	14.6369
1222.4	14.6321
1225.18	8.62718
1227.96	8.62224
1230.74	2.61723
1233.51	12.6122
1236.29	4.60703
1239.06	-1.39816
1241.84	22.5966
1244.61	0.591265
1247.38	8.58589
1250.15	26.5804
1252.92	-1.42506
1255.69	12.5694
1258.46	4.56376
1261.23	18.5581
1263.99	12.5523
1266.76	4.54652
1269.52	6.54066
1272.28	8.53474
1275.05	4.52876
1277.81	14.5227
1280.57	4.51662
1283.33	-1.48954
1286.08	4.50425
1288.84	4.49797
1291.6	2.49164
1294.35	26.4853
1297.11	14.4788
1299.86	-3.52768
1302.61	6.46576
1305.36	12.4591
1308.11	0.452479
1310.86	2.44576
1313.61	12.439
1316.36	-5.56785
1319.1	20.4253
1321.85	18.4183
1324.59	2.41133
1327.33	6.40428
1330.08	8.39717
1332.82	18.39
1335.56	-1.61719
1338.3	10.3755
1341.04	10.3682
1343.77	30.3609
1346.51	2.35346
1349.25	0.345989
1351.98	2.33847
1354.71	6.3309
1357.45	16.3233
1360.18	10.3156
1362.91	4.30788
1365.64	0.300112
1368.37	20.2923
1371.09	-1.71558
1373.82	6.2765
1376.54	0.268538
1379.27	14.2605
1381.99	20.2525
1384.72	8.24434
1387.44	8.23618
1390.16	8.22797
1392.88	2.21972
1395.6	4.21141
1398.31	12.2031
1401.03	0.194668
1403.75	10.1862
1406.46	8.17773
1409.18	12.1692
1411.89	12.1606
1414.6	8.152
1417.31	16.1433
1420.02	6.13462
1422.73	18.1259
1425.44	18.1171
1428.15	12.1082
1430.85	2.09932
1433.56	10.0904
1436.26	14.0814
1438.97	-11.9276
1441.67	12.0633
1444.37	2.05423
1447.07	4.04508
1449.77	4.03589
1452.47	8.02666
1455.16	8.01739
1457.86	8.00808
1460.56	7.99872
1463.25	13.9893
1465.94	15.9799
1468.64	11.9704
1471.33	7.96091
1474.02	7.95135
1476.71	-2.05824
1479.4	7.93212
1482.09	17.9225
1484.77	11.9127
1487.46	13.903
1490.14	5.89321
1492.83	7.88339
1495.51	-4.12648
1498.19	3.86362
1500.87	-6.14631
1503.55	9.84372
1506.23	-2.1663
1508.91	13.8237
1511.59	17.8136
1514.27	9.80346
1516.94	21.7933
1519.62	19.7831
1522.29	9.77289
1524.96	-0.237374
1527.63	5.75233
1530.3	15.742
1532.97	5.73164
1535.64	25.7212
1538.31	19.7108
1540.98	11.7003
1543.64	15.6898
1546.31	17.6793
1548.97	-0.331254
1551.63	11.6582
1554.3	15.6475
1556.96	11.6369
1559.62	-0.373836
1562.28	11.6154
1564.94	15.6047
1567.59	-4.40611
1570.25	19.5831
1572.9	5.57222
1575.56	7.56134
1578.21	5.55043
1580.86	3.53949
1583.52	13.5285
1586.17	17.5175
1588.82	9.50648
1591.47	-6.50458
1594.11	19.4843
1596.76	3.47322
1599.41	1.46208
1602.05	15.4509
1604.69	15.4397
1607.34	7.42847
1609.98	-0.582789
1612.62	9.40592
1615.26	7.39461
1617.9	17.3833
1620.54	17.3719
1623.18	-0.639484
1625.81	7.34909
1628.45	13.3377
1631.08	17.3262
1633.72	3.31469
1636.35	7.30317
1638.98	11.2916
1641.61	9.28005
1644.24	13.2684
1646.87	9.25683
1649.5	7.24518
1652.13	3.23351
1654.75	3.22182
1657.38	13.2101
1660	-2.80164
1662.63	-0.813403
1665.25	1.1748
1667.87	11.163
1670.49	-0.848835
1673.11	11.1393
1675.73	-4.87257
1678.35	9.11553
1680.96	9.10361
1683.58	-0.908323
1686.19	11.0797
1688.81	7.06772
1691.42	7.05572
1694.03	5.04369
1696.64	27.0316
1699.25	7.01958
1701.87	15.0075
1704.47	2.99538
1707.08	6.98326
1709.69	18.9711
1712.29	10.9589
1714.9	-5.05324
1717.5	10.9346
1720.1	12.9223
1722.71	4.9101
1725.31	12.8978
1727.91	10.8856
1730.51	18.8733
1733.1	8.86096
1735.7	10.8486
1738.3	4.83628
1740.89	8.82392
1743.49	14.8115
1746.08	18.7991
1748.67	12.7867
1751.26	18.7743
1753.86	24.7619
1756.45	8.7494
1759.03	4.73692
1761.62	2.72443
1764.21	16.7119
1766.8	4.69941
1769.38	22.6869
1771.97	22.6743
1774.55	2.66175
1777.13	14.6492
1779.71	4.63657
1782.29	16.624
1784.87	4.61135
1787.45	4.59871
1790.03	-1.41393
1792.61	10.5734
1795.18	14.5607
1797.76	18.548
1800.33	18.5353
1802.9	0.52264
1805.48	14.5099
1808.05	8.49718
1810.62	18.4844
1813.19	14.4717
1815.76	14.4589
1818.33	6.44613
1820.89	6.43333
1823.46	16.4205
1826.02	6.40772
1828.59	-3.6051
1831.15	16.3821
1833.71	-3.63078
1836.27	10.3564
1838.84	2.34351
1841.39	4.33064
1843.95	2.31776
1846.51	16.3049
1849.07	-1.70802
1851.62	12.2791
1854.18	14.2661
1856.73	26.2532
1859.29	0.240292
1861.84	0.227356
1864.39	6.21441
1866.94	8.20145
1869.49	10.1885
1872.04	8.17552
1874.59	4.16254
1877.13	22.1496
1879.68	14.1366
1882.22	4.12358
1884.77	4.11057
1887.31	0.0975695
1889.85	-5.91545
1892.39	8.07153
1894.93	2.05851
1897.47	12.0455
1900.01	14.0324
1902.55	18.0194
1905.09	12.0064
1907.62	9.9933
1910.16	5.98025
1912.69	-8.03281
1915.22	21.9541
1917.76	3.94106
1920.29	5.92799
1922.82	9.91492
1925.35	11.9018
1927.88	11.8888
1930.4	13.8757
1932.93	-2.13742
1935.46	1.84949
1937.98	9.8364
1940.51	17.8233
1943.03	21.8102
1945.55	15.7971
1948.07	19.784
1950.59	11.7709
1953.11	1.7578
1955.63	-8.2553
1958.15	-2.26841
1960.67	5.71849
1963.18	19.7054
1965.7	5.69227
1968.21	15.6792
1970.73	11.666
1973.24	9.65294
1975.75	11.6398
1978.26	-2.37328
1980.77	13.6136
1983.28	21.6005
1985.79	13.5874
1988.29	17.5743
1990.8	9.56117
1993.31	3.54807
1995.81	7.53497
1998.31	3.52187
