100.093	6.00792
103.274	14.0568
106.457	8.1056
109.636	2.15434
112.817	4.20307
115.994	4.25171
119.172	0.300322
122.347	10.3489
125.521	6.39732
128.696	2.44577
131.868	-1.50587
135.039	-3.45756
138.209	-1.40932
141.379	8.6389
144.547	6.68703
147.713	2.7351
150.879	18.7831
154.043	-1.16894
157.206	10.8789
160.368	-5.07323
163.529	24.9745
166.689	7.02224
169.848	13.0699
173.006	1.11745
176.163	5.16496
179.316	-2.78763
182.471	-0.740254
185.625	11.3071
188.777	11.3543
191.927	15.4015
195.077	3.44856
198.224	9.49557
201.372	1.54254
204.52	-4.41055
207.664	13.6362
210.809	-0.316987
213.95	7.72967
217.091	-0.223737
220.233	5.82281
223.372	3.86926
226.509	9.91563
229.648	-2.03804
232.784	8.00818
235.918	8.05433
239.051	14.1004
242.186	-1.85357
245.317	6.19235
248.447	4.23819
251.577	10.284
254.705	0.32965
257.832	10.3753
260.958	-9.57921
264.083	8.46624
267.204	8.51159
270.327	12.5569
273.449	12.6021
276.57	8.64722
279.69	12.6923
282.806	-5.2628
285.924	2.78208
289.04	12.8269
292.154	26.8716
295.268	2.91619
298.379	10.9607
301.492	-0.994843
304.601	-0.950502
307.711	21.0938
310.818	1.13795
313.924	-0.817969
317.031	-4.77395
320.135	13.27
323.238	9.31377
326.34	5.35749
329.443	3.40116
332.543	-0.555298
335.642	7.48815
338.74	21.5315
341.836	3.57478
344.932	1.61796
348.027	1.66104
351.12	-4.29597
354.213	11.7469
357.302	9.7897
360.393	11.8324
363.482	23.875
366.57	3.91753
369.656	15.9599
372.742	22.0022
375.827	4.04447
378.91	12.0866
381.993	16.1286
385.073	12.1705
388.154	20.2123
391.232	22.254
394.311	2.29565
397.387	12.3371
400.462	4.37855
403.536	16.4198
406.611	10.4611
409.683	0.50216
412.754	-3.45685
415.824	-1.41596
418.893	4.62482
421.961	6.66549
425.027	10.7061
428.093	26.7465
431.158	20.7869
434.222	10.8272
437.284	-1.1327
440.346	-3.09266
443.407	0.947272
446.464	4.98707
449.523	11.0268
452.581	13.0664
455.635	7.10587
458.691	17.1453
461.743	19.1845
464.797	1.22367
467.847	17.2627
470.899	3.30164
473.947	7.34045
476.994	-10.6209
480.043	-6.58225
483.088	19.4562
486.133	-0.505433
489.176	-2.4672
492.22	17.571
495.262	11.609
498.302	-2.35315
501.341	-2.31537
504.38	3.72229
507.417	-6.24017
510.453	3.79726
513.487	3.83454
516.521	-4.12827
519.554	5.9088
522.586	11.9458
525.616	7.98256
528.646	12.0193
531.675	4.05587
534.701	12.0923
537.729	6.12866
540.753	2.16487
543.778	6.20097
546.8	2.23693
549.821	0.272769
552.844	-1.69149
555.863	2.3441
558.881	-1.62044
561.898	16.4149
564.916	4.45014
567.932	4.48523
570.946	0.520199
573.959	0.555038
576.971	14.5898
579.982	18.6243
582.993	14.6588
586	8.6931
589.008	4.7273
592.015	-7.23862
595.022	0.795322
598.025	22.8291
601.029	10.8628
604.032	12.8964
607.033	14.9298
610.034	14.963
613.032	4.99619
616.032	5.02922
619.028	17.0621
622.023	17.0948
625.018	9.12745
628.013	9.15995
631.005	1.19229
633.997	-2.7755
636.987	15.2566
639.977	15.2885
642.965	3.32032
645.952	3.35199
648.939	19.3835
651.924	25.4149
654.909	9.44618
657.892	13.4773
660.873	7.50827
663.854	17.5391
666.835	5.56982
669.813	-2.39963
672.791	3.6308
675.767	1.66107
678.743	5.69123
681.717	1.72122
684.692	23.7511
687.664	-4.2192
690.634	5.81037
693.606	7.83981
696.575	9.8691
699.543	11.8982
702.51	25.9272
705.475	11.9561
708.44	9.98481
711.404	16.0134
714.367	2.04181
717.329	0.0700853
720.29	4.09822
723.25	0.126211
726.207	20.154
729.166	12.1817
732.123	30.2093
735.077	18.2367
738.032	4.26393
740.984	8.29103
743.938	-5.68201
746.888	12.3448
749.839	6.37145
752.788	40.3979
755.735	34.4243
758.682	14.4505
761.627	0.476552
764.574	30.5025
767.517	-3.47178
770.46	6.55382
773.402	6.57927
776.342	12.6046
779.282	6.62971
782.219	10.6547
785.157	14.6795
788.094	8.70421
791.029	8.72874
793.962	8.75311
796.896	16.7773
799.828	8.80138
802.76	10.8253
805.689	20.849
808.619	10.8727
811.546	6.89609
814.473	10.9194
817.4	4.9425
820.324	8.96547
823.248	22.9883
826.17	17.0109
829.092	1.03342
832.012	5.05576
834.932	3.07793
837.851	13.1
840.768	25.1218
843.685	15.1435
846.599	13.165
849.514	9.18642
852.428	15.2076
855.339	15.2287
858.251	5.24959
861.16	5.27031
864.07	19.2909
866.978	9.31129
869.884	23.3315
872.792	19.3516
875.696	1.37153
878.599	-2.60871
881.502	25.4109
884.404	1.4303
887.304	29.4496
890.204	15.4687
893.103	-2.51242
896.001	19.5064
898.898	9.52495
901.794	-0.456613
904.689	-0.438343
907.581	13.5797
910.474	-8.40232
913.364	-2.38456
916.256	19.633
919.144	17.6505
922.034	13.6677
924.92	1.68483
927.808	3.70176
930.693	5.71851
933.576	-4.2649
936.459	7.75151
939.341	13.7678
942.222	7.78383
945.102	5.79973
947.981	15.8155
950.859	1.83103
953.737	-2.15357
956.613	-6.13835
959.488	9.8767
962.361	9.89157
965.235	3.90628
968.105	25.9208
970.977	19.9352
973.846	7.94934
976.716	-0.0366421
979.583	17.9772
982.449	9.99085
985.316	4.00434
988.18	26.0177
991.043	20.0308
993.906	12.0438
996.767	18.0565
999.628	10.0692
1002.49	14.0816
1005.35	4.09385
1008.2	12.1059
1011.06	18.1178
1013.91	14.1296
1016.77	0.141113
1019.62	24.1525
1022.48	24.1637
1025.33	4.17469
1028.18	8.18553
1031.03	20.1962
1033.87	24.2067
1036.72	18.217
1039.57	12.2271
1042.41	10.237
1045.26	22.2468
1048.1	18.2564
1050.94	8.26577
1053.78	0.274995
1056.62	8.28403
1059.46	18.2929
1062.3	10.3016
1065.14	26.3101
1067.97	14.3184
1070.81	24.3265
1073.64	-3.66556
1076.47	6.34221
1079.31	8.34979
1082.14	10.3572
1084.97	16.3644
1087.8	18.3714
1090.63	8.37827
1093.45	8.38493
1096.28	12.3914
1099.1	14.3977
1101.93	14.4038
1104.75	14.4097
1107.57	8.41546
1110.39	20.421
1113.21	12.4264
1116.03	2.43155
1118.85	12.4365
1121.66	16.4413
1124.48	-1.55403
1127.3	12.4504
1130.11	8.45464
1132.92	8.45869
1135.73	12.4626
1138.54	-5.53377
1141.35	8.46972
1144.16	-5.52697
1146.97	8.47614
1149.78	16.4791
1152.58	12.4818
1155.39	10.4843
1158.19	-1.51331
1161	24.4889
1163.8	12.4908
1166.6	18.4926
1169.4	20.4942
1172.2	8.49561
1174.99	14.4968
1177.79	26.4978
1180.59	28.4987
1183.38	0.499308
1186.17	28.4998
1188.97	14.5
1191.76	6.50006
1194.55	6.49993
1197.34	8.49961
1200.13	22.4991
1202.92	14.4984
1205.7	14.4975
1208.49	18.4964
1211.27	12.4951
1214.06	-7.50641
1216.84	22.4919
1219.62	12.49
1222.4	-3.51204
1225.18	18.4857
1227.96	8.48323
1230.74	12.4806
1233.51	8.47772
1236.29	26.4747
1239.06	6.47142
1241.84	6.46798
1244.61	12.4643
1247.38	-5.53949
1250.15	2.45648
1252.92	0.45225
1255.69	0.447824
1258.46	0.443202
1261.23	16.4384
1263.99	8.43336
1266.76	14.4281
1269.52	10.4227
1272.28	18.4171
1275.05	14.4113
1277.81	2.40529
1280.57	10.3991
1283.33	18.3927
1286.08	12.3861
1288.84	8.37926
1291.6	16.3722
1294.35	30.365
1297.11	14.3576
1299.86	-1.64998
1302.61	34.3422
1305.36	6.3342
1308.11	10.326
1310.86	24.3176
1313.61	8.30896
1316.36	18.3001
1319.1	10.2911
1321.85	4.28191
1324.59	32.2725
1327.33	8.26287
1330.08	8.25304
1332.82	22.243
1335.56	16.2328
1338.3	8.22234
1341.04	30.2117
1343.77	14.2009
1346.51	4.18982
1349.25	-11.8214
1351.98	6.16712
1354.71	24.1555
1357.45	14.1436
1360.18	14.1315
1362.91	26.1193
1365.64	12.1068
1368.37	18.0941
1371.09	14.0812
1373.82	26.0681
1376.54	-9.94516
1379.27	20.0413
1381.99	8.02763
1384.72	12.0137
1387.44	13.9996
1390.16	13.9853
1392.88	3.97074
1395.6	-0.0440021
1398.31	27.9411
1401.03	11.9259
1403.75	13.9105
1406.46	-0.105029
1409.18	31.8792
1411.89	11.8632
1414.6	9.84702
1417.31	7.83063
1420.02	17.814
1422.73	13.7972
1425.44	5.78018
1428.15	5.76296
1430.85	9.74551
1433.56	13.7279
1436.26	7.71
1438.97	13.6919
1441.67	-12.3263
1444.37	1.65518
1447.07	11.6365
1449.77	15.6176
1452.47	-2.40154
1455.16	3.57913
1457.86	13.5596
1460.56	7.53984
1463.25	11.5199
1465.94	-0.500281
1468.64	-2.52067
1471.33	25.4587
1474.02	17.4379
1476.71	11.4169
1479.4	13.3957
1482.09	11.3743
1484.77	11.3526
1487.46	11.3308
1490.14	7.30868
1492.83	9.2864
1495.51	11.2639
1498.19	-6.75882
1500.87	5.21827
1503.55	13.1951
1506.23	7.17178
1508.91	21.1482
1511.59	15.1244
1514.27	1.10046
1516.94	9.07626
1519.62	5.05183
1522.29	9.0272
1524.96	15.0024
1527.63	-5.02269
1530.3	10.952
1532.97	16.9265
1535.64	6.90084
1538.31	10.8749
1540.98	12.8488
1543.64	10.8225
1546.31	16.7959
1548.97	12.7691
1551.63	2.74213
1554.3	18.7149
1556.96	0.687498
1559.62	14.6599
1562.28	12.632
1564.94	14.6039
1567.59	24.5757
1570.25	24.5472
1572.9	8.51843
1575.56	-3.51051
1578.21	10.4604
1580.86	20.431
1583.52	16.4014
1586.17	18.3716
1588.82	14.3416
1591.47	10.3113
1594.11	-7.71911
1596.76	6.25022
1599.41	12.2193
1602.05	6.18823
1604.69	6.15691
1607.34	12.1254
1609.98	30.0936
1612.62	2.06162
1615.26	8.02942
1617.9	9.99701
1620.54	9.96437
1623.18	21.9315
1625.81	5.89845
1628.45	11.8652
1631.08	13.8317
1633.72	15.7979
1636.35	7.76399
1638.98	17.7298
1641.61	15.6954
1644.24	23.6608
1646.87	7.626
1649.5	-0.409049
1652.13	25.5557
1654.75	-6.47979
1657.38	17.4845
1660	7.44858
1662.63	5.41244
1665.25	9.37606
1667.87	5.33948
1670.49	13.3027
1673.11	11.2656
1675.73	9.2284
1678.35	3.19093
1680.96	5.15323
1683.58	17.1153
1686.19	7.0772
1688.81	11.0388
1691.42	3.00027
1694.03	12.9615
1696.64	14.9225
1699.25	8.88322
1701.87	2.84374
1704.47	24.8041
1707.08	2.76416
1709.69	28.724
1712.29	14.6837
1714.9	14.6431
1717.5	18.6023
1720.1	16.5613
1722.71	-3.47995
1725.31	32.4786
1727.91	6.4369
1730.51	24.395
1733.1	24.3529
1735.7	6.3105
1738.3	20.2679
1740.89	14.2251
1743.49	14.1821
1746.08	12.1388
1748.67	8.09537
1751.26	2.0517
1753.86	16.0078
1756.45	-6.03639
1759.03	1.91926
1761.62	5.87466
1764.21	17.8299
1766.8	17.7848
1769.38	25.7396
1771.97	3.69405
1774.55	21.6483
1777.13	5.6024
1779.71	9.55624
1782.29	19.5099
1784.87	19.4633
1787.45	11.4164
1790.03	21.3694
1792.61	9.32207
1795.18	-4.72543
1797.76	7.22682
1800.33	7.17886
1802.9	13.1307
1805.48	5.08228
1808.05	7.03364
1810.62	2.98477
1813.19	12.9357
1815.76	12.8864
1818.33	14.8368
1820.89	10.787
1823.46	4.73706
1826.02	-7.31318
1828.59	2.63639
1831.15	6.58573
1833.71	12.5348
1836.27	2.48369
1838.84	12.4323
1841.39	0.380771
1843.95	12.329
1846.51	-7.72307
1849.07	2.2247
1851.62	18.1722
1854.18	2.11948
1856.73	-3.93343
1859.29	10.0134
1861.84	21.96
1864.39	7.9064
1866.94	-2.14748
1869.49	-10.2015
1872.04	9.74416
1874.59	3.68963
1877.13	-0.365128
1879.68	3.57992
1882.22	25.5247
1884.77	19.4692
1887.31	7.41361
1889.85	1.35769
1892.39	9.30159
1894.93	3.24525
1897.47	11.1886
1900.01	11.1318
1902.55	-2.92518
1905.09	9.01756
1907.62	26.9601
1910.16	16.9024
1912.69	0.844424
1915.22	4.78624
1917.76	14.7279
1920.29	-1.33079
1922.82	10.6104
1925.35	10.5512
1927.88	20.4919
1930.4	2.4324
1932.93	4.37263
1935.46	12.3126
1937.98	10.2524
1940.51	6.19193
1943.03	12.1312
1945.55	4.07034
1948.07	6.00917
1950.59	9.94782
1953.11	13.8862
1955.63	7.82436
1958.15	-2.23769
1960.67	-4.29998
1963.18	9.6375
1965.7	3.57475
1968.21	9.51176
1970.73	-2.55146
1973.24	13.3851
1975.75	7.32145
1978.26	11.2575
1980.77	-4.80658
1983.28	9.12903
1985.79	17.0645
1988.29	14.9996
1990.8	-3.06544
1993.31	0.869283
1995.81	18.8038
1998.31	18.7381
