100.093	0.655907
103.274	12.7222
106.457	-7.21178
109.636	10.8539
112.817	20.9194
115.994	20.9845
119.172	5.0494
122.347	5.11396
125.521	11.1782
128.696	21.2423
131.868	-2.69403
135.039	-4.6306
138.209	9.43254
141.379	5.49544
144.547	3.55802
147.713	3.62032
150.879	1.68234
154.043	3.74408
157.206	3.80554
160.368	5.86672
163.529	7.92763
166.689	11.9883
169.848	0.0486097
173.006	16.1087
176.163	18.1685
179.316	14.228
182.471	8.28722
185.625	14.3462
188.777	6.40491
191.927	8.4633
195.077	16.5215
198.224	20.5793
201.372	2.63693
204.52	4.69427
207.664	6.75131
210.809	0.808124
213.95	22.8646
217.091	14.9209
220.233	4.97687
223.372	13.0326
226.509	7.088
229.648	15.1432
232.784	5.19811
235.918	-2.74725
239.051	1.30712
242.186	7.36127
245.317	-0.58488
248.447	1.46871
251.577	21.522
254.705	9.57509
257.832	-4.3721
260.958	7.68044
264.083	11.7327
267.204	7.78471
270.327	7.83648
273.449	13.888
276.57	15.9392
279.69	1.99022
282.806	12.0409
285.924	22.0914
289.04	-1.85837
292.154	6.19157
295.268	6.24129
298.379	18.2907
301.492	2.33992
304.601	30.3888
307.711	18.4376
310.818	6.48597
313.924	-3.46586
317.031	-1.41791
320.135	6.62976
323.238	0.677182
326.34	16.7244
329.443	8.77131
332.543	10.818
335.642	4.86441
338.74	8.91059
341.836	14.9565
344.932	15.0022
348.027	5.04766
351.12	3.09286
354.213	27.1378
357.302	7.1825
360.393	15.227
363.482	7.27119
366.57	23.3152
369.656	1.35889
372.742	15.4024
375.827	13.4457
378.91	1.48865
381.993	3.53143
385.073	5.57394
388.154	11.6162
391.232	3.65829
394.311	5.70012
397.387	3.74168
400.462	-2.21699
403.536	17.8241
406.611	11.865
409.683	-10.0944
412.754	17.946
415.824	7.98615
418.893	6.02607
421.961	-3.93424
425.027	4.10522
428.093	12.1444
431.158	12.1834
434.222	14.2222
437.284	20.2607
440.346	6.29903
443.407	4.3371
446.464	2.37492
449.523	8.41254
452.581	-3.55007
455.635	-3.51293
458.691	16.524
461.743	0.560683
464.797	14.5972
467.847	0.633399
470.899	-11.3306
473.947	24.7052
476.994	26.7408
480.043	18.7761
483.088	0.811249
486.133	20.8461
489.176	6.88081
492.22	2.91528
495.262	0.949511
498.302	18.9835
501.341	7.01731
504.38	13.0509
507.417	15.0842
510.453	-0.882644
513.487	21.1502
516.521	5.18294
519.554	9.21542
522.586	17.2477
525.616	7.27971
528.646	19.3115
531.675	3.34316
534.701	-4.62546
537.729	17.4057
540.753	11.4367
543.778	3.46743
546.8	1.49796
549.821	7.52828
552.844	5.5584
555.863	1.58829
558.881	11.618
561.898	23.6474
564.916	-2.32328
567.932	11.7058
570.946	5.73462
573.959	-2.23675
576.971	21.7917
579.982	11.8199
582.993	19.8479
586	1.8757
589.008	-4.0967
592.015	13.9307
595.022	9.95788
598.025	-4.01516
601.029	4.01162
604.032	14.0382
607.033	4.06455
610.034	-1.90928
613.032	24.1167
616.032	4.14244
619.028	2.16798
622.023	10.1933
625.018	10.2185
628.013	0.243432
631.005	-1.73182
633.997	6.29272
636.987	6.31707
639.977	8.34122
642.965	14.3652
645.952	26.3889
648.939	4.41248
651.924	16.4358
654.909	22.459
657.892	2.48197
660.873	4.50473
663.854	12.5273
666.835	8.54969
669.813	4.57186
672.791	8.59386
675.767	4.61565
678.743	4.63726
681.717	6.65866
684.692	12.6799
687.664	6.70091
690.634	0.721745
693.606	8.7424
696.575	20.7628
699.543	8.78311
702.51	-3.19682
705.475	4.82307
708.44	12.8428
711.404	14.8623
714.367	6.88159
717.329	10.9007
720.29	8.91967
723.25	8.93844
726.207	14.957
729.166	4.97539
732.123	2.9936
735.077	23.0116
738.032	19.0294
740.984	11.0471
743.938	13.0646
746.888	7.08184
749.839	9.09894
752.788	19.1159
755.735	7.13259
758.682	21.1491
761.627	9.16551
764.574	5.18172
767.517	13.1977
770.46	5.21356
773.402	9.22922
776.342	21.2447
779.282	15.26
782.219	21.2751
785.157	11.29
788.094	1.30481
791.029	13.3194
793.962	9.33381
796.896	9.34805
799.828	17.3621
802.76	9.37599
805.689	21.3897
808.619	7.40324
811.546	21.4166
814.473	9.42978
817.4	5.44281
820.324	27.4557
823.248	17.4683
826.17	11.4808
829.092	-2.50685
832.012	9.50531
834.932	5.51729
837.851	23.5291
840.768	7.54076
843.685	19.5522
846.599	21.5635
849.514	21.5747
852.428	21.5857
855.339	17.5965
858.251	9.60711
861.16	5.61757
864.07	11.6279
866.978	15.638
869.884	5.64799
872.792	11.6578
875.696	25.6674
878.599	9.67693
881.502	5.68624
884.404	17.6954
887.304	-6.29562
890.204	7.71321
893.103	-8.27813
896.001	15.7304
898.898	13.7387
901.794	3.7469
904.689	19.7549
907.581	19.7628
910.474	3.77047
913.364	9.77801
916.256	-10.2146
919.144	17.7926
922.034	-4.20033
924.92	21.8066
927.808	15.8133
930.693	11.8199
933.576	3.82634
936.459	1.83262
939.341	19.8387
942.222	9.8447
945.102	-0.149491
947.981	3.85616
950.859	11.8617
953.737	17.867
956.613	3.8722
959.488	11.8772
962.361	3.88212
965.235	17.8869
968.105	9.89144
970.977	29.8959
973.846	7.90014
976.716	25.9043
979.583	15.9082
982.449	11.9121
985.316	13.9157
988.18	1.91927
991.043	19.9226
993.906	11.9259
996.767	11.929
999.628	11.9319
1002.49	13.9347
1005.35	15.9373
1008.2	13.9398
1011.06	19.9421
1013.91	9.94433
1016.77	9.94638
1019.62	11.9483
1022.48	11.95
1025.33	3.95166
1028.18	-4.04687
1031.03	11.9545
1033.87	-0.0443563
1036.72	13.9567
1039.57	1.95758
1042.41	17.9583
1045.26	11.9589
1048.1	13.9594
1050.94	7.95975
1053.78	9.95994
1056.62	1.95999
1059.46	11.9599
1062.3	11.9597
1065.14	7.95929
1067.97	5.95878
1070.81	3.95813
1073.64	5.95734
1076.47	5.95641
1079.31	19.9554
1082.14	-8.04585
1084.97	5.95281
1087.8	3.95133
1090.63	13.9497
1093.45	3.94797
1096.28	25.9461
1099.1	3.94407
1101.93	13.9419
1104.75	13.9396
1107.57	-0.0627926
1110.39	7.93465
1113.21	5.93196
1116.03	-0.0708615
1118.85	15.9262
1121.66	9.92309
1124.48	1.91987
1127.3	9.91652
1130.11	3.91304
1132.92	19.9094
1135.73	15.9057
1138.54	9.9018
1141.35	11.8978
1144.16	19.8937
1146.97	15.8894
1149.78	9.885
1152.58	7.88048
1155.39	-0.12417
1158.19	9.87105
1161	1.86614
1163.8	-2.13889
1166.6	3.85595
1169.4	23.8507
1172.2	7.84525
1174.99	3.83971
1177.79	17.834
1180.59	1.82826
1183.38	5.82234
1186.17	11.8163
1188.97	5.81014
1191.76	27.8039
1194.55	-8.20256
1197.34	9.7909
1200.13	7.78425
1202.92	-0.222534
1205.7	13.7706
1208.49	15.7635
1211.27	5.7564
1214.06	1.74913
1216.84	17.7417
1219.62	21.7342
1222.4	7.7266
1225.18	7.71886
1227.96	-8.28901
1230.74	1.703
1233.51	5.6949
1236.29	11.6867
1239.06	3.67833
1241.84	11.6699
1244.61	5.66129
1247.38	7.65259
1250.15	1.64379
1252.92	13.6349
1255.69	9.62581
1258.46	7.61665
1261.23	1.60737
1263.99	-14.402
1266.76	-8.41153
1269.52	7.57885
1272.28	9.56912
1275.05	7.55926
1277.81	3.5493
1280.57	15.5392
1283.33	1.52903
1286.08	15.5187
1288.84	9.50831
1291.6	7.49778
1294.35	15.4871
1297.11	5.4764
1299.86	15.4655
1302.61	7.45455
1305.36	9.44347
1308.11	3.43228
1310.86	9.42098
1313.61	13.4096
1316.36	-0.601964
1319.1	7.38641
1321.85	13.3747
1324.59	23.3628
1327.33	-0.649138
1330.08	27.3388
1332.82	13.3266
1335.56	9.31434
1338.3	15.302
1341.04	13.2895
1343.77	13.2769
1346.51	13.2642
1349.25	1.25135
1351.98	7.23844
1354.71	-8.77459
1357.45	7.21229
1360.18	11.1991
1362.91	13.1857
1365.64	1.17229
1368.37	9.15875
1371.09	3.1451
1373.82	5.13136
1376.54	13.1175
1379.27	19.1036
1381.99	11.0895
1384.72	-6.92465
1387.44	7.06109
1390.16	5.04673
1392.88	15.0323
1395.6	3.01771
1398.31	19.0031
1401.03	22.9883
1403.75	26.9734
1406.46	20.9585
1409.18	10.9434
1411.89	10.9283
1414.6	10.913
1417.31	10.8977
1420.02	20.8822
1422.73	-3.13333
1425.44	20.851
1428.15	8.83528
1430.85	18.8194
1433.56	4.80351
1436.26	2.78747
1438.97	2.77135
1441.67	10.7551
1444.37	8.73882
1447.07	12.7224
1449.77	12.7059
1452.47	16.6893
1455.16	-5.32739
1457.86	22.6558
1460.56	8.63893
1463.25	12.622
1465.94	16.6049
1468.64	2.58773
1471.33	12.5705
1474.02	2.55313
1476.71	-5.4643
1479.4	-1.48184
1482.09	6.50054
1484.77	2.48284
1487.46	12.465
1490.14	10.4471
1492.83	16.4292
1495.51	6.41109
1498.19	2.39293
1500.87	4.37469
1503.55	18.3563
1506.23	2.33791
1508.91	0.319404
1511.59	2.30079
1514.27	16.2821
1516.94	14.2633
1519.62	-3.75554
1522.29	6.2255
1524.96	8.20647
1527.63	24.1873
1530.3	12.1681
1532.97	4.14883
1535.64	16.1294
1538.31	2.10997
1540.98	4.09042
1543.64	16.0708
1546.31	12.0511
1548.97	0.0312448
1551.63	10.0114
1554.3	5.99137
1556.96	9.97132
1559.62	13.9512
1562.28	17.931
1564.94	7.91065
1567.59	15.8903
1570.25	5.86978
1572.9	11.8492
1575.56	15.8286
1578.21	-0.192126
1580.86	9.78707
1583.52	7.76618
1586.17	9.74523
1588.82	11.7242
1591.47	13.7031
1594.11	23.6819
1596.76	1.66059
1599.41	-2.36076
1602.05	-0.382201
1604.69	7.59628
1607.34	-10.4253
1609.98	1.55301
1612.62	15.5313
1615.26	5.50942
1617.9	9.48752
1620.54	11.4655
1623.18	11.4435
1625.81	3.42133
1628.45	3.39913
1631.08	1.37684
1633.72	11.3545
1636.35	5.33204
1638.98	29.3095
1641.61	7.28693
1644.24	-6.73574
1646.87	1.24152
1649.5	1.2187
1652.13	5.19582
1654.75	5.17285
1657.38	19.1498
1660	15.1267
1662.63	9.10353
1665.25	17.0803
1667.87	7.05693
1670.49	3.03354
1673.11	13.0101
1675.73	8.98652
1678.35	10.9629
1680.96	6.93921
1683.58	0.915467
1686.19	6.89163
1688.81	8.86773
1691.42	-5.15624
1694.03	-1.18029
1696.64	10.7956
1699.25	2.77144
1701.87	8.74718
1704.47	8.72286
1707.08	2.69847
1709.69	6.67402
1712.29	12.6495
1714.9	2.6249
1717.5	16.6003
1720.1	8.57552
1722.71	6.55072
1725.31	14.5259
1727.91	26.5009
1730.51	16.4759
1733.1	6.45088
1735.7	8.42574
1738.3	8.40055
1740.89	18.3753
1743.49	10.35
1746.08	8.32457
1748.67	10.2991
1751.26	8.27361
1753.86	12.248
1756.45	-9.77764
1759.03	6.19666
1761.62	14.1709
1764.21	6.14504
1766.8	0.119142
1769.38	0.0931791
1771.97	0.0671341
1774.55	4.04104
1777.13	-1.98511
1779.71	-2.01133
1782.29	9.9624
1784.87	23.9361
1787.45	9.90965
1790.03	3.8832
1792.61	7.85667
1795.18	7.83009
1797.76	9.80343
1800.33	11.7767
1802.9	17.75
1805.48	19.7231
1808.05	7.69626
1810.62	25.6693
1813.19	13.6423
1815.76	3.61524
1818.33	3.58811
1820.89	9.56093
1823.46	9.5337
1826.02	9.50639
1828.59	15.479
1831.15	7.45164
1833.71	5.42415
1836.27	3.39663
1838.84	5.36905
1841.39	9.34141
1843.95	3.31371
1846.51	29.286
1849.07	3.25816
1851.62	1.23029
1854.18	13.2024
1856.73	15.1744
1859.29	11.1464
1861.84	25.1183
1864.39	27.0901
1866.94	7.06193
1869.49	-2.96632
1872.04	11.0054
1874.59	22.977
1877.13	4.94861
1879.68	2.92016
1882.22	10.8916
1884.77	8.86306
1887.31	6.83444
1889.85	2.80576
1892.39	8.77703
1894.93	16.7483
1897.47	12.7194
1900.01	14.6905
1902.55	10.6616
1905.09	4.63261
1907.62	4.60357
1910.16	16.5745
1912.69	2.54535
1915.22	8.51616
1917.76	8.48693
1920.29	-1.54237
1922.82	12.4283
1925.35	10.3989
1927.88	4.36946
1930.4	12.34
1932.93	-3.68956
1935.46	12.2809
1937.98	0.251217
1940.51	6.22153
1943.03	14.1918
1945.55	0.162032
1948.07	10.1322
1950.59	0.102334
1953.11	10.0724
1955.63	4.04244
1958.15	20.0124
1960.67	5.98237
1963.18	11.9523
1965.7	-4.07789
1968.21	9.89191
1970.73	-2.13834
1973.24	1.83136
1975.75	13.801
1978.26	13.7706
1980.77	-6.25977
1983.28	-0.290253
1985.79	1.67924
1988.29	9.64868
1990.8	7.61806
1993.31	-2.41259
1995.81	11.5567
1998.31	9.526
