100.093	20.1136
103.274	14.2212
106.457	28.3282
109.636	18.4345
112.817	16.5402
115.994	16.6452
119.172	16.7496
122.347	12.8533
125.521	8.95635
128.696	11.0588
131.868	11.1606
135.039	5.26169
138.209	13.3622
141.379	21.4621
144.547	7.5613
147.713	-0.340115
150.879	15.7578
154.043	15.8552
157.206	5.95188
160.368	8.04797
163.529	4.14344
166.689	6.2383
169.848	8.33254
173.006	12.4262
176.163	-1.48082
179.316	6.61153
182.471	2.70334
185.625	4.79454
188.777	22.8851
191.927	16.9751
195.077	15.0645
198.224	11.1532
201.372	7.24146
204.52	1.32909
207.664	11.4161
210.809	11.5025
213.95	-0.411657
217.091	-10.3264
220.233	13.7583
223.372	19.8424
226.509	29.9259
229.648	-1.99114
232.784	0.0912232
235.918	10.173
239.051	16.2542
242.186	4.33496
245.317	10.4151
248.447	8.49461
251.577	-1.4264
254.705	-1.34797
257.832	14.7299
260.958	6.80723
264.083	14.884
267.204	0.96019
270.327	9.03588
273.449	9.11102
276.57	9.18563
279.69	15.2597
282.806	1.33317
285.924	7.40616
289.04	23.4786
292.154	11.5505
295.268	11.6219
298.379	21.6927
301.492	9.7631
304.601	-4.16712
307.711	5.9022
310.818	17.9709
313.924	6.03918
317.031	12.1069
320.135	18.1742
323.238	0.240851
326.34	6.30704
329.443	14.3728
332.543	12.438
335.642	16.5026
338.74	6.56682
341.836	6.63051
344.932	16.6937
348.027	6.7564
351.12	10.8186
354.213	0.880322
357.302	12.9415
360.393	19.0023
363.482	1.06252
366.57	13.1223
369.656	15.1816
372.742	7.24039
375.827	-2.70126
378.91	15.3566
381.993	19.414
385.073	1.47088
388.154	13.5273
391.232	11.5833
394.311	13.6388
397.387	15.6939
400.462	5.74847
403.536	21.8026
406.611	5.8563
409.683	-2.09049
412.754	15.9623
415.824	8.01459
418.893	0.0664545
421.961	2.11787
425.027	12.1689
428.093	20.2194
431.158	2.26948
434.222	0.319135
437.284	4.36836
440.346	12.4171
443.407	4.46549
446.464	16.5134
449.523	0.560877
452.581	6.60794
455.635	0.654554
458.691	8.70077
461.743	8.74654
464.797	8.79192
467.847	2.83685
470.899	8.88139
473.947	12.9255
476.994	2.96918
480.043	5.01249
483.088	29.0554
486.133	27.0978
489.176	15.1399
492.22	5.18158
495.262	-2.77716
498.302	-4.7363
501.341	11.3042
504.38	23.3442
507.417	5.38391
510.453	29.4232
513.487	15.4621
516.521	13.5006
519.554	15.5387
522.586	-0.423581
525.616	11.6137
528.646	9.65072
531.675	11.6873
534.701	7.72351
537.729	-6.24065
540.753	-12.2052
543.778	17.8299
546.8	13.8646
549.821	-4.10107
552.844	7.93292
555.863	11.9665
558.881	-2.00023
561.898	6.03265
564.916	0.0651917
567.932	2.09736
570.946	6.12917
573.959	2.16062
576.971	-7.80828
579.982	16.2225
582.993	0.252882
586	0.28292
589.008	20.3126
592.015	16.342
595.022	0.371029
598.025	8.3997
601.029	-3.57195
604.032	-1.54394
607.033	8.48372
610.034	4.51106
613.032	-1.46194
616.032	0.564741
619.028	14.5911
622.023	8.61709
625.018	10.6428
628.013	16.6682
631.005	10.6932
633.997	12.7179
636.987	22.7423
639.977	10.7664
642.965	10.7902
645.952	2.81366
648.939	4.83681
651.924	8.85966
654.909	2.88219
657.892	14.9044
660.873	10.9263
663.854	22.948
666.835	18.9693
669.813	20.9903
672.791	5.01101
675.767	9.03142
678.743	1.05156
681.717	7.07138
684.692	13.0909
687.664	5.11018
690.634	-2.87086
693.606	-0.852177
696.575	-0.833789
699.543	21.1843
702.51	23.2021
705.475	5.21968
708.44	9.23695
711.404	9.25394
714.367	3.27065
717.329	13.2871
720.29	7.30327
723.25	11.3192
726.207	19.3348
729.166	21.3501
732.123	5.36525
735.077	21.3801
738.032	25.3946
740.984	11.4089
743.938	19.423
746.888	13.4368
749.839	-4.54968
752.788	1.4636
755.735	5.47662
758.682	23.4894
761.627	5.50191
764.574	15.5142
767.517	7.52622
770.46	21.538
773.402	13.5495
776.342	23.5608
779.282	21.5719
782.219	15.5827
785.157	23.5933
788.094	3.60364
791.029	15.6137
793.962	21.6236
796.896	11.6333
799.828	-2.35733
802.76	17.6519
805.689	19.6608
808.619	23.6696
811.546	13.6781
814.473	17.6863
817.4	15.6944
820.324	25.7023
823.248	3.70989
826.17	11.7173
829.092	23.7245
832.012	13.7315
834.932	25.7383
837.851	23.7448
840.768	5.75118
843.685	13.7573
846.599	21.7633
849.514	11.769
852.428	3.77453
855.339	11.7799
858.251	31.785
861.16	17.7899
864.07	9.79466
866.978	19.7992
869.884	5.80354
872.792	13.8077
875.696	15.8117
878.599	5.81543
881.502	-0.180991
884.404	5.8224
887.304	5.82562
890.204	11.8286
893.103	17.8315
896.001	21.8341
898.898	3.83663
901.794	15.8389
904.689	5.84106
907.581	3.84301
910.474	9.84479
913.364	-2.1536
916.256	19.8478
919.144	19.8491
922.034	11.8502
924.92	9.85112
927.808	13.8519
930.693	-0.147523
933.576	15.8529
936.459	11.8532
939.341	9.8533
942.222	-2.14675
945.102	3.85305
947.981	15.8527
950.859	23.8522
953.737	1.85151
956.613	9.8507
959.488	15.8497
962.361	11.8486
965.235	11.8473
968.105	11.8459
970.977	19.8444
973.846	13.8427
976.716	11.8408
979.583	5.83885
982.449	9.83673
985.316	27.8345
988.18	13.8321
991.043	11.8295
993.906	7.82687
996.767	13.8241
999.628	11.8211
1002.49	11.8181
1005.35	9.81488
1008.2	7.81156
1011.06	7.80811
1013.91	5.80454
1016.77	17.8008
1019.62	3.79703
1022.48	7.79309
1025.33	13.789
1028.18	17.7849
1031.03	-0.219433
1033.87	-0.223841
1036.72	15.7716
1039.57	1.767
1042.41	15.7622
1045.26	25.7574
1048.1	17.7524
1050.94	27.7473
1053.78	13.7422
1056.62	25.7369
1059.46	13.7315
1062.3	5.72598
1065.14	17.7204
1067.97	19.7147
1070.81	11.7089
1073.64	9.703
1076.47	11.697
1079.31	19.6909
1082.14	9.68474
1084.97	13.6785
1087.8	19.6721
1090.63	1.66564
1093.45	1.6591
1096.28	-2.34753
1099.1	9.64575
1101.93	5.63894
1104.75	11.6321
1107.57	15.6251
1110.39	13.618
1113.21	7.6109
1116.03	5.60368
1118.85	-0.403612
1121.66	15.589
1124.48	3.58158
1127.3	11.5741
1130.11	1.56647
1132.92	-12.4412
1135.73	7.55107
1138.54	5.54327
1141.35	7.5354
1144.16	9.52746
1146.97	19.5195
1149.78	15.5114
1152.58	7.50325
1155.39	15.4951
1158.19	13.4868
1161	17.4785
1163.8	13.4701
1166.6	7.46168
1169.4	1.45318
1172.2	3.44464
1174.99	7.43604
1177.79	11.4274
1180.59	-0.581311
1183.38	11.4099
1186.17	5.40113
1188.97	3.39228
1191.76	7.38338
1194.55	-2.62556
1197.34	7.36545
1200.13	11.3564
1202.92	17.3473
1205.7	9.33822
1208.49	-4.67093
1211.27	3.31987
1214.06	11.3106
1216.84	17.3014
1219.62	3.29206
1222.4	13.2827
1225.18	9.27334
1227.96	1.26394
1230.74	17.2545
1233.51	11.245
1236.29	7.23553
1239.06	5.22601
1241.84	5.21646
1244.61	1.20688
1247.38	1.19728
1250.15	11.1877
1252.92	15.178
1255.69	3.16834
1258.46	-2.84134
1261.23	15.1489
1263.99	7.13923
1266.76	21.1295
1269.52	-0.880271
1272.28	11.11
1275.05	25.1002
1277.81	9.09037
1280.57	9.08057
1283.33	5.07075
1286.08	3.06092
1288.84	3.05108
1291.6	-0.958759
1294.35	5.03139
1297.11	3.02154
1299.86	9.01168
1302.61	7.00182
1305.36	8.99196
1308.11	-3.0179
1310.86	-7.02776
1313.61	24.9624
1316.36	16.9525
1319.1	4.94267
1321.85	10.9328
1324.59	22.923
1327.33	6.91314
1330.08	8.90331
1332.82	8.89349
1335.56	6.88368
1338.3	6.87388
1341.04	8.8641
1343.77	12.8543
1346.51	-1.15544
1349.25	12.8348
1351.98	12.8251
1354.71	8.81537
1357.45	4.80568
1360.18	18.796
1362.91	4.78635
1365.64	-7.22328
1368.37	10.7671
1371.09	20.7575
1373.82	10.748
1376.54	12.7384
1379.27	10.7289
1381.99	8.71942
1384.72	12.71
1387.44	6.70054
1390.16	6.69114
1392.88	14.6818
1395.6	20.6724
1398.31	8.66314
1401.03	-5.34613
1403.75	8.64464
1406.46	4.63544
1409.18	16.6263
1411.89	18.6172
1414.6	6.60808
1417.31	6.59904
1420.02	8.59004
1422.73	4.58108
1425.44	2.57216
1428.15	8.5633
1430.85	8.55446
1433.56	8.54569
1436.26	8.53695
1438.97	12.5283
1441.67	-3.48037
1444.37	14.511
1447.07	14.5025
1449.77	2.49402
1452.47	24.4856
1455.16	8.4772
1457.86	4.46887
1460.56	6.4606
1463.25	-5.54761
1465.94	2.44423
1468.64	-3.56387
1471.33	28.4281
1474.02	0.420107
1476.71	6.41219
1479.4	0.404327
1482.09	-7.60347
1484.77	-5.6112
1487.46	10.3811
1490.14	8.37353
1492.83	8.366
1495.51	6.35853
1498.19	2.35113
1500.87	-3.6562
1503.55	12.3365
1506.23	0.329347
1508.91	18.3222
1511.59	0.315183
1514.27	6.30821
1516.94	6.30132
1519.62	6.29449
1522.29	0.287747
1524.96	22.2811
1527.63	2.27449
1530.3	8.26798
1532.97	10.2615
1535.64	12.2552
1538.31	-11.7511
1540.98	6.24274
1543.64	18.2366
1546.31	-3.76939
1548.97	-1.77532
1551.63	12.2188
1554.3	-5.78693
1556.96	12.2074
1559.62	0.201809
1562.28	0.196313
1564.94	6.19091
1567.59	8.18559
1570.25	12.1804
1572.9	4.17524
1575.56	6.1702
1578.21	8.16526
1580.86	8.16041
1583.52	0.155663
1586.17	10.151
1588.82	0.146455
1591.47	12.142
1594.11	2.13764
1596.76	0.133387
1599.41	8.12923
1602.05	2.12518
1604.69	12.1212
1607.34	14.1174
1609.98	14.1136
1612.62	4.11
1615.26	2.10647
1617.9	24.103
1620.54	10.0997
1623.18	12.0965
1625.81	10.0934
1628.45	14.0904
1631.08	8.08757
1633.72	12.0848
1636.35	16.0822
1638.98	10.0796
1641.61	18.0772
1644.24	8.07488
1646.87	18.0727
1649.5	8.07061
1652.13	2.06866
1654.75	16.0668
1657.38	0.0650948
1660	8.06349
1662.63	6.06201
1665.25	16.0607
1667.87	16.0594
1670.49	2.05831
1673.11	10.0573
1675.73	20.0564
1678.35	6.05571
1680.96	0.0550977
1683.58	12.0546
1686.19	4.05425
1688.81	20.054
1691.42	0.0539216
1694.03	16.054
1696.64	-5.94589
1699.25	-7.9456
1701.87	-3.94517
1704.47	8.05538
1707.08	14.0561
1709.69	10.0569
1712.29	-3.94214
1714.9	6.05895
1717.5	14.0602
1720.1	6.06156
1722.71	22.0631
1725.31	12.0647
1727.91	0.0665049
1730.51	8.06843
1733.1	-1.9295
1735.7	8.07272
1738.3	0.0750701
1740.89	-3.92243
1743.49	12.0802
1746.08	2.083
1748.67	0.0859317
1751.26	10.089
1753.86	12.0922
1756.45	6.09561
1759.03	2.09913
1761.62	4.10281
1764.21	10.1066
1766.8	2.1106
1769.38	6.11473
1771.97	6.11901
1774.55	4.12343
1777.13	8.12802
1779.71	8.13276
1782.29	8.13765
1784.87	14.1427
1787.45	14.1479
1790.03	4.15326
1792.61	10.1588
1795.18	-1.83554
1797.76	26.1703
1800.33	2.17629
1802.9	4.18245
1805.48	8.18877
1808.05	-1.80475
1810.62	10.2019
1813.19	2.2087
1815.76	8.21567
1818.33	6.22281
1820.89	24.2301
1823.46	8.23758
1826.02	24.2452
1828.59	24.253
1831.15	6.26098
1833.71	12.2691
1836.27	14.2774
1838.84	12.2859
1841.39	6.29456
1843.95	16.3034
1846.51	10.3124
1849.07	12.3215
1851.62	10.3309
1854.18	4.34039
1856.73	6.35007
1859.29	14.3599
1861.84	6.36997
1864.39	22.3802
1866.94	4.39058
1869.49	0.401154
1872.04	22.4119
1874.59	20.4228
1877.13	4.43394
1879.68	6.44522
1882.22	4.4567
1884.77	8.46835
1887.31	2.48018
1889.85	0.492204
1892.39	2.5044
1894.93	2.51679
1897.47	6.52936
1900.01	12.5421
1902.55	6.55506
1905.09	2.56819
1907.62	8.58151
1910.16	12.595
1912.69	10.6087
1915.22	8.62259
1917.76	10.6367
1920.29	6.65093
1922.82	4.66538
1925.35	4.68004
1927.88	20.6949
1930.4	8.70991
1932.93	-1.27487
1935.46	8.74055
1937.98	28.7562
1940.51	12.772
1943.03	4.78799
1945.55	4.80419
1948.07	-5.1794
1950.59	12.8372
1953.11	10.854
1955.63	0.870991
1958.15	12.8882
1960.67	2.90558
1963.18	6.92318
1965.7	10.941
1968.21	-5.04102
1970.73	28.9772
1973.24	18.9956
1975.75	15.0142
1978.26	15.033
1980.77	-2.94796
1983.28	1.07127
1985.79	9.0907
1988.29	15.1103
1990.8	7.13019
1993.31	9.15025
1995.81	-12.8295
1998.31	13.191
