100.093	14.4989
103.274	12.5661
106.457	-1.36704
109.636	18.6995
112.817	24.7659
115.994	14.8319
119.172	0.897745
122.347	6.96325
125.521	-4.97152
128.696	11.0935
131.868	13.1582
135.039	17.2226
138.209	11.2868
141.379	-2.64927
144.547	17.4144
147.713	3.47773
150.879	9.54084
154.043	-4.39632
157.206	3.66626
160.368	7.72858
163.529	9.79063
166.689	-10.1476
169.848	11.914
173.006	3.97523
176.163	16.0362
179.316	18.097
182.471	14.1574
185.625	8.21768
188.777	0.277657
191.927	0.337335
195.077	10.3968
198.224	24.456
201.372	2.51491
204.52	0.573606
207.664	12.632
210.809	12.6902
213.95	2.74808
217.091	8.80572
220.233	0.863143
223.372	12.9203
226.509	14.9772
229.648	9.03382
232.784	9.0902
235.918	15.1463
239.051	1.20221
242.186	3.25787
245.317	5.31325
248.447	-0.631619
251.577	-0.576736
254.705	19.4779
257.832	-4.46771
260.958	7.58643
264.083	19.6403
267.204	13.6939
270.327	17.7473
273.449	5.8005
276.57	17.8534
279.69	15.9061
282.806	9.95848
285.924	12.0107
289.04	30.0626
292.154	0.114277
295.268	4.16574
298.379	10.2169
301.492	2.2679
304.601	4.31861
307.711	0.369106
310.818	2.41933
313.924	16.4693
317.031	8.51911
320.135	14.5686
323.238	14.6179
326.34	18.6669
329.443	8.71577
332.543	10.7643
335.642	14.8127
338.74	18.8608
341.836	20.9086
344.932	0.956265
348.027	13.0037
351.12	7.05083
354.213	13.0978
357.302	9.14443
360.393	9.1909
363.482	1.23714
366.57	3.28314
369.656	-0.671111
372.742	23.3744
375.827	15.4198
378.91	13.4648
381.993	11.5097
385.073	23.5543
388.154	11.5987
391.232	5.64284
394.311	11.6868
397.387	15.7305
400.462	9.77396
403.536	5.81721
406.611	3.86026
409.683	3.90306
412.754	5.94564
415.824	-2.01201
418.893	2.03012
421.961	8.07203
425.027	6.11371
428.093	18.1552
431.158	2.19642
434.222	6.23744
437.284	10.2782
440.346	8.31883
443.407	8.3592
446.464	4.39931
449.523	4.43924
452.581	8.47895
455.635	-5.48158
458.691	6.55769
461.743	10.5967
464.797	2.63557
467.847	2.67417
470.899	2.71258
473.947	2.75075
476.994	10.7887
480.043	2.82648
483.088	12.864
486.133	22.9013
489.176	20.9384
492.22	20.9753
495.262	3.01203
498.302	13.0485
501.341	21.0848
504.38	15.1208
507.417	17.1566
510.453	17.1923
513.487	3.22767
516.521	9.26288
519.554	-14.7021
522.586	-6.66732
525.616	11.3672
528.646	5.40162
531.675	1.4358
534.701	21.4697
537.729	1.5035
540.753	5.53704
543.778	-6.42961
546.8	-4.39648
549.821	13.6364
552.844	11.6692
555.863	-10.2983
558.881	9.73401
561.898	1.76612
564.916	-0.201954
567.932	11.8298
570.946	-0.138742
573.959	9.89256
576.971	13.9237
579.982	11.9546
582.993	3.98528
586	-1.98423
589.008	-1.95393
592.015	8.07618
595.022	14.1061
598.025	2.13579
601.029	18.1653
604.032	12.1946
607.033	2.22374
610.034	4.25267
613.032	6.28138
616.032	-9.69008
619.028	6.33825
622.023	12.3664
625.018	6.39432
628.013	12.4221
631.005	14.4496
633.997	8.477
636.987	16.5042
639.977	0.53114
642.965	18.5579
645.952	0.584519
648.939	6.61092
651.924	2.63714
654.909	6.66316
657.892	6.689
660.873	4.71463
663.854	6.74008
666.835	-5.23465
669.813	6.79042
672.791	-7.18469
675.767	-3.15999
678.743	-1.13547
681.717	-1.11115
684.692	14.913
687.664	2.93694
690.634	4.96071
693.606	4.9843
696.575	7.0077
699.543	17.0309
702.51	1.05394
705.475	13.0768
708.44	7.09944
711.404	11.1219
714.367	19.1442
717.329	-6.83366
720.29	5.18828
723.25	1.21003
726.207	13.2316
729.166	23.253
732.123	21.2742
735.077	17.2952
738.032	-6.68391
740.984	9.33675
743.938	1.35726
746.888	11.3776
749.839	9.39771
752.788	9.41767
755.735	1.43745
758.682	15.4571
761.627	3.47649
764.574	7.49575
767.517	5.51483
770.46	1.53374
773.402	1.55247
776.342	5.57102
779.282	17.5894
782.219	11.6076
785.157	17.6256
788.094	15.6435
791.029	3.6612
793.962	13.6787
796.896	9.69606
799.828	11.7132
802.76	13.7302
805.689	19.7471
808.619	7.76374
811.546	7.78023
814.473	9.79655
817.4	7.81271
820.324	31.8287
823.248	3.84451
826.17	17.8602
829.092	35.8756
832.012	-0.109049
834.932	23.9061
837.851	5.92108
840.768	25.9359
843.685	1.95055
846.599	1.96502
849.514	17.9793
852.428	13.9935
855.339	20.0075
858.251	24.0213
861.16	18.035
864.07	12.0485
866.978	10.0618
869.884	-3.92502
872.792	6.088
875.696	10.1008
878.599	4.11353
881.502	8.12606
884.404	2.13842
887.304	6.15063
890.204	10.1627
893.103	12.1746
896.001	4.18629
898.898	0.197857
901.794	12.2093
904.689	2.22052
907.581	14.2316
910.474	4.24255
913.364	8.25332
916.256	18.2639
919.144	12.2744
922.034	16.2847
924.92	4.29487
927.808	0.304876
930.693	12.3147
933.576	2.3244
936.459	0.333937
939.341	12.3433
942.222	20.3525
945.102	-1.63839
947.981	20.3705
950.859	18.3793
953.737	-3.61208
956.613	12.3964
959.488	10.4047
962.361	20.4129
965.235	8.42086
968.105	14.4287
970.977	0.436431
973.846	22.444
976.716	10.4514
979.583	16.4587
982.449	0.465767
985.316	2.47273
988.18	4.47955
991.043	-3.51379
993.906	10.4927
996.767	20.4991
999.628	8.50533
1002.49	6.51141
1005.35	16.5173
1008.2	-1.47687
1011.06	12.5288
1013.91	12.5343
1016.77	10.5396
1019.62	0.54482
1022.48	20.5499
1025.33	18.5548
1028.18	12.5596
1031.03	16.5642
1033.87	8.5687
1036.72	12.573
1039.57	6.57725
1042.41	14.5813
1045.26	4.58523
1048.1	26.589
1050.94	0.592653
1053.78	16.5962
1056.62	8.59951
1059.46	20.6027
1062.3	14.6058
1065.14	16.6087
1067.97	28.6115
1070.81	-5.38579
1073.64	16.6167
1076.47	8.61912
1079.31	16.6214
1082.14	10.6235
1084.97	14.6255
1087.8	4.62729
1090.63	12.629
1093.45	20.6306
1096.28	18.632
1099.1	16.6333
1101.93	16.6344
1104.75	2.63547
1107.57	14.6364
1110.39	4.63712
1113.21	12.6377
1116.03	10.6382
1118.85	6.63858
1121.66	10.6388
1124.48	18.6389
1127.3	10.6389
1130.11	12.6387
1132.92	6.63838
1135.73	18.6379
1138.54	16.6374
1141.35	16.6367
1144.16	28.6358
1146.97	14.6349
1149.78	-1.3662
1152.58	20.6326
1155.39	14.6312
1158.19	-1.37024
1161	4.62816
1163.8	12.6264
1166.6	16.6246
1169.4	4.62258
1172.2	6.62046
1174.99	8.61822
1177.79	26.6159
1180.59	-3.38664
1183.38	20.6107
1186.17	8.60799
1188.97	8.60512
1191.76	8.60213
1194.55	10.599
1197.34	-1.40424
1200.13	20.5924
1202.92	12.5889
1205.7	4.58528
1208.49	12.5815
1211.27	4.57767
1214.06	16.5737
1216.84	-1.43042
1219.62	10.5653
1222.4	12.561
1225.18	8.55652
1227.96	6.55192
1230.74	6.5472
1233.51	-5.45763
1236.29	18.5374
1239.06	18.5323
1241.84	10.5271
1244.61	16.5218
1247.38	12.5164
1250.15	-1.48917
1252.92	18.5052
1255.69	8.49937
1258.46	20.4935
1261.23	0.48743
1263.99	16.4813
1266.76	6.47502
1269.52	8.46865
1272.28	4.46215
1275.05	18.4555
1277.81	-1.55119
1280.57	8.44197
1283.33	18.435
1286.08	10.4279
1288.84	8.42075
1291.6	8.41345
1294.35	4.40603
1297.11	16.3985
1299.86	18.3909
1302.61	16.3831
1305.36	-5.62477
1308.11	18.3672
1310.86	8.35915
1313.61	-1.64906
1316.36	18.3426
1319.1	4.33419
1321.85	18.3256
1324.59	24.317
1327.33	0.308229
1330.08	10.2994
1332.82	10.2904
1335.56	20.2813
1338.3	20.2721
1341.04	10.2628
1343.77	22.2533
1346.51	8.2438
1349.25	8.23415
1351.98	26.2244
1354.71	12.2145
1357.45	8.20458
1360.18	2.19451
1362.91	6.18432
1365.64	10.174
1368.37	-3.83636
1371.09	4.15314
1373.82	2.14253
1376.54	10.1318
1379.27	10.121
1381.99	16.1101
1384.72	2.09905
1387.44	12.0879
1390.16	6.07668
1392.88	4.06534
1395.6	-5.94611
1398.31	8.04235
1401.03	16.0307
1403.75	16.0189
1406.46	4.00707
1409.18	-16.0049
1411.89	1.98305
1414.6	3.97088
1417.31	3.95862
1420.02	5.94625
1422.73	11.9338
1425.44	19.9212
1428.15	9.90854
1430.85	9.89576
1433.56	13.8829
1436.26	15.8699
1438.97	7.85684
1441.67	-14.1563
1444.37	15.8304
1447.07	23.817
1449.77	13.8036
1452.47	15.79
1455.16	15.7763
1457.86	-0.237434
1460.56	1.7487
1463.25	11.7347
1465.94	11.7207
1468.64	13.7065
1471.33	1.69229
1474.02	5.67794
1476.71	1.6635
1479.4	7.64896
1482.09	1.63433
1484.77	3.6196
1487.46	13.6048
1490.14	7.58986
1492.83	1.57485
1495.51	7.55974
1498.19	3.54454
1500.87	27.5293
1503.55	7.51386
1506.23	-0.501621
1508.91	-0.51719
1511.59	15.4671
1514.27	3.45138
1516.94	1.43553
1519.62	31.4196
1522.29	11.4035
1524.96	7.38742
1527.63	3.37121
1530.3	25.3549
1532.97	9.33849
1535.64	17.322
1538.31	-2.69458
1540.98	3.28876
1543.64	1.27199
1546.31	5.25515
1548.97	15.2382
1551.63	19.2212
1554.3	15.2041
1556.96	15.1869
1559.62	7.16956
1562.28	5.15218
1564.94	11.1347
1567.59	9.11715
1570.25	3.0995
1572.9	13.0818
1575.56	9.06395
1578.21	-6.95395
1580.86	19.0281
1583.52	-6.99003
1586.17	8.99181
1588.82	10.9736
1591.47	28.9552
1594.11	16.9368
1596.76	12.9183
1599.41	4.89972
1602.05	16.881
1604.69	6.86229
1607.34	4.84344
1609.98	12.8245
1612.62	6.8055
1615.26	8.7864
1617.9	12.7672
1620.54	10.748
1623.18	6.72864
1625.81	8.7092
1628.45	16.6897
1631.08	8.67012
1633.72	2.65045
1636.35	18.6307
1638.98	6.61087
1641.61	14.591
1644.24	10.571
1646.87	8.55089
1649.5	8.53073
1652.13	16.5105
1654.75	-5.50982
1657.38	10.4698
1660	10.4493
1662.63	2.42877
1665.25	10.4081
1667.87	10.3874
1670.49	0.366637
1673.11	14.3458
1675.73	12.3248
1678.35	8.3038
1680.96	8.2827
1683.58	10.2615
1686.19	-3.75972
1688.81	20.2189
1691.42	0.197545
1694.03	10.1761
1696.64	4.1545
1699.25	22.1329
1701.87	-7.88885
1704.47	14.0894
1707.08	18.0675
1709.69	10.0456
1712.29	24.0236
1714.9	10.0015
1717.5	-2.02068
1720.1	3.95708
1722.71	9.93476
1725.31	9.91239
1727.91	-4.11007
1730.51	9.8674
1733.1	-0.155192
1735.7	1.82212
1738.3	17.7994
1740.89	9.77656
1743.49	17.7537
1746.08	7.7307
1748.67	5.70766
1751.26	15.6846
1753.86	9.66139
1756.45	3.63813
1759.03	3.61482
1761.62	-4.40858
1764.21	1.56797
1766.8	5.54444
1769.38	13.5208
1771.97	11.4972
1774.55	13.4734
1777.13	1.44961
1779.71	9.42573
1782.29	13.4018
1784.87	15.3778
1787.45	5.35368
1790.03	17.3295
1792.61	13.3053
1795.18	13.281
1797.76	7.25666
1800.33	25.2322
1802.9	13.2077
1805.48	7.18319
1808.05	19.1586
1810.62	13.1339
1813.19	-0.890887
1815.76	13.0843
1818.33	27.0594
1820.89	11.0344
1823.46	9.00941
1826.02	16.9843
1828.59	6.95917
1831.15	-1.06604
1833.71	-3.09134
1836.27	18.8833
1838.84	14.8579
1841.39	16.8324
1843.95	16.8069
1846.51	6.78129
1849.07	12.7556
1851.62	10.7299
1854.18	12.7041
1856.73	22.6782
1859.29	6.65232
1861.84	10.6263
1864.39	0.600306
1866.94	10.5742
1869.49	20.548
1872.04	2.52179
1874.59	6.4955
1877.13	4.46914
1879.68	4.44275
1882.22	4.41627
1884.77	6.38972
1887.31	8.36314
1889.85	4.33647
1892.39	10.3098
1894.93	6.28299
1897.47	-1.74386
1900.01	6.22925
1902.55	18.2023
1905.09	10.1753
1907.62	8.14821
1910.16	26.1211
1912.69	-9.9061
1915.22	6.06664
1917.76	18.0393
1920.29	10.012
1922.82	9.98456
1925.35	13.9571
1927.88	13.9295
1930.4	13.9019
1932.93	-6.12571
1935.46	13.8466
1937.98	1.81881
1940.51	-2.20901
1943.03	11.7631
1945.55	11.7352
1948.07	1.70719
1950.59	3.67915
1953.11	21.651
1955.63	3.62289
1958.15	15.5947
1960.67	7.56642
1963.18	9.5381
1965.7	21.5097
1968.21	3.48129
1970.73	-0.547194
1973.24	5.42426
1975.75	15.3957
1978.26	5.36703
1980.77	11.3383
1983.28	7.30958
1985.79	5.28078
1988.29	-8.74807
1990.8	1.223
1993.31	21.194
1995.81	13.165
1998.31	13.136
