100.093	14.6464
103.274	16.7233
106.457	10.7998
109.636	14.8759
112.817	14.9517
115.994	15.027
119.172	33.102
122.347	25.1766
125.521	21.2507
128.696	9.32457
131.868	1.39798
135.039	13.471
138.209	19.5436
141.379	11.616
144.547	1.68785
147.713	1.75937
150.879	19.8305
154.043	9.90127
157.206	3.97166
160.368	10.0417
163.529	4.11132
166.689	18.1806
169.848	0.249507
173.006	8.31804
176.163	4.38621
179.316	10.454
182.471	6.52141
185.625	12.5885
188.777	0.655194
191.927	-7.2785
195.077	20.7875
198.224	-3.14694
201.372	0.918327
204.52	10.9832
207.664	17.0477
210.809	11.1119
213.95	13.1757
217.091	11.2392
220.233	13.3023
223.372	-4.63498
226.509	11.4274
229.648	23.4895
232.784	3.55114
235.918	11.6125
239.051	23.6735
242.186	13.7341
245.317	9.79441
248.447	-2.14564
251.577	15.914
254.705	17.9732
257.832	4.03212
260.958	16.0907
264.083	14.1489
267.204	4.20677
270.327	8.26433
273.449	22.3215
276.57	16.3784
279.69	10.435
282.806	0.491127
285.924	20.547
289.04	-1.39746
292.154	10.6577
295.268	24.7126
298.379	12.7671
301.492	12.8213
304.601	10.8752
307.711	4.92872
310.818	4.98192
313.924	13.0348
317.031	11.0874
320.135	5.13959
323.238	-4.80851
326.34	27.2431
329.443	19.2944
332.543	-0.654703
335.642	13.3959
338.74	9.44621
341.836	3.4962
344.932	15.5459
348.027	19.5952
351.12	9.64424
354.213	7.69296
357.302	19.7413
360.393	-2.21057
363.482	7.83722
366.57	13.8847
369.656	5.93182
372.742	9.97868
375.827	8.02523
378.91	-1.92856
381.993	18.1174
385.073	18.163
388.154	20.2083
391.232	12.2533
394.311	8.29801
397.387	20.3424
400.462	12.3865
403.536	24.4303
406.611	14.4738
409.683	-1.48302
412.754	32.5599
415.824	10.6025
418.893	10.6448
421.961	8.68678
425.027	14.7285
428.093	-3.23009
431.158	6.81104
434.222	16.8519
437.284	4.89242
440.346	-1.06732
443.407	-1.02735
446.464	1.01231
449.523	3.0517
452.581	3.09081
455.635	17.1296
458.691	-12.8319
461.743	15.2064
464.797	9.24435
467.847	11.282
470.899	7.31942
473.947	9.35652
476.994	7.39335
480.043	-4.57008
483.088	-8.53381
486.133	27.5022
489.176	17.5379
492.22	-0.426636
495.262	25.6085
498.302	3.64342
501.341	13.678
504.38	-0.287606
507.417	15.7465
510.453	7.78028
513.487	15.8138
516.521	9.84707
519.554	7.88007
522.586	11.9128
525.616	1.94525
528.646	17.9775
531.675	6.00939
534.701	0.0410472
537.729	-7.92754
540.753	14.1036
543.778	0.134479
546.8	6.16509
549.821	12.1954
552.844	4.22554
555.863	12.2554
558.881	6.28495
561.898	24.3143
564.916	10.3434
567.932	0.372158
570.946	6.40071
573.959	6.42901
576.971	8.45706
579.982	22.4849
582.993	4.5124
586	-3.46032
589.008	8.56672
592.015	18.5935
595.022	-5.37993
598.025	2.64635
601.029	18.6724
604.032	10.6982
607.033	6.72377
610.034	14.7491
613.032	26.7742
616.032	6.79899
619.028	4.82357
622.023	10.8479
625.018	14.872
628.013	6.89588
631.005	2.9195
633.997	10.9429
636.987	0.966024
639.977	6.98893
642.965	17.0116
645.952	3.03405
648.939	15.0563
651.924	11.0782
654.909	1.09996
657.892	-0.87853
660.873	19.1427
663.854	23.1638
666.835	11.1846
669.813	7.20517
672.791	-2.77447
675.767	9.24565
678.743	7.26556
681.717	1.28523
684.692	17.3047
687.664	9.3239
690.634	15.3429
693.606	17.3617
696.575	13.3802
699.543	21.3986
702.51	19.4167
705.475	17.4346
708.44	5.45223
711.404	11.4697
714.367	13.4869
717.329	3.50394
720.29	3.52074
723.25	21.5373
726.207	11.5537
729.166	13.5698
732.123	-2.41421
735.077	7.60151
738.032	-2.38297
740.984	1.63233
743.938	-0.352574
746.888	21.6623
749.839	7.67698
752.788	19.6914
755.735	19.7057
758.682	25.7197
761.627	9.73359
764.574	11.7472
767.517	15.7607
770.46	13.7739
773.402	13.7869
776.342	3.79974
779.282	13.8124
782.219	19.8248
785.157	15.837
788.094	5.849
791.029	5.86082
793.962	1.87244
796.896	17.8839
799.828	17.8951
802.76	5.90611
805.689	13.9169
808.619	5.92757
811.546	13.938
814.473	25.9483
817.4	13.9583
820.324	23.9682
823.248	25.9778
826.17	5.98732
829.092	15.9966
832.012	14.0057
834.932	8.01461
837.851	18.0233
840.768	8.03187
843.685	14.0402
846.599	12.0484
849.514	10.0563
852.428	16.0641
855.339	18.0717
858.251	14.0792
861.16	10.0864
864.07	22.0934
866.978	20.1003
869.884	22.107
872.792	12.1135
875.696	2.11986
878.599	14.126
881.502	10.132
884.404	2.13779
887.304	26.1434
890.204	6.14885
893.103	18.1541
896.001	14.1592
898.898	12.1641
901.794	10.1689
904.689	16.1735
907.581	14.1779
910.474	10.1821
913.364	22.1861
916.256	14.19
919.144	-7.80625
922.034	-1.8027
924.92	8.20068
927.808	14.2039
930.693	4.20694
933.576	8.20981
936.459	4.21253
939.341	20.2151
942.222	12.2175
945.102	6.21968
947.981	18.2217
950.859	8.22363
953.737	2.22536
956.613	14.2269
959.488	6.22834
962.361	8.22958
965.235	14.2307
968.105	6.2316
970.977	2.23238
973.846	16.233
976.716	22.2334
979.583	20.2337
982.449	20.2339
985.316	14.2339
988.18	8.23372
991.043	-3.7666
993.906	18.2329
996.767	22.2323
999.628	16.2315
1002.49	16.2306
1005.35	12.2295
1008.2	32.2283
1011.06	12.2269
1013.91	22.2254
1016.77	22.2237
1019.62	14.2219
1022.48	22.2199
1025.33	8.21781
1028.18	16.2155
1031.03	16.2131
1033.87	0.210583
1036.72	16.2079
1039.57	22.205
1042.41	6.20206
1045.26	-5.80106
1048.1	20.1957
1050.94	0.192262
1053.78	16.1887
1056.62	8.18502
1059.46	8.1812
1062.3	16.1772
1065.14	12.1731
1067.97	4.16888
1070.81	8.1645
1073.64	10.16
1076.47	10.1553
1079.31	10.1505
1082.14	22.1456
1084.97	0.14057
1087.8	2.13538
1090.63	14.1301
1093.45	8.12461
1096.28	26.119
1099.1	10.1133
1101.93	18.1075
1104.75	10.1015
1107.57	20.0954
1110.39	4.08914
1113.21	8.08278
1116.03	22.0763
1118.85	2.06967
1121.66	-5.93708
1124.48	16.056
1127.3	12.0491
1130.11	10.0419
1132.92	4.03469
1135.73	12.0273
1138.54	8.01983
1141.35	0.0122165
1144.16	16.0045
1146.97	11.9966
1149.78	11.9886
1152.58	25.9805
1155.39	7.97233
1158.19	5.96399
1161	21.9555
1163.8	31.947
1166.6	1.93826
1169.4	-4.07055
1172.2	9.92053
1174.99	9.91148
1177.79	-0.0976701
1180.59	17.8931
1183.38	27.8837
1186.17	-4.12583
1188.97	-0.135439
1191.76	21.8548
1194.55	3.845
1197.34	-4.16495
1200.13	13.825
1202.92	7.81482
1205.7	3.80455
1208.49	15.7942
1211.27	-12.2163
1214.06	17.7731
1216.84	13.7623
1219.62	-2.24848
1222.4	19.7406
1225.18	13.7296
1227.96	1.71842
1230.74	15.7072
1233.51	5.69582
1236.29	3.68437
1239.06	19.6728
1241.84	7.66115
1244.61	19.6494
1247.38	11.6375
1250.15	3.62557
1252.92	21.6135
1255.69	25.6013
1258.46	9.58907
1261.23	17.5767
1263.99	19.5642
1266.76	5.55167
1269.52	15.539
1272.28	9.52626
1275.05	-4.4866
1277.81	5.50046
1280.57	-0.512589
1283.33	9.47427
1286.08	3.46104
1288.84	21.4477
1291.6	5.43428
1294.35	-2.57924
1297.11	21.4072
1299.86	3.39346
1302.61	11.3797
1305.36	1.36578
1308.11	17.3518
1310.86	13.3377
1313.61	1.3236
1316.36	3.30935
1319.1	13.295
1321.85	11.2806
1324.59	1.26609
1327.33	5.2515
1330.08	-2.76318
1332.82	1.22205
1335.56	13.2072
1338.3	17.1923
1341.04	5.17725
1343.77	13.1621
1346.51	17.147
1349.25	11.1317
1351.98	9.11633
1354.71	1.10088
1357.45	21.0854
1360.18	5.06977
1362.91	7.05408
1365.64	3.03832
1368.37	1.02248
1371.09	9.00656
1373.82	8.99056
1376.54	10.9745
1379.27	12.9583
1381.99	10.9421
1384.72	2.92579
1387.44	6.90941
1390.16	14.8929
1392.88	-3.12359
1395.6	10.8598
1398.31	14.8431
1401.03	10.8264
1403.75	16.8095
1406.46	-3.20739
1409.18	-1.22437
1411.89	-3.24142
1414.6	16.7415
1417.31	6.72427
1420.02	22.707
1422.73	12.6897
1425.44	16.6723
1428.15	12.6548
1430.85	16.6372
1433.56	10.6196
1436.26	24.6019
1438.97	0.584207
1441.67	16.5664
1444.37	6.54852
1447.07	10.5306
1449.77	16.5126
1452.47	-1.50551
1455.16	6.47634
1457.86	0.458135
1460.56	16.4399
1463.25	14.4215
1465.94	10.4031
1468.64	24.3847
1471.33	2.36616
1474.02	20.3476
1476.71	2.32893
1479.4	4.31022
1482.09	4.29146
1484.77	8.27264
1487.46	20.2538
1490.14	14.2348
1492.83	2.21581
1495.51	2.19675
1498.19	10.1776
1500.87	14.1585
1503.55	-7.86076
1506.23	16.1199
1508.91	-1.89939
1511.59	16.0812
1514.27	10.0618
1516.94	6.04225
1519.62	12.0227
1522.29	14.0031
1524.96	-2.01659
1527.63	-6.03631
1530.3	-8.05609
1532.97	13.9241
1535.64	-4.09579
1538.31	-6.11572
1540.98	5.86431
1543.64	3.84427
1546.31	-4.1758
1548.97	9.80407
1551.63	11.7839
1554.3	11.7637
1556.96	-0.256604
1559.62	11.7231
1562.28	17.7027
1564.94	13.6823
1567.59	5.66184
1570.25	1.64133
1572.9	3.62077
1575.56	5.60017
1578.21	9.57954
1580.86	1.55885
1583.52	-0.46189
1586.17	15.5173
1588.82	9.49652
1591.47	5.47566
1594.11	13.4548
1596.76	17.4338
1599.41	11.4128
1602.05	7.39181
1604.69	-0.629257
1607.34	11.3496
1609.98	7.32848
1612.62	17.3073
1615.26	11.2861
1617.9	3.26481
1620.54	15.2435
1623.18	-0.777835
1625.81	15.2008
1628.45	9.17937
1631.08	7.15792
1633.72	13.1364
1636.35	7.11491
1638.98	7.09335
1641.61	5.07176
1644.24	9.05013
1646.87	1.02846
1649.5	9.00676
1652.13	14.985
1654.75	10.9633
1657.38	-5.05852
1660	0.919648
1662.63	4.89779
1665.25	10.8759
1667.87	14.854
1670.49	8.83202
1673.11	14.81
1675.73	4.78802
1678.35	10.766
1680.96	2.74391
1683.58	14.7218
1686.19	4.69968
1688.81	6.67752
1691.42	18.6553
1694.03	4.63312
1696.64	8.61089
1699.25	4.58863
1701.87	-1.43368
1704.47	4.54401
1707.08	20.5217
1709.69	-3.5007
1712.29	28.4769
1714.9	4.45449
1717.5	12.4321
1720.1	-3.59041
1722.71	0.387095
1725.31	2.36459
1727.91	2.34205
1730.51	2.3195
1733.1	16.2969
1735.7	6.27432
1738.3	12.2517
1740.89	10.2291
1743.49	30.2064
1746.08	8.18373
1748.67	-5.83897
1751.26	2.13833
1753.86	16.1156
1756.45	4.09282
1759.03	2.07006
1761.62	6.04726
1764.21	-3.97554
1766.8	10.0016
1769.38	11.9788
1771.97	-4.04407
1774.55	7.93306
1777.13	11.9102
1779.71	13.8873
1782.29	3.86436
1784.87	-2.15857
1787.45	15.8185
1790.03	11.7955
1792.61	-0.227457
1795.18	7.74956
1797.76	5.72655
1800.33	-0.296453
1802.9	19.6805
1805.48	13.6575
1808.05	5.63445
1810.62	-2.38861
1813.19	3.58832
1815.76	3.56524
1818.33	7.54215
1820.89	7.51904
1823.46	1.49595
1826.02	15.4728
1828.59	3.4497
1831.15	25.4266
1833.71	15.4034
1836.27	9.38028
1838.84	5.35713
1841.39	19.334
1843.95	9.3108
1846.51	-0.712381
1849.07	19.2645
1851.62	9.24126
1854.18	5.21806
1856.73	9.19488
1859.29	21.1717
1861.84	11.1485
1864.39	-0.874735
1866.94	3.10204
1869.49	15.0788
1872.04	11.0556
1874.59	5.03239
1877.13	9.00917
1879.68	-1.01404
1882.22	0.962727
1884.77	10.9395
1887.31	0.916277
1889.85	12.893
1892.39	-1.13018
1894.93	12.8466
1897.47	8.82336
1900.01	10.8001
1902.55	14.7769
1905.09	4.75368
1907.62	2.73046
1910.16	6.70725
1912.69	4.68403
1915.22	0.660807
1917.76	0.637605
1920.29	4.61439
1922.82	-9.40881
1925.35	0.567976
1927.88	14.5448
1930.4	12.5216
1932.93	16.4984
1935.46	16.4752
1937.98	6.45204
1940.51	-1.57113
1943.03	2.4057
1945.55	-3.61745
1948.07	8.3594
1950.59	-7.66374
1953.11	16.3131
1955.63	12.29
1958.15	6.26687
1960.67	-1.75624
1963.18	6.22066
1965.7	10.1976
1968.21	4.17447
1970.73	-15.8486
1973.24	4.12832
1975.75	8.10527
1978.26	12.0822
1980.77	10.0592
1983.28	8.03616
1985.79	4.01315
1988.29	7.99015
1990.8	17.9671
1993.31	5.94417
1995.81	5.9212
1998.31	3.89827
