100.093	24.3312
103.274	26.296
106.457	38.2612
109.636	14.2267
112.817	18.1926
115.994	14.1589
119.172	4.12557
122.347	12.0926
125.521	26.06
128.696	18.0278
131.868	3.99594
135.039	15.9644
138.209	17.9333
141.379	13.9025
144.547	9.87213
147.713	15.8421
150.879	17.8124
154.043	-0.216956
157.206	17.7541
160.368	1.72542
163.529	15.6971
166.689	11.6692
169.848	-2.35841
173.006	29.6143
176.163	13.5874
179.316	1.56086
182.471	17.5346
185.625	3.50873
188.777	1.48317
191.927	9.45795
195.077	13.4331
198.224	3.4085
201.372	15.3843
204.52	17.3604
207.664	-6.66322
210.809	11.3135
213.95	1.29058
217.091	13.268
220.233	13.2457
223.372	11.2237
226.509	-0.797965
229.648	19.1807
232.784	13.1596
235.918	-2.86109
239.051	13.1185
242.186	7.09837
245.317	11.0786
248.447	9.05907
251.577	5.03987
254.705	15.021
257.832	11.0024
260.958	20.9841
264.083	20.966
267.204	2.94834
270.327	12.9309
273.449	16.9138
276.57	20.8969
279.69	-5.11962
282.806	14.8641
285.924	8.84813
289.04	14.8324
292.154	12.817
295.268	12.8019
298.379	8.78701
301.492	16.7724
304.601	20.7581
307.711	12.7441
310.818	16.7303
313.924	2.71681
317.031	12.7036
320.135	12.6906
323.238	10.6779
326.34	8.66549
329.443	4.65332
332.543	20.6414
335.642	8.62976
338.74	8.61837
341.836	-3.39277
344.932	8.59635
348.027	12.5857
351.12	6.57534
354.213	26.5652
357.302	18.5553
360.393	8.54571
363.482	8.53632
366.57	10.5272
369.656	12.5183
372.742	22.5096
375.827	8.50119
378.91	-7.50698
381.993	2.48507
385.073	6.47736
388.154	-1.53012
391.232	6.46263
394.311	14.4556
397.387	16.4488
400.462	-1.55773
403.536	4.43593
406.611	-1.57018
409.683	0.423933
412.754	-7.58173
415.824	18.4128
418.893	2.40759
421.961	14.4026
425.027	12.3978
428.093	0.393205
431.158	14.3888
434.222	16.3847
437.284	20.3807
440.346	-7.62301
443.407	6.37345
446.464	8.37013
449.523	8.367
452.581	-3.63592
455.635	10.3614
458.691	10.3588
461.743	12.3565
464.797	6.35438
467.847	16.3525
470.899	14.3507
473.947	24.3492
476.994	2.34781
480.043	10.3466
483.088	0.345672
486.133	8.34488
489.176	8.34428
492.22	10.3439
495.262	10.3436
498.302	4.34356
501.341	-1.65632
504.38	8.34398
507.417	8.34446
510.453	-3.65489
513.487	-3.65406
516.521	-1.65306
519.554	8.34811
522.586	10.3494
525.616	22.351
528.646	-5.64736
531.675	-11.6455
534.701	10.3565
537.729	4.35866
540.753	2.36099
543.778	-17.6365
546.8	12.3661
549.821	34.3689
552.844	0.371907
555.863	2.37503
558.881	-1.6217
561.898	-3.61827
564.916	6.38531
567.932	0.389034
570.946	-1.60709
573.959	8.39693
576.971	6.4011
579.982	6.40541
582.993	10.4099
586	6.41446
589.008	8.4192
592.015	16.4241
595.022	16.4291
598.025	4.43424
601.029	0.439532
604.032	2.44495
607.033	4.4505
610.034	6.45619
613.032	4.462
616.032	6.46795
619.028	6.47401
622.023	-1.51979
625.018	10.4865
628.013	6.49297
631.005	22.4995
633.997	0.506226
636.987	-3.48697
639.977	6.51996
642.965	24.527
645.952	10.5342
648.939	-5.45857
651.924	8.54881
654.909	6.55631
657.892	4.56392
660.873	10.5716
663.854	10.5795
666.835	6.5874
669.813	8.59544
672.791	12.6036
675.767	6.61182
678.743	10.6202
681.717	14.6286
684.692	4.63718
687.664	2.64582
690.634	10.6546
693.606	6.66341
696.575	-1.32766
699.543	10.6814
702.51	2.69049
705.475	14.6997
708.44	0.709004
711.404	2.71839
714.367	6.72787
717.329	-9.26256
720.29	4.74709
723.25	6.75682
726.207	6.76663
729.166	12.7765
732.123	14.7865
735.077	14.7966
738.032	8.80669
740.984	10.8169
743.938	4.82719
746.888	-9.16246
749.839	2.84798
752.788	16.8585
755.735	2.86905
758.682	14.8797
761.627	28.8904
764.574	6.90119
767.517	6.91204
770.46	6.92295
773.402	20.9339
776.342	12.945
779.282	8.95606
782.219	10.9672
785.157	16.9784
788.094	-1.0103
791.029	15.001
793.962	9.01242
796.896	15.0239
799.828	17.0354
802.76	11.0469
805.689	13.0585
808.619	5.07015
811.546	5.08185
814.473	15.0936
817.4	11.1054
820.324	15.1172
823.248	3.1291
826.17	19.141
829.092	9.15299
832.012	3.16499
834.932	9.17704
837.851	5.18912
840.768	15.2012
843.685	15.2134
846.599	31.2256
849.514	11.2378
852.428	19.2501
855.339	-4.73762
858.251	-2.72529
861.16	5.28706
864.07	15.2994
866.978	19.3119
869.884	3.32429
872.792	9.33676
875.696	19.3492
878.599	3.36176
881.502	1.37429
884.404	3.38684
887.304	3.39942
890.204	-6.58799
893.103	5.42462
896.001	11.4373
898.898	11.4499
901.794	15.4626
904.689	21.4752
907.581	5.48792
910.474	5.50062
913.364	7.51332
916.256	13.526
919.144	9.53877
922.034	17.5515
924.92	7.56425
927.808	3.577
930.693	1.58975
933.576	11.6025
936.459	13.6153
939.341	17.628
942.222	11.6408
945.102	11.6535
947.981	-6.33372
950.859	-6.32096
953.737	13.6918
956.613	3.70453
959.488	1.71727
962.361	7.73
965.235	11.7427
968.105	9.75544
970.977	5.76815
973.846	-10.2192
976.716	-4.20648
979.583	13.8062
982.449	9.81884
985.316	15.8315
988.18	11.8441
991.043	11.8567
993.906	11.8693
996.767	-2.11812
999.628	11.8944
1002.49	21.907
1005.35	-0.0805334
1008.2	3.93195
1011.06	3.94441
1013.91	11.9568
1016.77	9.96926
1019.62	5.98164
1022.48	17.994
1025.33	22.0063
1028.18	2.01863
1031.03	14.0309
1033.87	16.0431
1036.72	-3.94466
1039.57	18.0675
1042.41	16.0796
1045.26	12.0917
1048.1	4.10381
1050.94	10.1158
1053.78	8.12783
1056.62	14.1398
1059.46	10.1517
1062.3	0.163567
1065.14	12.1754
1067.97	10.1872
1070.81	8.19891
1073.64	10.2106
1076.47	8.22226
1079.31	6.23387
1082.14	12.2454
1084.97	24.2569
1087.8	2.2684
1090.63	8.2798
1093.45	10.2912
1096.28	16.3025
1099.1	-3.68628
1101.93	10.3249
1104.75	14.3361
1107.57	24.3472
1110.39	12.3582
1113.21	8.36916
1116.03	8.38007
1118.85	4.39093
1121.66	18.4017
1124.48	18.4125
1127.3	16.4231
1130.11	24.4338
1132.92	16.4443
1135.73	2.45478
1138.54	16.4652
1141.35	8.47554
1144.16	18.4858
1146.97	8.49605
1149.78	2.50619
1152.58	16.5163
1155.39	14.5263
1158.19	18.5362
1161	14.5461
1163.8	-5.44415
1166.6	10.5656
1169.4	2.57521
1172.2	10.5848
1174.99	0.594254
1177.79	6.60366
1180.59	16.613
1183.38	2.62224
1186.17	8.63141
1188.97	-15.3595
1191.76	12.6495
1194.55	12.6584
1197.34	2.66727
1200.13	10.676
1202.92	16.6847
1205.7	6.69328
1208.49	12.7018
1211.27	4.71019
1214.06	30.7185
1216.84	0.726739
1219.62	8.73488
1222.4	18.7429
1225.18	-1.24911
1227.96	-1.24125
1230.74	8.76653
1233.51	0.774204
1236.29	10.7818
1239.06	2.78927
1241.84	8.79666
1244.61	24.804
1247.38	0.811148
1250.15	8.81824
1252.92	10.8252
1255.69	2.83213
1258.46	14.8389
1261.23	8.84561
1263.99	14.8522
1266.76	10.8587
1269.52	-3.13495
1272.28	8.87132
1275.05	16.8775
1277.81	8.88354
1280.57	12.8895
1283.33	4.89533
1286.08	-5.09893
1288.84	2.90669
1291.6	8.9122
1294.35	14.9176
1297.11	0.922877
1299.86	12.9281
1302.61	0.933108
1305.36	14.938
1308.11	12.9429
1310.86	-5.05241
1313.61	2.95218
1316.36	0.956654
1319.1	16.961
1321.85	0.965245
1324.59	10.9694
1327.33	6.97335
1330.08	14.9772
1332.82	-3.01902
1335.56	-5.01539
1338.3	8.98811
1341.04	8.99149
1343.77	12.9947
1346.51	12.9979
1349.25	23.0009
1351.98	5.00373
1354.71	11.0065
1357.45	-0.99091
1360.18	13.0116
1362.91	9.01393
1365.64	3.01615
1368.37	7.01824
1371.09	13.0202
1373.82	25.022
1376.54	-0.976299
1379.27	35.0253
1381.99	5.02667
1384.72	-6.97205
1387.44	1.02909
1390.16	9.0301
1392.88	3.03097
1395.6	5.03169
1398.31	15.0323
1401.03	11.0327
1403.75	1.03303
1406.46	17.0332
1409.18	5.03321
1411.89	13.0331
1414.6	-2.96718
1417.31	15.0324
1420.02	-2.96815
1422.73	17.0311
1425.44	9.03029
1428.15	-4.97071
1430.85	13.0281
1433.56	21.0268
1436.26	7.02539
1438.97	3.02379
1441.67	15.022
1444.37	7.02014
1447.07	23.0181
1449.77	17.0159
1452.47	-0.986487
1455.16	-0.989003
1457.86	15.0083
1460.56	9.0055
1463.25	13.0025
1465.94	10.9994
1468.64	-11.0039
1471.33	-5.00739
1474.02	-1.01101
1476.71	0.985216
1479.4	0.981276
1482.09	12.9772
1484.77	10.9729
1487.46	0.968492
1490.14	18.9639
1492.83	12.9592
1495.51	6.95424
1498.19	-1.05085
1500.87	16.9439
1503.55	8.9385
1506.23	12.9329
1508.91	18.9272
1511.59	0.921249
1514.27	18.9152
1516.94	2.90891
1519.62	18.9025
1522.29	14.8959
1524.96	14.8891
1527.63	18.8822
1530.3	-1.12494
1532.97	-1.13222
1535.64	12.8603
1538.31	10.8527
1540.98	8.84487
1543.64	0.83688
1546.31	14.8287
1548.97	10.8204
1551.63	0.81186
1554.3	2.80316
1556.96	24.7943
1559.62	18.7852
1562.28	10.776
1564.94	6.76658
1567.59	10.757
1570.25	16.7472
1572.9	4.73723
1575.56	-1.27292
1578.21	8.71676
1580.86	12.7062
1583.52	10.6955
1586.17	-1.31534
1588.82	18.6736
1591.47	10.6623
1594.11	12.6509
1596.76	10.6392
1599.41	2.62742
1602.05	0.615411
1604.69	22.6032
1607.34	-1.40919
1609.98	2.57823
1612.62	12.5655
1615.26	-5.44752
1617.9	12.5393
1620.54	22.526
1623.18	8.51243
1625.81	4.49868
1628.45	-3.51525
1631.08	18.4706
1633.72	26.4563
1636.35	0.441765
1638.98	14.427
1641.61	22.4121
1644.24	12.397
1646.87	8.38168
1649.5	14.3662
1652.13	16.3505
1654.75	8.33453
1657.38	4.31841
1660	-3.69791
1662.63	24.2856
1665.25	18.2688
1667.87	12.2519
1670.49	14.2348
1673.11	6.21744
1675.73	2.19989
1678.35	12.1821
1680.96	12.1642
1683.58	22.146
1686.19	8.12766
1688.81	16.1091
1691.42	10.0903
1694.03	-3.9287
1696.64	18.0521
1699.25	14.0327
1701.87	6.01306
1704.47	9.99323
1707.08	9.97318
1709.69	3.95292
1712.29	7.93245
1714.9	7.91177
1717.5	13.8909
1720.1	27.8698
1722.71	17.8484
1725.31	17.8269
1727.91	11.8051
1730.51	11.7832
1733.1	5.76098
1735.7	11.7386
1738.3	-6.28406
1740.89	11.6931
1743.49	7.67004
1746.08	-0.353243
1748.67	9.62325
1751.26	27.5995
1753.86	7.5756
1756.45	11.5514
1759.03	23.5271
1761.62	13.5024
1764.21	9.47762
1766.8	-0.54743
1769.38	27.4273
1771.97	13.4018
1774.55	13.3761
1777.13	15.3501
1779.71	11.3239
1782.29	17.2975
1784.87	27.2709
1787.45	17.244
1790.03	21.217
1792.61	7.18965
1795.18	13.1621
1797.76	5.13434
1800.33	-2.89365
1802.9	21.0781
1805.48	5.04966
1808.05	15.021
1810.62	12.9921
1813.19	0.962895
1815.76	14.9335
1818.33	10.9039
1820.89	4.87402
1823.46	20.8439
1826.02	4.81361
1828.59	18.7831
1831.15	30.7523
1833.71	8.72124
1836.27	6.68998
1838.84	2.65849
1841.39	-11.3732
1843.95	-1.40522
1846.51	18.5626
1849.07	24.5301
1851.62	12.4974
1854.18	20.4645
1856.73	4.43134
1859.29	4.39792
1861.84	22.3643
1864.39	4.3304
1866.94	16.2962
1869.49	16.2619
1872.04	4.22726
1874.59	12.1924
1877.13	22.1573
1879.68	8.12197
1882.22	-7.91362
1884.77	4.05054
1887.31	22.0145
1889.85	13.9781
1892.39	1.94157
1894.93	7.90476
1897.47	9.86768
1900.01	7.83037
1902.55	3.79282
1905.09	13.755
1907.62	-12.283
1910.16	9.67867
1912.69	13.6401
1915.22	5.6013
1917.76	1.56227
1920.29	1.52295
1922.82	-8.5166
1925.35	11.4436
1927.88	17.4035
1930.4	9.36323
1932.93	11.3227
1935.46	-6.71815
1937.98	23.2408
1940.51	9.19945
1943.03	3.15787
1945.55	13.1161
1948.07	17.074
1950.59	9.03163
1953.11	10.989
1955.63	10.9462
1958.15	14.9031
1960.67	8.85971
1963.18	12.8161
1965.7	6.7722
1968.21	0.728061
1970.73	2.68366
1973.24	4.63899
1975.75	4.59409
1978.26	18.5489
1980.77	14.5035
1983.28	12.4578
1985.79	16.4118
1988.29	8.3656
1990.8	12.3191
1993.31	12.2723
1995.81	-3.77466
1998.31	8.1781
