100.093	25.6652
103.274	9.73899
106.457	27.8124
109.636	11.8855
112.817	5.95825
115.994	6.03059
119.172	4.10263
122.347	18.1743
125.521	22.2455
128.696	8.31653
131.868	14.3871
135.039	18.4573
138.209	8.52722
141.379	8.59679
144.547	8.66598
147.713	10.7348
150.879	18.8033
154.043	-1.12854
157.206	16.9393
160.368	19.0067
163.529	-4.92614
166.689	19.1406
169.848	1.20708
173.006	3.27319
176.163	9.33896
179.316	17.4043
182.471	-0.530563
185.625	7.5342
188.777	3.59862
191.927	11.6627
195.077	9.72643
198.224	-14.2102
201.372	5.85292
204.52	9.91569
207.664	17.9781
210.809	16.0402
213.95	0.101955
217.091	-5.83662
220.233	4.22451
223.372	8.28529
226.509	10.3457
229.648	4.40591
232.784	20.4657
235.918	8.52521
239.051	14.5844
242.186	0.643269
245.317	28.7018
248.447	12.76
251.577	12.8179
254.705	-1.12449
257.832	6.93279
260.958	4.98975
264.083	17.0464
267.204	13.1027
270.327	-0.841268
273.449	-8.78555
276.57	7.26986
279.69	17.325
282.806	15.3797
285.924	25.4342
289.04	15.4884
292.154	1.54226
295.268	15.5958
298.379	11.6491
301.492	9.70206
304.601	7.7547
307.711	9.80708
310.818	17.8591
313.924	11.9109
317.031	5.96236
320.135	20.0135
323.238	6.06438
326.34	16.1149
329.443	12.1652
332.543	20.2152
335.642	20.2649
338.74	10.3143
341.836	14.3634
344.932	26.4122
348.027	4.46077
351.12	16.509
354.213	14.557
357.302	14.6046
360.393	0.652004
363.482	12.6991
366.57	10.7459
369.656	2.79244
372.742	22.8387
375.827	20.8847
378.91	8.93034
381.993	2.97576
385.073	27.0209
388.154	11.0657
391.232	7.11029
394.311	-0.845401
397.387	19.1986
400.462	1.24234
403.536	13.2858
406.611	7.32902
409.683	3.37194
412.754	7.41459
415.824	11.457
418.893	7.49907
421.961	11.5409
425.027	3.58249
428.093	-4.3762
431.158	11.6648
434.222	13.7056
437.284	19.7461
440.346	19.7864
443.407	-4.17363
446.464	3.86608
449.523	3.90554
452.581	15.9448
455.635	5.98367
458.691	8.02236
461.743	26.0608
464.797	2.09895
467.847	20.1368
470.899	16.1745
473.947	6.21189
476.994	10.249
480.043	10.2859
483.088	14.3226
486.133	8.35894
489.176	-5.60493
492.22	10.431
495.262	6.4666
498.302	12.502
501.341	10.5371
504.38	8.57201
507.417	20.6067
510.453	10.6411
513.487	2.67518
516.521	-1.2909
519.554	24.7428
522.586	8.7762
525.616	6.80936
528.646	24.8423
531.675	0.875018
534.701	10.9075
537.729	2.9397
540.753	6.97167
543.778	7.00343
546.8	17.0349
549.821	1.0662
552.844	3.09726
555.863	13.1281
558.881	11.1586
561.898	-2.81103
564.916	5.2191
567.932	-2.75103
570.946	11.2786
573.959	3.30804
576.971	5.33723
579.982	9.3662
582.993	1.39494
586	17.4234
589.008	9.45172
592.015	9.47978
595.022	-4.49238
598.025	17.5352
601.029	13.5626
604.032	11.5898
607.033	17.6167
610.034	1.64347
613.032	9.66997
616.032	-2.30373
619.028	15.7223
622.023	-2.25182
625.018	9.77381
628.013	11.7992
631.005	15.8244
633.997	1.84944
636.987	7.87421
639.977	3.89877
642.965	19.9231
645.952	1.94727
648.939	3.9712
651.924	1.99492
654.909	16.0184
657.892	12.0417
660.873	10.0648
663.854	-1.91229
666.835	0.110399
669.813	16.1329
672.791	4.15514
675.767	16.1772
678.743	10.1991
681.717	-5.77928
684.692	8.24219
687.664	-13.7366
690.634	14.2845
693.606	10.3054
696.575	2.32601
699.543	24.3465
702.51	10.3667
705.475	4.38678
708.44	14.4066
711.404	20.4263
714.367	2.4458
717.329	8.46508
720.29	14.4842
723.25	12.5031
726.207	8.52175
729.166	4.54027
732.123	0.558592
735.077	12.5767
738.032	6.59466
740.984	12.6124
743.938	16.63
746.888	4.64734
749.839	14.6645
752.788	10.6815
755.735	-7.30165
758.682	-5.28502
761.627	10.7314
764.574	20.7477
767.517	2.76378
770.46	2.77968
773.402	6.7954
776.342	4.81093
779.282	18.8263
782.219	12.8415
785.157	14.8565
788.094	-1.12871
791.029	8.88594
793.962	22.9004
796.896	4.91469
799.828	12.9288
802.76	30.9428
805.689	22.9565
808.619	20.9701
811.546	12.9835
814.473	8.99678
817.4	11.0099
820.324	9.02277
823.248	23.0355
826.17	5.04807
829.092	13.0605
832.012	9.0727
834.932	29.0848
837.851	9.09666
840.768	13.1084
843.685	17.12
846.599	3.13136
849.514	15.1426
852.428	11.1537
855.339	21.1646
858.251	15.1753
861.16	9.18591
864.07	19.1963
866.978	1.2066
869.884	13.2167
872.792	21.2267
875.696	25.2364
878.599	23.2461
881.502	11.2555
884.404	23.2649
887.304	11.274
890.204	15.283
893.103	15.2919
896.001	15.3006
898.898	7.3091
901.794	21.3175
904.689	19.3257
907.581	3.33381
910.474	9.34175
913.364	15.3495
916.256	7.35717
919.144	17.3647
922.034	11.372
924.92	13.3792
927.808	17.3862
930.693	17.3931
933.576	13.3999
936.459	3.40647
939.341	5.41293
942.222	3.41924
945.102	-6.57459
947.981	-0.568562
950.859	11.4373
953.737	9.44307
956.613	5.44867
959.488	11.4541
962.361	11.4595
965.235	23.4646
968.105	9.46968
970.977	7.47459
973.846	11.4794
976.716	-8.51601
979.583	23.4885
982.449	-0.507163
985.316	15.4971
988.18	-4.49885
991.043	11.5051
993.906	15.5089
996.767	5.51262
999.628	11.5162
1002.49	5.5196
1005.35	17.5229
1008.2	23.5261
1011.06	-0.470915
1013.91	7.53199
1016.77	11.5348
1019.62	9.53741
1022.48	3.53993
1025.33	23.5423
1028.18	11.5446
1031.03	7.54673
1033.87	9.54874
1036.72	9.55063
1039.57	11.5524
1042.41	15.554
1045.26	23.5556
1048.1	5.55695
1050.94	9.55822
1053.78	9.55938
1056.62	7.56041
1059.46	5.56132
1062.3	17.5621
1065.14	-0.437214
1067.97	5.56334
1070.81	13.5638
1073.64	7.5641
1076.47	17.5643
1079.31	-0.435615
1082.14	17.5644
1084.97	15.5642
1087.8	11.5639
1090.63	13.5636
1093.45	17.5631
1096.28	19.5625
1099.1	3.56178
1101.93	9.56095
1104.75	21.56
1107.57	19.559
1110.39	5.55781
1113.21	7.55654
1116.03	7.55517
1118.85	3.55368
1121.66	11.5521
1124.48	-4.44961
1127.3	13.5486
1130.11	9.54667
1132.92	3.54465
1135.73	-2.45747
1138.54	-0.459704
1141.35	9.53796
1144.16	19.5355
1146.97	11.533
1149.78	-4.46966
1152.58	15.5276
1155.39	1.52475
1158.19	-2.4782
1161	23.5187
1163.8	15.5156
1166.6	5.51235
1169.4	19.509
1172.2	-2.49445
1174.99	9.50201
1177.79	11.4984
1180.59	11.4946
1183.38	13.4908
1186.17	17.4869
1188.97	15.4828
1191.76	-2.52129
1194.55	-0.525506
1197.34	13.4702
1200.13	17.4658
1202.92	15.4613
1205.7	-2.5433
1208.49	5.45202
1211.27	9.44724
1214.06	-2.55762
1216.84	17.4374
1219.62	7.43239
1222.4	-0.572745
1225.18	-2.57796
1227.96	-2.58327
1230.74	5.41133
1233.51	7.40585
1236.29	3.40028
1239.06	-2.60538
1241.84	17.3889
1244.61	11.383
1247.38	-4.62286
1250.15	15.3711
1252.92	9.36506
1255.69	15.3589
1258.46	23.3527
1261.23	5.34632
1263.99	9.33991
1266.76	3.33342
1269.52	13.3268
1272.28	11.3202
1275.05	-2.68654
1277.81	-0.693353
1280.57	1.29976
1283.33	5.29279
1286.08	15.2857
1288.84	5.27861
1291.6	9.27141
1294.35	-4.73587
1297.11	7.25678
1299.86	9.24935
1302.61	-10.7582
1305.36	13.2343
1308.11	3.22661
1310.86	7.21889
1313.61	3.21109
1316.36	11.2032
1319.1	7.19527
1321.85	15.1873
1324.59	3.17917
1327.33	11.171
1330.08	13.1628
1332.82	19.1545
1335.56	7.14611
1338.3	13.1377
1341.04	7.12917
1343.77	-2.8794
1346.51	1.11196
1349.25	3.10325
1351.98	9.09448
1354.71	13.0856
1357.45	11.0767
1360.18	7.06776
1362.91	7.05872
1365.64	21.0496
1368.37	7.04046
1371.09	7.03123
1373.82	19.0219
1376.54	13.0126
1379.27	13.0032
1381.99	14.9937
1384.72	6.98416
1387.44	-5.02543
1390.16	4.9649
1392.88	0.95519
1395.6	18.9454
1398.31	10.9356
1401.03	8.92568
1403.75	8.91573
1406.46	8.90572
1409.18	12.8956
1411.89	6.88553
1414.6	8.87535
1417.31	16.8651
1420.02	10.8548
1422.73	14.8445
1425.44	-1.16592
1428.15	20.8236
1430.85	14.8131
1433.56	2.80256
1436.26	4.79194
1438.97	20.7813
1441.67	16.7706
1444.37	14.7598
1447.07	6.74898
1449.77	14.7381
1452.47	0.727187
1455.16	6.71622
1457.86	18.7052
1460.56	4.69413
1463.25	0.683009
1465.94	10.6718
1468.64	8.66063
1471.33	-5.35062
1474.02	-1.36193
1476.71	8.62672
1479.4	2.61532
1482.09	14.6039
1484.77	12.5924
1487.46	4.58086
1490.14	6.56928
1492.83	4.55766
1495.51	18.546
1498.19	20.5343
1500.87	2.52255
1503.55	2.51075
1506.23	24.4989
1508.91	4.48705
1511.59	6.47513
1514.27	10.4632
1516.94	8.45118
1519.62	8.43914
1522.29	18.4271
1524.96	22.415
1527.63	12.4028
1530.3	14.3906
1532.97	22.3784
1535.64	-7.63388
1538.31	8.35382
1540.98	6.34149
1543.64	28.3291
1546.31	12.3167
1548.97	6.30426
1551.63	16.2918
1554.3	14.2793
1556.96	4.26672
1559.62	32.2541
1562.28	20.2415
1564.94	0.228885
1567.59	-1.78379
1570.25	8.20349
1572.9	8.19075
1575.56	12.178
1578.21	2.16518
1580.86	14.1523
1583.52	10.1395
1586.17	12.1266
1588.82	34.1136
1591.47	22.1007
1594.11	-9.91228
1596.76	6.07471
1599.41	8.06168
1602.05	8.04861
1604.69	0.0355197
1607.34	20.0224
1609.98	4.00925
1612.62	7.99608
1615.26	21.9829
1617.9	11.9697
1620.54	-10.0436
1623.18	9.94316
1625.81	3.92986
1628.45	9.91654
1631.08	7.9032
1633.72	7.88984
1636.35	15.8765
1638.98	11.8631
1641.61	7.84962
1644.24	15.8362
1646.87	13.8227
1649.5	17.8092
1652.13	15.7957
1654.75	3.78216
1657.38	11.7686
1660	19.755
1662.63	1.74145
1665.25	7.72784
1667.87	13.7142
1670.49	17.7006
1673.11	5.68692
1675.73	7.67324
1678.35	15.6595
1680.96	11.6458
1683.58	1.63211
1686.19	5.61837
1688.81	11.6046
1691.42	5.59084
1694.03	3.57705
1696.64	9.56326
1699.25	7.54945
1701.87	15.5356
1704.47	5.52178
1707.08	13.5079
1709.69	13.4941
1712.29	3.48018
1714.9	7.4663
1717.5	19.4524
1720.1	7.43849
1722.71	9.42457
1725.31	17.4106
1727.91	-4.6033
1730.51	7.38275
1733.1	7.3688
1735.7	3.35482
1738.3	5.34085
1740.89	-0.673134
1743.49	21.3129
1746.08	7.29887
1748.67	7.28487
1751.26	17.2709
1753.86	13.2568
1756.45	3.24281
1759.03	11.2288
1761.62	1.21475
1764.21	3.20071
1766.8	-0.813334
1769.38	15.1726
1771.97	3.15856
1774.55	17.1445
1777.13	9.13044
1779.71	-14.8836
1782.29	9.10231
1784.87	7.08824
1787.45	7.07417
1790.03	7.0601
1792.61	9.04602
1795.18	-2.96805
1797.76	9.01787
1800.33	13.0038
1802.9	0.989726
1805.48	8.97565
1808.05	-3.03842
1810.62	4.9475
1813.19	6.93343
1815.76	12.9194
1818.33	8.90528
1820.89	14.8912
1823.46	12.8772
1826.02	16.8631
1828.59	18.849
1831.15	10.835
1833.71	8.82093
1836.27	-5.19312
1838.84	4.79284
1841.39	10.7788
1843.95	10.7648
1846.51	-5.24926
1849.07	4.73673
1851.62	16.7227
1854.18	6.7087
1856.73	-1.3053
1859.29	-3.3193
1861.84	18.6667
1864.39	6.65274
1866.94	0.638761
1869.49	16.6248
1872.04	8.61084
1874.59	14.5969
1877.13	12.583
1879.68	18.569
1882.22	-5.44488
1884.77	6.54121
1887.31	2.52732
1889.85	6.51342
1892.39	8.49955
1894.93	14.4857
1897.47	18.4718
1900.01	-5.54201
1902.55	18.4442
1905.09	6.43035
1907.62	10.4165
1910.16	10.4028
1912.69	12.389
1915.22	22.3752
1917.76	2.36147
1920.29	10.3477
1922.82	6.33402
1925.35	12.3203
1927.88	0.306617
1930.4	12.2929
1932.93	16.2793
1935.46	4.26564
1937.98	12.252
1940.51	4.2384
1943.03	0.22481
1945.55	8.21124
1948.07	12.1977
1950.59	12.1841
1953.11	16.1706
1955.63	6.15711
1958.15	8.14363
1960.67	-1.86983
1963.18	10.1167
1965.7	6.10329
1968.21	-3.91011
1970.73	6.0765
1973.24	8.06313
1975.75	12.0498
1978.26	6.03646
1980.77	10.0232
1983.28	22.0099
1985.79	19.9966
1988.29	-6.01663
1990.8	11.9701
1993.31	-0.043044
1995.81	3.94378
1998.31	17.9306
