100.093	18.4618
103.274	-5.45448
106.457	16.6287
109.636	2.71127
112.817	22.7933
115.994	16.8748
119.172	16.9557
122.347	15.0361
125.521	9.1159
128.696	3.1952
131.868	3.2739
135.039	1.35206
138.209	7.42968
141.379	13.5068
144.547	9.58334
147.713	5.65934
150.879	25.7348
154.043	13.8097
157.206	-6.11587
160.368	3.95799
163.529	-5.96866
166.689	12.1042
169.848	14.1764
173.006	26.2482
176.163	0.319462
179.316	20.3901
182.471	2.46036
185.625	18.5301
188.777	2.59925
191.927	6.66788
195.077	12.736
198.224	-1.19633
201.372	14.8708
204.52	12.9375
207.664	11.0036
210.809	7.06923
213.95	13.1343
217.091	9.19896
220.233	21.2631
223.372	15.3267
226.509	-6.61011
229.648	1.45258
232.784	11.5147
235.918	-0.423576
239.051	23.6376
242.186	15.6984
245.317	7.75861
248.447	1.81837
251.577	15.8777
254.705	-4.06354
257.832	1.9948
260.958	26.0527
264.083	10.1101
267.204	20.167
270.327	8.22342
273.449	4.27942
276.57	16.335
279.69	4.39005
282.806	12.4446
285.924	8.4988
289.04	20.5525
292.154	18.6057
295.268	12.6586
298.379	12.7109
301.492	14.7628
304.601	12.8142
307.711	0.86525
310.818	20.9158
313.924	8.96591
317.031	15.0156
320.135	21.0648
323.238	3.11364
326.34	13.162
329.443	3.20997
332.543	15.2575
335.642	19.3046
338.74	11.3512
341.836	17.3974
344.932	-0.556773
348.027	7.48861
351.12	15.5336
354.213	-4.42189
357.302	-4.37779
360.393	13.6659
363.482	9.70922
366.57	7.75211
369.656	13.7946
372.742	19.8366
375.827	13.8783
378.91	11.9195
381.993	23.9604
385.073	12.0008
388.154	14.0409
391.232	20.0805
394.311	18.1198
397.387	6.15862
400.462	8.19707
403.536	8.23513
406.611	-5.72717
409.683	2.31011
412.754	8.34701
415.824	12.3835
418.893	-3.58035
421.961	10.4554
425.027	16.4908
428.093	-1.47424
431.158	-5.43963
434.222	12.5946
437.284	16.6285
440.346	-3.33802
443.407	8.6951
446.464	14.7278
449.523	4.76023
452.581	14.7923
455.635	10.8239
458.691	16.8552
461.743	14.8861
464.797	6.91671
467.847	14.9469
470.899	16.9768
473.947	19.0063
476.994	23.0354
480.043	13.0642
483.088	5.09268
486.133	15.1208
489.176	19.1485
492.22	15.176
495.262	9.20301
498.302	11.2297
501.341	7.25612
504.38	-4.71783
507.417	11.3079
510.453	1.33325
513.487	17.3583
516.521	15.383
519.554	19.4074
522.586	13.4314
525.616	5.45511
528.646	5.47851
531.675	15.5016
534.701	1.52431
537.729	5.54674
540.753	11.5688
543.778	7.59062
546.8	-0.387921
549.821	21.6332
552.844	7.65407
555.863	13.6746
558.881	17.6948
561.898	19.7147
564.916	11.7343
567.932	7.75358
570.946	9.77256
573.959	9.79123
576.971	7.80961
579.982	9.82768
582.993	11.8455
586	5.86293
589.008	1.88011
592.015	9.897
595.022	3.91359
598.025	13.9299
601.029	-0.0540965
604.032	7.96163
607.033	15.9771
610.034	5.99221
613.032	14.0071
616.032	4.02166
619.028	-3.96404
622.023	8.04997
625.018	4.06371
628.013	10.0772
631.005	8.09037
633.997	10.1033
636.987	6.11592
639.977	18.1283
642.965	16.1404
645.952	6.15222
648.939	8.16379
651.924	-1.82491
654.909	2.18612
657.892	14.1969
660.873	6.2074
663.854	20.2177
666.835	10.2276
669.813	6.23737
672.791	24.2469
675.767	14.2561
678.743	16.2651
681.717	6.27377
684.692	6.28224
687.664	16.2905
690.634	12.2984
693.606	8.30616
696.575	8.31364
699.543	20.3209
702.51	6.32788
705.475	18.3346
708.44	6.34115
711.404	18.3474
714.367	0.353475
717.329	6.35928
720.29	6.36486
723.25	10.3702
726.207	-1.62469
729.166	12.3802
732.123	6.38485
735.077	0.389276
738.032	12.3935
740.984	12.3975
743.938	10.4012
746.888	18.4047
749.839	6.40806
752.788	16.4111
755.735	10.414
758.682	-1.58331
761.627	16.4191
764.574	12.4214
767.517	18.4234
770.46	20.4252
773.402	24.4268
776.342	20.4282
779.282	12.4294
782.219	26.4304
785.157	8.43113
788.094	18.4317
791.029	26.4321
793.962	20.4322
796.896	6.43221
799.828	22.432
802.76	24.4316
805.689	18.4309
808.619	20.4301
811.546	18.4291
814.473	-1.57207
817.4	0.426539
820.324	2.42496
823.248	20.4232
826.17	20.4213
829.092	10.4191
832.012	18.4168
834.932	16.4143
837.851	20.4116
840.768	16.4088
843.685	20.4057
846.599	14.4025
849.514	10.3991
852.428	0.39554
855.339	4.3918
858.251	6.38788
861.16	-9.6162
864.07	6.37954
866.978	10.3751
869.884	14.3705
872.792	6.36577
875.696	18.3608
878.599	14.3558
881.502	14.3505
884.404	22.3451
887.304	10.3395
890.204	8.33381
893.103	-5.67208
896.001	26.3219
898.898	24.3157
901.794	-1.69067
904.689	2.30282
907.581	18.2962
910.474	16.2894
913.364	2.28241
916.256	10.2753
919.144	16.2681
922.034	8.26065
924.92	16.2531
927.808	6.24543
930.693	10.2376
933.576	4.22964
936.459	-7.77847
939.341	-1.78671
942.222	-7.7951
945.102	10.1964
947.981	6.18773
950.859	6.17895
953.737	12.17
956.613	0.160972
959.488	16.1518
962.361	-5.85752
965.235	6.13304
968.105	8.12348
970.977	18.1138
973.846	-17.896
976.716	6.09403
979.583	10.084
982.449	14.0738
985.316	18.0635
988.18	0.0530668
991.043	8.04253
993.906	-9.96813
996.767	12.0211
999.628	12.0102
1002.49	5.99922
1005.35	1.98811
1008.2	17.9769
1011.06	1.96556
1013.91	7.95412
1016.77	-6.05743
1019.62	5.93093
1022.48	7.91916
1025.33	5.90731
1028.18	27.8953
1031.03	19.8833
1033.87	-2.12889
1036.72	19.8588
1039.57	21.8465
1042.41	7.834
1045.26	5.82144
1048.1	33.8088
1050.94	17.796
1053.78	13.7832
1056.62	1.77026
1059.46	3.75723
1062.3	11.7441
1065.14	-2.26909
1067.97	11.7176
1070.81	19.7042
1073.64	3.69077
1076.47	5.67722
1079.31	-0.336416
1082.14	9.64987
1084.97	5.63607
1087.8	13.6222
1090.63	3.60824
1093.45	11.5942
1096.28	23.5801
1099.1	11.5659
1101.93	5.55164
1104.75	15.5373
1107.57	1.52289
1110.39	3.5084
1113.21	25.4939
1116.03	1.47923
1118.85	3.46453
1121.66	7.44978
1124.48	13.4349
1127.3	7.42006
1130.11	-2.5949
1132.92	-2.60992
1135.73	11.375
1138.54	9.35986
1141.35	17.3447
1144.16	1.32938
1146.97	11.3141
1149.78	7.29868
1152.58	9.28325
1155.39	11.2678
1158.19	1.25221
1161	7.2366
1163.8	-4.77904
1166.6	9.20525
1169.4	9.18949
1172.2	27.1737
1174.99	1.15783
1177.79	5.14194
1180.59	11.126
1183.38	-4.88999
1186.17	29.094
1188.97	9.07788
1191.76	9.06176
1194.55	11.0456
1197.34	7.02939
1200.13	21.0131
1202.92	2.99686
1205.7	0.98055
1208.49	-1.03581
1211.27	14.9478
1214.06	12.9314
1216.84	2.9149
1219.62	-5.10158
1222.4	4.88188
1225.18	4.86533
1227.96	14.8487
1230.74	2.83212
1233.51	4.81548
1236.29	6.79881
1239.06	18.7821
1241.84	16.7654
1244.61	0.748646
1247.38	12.7319
1250.15	4.71509
1252.92	10.6983
1255.69	16.6814
1258.46	4.66459
1261.23	4.64772
1263.99	26.6308
1266.76	14.6139
1269.52	2.597
1272.28	4.58007
1275.05	8.56311
1277.81	10.5461
1280.57	12.5292
1283.33	10.5122
1286.08	0.49519
1288.84	8.47818
1291.6	-1.53883
1294.35	14.4441
1297.11	22.4271
1299.86	10.4101
1302.61	-7.60696
1305.36	6.376
1308.11	6.35895
1310.86	0.341903
1313.61	12.3249
1316.36	-3.6922
1319.1	16.2908
1321.85	-1.72629
1324.59	10.2567
1327.33	10.2396
1330.08	2.22258
1332.82	2.20555
1335.56	-1.81148
1338.3	8.17149
1341.04	10.1545
1343.77	8.13748
1346.51	8.12049
1349.25	14.1035
1351.98	12.0865
1354.71	16.0696
1357.45	2.05262
1360.18	10.0357
1362.91	10.0188
1365.64	26.0019
1368.37	5.98496
1371.09	1.96809
1373.82	3.95124
1376.54	-0.0655874
1379.27	5.91759
1381.99	17.9008
1384.72	21.884
1387.44	19.8673
1390.16	5.85054
1392.88	5.83385
1395.6	-8.18284
1398.31	11.8005
1401.03	-4.21611
1403.75	1.76729
1406.46	9.75071
1409.18	3.73417
1411.89	9.71766
1414.6	-2.29883
1417.31	3.68473
1420.02	9.66831
1422.73	-0.348074
1425.44	3.63557
1428.15	3.61926
1430.85	3.60298
1433.56	5.58674
1436.26	7.57052
1438.97	5.55436
1441.67	7.53823
1444.37	-4.47786
1447.07	13.5061
1449.77	7.49009
1452.47	5.47412
1455.16	5.45819
1457.86	19.4423
1460.56	19.4265
1463.25	13.4107
1465.94	7.39494
1468.64	1.37924
1471.33	3.3636
1474.02	9.34799
1476.71	19.3324
1479.4	1.31693
1482.09	3.30148
1484.77	13.2861
1487.46	15.2707
1490.14	7.25544
1492.83	-2.7598
1495.51	11.225
1498.19	7.20988
1500.87	13.1948
1503.55	13.1798
1506.23	13.1648
1508.91	-4.85007
1511.59	11.1351
1514.27	13.1203
1516.94	19.1056
1519.62	5.09092
1522.29	15.0763
1524.96	5.06179
1527.63	9.04732
1530.3	1.03292
1532.97	13.0186
1535.64	9.0043
1538.31	0.990087
1540.98	18.976
1543.64	30.9619
1546.31	2.94788
1548.97	10.9339
1551.63	20.9201
1554.3	12.9063
1556.96	22.8926
1559.62	24.8789
1562.28	8.86535
1564.94	-9.14815
1567.59	-1.16157
1570.25	-3.17492
1572.9	2.8118
1575.56	6.79861
1578.21	-9.21451
1580.86	16.7725
1583.52	10.7595
1586.17	6.74661
1588.82	16.7338
1591.47	0.721094
1594.11	10.7085
1596.76	8.69591
1599.41	10.6834
1602.05	-1.32894
1604.69	8.65876
1607.34	16.6465
1609.98	10.6344
1612.62	4.62237
1615.26	-7.38959
1617.9	8.59855
1620.54	2.58677
1623.18	8.57509
1625.81	0.563492
1628.45	2.55199
1631.08	10.5406
1633.72	6.52926
1636.35	2.51804
1638.98	2.5069
1641.61	6.49587
1644.24	8.48492
1646.87	6.47407
1649.5	4.46332
1652.13	12.4527
1654.75	6.44212
1657.38	10.4317
1660	4.42131
1662.63	20.4111
1665.25	12.4009
1667.87	10.3908
1670.49	16.3809
1673.11	10.371
1675.73	6.36129
1678.35	12.3517
1680.96	12.3421
1683.58	2.33269
1686.19	-3.67664
1688.81	10.3141
1691.42	-3.69497
1694.03	16.296
1696.64	-1.71287
1699.25	18.2783
1701.87	8.26967
1704.47	12.2611
1707.08	0.252649
1709.69	4.24431
1712.29	16.2361
1714.9	-1.77204
1717.5	14.22
1720.1	28.2121
1722.71	4.2043
1725.31	12.1966
1727.91	12.1891
1730.51	10.1817
1733.1	14.1744
1735.7	2.16718
1738.3	0.160109
1740.89	20.1532
1743.49	4.14633
1746.08	10.1396
1748.67	6.13303
1751.26	12.1266
1753.86	14.1202
1756.45	14.114
1759.03	8.10791
1761.62	2.10193
1764.21	-5.90391
1766.8	-7.90963
1769.38	0.0847718
1771.97	12.0793
1774.55	10.074
1777.13	0.0687462
1779.71	16.0637
1782.29	16.0587
1784.87	18.0539
1787.45	4.04919
1790.03	6.04463
1792.61	2.04019
1795.18	2.03589
1797.76	14.0317
1800.33	0.0276909
1802.9	10.0238
1805.48	4.02003
1808.05	4.0164
1810.62	12.0129
1813.19	4.00954
1815.76	-3.99368
1818.33	6.00324
1820.89	16.0003
1823.46	-6.00251
1826.02	1.99482
1828.59	9.99229
1831.15	-2.01009
1833.71	7.98766
1836.27	7.98555
1838.84	23.9836
1841.39	-4.01823
1843.95	1.98009
1846.51	9.97856
1849.07	9.97717
1851.62	5.97593
1854.18	17.9748
1856.73	3.97388
1859.29	3.97307
1861.84	5.97241
1864.39	-2.0281
1866.94	7.97154
1869.49	-4.02867
1872.04	5.97126
1874.59	17.9713
1877.13	5.97158
1879.68	7.97197
1882.22	5.97251
1884.77	15.9732
1887.31	19.974
1889.85	7.97504
1892.39	3.97619
1894.93	-4.02251
1897.47	17.979
1900.01	17.9806
1902.55	1.98234
1905.09	3.98427
1907.62	1.98635
1910.16	5.98859
1912.69	7.99099
1915.22	-2.00645
1917.76	19.9963
1920.29	-0.000859052
1922.82	16.0022
1925.35	18.0054
1927.88	4.00873
1930.4	-1.98775
1932.93	20.0159
1935.46	4.01978
1937.98	10.0238
1940.51	-1.97204
1943.03	2.0323
1945.55	2.03679
1948.07	6.04146
1950.59	8.04629
1953.11	0.051292
1955.63	12.0565
1958.15	0.0617867
1960.67	10.0673
1963.18	0.0729535
1965.7	10.0788
1968.21	18.0848
1970.73	10.091
1973.24	18.0973
1975.75	-5.89616
1978.26	22.1105
1980.77	0.117383
1983.28	-5.87558
1985.79	6.13162
1988.29	0.138999
1990.8	-1.85344
1993.31	4.15428
1995.81	0.162183
1998.31	10.1703
