100.093	9.32933
103.274	13.3487
106.457	17.368
109.636	25.3871
112.817	17.4062
115.994	9.4251
119.172	15.444
122.347	15.4627
125.521	-2.51867
128.696	25.4999
131.868	-4.48169
135.039	17.5366
138.209	1.55486
141.379	7.573
144.547	9.59102
147.713	-2.39105
150.879	7.62677
154.043	-0.355508
157.206	33.6621
160.368	1.67963
163.529	23.6971
166.689	-0.285625
169.848	15.7316
173.006	11.7487
176.163	25.7657
179.316	1.78265
182.471	7.79947
185.625	15.8162
188.777	15.8328
191.927	5.84934
195.077	1.86577
198.224	9.88209
201.372	19.8983
204.52	15.9145
207.664	7.93048
210.809	23.9464
213.95	21.9623
217.091	3.97799
220.233	21.9936
223.372	12.0092
226.509	2.02463
229.648	4.03999
232.784	32.0552
235.918	18.0704
239.051	8.08546
242.186	14.1004
245.317	12.1153
248.447	8.13008
251.577	20.1448
254.705	8.15935
257.832	-3.82616
260.958	-3.81177
264.083	16.2025
267.204	28.2167
270.327	8.23085
273.449	16.2449
276.57	16.2588
279.69	6.27263
282.806	16.2864
285.924	10.3
289.04	14.3136
292.154	6.32702
295.268	20.3404
298.379	14.3537
301.492	26.3668
304.601	0.379928
307.711	12.3929
310.818	22.4058
313.924	10.4186
317.031	0.431369
320.135	4.444
323.238	2.45653
326.34	28.469
329.443	12.4813
332.543	18.4936
335.642	6.50578
338.74	14.5179
341.836	16.5299
344.932	22.5418
348.027	4.55359
351.12	22.5653
354.213	-3.42305
357.302	20.5885
360.393	2.59995
363.482	2.61133
366.57	14.6226
369.656	14.6338
372.742	14.6449
375.827	22.6559
378.91	0.666846
381.993	-7.32231
385.073	6.68844
388.154	-9.30089
391.232	20.7097
394.311	16.7202
397.387	12.7306
400.462	8.74089
403.536	16.7511
406.611	6.76127
409.683	-1.22867
412.754	10.7813
415.824	8.79118
418.893	4.80098
421.961	8.81069
425.027	14.8203
428.093	4.82986
431.158	0.839322
434.222	8.8487
437.284	10.858
440.346	2.86719
443.407	10.8763
446.464	14.8853
449.523	18.8943
452.581	0.903163
455.635	10.9119
458.691	14.9206
461.743	10.9293
464.797	6.93779
467.847	4.94624
470.899	10.9546
473.947	6.96289
476.994	12.9711
480.043	8.97921
483.088	-1.01275
486.133	18.9952
489.176	15.0031
492.22	13.0109
495.262	13.0186
498.302	-0.973793
501.341	-8.96625
504.38	5.04122
507.417	13.0486
510.453	23.0559
513.487	7.06313
516.521	17.0703
519.554	9.07733
522.586	9.08432
525.616	7.09121
528.646	5.09804
531.675	-6.89522
534.701	3.11144
537.729	5.11803
540.753	13.1245
543.778	9.13096
546.8	1.1373
549.821	7.14357
552.844	9.14976
555.863	17.1559
558.881	15.1619
561.898	5.16785
564.916	3.17373
567.932	3.17953
570.946	-0.814748
573.959	7.1909
576.971	13.1965
579.982	15.202
582.993	-0.792636
586	15.2127
589.008	-0.782045
592.015	7.22314
595.022	1.22824
598.025	3.23327
601.029	13.2382
604.032	23.2431
607.033	-0.752095
610.034	-4.74737
613.032	5.25728
616.032	21.2619
619.028	7.26636
622.023	3.27078
625.018	9.27513
628.013	13.2794
631.005	23.2836
633.997	25.2877
636.987	1.29179
639.977	5.29577
642.965	-4.70033
645.952	13.3035
648.939	19.3073
651.924	15.3109
654.909	9.31456
657.892	-6.68191
660.873	1.32156
663.854	9.32495
666.835	17.3283
669.813	19.3315
672.791	3.33469
675.767	13.3378
678.743	15.3408
681.717	5.34378
684.692	-2.65334
687.664	1.34948
690.634	-4.64778
693.606	9.35489
696.575	1.35749
699.543	13.36
702.51	9.36248
705.475	5.36487
708.44	11.3672
711.404	13.3694
714.367	13.3716
717.329	7.37371
720.29	3.37575
723.25	19.3777
726.207	1.37961
729.166	7.38144
732.123	11.3832
735.077	5.38488
738.032	21.3865
740.984	-2.61195
743.938	7.38953
746.888	19.3909
749.839	13.3923
752.788	5.39356
755.735	21.3948
758.682	11.3959
761.627	11.397
764.574	5.39798
767.517	13.3989
770.46	5.39978
773.402	11.4006
776.342	15.4013
779.282	29.402
782.219	19.4026
785.157	11.4031
788.094	3.40358
791.029	1.40397
793.962	9.40431
796.896	19.4046
799.828	17.4048
802.76	13.4049
805.689	3.40497
808.619	23.405
811.546	7.40491
814.473	7.40478
817.4	23.4046
820.324	15.4043
823.248	1.404
826.17	23.4036
829.092	5.40316
832.012	-0.597363
834.932	1.40205
837.851	25.4014
840.768	5.40069
843.685	15.3999
846.599	7.39908
849.514	17.3982
852.428	25.3972
855.339	-4.60383
858.251	13.3951
861.16	13.3939
864.07	7.3927
866.978	19.3914
869.884	23.3901
872.792	5.38866
875.696	7.38719
878.599	5.38565
881.502	13.3841
884.404	-12.6176
887.304	9.38067
890.204	11.3789
893.103	-0.622955
896.001	21.3751
898.898	15.3732
901.794	3.37114
904.689	21.369
907.581	11.3669
910.474	23.3647
913.364	7.36241
916.256	11.3601
919.144	23.3577
922.034	9.35523
924.92	27.3527
927.808	23.3501
930.693	7.3475
933.576	1.3448
936.459	29.342
939.341	13.3392
942.222	9.33636
945.102	3.33342
947.981	3.33043
950.859	-0.672624
953.737	23.3243
956.613	27.3211
959.488	9.31786
962.361	11.3146
965.235	11.3112
968.105	15.3078
970.977	-0.695639
973.846	11.3008
976.716	-4.70274
979.583	13.2936
982.449	-0.71007
985.316	13.2862
988.18	17.2824
991.043	13.2785
993.906	17.2746
996.767	17.2706
999.628	19.2666
1002.49	-2.73754
1005.35	13.2583
1008.2	29.2541
1011.06	21.2498
1013.91	-4.75449
1016.77	33.2411
1019.62	13.2367
1022.48	9.23221
1025.33	23.2277
1028.18	13.2231
1031.03	5.21841
1033.87	11.2137
1036.72	15.2089
1039.57	21.2041
1042.41	1.19923
1045.26	33.1943
1048.1	17.1893
1050.94	19.1843
1053.78	3.17916
1056.62	19.174
1059.46	15.1688
1062.3	19.1635
1065.14	9.15823
1067.97	1.15286
1070.81	15.1474
1073.64	5.14197
1076.47	13.1364
1079.31	17.1309
1082.14	3.12522
1084.97	3.11953
1087.8	13.1138
1090.63	13.108
1093.45	1.10214
1096.28	17.0962
1099.1	9.09029
1101.93	11.0843
1104.75	3.07822
1107.57	-2.92789
1110.39	3.06594
1113.21	15.0597
1116.03	11.0535
1118.85	21.0471
1121.66	-4.95923
1124.48	1.03435
1127.3	3.02787
1130.11	11.0213
1132.92	9.01477
1135.73	11.0081
1138.54	5.00147
1141.35	6.99474
1144.16	14.988
1146.97	2.98112
1149.78	6.97424
1152.58	2.96731
1155.39	14.9603
1158.19	2.9533
1161	0.946212
1163.8	-17.0609
1166.6	2.9319
1169.4	14.9247
1172.2	12.9174
1174.99	0.910051
1177.79	18.9027
1180.59	-1.10476
1183.38	12.8878
1186.17	16.8802
1188.97	-5.12734
1191.76	4.86503
1194.55	10.8574
1197.34	0.849636
1200.13	4.84186
1202.92	10.834
1205.7	8.82618
1208.49	16.8183
1211.27	20.8103
1214.06	18.8023
1216.84	12.7942
1219.62	-1.21388
1222.4	14.778
1225.18	26.7698
1227.96	4.76151
1230.74	20.7532
1233.51	10.7449
1236.29	8.73648
1239.06	6.72804
1241.84	2.71956
1244.61	20.711
1247.38	6.70245
1250.15	-1.30617
1252.92	8.68515
1255.69	0.676436
1258.46	2.66768
1261.23	-3.34114
1263.99	4.65001
1266.76	12.6411
1269.52	0.632165
1272.28	22.6232
1275.05	14.6141
1277.81	8.60505
1280.57	2.59592
1283.33	10.5868
1286.08	2.57753
1288.84	2.56827
1291.6	22.559
1294.35	22.5496
1297.11	-1.45978
1299.86	12.5308
1302.61	0.521283
1305.36	4.51176
1308.11	10.5022
1310.86	16.4926
1313.61	6.4829
1316.36	2.47319
1319.1	20.4634
1321.85	14.4537
1324.59	14.4438
1327.33	20.4339
1330.08	4.42401
1332.82	2.41404
1335.56	12.404
1338.3	8.39398
1341.04	8.38389
1343.77	18.3737
1346.51	24.3636
1349.25	12.3533
1351.98	0.343078
1354.71	12.3328
1357.45	6.32242
1360.18	2.31202
1362.91	16.3016
1365.64	18.2911
1368.37	8.28059
1371.09	24.27
1373.82	20.2594
1376.54	18.2488
1379.27	4.2381
1381.99	2.22737
1384.72	4.2166
1387.44	10.2058
1390.16	-7.80506
1392.88	12.1841
1395.6	14.1731
1398.31	12.1621
1401.03	10.1511
1403.75	2.14008
1406.46	-7.87102
1409.18	-3.88215
1411.89	16.1067
1414.6	16.0955
1417.31	14.0842
1420.02	2.07292
1422.73	8.06158
1425.44	18.0502
1428.15	2.03879
1430.85	18.0273
1433.56	6.01585
1436.26	16.0043
1438.97	1.99274
1441.67	15.9811
1444.37	-2.03051
1447.07	-6.0422
1449.77	21.9461
1452.47	13.9343
1455.16	11.9225
1457.86	19.9107
1460.56	3.89877
1463.25	-4.11315
1465.94	13.8749
1468.64	33.8629
1471.33	15.8509
1474.02	5.83879
1476.71	-2.17332
1479.4	13.8145
1482.09	7.80235
1484.77	-2.20987
1487.46	15.7779
1490.14	11.7656
1492.83	5.75323
1495.51	9.74086
1498.19	-0.27155
1500.87	13.716
1503.55	21.7035
1506.23	-0.308999
1508.91	5.67845
1511.59	1.66585
1514.27	19.6532
1516.94	11.6406
1519.62	7.62785
1522.29	9.61512
1524.96	5.60234
1527.63	-0.410468
1530.3	11.5767
1532.97	17.5638
1535.64	7.55088
1538.31	17.5379
1540.98	11.5249
1543.64	15.5119
1546.31	21.4989
1548.97	1.48576
1551.63	-6.52737
1554.3	15.4595
1556.96	9.44626
1559.62	13.433
1562.28	7.41976
1564.94	9.40646
1567.59	13.3931
1570.25	9.37974
1572.9	17.3663
1575.56	-2.64712
1578.21	5.33941
1580.86	17.3259
1583.52	17.3123
1586.17	19.2988
1588.82	17.2852
1591.47	21.2715
1594.11	9.25783
1596.76	-0.755883
1599.41	3.23037
1602.05	5.21659
1604.69	13.2028
1607.34	19.1889
1609.98	17.175
1612.62	9.16112
1615.26	11.1472
1617.9	17.1332
1620.54	9.11918
1623.18	7.10514
1625.81	7.09106
1628.45	11.0769
1631.08	-10.9372
1633.72	3.04863
1636.35	9.03442
1638.98	11.0202
1641.61	3.00591
1644.24	8.9916
1646.87	6.97727
1649.5	28.9629
1652.13	16.9485
1654.75	24.9341
1657.38	-11.0804
1660	6.9051
1662.63	12.8906
1665.25	14.876
1667.87	0.86143
1670.49	-1.15319
1673.11	16.8322
1675.73	-3.18252
1678.35	12.8028
1680.96	8.78802
1683.58	4.77325
1686.19	12.7584
1688.81	12.7436
1691.42	8.72874
1694.03	16.7138
1696.64	18.6989
1699.25	4.68396
1701.87	20.669
1704.47	4.65395
1707.08	4.63891
1709.69	14.6238
1712.29	6.60872
1714.9	2.59358
1717.5	4.57842
1720.1	2.56323
1722.71	16.548
1725.31	14.5327
1727.91	4.51746
1730.51	4.50215
1733.1	20.4868
1735.7	16.4714
1738.3	-5.54397
1740.89	0.440604
1743.49	4.42515
1746.08	10.4097
1748.67	6.39414
1751.26	22.3786
1753.86	20.363
1756.45	2.34743
1759.03	8.3318
1761.62	8.31614
1764.21	6.30046
1766.8	4.28475
1769.38	26.269
1771.97	18.2532
1774.55	14.2374
1777.13	14.2216
1779.71	20.2058
1782.29	8.18989
1784.87	2.17398
1787.45	14.158
1790.03	6.14209
1792.61	-5.87391
1795.18	0.11008
1797.76	10.094
1800.33	-3.92204
1802.9	14.0619
1805.48	12.0457
1808.05	10.0296
1810.62	4.01342
1813.19	3.99721
1815.76	21.981
1818.33	1.96472
1820.89	9.94843
1823.46	9.93213
1826.02	15.9158
1828.59	7.89943
1831.15	-4.11696
1833.71	13.8666
1836.27	13.8502
1838.84	3.83372
1841.39	11.8172
1843.95	5.80071
1846.51	9.78416
1849.07	21.7676
1851.62	23.751
1854.18	15.7344
1856.73	5.71775
1859.29	1.70107
1861.84	7.68438
1864.39	9.66766
1866.94	5.65091
1869.49	-6.36586
1872.04	17.6173
1874.59	-0.399472
1877.13	19.5837
1879.68	11.5668
1882.22	-0.450073
1884.77	5.53301
1887.31	5.51607
1889.85	-2.5009
1892.39	11.4821
1894.93	-2.5349
1897.47	7.44806
1900.01	29.431
1902.55	19.4139
1905.09	7.3968
1907.62	7.37966
1910.16	13.3625
1912.69	13.3453
1915.22	13.3281
1917.76	7.3109
1920.29	11.2936
1922.82	9.27637
1925.35	7.25907
1927.88	15.2417
1930.4	-0.775593
1932.93	7.20704
1935.46	-2.81035
1937.98	13.1722
1940.51	25.1548
1943.03	11.1373
1945.55	17.1199
1948.07	11.1024
1950.59	7.08483
1953.11	9.06728
1955.63	9.04971
1958.15	5.03212
1960.67	3.0145
1963.18	2.99687
1965.7	16.9792
1968.21	2.96152
1970.73	-3.05618
1973.24	10.9261
1975.75	2.90835
1978.26	2.89057
1980.77	12.8728
1983.28	20.855
1985.79	-1.16286
1988.29	12.8193
1990.8	8.8014
1993.31	-9.2165
1995.81	2.76558
1998.31	8.74765
