100.093	31.605
103.274	17.6111
106.457	33.6171
109.636	23.623
112.817	23.6288
115.994	31.6345
119.172	25.64
122.347	29.6455
125.521	21.6509
128.696	27.6561
131.868	37.6613
135.039	25.6663
138.209	21.6713
141.379	17.6761
144.547	23.6809
147.713	27.6855
150.879	29.6901
154.043	25.6945
157.206	33.6988
160.368	21.7031
163.529	17.7072
166.689	17.7113
169.848	9.71524
173.006	37.7191
176.163	23.7229
179.316	-0.273481
182.471	13.7301
185.625	25.7336
188.777	33.7369
191.927	21.7402
195.077	25.7434
198.224	17.7465
201.372	11.7495
204.52	25.7524
207.664	23.7553
210.809	17.758
213.95	1.76064
217.091	9.7632
220.233	17.7657
223.372	9.76803
226.509	19.7703
229.648	31.7725
232.784	27.7746
235.918	11.7767
239.051	17.7786
242.186	9.78044
245.317	21.7822
248.447	19.7839
251.577	9.78548
254.705	-2.21301
257.832	13.7884
260.958	9.78976
264.083	15.791
267.204	21.7922
270.327	23.7933
273.449	17.7943
276.57	17.7953
279.69	7.79611
282.806	25.7969
285.924	21.7976
289.04	5.79819
292.154	7.79873
295.268	1.79919
298.379	-4.20043
301.492	13.7999
304.601	-2.1999
307.711	21.8003
310.818	9.80033
313.924	9.80033
317.031	-0.19975
320.135	5.8001
323.238	21.7999
326.34	-4.20042
329.443	19.7992
332.543	-2.20124
335.642	19.7983
338.74	13.7977
341.836	7.797
344.932	13.7963
348.027	19.7955
351.12	3.7946
354.213	-2.20634
357.302	5.79266
360.393	17.7916
363.482	3.79043
366.57	7.78922
369.656	17.7879
372.742	9.78659
375.827	-0.214824
378.91	19.7837
381.993	19.7822
385.073	21.7805
388.154	15.7789
391.232	19.7771
394.311	35.7753
397.387	-0.226549
400.462	23.7715
403.536	15.7695
406.611	11.7675
409.683	17.7654
412.754	7.76318
415.824	3.76094
418.893	7.75864
421.961	19.7563
425.027	13.7539
428.093	15.7514
431.158	3.74884
434.222	23.7462
437.284	1.74359
440.346	9.74088
443.407	-4.26189
446.464	23.7353
449.523	5.73241
452.581	17.7295
455.635	5.72648
458.691	5.72343
461.743	-4.27967
464.797	19.7172
467.847	9.71397
470.899	-2.2893
473.947	25.7074
476.994	-6.29598
480.043	25.7006
483.088	3.69713
486.133	15.6936
489.176	11.69
492.22	5.6864
495.262	9.68273
498.302	17.679
501.341	19.6752
504.38	9.67141
507.417	15.6675
510.453	3.66362
513.487	5.65965
516.521	3.65564
519.554	-6.34842
522.586	-10.3525
525.616	-0.356685
528.646	5.63912
531.675	-0.36513
534.701	-8.36942
537.729	-4.37375
540.753	17.6219
543.778	27.6174
546.8	5.61298
549.821	7.60848
552.844	-2.39608
555.863	7.59933
558.881	7.5947
561.898	1.59002
564.916	11.5853
567.932	-10.4195
570.946	19.5758
573.959	23.5709
576.971	7.56604
579.982	9.56112
582.993	7.55617
586	23.5512
589.008	13.5461
592.015	-0.458922
595.022	21.536
598.025	1.53083
601.029	17.5257
604.032	5.52044
607.033	7.51519
610.034	9.5099
613.032	-0.495415
616.032	3.49923
619.028	1.49384
622.023	3.48842
625.018	13.483
628.013	9.47747
631.005	1.47195
633.997	5.4664
636.987	7.46082
639.977	3.4552
642.965	11.4496
645.952	13.4439
648.939	9.43816
651.924	1.43242
654.909	15.4267
657.892	1.42085
660.873	7.41503
663.854	-4.59083
666.835	11.4033
669.813	11.3974
672.791	13.3914
675.767	25.3855
678.743	19.3795
681.717	11.3735
684.692	19.3674
687.664	19.3613
690.634	29.3552
693.606	-0.650885
696.575	5.34297
699.543	3.3368
702.51	3.3306
705.475	5.32438
708.44	19.3181
711.404	13.3119
714.367	7.30559
717.329	13.2993
720.29	7.29294
723.25	9.28659
726.207	11.2802
729.166	3.27382
732.123	-0.732595
735.077	7.26097
738.032	15.2545
740.984	17.248
743.938	13.2415
746.888	11.235
749.839	15.2285
752.788	11.222
755.735	9.21538
758.682	15.2088
761.627	3.2022
764.574	11.1956
767.517	11.1889
770.46	1.18229
773.402	13.1756
776.342	13.1689
779.282	21.1622
782.219	23.1555
785.157	1.14881
788.094	13.1421
791.029	7.13531
793.962	13.1285
796.896	-6.87823
799.828	13.115
802.76	11.1082
805.689	5.10135
808.619	-4.90548
811.546	15.0877
814.473	11.0808
817.4	5.07396
820.324	3.06709
823.248	23.0602
826.17	27.0533
829.092	-2.95359
832.012	7.0395
834.932	9.03258
837.851	13.0257
840.768	21.0187
843.685	13.0118
846.599	9.00482
849.514	12.9979
852.428	12.9909
855.339	-1.01608
858.251	0.976936
861.16	22.97
864.07	14.963
866.978	10.956
869.884	4.94896
872.792	4.94195
875.696	0.934944
878.599	16.9279
881.502	30.9209
884.404	26.9139
887.304	20.9069
890.204	20.8998
893.103	26.8928
896.001	4.88577
898.898	0.878737
901.794	4.8717
904.689	-1.13534
907.581	8.85763
910.474	10.8506
913.364	10.8435
916.256	12.8365
919.144	-3.17053
922.034	12.8224
924.92	10.8154
927.808	-1.19165
930.693	-3.19869
933.576	10.7943
936.459	-3.21275
939.341	14.7802
942.222	22.7732
945.102	4.76617
947.981	8.75914
950.859	8.75212
953.737	16.7451
956.613	10.7381
959.488	8.73109
962.361	20.7241
965.235	12.7171
968.105	-1.28989
970.977	4.70312
973.846	6.69614
976.716	0.689167
979.583	10.6822
982.449	6.67524
985.316	16.6683
988.18	2.66134
991.043	2.6544
993.906	16.6475
996.767	8.64055
999.628	14.6336
1002.49	22.6267
1005.35	8.61983
1008.2	-3.38706
1011.06	32.6061
1013.91	28.5992
1016.77	12.5923
1019.62	10.5855
1022.48	4.57865
1025.33	16.5718
1028.18	16.565
1031.03	6.55821
1033.87	14.5514
1036.72	20.5446
1039.57	20.5379
1042.41	6.53112
1045.26	-5.47562
1048.1	-1.48235
1050.94	6.51093
1053.78	24.5042
1056.62	16.4975
1059.46	12.4909
1062.3	16.4842
1065.14	14.4776
1067.97	10.4709
1070.81	16.4643
1073.64	6.45772
1076.47	-1.54886
1079.31	-1.55543
1082.14	12.438
1084.97	2.43149
1087.8	6.42497
1090.63	4.41848
1093.45	0.411994
1096.28	24.4055
1099.1	2.39908
1101.93	8.39266
1104.75	6.38625
1107.57	10.3799
1110.39	16.3735
1113.21	10.3671
1116.03	16.3608
1118.85	10.3545
1121.66	24.3482
1124.48	18.3419
1127.3	6.33567
1130.11	12.3294
1132.92	4.32322
1135.73	16.317
1138.54	4.31087
1141.35	6.30472
1144.16	2.2986
1146.97	4.2925
1149.78	0.286417
1152.58	0.280365
1155.39	6.27433
1158.19	-5.73168
1161	0.262335
1163.8	20.2564
1166.6	4.25044
1169.4	-1.75548
1172.2	-1.76137
1174.99	0.232768
1177.79	10.2269
1180.59	20.2211
1183.38	16.2153
1186.17	2.20957
1188.97	6.20383
1191.76	12.1981
1194.55	6.19244
1197.34	14.1868
1200.13	4.18115
1202.92	8.17555
1205.7	2.16998
1208.49	6.16443
1211.27	-1.84109
1214.06	24.1534
1216.84	8.14796
1219.62	6.14253
1222.4	10.1371
1225.18	0.131745
1227.96	8.1264
1230.74	14.1211
1233.51	0.115796
1236.29	4.11054
1239.06	16.1053
1241.84	8.10012
1244.61	16.095
1247.38	12.0898
1250.15	4.08472
1252.92	6.07965
1255.69	6.07461
1258.46	18.0696
1261.23	18.0646
1263.99	24.0597
1266.76	6.05478
1269.52	2.04991
1272.28	12.0451
1275.05	4.04025
1277.81	-1.96452
1280.57	24.0307
1283.33	4.02603
1286.08	20.0214
1288.84	2.01672
1291.6	16.0121
1294.35	0.00754142
1297.11	14.003
1299.86	-4.00149
1302.61	17.994
1305.36	-4.01038
1308.11	11.9852
1310.86	11.9809
1313.61	9.97656
1316.36	15.9723
1319.1	9.96803
1321.85	3.96382
1324.59	-6.04035
1327.33	-2.04448
1330.08	3.95142
1332.82	3.94737
1335.56	13.9433
1338.3	-4.06063
1341.04	15.9354
1343.77	13.9315
1346.51	7.92766
1349.25	7.92384
1351.98	1.92006
1354.71	11.9163
1357.45	9.91261
1360.18	5.90894
1362.91	-0.0946834
1365.64	5.90173
1368.37	15.8982
1371.09	-0.10531
1373.82	-4.10877
1376.54	19.8878
1379.27	-6.11556
1381.99	11.8811
1384.72	5.87781
1387.44	23.8746
1390.16	9.87135
1392.88	21.8682
1395.6	25.8651
1398.31	21.862
1401.03	19.8589
1403.75	-4.14405
1406.46	7.853
1409.18	-2.14991
1411.89	17.8472
1414.6	21.8444
1417.31	-2.15835
1420.02	15.8389
1422.73	9.83623
1425.44	9.8336
1428.15	7.83101
1430.85	11.8285
1433.56	17.826
1436.26	-4.1765
1438.97	1.82109
1441.67	21.8187
1444.37	27.8164
1447.07	9.81415
1449.77	1.81192
1452.47	13.8097
1455.16	1.80762
1457.86	-4.19446
1460.56	-2.1965
1463.25	3.80152
1465.94	7.79958
1468.64	15.7977
1471.33	9.79585
1474.02	-4.20594
1476.71	27.7923
1479.4	5.79062
1482.09	17.789
1484.77	5.78738
1487.46	23.7858
1490.14	9.78434
1492.83	23.7829
1495.51	17.7815
1498.19	3.78015
1500.87	15.7789
1503.55	3.77761
1506.23	17.7764
1508.91	7.77528
1511.59	-4.22581
1514.27	7.77315
1516.94	7.77216
1519.62	3.77122
1522.29	3.77034
1524.96	-10.2305
1527.63	19.7687
1530.3	5.768
1532.97	19.7673
1535.64	27.7667
1538.31	3.76613
1540.98	17.7656
1543.64	3.76516
1546.31	25.7647
1548.97	5.76439
1551.63	11.7641
1554.3	27.7638
1556.96	9.76365
1559.62	15.7635
1562.28	15.7634
1564.94	13.7634
1567.59	9.76343
1570.25	7.76351
1572.9	1.76365
1575.56	21.7638
1578.21	1.76409
1580.86	15.7644
1583.52	1.76476
1586.17	-4.23483
1588.82	15.7656
1591.47	1.76618
1594.11	-4.23324
1596.76	-6.23259
1599.41	11.7681
1602.05	23.7689
1604.69	9.76968
1607.34	3.77055
1609.98	13.7715
1612.62	11.7725
1615.26	9.77352
1617.9	3.77462
1620.54	-2.22421
1623.18	11.777
1625.81	-12.2217
1628.45	9.77963
1631.08	9.78103
1633.72	11.7825
1636.35	3.784
1638.98	15.7856
1641.61	13.7872
1644.24	5.78891
1646.87	17.7907
1649.5	7.79249
1652.13	17.7944
1654.75	15.7963
1657.38	9.7983
1660	13.8004
1662.63	17.8025
1665.25	17.8047
1667.87	23.8069
1670.49	3.80921
1673.11	19.8116
1675.73	17.814
1678.35	-10.1835
1680.96	17.819
1683.58	13.8217
1686.19	1.82433
1688.81	11.8271
1691.42	15.8299
1694.03	-0.167264
1696.64	3.83566
1699.25	13.8387
1701.87	15.8417
1704.47	21.8448
1707.08	15.848
1709.69	11.8513
1712.29	11.8546
1714.9	9.85794
1717.5	7.86137
1720.1	13.8649
1722.71	13.8684
1725.31	13.8721
1727.91	-8.12423
1730.51	15.8795
1733.1	9.88335
1735.7	17.8872
1738.3	3.8912
1740.89	29.8952
1743.49	15.8993
1746.08	11.9035
1748.67	17.9077
1751.26	7.91197
1753.86	5.91633
1756.45	9.92075
1759.03	23.9252
1761.62	15.9298
1764.21	7.9344
1766.8	11.9391
1769.38	3.94384
1771.97	3.94866
1774.55	19.9536
1777.13	15.9585
1779.71	9.96353
1782.29	1.96862
1784.87	19.9738
1787.45	-2.02099
1790.03	21.9843
1792.61	19.9897
1795.18	7.9951
1797.76	18.0006
1800.33	0.00617382
1802.9	20.0118
1805.48	20.0175
1808.05	12.0233
1810.62	16.0291
1813.19	20.0351
1815.76	20.041
1818.33	4.04711
1820.89	10.0532
1823.46	28.0594
1826.02	18.0657
1828.59	10.072
1831.15	20.0784
1833.71	-9.91508
1836.27	2.09147
1838.84	26.0981
1841.39	-5.89522
1843.95	-5.88846
1846.51	-1.88163
1849.07	2.12527
1851.62	18.1322
1854.18	4.1393
1856.73	12.1464
1859.29	2.15361
1861.84	4.16087
1864.39	10.1682
1866.94	10.1756
1869.49	0.183095
1872.04	14.1906
1874.59	18.1983
1877.13	12.206
1879.68	8.21374
1882.22	14.2216
1884.77	2.2295
1887.31	14.2375
1889.85	10.2456
1892.39	16.2537
1894.93	16.2619
1897.47	0.270189
1900.01	22.2785
1902.55	6.28698
1905.09	2.29549
1907.62	0.304068
1910.16	18.3127
1912.69	20.3214
1915.22	10.3303
1917.76	22.3391
1920.29	14.3481
1922.82	10.3571
1925.35	20.3662
1927.88	18.3754
1930.4	14.3847
1932.93	16.394
1935.46	2.40339
1937.98	-3.58712
1940.51	10.4224
1943.03	8.43207
1945.55	4.44177
1948.07	0.451563
1950.59	20.4614
1953.11	22.4714
1955.63	10.4814
1958.15	8.49147
1960.67	26.5016
1963.18	18.5119
1965.7	2.5222
1968.21	8.5326
1970.73	10.5431
1973.24	20.5536
1975.75	-1.43574
1978.26	20.575
1980.77	16.5858
1983.28	20.5966
1985.79	0.607561
1988.29	26.6186
1990.8	4.62968
1993.31	10.6409
1995.81	8.65211
1998.31	26.6634
