100.093	19.7608
103.274	13.7671
106.457	19.7734
109.636	11.7798
112.817	21.7862
115.994	9.79266
119.172	19.7991
122.347	15.8056
125.521	15.8121
128.696	7.81868
131.868	7.82524
135.039	19.8318
138.209	1.83846
141.379	7.84511
144.547	21.8518
147.713	-6.14153
150.879	11.8652
154.043	15.8719
157.206	9.87869
160.368	-0.11453
163.529	13.8923
166.689	7.8991
169.848	9.90595
173.006	13.9128
176.163	7.91971
179.316	-0.0733891
182.471	-4.06646
185.625	19.9405
188.777	23.9474
191.927	15.9544
195.077	23.9614
198.224	9.96843
201.372	9.97546
204.52	-2.01749
207.664	7.98957
210.809	15.9966
213.95	22.0037
217.091	16.0108
220.233	32.018
223.372	8.02508
226.509	26.0322
229.648	-7.96062
232.784	24.0465
235.918	10.0537
239.051	14.0609
242.186	4.06811
245.317	0.0753189
248.447	4.08254
251.577	2.08976
254.705	28.097
257.832	0.104245
260.958	20.1115
264.083	6.11876
267.204	14.126
270.327	10.1333
273.449	16.1406
276.57	8.14786
279.69	4.15515
282.806	14.1624
285.924	34.1697
289.04	30.177
292.154	14.1844
295.268	16.1917
298.379	18.199
301.492	8.2063
304.601	22.2136
307.711	2.22093
310.818	22.2283
313.924	16.2356
317.031	10.2429
320.135	0.250213
323.238	8.25753
326.34	12.2649
329.443	16.2722
332.543	16.2795
335.642	4.2868
338.74	8.29411
341.836	30.3014
344.932	16.3087
348.027	28.316
351.12	2.32332
354.213	12.3306
357.302	-1.6621
360.393	10.3452
363.482	6.35246
366.57	4.35973
369.656	8.36699
372.742	8.37425
375.827	14.3815
378.91	12.3887
381.993	16.396
385.073	6.40319
388.154	-1.58959
391.232	32.4176
394.311	14.4248
397.387	16.432
400.462	10.4392
403.536	16.4463
406.611	26.4535
409.683	4.46063
412.754	12.4678
415.824	10.4749
418.893	8.48198
421.961	10.4891
425.027	14.4961
428.093	4.50321
431.158	16.5103
434.222	-5.48271
437.284	16.5243
440.346	2.53131
443.407	20.5383
446.464	14.5453
449.523	12.5522
452.581	10.5592
455.635	16.5661
458.691	12.573
461.743	0.579866
464.797	2.58673
467.847	12.5936
470.899	4.60041
473.947	-1.39279
476.994	4.614
480.043	10.6208
483.088	8.62751
486.133	14.6342
489.176	14.6409
492.22	18.6476
495.262	6.65429
498.302	16.6609
501.341	18.6675
504.38	2.67413
507.417	16.6807
510.453	-7.31276
513.487	16.6938
516.521	18.7002
519.554	-9.29328
522.586	6.71316
525.616	4.71958
528.646	20.726
531.675	10.7323
534.701	10.7387
537.729	6.74499
540.753	10.7513
543.778	10.7575
546.8	-1.23625
549.821	0.76995
552.844	-9.22388
555.863	2.78226
558.881	6.78837
561.898	0.794452
564.916	16.8005
567.932	6.80653
570.946	18.8125
573.959	12.8185
576.971	6.8244
579.982	6.83029
582.993	6.83615
586	12.842
589.008	12.8478
592.015	-3.14646
595.022	0.859266
598.025	16.865
601.029	-7.12938
604.032	8.87625
607.033	12.8818
610.034	18.8874
613.032	8.89291
616.032	-9.10161
619.028	0.903836
622.023	12.9092
625.018	20.9146
628.013	8.91995
631.005	4.92525
633.997	12.9305
636.987	24.9357
639.977	2.94091
642.965	2.94605
645.952	10.9512
648.939	12.9562
651.924	10.9612
654.909	-3.03377
657.892	24.9712
660.873	12.9761
663.854	12.9809
666.835	6.98576
669.813	18.9905
672.791	12.9953
675.767	4.99996
678.743	3.00461
681.717	-0.990787
684.692	5.01378
687.664	1.0183
690.634	5.02277
693.606	15.0272
696.575	19.0316
699.543	17.0359
702.51	15.0402
705.475	1.04447
708.44	3.04867
711.404	3.05283
714.367	-0.943058
717.329	5.06101
720.29	-0.934978
723.25	21.069
726.207	7.07291
729.166	29.0768
732.123	-0.919391
735.077	13.0844
738.032	-0.91189
740.984	11.0918
743.938	1.09541
746.888	9.09899
749.839	-6.89748
752.788	9.106
755.735	17.1094
758.682	-0.887205
761.627	-0.883882
764.574	9.11939
767.517	-0.87739
770.46	17.1258
773.402	3.12889
776.342	17.132
779.282	5.13496
782.219	-2.86209
785.157	13.1408
788.094	7.14366
791.029	-0.853543
793.962	1.14919
796.896	13.1519
799.828	5.1545
802.76	23.1571
805.689	3.15959
808.619	13.1621
811.546	19.1645
814.473	11.1668
817.4	21.1691
820.324	9.17133
823.248	5.1735
826.17	31.1756
829.092	11.1777
832.012	19.1797
834.932	17.1816
837.851	11.1835
840.768	11.1853
843.685	13.1871
846.599	11.1888
849.514	-4.80955
852.428	11.192
855.339	13.1936
858.251	7.19503
861.16	15.1964
864.07	9.19777
866.978	17.1991
869.884	7.20027
872.792	7.20143
875.696	19.2025
878.599	21.2035
881.502	9.20452
884.404	1.20542
887.304	3.20626
890.204	13.207
893.103	19.2078
896.001	11.2084
898.898	11.209
901.794	1.20951
904.689	11.21
907.581	3.21035
910.474	15.2107
913.364	3.21093
916.256	5.21112
919.144	-2.78875
922.034	29.2113
924.92	15.2113
927.808	15.2112
930.693	5.21108
933.576	15.2109
936.459	7.21059
939.341	-10.7898
942.222	7.20982
945.102	19.2093
947.981	13.2088
950.859	9.20816
953.737	1.20747
956.613	21.2067
959.488	17.2059
962.361	13.205
965.235	5.204
968.105	-0.797039
970.977	7.20185
973.846	3.20066
976.716	21.1994
979.583	33.1981
982.449	7.19668
985.316	7.1952
988.18	9.19366
991.043	15.192
993.906	1.19035
996.767	25.1886
999.628	13.1867
1002.49	11.1848
1005.35	11.1829
1008.2	11.1808
1011.06	9.17866
1013.91	7.17645
1016.77	21.1742
1019.62	11.1718
1022.48	11.1694
1025.33	9.16687
1028.18	9.16429
1031.03	15.1616
1033.87	13.1589
1036.72	17.1561
1039.57	15.1532
1042.41	3.15022
1045.26	9.14718
1048.1	3.14406
1050.94	11.1409
1053.78	15.1376
1056.62	15.1342
1059.46	3.13079
1062.3	3.12728
1065.14	11.1237
1067.97	11.12
1070.81	25.1163
1073.64	21.1124
1076.47	9.10854
1079.31	25.1045
1082.14	7.10048
1084.97	-2.90367
1087.8	7.0921
1090.63	9.08779
1093.45	7.0834
1096.28	13.0789
1099.1	9.07437
1101.93	9.06974
1104.75	11.065
1107.57	13.0602
1110.39	1.05534
1113.21	3.05038
1116.03	1.04533
1118.85	19.0402
1121.66	3.03499
1124.48	7.02969
1127.3	13.0243
1130.11	11.0188
1132.92	13.0133
1135.73	11.0077
1138.54	9.00195
1141.35	4.99614
1144.16	12.9903
1146.97	20.9843
1149.78	10.9782
1152.58	12.9721
1155.39	-1.03414
1158.19	18.9595
1161	22.9531
1163.8	12.9467
1166.6	16.9401
1169.4	20.9334
1172.2	6.92667
1174.99	-9.08017
1177.79	18.9129
1180.59	20.9059
1183.38	10.8988
1186.17	6.89162
1188.97	10.8843
1191.76	4.87699
1194.55	-3.13047
1197.34	10.862
1200.13	4.85436
1202.92	10.8466
1205.7	6.83884
1208.49	-1.16906
1211.27	12.823
1214.06	24.8149
1216.84	2.80671
1219.62	-9.20154
1222.4	0.790106
1225.18	14.7817
1227.96	14.7731
1230.74	20.7645
1233.51	12.7558
1236.29	22.747
1239.06	10.7381
1241.84	6.72912
1244.61	14.72
1247.38	18.7109
1250.15	2.7016
1252.92	6.69225
1255.69	-7.31721
1258.46	14.6733
1261.23	4.66361
1263.99	14.6539
1266.76	16.6441
1269.52	8.63414
1272.28	14.6241
1275.05	14.614
1277.81	8.60382
1280.57	12.5935
1283.33	24.5831
1286.08	6.57266
1288.84	8.56207
1291.6	6.5514
1294.35	0.540626
1297.11	-7.47023
1299.86	10.5188
1302.61	18.5077
1305.36	2.49659
1308.11	12.4853
1310.86	8.47399
1313.61	16.4625
1316.36	2.451
1319.1	16.4394
1321.85	8.42763
1324.59	-7.5842
1327.33	12.4039
1330.08	14.3918
1332.82	2.37971
1335.56	-1.63251
1338.3	18.3552
1341.04	-1.65725
1343.77	10.3302
1346.51	8.31761
1349.25	20.3049
1351.98	6.29208
1354.71	16.2792
1357.45	-1.73386
1360.18	12.253
1362.91	12.2398
1365.64	8.22649
1368.37	22.2131
1371.09	2.19956
1373.82	12.1859
1376.54	8.17223
1379.27	26.1584
1381.99	4.14449
1384.72	12.1305
1387.44	24.1164
1390.16	-1.89788
1392.88	4.0878
1395.6	22.0734
1398.31	18.0588
1401.03	2.04422
1403.75	8.02949
1406.46	18.0146
1409.18	5.9997
1411.89	9.98466
1414.6	23.9695
1417.31	3.95428
1420.02	11.9389
1422.73	5.92347
1425.44	11.9079
1428.15	-0.107747
1430.85	3.87648
1433.56	15.8606
1436.26	-0.155363
1438.97	3.82856
1441.67	9.81238
1444.37	-2.2039
1447.07	11.7797
1449.77	13.7632
1452.47	27.7466
1455.16	9.7299
1457.86	17.7131
1460.56	-2.30384
1463.25	9.67914
1465.94	13.662
1468.64	15.6448
1471.33	11.6274
1474.02	1.60998
1476.71	11.5924
1479.4	-4.42524
1482.09	7.55699
1484.77	9.53912
1487.46	11.5211
1490.14	25.503
1492.83	23.4848
1495.51	9.46654
1498.19	13.4481
1500.87	3.42962
1503.55	1.41098
1506.23	9.39224
1508.91	7.3734
1511.59	5.35444
1514.27	11.3354
1516.94	7.31622
1519.62	-2.70307
1522.29	11.2775
1524.96	13.258
1527.63	1.23844
1530.3	9.21873
1532.97	11.1989
1535.64	13.179
1538.31	1.15892
1540.98	21.1388
1543.64	17.1185
1546.31	1.09813
1548.97	27.0776
1551.63	9.05705
1554.3	-2.96367
1556.96	15.0155
1559.62	18.9946
1562.28	12.9736
1564.94	-1.04759
1567.59	2.93115
1570.25	20.9098
1572.9	0.888287
1575.56	-9.13331
1578.21	4.84499
1580.86	10.8232
1583.52	2.80123
1586.17	12.7792
1588.82	12.757
1591.47	12.7348
1594.11	-9.28762
1596.76	18.6899
1599.41	10.6673
1602.05	-3.35543
1604.69	6.62174
1607.34	-5.40121
1609.98	28.5757
1612.62	12.5525
1615.26	16.5293
1617.9	4.50587
1620.54	4.48235
1623.18	12.4587
1625.81	10.435
1628.45	8.41112
1631.08	0.387156
1633.72	-1.63693
1636.35	16.3389
1638.98	8.31456
1641.61	-1.70987
1644.24	12.2656
1646.87	4.24092
1649.5	0.216145
1652.13	2.19127
1654.75	26.1663
1657.38	2.14114
1660	14.1159
1662.63	10.0906
1665.25	18.0651
1667.87	14.0395
1670.49	8.01379
1673.11	3.98798
1675.73	-8.03795
1678.35	17.936
1680.96	19.9098
1683.58	-6.11644
1686.19	11.8572
1688.81	7.83063
1691.42	3.80401
1694.03	5.77725
1696.64	11.7504
1699.25	19.7234
1701.87	9.6963
1704.47	1.66908
1707.08	11.6417
1709.69	3.61429
1712.29	5.58671
1714.9	21.559
1717.5	-0.468773
1720.1	-2.49671
1722.71	13.4752
1725.31	5.44709
1727.91	17.4188
1730.51	-0.609598
1733.1	15.3619
1735.7	3.33323
1738.3	9.30448
1740.89	13.2756
1743.49	5.24661
1746.08	9.21749
1748.67	3.18825
1751.26	9.15892
1753.86	13.1294
1756.45	5.09984
1759.03	3.07013
1761.62	7.04029
1764.21	5.01034
1766.8	2.98028
1769.38	4.95009
1771.97	24.9198
1774.55	12.8893
1777.13	4.85877
1779.71	20.8281
1782.29	8.79732
1784.87	2.76639
1787.45	-1.26465
1790.03	14.7042
1792.61	8.67291
1795.18	12.6415
1797.76	10.61
1800.33	-7.42165
1802.9	16.5466
1805.48	-3.48529
1808.05	0.482701
1810.62	-3.54943
1813.19	20.4183
1815.76	6.38594
1818.33	6.35344
1820.89	16.3208
1823.46	6.28808
1826.02	8.25521
1828.59	4.22223
1831.15	20.1891
1833.71	16.1559
1836.27	14.1225
1838.84	10.0891
1841.39	8.05547
1843.95	24.0217
1846.51	11.9879
1849.07	1.95395
1851.62	-0.0801484
1854.18	25.8856
1856.73	15.8513
1859.29	7.81683
1861.84	-6.21775
1864.39	27.7476
1866.94	5.7127
1869.49	9.67775
1872.04	13.6427
1874.59	13.6075
1877.13	3.57214
1879.68	1.53671
1882.22	1.50112
1884.77	5.46541
1887.31	13.4296
1889.85	5.39364
1892.39	3.35758
1894.93	9.32139
1897.47	29.285
1900.01	-0.7514
1902.55	1.21203
1905.09	5.17533
1907.62	23.1385
1910.16	-0.898422
1912.69	-4.9355
1915.22	1.02729
1917.76	12.99
1920.29	22.9525
1922.82	18.915
1925.35	18.8772
1927.88	16.8394
1930.4	18.8015
1932.93	4.76339
1935.46	26.7252
1937.98	-5.31315
1940.51	16.6484
1943.03	0.609806
1945.55	10.5711
1948.07	18.5323
1950.59	10.4933
1953.11	10.4542
1955.63	12.415
1958.15	10.3757
1960.67	6.33621
1963.18	10.2966
1965.7	6.2569
1968.21	14.2171
1970.73	16.1771
1973.24	4.13696
1975.75	18.0968
1978.26	8.05638
1980.77	14.0159
1983.28	9.97529
1985.79	-0.0654428
1988.29	23.8937
1990.8	3.85268
1993.31	-8.18844
1995.81	9.77031
1998.31	11.729
