100.093	25.247
103.274	17.2707
106.457	9.29447
109.636	-2.68187
112.817	17.3418
115.994	15.3653
119.172	13.3888
122.347	21.4123
125.521	11.4356
128.696	25.459
131.868	15.4823
135.039	17.5055
138.209	9.52865
141.379	13.5518
144.547	11.5748
147.713	13.5978
150.879	23.6208
154.043	11.6437
157.206	15.6665
160.368	-6.3107
163.529	21.712
166.689	15.7347
169.848	21.7573
173.006	17.7799
176.163	13.8024
179.316	15.8249
182.471	13.8473
185.625	7.86961
188.777	15.8919
191.927	17.9141
195.077	5.93632
198.224	7.95844
201.372	15.9805
204.52	18.0026
207.664	-9.97548
210.809	22.0464
213.95	6.06829
217.091	4.09009
220.233	18.1119
223.372	22.1335
226.509	14.1552
229.648	-3.82322
232.784	0.198318
235.918	6.2198
239.051	22.2412
242.186	14.2626
245.317	10.2839
248.447	28.3052
251.577	14.3264
254.705	14.3476
257.832	8.36869
260.958	10.3898
264.083	4.41076
267.204	14.4317
270.327	4.45259
273.449	8.47344
276.57	4.49423
279.69	14.515
282.806	8.53565
285.924	2.55629
289.04	18.5769
292.154	-1.40261
295.268	10.6179
298.379	8.63829
301.492	4.65867
304.601	-1.32102
307.711	14.6993
310.818	20.7195
313.924	10.7396
317.031	2.75973
320.135	6.77978
323.238	2.79978
326.34	10.8197
329.443	24.8396
332.543	12.8595
335.642	4.87928
338.74	-5.10098
341.836	14.9187
344.932	2.93835
348.027	22.9579
351.12	10.9775
354.213	6.99697
357.302	25.0164
360.393	13.0358
363.482	-2.9449
366.57	7.07439
369.656	9.0936
372.742	3.11278
375.827	13.1319
378.91	1.15098
381.993	11.17
385.073	11.189
388.154	15.2079
391.232	5.22676
394.311	-4.75442
397.387	1.26435
400.462	17.2831
403.536	13.3017
406.611	7.32034
409.683	11.3389
412.754	9.35741
415.824	11.3759
418.893	1.39428
421.961	-0.587359
425.027	17.431
428.093	15.4492
431.158	15.4674
434.222	9.48558
437.284	11.5037
440.346	11.5217
443.407	5.53976
446.464	7.55771
449.523	3.57562
452.581	3.59348
455.635	13.6113
458.691	7.62904
461.743	5.64674
464.797	9.66441
467.847	-0.317991
470.899	1.69957
473.947	11.7171
476.994	13.7345
480.043	9.75195
483.088	1.7693
486.133	11.7866
489.176	13.8039
492.22	1.82109
495.262	5.83825
498.302	7.85536
501.341	9.87242
504.38	7.88944
507.417	7.9064
510.453	9.92332
513.487	9.94017
516.521	7.95699
519.554	5.97376
522.586	5.99048
525.616	-3.99285
528.646	12.0238
531.675	22.0403
534.701	8.05686
537.729	4.07334
540.753	-1.91024
543.778	12.1061
546.8	6.12247
549.821	8.13875
552.844	0.154986
555.863	8.17117
558.881	8.1873
561.898	2.20338
564.916	20.2194
567.932	6.23542
570.946	6.25136
573.959	2.26725
576.971	2.2831
579.982	10.2989
582.993	16.3146
586	8.33034
589.008	14.346
592.015	10.3616
595.022	28.3772
598.025	2.39267
601.029	18.4081
604.032	16.4235
607.033	2.43891
610.034	-1.54577
613.032	12.4695
616.032	0.484731
619.028	-5.5001
622.023	12.515
625.018	8.53011
628.013	6.54515
631.005	-1.43986
633.997	14.5751
636.987	-1.41003
639.977	0.604811
642.965	12.6196
645.952	16.6344
648.939	0.649066
651.924	20.6637
654.909	-11.3217
657.892	6.6929
660.873	4.70741
663.854	10.7219
666.835	10.7363
669.813	-1.24932
672.791	14.765
675.767	-3.2207
678.743	14.7935
681.717	2.80772
684.692	10.8219
687.664	2.83597
690.634	-7.14998
693.606	4.86403
696.575	8.87799
699.543	8.8919
702.51	10.9058
705.475	18.9196
708.44	4.93336
711.404	14.9471
714.367	16.9608
717.329	2.97441
720.29	10.988
723.25	1.00154
726.207	7.01504
729.166	1.02849
732.123	23.0419
735.077	9.05526
738.032	15.0686
740.984	21.0818
743.938	11.0951
746.888	11.1082
749.839	17.1214
752.788	-2.86553
755.735	19.1475
758.682	9.16051
761.627	17.1735
764.574	5.18638
767.517	11.1992
770.46	15.2121
773.402	13.2248
776.342	-0.762447
779.282	7.25024
782.219	-0.737134
785.157	9.27546
788.094	-0.711991
791.029	9.30051
793.962	-0.687034
796.896	19.3254
799.828	3.33775
802.76	11.3501
805.689	9.36235
808.619	7.37459
811.546	1.38677
814.473	-4.60108
817.4	5.41102
820.324	35.4231
823.248	1.43509
826.17	-0.552943
829.092	11.459
832.012	13.4709
834.932	13.4827
837.851	15.4945
840.768	7.50624
843.685	11.5179
846.599	17.5296
849.514	7.54121
852.428	17.5528
855.339	13.5643
858.251	9.57579
861.16	9.58723
864.07	9.59863
866.978	11.61
869.884	13.6213
872.792	13.6326
875.696	13.6438
878.599	33.655
881.502	15.6661
884.404	5.67718
887.304	11.6882
890.204	35.6992
893.103	-4.28981
896.001	5.72111
898.898	9.73199
901.794	21.7428
904.689	17.7536
907.581	5.76435
910.474	11.7751
913.364	1.78571
916.256	9.79633
919.144	13.8069
922.034	1.81744
924.92	11.8279
927.808	9.83837
930.693	5.84877
933.576	1.85913
936.459	3.86945
939.341	-0.12028
942.222	-6.11005
945.102	13.9001
947.981	3.91029
950.859	17.9204
953.737	15.9305
956.613	5.94048
959.488	3.95046
962.361	11.9604
965.235	11.9703
968.105	13.9801
970.977	11.9899
973.846	9.99971
976.716	12.0094
979.583	6.01911
982.449	8.02875
985.316	8.03836
988.18	4.04791
991.043	30.0574
993.906	2.0669
996.767	14.0763
999.628	10.0857
1002.49	-1.90493
1005.35	20.1044
1008.2	-3.88636
1011.06	6.12286
1013.91	-3.86796
1016.77	8.14119
1019.62	0.150281
1022.48	10.1593
1025.33	-11.8316
1028.18	8.17733
1031.03	16.1863
1033.87	4.19515
1036.72	0.20401
1039.57	10.2128
1042.41	10.2216
1045.26	10.2303
1048.1	24.239
1050.94	12.2476
1053.78	14.2563
1056.62	10.2648
1059.46	2.27334
1062.3	2.28183
1065.14	10.2903
1067.97	22.2987
1070.81	10.307
1073.64	16.3153
1076.47	14.3236
1079.31	0.331863
1082.14	4.34006
1084.97	14.3482
1087.8	4.35634
1090.63	4.36441
1093.45	12.3724
1096.28	6.38044
1099.1	18.3884
1101.93	-1.60369
1104.75	14.4042
1107.57	2.41203
1110.39	8.41982
1113.21	10.4276
1116.03	8.43529
1118.85	-11.557
1121.66	10.4506
1124.48	-5.5418
1127.3	4.46575
1130.11	6.47327
1132.92	4.48074
1135.73	18.4882
1138.54	12.4956
1141.35	10.5029
1144.16	14.5103
1146.97	12.5175
1149.78	-3.47523
1152.58	12.532
1155.39	6.53912
1158.19	14.5462
1161	6.55332
1163.8	10.5604
1166.6	6.56736
1169.4	6.57433
1172.2	10.5812
1174.99	12.5881
1177.79	6.59498
1180.59	18.6018
1183.38	18.6085
1186.17	12.6153
1188.97	8.62196
1191.76	-1.37139
1194.55	12.6352
1197.34	16.6418
1200.13	6.64833
1202.92	4.65482
1205.7	-9.33873
1208.49	6.66769
1211.27	6.67407
1214.06	8.68041
1216.84	12.6867
1219.62	10.693
1222.4	4.6992
1225.18	6.70538
1227.96	4.71153
1230.74	8.71764
1233.51	6.72371
1236.29	0.729739
1239.06	0.735732
1241.84	6.74169
1244.61	-5.2524
1247.38	4.75348
1250.15	22.7593
1252.92	4.76513
1255.69	20.7709
1258.46	-3.22338
1261.23	16.7823
1263.99	0.787954
1266.76	4.79357
1269.52	6.79914
1272.28	6.80468
1275.05	6.81018
1277.81	12.8156
1280.57	18.8211
1283.33	6.82645
1286.08	16.8318
1288.84	14.8371
1291.6	2.84239
1294.35	10.8476
1297.11	2.85282
1299.86	0.85798
1302.61	6.86311
1305.36	12.8682
1308.11	0.87324
1310.86	0.878251
1313.61	16.8832
1316.36	14.8882
1319.1	-5.10694
1321.85	6.89793
1324.59	8.90275
1327.33	14.9075
1330.08	2.91229
1332.82	6.91701
1335.56	12.9217
1338.3	10.9263
1341.04	0.930929
1343.77	14.9355
1346.51	4.94003
1349.25	10.9445
1351.98	14.949
1354.71	22.9534
1357.45	6.95778
1360.18	4.96213
1362.91	8.96644
1365.64	18.9707
1368.37	10.975
1371.09	14.9792
1373.82	0.983321
1376.54	-1.01255
1379.27	18.9915
1381.99	6.9956
1384.72	-1.00038
1387.44	1.0036
1390.16	9.00755
1392.88	1.01146
1395.6	5.01533
1398.31	-0.980829
1401.03	-0.977026
1403.75	15.0267
1406.46	17.0305
1409.18	15.0342
1411.89	-2.96217
1414.6	11.0415
1417.31	11.045
1420.02	15.0486
1422.73	13.0521
1425.44	5.05559
1428.15	3.05903
1430.85	19.0624
1433.56	9.06581
1436.26	7.06915
1438.97	9.07245
1441.67	3.07572
1444.37	5.07895
1447.07	23.0821
1449.77	11.0853
1452.47	3.08843
1455.16	17.0915
1457.86	11.0946
1460.56	-0.902404
1463.25	1.10058
1465.94	11.1035
1468.64	9.10644
1471.33	9.10932
1474.02	21.1122
1476.71	7.11498
1479.4	3.11775
1482.09	-0.879511
1484.77	3.12319
1487.46	15.1259
1490.14	3.1285
1492.83	-2.8689
1495.51	13.1337
1498.19	9.13619
1500.87	3.13869
1503.55	9.14115
1506.23	-2.85643
1508.91	19.146
1511.59	9.14832
1514.27	5.15065
1516.94	7.15293
1519.62	11.1552
1522.29	19.1574
1524.96	-2.84041
1527.63	9.16174
1530.3	9.16386
1532.97	5.16594
1535.64	9.16799
1538.31	15.17
1540.98	9.17198
1543.64	3.17393
1546.31	23.1758
1548.97	15.1777
1551.63	11.1796
1554.3	9.18137
1556.96	9.18315
1559.62	11.1849
1562.28	-2.8134
1564.94	11.1883
1567.59	1.18991
1570.25	1.19152
1572.9	-6.80691
1575.56	15.1946
1578.21	21.1961
1580.86	-8.80239
1583.52	5.19904
1586.17	15.2004
1588.82	15.2018
1591.47	3.20316
1594.11	17.2045
1596.76	9.20573
1599.41	7.20697
1602.05	27.2082
1604.69	5.20935
1607.34	5.21048
1609.98	9.21159
1612.62	3.21266
1615.26	15.2137
1617.9	-0.785298
1620.54	5.21567
1623.18	3.21661
1625.81	7.21752
1628.45	7.21839
1631.08	11.2192
1633.72	9.22004
1636.35	9.22081
1638.98	9.22155
1641.61	7.22226
1644.24	-0.777062
1646.87	3.22358
1649.5	13.2242
1652.13	9.22477
1654.75	-0.774686
1657.38	9.22583
1660	3.22631
1662.63	1.22675
1665.25	13.2272
1667.87	9.22755
1670.49	1.2279
1673.11	3.22822
1675.73	7.2285
1678.35	21.2288
1680.96	-8.77102
1683.58	7.22916
1686.19	11.2293
1688.81	5.22944
1691.42	7.22954
1694.03	5.22959
1696.64	11.2296
1699.25	9.22962
1701.87	9.22958
1704.47	15.2295
1707.08	7.22941
1709.69	3.22928
1712.29	9.22911
1714.9	9.22892
1717.5	13.2287
1720.1	15.2284
1722.71	5.22814
1725.31	-0.772185
1727.91	1.22746
1730.51	11.2271
1733.1	1.22665
1735.7	13.2262
1738.3	13.2257
1740.89	9.22521
1743.49	1.22467
1746.08	3.22409
1748.67	11.2235
1751.26	7.22284
1753.86	9.22217
1756.45	1.22147
1759.03	31.2207
1761.62	1.21998
1764.21	-0.780819
1766.8	13.2184
1769.38	9.2175
1771.97	7.21661
1774.55	15.2157
1777.13	15.2147
1779.71	5.21376
1782.29	15.2127
1784.87	3.2117
1787.45	9.21062
1790.03	11.2095
1792.61	9.20838
1795.18	-0.792784
1797.76	11.206
1800.33	25.2048
1802.9	7.20353
1805.48	15.2022
1808.05	1.20092
1810.62	15.1996
1813.19	15.1982
1815.76	-2.80323
1818.33	7.19533
1820.89	5.19385
1823.46	13.1924
1826.02	-2.80918
1828.59	11.1893
1831.15	3.18766
1833.71	3.18603
1836.27	1.18437
1838.84	15.1827
1841.39	21.181
1843.95	11.1792
1846.51	7.17745
1849.07	-2.82436
1851.62	9.17381
1854.18	21.1719
1856.73	-10.83
1859.29	9.16811
1861.84	11.1662
1864.39	11.1642
1866.94	9.16215
1869.49	9.1601
1872.04	9.15803
1874.59	1.15592
1877.13	13.1538
1879.68	17.1516
1882.22	1.14942
1884.77	13.1472
1887.31	9.14494
1889.85	15.1427
1892.39	7.14034
1894.93	5.138
1897.47	-0.864375
1900.01	13.1332
1902.55	9.13079
1905.09	9.12833
1907.62	11.1258
1910.16	5.12332
1912.69	1.12077
1915.22	5.11819
1917.76	3.11558
1920.29	-0.887059
1922.82	13.1103
1925.35	17.1076
1927.88	7.10485
1930.4	5.1021
1932.93	-6.90069
1935.46	5.0965
1937.98	1.09366
1940.51	1.09079
1943.03	15.0879
1945.55	9.08496
1948.07	21.082
1950.59	1.07902
1953.11	-4.924
1955.63	15.073
1958.15	11.0699
1960.67	3.06678
1963.18	17.0637
1965.7	21.0605
1968.21	7.05731
1970.73	-0.945909
1973.24	9.05085
1975.75	19.0476
1978.26	5.04427
1980.77	7.04094
1983.28	17.0376
1985.79	19.0342
1988.29	3.03078
1990.8	-2.97267
1993.31	5.02386
1995.81	9.02036
1998.31	1.01683
