100.093	5.76531
103.274	13.8599
106.457	23.9539
109.636	16.0474
112.817	42.1404
115.994	10.2328
119.172	0.324657
122.347	10.416
125.521	6.50673
128.696	24.597
131.868	4.68674
135.039	24.7759
138.209	-1.13544
141.379	0.952739
144.547	11.0403
147.713	25.1274
150.879	5.21396
154.043	13.3
157.206	15.3855
160.368	7.4705
163.529	3.55499
166.689	1.63896
169.848	9.72241
173.006	1.80536
176.163	7.8878
179.316	7.96968
182.471	-11.9489
185.625	-3.86796
188.777	0.212462
191.927	10.2923
195.077	4.37176
198.224	8.45064
201.372	-5.47093
204.52	20.607
207.664	22.6844
210.809	12.7614
213.95	20.8378
217.091	-1.08628
220.233	6.98922
223.372	19.0642
226.509	13.1387
229.648	11.2127
232.784	15.2862
235.918	19.3593
239.051	9.43186
242.186	25.504
245.317	5.57563
248.447	1.64679
251.577	1.71748
254.705	5.78769
257.832	15.8574
260.958	9.92674
264.083	3.99556
267.204	20.0639
270.327	10.1318
273.449	0.199232
276.57	2.26622
279.69	14.3328
282.806	0.398796
285.924	6.46443
289.04	-5.47039
292.154	14.5943
295.268	18.6586
298.379	0.722374
301.492	4.78577
304.601	2.84868
307.711	-5.08881
310.818	16.9732
313.924	17.0348
317.031	5.09601
320.135	5.15673
323.238	3.21702
326.34	19.2769
329.443	-0.66366
332.543	9.39534
335.642	15.4539
338.74	-2.48795
341.836	19.5698
344.932	25.6271
348.027	13.684
351.12	15.7404
354.213	1.79645
357.302	7.85203
360.393	13.9072
363.482	3.96204
366.57	14.0164
369.656	26.0704
372.742	2.12392
375.827	14.1771
378.91	20.2298
381.993	10.2821
385.073	10.334
388.154	2.38557
391.232	4.43667
394.311	-1.51259
397.387	6.53772
400.462	10.5876
403.536	12.6372
406.611	16.6863
409.683	16.735
412.754	2.78339
415.824	-1.16866
418.893	12.8789
421.961	10.9261
425.027	18.9729
428.093	3.0193
431.158	15.0653
434.222	7.11099
437.284	15.1563
440.346	9.20116
443.407	7.24568
446.464	1.2898
449.523	7.33358
452.581	17.377
455.635	13.42
458.691	3.46265
461.743	17.5049
464.797	5.54685
467.847	11.5884
470.899	1.62959
473.947	9.67041
476.994	7.71086
480.043	17.751
483.088	3.79072
486.133	13.8301
489.176	13.8691
492.22	7.90783
495.262	11.9462
498.302	19.9841
501.341	4.02175
504.38	4.05903
507.417	6.09596
510.453	8.13254
513.487	6.16876
516.521	10.2047
519.554	-3.75979
522.586	0.275431
525.616	16.3103
528.646	14.3448
531.675	6.37904
534.701	-15.5871
537.729	12.4464
540.753	12.4796
543.778	2.51249
546.8	10.545
549.821	14.5772
552.844	-3.39088
555.863	4.64067
558.881	20.6719
561.898	16.7028
564.916	2.7334
567.932	10.7637
570.946	10.7936
573.959	2.82324
576.971	12.8526
579.982	-7.11845
582.993	-5.08976
586	8.93859
589.008	16.9667
592.015	-1.00559
595.022	9.02186
598.025	7.04898
601.029	-0.924179
604.032	15.1024
607.033	9.12857
610.034	15.1545
613.032	23.1801
616.032	13.2054
619.028	11.2305
622.023	-2.74483
625.018	5.2796
628.013	5.30374
631.005	-4.67242
633.997	3.35113
636.987	5.37439
639.977	5.39736
642.965	7.42004
645.952	15.4424
648.939	5.46455
651.924	7.48638
654.909	3.50793
657.892	1.52919
660.873	11.5502
663.854	-6.42912
666.835	13.5913
669.813	9.61145
672.791	5.63133
675.767	21.6509
678.743	5.67025
681.717	-6.3107
684.692	17.7081
687.664	1.72661
690.634	-0.255146
693.606	21.7628
696.575	21.7806
699.543	21.798
702.51	9.8152
705.475	-2.16788
708.44	13.8488
711.404	17.8652
714.367	-2.11865
717.329	9.89724
720.29	11.9129
723.25	9.92827
726.207	9.94339
729.166	13.9583
732.123	-4.0271
735.077	9.98727
738.032	4.00141
740.984	-3.98472
743.938	8.02892
746.888	10.0423
749.839	18.0555
752.788	8.06836
755.735	18.081
758.682	14.0934
761.627	16.1056
764.574	16.1176
767.517	12.1293
770.46	4.14076
773.402	-1.848
776.342	14.163
779.282	20.1738
782.219	2.18433
785.157	26.1946
788.094	14.2047
791.029	4.21459
793.962	14.2242
796.896	28.2336
799.828	8.24281
802.76	14.2518
805.689	0.260511
808.619	12.269
811.546	24.2773
814.473	6.28541
817.4	0.293282
820.324	6.30093
823.248	20.3084
826.17	16.3156
829.092	6.32259
832.012	14.3294
834.932	-3.66402
837.851	16.3424
840.768	12.3485
843.685	10.3545
846.599	10.3602
849.514	14.3658
852.428	18.3712
855.339	0.376296
858.251	16.3812
861.16	30.386
864.07	6.39054
866.978	0.394883
869.884	8.39903
872.792	26.403
875.696	10.4068
878.599	6.41032
881.502	12.4137
884.404	30.4169
887.304	4.41987
890.204	14.4227
893.103	12.4253
896.001	6.42772
898.898	12.43
901.794	12.432
904.689	16.4339
907.581	10.4356
910.474	14.4371
913.364	4.43843
916.256	12.4396
919.144	10.4406
922.034	22.4413
924.92	10.442
927.808	4.44241
930.693	26.4427
933.576	14.4428
936.459	0.442695
939.341	4.44245
942.222	26.442
945.102	2.44144
947.981	-3.55931
950.859	10.4398
953.737	18.4387
956.613	22.4374
959.488	2.43601
962.361	26.4344
965.235	20.4327
968.105	8.43079
970.977	18.4287
973.846	16.4265
976.716	0.424127
979.583	-3.57841
982.449	20.4189
985.316	18.4161
988.18	20.4131
991.043	10.4099
993.906	16.4066
996.767	4.40316
999.628	12.3996
1002.49	-5.6042
1005.35	4.3919
1008.2	16.3879
1011.06	10.3837
1013.91	-5.62066
1016.77	0.374858
1019.62	6.37024
1022.48	16.3655
1025.33	10.3606
1028.18	4.35553
1031.03	16.3504
1033.87	-1.65496
1036.72	6.33958
1039.57	0.333988
1042.41	8.32826
1045.26	6.32241
1048.1	8.31641
1050.94	6.31029
1053.78	20.304
1056.62	14.2977
1059.46	8.29114
1062.3	0.284501
1065.14	22.2777
1067.97	12.2708
1070.81	18.2638
1073.64	10.2567
1076.47	-1.75058
1079.31	10.242
1082.14	12.2345
1084.97	16.2269
1087.8	6.21915
1090.63	16.2113
1093.45	28.2033
1096.28	10.1952
1099.1	10.187
1101.93	12.1787
1104.75	18.1702
1107.57	18.1617
1110.39	18.153
1113.21	14.1442
1116.03	18.1353
1118.85	2.12633
1121.66	26.1172
1124.48	0.10802
1127.3	8.09871
1130.11	6.08928
1132.92	0.0797542
1135.73	4.07013
1138.54	18.0604
1141.35	4.05056
1144.16	-7.95938
1146.97	6.03059
1149.78	0.020453
1152.58	14.0102
1155.39	3.9999
1158.19	9.98947
1161	-0.0210475
1163.8	9.96834
1166.6	19.9576
1169.4	9.94683
1172.2	11.9359
1174.99	11.925
1177.79	11.9139
1180.59	5.90273
1183.38	17.8915
1186.17	7.88014
1188.97	-6.13128
1191.76	11.8572
1194.55	15.8456
1197.34	13.8339
1200.13	19.8222
1202.92	11.8103
1205.7	3.79843
1208.49	13.7864
1211.27	5.77435
1214.06	3.76219
1216.84	17.75
1219.62	5.73764
1222.4	19.7252
1225.18	9.71279
1227.96	3.70025
1230.74	23.6876
1233.51	-8.32505
1236.29	13.6622
1239.06	17.6494
1241.84	-0.363524
1244.61	-4.37649
1247.38	11.6105
1250.15	5.59738
1252.92	1.58422
1255.69	11.571
1258.46	25.5577
1261.23	7.54432
1263.99	1.5309
1266.76	3.51741
1269.52	5.50387
1272.28	-0.509736
1275.05	13.4766
1277.81	15.4629
1280.57	3.44908
1283.33	15.4352
1286.08	3.42134
1288.84	1.40739
1291.6	-12.6066
1294.35	9.37931
1297.11	25.3652
1299.86	9.35103
1302.61	15.3368
1305.36	1.32254
1308.11	23.3082
1310.86	3.29385
1313.61	13.2794
1316.36	11.265
1319.1	1.25045
1321.85	-8.7641
1324.59	21.2213
1327.33	11.2066
1330.08	-4.80805
1332.82	13.1772
1335.56	17.1624
1338.3	5.14762
1341.04	9.13277
1343.77	-0.882129
1346.51	9.10294
1349.25	7.08796
1351.98	17.073
1354.71	15.0579
1357.45	19.0428
1360.18	1.02771
1362.91	11.0125
1365.64	28.9974
1368.37	-1.01785
1371.09	10.9669
1373.82	2.95162
1376.54	12.9363
1379.27	14.921
1381.99	12.9056
1384.72	10.8902
1387.44	0.874782
1390.16	-1.14067
1392.88	6.84386
1395.6	4.82835
1398.31	2.81283
1401.03	10.7973
1403.75	12.7817
1406.46	12.7661
1409.18	4.7505
1411.89	4.73486
1414.6	4.71921
1417.31	18.7035
1420.02	10.6878
1422.73	12.6721
1425.44	0.656411
1428.15	16.6407
1430.85	12.6249
1433.56	6.60915
1436.26	-1.40664
1438.97	6.57756
1441.67	18.5618
1444.37	14.5459
1447.07	12.5301
1449.77	22.5143
1452.47	18.4984
1455.16	8.48255
1457.86	10.4667
1460.56	2.45081
1463.25	8.43492
1465.94	2.41904
1468.64	-3.59686
1471.33	0.387253
1474.02	2.37135
1476.71	14.3554
1479.4	12.3395
1482.09	-5.67637
1484.77	8.30772
1487.46	28.2918
1490.14	8.27591
1492.83	10.26
1495.51	14.2441
1498.19	8.2282
1500.87	4.21231
1503.55	16.1964
1506.23	2.18052
1508.91	22.1646
1511.59	14.1488
1514.27	6.13289
1516.94	10.117
1519.62	0.10117
1522.29	0.0853268
1524.96	10.0695
1527.63	18.0537
1530.3	-5.96215
1532.97	16.0221
1535.64	12.0063
1538.31	15.9905
1540.98	9.97472
1543.64	-8.04103
1546.31	11.9432
1548.97	-0.0724815
1551.63	5.91182
1554.3	1.89613
1556.96	13.8805
1559.62	1.86482
1562.28	5.84919
1564.94	-4.16642
1567.59	11.818
1570.25	9.80242
1572.9	-2.21313
1575.56	5.77135
1578.21	5.75585
1580.86	19.7404
1583.52	5.72491
1586.17	-0.290509
1588.82	9.69408
1591.47	3.67871
1594.11	17.6634
1596.76	13.648
1599.41	13.6328
1602.05	11.6175
1604.69	9.60225
1607.34	-2.41296
1609.98	9.57187
1612.62	7.55672
1615.26	3.54161
1617.9	17.5265
1620.54	3.51149
1623.18	1.49648
1625.81	5.4815
1628.45	11.4666
1631.08	1.45166
1633.72	-4.56321
1636.35	5.42196
1638.98	5.40716
1641.61	5.39241
1644.24	5.37769
1646.87	-4.63699
1649.5	11.3484
1652.13	15.3338
1654.75	5.31922
1657.38	13.3047
1660	7.29024
1662.63	3.27581
1665.25	-4.73858
1667.87	11.2471
1670.49	1.23279
1673.11	1.21854
1675.73	15.2043
1678.35	15.1902
1680.96	9.17608
1683.58	13.162
1686.19	-2.85199
1688.81	25.134
1691.42	13.1201
1694.03	-0.893728
1696.64	9.09247
1699.25	5.07871
1701.87	3.065
1704.47	5.05134
1707.08	5.03774
1709.69	9.0242
1712.29	15.0107
1714.9	6.99727
1717.5	18.9839
1720.1	28.9706
1722.71	14.9573
1725.31	-5.05591
1727.91	6.93093
1730.51	6.91784
1733.1	16.9048
1735.7	-1.10817
1738.3	10.8789
1740.89	8.86607
1743.49	-9.14673
1746.08	4.84054
1748.67	18.8279
1751.26	8.81528
1753.86	2.80274
1756.45	18.7903
1759.03	18.7779
1761.62	18.7655
1764.21	10.7532
1766.8	4.74101
1769.38	4.72887
1771.97	2.71678
1774.55	16.7048
1777.13	2.69283
1779.71	10.681
1782.29	26.6692
1784.87	22.6574
1787.45	4.64577
1790.03	14.6342
1792.61	10.6227
1795.18	6.61122
1797.76	4.59985
1800.33	8.58855
1802.9	2.57733
1805.48	4.56618
1808.05	14.5551
1810.62	4.54411
1813.19	2.53319
1815.76	4.52234
1818.33	-3.48842
1820.89	6.50088
1823.46	4.49028
1826.02	0.479743
1828.59	8.46929
1831.15	2.45892
1833.71	6.44863
1836.27	-1.56158
1838.84	12.4283
1841.39	2.41825
1843.95	-1.59172
1846.51	18.3984
1849.07	-1.61139
1851.62	10.3789
1854.18	18.3693
1856.73	8.35972
1859.29	16.3503
1861.84	2.3409
1864.39	16.3316
1866.94	8.32241
1869.49	14.3133
1872.04	-1.69571
1874.59	12.2954
1877.13	2.28651
1879.68	8.27777
1882.22	2.2691
1884.77	16.2605
1887.31	6.25205
1889.85	14.2437
1892.39	12.2354
1894.93	-1.77283
1897.47	0.219055
1900.01	6.21104
1902.55	0.20312
1905.09	2.19529
1907.62	-1.81244
1910.16	-1.82007
1912.69	6.17239
1915.22	-5.83505
1917.76	24.1576
1920.29	6.15035
1922.82	10.1432
1925.35	18.1362
1927.88	8.1292
1930.4	-3.87765
1932.93	12.1156
1935.46	-3.89105
1937.98	8.1024
1940.51	6.09595
1943.03	8.0896
1945.55	8.08336
1948.07	8.07722
1950.59	6.07118
1953.11	34.0652
1955.63	4.05942
1958.15	6.0537
1960.67	14.0481
1963.18	6.04257
1965.7	10.0372
1968.21	6.03186
1970.73	14.0267
1973.24	0.0215768
1975.75	-7.9834
1978.26	8.01173
1980.77	10.007
1983.28	4.00232
1985.79	-10.0022
1988.29	7.99335
1990.8	11.989
1993.31	5.98482
1995.81	3.98072
1998.31	3.97674
