100.093	19.074
103.274	19.0413
106.457	11.0087
109.636	16.9762
112.817	16.9438
115.994	28.9114
119.172	-1.12081
122.347	4.84705
125.521	8.81501
128.696	14.783
131.868	2.75117
135.039	-5.2806
138.209	12.6877
141.379	2.6561
144.547	2.6246
147.713	12.5932
150.879	28.5619
154.043	12.5306
157.206	12.4995
160.368	10.4684
163.529	4.43747
166.689	4.40659
169.848	26.3758
173.006	-11.6549
176.163	-11.6855
179.316	2.28395
182.471	-3.74649
185.625	22.2231
188.777	4.19286
191.927	4.16269
195.077	10.1326
198.224	14.1026
201.372	8.07263
204.52	8.04277
207.664	12.013
210.809	5.98332
213.95	3.95373
217.091	15.9242
220.233	-2.10523
223.372	5.86542
226.509	11.8362
229.648	9.80695
232.784	13.7778
235.918	13.7488
239.051	25.7199
242.186	21.691
245.317	-4.33782
248.447	23.6335
251.577	9.60484
254.705	19.5763
257.832	19.5478
260.958	9.5194
264.083	9.49107
267.204	21.4628
270.327	29.4347
273.449	27.4066
276.57	13.3785
279.69	9.35059
282.806	21.3227
285.924	7.29493
289.04	-0.732794
292.154	7.23957
295.268	9.21199
298.379	15.1845
301.492	9.15707
304.601	27.1297
307.711	21.1024
310.818	3.07523
313.924	5.0481
317.031	-6.97898
320.135	18.994
323.238	10.9671
326.34	12.9403
329.443	6.91347
332.543	2.88675
335.642	24.8601
338.74	0.833538
341.836	10.807
344.932	6.78059
348.027	16.7542
351.12	22.7279
354.213	14.7017
357.302	6.67553
360.393	10.6494
363.482	0.623391
366.57	12.5974
369.656	12.5715
372.742	8.54569
375.827	6.51991
378.91	18.4942
381.993	4.46856
385.073	8.443
388.154	10.4175
391.232	0.392031
394.311	6.36663
397.387	14.3413
400.462	6.31606
403.536	12.2909
406.611	0.265718
409.683	2.24065
412.754	32.2156
415.824	28.1907
418.893	6.1658
421.961	8.14097
425.027	12.1162
428.093	-1.90852
431.158	14.0668
434.222	0.0422377
437.284	-1.9823
440.346	3.99322
443.407	9.9688
446.464	-2.05554
449.523	7.92015
452.581	-0.104096
455.635	1.87173
458.691	9.84759
461.743	-0.176473
464.797	31.7995
467.847	3.77555
470.899	7.75163
473.947	-4.27221
476.994	15.704
480.043	7.68025
483.088	17.6566
486.133	17.6329
489.176	5.60936
492.22	3.58582
495.262	23.5624
498.302	11.5389
501.341	19.5156
504.38	15.4923
507.417	17.469
510.453	15.4458
513.487	3.42263
516.521	11.3995
519.554	17.3765
522.586	-8.64655
525.616	1.33051
528.646	7.30759
531.675	15.2847
534.701	-0.738068
537.729	-0.760834
540.753	11.2165
543.778	5.19379
546.8	21.1712
549.821	-6.85137
552.844	19.1261
555.863	9.10363
558.881	-0.918786
561.898	7.05884
564.916	-14.9635
567.932	15.0142
570.946	4.99198
573.959	16.9698
576.971	-13.0524
579.982	12.9255
582.993	-5.09652
586	20.8815
589.008	4.85951
592.015	6.83758
595.022	14.8157
598.025	-9.20614
601.029	-3.22794
604.032	4.75031
607.033	20.7286
610.034	8.70693
613.032	22.6853
616.032	4.66372
619.028	-5.35781
622.023	6.62069
625.018	20.5992
628.013	6.5778
631.005	18.5564
633.997	2.53509
636.987	-1.48621
639.977	12.4925
642.965	6.47132
645.952	4.45013
648.939	12.429
651.924	24.4079
654.909	14.3868
657.892	8.36579
660.873	6.34481
663.854	20.3239
666.835	14.3029
669.813	6.28206
672.791	4.26121
675.767	12.2404
678.743	4.21963
681.717	22.1989
684.692	8.1782
687.664	22.1575
690.634	0.136916
693.606	2.11631
696.575	16.0958
699.543	-7.92477
702.51	12.0547
705.475	-5.96571
708.44	6.01386
711.404	-4.00653
714.367	7.97311
717.329	33.9528
720.29	11.9325
723.25	1.91223
726.207	9.89201
729.166	19.8718
732.123	21.8516
735.077	-6.16849
738.032	1.8114
740.984	3.79133
743.938	13.7713
746.888	7.75128
749.839	27.7313
752.788	1.71134
755.735	23.6914
758.682	11.6715
761.627	-0.34834
764.574	7.63181
767.517	31.612
770.46	5.59222
773.402	11.5725
776.342	11.5527
779.282	5.53304
782.219	9.51338
785.157	7.49374
788.094	3.47412
791.029	23.4545
793.962	-0.565036
796.896	19.4154
799.828	-0.604086
802.76	23.3764
805.689	9.35696
808.619	7.33752
811.546	11.3181
814.473	5.29872
817.4	21.2793
820.324	5.26001
823.248	21.2407
826.17	5.2214
829.092	9.20213
832.012	19.1829
834.932	27.1637
837.851	15.1445
840.768	21.1253
843.685	7.10612
846.599	31.087
849.514	21.0679
852.428	9.04878
855.339	17.0297
858.251	23.0107
861.16	14.9916
864.07	10.9726
866.978	4.95363
869.884	22.9347
872.792	6.91571
875.696	46.8968
878.599	28.8779
881.502	-1.14102
884.404	24.8401
887.304	0.821256
890.204	6.80242
893.103	14.7836
896.001	8.7648
898.898	6.74601
901.794	14.7272
904.689	22.7085
907.581	2.68977
910.474	38.6711
913.364	6.65236
916.256	16.6337
919.144	12.615
922.034	32.5964
924.92	14.5777
927.808	-1.4409
930.693	8.5405
933.576	4.52192
936.459	4.50335
939.341	24.4848
942.222	2.46625
945.102	-5.55229
947.981	12.4292
950.859	24.4107
953.737	-5.6078
956.613	14.3737
959.488	8.35526
962.361	10.3368
965.235	16.3184
968.105	-9.70005
970.977	30.2815
973.846	14.2631
976.716	12.2447
979.583	14.2264
982.449	18.208
985.316	14.1896
988.18	16.1713
991.043	22.153
993.906	2.13464
996.767	8.11633
999.628	16.098
1002.49	22.0797
1005.35	14.0614
1008.2	4.04316
1011.06	28.0249
1013.91	4.00665
1016.77	15.9884
1019.62	7.97016
1022.48	13.9519
1025.33	1.93371
1028.18	17.9155
1031.03	17.8973
1033.87	3.87908
1036.72	5.86088
1039.57	31.8427
1042.41	5.82452
1045.26	15.8064
1048.1	15.7882
1050.94	17.77
1053.78	-8.24813
1056.62	-2.26628
1059.46	5.71558
1062.3	23.6974
1065.14	11.6793
1067.97	9.66119
1070.81	23.6431
1073.64	11.625
1076.47	1.60685
1079.31	23.5887
1082.14	19.5706
1084.97	9.55252
1087.8	-4.46557
1090.63	11.5163
1093.45	21.4983
1096.28	11.4802
1099.1	11.4621
1101.93	15.444
1104.75	11.4259
1107.57	9.40785
1110.39	21.3898
1113.21	27.3717
1116.03	1.35363
1118.85	9.33556
1121.66	-0.682499
1124.48	-2.70057
1127.3	23.2814
1130.11	7.2633
1132.92	1.24524
1135.73	9.22718
1138.54	-0.790883
1141.35	23.1911
1144.16	-4.82702
1146.97	19.1549
1149.78	-2.86315
1152.58	7.1188
1155.39	19.1007
1158.19	5.08266
1161	9.06459
1163.8	17.0465
1166.6	35.0285
1169.4	-0.989627
1172.2	10.9923
1174.99	-7.02578
1177.79	4.95614
1180.59	18.9381
1183.38	24.92
1186.17	-15.0981
1188.97	14.8838
1191.76	8.8657
1194.55	2.8476
1197.34	6.8295
1200.13	12.8114
1202.92	14.7933
1205.7	8.77518
1208.49	16.7571
1211.27	12.7389
1214.06	4.7208
1216.84	14.7027
1219.62	20.6845
1222.4	2.66638
1225.18	22.6482
1227.96	24.6301
1230.74	12.6119
1233.51	8.59375
1236.29	2.57558
1239.06	12.5574
1241.84	4.53921
1244.61	16.521
1247.38	6.50282
1250.15	10.4846
1252.92	12.4664
1255.69	-5.55182
1258.46	14.43
1261.23	10.4117
1263.99	4.39348
1266.76	6.37522
1269.52	4.35696
1272.28	-7.6613
1275.05	16.3204
1277.81	16.3021
1280.57	10.2838
1283.33	12.2655
1286.08	12.2472
1288.84	14.2289
1291.6	26.2106
1294.35	22.1922
1297.11	10.1739
1299.86	20.1555
1302.61	2.13711
1305.36	6.11874
1308.11	16.1003
1310.86	-1.91806
1313.61	4.06352
1316.36	-7.95491
1319.1	6.02665
1321.85	-5.9918
1324.59	31.9897
1327.33	5.97127
1330.08	-2.04722
1332.82	23.9343
1335.56	15.9158
1338.3	11.8972
1341.04	-2.12128
1343.77	13.8602
1346.51	9.84161
1349.25	15.823
1351.98	-10.1956
1354.71	25.7858
1357.45	3.76723
1360.18	3.74861
1362.91	-0.270047
1365.64	21.7113
1368.37	21.6926
1371.09	-0.326055
1373.82	29.6552
1376.54	19.6365
1379.27	13.6178
1381.99	3.59906
1384.72	19.5803
1387.44	7.56153
1390.16	9.54274
1392.88	3.52394
1395.6	-0.494889
1398.31	23.4863
1401.03	27.4674
1403.75	9.44856
1406.46	-0.570335
1409.18	9.41076
1411.89	3.39185
1414.6	13.3729
1417.31	7.35397
1420.02	5.335
1422.73	21.316
1425.44	1.297
1428.15	-0.722017
1430.85	17.2589
1433.56	17.2399
1436.26	5.2208
1438.97	29.2017
1441.67	13.1826
1444.37	9.16348
1447.07	9.14433
1449.77	15.1252
1452.47	29.106
1455.16	5.08677
1457.86	1.06754
1460.56	1.04829
1463.25	1.02902
1465.94	21.0097
1468.64	8.99044
1471.33	8.97112
1474.02	-3.04823
1476.71	0.932412
1479.4	20.913
1482.09	-13.1064
1484.77	4.87419
1487.46	12.8547
1490.14	4.83528
1492.83	12.8158
1495.51	10.7963
1498.19	6.77675
1500.87	2.75721
1503.55	6.73763
1506.23	10.718
1508.91	14.6984
1511.59	20.6788
1514.27	10.6591
1516.94	12.6394
1519.62	8.61972
1522.29	10.6
1524.96	6.58024
1527.63	12.5605
1530.3	10.5407
1532.97	32.5208
1535.64	4.501
1538.31	18.4811
1540.98	12.4612
1543.64	22.4413
1546.31	4.42139
1548.97	18.4014
1551.63	2.38144
1554.3	14.3614
1556.96	18.3414
1559.62	18.3213
1562.28	14.3012
1564.94	12.2811
1567.59	24.261
1570.25	14.2408
1572.9	16.2207
1575.56	-11.7996
1578.21	8.18022
1580.86	14.16
1583.52	12.1397
1586.17	-13.8806
1588.82	10.099
1591.47	2.07864
1594.11	10.0583
1596.76	2.03784
1599.41	14.0174
1602.05	19.9969
1604.69	3.97643
1607.34	13.9559
1609.98	23.9354
1612.62	7.91477
1615.26	13.8942
1617.9	21.8735
1620.54	1.85287
1623.18	13.8322
1625.81	13.8115
1628.45	13.7907
1631.08	3.76996
1633.72	7.74916
1636.35	5.72833
1638.98	21.7075
1641.61	7.68659
1644.24	9.66568
1646.87	9.64473
1649.5	9.62376
1652.13	7.60276
1654.75	23.5817
1657.38	9.56068
1660	17.5396
1662.63	23.5185
1665.25	-0.502688
1667.87	11.4761
1670.49	11.4549
1673.11	11.4337
1675.73	21.4124
1678.35	23.3911
1680.96	27.3698
1683.58	27.3485
1686.19	-4.67294
1688.81	15.3056
1691.42	7.2842
1694.03	5.26271
1696.64	9.2412
1699.25	37.2197
1701.87	9.19808
1704.47	5.17648
1707.08	-2.84516
1709.69	19.1332
1712.29	5.11147
1714.9	7.08974
1717.5	7.06799
1720.1	21.0462
1722.71	19.0244
1725.31	23.0025
1727.91	14.9806
1730.51	22.9587
1733.1	10.9367
1735.7	12.9147
1738.3	0.892702
1740.89	-7.12935
1743.49	26.8486
1746.08	24.8264
1748.67	12.8043
1751.26	16.7821
1753.86	20.7599
1756.45	12.7376
1759.03	14.7153
1761.62	24.693
1764.21	-13.3294
1766.8	12.6483
1769.38	8.62583
1771.97	14.6034
1774.55	20.5809
1777.13	14.5583
1779.71	32.5358
1782.29	8.51318
1784.87	14.4905
1787.45	18.4679
1790.03	18.4452
1792.61	10.4224
1795.18	4.39966
1797.76	12.3768
1800.33	8.354
1802.9	10.3311
1805.48	0.308206
1808.05	14.2853
1810.62	2.26227
1813.19	16.2392
1815.76	14.2162
1818.33	4.19308
1820.89	24.1699
1823.46	20.1468
1826.02	24.1236
1828.59	12.1003
1831.15	-1.92294
1833.71	24.0537
1836.27	34.0304
1838.84	14.007
1841.39	15.9836
1843.95	7.9601
1846.51	3.93659
1849.07	1.91307
1851.62	-6.11051
1854.18	17.8659
1856.73	13.8422
1859.29	13.8185
1861.84	15.7948
1864.39	5.77104
1866.94	-4.25277
1869.49	-2.27662
1872.04	11.6995
1874.59	17.6756
1877.13	17.6516
1879.68	33.6276
1882.22	21.6036
1884.77	-6.42047
1887.31	17.5554
1889.85	21.5313
1892.39	1.50708
1894.93	31.4829
1897.47	17.4586
1900.01	7.43427
1902.55	11.4099
1905.09	15.3855
1907.62	25.3611
1910.16	15.3367
1912.69	13.3121
1915.22	25.2876
1917.76	-0.736985
1920.29	15.2384
1922.82	1.21372
1925.35	7.189
1927.88	29.1643
1930.4	27.1395
1932.93	19.1146
1935.46	21.0898
1937.98	11.0649
1940.51	13.0399
1943.03	-0.985085
1945.55	18.9899
1948.07	2.96481
1950.59	8.93971
1953.11	8.91454
1955.63	2.88935
1958.15	32.8641
1960.67	20.8388
1963.18	24.8135
1965.7	18.7881
1968.21	14.7627
1970.73	26.7373
1973.24	18.7118
1975.75	4.68627
1978.26	16.6607
1980.77	6.63508
1983.28	10.6094
1985.79	26.5837
1988.29	8.55798
1990.8	12.5322
1993.31	2.50635
1995.81	24.4805
1998.31	-3.54543
