100.093	11.0673
103.274	5.14391
106.457	21.2201
109.636	13.2959
112.817	-4.6287
115.994	13.4463
119.172	13.5209
122.347	1.59501
125.521	15.6688
128.696	19.7422
131.868	15.8151
135.039	11.8877
138.209	17.9598
141.379	32.0316
144.547	16.103
147.713	16.174
150.879	14.2446
154.043	6.31477
157.206	-5.61542
160.368	12.454
163.529	16.523
166.689	16.5917
169.848	18.66
173.006	22.7278
176.163	20.7953
179.316	6.86243
182.471	18.9292
185.625	-5.00446
188.777	5.06153
191.927	9.1271
195.077	35.1923
198.224	7.25716
201.372	-2.67835
204.52	11.3858
207.664	19.4495
210.809	13.5129
213.95	11.5758
217.091	3.63846
220.233	3.70075
223.372	9.76263
226.509	7.82415
229.648	9.88535
232.784	-0.0538573
235.918	12.0066
239.051	20.0667
242.186	12.1264
245.317	12.1858
248.447	24.2448
251.577	28.3035
254.705	6.36178
257.832	16.4197
260.958	12.4773
264.083	-3.4654
267.204	12.5915
270.327	0.648039
273.449	6.70426
276.57	-5.23987
279.69	12.8157
282.806	12.8708
285.924	12.9257
289.04	12.9802
292.154	25.0343
295.268	3.08814
298.379	7.1416
301.492	15.1948
304.601	5.24755
307.711	-0.699953
310.818	19.3522
313.924	15.404
317.031	17.4555
320.135	3.50661
323.238	-12.4426
326.34	13.6079
329.443	1.65809
332.543	9.70792
335.642	5.75744
338.74	-0.193376
341.836	7.85549
344.932	17.904
348.027	3.95227
351.12	2.00018
354.213	10.0478
357.302	8.09502
360.393	16.142
363.482	12.1886
366.57	8.23498
369.656	18.281
372.742	6.32669
375.827	16.3721
378.91	12.4172
381.993	10.462
385.073	18.5064
388.154	24.5506
391.232	22.5944
394.311	16.638
397.387	6.68127
400.462	2.72421
403.536	2.76685
406.611	14.8092
409.683	16.8513
412.754	8.89303
415.824	-3.06552
418.893	18.9756
421.961	11.0165
425.027	1.05709
428.093	-6.90263
431.158	15.1374
434.222	9.17707
437.284	5.21649
440.346	-0.744378
443.407	-0.705535
446.464	15.333
449.523	9.37127
452.581	-8.59074
455.635	5.44695
458.691	7.48438
461.743	7.5215
464.797	17.5584
467.847	13.5949
470.899	3.63125
473.947	21.6673
476.994	17.703
480.043	17.7385
483.088	31.7737
486.133	9.8086
489.176	9.84325
492.22	15.8777
495.262	23.9118
498.302	9.9456
501.341	13.9792
504.38	12.0125
507.417	2.04553
510.453	12.0783
513.487	4.11081
516.521	0.143061
519.554	20.1751
522.586	24.2068
525.616	22.2382
528.646	10.2695
531.675	12.3004
534.701	10.3311
537.729	14.3615
540.753	2.39172
543.778	10.4217
546.8	12.4513
549.821	28.4807
552.844	12.5099
555.863	28.5388
558.881	6.56751
561.898	-1.40407
564.916	20.6241
567.932	0.652054
570.946	-1.32026
573.959	16.7072
576.971	10.7344
579.982	22.7613
582.993	12.788
586	14.8145
589.008	18.8407
592.015	14.8667
595.022	0.892493
598.025	14.918
601.029	-5.05671
604.032	-1.03166
607.033	4.99315
610.034	27.0177
613.032	-2.95793
616.032	7.0662
619.028	19.0901
622.023	1.11373
625.018	-0.862845
628.013	7.16037
631.005	7.18334
633.997	-8.79392
636.987	-2.7714
639.977	7.2509
642.965	9.27298
645.952	9.29483
648.939	7.31647
651.924	23.3379
654.909	11.3591
657.892	11.3801
660.873	-0.599201
663.854	-0.578656
666.835	13.4417
669.813	7.46177
672.791	11.4817
675.767	15.5014
678.743	15.5208
681.717	17.5401
684.692	9.55914
687.664	15.578
690.634	3.5966
693.606	5.61503
696.575	23.6332
699.543	11.6513
702.51	23.6691
705.475	11.6867
708.44	17.7041
711.404	-8.27875
714.367	21.7382
717.329	5.75504
720.29	19.7716
723.25	9.78803
726.207	3.80422
729.166	19.8202
732.123	13.836
735.077	9.85163
738.032	13.867
740.984	11.8823
743.938	7.89729
746.888	-6.08788
749.839	19.9268
752.788	39.9412
755.735	7.95548
758.682	9.96955
761.627	-2.01656
764.574	21.9971
767.517	2.01066
770.46	22.024
773.402	12.0371
776.342	8.0501
779.282	10.0629
782.219	16.0755
785.157	6.08788
788.094	14.1001
791.029	12.1122
793.962	14.124
796.896	24.1358
799.828	12.1473
802.76	30.1586
805.689	14.1698
808.619	6.18079
811.546	8.19161
814.473	6.20226
817.4	14.2127
820.324	4.22305
823.248	-3.76681
826.17	14.2432
829.092	10.253
832.012	10.2626
834.932	10.2721
837.851	18.2814
840.768	0.290488
843.685	24.2995
846.599	16.3083
849.514	16.3169
852.428	0.325385
855.339	-1.6663
858.251	0.341861
861.16	12.3499
864.07	20.3577
866.978	16.3654
869.884	2.3729
872.792	18.3803
875.696	10.3875
878.599	0.394539
881.502	26.4014
884.404	20.4082
887.304	6.41479
890.204	6.42123
893.103	2.42752
896.001	24.4337
898.898	16.4397
901.794	14.4455
904.689	26.4512
907.581	10.4568
910.474	6.46216
913.364	8.46742
916.256	2.47253
919.144	18.4775
922.034	16.4823
924.92	6.48701
927.808	14.4916
930.693	-1.50405
933.576	10.5002
936.459	4.50433
939.341	8.50831
942.222	20.5122
945.102	22.5159
947.981	20.5194
950.859	0.522869
953.737	2.52617
956.613	8.52934
959.488	4.53237
962.361	16.5353
965.235	6.53803
968.105	6.54067
970.977	14.5432
973.846	2.54555
976.716	-7.4522
979.583	12.5499
982.449	6.55191
985.316	-1.44623
988.18	8.55551
991.043	12.5571
993.906	16.5586
996.767	20.56
999.628	10.5612
1002.49	14.5623
1005.35	0.56333
1008.2	14.5642
1011.06	6.56496
1013.91	10.5656
1016.77	-1.43388
1019.62	6.56652
1022.48	18.5668
1025.33	16.567
1028.18	18.567
1031.03	6.56695
1033.87	10.5668
1036.72	20.5665
1039.57	12.5661
1042.41	10.5655
1045.26	10.5649
1048.1	16.5642
1050.94	8.56332
1053.78	18.5624
1056.62	14.5613
1059.46	2.56011
1062.3	0.558825
1065.14	20.5574
1067.97	10.5559
1070.81	16.5543
1073.64	24.5526
1076.47	2.55081
1079.31	10.5489
1082.14	18.5469
1084.97	18.5448
1087.8	6.54253
1090.63	12.5402
1093.45	18.5378
1096.28	20.5353
1099.1	16.5326
1101.93	14.5299
1104.75	12.5271
1107.57	12.5242
1110.39	8.52119
1113.21	14.5181
1116.03	0.514895
1118.85	8.5116
1121.66	4.50822
1124.48	0.504745
1127.3	12.5012
1130.11	18.4975
1132.92	12.4938
1135.73	16.4899
1138.54	22.486
1141.35	22.482
1144.16	4.47788
1146.97	26.4737
1149.78	-3.53059
1152.58	-1.53495
1155.39	4.4606
1158.19	10.4561
1161	10.4515
1163.8	10.4468
1166.6	16.442
1169.4	0.437106
1172.2	-1.56784
1174.99	2.42713
1177.79	4.42203
1180.59	12.4168
1183.38	14.4116
1186.17	10.4062
1188.97	14.4008
1191.76	24.3953
1194.55	10.3898
1197.34	18.3841
1200.13	8.37838
1202.92	32.3726
1205.7	0.366716
1208.49	0.360772
1211.27	-19.6452
1214.06	0.348671
1216.84	18.3425
1219.62	20.3363
1222.4	2.32998
1225.18	12.3236
1227.96	-5.68282
1230.74	12.3107
1233.51	2.30411
1236.29	12.2975
1239.06	20.2908
1241.84	-9.71601
1244.61	0.27716
1247.38	22.2703
1250.15	6.2633
1252.92	-7.74372
1255.69	18.2492
1258.46	-1.75796
1261.23	2.23483
1263.99	0.227561
1266.76	18.2202
1269.52	12.2128
1272.28	12.2054
1275.05	10.1979
1277.81	4.19032
1280.57	-5.8173
1283.33	20.175
1286.08	22.1673
1288.84	4.1595
1291.6	24.1517
1294.35	8.14375
1297.11	18.1358
1299.86	-5.8722
1302.61	30.1197
1305.36	14.1116
1308.11	6.10348
1310.86	10.0953
1313.61	0.0870162
1316.36	14.0787
1319.1	6.07035
1321.85	12.0619
1324.59	0.0534942
1327.33	-1.955
1330.08	24.0364
1332.82	6.02786
1335.56	8.01922
1338.3	14.0105
1341.04	6.00182
1343.77	19.993
1346.51	3.98424
1349.25	15.9754
1351.98	13.9665
1354.71	5.95755
1357.45	-2.05143
1360.18	3.93956
1362.91	11.9305
1365.64	13.9214
1368.37	7.91227
1371.09	15.9031
1373.82	11.8939
1376.54	5.88464
1379.27	11.8754
1381.99	9.86604
1384.72	5.85669
1387.44	11.8473
1390.16	-6.16212
1392.88	7.82843
1395.6	15.8189
1398.31	13.8094
1401.03	13.7999
1403.75	-4.20971
1406.46	7.78067
1409.18	3.77102
1411.89	-4.23865
1414.6	-0.248353
1417.31	11.7419
1420.02	23.7322
1422.73	-4.27763
1425.44	19.7126
1428.15	13.7027
1430.85	15.6929
1433.56	11.683
1436.26	11.673
1438.97	5.66311
1441.67	1.65315
1444.37	21.6432
1447.07	17.6332
1449.77	13.6231
1452.47	3.61308
1455.16	31.603
1457.86	19.5929
1460.56	13.5828
1463.25	17.5727
1465.94	15.5625
1468.64	11.5523
1471.33	9.54215
1474.02	9.53194
1476.71	-2.47828
1479.4	7.51148
1482.09	15.5012
1484.77	11.491
1487.46	17.4807
1490.14	7.47038
1492.83	11.4601
1495.51	5.44974
1498.19	5.43939
1500.87	7.42905
1503.55	-2.58132
1506.23	7.40831
1508.91	21.3979
1511.59	3.38753
1514.27	7.37713
1516.94	7.36671
1519.62	7.35629
1522.29	19.3459
1524.96	5.33542
1527.63	7.32497
1530.3	7.31452
1532.97	19.3041
1535.64	1.2936
1538.31	11.2831
1540.98	-8.72735
1543.64	-0.737828
1546.31	15.2517
1548.97	7.2412
1551.63	9.23072
1554.3	13.2202
1556.96	17.2097
1559.62	19.1992
1562.28	17.1887
1564.94	13.1782
1567.59	5.16775
1570.25	1.15726
1572.9	13.1468
1575.56	15.1363
1578.21	9.12578
1580.86	11.1153
1583.52	3.10481
1586.17	17.0943
1588.82	7.08385
1591.47	3.07337
1594.11	11.0629
1596.76	7.05245
1599.41	-2.95801
1602.05	7.03154
1604.69	7.0211
1607.34	11.0107
1609.98	-0.999773
1612.62	12.9898
1615.26	10.9794
1617.9	6.96899
1620.54	6.95859
1623.18	26.9482
1625.81	10.9378
1628.45	18.9275
1631.08	2.91712
1633.72	10.9068
1636.35	10.8965
1638.98	12.8861
1641.61	12.8758
1644.24	4.86555
1646.87	12.8553
1649.5	20.845
1652.13	28.8348
1654.75	8.82454
1657.38	6.81433
1660	4.80413
1662.63	-1.20604
1665.25	22.7838
1667.87	26.7736
1670.49	-3.23648
1673.11	4.75341
1675.73	6.74332
1678.35	2.73325
1680.96	-1.2768
1683.58	20.7132
1686.19	0.703158
1688.81	4.69317
1691.42	4.6832
1694.03	12.6733
1696.64	0.663335
1699.25	12.6534
1701.87	22.6436
1704.47	2.6337
1707.08	12.6239
1709.69	2.61407
1712.29	-9.39571
1714.9	0.594539
1717.5	4.58482
1720.1	0.575114
1722.71	14.5654
1725.31	4.55579
1727.91	6.54617
1730.51	28.5366
1733.1	0.527019
1735.7	2.51748
1738.3	18.508
1740.89	12.4985
1743.49	-3.51095
1746.08	-5.52036
1748.67	22.4703
1751.26	12.4609
1753.86	10.4516
1756.45	22.4423
1759.03	-1.56696
1761.62	8.42381
1764.21	12.4146
1766.8	2.40547
1769.38	-7.60365
1771.97	-1.61275
1774.55	14.3782
1777.13	2.36918
1779.71	8.3602
1782.29	16.3513
1784.87	14.3424
1787.45	0.333476
1790.03	14.3246
1792.61	6.31585
1795.18	2.30709
1797.76	-3.70163
1800.33	10.2897
1802.9	22.281
1805.48	10.2724
1808.05	0.263884
1810.62	22.2554
1813.19	10.2469
1815.76	18.2384
1818.33	20.23
1820.89	14.2217
1823.46	16.2134
1826.02	10.2051
1828.59	-7.80312
1831.15	12.1887
1833.71	16.1806
1836.27	-1.82754
1838.84	6.16441
1841.39	16.1564
1843.95	12.1485
1846.51	2.14054
1849.07	24.1327
1851.62	6.12485
1854.18	12.1171
1856.73	8.10936
1859.29	8.10168
1861.84	8.09405
1864.39	26.0865
1866.94	2.07893
1869.49	0.071452
1872.04	16.064
1874.59	8.05664
1877.13	-1.9507
1879.68	4.04203
1882.22	4.03479
1884.77	10.0276
1887.31	-1.97951
1889.85	20.0134
1892.39	14.0064
1894.93	-4.00057
1897.47	17.9925
1900.01	5.98565
1902.55	11.9788
1905.09	5.97208
1907.62	5.96539
1910.16	-0.041254
1912.69	9.95216
1915.22	11.9456
1917.76	-6.06085
1920.29	7.93273
1922.82	7.92637
1925.35	5.92006
1927.88	13.9138
1930.4	11.9076
1932.93	5.90149
1935.46	17.8954
1937.98	-8.11059
1940.51	21.8835
1943.03	9.87756
1945.55	-0.128274
1948.07	13.866
1950.59	9.86024
1953.11	3.85459
1955.63	3.849
1958.15	9.84347
1960.67	7.838
1963.18	5.8326
1965.7	13.8273
1968.21	3.82198
1970.73	-6.18324
1973.24	-2.18839
1975.75	3.80653
1978.26	7.80151
1980.77	1.79655
1983.28	1.79166
1985.79	13.7868
1988.29	13.7821
1990.8	1.77737
1993.31	5.77275
1995.81	7.76818
1998.31	-2.23631
