100.093	16.2348
103.274	16.2226
106.457	-5.78938
109.636	10.1988
112.817	10.1871
115.994	26.1757
119.172	22.1643
122.347	16.1532
125.521	8.1422
128.696	20.1314
131.868	10.1207
135.039	0.110202
138.209	8.09986
141.379	16.0897
144.547	12.0797
147.713	14.0698
150.879	16.0601
154.043	12.0505
157.206	32.0411
160.368	4.0319
163.529	24.0228
166.689	4.01389
169.848	10.0051
173.006	5.99649
176.163	-4.01198
179.316	23.9797
182.471	17.9715
185.625	9.96351
188.777	5.95563
191.927	13.9479
195.077	23.9403
198.224	-2.0671
201.372	9.92561
204.52	15.9185
207.664	-4.08852
210.809	17.9046
213.95	1.89791
217.091	9.89134
220.233	3.88491
223.372	25.8786
226.509	25.8725
229.648	13.8665
232.784	5.86059
235.918	3.85486
239.051	11.8493
242.186	7.84379
245.317	17.8385
248.447	11.8333
251.577	13.8282
254.705	7.82328
257.832	21.8185
260.958	15.8138
264.083	13.8093
267.204	13.8049
270.327	7.80062
273.449	9.79647
276.57	7.79246
279.69	21.7886
282.806	13.7848
285.924	3.78116
289.04	-0.222351
292.154	11.7743
295.268	19.771
298.379	11.7679
301.492	5.76483
304.601	5.76193
307.711	7.75915
310.818	7.75649
313.924	-0.246046
317.031	5.75153
320.135	5.74923
323.238	5.74704
326.34	-0.255027
329.443	-10.257
332.543	-4.25882
335.642	7.73945
338.74	13.7378
341.836	5.73634
344.932	7.73496
348.027	23.7337
351.12	13.7325
354.213	21.7315
357.302	13.7305
360.393	-0.270317
363.482	-0.271045
366.57	13.7283
369.656	13.7278
372.742	15.7274
375.827	3.72711
378.91	7.72691
381.993	19.7268
385.073	17.7268
388.154	7.72694
391.232	9.72716
394.311	13.7275
397.387	23.7279
400.462	13.7284
403.536	7.72902
406.611	11.7297
409.683	11.7305
412.754	7.73146
415.824	5.73246
418.893	23.7336
421.961	13.7348
425.027	9.73605
428.093	9.73744
431.158	5.73892
434.222	7.74049
437.284	9.74216
440.346	11.7439
443.407	5.74576
446.464	17.7477
449.523	1.74972
452.581	13.7518
455.635	11.754
458.691	5.75633
461.743	1.7587
464.797	1.76117
467.847	19.7637
470.899	23.7663
473.947	11.7691
476.994	15.7719
480.043	13.7748
483.088	13.7777
486.133	5.78077
489.176	1.78389
492.22	-10.2129
495.262	5.7904
498.302	-0.206235
501.341	3.79721
504.38	7.80074
507.417	13.8043
510.453	11.808
513.487	-0.188225
516.521	5.81561
519.554	9.81951
522.586	3.82349
525.616	1.82755
528.646	17.8317
531.675	23.8359
534.701	1.84014
537.729	13.8445
540.753	-6.1511
543.778	-0.146616
546.8	9.85793
549.821	1.86255
552.844	1.86724
555.863	-8.128
558.881	7.87682
561.898	3.88171
564.916	-0.11333
567.932	-0.10831
570.946	11.8968
573.959	1.90192
576.971	1.90714
579.982	13.9124
582.993	3.91775
586	5.92314
589.008	3.9286
592.015	11.9341
595.022	15.9397
598.025	1.94534
601.029	7.95104
604.032	5.95679
607.033	15.9626
610.034	1.96848
613.032	-2.0256
616.032	7.98038
619.028	7.98642
622.023	-0.00749311
625.018	5.99865
628.013	12.0049
631.005	14.0111
633.997	14.0174
636.987	2.02376
639.977	0.0301626
642.965	14.0366
645.952	0.0431243
648.939	14.0497
651.924	10.0563
654.909	4.06294
657.892	12.0696
660.873	8.07638
663.854	20.0832
666.835	12.09
669.813	4.0969
672.791	2.10383
675.767	2.1108
678.743	14.1178
681.717	-9.87512
684.692	10.132
687.664	14.1391
690.634	20.1463
693.606	4.15355
696.575	12.1608
699.543	8.16812
702.51	20.1755
705.475	12.1829
708.44	18.1903
711.404	0.197738
714.367	2.20524
717.329	14.2128
720.29	16.2203
723.25	10.228
726.207	14.2356
729.166	12.2433
732.123	-3.74902
735.077	18.2587
738.032	14.2665
740.984	4.27431
743.938	4.28215
746.888	8.29002
749.839	6.29792
752.788	2.30585
755.735	12.3138
758.682	12.3218
761.627	10.3298
764.574	-1.66213
767.517	6.34595
770.46	12.3541
773.402	8.36218
776.342	14.3703
779.282	20.3785
782.219	12.3867
785.157	18.3949
788.094	12.4032
791.029	2.41148
793.962	2.41977
796.896	12.4281
799.828	2.43644
802.76	12.4448
805.689	10.4532
808.619	14.4616
811.546	6.47002
814.473	-5.52154
817.4	26.4869
820.324	6.49541
823.248	20.5039
826.17	0.512427
829.092	10.521
832.012	10.5295
834.932	28.5381
837.851	-3.45334
840.768	18.5553
843.685	8.56386
846.599	-5.42752
849.514	2.58112
852.428	14.5898
855.339	12.5984
858.251	10.6071
861.16	-1.38421
864.07	12.6245
866.978	20.6332
869.884	12.6419
872.792	4.65064
875.696	22.6594
878.599	12.6681
881.502	2.67686
884.404	4.68562
887.304	-3.30562
890.204	-5.29684
893.103	12.7119
896.001	0.720717
898.898	12.7295
901.794	8.7383
904.689	-3.2529
907.581	16.7559
910.474	2.7647
913.364	12.7735
916.256	12.7823
919.144	6.79112
922.034	10.7999
924.92	6.80875
927.808	12.8176
930.693	6.82637
933.576	4.83518
936.459	16.844
939.341	-1.1472
942.222	6.86161
945.102	16.8704
947.981	20.8792
950.859	6.88801
953.737	-1.10319
956.613	6.9056
959.488	0.914386
962.361	10.9232
965.235	10.9319
968.105	0.940704
970.977	2.94947
973.846	0.958221
976.716	18.967
979.583	16.9757
982.449	18.9844
985.316	-5.00683
988.18	1.00188
991.043	-8.98942
993.906	1.01927
996.767	9.02796
999.628	-2.96337
1002.49	11.0453
1005.35	5.05394
1008.2	17.0626
1011.06	3.07119
1013.91	23.0798
1016.77	15.0884
1019.62	3.09698
1022.48	13.1056
1025.33	13.1141
1028.18	7.12264
1031.03	17.1312
1033.87	31.1397
1036.72	13.1482
1039.57	9.15663
1042.41	7.16508
1045.26	9.17352
1048.1	11.1819
1050.94	7.19033
1053.78	19.1987
1056.62	9.20708
1059.46	-0.784584
1062.3	17.2237
1065.14	7.23203
1067.97	3.24031
1070.81	13.2486
1073.64	3.2568
1076.47	15.265
1079.31	11.2732
1082.14	7.28136
1084.97	5.2895
1087.8	11.2976
1090.63	1.30571
1093.45	9.31378
1096.28	5.32182
1099.1	15.3298
1101.93	-0.66218
1104.75	1.34578
1107.57	-4.64628
1110.39	-2.63837
1113.21	13.3695
1116.03	7.37735
1118.85	13.3852
1121.66	19.393
1124.48	21.4007
1127.3	3.40847
1130.11	5.41617
1132.92	5.42385
1135.73	23.4315
1138.54	15.4391
1141.35	-2.55333
1144.16	9.45422
1146.97	11.4617
1149.78	17.4692
1152.58	11.4767
1155.39	-2.51593
1158.19	7.49145
1161	7.4988
1163.8	3.5061
1166.6	9.51338
1169.4	9.52062
1172.2	7.52781
1174.99	1.53498
1177.79	7.54211
1180.59	9.5492
1183.38	1.55625
1186.17	13.5633
1188.97	11.5702
1191.76	7.57718
1194.55	-8.41592
1197.34	3.59093
1200.13	7.59775
1202.92	1.60453
1205.7	7.61126
1208.49	9.61796
1211.27	5.62462
1214.06	15.6312
1216.84	-8.3622
1219.62	11.6443
1222.4	3.65081
1225.18	5.65725
1227.96	7.66365
1230.74	7.67
1233.51	9.67631
1236.29	19.6826
1239.06	-0.311208
1241.84	-4.30503
1244.61	3.70109
1247.38	7.70717
1250.15	3.7132
1252.92	1.71919
1255.69	15.7251
1258.46	15.731
1261.23	3.73687
1263.99	-0.257338
1266.76	-2.25159
1269.52	11.7541
1272.28	1.75975
1275.05	9.76536
1277.81	-4.2291
1280.57	-0.223602
1283.33	5.78184
1286.08	7.78724
1288.84	9.79258
1291.6	1.79787
1294.35	13.8031
1297.11	9.8083
1299.86	13.8134
1302.61	11.8185
1305.36	-0.176463
1308.11	9.82851
1310.86	1.83343
1313.61	5.83829
1316.36	11.8431
1319.1	-10.1522
1321.85	9.85255
1324.59	1.85719
1327.33	7.86177
1330.08	1.8663
1332.82	7.87077
1335.56	7.87518
1338.3	9.87954
1341.04	3.88383
1343.77	19.8881
1346.51	11.8922
1349.25	3.89637
1351.98	15.9004
1354.71	1.90443
1357.45	11.9084
1360.18	13.9122
1362.91	-0.0839297
1365.64	1.91983
1368.37	17.9235
1371.09	-0.0728403
1373.82	9.93073
1376.54	7.93424
1379.27	9.93769
1381.99	3.94107
1384.72	11.9444
1387.44	7.94765
1390.16	11.9508
1392.88	5.95398
1395.6	-2.04296
1398.31	5.96004
1401.03	11.963
1403.75	11.9658
1406.46	1.96865
1409.18	11.9714
1411.89	3.97405
1414.6	-12.0233
1417.31	-0.0208114
1420.02	7.98166
1422.73	17.9841
1425.44	15.9864
1428.15	5.98865
1430.85	1.99085
1433.56	5.99297
1436.26	5.99503
1438.97	-2.00298
1441.67	11.9989
1444.37	0.000780428
1447.07	4.00256
1449.77	4.00426
1452.47	6.0059
1455.16	28.0075
1457.86	4.00895
1460.56	14.0104
1463.25	8.01171
1465.94	4.01299
1468.64	2.01419
1471.33	22.0153
1474.02	16.0164
1476.71	10.0173
1479.4	16.0183
1482.09	10.0191
1484.77	8.01984
1487.46	14.0205
1490.14	-5.97888
1492.83	16.0217
1495.51	4.02211
1498.19	12.0225
1500.87	4.02279
1503.55	4.02301
1506.23	6.02316
1508.91	-3.97677
1511.59	12.0232
1514.27	0.0231352
1516.94	16.023
1519.62	-3.97727
1522.29	10.0224
1524.96	0.0220065
1527.63	0.0215265
1530.3	2.02097
1532.97	10.0203
1535.64	-1.98039
1538.31	8.01881
1540.98	0.0179261
1543.64	16.017
1546.31	8.01592
1548.97	12.0148
1551.63	10.0136
1554.3	2.0123
1556.96	12.0109
1559.62	12.0095
1562.28	18.0079
1564.94	4.00631
1567.59	6.00461
1570.25	14.0028
1572.9	18.0009
1575.56	13.999
1578.21	1.99695
1580.86	9.99483
1583.52	1.99261
1586.17	7.99032
1588.82	11.9879
1591.47	5.98547
1594.11	7.98291
1596.76	-0.0197281
1599.41	1.97754
1602.05	-2.02527
1604.69	-0.0281726
1607.34	-4.03116
1609.98	1.96576
1612.62	3.96259
1615.26	15.9593
1617.9	11.956
1620.54	5.95257
1623.18	7.94905
1625.81	1.94543
1628.45	9.94174
1631.08	15.9379
1633.72	5.93407
1636.35	3.9301
1638.98	7.92604
1641.61	19.9219
1644.24	3.91764
1646.87	1.91331
1649.5	-2.09112
1652.13	17.9044
1654.75	-2.10024
1657.38	5.89506
1660	3.89026
1662.63	19.8854
1665.25	-0.119608
1667.87	19.8753
1670.49	-0.129849
1673.11	-0.13511
1675.73	-6.14047
1678.35	1.85408
1680.96	11.8485
1683.58	5.8429
1686.19	11.8372
1688.81	13.8313
1691.42	15.8254
1694.03	13.8194
1696.64	7.81327
1699.25	7.80706
1701.87	1.80075
1704.47	7.79434
1707.08	-0.212161
1709.69	17.7812
1712.29	7.77454
1714.9	9.76774
1717.5	13.7609
1720.1	11.7539
1722.71	17.7468
1725.31	23.7396
1727.91	7.73229
1730.51	3.7249
1733.1	21.7174
1735.7	25.7098
1738.3	25.7021
1740.89	3.69436
1743.49	-2.31353
1746.08	13.6785
1748.67	21.6704
1751.26	5.66221
1753.86	13.6539
1756.45	7.64553
1759.03	19.637
1761.62	13.6284
1764.21	3.61975
1766.8	9.61095
1769.38	-0.397949
1771.97	13.593
1774.55	7.58394
1777.13	-0.425273
1779.71	1.56541
1782.29	9.556
1784.87	7.54648
1787.45	9.53685
1790.03	25.5271
1792.61	3.51729
1795.18	3.50736
1797.76	11.4973
1800.33	15.4872
1802.9	-0.523086
1805.48	9.46656
1808.05	13.4561
1810.62	17.4455
1813.19	5.43484
1815.76	15.4241
1818.33	9.41317
1820.89	-4.59783
1823.46	3.39107
1826.02	13.3799
1828.59	9.36854
1831.15	13.3571
1833.71	13.3456
1836.27	5.33394
1838.84	7.32219
1841.39	17.3103
1843.95	-4.70163
1846.51	11.2863
1849.07	3.27411
1851.62	11.2618
1854.18	-0.750588
1856.73	7.2369
1859.29	13.2243
1861.84	3.21155
1864.39	7.19871
1866.94	15.1857
1869.49	7.17268
1872.04	-10.8405
1874.59	19.1462
1877.13	-8.86717
1879.68	5.11933
1882.22	3.1057
1884.77	3.09197
1887.31	9.07813
1889.85	17.0642
1892.39	7.0501
1894.93	-0.964075
1897.47	9.02162
1900.01	9.00722
1902.55	6.9927
1905.09	10.9781
1907.62	18.9633
1910.16	10.9485
1912.69	34.9335
1915.22	-3.0816
1917.76	20.9032
1920.29	8.88788
1922.82	6.87245
1925.35	24.8569
1927.88	-3.15876
1930.4	8.82546
1932.93	16.8096
1935.46	4.79356
1937.98	2.77743
1940.51	6.76119
1943.03	4.74483
1945.55	2.72837
1948.07	14.7118
1950.59	10.6951
1953.11	4.67825
1955.63	12.6613
1958.15	6.64426
1960.67	0.627085
1963.18	2.60979
1965.7	14.5924
1968.21	8.57486
1970.73	14.5572
1973.24	12.5394
1975.75	6.52157
1978.26	24.5036
1980.77	-7.51455
1983.28	14.4672
1985.79	0.448849
1988.29	20.4304
1990.8	-1.58823
1993.31	8.39305
1995.81	4.37422
1998.31	4.35527
