100.093	15.4874
103.274	-0.598167
106.457	25.3168
109.636	13.2325
112.817	11.1487
115.994	-6.93437
119.172	6.98313
122.347	2.9013
125.521	16.8201
128.696	8.73946
131.868	22.6595
135.039	28.5801
138.209	14.5014
141.379	-1.57681
144.547	8.34564
147.713	-3.7313
150.879	4.19236
154.043	14.1166
157.206	14.0415
160.368	23.9669
163.529	15.8929
166.689	1.8195
169.848	17.7467
173.006	-0.325575
176.163	11.6028
179.316	15.5317
182.471	13.4612
185.625	17.3912
188.777	7.32178
191.927	-2.74702
195.077	7.18469
198.224	1.11699
201.372	-2.95019
204.52	22.9832
207.664	4.91711
210.809	8.85156
213.95	6.78658
217.091	32.7221
220.233	38.6582
223.372	12.5948
226.509	18.532
229.648	2.46962
232.784	12.4078
235.918	24.3465
239.051	12.2858
242.186	10.2255
245.317	12.1657
248.447	-1.89349
251.577	20.0478
254.705	5.98955
257.832	7.93182
260.958	21.8746
264.083	11.8179
267.204	17.7616
270.327	15.7059
273.449	5.65062
276.57	25.5958
279.69	23.5415
282.806	23.4877
285.924	5.43437
289.04	9.38148
292.154	23.3291
295.268	9.27715
298.379	13.2257
301.492	-0.825327
304.601	19.1241
307.711	9.07403
310.818	3.0244
313.924	6.97523
317.031	8.92647
320.135	2.87819
323.238	14.8303
326.34	30.7829
329.443	4.73595
332.543	6.68942
335.642	14.6433
338.74	-1.40235
341.836	16.5524
344.932	12.5076
348.027	4.46318
351.12	6.4192
354.213	12.3756
357.302	18.3325
360.393	16.2898
363.482	4.24743
366.57	-1.7945
369.656	4.164
372.742	6.12287
375.827	20.0821
378.91	26.0418
381.993	8.00189
385.073	5.96237
388.154	15.9232
391.232	-2.11555
394.311	-0.153951
397.387	-2.19194
400.462	13.7704
403.536	9.7332
406.611	-10.3037
409.683	9.6598
412.754	13.6237
415.824	15.5879
418.893	9.55248
421.961	3.51743
425.027	-6.51726
428.093	11.4484
431.158	29.4144
434.222	5.38077
437.284	9.34748
440.346	11.3145
443.407	-0.718073
446.464	7.24968
449.523	5.21775
452.581	11.1862
455.635	19.1549
458.691	3.12398
461.743	29.0934
464.797	17.0631
467.847	13.0332
470.899	5.00353
473.947	8.97423
476.994	10.9452
480.043	10.9165
483.088	8.88817
486.133	14.8601
489.176	4.83236
492.22	2.80489
495.262	6.77774
498.302	0.750885
501.341	30.7243
504.38	14.6981
507.417	2.67209
510.453	12.6464
513.487	4.62102
516.521	4.5959
519.554	6.57107
522.586	6.54651
525.616	12.5223
528.646	18.4982
531.675	2.47451
534.701	10.4511
537.729	12.4279
540.753	4.40495
543.778	0.382286
546.8	-11.6401
549.821	4.33776
552.844	0.315864
555.863	6.29424
558.881	6.27286
561.898	6.25174
564.916	-3.76916
567.932	20.2102
570.946	-13.8102
573.959	16.1697
576.971	-1.85026
579.982	2.13006
582.993	12.1106
586	4.09141
589.008	2.07242
592.015	6.05365
595.022	16.0351
598.025	0.0168043
601.029	-2.0013
604.032	-12.0192
607.033	15.9632
610.034	15.9457
613.032	9.92848
616.032	1.91144
619.028	17.8946
622.023	11.878
625.018	7.8616
628.013	5.84537
631.005	5.82936
633.997	19.8135
636.987	5.79791
639.977	1.78247
642.965	-0.23278
645.952	5.75216
648.939	-6.26272
651.924	15.7226
654.909	-2.29194
657.892	3.69372
660.873	17.6796
663.854	17.6656
666.835	1.65176
669.813	15.6381
672.791	9.62464
675.767	5.61133
678.743	25.5982
681.717	11.5852
684.692	15.5724
687.664	5.55968
690.634	9.54716
693.606	11.5348
696.575	-2.47742
699.543	5.51051
702.51	13.4986
705.475	21.4868
708.44	5.47518
711.404	9.46368
714.367	5.45232
717.329	-0.558897
720.29	17.43
723.25	1.41906
726.207	1.40824
729.166	25.3975
732.123	15.387
735.077	1.37652
738.032	1.36619
740.984	-4.64402
743.938	1.34589
746.888	3.33592
749.839	1.32605
752.788	9.3163
755.735	23.3067
758.682	3.29713
761.627	5.2877
764.574	7.27838
767.517	11.2692
770.46	9.26003
773.402	11.251
776.342	7.24207
779.282	-0.766767
782.219	1.22449
785.157	7.21583
788.094	13.2073
791.029	21.1988
793.962	17.1904
796.896	7.18206
799.828	15.1738
802.76	23.1657
805.689	3.15758
808.619	1.14956
811.546	9.14163
814.473	11.1338
817.4	-6.87405
820.324	29.1182
823.248	-4.88945
826.17	19.1029
829.092	17.0954
832.012	13.0879
834.932	13.0805
837.851	9.07309
840.768	11.0658
843.685	3.05849
846.599	19.0513
849.514	-6.95592
852.428	9.03695
855.339	9.02986
858.251	-0.97719
861.16	-4.9842
864.07	15.0088
866.978	9.00189
869.884	0.994994
872.792	20.9881
875.696	6.98128
878.599	12.9745
881.502	8.96769
884.404	10.9609
887.304	14.9542
890.204	2.94748
893.103	6.94078
896.001	2.9341
898.898	6.92744
901.794	8.92079
904.689	4.91415
907.581	4.90753
910.474	8.90091
913.364	12.8943
916.256	12.8877
919.144	26.8811
922.034	20.8745
924.92	20.8679
927.808	22.8613
930.693	-1.14533
933.576	2.84805
936.459	14.8414
939.341	14.8348
942.222	-3.17184
945.102	14.8215
947.981	14.8148
950.859	-7.19186
953.737	18.8014
956.613	18.7947
959.488	6.78797
962.361	20.7812
965.235	12.7744
968.105	20.7676
970.977	28.7607
973.846	2.75385
976.716	-1.25306
979.583	24.74
982.449	2.73301
985.316	36.726
988.18	8.71894
991.043	20.7118
993.906	0.704701
996.767	16.6975
999.628	14.6903
1002.49	22.683
1005.35	24.6757
1008.2	18.6683
1011.06	-7.33911
1013.91	12.6534
1016.77	14.6459
1019.62	2.63827
1022.48	14.6306
1025.33	-1.37709
1028.18	-11.3849
1031.03	8.60729
1033.87	18.5994
1036.72	0.591411
1039.57	36.5834
1042.41	16.5753
1045.26	2.56708
1048.1	16.5588
1050.94	10.5505
1053.78	4.54208
1056.62	4.53359
1059.46	4.52503
1062.3	6.51637
1065.14	18.5076
1067.97	4.49883
1070.81	12.4899
1073.64	12.4809
1076.47	4.47186
1079.31	14.4627
1082.14	14.4534
1084.97	-3.55595
1087.8	32.4346
1090.63	4.42505
1093.45	22.4154
1096.28	14.4056
1099.1	20.3958
1101.93	4.38583
1104.75	10.3758
1107.57	6.3656
1110.39	22.3553
1113.21	30.3449
1116.03	12.3344
1118.85	24.3238
1121.66	10.3131
1124.48	20.3022
1127.3	-3.70872
1130.11	8.2802
1132.92	10.269
1135.73	6.25768
1138.54	20.2462
1141.35	10.2347
1144.16	30.223
1146.97	-7.78887
1149.78	12.1992
1152.58	28.1871
1155.39	10.1749
1158.19	2.16252
1161	4.15002
1163.8	16.1374
1166.6	0.124634
1169.4	8.11172
1172.2	-11.9013
1174.99	4.08549
1177.79	0.0721552
1180.59	6.05868
1183.38	18.0451
1186.17	16.0313
1188.97	6.01734
1191.76	10.0033
1194.55	-0.0109674
1197.34	17.9746
1200.13	15.9601
1202.92	5.9454
1205.7	1.93055
1208.49	17.9155
1211.27	19.9003
1214.06	5.88501
1216.84	25.8695
1219.62	1.85382
1222.4	-0.162024
1225.18	1.82197
1227.96	9.80579
1230.74	3.78943
1233.51	23.7729
1236.29	15.7562
1239.06	9.73933
1241.84	-4.27772
1244.61	13.705
1247.38	11.6876
1250.15	-4.32995
1252.92	25.6523
1255.69	23.6343
1258.46	-4.38383
1261.23	9.59783
1263.99	25.5793
1266.76	21.5606
1269.52	3.54171
1272.28	23.5226
1275.05	3.50332
1277.81	3.48385
1280.57	3.46417
1283.33	-2.5557
1286.08	1.42422
1288.84	3.40395
1291.6	13.3835
1294.35	29.3628
1297.11	11.3419
1299.86	5.32082
1302.61	13.2995
1305.36	15.278
1308.11	23.2563
1310.86	21.2344
1313.61	17.2123
1316.36	21.1899
1319.1	13.1673
1321.85	19.1446
1324.59	13.1216
1327.33	5.09835
1330.08	3.07491
1332.82	27.0513
1335.56	39.0274
1338.3	13.0033
1341.04	10.9789
1343.77	22.9544
1346.51	18.9296
1349.25	16.9046
1351.98	28.8794
1354.71	8.85388
1357.45	12.8282
1360.18	30.8022
1362.91	14.7761
1365.64	2.74965
1368.37	8.723
1371.09	12.6961
1373.82	8.66898
1376.54	4.64163
1379.27	12.614
1381.99	0.586157
1384.72	22.5581
1387.44	18.5297
1390.16	8.50112
1392.88	16.4723
1395.6	18.4432
1398.31	24.4138
1401.03	12.3843
1403.75	4.35441
1406.46	18.3243
1409.18	8.29393
1411.89	14.2633
1414.6	8.23244
1417.31	18.2013
1420.02	18.1699
1422.73	12.1383
1425.44	22.1063
1428.15	6.07416
1430.85	32.0417
1433.56	24.009
1436.26	13.976
1438.97	7.94275
1441.67	11.9092
1444.37	19.8754
1447.07	11.8414
1449.77	5.80705
1452.47	39.7724
1455.16	15.7375
1457.86	-0.297631
1460.56	-4.33308
1463.25	15.6312
1465.94	45.5952
1468.64	19.5589
1471.33	9.52234
1474.02	35.4855
1476.71	19.4483
1479.4	15.4109
1482.09	7.3732
1484.77	19.3352
1487.46	9.29692
1490.14	31.2583
1492.83	23.2195
1495.51	23.1803
1498.19	15.1408
1500.87	15.1011
1503.55	15.061
1506.23	9.02069
1508.91	36.9801
1511.59	-1.0609
1514.27	14.8979
1516.94	4.85633
1519.62	12.8145
1522.29	8.77231
1524.96	34.7299
1527.63	14.6871
1530.3	16.644
1532.97	14.6006
1535.64	4.55696
1538.31	22.513
1540.98	22.4687
1543.64	8.42403
1546.31	-9.62088
1548.97	18.3339
1551.63	16.2883
1554.3	6.2424
1556.96	30.1962
1559.62	12.1497
1562.28	14.1029
1564.94	10.0557
1567.59	16.0082
1570.25	15.9604
1572.9	9.91231
1575.56	19.8639
1578.21	13.8151
1580.86	7.76599
1583.52	23.7165
1586.17	13.6668
1588.82	35.6167
1591.47	5.56629
1594.11	11.5155
1596.76	27.4645
1599.41	29.4131
1602.05	11.3613
1604.69	7.30922
1607.34	-0.743211
1609.98	-6.79598
1612.62	7.15091
1615.26	27.0975
1617.9	17.0437
1620.54	14.9896
1623.18	22.9351
1625.81	20.8803
1628.45	20.8251
1631.08	16.7696
1633.72	4.7138
1636.35	10.6576
1638.98	-5.39893
1641.61	-7.45583
1644.24	2.48693
1646.87	12.4293
1649.5	12.3714
1652.13	0.313088
1654.75	12.2544
1657.38	12.1954
1660	10.136
1662.63	16.0763
1665.25	-9.98378
1667.87	11.9558
1670.49	7.89499
1673.11	11.8338
1675.73	9.77231
1678.35	5.71042
1680.96	11.6482
1683.58	23.5856
1686.19	7.52258
1688.81	7.45922
1691.42	7.39553
1694.03	21.3314
1696.64	5.26699
1699.25	-6.79782
1701.87	-4.86304
1704.47	25.0714
1707.08	13.0055
1709.69	10.9392
1712.29	4.87247
1714.9	14.8054
1717.5	10.738
1720.1	28.6702
1722.71	4.60197
1725.31	8.53342
1727.91	14.4644
1730.51	24.3951
1733.1	10.3254
1735.7	10.2553
1738.3	2.18483
1740.89	10.114
1743.49	18.0427
1746.08	7.97109
1748.67	21.8991
1751.26	-0.173308
1753.86	29.7539
1756.45	5.68067
1759.03	17.6071
1761.62	25.5331
1764.21	1.45879
1766.8	37.3841
1769.38	7.30892
1771.97	-0.766659
1774.55	-2.84259
1777.13	7.08108
1779.71	17.0043
1782.29	12.9273
1784.87	10.8497
1787.45	0.771787
1790.03	24.6935
1792.61	26.6147
1795.18	12.5356
1797.76	18.4561
1800.33	2.37616
1802.9	4.29584
1805.48	20.2151
1808.05	26.134
1810.62	16.0524
1813.19	-0.0295674
1815.76	23.888
1818.33	5.80525
1820.89	13.722
1823.46	7.63848
1826.02	7.55444
1828.59	17.47
1831.15	3.38522
1833.71	15.2999
1836.27	23.2143
1838.84	21.1282
1841.39	11.0417
1843.95	16.9548
1846.51	4.86744
1849.07	16.7797
1851.62	26.6916
1854.18	0.602939
1856.73	8.51396
1859.29	20.4245
1861.84	32.3347
1864.39	-1.7556
1866.94	-3.84634
1869.49	6.06254
1872.04	-0.0290093
1874.59	-0.120988
1877.13	3.7866
1879.68	1.69382
1882.22	29.6005
1884.77	25.5068
1887.31	13.4128
1889.85	23.3182
1892.39	7.22321
1894.93	-2.87217
1897.47	1.03193
1900.01	-1.06434
1902.55	2.83895
1905.09	6.74181
1907.62	14.6442
1910.16	-5.45374
1912.69	12.4478
1915.22	6.34887
1917.76	10.2496
1920.29	22.1498
1922.82	10.0496
1925.35	11.9489
1927.88	13.8478
1930.4	11.7463
1932.93	3.64432
1935.46	9.5419
1937.98	9.43903
1940.51	13.3357
1943.03	25.2319
1945.55	13.1278
1948.07	23.0231
1950.59	-11.0819
1953.11	22.8125
1955.63	0.706496
1958.15	10.6001
1960.67	4.49319
1963.18	18.3859
1965.7	4.27807
1968.21	16.1698
1970.73	12.0611
1973.24	9.95193
1975.75	25.8424
1978.26	19.7323
1980.77	5.62181
1983.28	29.5108
1985.79	21.3994
1988.29	13.2875
1990.8	27.1751
1993.31	25.0623
1995.81	24.949
1998.31	14.8354
