100.093	2.47933
103.274	18.5106
106.457	2.54189
109.636	18.5732
112.817	8.60465
115.994	2.63609
119.172	8.6676
122.347	0.699145
125.521	12.7307
128.696	2.76239
131.868	2.79407
135.039	10.8258
138.209	10.8576
141.379	2.8894
144.547	18.9213
147.713	16.9531
150.879	-3.01491
154.043	21.0171
157.206	3.04909
160.368	3.08115
163.529	3.11325
166.689	11.1454
169.848	-0.822445
173.006	-6.79024
176.163	23.242
179.316	13.2743
182.471	-10.6934
185.625	5.33893
188.777	9.37131
191.927	-0.5963
195.077	17.4361
198.224	-0.531403
201.372	5.5011
204.52	19.5336
207.664	3.56618
210.809	19.5988
213.95	3.63136
217.091	5.66399
220.233	1.69666
223.372	5.72933
226.509	3.76203
229.648	-2.20523
232.784	5.82752
235.918	11.8603
239.051	9.89308
242.186	21.9259
245.317	15.9587
248.447	9.99159
251.577	10.0245
254.705	4.05735
257.832	6.09025
260.958	4.12318
264.083	12.1561
267.204	4.18905
270.327	2.22202
273.449	10.255
276.57	2.288
279.69	-9.67899
282.806	-3.64599
285.924	6.38705
289.04	18.4201
292.154	6.45313
295.268	16.4862
298.379	22.5192
301.492	14.5523
304.601	8.5854
307.711	0.618499
310.818	8.65158
313.924	26.6847
317.031	12.7178
320.135	14.7509
323.238	26.784
326.34	2.81709
329.443	8.85022
332.543	4.88333
335.642	-7.08356
338.74	2.94956
341.836	4.98267
344.932	-4.98422
348.027	-10.9511
351.12	13.082
354.213	1.1151
357.302	1.14818
360.393	1.18128
363.482	7.21438
366.57	-0.752534
369.656	9.28053
372.742	7.31361
375.827	-2.65332
378.91	17.3797
381.993	-0.587228
385.073	1.4458
388.154	13.4788
391.232	3.51184
394.311	3.54485
397.387	13.5778
400.462	19.6108
403.536	11.6438
406.611	7.67674
409.683	-4.29033
412.754	5.74259
415.824	-0.224511
418.893	7.80838
421.961	5.84125
425.027	-0.125897
428.093	7.90694
431.158	13.9398
434.222	5.97256
437.284	14.0053
440.346	-5.96189
443.407	12.0709
446.464	0.10355
449.523	10.1363
452.581	2.16893
455.635	2.20156
458.691	18.2342
461.743	2.26678
464.797	16.2994
467.847	0.331905
470.899	-5.63556
473.947	-1.60308
476.994	2.42938
480.043	2.46184
483.088	2.49424
486.133	10.5266
489.176	14.559
492.22	14.5913
495.262	2.62359
498.302	4.65585
501.341	0.688075
504.38	4.72027
507.417	14.7524
510.453	10.7846
513.487	8.81663
516.521	6.84869
519.554	6.88072
522.586	0.912711
525.616	-11.0554
528.646	6.97656
531.675	11.0084
534.701	21.0403
537.729	5.07208
540.753	3.10382
543.778	15.1356
546.8	1.16722
549.821	9.19885
552.844	3.23046
555.863	3.262
558.881	19.2935
561.898	13.325
564.916	-6.64359
567.932	-2.61222
570.946	-4.58088
573.959	7.4504
576.971	11.4816
579.982	7.51284
582.993	9.54399
586	13.5751
589.008	19.6061
592.015	5.63714
595.022	1.6681
598.025	-4.30101
601.029	7.72985
604.032	7.76066
607.033	5.7914
610.034	3.82212
613.032	13.8528
616.032	-2.11664
619.028	-0.086104
622.023	-6.05562
625.018	9.97481
628.013	6.0052
631.005	4.03552
633.997	20.0658
636.987	4.09599
639.977	4.12615
642.965	4.15624
645.952	0.18628
648.939	10.2163
651.924	2.24618
654.909	-1.72395
657.892	-1.69415
660.873	24.3356
663.854	0.365266
666.835	14.3949
669.813	6.42443
672.791	6.45394
675.767	8.48336
678.743	4.51273
681.717	12.542
684.692	-5.42872
687.664	2.60044
690.634	18.6295
693.606	16.6586
696.575	8.68757
699.543	6.71648
702.51	16.7453
705.475	-1.22591
708.44	16.8028
711.404	16.8314
714.367	0.859994
717.329	6.88849
720.29	8.91692
723.25	12.9453
726.207	0.973547
729.166	5.00176
732.123	11.0299
735.077	5.05796
738.032	21.086
740.984	21.1139
743.938	-6.85827
746.888	11.1695
749.839	9.1972
752.788	11.2248
755.735	7.25235
758.682	9.27981
761.627	9.3072
764.574	15.3345
767.517	19.3618
770.46	19.3889
773.402	3.41599
776.342	29.443
779.282	1.4699
782.219	9.49673
785.157	13.5235
788.094	13.5502
791.029	9.57676
793.962	9.60326
796.896	7.6297
799.828	9.65604
802.76	7.68231
805.689	1.70848
808.619	13.7346
811.546	3.76058
814.473	7.7865
817.4	9.81235
820.324	11.8381
823.248	11.8638
826.17	9.88934
829.092	7.91483
832.012	-0.0597693
834.932	11.9655
837.851	17.9908
840.768	6.01591
843.685	6.04096
846.599	8.0659
849.514	8.09077
852.428	20.1156
855.339	24.1402
858.251	6.16483
861.16	8.18932
864.07	4.21373
866.978	10.238
869.884	4.26225
872.792	22.2864
875.696	14.3104
878.599	14.3344
881.502	24.3582
884.404	8.38193
887.304	12.4056
890.204	14.4291
893.103	12.4526
896.001	10.476
898.898	18.4992
901.794	18.5224
904.689	6.54545
907.581	14.5684
910.474	12.5913
913.364	6.61403
916.256	2.6367
919.144	18.6593
922.034	16.6817
924.92	-1.29591
927.808	-1.27364
930.693	-3.25149
933.576	18.7706
936.459	20.7925
939.341	0.814362
942.222	6.83611
945.102	0.857746
947.981	12.8793
950.859	6.90071
953.737	14.922
956.613	18.9433
959.488	20.9644
962.361	4.98537
965.235	7.00628
968.105	5.02706
970.977	19.0478
973.846	5.06832
976.716	1.0888
979.583	11.1091
982.449	-8.87061
985.316	7.14954
988.18	7.16957
991.043	11.1895
993.906	9.20929
996.767	9.22898
999.628	7.24856
1002.49	17.268
1005.35	17.2874
1008.2	13.3066
1011.06	19.3258
1013.91	21.3448
1016.77	15.3637
1019.62	3.38248
1022.48	11.4012
1025.33	-2.58028
1028.18	7.43817
1031.03	13.4565
1033.87	9.4747
1036.72	13.4928
1039.57	11.5108
1042.41	17.5286
1045.26	11.5464
1048.1	1.56402
1050.94	7.58152
1053.78	13.5989
1056.62	21.6162
1059.46	9.63334
1062.3	11.6504
1065.14	11.6673
1067.97	11.6841
1070.81	19.7007
1073.64	23.7173
1076.47	-0.266301
1079.31	7.75001
1082.14	13.7662
1084.97	7.78225
1087.8	11.7982
1090.63	9.81399
1093.45	1.82968
1096.28	11.8452
1099.1	5.86068
1101.93	5.876
1104.75	3.89119
1107.57	21.9063
1110.39	11.9212
1113.21	3.93599
1116.03	3.95068
1118.85	5.96524
1121.66	7.97967
1124.48	7.99398
1127.3	4.00815
1130.11	16.0222
1132.92	20.0361
1135.73	0.0499017
1138.54	12.0636
1141.35	16.0771
1144.16	8.0905
1146.97	0.103767
1149.78	6.11691
1152.58	6.12991
1155.39	18.1428
1158.19	10.1555
1161	22.1681
1163.8	16.1806
1166.6	6.19297
1169.4	4.20519
1172.2	8.21727
1174.99	4.22923
1177.79	10.241
1180.59	6.25272
1183.38	20.2643
1186.17	18.2757
1188.97	8.28695
1191.76	22.2981
1194.55	16.3091
1197.34	16.32
1200.13	10.3307
1202.92	4.34129
1205.7	2.35175
1208.49	16.3621
1211.27	10.3723
1214.06	8.38229
1216.84	2.3922
1219.62	8.40197
1222.4	10.4116
1225.18	16.4211
1227.96	14.4304
1230.74	12.4397
1233.51	28.4487
1236.29	24.4577
1239.06	10.4664
1241.84	-5.52491
1244.61	10.4836
1247.38	14.492
1250.15	16.5002
1252.92	14.5083
1255.69	6.5162
1258.46	2.52399
1261.23	10.5316
1263.99	16.5391
1266.76	8.54651
1269.52	4.55373
1272.28	12.5608
1275.05	14.5677
1277.81	12.5745
1280.57	4.58116
1283.33	22.5877
1286.08	8.59401
1288.84	0.600211
1291.6	12.6063
1294.35	18.6122
1297.11	4.61794
1299.86	18.6236
1302.61	14.629
1305.36	18.6343
1308.11	4.63951
1310.86	6.64454
1313.61	10.6494
1316.36	-5.34586
1319.1	6.65871
1321.85	0.663139
1324.59	6.66742
1327.33	2.67154
1330.08	0.675519
1332.82	4.67934
1335.56	-3.31698
1338.3	26.6865
1341.04	6.68991
1343.77	2.69313
1346.51	-3.3038
1349.25	22.6991
1351.98	-1.29812
1354.71	6.70449
1357.45	26.7069
1360.18	18.7093
1362.91	-5.2886
1365.64	12.7134
1368.37	8.71524
1371.09	16.7169
1373.82	2.71846
1376.54	-7.28016
1379.27	2.72106
1381.99	8.72213
1384.72	22.723
1387.44	10.7238
1390.16	20.7244
1392.88	6.72483
1395.6	22.7251
1398.31	10.7252
1401.03	6.72522
1403.75	4.72503
1406.46	16.7247
1409.18	10.7242
1411.89	10.7235
1414.6	22.7227
1417.31	6.72172
1420.02	2.72059
1422.73	6.71929
1425.44	10.7178
1428.15	2.71622
1430.85	-1.28556
1433.56	18.7125
1436.26	16.7104
1438.97	6.70815
1441.67	-1.29427
1444.37	12.7031
1447.07	-3.2996
1449.77	18.6975
1452.47	8.69443
1455.16	12.6912
1457.86	2.68781
1460.56	-7.31574
1463.25	8.68054
1465.94	-5.32334
1468.64	4.67262
1471.33	4.66841
1474.02	-3.33596
1476.71	-1.3405
1479.4	18.6548
1482.09	14.6499
1484.77	-5.3551
1487.46	8.63971
1490.14	0.634347
1492.83	-1.37118
1495.51	14.6231
1498.19	4.61727
1500.87	10.6112
1503.55	10.6051
1506.23	10.5987
1508.91	10.5922
1511.59	6.58548
1514.27	2.57862
1516.94	-1.42841
1519.62	10.5644
1522.29	8.55703
1524.96	12.5495
1527.63	10.5418
1530.3	18.5339
1532.97	10.5259
1535.64	18.5177
1538.31	-9.49069
1540.98	-1.49924
1543.64	16.492
1546.31	6.48316
1548.97	-3.5259
1551.63	8.46488
1554.3	14.4555
1556.96	16.4459
1559.62	16.4362
1562.28	2.42625
1564.94	8.41617
1567.59	-3.59408
1570.25	16.3955
1572.9	16.3849
1575.56	20.3741
1578.21	16.3632
1580.86	12.3521
1583.52	0.340759
1586.17	14.3293
1588.82	10.3177
1591.47	14.3058
1594.11	8.29387
1596.76	0.281707
1599.41	4.26937
1602.05	16.2569
1604.69	6.24418
1607.34	12.2313
1609.98	12.2183
1612.62	10.2051
1615.26	8.19169
1617.9	18.1781
1620.54	2.1644
1623.18	-3.84951
1625.81	8.1364
1628.45	16.1221
1631.08	6.1077
1633.72	8.09308
1636.35	16.0783
1638.98	6.06332
1641.61	2.04817
1644.24	16.0328
1646.87	12.0173
1649.5	12.0016
1652.13	7.98579
1654.75	9.96974
1657.38	19.9535
1660	11.9371
1662.63	1.92055
1665.25	9.90379
1667.87	9.88686
1670.49	17.8697
1673.11	3.85245
1675.73	17.835
1678.35	-0.182681
1680.96	11.7995
1683.58	5.78148
1686.19	19.7633
1688.81	1.74489
1691.42	9.72634
1694.03	5.7076
1696.64	15.6887
1699.25	3.66958
1701.87	19.6503
1704.47	9.63083
1707.08	7.61118
1709.69	9.59135
1712.29	3.57133
1714.9	11.5511
1717.5	-0.469229
1720.1	7.51021
1722.71	15.4895
1725.31	9.46854
1727.91	5.44742
1730.51	9.42613
1733.1	11.4047
1735.7	11.383
1738.3	-0.638861
1740.89	1.33911
1743.49	3.31689
1746.08	11.2945
1748.67	3.27191
1751.26	19.2491
1753.86	21.2262
1756.45	7.20304
1759.03	1.17973
1761.62	-0.843794
1764.21	5.13251
1766.8	-0.891363
1769.38	9.08457
1771.97	13.0603
1774.55	-4.96414
1777.13	13.0112
1779.71	16.9864
1782.29	14.9614
1784.87	12.9362
1787.45	8.91085
1790.03	20.8853
1792.61	8.85954
1795.18	-1.16639
1797.76	-3.19253
1800.33	16.7812
1802.9	6.75466
1805.48	6.72797
1808.05	-1.29891
1810.62	12.674
1813.19	0.646761
1815.76	8.61931
1818.33	16.5917
1820.89	6.56384
1823.46	-1.46416
1826.02	12.5076
1828.59	14.4792
1831.15	8.45066
1833.71	22.4219
1836.27	2.39291
1838.84	4.36376
1841.39	22.3344
1843.95	12.3049
1846.51	10.2752
1849.07	8.24525
1851.62	6.21514
1854.18	12.1848
1856.73	2.15435
1859.29	18.1237
1861.84	12.0928
1864.39	26.0617
1866.94	16.0305
1869.49	7.99902
1872.04	3.96738
1874.59	1.93554
1877.13	3.90352
1879.68	9.87132
1882.22	7.8389
1884.77	7.80629
1887.31	17.7735
1889.85	-0.259495
1892.39	3.70733
1894.93	15.674
1897.47	-0.359622
1900.01	15.6066
1902.55	9.57266
1905.09	7.53851
1907.62	29.5042
1910.16	11.4696
1912.69	5.43491
1915.22	5.39998
1917.76	-14.6351
1920.29	23.3295
1922.82	-4.70596
1925.35	21.2583
1927.88	3.22242
1930.4	13.1863
1932.93	15.15
1935.46	5.11356
1937.98	-0.923129
1940.51	9.03999
1943.03	3.00291
1945.55	14.9657
1948.07	2.92818
1950.59	4.89053
1953.11	0.852661
1955.63	12.8146
1958.15	18.7764
1960.67	14.7379
1963.18	4.69929
1965.7	-1.33955
1968.21	10.6214
1970.73	10.5822
1973.24	2.54273
1975.75	2.50312
1978.26	-3.53672
1980.77	8.42327
1983.28	12.383
1985.79	4.34262
1988.29	8.30201
1990.8	6.26117
1993.31	8.22016
1995.81	16.179
1998.31	6.13757
