100.093	26.067
103.274	22.0469
106.457	14.0269
109.636	20.0071
112.817	11.9874
115.994	29.9677
119.172	27.9482
122.347	1.92883
125.521	25.9095
128.696	9.89035
131.868	19.8713
135.039	17.8523
138.209	13.8335
141.379	27.8147
144.547	15.7961
147.713	7.77753
150.879	13.7591
154.043	17.7408
157.206	25.7226
160.368	9.70446
163.529	17.6865
166.689	17.6686
169.848	11.6508
173.006	11.6331
176.163	17.6155
179.316	27.5981
182.471	-0.419304
185.625	15.5634
188.777	11.5463
191.927	27.5292
195.077	-2.48772
198.224	-0.504553
201.372	35.4787
204.52	7.46206
207.664	9.44554
210.809	19.4291
213.95	3.41278
217.091	7.39657
220.233	19.3804
223.372	21.3644
226.509	13.3485
229.648	17.3327
232.784	21.317
235.918	9.30138
239.051	19.2859
242.186	21.2705
245.317	19.2551
248.447	9.23994
251.577	11.2248
254.705	35.2098
257.832	7.19492
260.958	5.18011
264.083	19.1654
267.204	19.1508
270.327	21.1363
273.449	25.1219
276.57	17.1076
279.69	15.0934
282.806	17.0792
285.924	17.0652
289.04	19.0513
292.154	5.03749
295.268	9.02376
298.379	13.0101
301.492	24.9966
304.601	8.98317
307.711	8.96983
310.818	22.9566
313.924	6.94345
317.031	22.9304
320.135	4.91745
323.238	14.9046
326.34	22.8918
329.443	14.8792
332.543	12.8666
335.642	6.85411
338.74	32.8417
341.836	26.8294
344.932	6.81724
348.027	-7.19486
351.12	4.79313
354.213	20.7812
357.302	8.7694
360.393	14.7577
363.482	18.746
366.57	8.73448
369.656	-5.27696
372.742	28.7117
375.827	12.7004
378.91	22.6892
381.993	6.67815
385.073	8.66716
388.154	2.65625
391.232	12.6454
394.311	16.6347
397.387	12.6241
400.462	-7.38644
403.536	30.6031
406.611	22.5927
409.683	6.58248
412.754	6.5723
415.824	-5.43779
418.893	18.5522
421.961	14.5423
425.027	-5.46752
428.093	6.52274
431.158	8.51309
434.222	2.50353
437.284	4.49406
440.346	6.48468
443.407	8.47538
446.464	18.4662
449.523	16.4571
452.581	8.44802
455.635	8.43908
458.691	18.4302
461.743	14.4214
464.797	-1.58725
467.847	14.4041
470.899	-5.60437
473.947	6.3872
476.994	16.3789
480.043	4.37059
483.088	6.36242
486.133	18.3543
489.176	-3.65368
492.22	16.3384
495.262	-1.66944
498.302	20.3228
501.341	10.3151
504.38	8.30755
507.417	12.3
510.453	14.2926
513.487	8.28529
516.521	-5.72196
519.554	10.2709
522.586	22.2638
525.616	0.256775
528.646	16.2498
531.675	16.243
534.701	6.23625
537.729	12.2296
540.753	14.223
543.778	16.2165
546.8	-7.78998
549.821	-1.79633
552.844	-3.80261
555.863	4.1912
558.881	2.18509
561.898	10.1791
564.916	16.1731
567.932	10.1672
570.946	0.16143
573.959	6.15572
576.971	2.15008
579.982	12.1445
582.993	12.139
586	-3.86635
589.008	14.1283
592.015	-5.87692
595.022	-1.88208
598.025	18.1128
601.029	4.10782
604.032	16.1029
607.033	12.098
610.034	10.0933
613.032	22.0886
616.032	12.0839
619.028	0.0793895
622.023	16.0749
625.018	18.0705
628.013	-1.93379
631.005	2.06196
633.997	22.0578
636.987	4.05371
639.977	26.0497
642.965	16.0458
645.952	4.04189
648.939	8.03809
651.924	6.03438
654.909	14.0307
657.892	20.0272
660.873	10.0237
663.854	4.02026
666.835	16.0169
669.813	8.01364
672.791	2.01044
675.767	-1.99269
678.743	2.00426
681.717	0.00128188
684.692	15.9984
687.664	3.99554
690.634	-4.00722
693.606	13.9901
696.575	15.9875
699.543	11.9849
702.51	7.98245
705.475	3.98005
708.44	11.9777
711.404	11.9755
714.367	5.97326
717.329	11.9711
720.29	-0.0309028
723.25	5.96712
726.207	13.9652
729.166	9.96338
732.123	3.96161
735.077	9.95991
738.032	11.9583
740.984	19.9567
743.938	11.9552
746.888	9.95381
749.839	17.9525
752.788	13.9512
755.735	9.94997
758.682	13.9488
761.627	-2.05226
764.574	9.94673
767.517	3.94579
770.46	3.94492
773.402	3.94411
776.342	3.94338
779.282	9.94271
782.219	9.9421
785.157	15.9416
788.094	-4.05891
791.029	9.94069
793.962	19.9404
796.896	-0.0599179
799.828	3.93988
802.76	15.9397
805.689	7.93967
808.619	3.93966
811.546	19.9397
814.473	15.9398
817.4	7.94003
820.324	31.9403
823.248	1.9406
826.17	21.941
829.092	23.9414
832.012	3.94194
834.932	9.94252
837.851	23.9432
840.768	21.9439
843.685	11.9446
846.599	11.9455
849.514	15.9464
852.428	5.94731
855.339	21.9483
858.251	11.9494
861.16	17.9506
864.07	7.95177
866.978	29.953
869.884	3.95437
872.792	9.95577
875.696	11.9572
878.599	5.95875
881.502	11.9603
884.404	3.96197
887.304	11.9637
890.204	9.96544
893.103	13.9673
896.001	-0.0308472
898.898	9.9711
901.794	13.9731
904.689	1.97518
907.581	5.97731
910.474	15.9795
913.364	7.98174
916.256	-0.0159475
919.144	7.98642
922.034	5.98885
924.92	9.99133
927.808	13.9939
930.693	21.9965
933.576	-6.00085
936.459	10.0019
939.341	6.00465
942.222	2.00749
945.102	22.0104
947.981	12.0133
950.859	10.0164
953.737	4.01943
956.613	18.0226
959.488	16.0258
962.361	16.029
965.235	8.0323
968.105	8.03566
970.977	6.03907
973.846	0.0425431
976.716	16.0461
979.583	4.04966
982.449	16.0533
985.316	-3.943
988.18	14.0608
991.043	12.0646
993.906	20.0684
996.767	6.07235
999.628	14.0763
1002.49	12.0804
1005.35	-3.91556
1008.2	2.08859
1011.06	12.0928
1013.91	0.097034
1016.77	0.101341
1019.62	14.1057
1022.48	10.1101
1025.33	6.11458
1028.18	14.1191
1031.03	8.12368
1033.87	-3.87169
1036.72	14.133
1039.57	0.137737
1042.41	6.14253
1045.26	4.14737
1048.1	16.1523
1050.94	14.1572
1053.78	2.16222
1056.62	0.167275
1059.46	10.1724
1062.3	0.177543
1065.14	0.182753
1067.97	18.188
1070.81	0.193331
1073.64	6.1987
1076.47	0.204117
1079.31	14.2096
1082.14	6.21511
1084.97	6.22069
1087.8	10.2263
1090.63	18.232
1093.45	6.23771
1096.28	0.243482
1099.1	8.24931
1101.93	8.25519
1104.75	24.2611
1107.57	14.2671
1110.39	8.27312
1113.21	10.2792
1116.03	0.285319
1118.85	16.2915
1121.66	0.297719
1124.48	14.304
1127.3	12.3103
1130.11	0.316692
1132.92	8.32311
1135.73	4.32958
1138.54	0.336098
1141.35	14.3427
1144.16	-1.65072
1146.97	10.3559
1149.78	10.3627
1152.58	6.36941
1155.39	2.37622
1158.19	2.38308
1161	16.39
1163.8	8.39692
1166.6	18.4039
1169.4	6.41097
1172.2	6.41806
1174.99	4.4252
1177.79	-7.56762
1180.59	8.43961
1183.38	-5.55312
1186.17	2.45421
1188.97	14.4616
1191.76	6.46899
1194.55	14.4765
1197.34	22.484
1200.13	2.49152
1202.92	12.4991
1205.7	6.50675
1208.49	-1.48556
1211.27	6.52218
1214.06	6.52996
1216.84	8.53778
1219.62	2.54565
1222.4	8.55356
1225.18	14.5615
1227.96	8.56952
1230.74	12.5776
1233.51	22.5857
1236.29	0.593791
1239.06	12.602
1241.84	-1.38981
1244.61	4.61846
1247.38	18.6268
1250.15	2.63511
1252.92	10.6435
1255.69	14.6519
1258.46	2.66043
1261.23	8.66895
1263.99	-3.32248
1266.76	2.68613
1269.52	12.6948
1272.28	0.703469
1275.05	18.7122
1277.81	10.721
1280.57	4.72981
1283.33	8.73867
1286.08	8.74757
1288.84	6.75652
1291.6	8.7655
1294.35	-7.22547
1297.11	8.7836
1299.86	2.79271
1302.61	14.8019
1305.36	6.81105
1308.11	4.82029
1310.86	4.82956
1313.61	0.838867
1316.36	0.848226
1319.1	-3.14238
1321.85	6.86705
1324.59	4.87652
1327.33	6.88604
1330.08	-7.10441
1332.82	4.90519
1335.56	2.91482
1338.3	14.9245
1341.04	10.9342
1343.77	12.944
1346.51	0.953739
1349.25	10.9636
1351.98	2.97343
1354.71	16.9833
1357.45	2.99329
1360.18	3.00327
1362.91	-2.98671
1365.64	13.0234
1368.37	31.0334
1371.09	17.0436
1373.82	-2.94624
1376.54	3.06396
1379.27	13.0742
1381.99	1.0845
1384.72	7.09483
1387.44	13.1052
1390.16	7.11558
1392.88	1.12601
1395.6	11.1365
1398.31	9.147
1401.03	1.15754
1403.75	11.1681
1406.46	13.1787
1409.18	3.1894
1411.89	17.2001
1414.6	-4.78919
1417.31	11.2216
1420.02	9.23237
1422.73	9.24321
1425.44	-0.745923
1428.15	7.26498
1430.85	17.2759
1433.56	17.2869
1436.26	3.29791
1438.97	11.309
1441.67	5.32003
1444.37	7.33115
1447.07	7.3423
1449.77	-0.646518
1452.47	3.3647
1455.16	3.37596
1457.86	7.38725
1460.56	1.39857
1463.25	-4.59007
1465.94	1.42131
1468.64	7.43274
1471.33	-2.5558
1474.02	1.45569
1476.71	5.46722
1479.4	5.47878
1482.09	17.4904
1484.77	3.50199
1487.46	5.51365
1490.14	7.52534
1492.83	11.5371
1495.51	5.54882
1498.19	15.5606
1500.87	7.57243
1503.55	-2.41571
1506.23	11.5962
1508.91	-4.39191
1511.59	3.62005
1514.27	17.632
1516.94	1.64404
1519.62	5.65609
1522.29	5.66817
1524.96	17.6803
1527.63	1.69242
1530.3	7.70459
1532.97	9.71679
1535.64	-2.27097
1538.31	7.7413
1540.98	-4.24641
1543.64	-2.23408
1546.31	9.77827
1548.97	19.7907
1551.63	1.80308
1554.3	17.8155
1556.96	-2.17199
1559.62	3.84052
1562.28	5.85306
1564.94	3.86563
1567.59	-0.121768
1570.25	7.89086
1572.9	5.90352
1575.56	11.9162
1578.21	5.92893
1580.86	7.94168
1583.52	-2.04554
1586.17	5.96726
1588.82	7.9801
1591.47	19.993
1594.11	0.00585342
1596.76	18.0188
1599.41	8.03172
1602.05	14.0447
1604.69	16.0577
1607.34	10.0707
1609.98	6.08381
1612.62	-3.90309
1615.26	12.11
1617.9	8.12317
1620.54	12.1364
1623.18	-1.85045
1625.81	10.1628
1628.45	6.17604
1631.08	8.18933
1633.72	8.20264
1636.35	14.216
1638.98	6.22935
1641.61	8.24274
1644.24	6.25616
1646.87	4.26961
1649.5	2.28309
1652.13	0.296589
1654.75	4.31012
1657.38	-1.67633
1660	4.33726
1662.63	10.3509
1665.25	2.3645
1667.87	-1.62184
1670.49	8.39184
1673.11	16.4056
1675.73	-1.58071
1678.35	0.433056
1680.96	-1.55315
1683.58	0.460653
1686.19	-7.5255
1688.81	2.48836
1691.42	-11.4978
1694.03	8.51617
1696.64	8.5301
1699.25	6.54407
1701.87	12.5581
1704.47	-3.42792
1707.08	2.58611
1709.69	6.60018
1712.29	20.6143
1714.9	14.6284
1717.5	16.6425
1720.1	-1.34333
1722.71	6.67086
1725.31	8.68506
1727.91	18.6993
1730.51	-1.28645
1733.1	4.72783
1735.7	24.7421
1738.3	0.756463
1740.89	4.77081
1743.49	10.7852
1746.08	-1.20042
1748.67	-1.186
1751.26	16.8284
1753.86	0.842907
1756.45	8.8574
1759.03	6.8719
1761.62	-1.11356
1764.21	16.901
1766.8	16.9156
1769.38	8.93017
1771.97	4.9448
1774.55	10.9594
1777.13	8.97412
1779.71	6.98881
1782.29	11.0035
1784.87	13.0182
1787.45	27.033
1790.03	5.04777
1792.61	3.06258
1795.18	-0.922608
1797.76	23.0922
1800.33	9.1071
1802.9	-2.87802
1805.48	5.13688
1808.05	25.1518
1810.62	23.1668
1813.19	3.18173
1815.76	7.19672
1818.33	13.2117
1820.89	5.22676
1823.46	25.2418
1826.02	11.2569
1828.59	5.27197
1831.15	13.2871
1833.71	5.30221
1836.27	1.31736
1838.84	9.33253
1841.39	3.34772
1843.95	-2.63706
1846.51	17.3782
1849.07	17.3934
1851.62	13.4087
1854.18	5.42398
1856.73	5.43928
1859.29	9.45461
1861.84	13.47
1864.39	17.4853
1866.94	11.5007
1869.49	13.5161
1872.04	21.5315
1874.59	9.54698
1877.13	9.56244
1879.68	9.57792
1882.22	15.5934
1884.77	17.6089
1887.31	25.6245
1889.85	15.64
1892.39	11.6556
1894.93	7.67118
1897.47	7.68679
1900.01	1.70241
1902.55	5.71806
1905.09	19.7337
1907.62	15.7494
1910.16	9.76508
1912.69	15.7808
1915.22	7.79653
1917.76	-2.18772
1920.29	15.828
1922.82	-0.156174
1925.35	11.8596
1927.88	5.87545
1930.4	15.8913
1932.93	1.90713
1935.46	11.923
1937.98	11.9389
1940.51	11.9548
1943.03	21.9707
1945.55	15.9866
1948.07	10.0026
1950.59	8.01855
1953.11	14.0345
1955.63	8.05053
1958.15	4.06655
1960.67	-3.91743
1963.18	22.0986
1965.7	20.1147
1968.21	18.1308
1970.73	0.146858
1973.24	22.163
1975.75	18.1791
1978.26	2.19523
1980.77	10.2114
1983.28	6.22756
1985.79	16.2437
1988.29	8.25995
1990.8	16.2762
1993.31	16.2924
1995.81	8.30865
1998.31	14.3249
