100.093	9.62232
103.274	13.7241
106.457	23.8255
109.636	13.9262
112.817	14.0264
115.994	26.126
119.172	10.2252
122.347	0.323708
125.521	2.42169
128.696	12.5192
131.868	4.61612
135.039	6.71249
138.209	4.80833
141.379	2.90369
144.547	8.99847
147.713	7.09271
150.879	7.18643
154.043	1.27962
157.206	13.3723
160.368	9.46443
163.529	5.55605
166.689	9.64715
169.848	3.73774
173.006	5.82781
176.163	-2.08264
179.316	22.0063
182.471	20.0949
185.625	4.18291
188.777	-1.72957
191.927	2.35738
195.077	10.4439
198.224	22.5298
201.372	-5.38465
204.52	16.7004
207.664	8.78482
210.809	4.86884
213.95	-1.04769
217.091	17.0353
220.233	-12.8822
223.372	9.19983
226.509	9.28135
229.648	-0.637565
232.784	5.44298
235.918	-0.476949
239.051	-0.397361
242.186	11.6818
245.317	3.76044
248.447	9.8386
251.577	-0.0837144
254.705	5.9935
257.832	6.07025
260.958	8.14653
264.083	16.2223
267.204	22.2976
270.327	16.3725
273.449	6.44695
276.57	12.5209
279.69	2.59443
282.806	12.6674
285.924	26.74
289.04	30.8122
292.154	14.8838
295.268	12.9551
298.379	9.02581
301.492	23.0962
304.601	1.16602
307.711	9.23548
310.818	19.3045
313.924	-4.62701
317.031	11.4411
320.135	-0.491212
323.238	23.576
326.34	9.6428
329.443	9.70921
332.543	5.77514
335.642	3.84064
338.74	3.90571
341.836	5.97036
344.932	10.0346
348.027	8.09839
351.12	-1.83823
354.213	10.2247
357.302	4.28724
360.393	16.3494
363.482	6.41108
366.57	-1.52761
369.656	10.5332
372.742	16.5937
375.827	-1.34621
378.91	16.7134
381.993	14.7727
385.073	4.8315
388.154	4.88996
391.232	12.948
394.311	23.0056
397.387	9.06285
400.462	9.11968
403.536	3.17611
406.611	11.2322
409.683	7.28784
412.754	9.34309
415.824	7.39797
418.893	5.45245
421.961	15.5065
425.027	13.5603
428.093	5.6136
431.158	-4.33345
434.222	-0.280873
437.284	15.7713
440.346	9.82314
443.407	13.8746
446.464	-4.07437
449.523	13.9763
452.581	14.0267
455.635	6.07659
458.691	6.12619
461.743	4.17539
464.797	-3.77575
467.847	16.2727
470.899	20.3209
473.947	-1.63138
476.994	24.416
480.043	6.46308
483.088	12.5098
486.133	16.5561
489.176	0.602062
492.22	16.6477
495.262	8.69299
498.302	-3.26208
501.341	10.7825
504.38	14.8267
507.417	-7.12937
510.453	2.91417
513.487	-1.04265
516.521	11.0002
519.554	1.04275
522.586	-2.91505
525.616	-0.873219
528.646	7.16831
531.675	13.2095
534.701	11.2503
537.729	-2.70913
540.753	5.33105
543.778	15.3709
546.8	21.4105
549.821	23.4497
552.844	13.4886
555.863	7.52712
558.881	17.5654
561.898	3.60329
564.916	11.6409
567.932	13.6782
570.946	-0.284814
573.959	-0.248149
576.971	7.7882
579.982	1.82425
582.993	3.85998
586	7.89539
589.008	5.93051
592.015	5.96532
595.022	9.99984
598.025	18.034
601.029	10.0679
604.032	12.1016
607.033	12.1348
610.034	0.167868
613.032	20.2006
616.032	22.233
619.028	10.2651
622.023	0.296946
625.018	-7.67152
628.013	4.35975
631.005	34.3907
633.997	14.4214
636.987	14.4518
639.977	8.4819
642.965	2.51172
645.952	4.54127
648.939	4.57054
651.924	18.5995
654.909	12.6283
657.892	4.65669
660.873	2.68484
663.854	2.71274
666.835	12.7404
669.813	4.7677
672.791	4.79478
675.767	16.8216
678.743	8.84814
681.717	-5.12559
684.692	2.90043
687.664	10.9262
690.634	16.9517
693.606	10.9769
696.575	7.00188
699.543	5.02659
702.51	1.05105
705.475	15.0752
708.44	9.0992
711.404	1.1229
714.367	1.14634
717.329	-8.83046
720.29	15.1925
723.25	11.2152
726.207	5.23764
729.166	15.2599
732.123	11.2818
735.077	11.3035
738.032	19.325
740.984	13.3463
743.938	5.36728
746.888	17.388
749.839	13.4086
752.788	17.4289
755.735	9.44893
758.682	-0.531241
761.627	15.4884
764.574	5.50774
767.517	17.5269
770.46	17.5458
773.402	21.5645
776.342	15.5829
779.282	-4.39882
782.219	1.61919
785.157	11.637
788.094	11.6546
791.029	15.6719
793.962	7.68906
796.896	31.706
799.828	13.7227
802.76	3.73919
805.689	21.7555
808.619	7.77154
811.546	5.7874
814.473	23.803
817.4	7.81849
820.324	15.8337
823.248	23.8488
826.17	15.8636
829.092	3.8782
832.012	11.8926
834.932	13.9068
837.851	15.9209
840.768	21.9347
843.685	25.9483
846.599	27.9617
849.514	19.975
852.428	3.988
855.339	-9.99916
858.251	16.0135
861.16	12.026
864.07	14.0382
866.978	22.0503
869.884	8.06221
872.792	24.0739
875.696	8.08545
878.599	-3.9032
881.502	0.107959
884.404	22.1189
887.304	8.12974
890.204	-1.85964
893.103	16.1508
896.001	14.1611
898.898	12.1712
901.794	22.1811
904.689	6.19084
907.581	8.2004
910.474	-5.79019
913.364	4.21904
916.256	0.228102
919.144	8.23699
922.034	-3.75427
924.92	14.2543
927.808	12.2627
930.693	4.27092
933.576	8.27899
936.459	12.2869
939.341	6.29466
942.222	12.3022
945.102	4.30969
947.981	10.317
950.859	0.324089
953.737	24.3311
956.613	8.33787
959.488	-3.65546
962.361	10.351
965.235	16.3574
968.105	10.3636
970.977	4.36969
973.846	10.3756
976.716	18.3814
979.583	2.387
982.449	16.3925
985.316	2.39783
988.18	6.40303
991.043	10.4081
993.906	10.413
996.767	24.4178
999.628	22.4224
1002.49	18.4269
1005.35	6.4313
1008.2	18.4355
1011.06	16.4396
1013.91	4.44362
1016.77	10.4475
1019.62	8.45117
1022.48	10.4548
1025.33	0.458204
1028.18	12.4615
1031.03	20.4647
1033.87	8.46781
1036.72	4.47076
1039.57	20.4736
1042.41	6.4763
1045.26	14.4789
1048.1	18.4814
1050.94	4.4837
1053.78	18.4859
1056.62	10.488
1059.46	8.49004
1062.3	2.49193
1065.14	-3.5063
1067.97	12.4954
1070.81	6.4969
1073.64	-7.50166
1076.47	8.49966
1079.31	16.5009
1082.14	4.50199
1084.97	4.50299
1087.8	4.50389
1090.63	0.504677
1093.45	8.50537
1096.28	24.506
1099.1	4.50643
1101.93	2.50682
1104.75	14.5071
1107.57	12.5073
1110.39	8.50737
1113.21	4.50736
1116.03	14.5073
1118.85	16.5071
1121.66	2.50676
1124.48	18.5064
1127.3	8.50589
1130.11	-1.49468
1132.92	2.50466
1135.73	2.50391
1138.54	-1.49693
1141.35	4.50215
1144.16	6.50113
1146.97	18.5
1149.78	0.498855
1152.58	12.4976
1155.39	0.496244
1158.19	8.49481
1161	20.4933
1163.8	10.4917
1166.6	14.49
1169.4	18.4883
1172.2	10.4865
1174.99	6.48458
1177.79	4.48261
1180.59	6.48056
1183.38	14.4784
1186.17	16.4762
1188.97	16.474
1191.76	14.4716
1194.55	10.4692
1197.34	6.46677
1200.13	22.4642
1202.92	20.4616
1205.7	22.459
1208.49	12.4562
1211.27	14.4534
1214.06	8.45055
1216.84	8.44763
1219.62	8.44464
1222.4	14.4416
1225.18	6.43848
1227.96	6.43532
1230.74	8.43209
1233.51	6.42881
1236.29	0.425476
1239.06	6.42208
1241.84	6.41864
1244.61	20.4151
1247.38	18.4116
1250.15	0.407988
1252.92	2.40433
1255.69	-3.59937
1258.46	22.3969
1261.23	6.39308
1263.99	4.38924
1266.76	6.38534
1269.52	-1.6186
1272.28	4.37742
1275.05	12.3734
1277.81	8.36932
1280.57	0.365215
1283.33	-11.6389
1286.08	12.3569
1288.84	6.35264
1291.6	0.348369
1294.35	10.3441
1297.11	16.3397
1299.86	16.3353
1302.61	18.3309
1305.36	-5.67353
1308.11	2.32199
1310.86	16.3175
1313.61	-5.68707
1316.36	8.30835
1319.1	16.3037
1321.85	14.2991
1324.59	8.29444
1327.33	6.28975
1330.08	16.285
1332.82	4.28029
1335.56	2.27552
1338.3	8.27072
1341.04	8.2659
1343.77	2.26106
1346.51	14.2562
1349.25	16.2513
1351.98	8.24642
1354.71	-3.75851
1357.45	16.2366
1360.18	10.2316
1362.91	10.2266
1365.64	4.22163
1368.37	2.21662
1371.09	0.2116
1373.82	14.2066
1376.54	14.2015
1379.27	0.19646
1381.99	20.1914
1384.72	8.18631
1387.44	16.1812
1390.16	12.1761
1392.88	12.171
1395.6	12.1659
1398.31	12.1608
1401.03	4.15565
1403.75	14.1505
1406.46	4.14538
1409.18	0.140238
1411.89	18.1351
1414.6	14.13
1417.31	14.1248
1420.02	10.1197
1422.73	14.1145
1425.44	8.10938
1428.15	-3.89576
1430.85	4.0991
1433.56	10.094
1436.26	-11.9112
1438.97	2.08371
1441.67	8.07859
1444.37	8.07348
1447.07	6.06837
1449.77	0.0632748
1452.47	20.0582
1455.16	14.0531
1457.86	12.048
1460.56	8.04298
1463.25	8.03794
1465.94	10.0329
1468.64	-1.97211
1471.33	10.0229
1474.02	8.01789
1476.71	20.0129
1479.4	-1.99204
1482.09	2.00302
1484.77	-0.00190486
1487.46	19.9932
1490.14	-4.01169
1492.83	-0.0165589
1495.51	-6.0214
1498.19	13.9738
1500.87	1.96898
1503.55	5.9642
1506.23	11.9594
1508.91	-0.0452865
1511.59	15.95
1514.27	17.9453
1516.94	19.9407
1519.62	-0.0639481
1522.29	5.93146
1524.96	-2.07311
1527.63	11.9223
1530.3	15.9178
1532.97	13.9134
1535.64	15.9089
1538.31	19.9045
1540.98	23.9001
1543.64	7.89577
1546.31	5.89146
1548.97	3.88718
1551.63	17.8829
1554.3	3.87873
1556.96	9.87456
1559.62	19.8704
1562.28	11.8663
1564.94	19.8623
1567.59	19.8583
1570.25	9.8543
1572.9	1.85036
1575.56	5.84647
1578.21	11.8426
1580.86	17.8388
1583.52	11.8351
1586.17	1.83135
1588.82	13.8277
1591.47	23.824
1594.11	13.8205
1596.76	9.81694
1599.41	-4.18654
1602.05	3.81002
1604.69	9.80664
1607.34	9.8033
1609.98	11.8
1612.62	3.79679
1615.26	-0.206396
1617.9	9.79048
1620.54	13.7874
1623.18	7.78438
1625.81	17.7814
1628.45	-2.2215
1631.08	-0.224354
1633.72	-0.227154
1636.35	11.7701
1638.98	5.76742
1641.61	9.76479
1644.24	5.76223
1646.87	3.75972
1649.5	9.75727
1652.13	11.7549
1654.75	13.7526
1657.38	3.7503
1660	1.7481
1662.63	11.746
1665.25	9.7439
1667.87	19.7419
1670.49	23.7399
1673.11	-4.26193
1675.73	25.7363
1678.35	1.73453
1680.96	17.7329
1683.58	-0.268751
1686.19	15.7297
1688.81	-0.271752
1691.42	13.7269
1694.03	-0.274471
1696.64	15.7243
1699.25	23.7231
1701.87	13.722
1704.47	15.721
1707.08	3.72
1709.69	13.7191
1712.29	7.7183
1714.9	11.7176
1717.5	11.7169
1720.1	9.71633
1722.71	9.71583
1725.31	-0.284593
1727.91	11.7151
1730.51	-2.2852
1733.1	15.7146
1735.7	13.7145
1738.3	11.7145
1740.89	5.71454
1743.49	13.7147
1746.08	9.71491
1748.67	3.71522
1751.26	13.7156
1753.86	21.7161
1756.45	-6.28335
1759.03	7.71729
1761.62	13.718
1764.21	9.71885
1766.8	17.7198
1769.38	5.72076
1771.97	13.7218
1774.55	17.723
1777.13	5.72429
1779.71	5.72565
1782.29	27.7271
1784.87	13.7286
1787.45	11.7303
1790.03	9.73199
1792.61	-0.266193
1795.18	9.73572
1797.76	9.73773
1800.33	9.73983
1802.9	13.742
1805.48	7.74432
1808.05	3.74671
1810.62	-0.250804
1813.19	-0.248218
1815.76	9.75447
1818.33	15.7572
1820.89	11.7601
1823.46	7.76311
1826.02	11.7662
1828.59	23.7694
1831.15	-4.22733
1833.71	17.7761
1836.27	13.7795
1838.84	1.78314
1841.39	13.7868
1843.95	1.79064
1846.51	13.7946
1849.07	13.7986
1851.62	5.80268
1854.18	9.80691
1856.73	3.81124
1859.29	9.81568
1861.84	3.82023
1864.39	-4.17511
1866.94	5.82965
1869.49	17.8345
1872.04	-0.160484
1874.59	17.8446
1877.13	15.8498
1879.68	15.8551
1882.22	15.8606
1884.77	3.86612
1887.31	23.8718
1889.85	5.87755
1892.39	11.8834
1894.93	9.88943
1897.47	9.89555
1900.01	21.9018
1902.55	21.9081
1905.09	11.9146
1907.62	27.9212
1910.16	5.92788
1912.69	15.9347
1915.22	19.9416
1917.76	9.9487
1920.29	23.9559
1922.82	13.9632
1925.35	15.9706
1927.88	5.97814
1930.4	-2.0142
1932.93	1.99359
1935.46	8.0015
1937.98	2.00953
1940.51	8.01768
1943.03	4.02597
1945.55	0.034367
1948.07	12.0429
1950.59	10.0516
1953.11	8.06034
1955.63	10.0692
1958.15	-1.92172
1960.67	10.0874
1963.18	-1.90327
1965.7	12.1062
1968.21	-9.88429
1970.73	12.1254
1973.24	2.1352
1975.75	10.1451
1978.26	18.1552
1980.77	4.16541
1983.28	10.1757
1985.79	2.18621
1988.29	24.1968
1990.8	8.20755
1993.31	14.2184
1995.81	16.2294
1998.31	14.2406
