100.093	28.3623
103.274	14.4215
106.457	8.48031
109.636	12.5388
112.817	20.5969
115.994	12.6547
119.172	28.7122
122.347	14.7694
125.521	8.82615
128.696	12.8827
131.868	6.93879
135.039	10.9946
138.209	-2.94992
141.379	-0.894729
144.547	7.1601
147.713	21.2146
150.879	13.2688
154.043	11.3226
157.206	9.37618
160.368	17.4294
163.529	17.4823
166.689	-4.46513
169.848	17.5871
173.006	13.6391
176.163	15.6907
179.316	-0.258017
182.471	27.793
185.625	17.8437
188.777	13.894
191.927	13.9441
195.077	3.99382
198.224	26.0432
201.372	2.09237
204.52	4.1412
207.664	2.18969
210.809	8.2379
213.95	8.28578
217.091	8.33336
220.233	12.3807
223.372	10.4276
226.509	24.4743
229.648	0.520707
232.784	12.5668
235.918	-1.38745
239.051	2.65803
242.186	2.70325
245.317	16.7481
248.447	4.79272
251.577	16.837
254.705	14.881
257.832	10.9247
260.958	18.9682
264.083	5.01131
267.204	7.05412
270.327	-2.90332
273.449	5.13896
276.57	9.18094
279.69	11.2226
282.806	13.264
285.924	27.3052
289.04	-2.65399
292.154	1.38656
295.268	15.4268
298.379	-4.53317
301.492	3.50656
304.601	5.54598
307.711	31.5852
310.818	11.624
313.924	21.6626
317.031	11.701
320.135	13.739
323.238	1.7768
326.34	11.8143
329.443	3.85157
332.543	19.8885
335.642	5.92523
338.74	9.96165
341.836	5.99782
344.932	20.0337
348.027	-15.9307
351.12	4.1047
354.213	6.1398
357.302	22.1746
360.393	26.2092
363.482	6.2435
366.57	14.2776
369.656	2.31132
372.742	18.3449
375.827	4.37814
378.91	14.4111
381.993	8.4439
385.073	2.47638
388.154	12.5086
391.232	20.5406
394.311	2.57236
397.387	6.60384
400.462	14.6351
403.536	12.666
406.611	18.6968
409.683	14.7273
412.754	10.7575
415.824	6.78746
418.893	6.8172
421.961	-1.15331
425.027	4.87594
428.093	4.90494
431.158	6.9337
434.222	18.9622
437.284	6.99049
440.346	15.0185
443.407	17.0463
446.464	17.0739
449.523	13.1012
452.581	-0.871725
455.635	15.1551
458.691	9.18172
461.743	-4.79192
464.797	15.2342
467.847	17.2601
470.899	1.2858
473.947	7.31123
476.994	13.3364
480.043	5.36142
483.088	3.38616
486.133	-2.58932
489.176	21.435
492.22	13.459
495.262	23.4829
498.302	1.50649
501.341	-2.47012
504.38	11.553
507.417	11.576
510.453	-6.40129
513.487	15.6212
516.521	19.6435
519.554	11.6655
522.586	-2.31262
525.616	15.709
528.646	-2.2696
531.675	-4.24841
534.701	-6.22745
537.729	27.7933
540.753	-0.186155
543.778	1.83418
546.8	5.85429
549.821	21.8742
552.844	15.8939
555.863	13.9134
558.881	3.93264
561.898	5.9517
564.916	-4.02944
567.932	9.98921
570.946	-1.99235
573.959	8.02588
576.971	0.0439127
579.982	4.06174
582.993	6.07936
586	0.0967733
589.008	18.114
592.015	14.131
595.022	4.14783
598.025	6.16444
601.029	10.1809
604.032	10.1971
607.033	8.2131
610.034	-7.77107
613.032	14.2446
616.032	6.26
619.028	6.27524
622.023	0.290279
625.018	4.30513
628.013	2.3198
631.005	8.33427
633.997	0.348545
636.987	8.36263
639.977	4.37653
642.965	4.39024
645.952	0.403769
648.939	16.4171
651.924	10.4303
654.909	6.44322
657.892	8.45601
660.873	-7.5314
663.854	14.481
666.835	0.493246
669.813	6.50529
672.791	18.5172
675.767	16.5288
678.743	8.54035
681.717	-11.4483
684.692	18.5628
687.664	2.5738
690.634	10.5846
693.606	4.59522
696.575	12.6057
699.543	18.6159
702.51	30.626
705.475	12.6359
708.44	12.6457
711.404	10.6553
714.367	8.66468
717.329	22.6739
720.29	-1.31702
723.25	0.691883
726.207	2.70061
729.166	8.70917
732.123	-3.28243
735.077	22.7258
738.032	4.73385
740.984	10.7417
743.938	20.7495
746.888	18.7571
749.839	6.76446
752.788	8.77171
755.735	6.77879
758.682	4.78571
761.627	26.7925
764.574	-1.20092
767.517	14.8055
770.46	10.8118
773.402	2.81794
776.342	8.82391
779.282	0.829726
782.219	16.8354
785.157	4.84089
788.094	22.8462
791.029	8.85145
793.962	2.85649
796.896	14.8614
799.828	6.86613
802.76	2.87072
805.689	12.8752
808.619	18.8795
811.546	-1.1164
814.473	14.8876
817.4	32.8915
820.324	22.8952
823.248	8.89871
826.17	6.90212
829.092	20.9054
832.012	10.9085
834.932	6.91149
837.851	0.914332
840.768	6.91703
843.685	26.9196
846.599	18.922
849.514	4.92427
852.428	22.9264
855.339	22.9284
858.251	8.93025
861.16	2.93197
864.07	8.93356
866.978	8.935
869.884	12.9363
872.792	2.93749
875.696	8.93853
878.599	10.9394
881.502	10.9402
884.404	26.9409
887.304	4.94137
890.204	16.9417
893.103	12.942
896.001	6.94212
898.898	6.94211
901.794	18.942
904.689	16.9417
907.581	2.94131
910.474	6.94079
913.364	16.9401
916.256	12.9394
919.144	6.93847
922.034	12.9374
924.92	6.9363
927.808	4.93504
930.693	18.9336
933.576	8.93213
936.459	8.9305
939.341	14.9287
942.222	-13.0731
945.102	16.9249
947.981	2.92277
950.859	4.92054
953.737	16.9182
956.613	12.9157
959.488	10.9131
962.361	10.9104
965.235	12.9076
968.105	4.90471
970.977	6.90167
973.846	2.89852
976.716	6.89525
979.583	-1.10812
982.449	18.8884
985.316	18.8848
988.18	2.88107
991.043	10.8773
993.906	18.8733
996.767	2.86929
999.628	14.8651
1002.49	-3.13911
1005.35	4.85653
1008.2	18.8521
1011.06	6.84749
1013.91	22.8428
1016.77	22.838
1019.62	4.83315
1022.48	18.8282
1025.33	14.8231
1028.18	6.81787
1031.03	8.81258
1033.87	4.80718
1036.72	2.80168
1039.57	12.7961
1042.41	8.79039
1045.26	18.7846
1048.1	4.7787
1050.94	24.7727
1053.78	-1.23337
1056.62	22.7604
1059.46	4.75416
1062.3	0.747786
1065.14	12.7413
1067.97	2.73475
1070.81	2.7281
1073.64	10.7213
1076.47	18.7145
1079.31	8.70757
1082.14	4.70054
1084.97	8.69342
1087.8	0.686218
1090.63	20.6789
1093.45	4.67154
1096.28	10.6641
1099.1	22.6565
1101.93	-13.3512
1104.75	8.64111
1107.57	10.6333
1110.39	4.62538
1113.21	10.6174
1116.03	12.6093
1118.85	0.601136
1121.66	8.59289
1124.48	6.58456
1127.3	10.5761
1130.11	-11.4324
1132.92	16.5591
1135.73	-7.44958
1138.54	6.54168
1141.35	2.53286
1144.16	26.524
1146.97	10.515
1149.78	2.50593
1152.58	6.4968
1155.39	4.48759
1158.19	0.478299
1161	12.4689
1163.8	20.4595
1166.6	2.44998
1169.4	-3.55961
1172.2	6.43073
1174.99	18.421
1177.79	22.4112
1180.59	-5.5987
1183.38	22.3914
1186.17	4.38132
1188.97	22.3712
1191.76	14.3611
1194.55	-5.64918
1197.34	18.3405
1200.13	4.33014
1202.92	-3.68031
1205.7	4.30919
1208.49	16.2986
1211.27	14.288
1214.06	-3.72275
1216.84	4.26647
1219.62	0.255627
1222.4	26.2447
1225.18	6.23374
1227.96	-5.77729
1230.74	4.2116
1233.51	20.2004
1236.29	6.18922
1239.06	16.1779
1241.84	16.1666
1244.61	6.15517
1247.38	10.1437
1250.15	34.1322
1252.92	12.1206
1255.69	16.1089
1258.46	14.0972
1261.23	4.08546
1263.99	6.07364
1266.76	2.06176
1269.52	2.04983
1272.28	10.0378
1275.05	0.0257856
1277.81	16.0137
1280.57	14.0015
1283.33	15.9893
1286.08	-0.0229435
1288.84	-0.0352614
1291.6	-12.0476
1294.35	5.93995
1297.11	1.92748
1299.86	7.91495
1302.61	15.9024
1305.36	17.8898
1308.11	17.8771
1310.86	15.8644
1313.61	5.85158
1316.36	1.83876
1319.1	25.8259
1321.85	-2.18702
1324.59	3.80001
1327.33	9.787
1330.08	17.7739
1332.82	11.7608
1335.56	7.7477
1338.3	5.73451
1341.04	3.72128
1343.77	27.708
1346.51	5.69468
1349.25	13.6813
1351.98	23.6679
1354.71	25.6545
1357.45	-2.35903
1360.18	7.62744
1362.91	11.6139
1365.64	13.6003
1368.37	9.58661
1371.09	9.57292
1373.82	3.55919
1376.54	-2.45457
1379.27	23.5316
1381.99	3.51779
1384.72	21.5039
1387.44	11.49
1390.16	-6.52396
1392.88	9.46206
1395.6	15.448
1398.31	7.43399
1401.03	-6.5801
1403.75	5.40578
1406.46	1.39162
1409.18	5.37743
1411.89	15.3632
1414.6	13.349
1417.31	11.3347
1420.02	3.32036
1422.73	3.30602
1425.44	-0.708361
1428.15	13.2772
1430.85	19.2628
1433.56	7.24834
1436.26	1.23384
1438.97	15.2193
1441.67	1.20478
1444.37	15.1902
1447.07	15.1756
1449.77	3.16098
1452.47	15.1463
1455.16	13.1317
1457.86	23.1169
1460.56	9.10222
1463.25	-8.91254
1465.94	5.07269
1468.64	5.05789
1471.33	13.0431
1474.02	11.0282
1476.71	7.01336
1479.4	14.9985
1482.09	8.98356
1484.77	26.9686
1487.46	2.95368
1490.14	20.9387
1492.83	-1.07628
1495.51	2.90871
1498.19	16.8937
1500.87	2.87864
1503.55	8.86357
1506.23	6.84849
1508.91	10.8334
1511.59	22.8183
1514.27	10.8031
1516.94	-1.212
1519.62	8.77283
1522.29	0.757656
1524.96	2.74247
1527.63	6.72726
1530.3	-11.288
1532.97	-1.3032
1535.64	16.6816
1538.31	8.66629
1540.98	14.651
1543.64	4.63574
1546.31	0.620452
1548.97	-1.39486
1551.63	8.58983
1554.3	0.574494
1556.96	-1.44084
1559.62	18.5438
1562.28	-3.47154
1564.94	34.5131
1567.59	-1.50227
1570.25	10.4823
1572.9	12.467
1575.56	8.45156
1578.21	12.4362
1580.86	8.42075
1583.52	2.40533
1586.17	22.3899
1588.82	12.3745
1591.47	16.3591
1594.11	4.34363
1596.76	12.3282
1599.41	16.3128
1602.05	8.29731
1604.69	0.281864
1607.34	8.26641
1609.98	10.251
1612.62	26.2355
1615.26	2.22004
1617.9	6.20459
1620.54	6.18913
1623.18	2.17368
1625.81	18.1582
1628.45	30.1428
1631.08	12.1273
1633.72	10.1119
1636.35	2.0964
1638.98	10.081
1641.61	4.0655
1644.24	12.0501
1646.87	0.0346083
1649.5	14.0192
1652.13	14.0037
1654.75	13.9883
1657.38	19.9729
1660	3.95745
1662.63	9.94204
1665.25	5.92662
1667.87	11.9112
1670.49	1.89581
1673.11	3.88042
1675.73	13.865
1678.35	1.84966
1680.96	5.83428
1683.58	15.8189
1686.19	13.8036
1688.81	13.7882
1691.42	11.7729
1694.03	15.7576
1696.64	-0.257753
1699.25	5.72694
1701.87	-2.28836
1704.47	19.6964
1707.08	-0.318916
1709.69	-0.334178
1712.29	5.65057
1714.9	1.63533
1717.5	3.62011
1720.1	-0.395102
1722.71	17.5897
1725.31	9.57452
1727.91	5.55934
1730.51	15.5442
1733.1	7.52905
1735.7	9.51391
1738.3	5.4988
1740.89	9.48371
1743.49	7.46863
1746.08	11.4536
1748.67	11.4385
1751.26	1.42349
1753.86	11.4085
1756.45	17.3935
1759.03	-12.6215
1761.62	1.36355
1764.21	5.34861
1766.8	29.3337
1769.38	-4.68121
1771.97	7.30391
1774.55	11.289
1777.13	11.2742
1779.71	11.2594
1782.29	19.2446
1784.87	1.22981
1787.45	1.21505
1790.03	-2.79967
1792.61	13.1856
1795.18	3.17093
1797.76	5.15625
1800.33	1.14161
1802.9	21.127
1805.48	7.1124
1808.05	5.09784
1810.62	19.0833
1813.19	11.0688
1815.76	-2.94573
1818.33	-0.960204
1820.89	9.02535
1823.46	7.01094
1826.02	0.99654
1828.59	10.9822
1831.15	4.96784
1833.71	4.95353
1836.27	-1.06075
1838.84	10.925
1841.39	-5.08923
1843.95	-3.10343
1846.51	12.8824
1849.07	18.8683
1851.62	2.85416
1854.18	0.840072
1856.73	24.826
1859.29	18.812
1861.84	16.798
1864.39	-1.21593
1866.94	22.7701
1869.49	14.7562
1872.04	10.7424
1874.59	6.72855
1877.13	6.71475
1879.68	8.701
1882.22	10.6873
1884.77	-1.32644
1887.31	4.65991
1889.85	8.64627
1892.39	10.6327
1894.93	8.61913
1897.47	18.6056
1900.01	30.5921
1902.55	28.5787
1905.09	8.56524
1907.62	6.55185
1910.16	18.5385
1912.69	16.5252
1915.22	16.5119
1917.76	4.4987
1920.29	4.4855
1922.82	6.47235
1925.35	20.4592
1927.88	-3.55386
1930.4	12.4331
1932.93	16.4201
1935.46	-3.59287
1937.98	2.39421
1940.51	8.38132
1943.03	12.3685
1945.55	8.35568
1948.07	12.3429
1950.59	26.3302
1953.11	22.3175
1955.63	8.30487
1958.15	16.2923
1960.67	6.27973
1963.18	8.26722
1965.7	18.2547
1968.21	10.2423
1970.73	2.22994
1973.24	8.21759
1975.75	2.2053
1978.26	16.193
1980.77	10.1808
1983.28	6.16868
1985.79	6.15656
1988.29	6.14449
1990.8	0.13246
1993.31	12.1205
1995.81	14.1085
1998.31	-5.90334
