100.093	11.3587
103.274	23.4765
106.457	-0.40659
109.636	13.7093
112.817	13.8242
115.994	1.93818
119.172	20.0512
122.347	-5.83671
125.521	6.27439
128.696	6.38463
131.868	8.49386
135.039	12.6022
138.209	6.70954
141.379	0.816065
144.547	14.9216
147.713	9.02623
150.879	11.1299
154.043	17.2327
157.206	11.3347
160.368	3.43566
163.529	5.53578
166.689	19.635
169.848	27.7333
173.006	7.83081
176.163	11.9274
179.316	-7.97696
182.471	0.117875
185.625	4.21185
188.777	6.30496
191.927	6.39715
195.077	18.4886
198.224	24.579
201.372	14.6687
204.52	0.757605
207.664	22.8456
210.809	2.93276
213.95	1.01906
217.091	1.10453
220.233	17.1892
223.372	25.2731
226.509	9.35609
229.648	-0.561645
232.784	13.5198
235.918	7.60035
239.051	3.68015
242.186	9.75921
245.317	11.8374
248.447	5.91484
251.577	11.9915
254.705	0.0673411
257.832	14.1424
260.958	8.21673
264.083	2.29027
267.204	8.363
270.327	12.435
273.449	10.5063
276.57	18.5768
279.69	4.64652
282.806	18.7155
285.924	14.7837
289.04	14.8513
292.154	10.918
295.268	20.9841
298.379	15.0494
301.492	11.114
304.601	9.17779
307.711	21.241
310.818	19.3034
313.924	11.3651
317.031	15.4261
320.135	33.4864
323.238	3.54599
326.34	15.6049
329.443	15.6631
332.543	9.72066
335.642	15.7775
338.74	21.8337
341.836	7.88913
344.932	13.9439
348.027	-0.00192535
351.12	22.0515
354.213	8.10435
357.302	6.15647
360.393	6.20796
363.482	14.2588
366.57	18.309
369.656	16.3585
372.742	6.40742
375.827	14.4557
378.91	-13.4967
381.993	4.55029
385.073	4.59664
388.154	6.64239
391.232	16.6875
394.311	2.73201
397.387	8.77588
400.462	-3.18085
403.536	0.861803
406.611	2.90389
409.683	26.9453
412.754	12.9862
415.824	19.0265
418.893	9.06614
421.961	21.1052
425.027	15.1437
428.093	17.1817
431.158	9.21904
434.222	11.2558
437.284	27.292
440.346	-8.67231
443.407	5.36278
446.464	1.39728
449.523	19.4313
452.581	5.46468
455.635	-0.502466
458.691	13.5299
461.743	7.56163
464.797	3.59288
467.847	13.6236
470.899	-4.34624
473.947	-4.31661
476.994	9.7125
480.043	13.7411
483.088	-4.23082
486.133	9.79673
489.176	9.82377
492.22	21.8503
495.262	3.87636
498.302	17.9019
501.341	17.9269
504.38	11.9514
507.417	25.9755
510.453	11.999
513.487	22.0221
516.521	4.04467
519.554	12.0668
522.586	16.0884
525.616	10.1095
528.646	16.1302
531.675	2.15044
534.701	8.17018
537.729	0.189479
540.753	4.2083
543.778	12.2267
546.8	4.24461
549.821	18.2621
552.844	6.27912
555.863	12.2957
558.881	18.3119
561.898	-3.67243
564.916	-3.65713
567.932	12.3577
570.946	4.37215
573.959	2.38616
576.971	2.39975
579.982	14.4129
582.993	18.4257
586	12.438
589.008	8.44996
592.015	10.4615
595.022	4.47263
598.025	18.4834
601.029	20.4937
604.032	2.50366
607.033	2.51322
610.034	2.52239
613.032	12.5312
616.032	18.5396
619.028	2.54763
622.023	20.5553
625.018	8.56258
628.013	4.56951
631.005	14.5761
633.997	14.5823
636.987	8.5881
639.977	18.5936
642.965	12.5987
645.952	24.6035
648.939	2.60793
651.924	10.612
654.909	10.6158
657.892	-3.38082
660.873	0.622252
663.854	10.625
666.835	6.62741
669.813	6.6295
672.791	18.6313
675.767	6.63271
678.743	10.6338
681.717	0.634654
684.692	12.6352
687.664	2.63535
690.634	22.6352
693.606	18.6348
696.575	0.634106
699.543	8.63309
702.51	20.6318
705.475	20.6302
708.44	10.6283
711.404	14.6261
714.367	14.6237
717.329	14.6209
720.29	24.6179
723.25	4.61464
726.207	14.6111
729.166	2.60725
732.123	12.6032
735.077	4.5988
738.032	14.5942
740.984	8.58931
743.938	-3.41582
746.888	10.5788
749.839	12.5732
752.788	10.5673
755.735	20.5612
758.682	24.5548
761.627	20.5482
764.574	2.54137
767.517	14.5343
770.46	14.527
773.402	14.5195
776.342	6.51173
779.282	16.5038
782.219	14.4956
785.157	-7.51283
788.094	14.4785
791.029	6.46971
793.962	14.4607
796.896	12.4514
799.828	10.442
802.76	6.43233
805.689	22.4225
808.619	18.4124
811.546	8.40221
814.473	16.3918
817.4	4.38118
820.324	12.3704
823.248	28.3594
826.17	14.3483
829.092	10.3369
832.012	24.3254
834.932	26.3137
837.851	0.301897
840.768	24.2899
843.685	2.27771
846.599	12.2654
849.514	24.2529
852.428	16.2402
855.339	6.22744
858.251	16.2145
861.16	8.20139
864.07	14.1881
866.978	2.17475
869.884	-7.83878
872.792	12.1476
875.696	10.1338
878.599	20.1198
881.502	10.1058
884.404	6.09157
887.304	8.07725
890.204	16.0628
893.103	4.04825
896.001	10.0336
898.898	20.0188
901.794	10.0039
904.689	27.9889
907.581	11.9737
910.474	1.95852
913.364	11.9432
916.256	-2.07224
919.144	5.91224
922.034	15.8966
924.92	17.8809
927.808	5.86508
930.693	13.8492
933.576	17.8332
936.459	19.8172
939.341	-0.198985
942.222	9.7848
945.102	23.7685
947.981	5.75213
950.859	5.73569
953.737	5.71918
956.613	-2.2974
959.488	1.68596
962.361	-0.330734
965.235	-2.3475
968.105	-2.36431
970.977	7.61882
973.846	19.6019
976.716	11.5849
979.583	5.56791
982.449	15.5508
985.316	9.53373
988.18	9.51659
991.043	5.49941
993.906	17.4822
996.767	13.4649
999.628	-2.55234
1002.49	11.4303
1005.35	11.413
1008.2	3.39564
1011.06	9.37827
1013.91	7.36086
1016.77	17.3434
1019.62	15.326
1022.48	23.3086
1025.33	15.2911
1028.18	5.27364
1031.03	19.2562
1033.87	3.2387
1036.72	23.2212
1039.57	-0.796252
1042.41	7.18628
1045.26	9.16882
1048.1	5.15136
1050.94	1.13392
1053.78	9.11648
1056.62	1.09906
1059.46	11.0817
1062.3	-2.93573
1065.14	-2.95308
1067.97	11.0296
1070.81	-4.98773
1073.64	-5.00502
1076.47	18.9777
1079.31	-9.0395
1082.14	-3.05669
1084.97	20.9262
1087.8	2.90904
1090.63	2.89197
1093.45	0.874943
1096.28	2.85796
1099.1	20.841
1101.93	14.8241
1104.75	2.8073
1107.57	-3.20948
1110.39	8.77379
1113.21	4.75713
1116.03	6.74052
1118.85	4.72397
1121.66	4.70749
1124.48	4.69107
1127.3	14.6747
1130.11	4.65845
1132.92	0.64225
1135.73	-3.37387
1138.54	4.61008
1141.35	0.594108
1144.16	12.5782
1146.97	0.562401
1149.78	4.54668
1152.58	10.5311
1155.39	0.515509
1158.19	12.5001
1161	14.4847
1163.8	6.46943
1166.6	2.45426
1169.4	-5.56081
1172.2	0.424232
1174.99	16.4094
1177.79	2.39461
1180.59	4.37997
1183.38	6.36543
1186.17	16.351
1188.97	6.33669
1191.76	10.3225
1194.55	6.30841
1197.34	10.2945
1200.13	12.2806
1202.92	0.2669
1205.7	-5.74668
1208.49	2.23986
1211.27	-1.77348
1214.06	6.21333
1216.84	-5.79974
1219.62	2.18734
1222.4	18.1745
1225.18	0.161889
1227.96	14.1494
1230.74	6.13701
1233.51	-1.87521
1236.29	2.11271
1239.06	12.1008
1241.84	4.08901
1244.61	6.07739
1247.38	-1.93408
1250.15	4.05462
1252.92	4.04346
1255.69	2.03247
1258.46	4.02164
1261.23	0.0109768
1263.99	4.00048
1266.76	3.99015
1269.52	-2.02001
1272.28	-2.02999
1275.05	3.96019
1277.81	9.95055
1280.57	5.94109
1283.33	15.9318
1286.08	-0.0772894
1288.84	1.91379
1291.6	-2.09494
1294.35	5.89651
1297.11	1.88816
1299.86	1.87999
1302.61	15.872
1305.36	-2.13576
1308.11	3.85666
1310.86	17.8493
1313.61	-0.157913
1316.36	7.8351
1319.1	9.82832
1321.85	9.82174
1324.59	21.8154
1327.33	7.80921
1330.08	13.8033
1332.82	7.79752
1335.56	7.792
1338.3	13.7867
1341.04	13.7816
1343.77	-0.223279
1346.51	1.77207
1349.25	3.76764
1351.98	3.76344
1354.71	11.7595
1357.45	3.75571
1360.18	1.75219
1362.91	7.7489
1365.64	3.74584
1368.37	9.74302
1371.09	-0.259564
1373.82	11.7381
1376.54	1.73599
1379.27	5.73412
1381.99	15.7325
1384.72	3.73113
1387.44	3.73
1390.16	-0.270883
1392.88	1.72849
1395.6	5.72811
1398.31	7.72799
1401.03	-0.271881
1403.75	-2.27149
1406.46	13.7292
1409.18	5.73006
1411.89	7.73123
1414.6	9.73267
1417.31	5.73436
1420.02	19.7363
1422.73	-0.261433
1425.44	3.74107
1428.15	3.74385
1430.85	11.7469
1433.56	9.75023
1436.26	1.75383
1438.97	-4.24229
1441.67	17.7619
1444.37	9.76631
1447.07	1.77104
1449.77	13.7761
1452.47	-0.21865
1455.16	11.7869
1457.86	-0.207186
1460.56	-2.20102
1463.25	17.8054
1465.94	-2.1878
1468.64	9.81925
1471.33	7.8266
1474.02	13.8342
1476.71	3.8422
1479.4	5.85045
1482.09	-8.14099
1484.77	7.86787
1487.46	15.877
1490.14	7.88651
1492.83	11.8963
1495.51	-0.0936006
1498.19	-2.08319
1500.87	1.92754
1503.55	13.9386
1506.23	7.94995
1508.91	7.96162
1511.59	21.9736
1514.27	13.986
1516.94	-2.0014
1519.62	8.01158
1522.29	-1.97512
1524.96	6.03851
1527.63	10.0525
1530.3	2.06676
1532.97	20.0814
1535.64	10.0963
1538.31	10.1116
1540.98	6.12727
1543.64	6.14325
1546.31	20.1596
1548.97	2.17622
1551.63	14.1932
1554.3	8.21056
1556.96	18.2282
1559.62	18.2463
1562.28	2.26467
1564.94	0.283401
1567.59	6.30249
1570.25	8.32193
1572.9	4.34174
1575.56	8.36189
1578.21	6.3824
1580.86	20.4033
1583.52	16.4245
1586.17	-3.5539
1588.82	12.4681
1591.47	-1.50961
1594.11	14.5131
1596.76	2.53613
1599.41	-1.44045
1602.05	12.5833
1604.69	-5.39248
1607.34	6.63206
1609.98	10.657
1612.62	10.6823
1615.26	-1.29204
1617.9	20.734
1620.54	6.76044
1623.18	0.787245
1625.81	2.81445
1628.45	4.84203
1631.08	16.87
1633.72	6.89834
1636.35	-3.07292
1638.98	6.95621
1641.61	0.985737
1644.24	7.01566
1646.87	9.04597
1649.5	17.0767
1652.13	11.1078
1654.75	7.13928
1657.38	7.17117
1660	13.2035
1662.63	1.23618
1665.25	3.2693
1667.87	13.3028
1670.49	19.3367
1673.11	-0.628963
1675.73	11.4058
1678.35	1.44091
1680.96	11.4765
1683.58	1.51242
1686.19	7.5488
1688.81	15.5856
1691.42	-6.3772
1694.03	9.66045
1696.64	-0.301519
1699.25	3.73694
1701.87	13.7758
1704.47	17.8152
1707.08	11.8549
1709.69	21.895
1712.29	17.9356
1714.9	-0.0233482
1717.5	8.01807
1720.1	32.06
1722.71	14.1023
1725.31	8.14499
1727.91	14.1882
1730.51	0.231772
1733.1	8.2758
1735.7	2.32031
1738.3	8.36522
1740.89	20.4106
1743.49	14.4564
1746.08	-5.49738
1748.67	10.5493
1751.26	4.59642
1753.86	14.644
1756.45	22.692
1759.03	-5.2595
1761.62	2.78944
1764.21	18.8388
1766.8	2.88862
1769.38	0.93889
1771.97	-1.01035
1774.55	9.04084
1777.13	13.0925
1779.71	9.14459
1782.29	21.1971
1784.87	9.25016
1787.45	13.3037
1790.03	21.3576
1792.61	3.41201
1795.18	25.4669
1797.76	9.52224
1800.33	7.57804
1802.9	15.6343
1805.48	-0.308947
1808.05	11.7483
1810.62	9.80596
1813.19	13.8641
1815.76	-4.07722
1818.33	13.9819
1820.89	14.0415
1823.46	18.1015
1826.02	12.1621
1828.59	4.22312
1831.15	12.2846
1833.71	-1.65337
1836.27	16.4091
1838.84	12.472
1841.39	14.5355
1843.95	0.599418
1846.51	8.66384
1849.07	10.7287
1851.62	10.7941
1854.18	24.86
1856.73	18.9264
1859.29	14.9933
1861.84	9.06061
1864.39	25.1285
1866.94	13.1968
1869.49	23.2657
1872.04	15.335
1874.59	9.40488
1877.13	5.47523
1879.68	7.54604
1882.22	17.6174
1884.77	25.6893
1887.31	25.7616
1889.85	7.83451
1892.39	15.9079
1894.93	-4.01828
1897.47	22.0562
1900.01	8.13104
1902.55	2.20645
1905.09	16.2824
1907.62	18.3588
1910.16	10.4357
1912.69	30.5132
1915.22	12.5912
1917.76	26.6697
1920.29	10.7487
1922.82	8.8282
1925.35	20.9083
1927.88	18.9889
1930.4	9.06994
1932.93	1.15155
1935.46	9.23369
1937.98	31.3164
1940.51	11.3996
1943.03	7.4833
1945.55	19.5675
1948.07	15.6523
1950.59	7.73758
1953.11	-6.17655
1955.63	21.9098
1958.15	3.99669
1960.67	28.0841
1963.18	20.1721
1965.7	12.2606
1968.21	4.34963
1970.73	14.4392
1973.24	-3.47065
1975.75	16.62
1978.26	16.7112
1980.77	14.8029
1983.28	16.8952
1985.79	16.988
1988.29	11.0814
1990.8	9.17533
1993.31	23.2698
1995.81	17.3648
1998.31	13.4603
