100.093	4.71194
103.274	0.711556
106.457	10.7111
109.636	26.7107
112.817	24.7102
115.994	26.7096
119.172	22.7091
122.347	16.7084
125.521	14.7078
128.696	14.7071
131.868	12.7064
135.039	34.7056
138.209	6.70485
141.379	24.704
144.547	12.7032
147.713	16.7023
150.879	-3.29868
154.043	8.70035
157.206	18.6993
160.368	26.6983
163.529	12.6972
166.689	12.6961
169.848	0.69496
173.006	8.69378
176.163	16.6926
179.316	24.6913
182.471	28.69
185.625	-3.31129
188.777	18.6874
191.927	4.68596
195.077	20.6845
198.224	8.68309
201.372	22.6816
204.52	-11.3199
207.664	-3.32148
210.809	24.6769
213.95	4.67531
217.091	16.6737
220.233	0.671961
223.372	24.6702
226.509	18.6685
229.648	6.6667
232.784	6.66488
235.918	20.663
239.051	12.6611
242.186	14.6592
245.317	8.65728
248.447	20.6553
251.577	18.6533
254.705	4.65124
257.832	12.6492
260.958	10.6471
264.083	8.64493
267.204	20.6428
270.327	14.6406
273.449	22.6383
276.57	26.6361
279.69	12.6338
282.806	-3.36855
285.924	42.6291
289.04	24.6267
292.154	6.6243
295.268	-3.37815
298.379	0.61938
301.492	12.6169
304.601	0.614341
307.711	4.61178
310.818	14.6092
313.924	8.60656
317.031	22.6039
320.135	8.60123
323.238	14.5985
326.34	2.59578
329.443	8.59301
332.543	8.59021
335.642	-9.41261
338.74	10.5845
341.836	16.5816
344.932	-3.42126
348.027	14.5758
351.12	20.5728
354.213	14.5698
357.302	6.56681
360.393	10.5638
363.482	16.5607
366.57	6.55757
369.656	10.5544
372.742	2.55128
375.827	10.5481
378.91	6.54488
381.993	6.54163
385.073	8.53836
388.154	10.5351
391.232	12.5317
394.311	16.5284
397.387	12.525
400.462	-5.47838
403.536	18.5182
406.611	4.51473
409.683	8.51125
412.754	8.50774
415.824	16.5042
418.893	4.50065
421.961	14.4971
425.027	28.4935
428.093	10.4898
431.158	10.4862
434.222	4.48248
437.284	8.47877
440.346	16.475
443.407	0.47127
446.464	20.4675
449.523	10.4637
452.581	8.45984
455.635	2.45598
458.691	20.4521
461.743	6.44819
464.797	10.4443
467.847	2.4403
470.899	-5.56368
473.947	2.43232
476.994	2.42829
480.043	-7.57576
483.088	4.42017
486.133	4.41607
489.176	12.4119
492.22	-1.5922
495.262	2.40364
498.302	6.39944
501.341	26.3952
504.38	16.391
507.417	12.3867
510.453	14.3825
513.487	22.3782
516.521	8.37382
519.554	4.36947
522.586	6.3651
525.616	-1.63929
528.646	8.35629
531.675	16.3519
534.701	6.3474
537.729	-1.65708
540.753	6.33841
543.778	6.33389
546.8	8.32934
549.821	24.3248
552.844	2.32019
555.863	18.3156
558.881	0.310951
561.898	18.3063
564.916	4.30163
567.932	10.2969
570.946	12.2922
573.959	8.28749
576.971	-3.71727
579.982	0.277957
582.993	10.2732
586	12.2683
589.008	6.26351
592.015	4.25866
595.022	2.25378
598.025	18.2489
601.029	-1.75603
604.032	16.239
607.033	0.234086
610.034	12.2291
613.032	2.22412
616.032	12.2191
619.028	8.21408
622.023	24.209
625.018	-1.79604
628.013	-17.8011
631.005	16.1938
633.997	18.1886
636.987	10.1835
639.977	14.1783
642.965	16.1732
645.952	18.168
648.939	6.16274
651.924	2.15751
654.909	16.1523
657.892	12.147
660.873	16.1417
663.854	0.13639
666.835	-1.86893
669.813	10.1257
672.791	-3.87963
675.767	2.11499
678.743	10.1096
681.717	12.1042
684.692	2.09876
687.664	-5.90668
690.634	16.0879
693.606	12.0824
696.575	-3.92312
699.543	14.0714
702.51	4.06584
705.475	0.0602967
708.44	26.0547
711.404	6.04916
714.367	26.0436
717.329	14.038
720.29	14.0323
723.25	8.02669
726.207	2.02103
729.166	20.0154
732.123	12.0097
735.077	0.00396659
738.032	15.9982
740.984	21.9925
743.938	13.9868
746.888	1.981
749.839	11.9752
752.788	35.9694
755.735	23.9636
758.682	5.95778
761.627	-0.0480558
764.574	19.9461
767.517	7.94022
770.46	27.9343
773.402	9.92843
776.342	33.9225
779.282	11.9166
782.219	3.91065
785.157	5.9047
788.094	21.8987
791.029	1.89274
793.962	5.88675
796.896	23.8807
799.828	3.87471
802.76	11.8687
805.689	7.86262
808.619	31.8566
811.546	-4.14952
814.473	23.8444
817.4	13.8383
820.324	11.8322
823.248	19.826
826.17	5.81989
829.092	13.8137
832.012	5.80756
834.932	33.8014
837.851	9.79518
840.768	5.78898
843.685	27.7828
846.599	3.77653
849.514	9.77028
852.428	15.764
855.339	17.7578
858.251	13.7515
861.16	15.7452
864.07	3.73888
866.978	15.7326
869.884	25.7262
872.792	17.7199
875.696	1.71354
878.599	15.7072
881.502	5.70081
884.404	9.69442
887.304	17.688
890.204	11.6816
893.103	15.6752
896.001	1.66877
898.898	13.6623
901.794	-0.344127
904.689	-0.35059
907.581	21.6429
910.474	9.63645
913.364	-2.37004
916.256	15.6235
919.144	13.6169
922.034	11.6104
924.92	9.60388
927.808	5.59733
930.693	3.59078
933.576	7.58421
936.459	-6.42236
939.341	-6.42895
942.222	21.5645
945.102	23.5579
947.981	9.55124
950.859	13.5446
953.737	11.538
956.613	21.5313
959.488	11.5247
962.361	-2.48197
965.235	11.5114
968.105	5.50468
970.977	1.49799
973.846	19.4913
976.716	7.48458
979.583	-2.52213
982.449	3.47115
985.316	5.46441
988.18	19.4577
991.043	21.4509
993.906	1.44417
996.767	5.4374
999.628	23.4306
1002.49	23.4238
1005.35	25.4171
1008.2	-0.589744
1011.06	9.40345
1013.91	11.3966
1016.77	-6.61019
1019.62	1.38299
1022.48	7.37615
1025.33	7.36931
1028.18	19.3624
1031.03	5.35559
1033.87	9.34873
1036.72	5.34185
1039.57	1.33497
1042.41	19.3281
1045.26	1.32118
1048.1	13.3143
1050.94	13.3074
1053.78	-0.699548
1056.62	5.29353
1059.46	11.2866
1062.3	5.27966
1065.14	19.2727
1067.97	-8.73423
1070.81	31.2588
1073.64	21.2518
1076.47	-2.75512
1079.31	21.2379
1082.14	7.23092
1084.97	-0.77607
1087.8	19.2169
1090.63	15.2099
1093.45	15.2029
1096.28	23.1959
1099.1	15.1889
1101.93	-6.81812
1104.75	17.1749
1107.57	5.16782
1110.39	21.1608
1113.21	-0.846264
1116.03	11.1467
1118.85	-2.86037
1121.66	11.1326
1124.48	11.1255
1127.3	21.1184
1130.11	11.1114
1132.92	-8.89573
1135.73	11.0972
1138.54	3.0901
1141.35	13.083
1144.16	5.0759
1146.97	9.06879
1149.78	9.06168
1152.58	3.05457
1155.39	23.0475
1158.19	1.04033
1161	5.0332
1163.8	11.0261
1166.6	-2.98106
1169.4	1.0118
1172.2	5.00466
1174.99	10.9975
1177.79	14.9904
1180.59	-1.0168
1183.38	8.97604
1186.17	10.9689
1188.97	22.9617
1191.76	16.9545
1194.55	8.94737
1197.34	24.9402
1200.13	10.933
1202.92	4.92583
1205.7	22.9186
1208.49	14.9115
1211.27	14.9043
1214.06	14.8971
1216.84	10.8899
1219.62	4.88267
1222.4	10.8755
1225.18	0.868254
1227.96	20.861
1230.74	14.8538
1233.51	8.84661
1236.29	8.8394
1239.06	8.83218
1241.84	0.824952
1244.61	2.81773
1247.38	-1.1895
1250.15	-1.19673
1252.92	18.796
1255.69	4.7888
1258.46	-1.21843
1261.23	28.7743
1263.99	4.76709
1266.76	14.7598
1269.52	12.7526
1272.28	-1.25464
1275.05	-7.26189
1277.81	0.73086
1280.57	8.72361
1283.33	14.7164
1286.08	6.7091
1288.84	4.70185
1291.6	6.69459
1294.35	0.687332
1297.11	8.68008
1299.86	28.6728
1302.61	18.6656
1305.36	2.65829
1308.11	14.651
1310.86	30.6438
1313.61	8.6365
1316.36	10.6292
1319.1	-3.37803
1321.85	18.6147
1324.59	16.6074
1327.33	12.6002
1330.08	16.5929
1332.82	8.58563
1335.56	26.5784
1338.3	8.57108
1341.04	8.56382
1343.77	24.5565
1346.51	16.5493
1349.25	8.542
1351.98	12.5347
1354.71	4.52746
1357.45	12.5202
1360.18	8.51292
1362.91	18.5056
1365.64	6.49838
1368.37	14.4911
1371.09	-1.51616
1373.82	6.47657
1376.54	6.4693
1379.27	-1.53797
1381.99	6.45476
1384.72	6.44749
1387.44	26.4402
1390.16	14.433
1392.88	6.4257
1395.6	2.41843
1398.31	10.4112
1401.03	18.4039
1403.75	6.39665
1406.46	12.3894
1409.18	2.38213
1411.89	18.3749
1414.6	16.3676
1417.31	28.3604
1420.02	8.3531
1422.73	-1.65415
1425.44	-5.6614
1428.15	12.3313
1430.85	0.324099
1433.56	0.316854
1436.26	-11.6904
1438.97	8.30236
1441.67	12.2951
1444.37	6.28788
1447.07	14.2806
1449.77	8.27341
1452.47	20.2662
1455.16	6.25894
1457.86	-1.74829
1460.56	20.2445
1463.25	8.23726
1465.94	-3.76996
1468.64	-3.77719
1471.33	10.2156
1474.02	20.2084
1476.71	12.2012
1479.4	4.19395
1482.09	14.1867
1484.77	24.1795
1487.46	12.1723
1490.14	0.165132
1492.83	4.15793
1495.51	20.1507
1498.19	6.14354
1500.87	14.1364
1503.55	10.1292
1506.23	2.12198
1508.91	4.11481
1511.59	24.1076
1514.27	-7.89955
1516.94	-7.90672
1519.62	20.0861
1522.29	6.07895
1524.96	2.07179
1527.63	4.06463
1530.3	12.0575
1532.97	14.0503
1535.64	6.04317
1538.31	6.03603
1540.98	18.0289
1543.64	2.02175
1546.31	12.0146
1548.97	6.00749
1551.63	14.0004
1554.3	23.9932
1556.96	21.9861
1559.62	17.979
1562.28	11.9719
1564.94	7.9648
1567.59	1.9577
1570.25	11.9506
1572.9	21.9435
1575.56	7.93642
1578.21	7.92933
1580.86	5.92225
1583.52	9.91517
1586.17	1.90811
1588.82	7.90104
1591.47	3.89398
1594.11	7.88692
1596.76	13.8799
1599.41	9.87282
1602.05	7.86578
1604.69	3.85874
1607.34	23.8517
1609.98	11.8447
1612.62	15.8376
1615.26	17.8306
1617.9	3.82362
1620.54	11.8166
1623.18	9.8096
1625.81	11.8026
1628.45	15.7956
1631.08	17.7886
1633.72	1.78164
1636.35	-8.22534
1638.98	19.7677
1641.61	1.76073
1644.24	-6.24624
1646.87	9.74681
1649.5	19.7399
1652.13	-4.26709
1654.75	5.72597
1657.38	5.71904
1660	9.71211
1662.63	27.7052
1665.25	3.69827
1667.87	23.6914
1670.49	21.6845
1673.11	17.6776
1675.73	3.67067
1678.35	15.6638
1680.96	21.6569
1683.58	17.65
1686.19	17.6432
1688.81	19.6363
1691.42	21.6294
1694.03	19.6226
1696.64	19.6158
1699.25	13.6089
1701.87	11.6021
1704.47	15.5953
1707.08	5.58844
1709.69	27.5816
1712.29	17.5748
1714.9	13.568
1717.5	17.5612
1720.1	-4.44554
1722.71	11.5477
1725.31	21.5409
1727.91	7.53415
1730.51	7.52739
1733.1	-4.47935
1735.7	-0.4861
1738.3	13.5072
1740.89	17.5004
1743.49	9.49372
1746.08	17.487
1748.67	-6.51971
1751.26	11.4736
1753.86	-0.533096
1756.45	3.46022
1759.03	5.45354
1761.62	11.4469
1764.21	17.4402
1766.8	-4.56645
1769.38	17.4269
1771.97	15.4203
1774.55	3.41363
1777.13	17.407
1779.71	15.4004
1782.29	-2.60622
1784.87	13.3872
1787.45	3.38058
1790.03	13.374
1792.61	17.3674
1795.18	27.3608
1797.76	7.35428
1800.33	5.34773
1802.9	17.3412
1805.48	17.3346
1808.05	17.3281
1810.62	19.3216
1813.19	29.3151
1815.76	9.30857
1818.33	21.3021
1820.89	21.2956
1823.46	15.2891
1826.02	1.28263
1828.59	11.2762
1831.15	13.2697
1833.71	11.2633
1836.27	21.2568
1838.84	11.2504
1841.39	19.244
1843.95	-0.762445
1846.51	17.2311
1849.07	13.2248
1851.62	9.21837
1854.18	23.212
1856.73	7.20562
1859.29	17.1993
1861.84	11.1929
1864.39	23.1866
1866.94	7.18023
1869.49	9.17391
1872.04	19.1676
1874.59	15.1613
1877.13	27.155
1879.68	17.1487
1882.22	17.1424
1884.77	17.1361
1887.31	31.1299
1889.85	5.12364
1892.39	21.1174
1894.93	13.1112
1897.47	1.10494
1900.01	5.09872
1902.55	11.0925
1905.09	21.0863
1907.62	-2.91986
1910.16	-0.926034
1912.69	13.0678
1915.22	21.0616
1917.76	17.0555
1920.29	9.04936
1922.82	7.04323
1925.35	23.0371
1927.88	-0.968996
1930.4	21.0249
1932.93	7.01882
1935.46	-4.98726
1937.98	29.0067
1940.51	11.0006
1943.03	20.9946
1945.55	-1.01147
1948.07	12.9825
1950.59	26.9765
1953.11	16.9705
1955.63	16.9645
1958.15	2.95849
1960.67	16.9525
1963.18	6.94655
1965.7	24.9406
1968.21	20.9346
1970.73	2.92871
1973.24	10.9228
1975.75	-5.08313
1978.26	8.91096
1980.77	18.9051
1983.28	8.89918
1985.79	-1.10669
1988.29	28.8875
1990.8	22.8816
1993.31	16.8758
1995.81	14.8699
1998.31	32.8641
