100.093	15.884
103.274	17.8771
106.457	17.8704
109.636	-4.13593
112.817	21.858
115.994	9.85214
119.172	11.8466
122.347	17.8413
125.521	13.8362
128.696	21.8314
131.868	25.8269
135.039	31.8226
138.209	5.81862
141.379	5.81485
144.547	21.8113
147.713	25.8081
150.879	-4.19494
154.043	-4.19771
157.206	23.7998
160.368	9.7975
163.529	25.7955
166.689	3.79367
169.848	11.7921
173.006	9.79081
176.163	15.7897
179.316	13.7889
182.471	-10.2117
185.625	11.7879
188.777	13.7878
191.927	11.7879
195.077	5.7882
198.224	9.78875
201.372	9.78953
204.52	7.79053
207.664	11.7918
210.809	3.7932
213.95	11.7949
217.091	9.79676
220.233	5.79887
223.372	7.80119
226.509	17.8037
229.648	15.8065
232.784	11.8095
235.918	19.8126
239.051	17.816
242.186	-4.18038
245.317	5.82342
248.447	23.8274
251.577	-0.168349
254.705	3.83607
257.832	9.84069
260.958	13.8455
264.083	19.8505
267.204	7.85576
270.327	23.8612
273.449	3.86679
276.57	13.8726
279.69	7.8786
282.806	1.88479
285.924	9.89117
289.04	17.8977
292.154	19.9045
295.268	13.9115
298.379	13.9186
301.492	13.9259
304.601	19.9334
307.711	13.9411
310.818	5.94893
313.924	-2.04303
317.031	-4.03481
320.135	23.9736
323.238	15.9821
326.34	9.99088
329.443	5.9998
332.543	12.0089
335.642	4.01813
338.74	4.02756
341.836	10.0371
344.932	14.0469
348.027	16.0568
351.12	18.0669
354.213	12.0772
357.302	14.0876
360.393	6.09812
363.482	16.1088
366.57	2.11973
369.656	2.13077
372.742	4.14196
375.827	4.15331
378.91	18.1648
381.993	6.17646
385.073	14.1883
388.154	10.2002
391.232	4.21231
394.311	10.2246
397.387	10.2369
400.462	4.24947
403.536	24.2621
406.611	10.275
409.683	8.28792
412.754	8.30101
415.824	14.3142
418.893	0.327615
421.961	12.3411
425.027	16.3548
428.093	0.368532
431.158	8.38244
434.222	6.39647
437.284	12.4106
440.346	0.424934
443.407	0.439356
446.464	8.45389
449.523	18.4686
452.581	2.48337
455.635	2.49828
458.691	8.51332
461.743	18.5285
464.797	4.54375
467.847	-9.44086
470.899	10.5747
473.947	-1.40972
476.994	4.60602
480.043	22.6219
483.088	10.6378
486.133	2.65392
489.176	10.6701
492.22	4.68641
495.262	8.70281
498.302	0.719319
501.341	22.7359
504.38	2.75265
507.417	8.76947
510.453	16.7864
513.487	10.8034
516.521	2.82053
519.554	-1.16224
522.586	8.85508
525.616	14.8725
528.646	14.89
531.675	0.907608
534.701	-3.0747
537.729	4.94309
540.753	10.961
543.778	6.97894
546.8	2.99699
549.821	3.01513
552.844	-0.966632
555.863	7.05168
558.881	7.07008
561.898	-2.91144
564.916	3.10713
567.932	-0.874227
570.946	13.1445
573.959	9.1633
576.971	-0.817821
579.982	1.20114
582.993	17.2202
586	17.2393
589.008	-2.74155
592.015	1.2777
595.022	7.29703
598.025	-4.68359
601.029	5.33588
604.032	3.35541
607.033	1.375
610.034	-12.6053
613.032	9.41439
616.032	5.43419
619.028	9.45403
622.023	7.47395
625.018	5.49392
628.013	9.51396
631.005	3.53405
633.997	3.5542
636.987	5.5744
639.977	7.59467
642.965	9.61498
645.952	27.6354
648.939	19.6558
651.924	-6.32375
654.909	1.69677
657.892	7.71735
660.873	15.738
663.854	3.75863
666.835	-2.22065
669.813	-4.1999
672.791	3.82091
675.767	11.8417
678.743	19.8626
681.717	-0.116435
684.692	9.90454
687.664	9.92555
690.634	-0.0534116
693.606	-6.03232
696.575	11.9888
699.543	-1.99005
702.51	2.03114
705.475	10.0524
708.44	10.0736
711.404	10.0949
714.367	10.1162
717.329	12.1376
720.29	6.15894
723.25	10.1803
726.207	0.201756
729.166	4.22321
732.123	2.24469
735.077	10.2662
738.032	2.28771
740.984	6.30925
743.938	6.33082
746.888	6.3524
749.839	6.37401
752.788	22.3956
755.735	12.4173
758.682	18.4389
761.627	-1.53943
764.574	8.48226
767.517	20.504
770.46	4.52566
773.402	18.5474
776.342	8.5691
779.282	16.5908
782.219	14.6126
785.157	16.6343
788.094	4.65608
791.029	24.6779
793.962	6.69961
796.896	6.72139
799.828	10.7432
802.76	16.7649
805.689	14.7867
808.619	14.8085
811.546	6.83026
814.473	4.85202
817.4	16.8738
820.324	24.8956
823.248	6.91733
826.17	12.9391
829.092	22.9608
832.012	16.9826
834.932	1.0043
837.851	11.026
840.768	11.0477
843.685	7.06945
846.599	15.0911
849.514	11.1128
852.428	7.13448
855.339	7.15613
858.251	27.1778
861.16	1.19938
864.07	7.22099
866.978	17.2426
869.884	9.26412
872.792	7.28568
875.696	13.3072
878.599	17.3287
881.502	-0.649824
884.404	11.3716
887.304	11.3931
890.204	17.4145
893.103	3.43585
896.001	7.45721
898.898	5.47854
901.794	7.49984
904.689	1.52111
907.581	9.54234
910.474	5.56356
913.364	-2.41527
916.256	-0.394123
919.144	19.627
922.034	11.6481
924.92	15.6691
927.808	17.6901
930.693	5.71108
933.576	-0.267994
936.459	13.7529
939.341	9.77375
942.222	1.79456
945.102	11.8153
947.981	-2.16394
950.859	7.85675
953.737	1.87739
956.613	-2.10201
959.488	11.9185
962.361	-0.0609537
965.235	17.9595
968.105	25.9799
970.977	20.0003
973.846	0.0205972
976.716	10.0409
979.583	32.0611
982.449	10.0812
985.316	20.1014
988.18	10.1214
991.043	0.141416
993.906	-3.83864
996.767	2.18126
999.628	18.2011
1002.49	6.22087
1005.35	0.240594
1008.2	14.2603
1011.06	0.279852
1013.91	2.2994
1016.77	22.3189
1019.62	-1.6617
1022.48	2.35766
1025.33	-3.62305
1028.18	18.3962
1031.03	12.4153
1033.87	0.434435
1036.72	0.453476
1039.57	6.47244
1042.41	0.491331
1045.26	6.51016
1048.1	2.52891
1050.94	18.5476
1053.78	10.5662
1056.62	2.58476
1059.46	16.6032
1062.3	6.62164
1065.14	8.63995
1067.97	8.65821
1070.81	-7.32363
1073.64	-1.30552
1076.47	24.7125
1079.31	0.730439
1082.14	14.7483
1084.97	8.76609
1087.8	4.78379
1090.63	4.80141
1093.45	-11.181
1096.28	10.8364
1099.1	12.8538
1101.93	26.8711
1104.75	-1.11171
1107.57	10.9054
1110.39	8.92245
1113.21	20.9394
1116.03	12.9563
1118.85	-7.02697
1121.66	10.9897
1124.48	7.00631
1127.3	1.02281
1130.11	7.03923
1132.92	3.05555
1135.73	9.07178
1138.54	3.08791
1141.35	1.10396
1144.16	3.11991
1146.97	3.13577
1149.78	11.1515
1152.58	-0.832825
1155.39	19.1827
1158.19	15.1982
1161	-20.7864
1163.8	3.22884
1166.6	9.24401
1169.4	13.2591
1172.2	19.274
1174.99	3.2889
1177.79	9.30366
1180.59	9.31831
1183.38	-6.66714
1186.17	13.3473
1188.97	-2.63835
1191.76	9.37589
1194.55	19.39
1197.34	7.40403
1200.13	9.41795
1202.92	13.4318
1205.7	17.4454
1208.49	3.45902
1211.27	11.4725
1214.06	5.48585
1216.84	7.4991
1219.62	9.51223
1222.4	9.52526
1225.18	1.53816
1227.96	15.5509
1230.74	11.5636
1233.51	13.5762
1236.29	13.5886
1239.06	-4.39905
1241.84	3.61316
1244.61	5.62525
1247.38	7.63722
1250.15	1.64906
1252.92	15.6608
1255.69	7.6724
1258.46	3.68388
1261.23	11.6952
1263.99	1.70647
1266.76	13.7176
1269.52	11.7286
1272.28	15.7394
1275.05	1.75018
1277.81	1.76079
1280.57	3.77127
1283.33	19.7816
1286.08	11.7919
1288.84	15.802
1291.6	17.8119
1294.35	9.82176
1297.11	3.83147
1299.86	3.84105
1302.61	-6.14951
1305.36	-6.1402
1308.11	7.86898
1310.86	5.87802
1313.61	15.8869
1316.36	3.89571
1319.1	5.90434
1321.85	15.9128
1324.59	1.92121
1327.33	19.9294
1330.08	7.93752
1332.82	5.94547
1335.56	7.95328
1338.3	17.961
1341.04	9.96848
1343.77	19.9759
1346.51	5.98311
1349.25	15.9902
1351.98	5.99718
1354.71	8.004
1357.45	0.010671
1360.18	6.0172
1362.91	12.0236
1365.64	-1.97018
1368.37	10.0359
1371.09	24.0419
1373.82	22.0477
1376.54	8.0533
1379.27	18.0588
1381.99	-1.93585
1384.72	-1.93065
1387.44	-5.9256
1390.16	10.0793
1392.88	20.084
1395.6	12.0886
1398.31	14.0931
1401.03	2.09736
1403.75	18.1015
1406.46	26.1055
1409.18	8.1093
1411.89	4.11297
1414.6	-7.88352
1417.31	18.1198
1420.02	2.12304
1422.73	10.1261
1425.44	-1.87104
1428.15	16.1317
1430.85	8.13425
1433.56	12.1367
1436.26	-3.8611
1438.97	6.14098
1441.67	14.1429
1444.37	10.1447
1447.07	8.14625
1449.77	12.1477
1452.47	14.149
1455.16	4.15006
1457.86	22.151
1460.56	10.1518
1463.25	12.1524
1465.94	10.1528
1468.64	20.1531
1471.33	26.1532
1474.02	0.153144
1476.71	6.15292
1479.4	10.1525
1482.09	12.1519
1484.77	20.1512
1487.46	16.1503
1490.14	8.14922
1492.83	4.14797
1495.51	10.1465
1498.19	10.1449
1500.87	16.1432
1503.55	10.1412
1506.23	12.1391
1508.91	10.1368
1511.59	8.13436
1514.27	6.13171
1516.94	0.128893
1519.62	6.12589
1522.29	8.12272
1524.96	12.1194
1527.63	6.11584
1530.3	2.11213
1532.97	22.1082
1535.64	30.1042
1538.31	10.0999
1540.98	16.0955
1543.64	14.0909
1546.31	20.0861
1548.97	20.0811
1551.63	14.076
1554.3	10.0706
1556.96	18.0651
1559.62	20.0594
1562.28	16.0535
1564.94	16.0474
1567.59	8.04115
1570.25	12.0347
1572.9	4.02807
1575.56	16.0212
1578.21	12.0142
1580.86	8.00703
1583.52	3.99964
1586.17	3.99207
1588.82	21.9843
1591.47	7.97635
1594.11	-2.0318
1596.76	5.95987
1599.41	9.95134
1602.05	25.9426
1604.69	3.93371
1607.34	21.9246
1609.98	13.9153
1612.62	9.90581
1615.26	5.89612
1617.9	15.8862
1620.54	-4.12383
1623.18	5.8659
1625.81	15.8554
1628.45	9.84477
1631.08	9.83391
1633.72	7.82286
1636.35	5.8116
1638.98	31.8001
1641.61	7.7885
1644.24	9.77665
1646.87	5.7646
1649.5	-4.24765
1652.13	19.7399
1654.75	11.7272
1657.38	11.7144
1660	5.70134
1662.63	11.6881
1665.25	1.67463
1667.87	5.66097
1670.49	15.6471
1673.11	-6.36696
1675.73	3.61877
1678.35	11.6043
1680.96	27.5896
1683.58	3.57473
1686.19	17.5596
1688.81	-0.455675
1691.42	11.5288
1694.03	15.5131
1696.64	9.49719
1699.25	13.4811
1701.87	5.46472
1704.47	15.4482
1707.08	21.4314
1709.69	5.41445
1712.29	3.39728
1714.9	13.3799
1717.5	11.3623
1720.1	-0.65551
1722.71	19.3265
1725.31	13.3082
1727.91	13.2898
1730.51	9.27114
1733.1	11.2523
1735.7	9.23318
1738.3	7.21388
1740.89	13.1944
1743.49	-0.82536
1746.08	3.15469
1748.67	5.13453
1751.26	15.1142
1753.86	13.0936
1756.45	7.07276
1759.03	13.0517
1761.62	3.03049
1764.21	13.009
1766.8	8.98736
1769.38	4.96546
1771.97	6.94333
1774.55	2.92099
1777.13	12.8984
1779.71	-1.12434
1782.29	10.8527
1784.87	6.82945
1787.45	2.806
1790.03	8.78235
1792.61	18.7585
1795.18	16.7344
1797.76	6.71001
1800.33	26.6855
1802.9	10.6607
1805.48	8.63568
1808.05	18.6105
1810.62	12.585
1813.19	10.5593
1815.76	12.5334
1818.33	14.5073
1820.89	8.48092
1823.46	14.4543
1826.02	16.4275
1828.59	10.4005
1831.15	16.3732
1833.71	14.3457
1836.27	2.31802
1838.84	12.2901
1841.39	14.2619
1843.95	4.23348
1846.51	-1.79516
1849.07	14.176
1851.62	10.1469
1854.18	4.11754
1856.73	-7.91201
1859.29	0.0581802
1861.84	4.02816
1864.39	1.99791
1866.94	1.9674
1869.49	5.93668
1872.04	13.9057
1874.59	13.8745
1877.13	7.8431
1879.68	1.81146
1882.22	25.7796
1884.77	9.74742
1887.31	1.71507
1889.85	7.68246
1892.39	11.6496
1894.93	5.61656
1897.47	9.58324
1900.01	9.54969
1902.55	-8.48409
1905.09	25.4819
1907.62	1.44762
1910.16	1.41314
1912.69	-16.6216
1915.22	19.3434
1917.76	11.3082
1920.29	9.27274
1922.82	21.2371
1925.35	27.2011
1927.88	13.1649
1930.4	5.12852
1932.93	7.09186
1935.46	9.05496
1937.98	21.0178
1940.51	6.98042
1943.03	12.9428
1945.55	12.9049
1948.07	18.8668
1950.59	2.82847
1953.11	22.7899
1955.63	20.751
1958.15	4.71193
1960.67	2.6726
1963.18	16.633
1965.7	10.5932
1968.21	-1.44687
1970.73	24.5128
1973.24	2.47223
1975.75	6.43144
1978.26	-1.60963
1980.77	22.3491
1983.28	-1.69248
1985.79	22.2657
1988.29	6.22369
1990.8	2.18137
1993.31	2.13883
1995.81	-5.90397
1998.31	-1.94698
