100.093	10.1283
103.274	28.1822
106.457	16.2359
109.636	26.2895
112.817	28.3428
115.994	6.39601
119.172	10.449
122.347	22.5019
125.521	6.5545
128.696	26.607
131.868	16.6593
135.039	18.7114
138.209	16.7633
141.379	16.8151
144.547	12.8667
147.713	-5.08193
150.879	-3.0307
154.043	7.02034
157.206	-0.928786
160.368	11.1219
163.529	9.17243
166.689	15.2228
169.848	17.2729
173.006	13.3229
176.163	17.3728
179.316	23.4224
182.471	13.4718
185.625	15.5211
188.777	7.57026
191.927	13.6192
195.077	9.66795
198.224	19.7165
201.372	-4.23505
204.52	15.8132
207.664	3.86125
210.809	19.9092
213.95	5.95687
217.091	20.0044
220.233	18.0518
223.372	14.099
226.509	6.146
229.648	8.19288
232.784	20.2396
235.918	0.286058
239.051	10.3324
242.186	24.3786
245.317	20.4246
248.447	-1.5296
251.577	4.51605
254.705	18.5615
257.832	6.60684
260.958	18.652
264.083	12.6969
267.204	30.7417
270.327	-3.21364
273.449	34.8308
276.57	18.8751
279.69	24.9192
282.806	10.9632
285.924	21.007
289.04	9.05058
292.154	3.09401
295.268	19.1373
298.379	7.18039
301.492	25.2233
304.601	-10.7339
307.711	3.30871
310.818	9.35114
313.924	-6.60661
317.031	-2.56449
320.135	13.4774
323.238	3.51919
326.34	9.56078
329.443	9.60224
332.543	17.6435
335.642	1.68459
338.74	19.7255
341.836	1.76629
344.932	11.8069
348.027	13.8473
351.12	-8.1124
354.213	-0.0722919
357.302	5.96763
360.393	10.0074
363.482	0.0470219
366.57	10.0865
369.656	4.12574
372.742	12.1649
375.827	16.2038
378.91	2.2426
381.993	18.2812
385.073	4.31969
388.154	22.358
391.232	2.39613
394.311	8.43412
397.387	22.4719
400.462	4.50956
403.536	8.54704
406.611	4.58438
409.683	18.6215
412.754	4.65854
415.824	18.6954
418.893	6.73205
421.961	4.76857
425.027	6.80492
428.093	0.841116
431.158	20.8772
434.222	-3.08697
437.284	6.94874
440.346	24.9843
443.407	15.0197
446.464	17.0549
449.523	1.09
452.581	13.1249
455.635	9.15966
458.691	7.19426
461.743	11.2287
464.797	11.263
467.847	-6.70291
470.899	13.3311
473.947	19.3649
476.994	13.3985
480.043	7.432
483.088	17.4653
486.133	5.49849
489.176	-0.468503
492.22	21.5644
495.262	-2.40293
498.302	13.6296
501.341	17.662
504.38	1.69423
507.417	3.72631
510.453	-0.241774
513.487	5.78997
516.521	15.8216
519.554	3.85304
522.586	3.88434
525.616	3.91546
528.646	5.94645
531.675	5.97729
534.701	12.008
537.729	22.0385
540.753	4.06884
543.778	8.09906
546.8	10.1291
549.821	20.159
552.844	18.1888
555.863	12.2184
558.881	2.24781
561.898	-1.72291
564.916	0.306245
567.932	8.33523
570.946	10.3641
573.959	12.3927
576.971	14.4213
579.982	20.4496
582.993	-3.52214
586	12.5059
589.008	-7.46616
592.015	4.56161
595.022	8.58923
598.025	2.61669
601.029	20.644
604.032	0.671177
607.033	14.6982
610.034	24.725
613.032	2.75175
616.032	12.7783
619.028	-3.19527
622.023	-3.16901
625.018	6.85709
628.013	10.8831
631.005	14.9089
633.997	-1.06546
636.987	4.96005
639.977	14.9854
642.965	19.0106
645.952	3.0357
648.939	5.06062
651.924	5.0854
654.909	9.11002
657.892	9.1345
660.873	3.15882
663.854	-6.81699
666.835	5.20705
669.813	15.2309
672.791	15.2547
675.767	7.27825
678.743	9.30171
681.717	17.325
684.692	1.34816
687.664	1.37117
690.634	19.394
693.606	1.41675
696.575	5.43931
699.543	7.46174
702.51	11.484
705.475	5.50615
708.44	7.52813
711.404	3.54998
714.367	-2.42832
717.329	11.5932
720.29	5.61464
723.25	5.63591
726.207	11.657
729.166	23.678
732.123	9.69884
735.077	7.71952
738.032	13.7401
740.984	5.76047
743.938	5.78074
746.888	17.8009
749.839	-0.179165
752.788	5.84066
755.735	15.8603
758.682	15.8799
761.627	19.8993
764.574	13.9186
767.517	-2.06231
770.46	7.95667
773.402	-0.0244953
776.342	7.9942
779.282	28.0128
782.219	18.0312
785.157	4.04944
788.094	10.0676
791.029	-1.91443
793.962	28.1034
796.896	12.1211
799.828	8.13869
802.76	6.15613
805.689	16.1734
808.619	16.1906
811.546	-1.79242
814.473	28.2245
817.4	8.24119
820.324	12.2578
823.248	16.2742
826.17	12.2906
829.092	16.3067
832.012	16.3228
834.932	26.3387
837.851	14.3544
840.768	22.3701
843.685	10.3856
846.599	20.4009
849.514	16.4161
852.428	-7.5688
855.339	26.4461
858.251	12.4609
861.16	-3.5244
864.07	8.49013
866.978	16.5045
869.884	10.5188
872.792	14.5329
875.696	10.5469
878.599	12.5607
881.502	10.5744
884.404	8.58801
887.304	10.6015
890.204	8.61476
893.103	14.6279
896.001	8.64097
898.898	16.6539
901.794	-7.33336
904.689	8.67927
907.581	12.6918
910.474	4.70413
913.364	-3.28365
916.256	6.72845
919.144	12.7404
922.034	-1.24776
924.92	16.7639
927.808	8.7755
930.693	12.7869
933.576	6.79822
936.459	-1.19062
939.341	16.8204
942.222	6.8313
945.102	2.84206
947.981	22.8527
950.859	16.8632
953.737	6.87357
956.613	8.8838
959.488	12.8939
962.361	10.9039
965.235	-5.08628
968.105	6.92343
970.977	26.933
973.846	6.94246
976.716	2.95178
979.583	8.96096
982.449	0.970017
985.316	-7.02105
988.18	12.9877
991.043	6.99641
993.906	17.0049
996.767	21.0133
999.628	17.0216
1002.49	5.02978
1005.35	-12.9622
1008.2	7.04568
1011.06	1.05344
1013.91	13.0611
1016.77	13.0686
1019.62	11.0759
1022.48	9.0832
1025.33	11.0903
1028.18	17.0973
1031.03	1.10416
1033.87	-0.889103
1036.72	7.11751
1039.57	43.124
1042.41	11.1303
1045.26	5.13656
1048.1	7.14265
1050.94	21.1486
1053.78	21.1545
1056.62	-0.839815
1059.46	11.1658
1062.3	13.1712
1065.14	5.17658
1067.97	5.18179
1070.81	1.18687
1073.64	-8.80817
1076.47	15.1967
1079.31	17.2014
1082.14	17.206
1084.97	19.2104
1087.8	-0.78525
1090.63	15.219
1093.45	5.22304
1096.28	11.227
1099.1	11.2308
1101.93	-8.76546
1104.75	-4.76187
1107.57	1.24159
1110.39	3.24493
1113.21	5.24814
1116.03	11.2512
1118.85	15.2542
1121.66	9.25704
1124.48	21.2598
1127.3	5.26236
1130.11	1.26484
1132.92	11.2672
1135.73	7.26942
1138.54	7.27152
1141.35	9.27351
1144.16	5.27537
1146.97	3.27711
1149.78	11.2787
1152.58	3.28022
1155.39	3.2816
1158.19	13.2829
1161	5.28398
1163.8	-0.715007
1166.6	13.2859
1169.4	15.2867
1172.2	3.2873
1174.99	9.28783
1177.79	11.2882
1180.59	23.2885
1183.38	7.28868
1186.17	1.28873
1188.97	3.28865
1191.76	13.2885
1194.55	5.28815
1197.34	11.2877
1200.13	11.2872
1202.92	3.28649
1205.7	7.2857
1208.49	1.28479
1211.27	19.2838
1214.06	15.2826
1216.84	13.2813
1219.62	15.28
1222.4	-6.72155
1225.18	11.2768
1227.96	17.2751
1230.74	-0.726764
1233.51	3.27126
1236.29	15.2692
1239.06	11.267
1241.84	9.26463
1244.61	3.26219
1247.38	13.2596
1250.15	15.2569
1252.92	-4.74585
1255.69	11.2512
1258.46	15.2482
1261.23	11.2451
1263.99	3.2418
1266.76	9.23842
1269.52	3.23493
1272.28	-0.768679
1275.05	17.2276
1277.81	25.2238
1280.57	9.2198
1283.33	5.21572
1286.08	-0.788462
1288.84	11.2072
1291.6	15.2028
1294.35	-0.801715
1297.11	3.19364
1299.86	-0.811121
1302.61	-2.816
1305.36	19.179
1308.11	9.17391
1310.86	11.1687
1313.61	9.16336
1316.36	3.15791
1319.1	-12.8476
1321.85	3.14668
1324.59	23.1409
1327.33	9.135
1330.08	7.12899
1332.82	7.12286
1335.56	11.1166
1338.3	23.1103
1341.04	-0.896189
1343.77	9.09723
1346.51	11.0905
1349.25	9.08375
1351.98	7.07684
1354.71	13.0698
1357.45	9.06268
1360.18	-0.944569
1362.91	15.0481
1365.64	9.0406
1368.37	-4.96698
1371.09	5.02532
1373.82	17.0175
1376.54	-2.99039
1379.27	23.0016
1381.99	4.99345
1384.72	6.9852
1387.44	0.976847
1390.16	6.96838
1392.88	-1.0402
1395.6	2.95111
1398.31	0.94232
1401.03	4.93342
1403.75	0.924401
1406.46	2.91527
1409.18	2.90604
1411.89	12.8967
1414.6	8.88724
1417.31	22.8777
1420.02	8.86801
1422.73	4.85823
1425.44	-3.15166
1428.15	6.83835
1430.85	6.82824
1433.56	8.81804
1436.26	-1.19229
1438.97	34.7973
1441.67	2.78675
1444.37	-1.22389
1447.07	6.76536
1449.77	8.7545
1452.47	6.74354
1455.16	8.73246
1457.86	12.7213
1460.56	8.70999
1463.25	-5.3014
1465.94	10.6871
1468.64	10.6755
1471.33	6.66379
1474.02	8.65196
1476.71	16.64
1479.4	22.628
1482.09	6.61587
1484.77	18.6036
1487.46	12.5913
1490.14	6.57882
1492.83	4.56627
1495.51	2.5536
1498.19	0.540829
1500.87	8.52796
1503.55	4.51498
1506.23	16.5019
1508.91	-3.51129
1511.59	0.475409
1514.27	18.462
1516.94	10.4485
1519.62	18.4349
1522.29	2.4212
1524.96	6.40738
1527.63	4.39347
1530.3	10.3794
1532.97	18.3653
1535.64	16.3511
1538.31	4.33675
1540.98	8.32233
1543.64	18.3078
1546.31	4.29315
1548.97	10.2784
1551.63	12.2636
1554.3	8.24861
1556.96	10.2336
1559.62	16.2184
1562.28	10.2032
1564.94	10.1878
1567.59	6.17234
1570.25	-9.84322
1572.9	2.14111
1575.56	-1.87466
1578.21	16.1095
1580.86	16.0935
1583.52	10.0774
1586.17	-1.93872
1588.82	14.045
1591.47	2.02863
1594.11	10.0122
1596.76	-2.00441
1599.41	9.97892
1602.05	3.96215
1604.69	1.94528
1607.34	13.9283
1609.98	5.91123
1612.62	-0.105948
1615.26	-2.12323
1617.9	-0.14059
1620.54	11.8419
1623.18	3.82437
1625.81	7.80669
1628.45	5.78892
1631.08	7.77106
1633.72	27.7531
1636.35	11.735
1638.98	3.71686
1641.61	9.69859
1644.24	19.6802
1646.87	-0.338233
1649.5	17.6432
1652.13	11.6246
1654.75	9.60579
1657.38	19.5869
1660	1.56799
1662.63	9.54895
1665.25	7.52979
1667.87	-0.489448
1670.49	13.4912
1673.11	15.4718
1675.73	15.4522
1678.35	17.4326
1680.96	21.4129
1683.58	5.39306
1686.19	9.37314
1688.81	17.3531
1691.42	5.33301
1694.03	11.3128
1696.64	13.2925
1699.25	7.27209
1701.87	-2.74842
1704.47	11.231
1707.08	15.2103
1709.69	-0.810484
1712.29	11.1686
1714.9	3.14766
1717.5	-8.8734
1720.1	15.1054
1722.71	1.08416
1725.31	-2.93719
1727.91	9.04135
1730.51	13.0198
1733.1	-5.00182
1735.7	8.97643
1738.3	6.95461
1740.89	-5.06731
1743.49	6.91067
1746.08	8.88856
1748.67	14.8664
1751.26	6.84406
1753.86	-3.17833
1756.45	8.79918
1759.03	10.7766
1761.62	16.7539
1764.21	12.7312
1766.8	-1.29168
1769.38	4.68537
1771.97	10.6623
1774.55	0.639178
1777.13	12.6159
1779.71	14.5926
1782.29	8.56923
1784.87	-5.45428
1787.45	18.5221
1790.03	4.49844
1792.61	8.47465
1795.18	0.45078
1797.76	18.4268
1800.33	0.402754
1802.9	16.3786
1805.48	6.35437
1808.05	18.33
1810.62	8.30562
1813.19	0.281107
1815.76	8.2565
1818.33	8.2318
1820.89	-1.79299
1823.46	12.1821
1826.02	10.1572
1828.59	-1.86788
1831.15	8.10698
1833.71	10.0817
1836.27	-1.94359
1838.84	24.031
1841.39	8.00549
1843.95	13.9799
1846.51	11.9542
1849.07	9.92844
1851.62	3.90258
1854.18	27.8766
1856.73	3.85058
1859.29	11.8244
1861.84	3.79823
1864.39	3.77192
1866.94	7.74551
1869.49	17.719
1872.04	-0.307545
1874.59	17.6658
1877.13	1.63904
1879.68	3.61221
1882.22	17.5853
1884.77	19.5583
1887.31	3.53117
1889.85	1.50397
1892.39	9.4767
1894.93	3.44934
1897.47	3.42187
1900.01	7.39433
1902.55	1.3667
1905.09	11.339
1907.62	5.31119
1910.16	17.2833
1912.69	13.2553
1915.22	-0.772735
1917.76	9.19913
1920.29	9.17088
1922.82	-2.85743
1925.35	19.1142
1927.88	5.08566
1930.4	9.05709
1932.93	-2.97158
1935.46	20.9997
1937.98	-1.02917
1940.51	8.94191
1943.03	6.91289
1945.55	2.88382
1948.07	8.85463
1950.59	0.825376
1953.11	14.796
1955.63	16.7666
1958.15	12.7371
1960.67	12.7075
1963.18	12.6778
1965.7	0.648018
1968.21	-1.38184
1970.73	8.58822
1973.24	-1.44181
1975.75	-5.47191
1978.26	10.4979
1980.77	6.46762
1983.28	-5.56275
1985.79	10.4068
1988.29	10.3763
1990.8	-1.65434
1993.31	8.31497
1995.81	0.28419
1998.31	12.2533
