100.093	13.3245
103.274	11.2843
106.457	13.2445
109.636	17.2051
112.817	27.1662
115.994	11.1278
119.172	11.0898
122.347	9.05233
125.521	23.0153
128.696	16.9786
131.868	18.9425
135.039	34.9068
138.209	-3.12851
141.379	16.8366
144.547	8.80223
147.713	4.76827
150.879	22.7347
154.043	6.70163
157.206	16.669
160.368	12.6367
163.529	16.6049
166.689	0.573491
169.848	10.5425
173.006	12.5119
176.163	32.4818
179.316	6.45208
182.471	6.42275
185.625	10.3938
188.777	18.3653
191.927	6.33723
195.077	14.3095
198.224	6.28223
201.372	-1.74468
204.52	20.2288
207.664	14.2027
210.809	0.176973
213.95	6.15165
217.091	0.126709
220.233	2.10214
223.372	16.078
226.509	20.0542
229.648	20.0307
232.784	12.0077
235.918	19.985
239.051	3.96274
242.186	19.9408
245.317	9.91924
248.447	15.898
251.577	15.8772
254.705	13.8567
257.832	13.8366
260.958	19.8169
264.083	5.79748
267.204	-0.221552
270.327	23.7598
273.449	-6.2586
276.57	9.7234
279.69	17.7057
282.806	21.6884
285.924	3.67146
289.04	23.6548
292.154	-4.36147
295.268	9.62256
298.379	21.6069
301.492	21.5916
304.601	9.57665
307.711	17.562
310.818	-0.452326
313.924	5.53367
317.031	1.51998
320.135	9.50662
323.238	19.4936
326.34	5.48083
329.443	11.4684
332.543	25.4563
335.642	9.44448
338.74	17.433
341.836	9.42178
344.932	-0.589122
348.027	19.4003
351.12	9.38998
354.213	3.37997
357.302	29.3703
360.393	7.36084
363.482	1.35171
366.57	15.3429
369.656	-4.66569
372.742	9.32604
375.827	13.318
378.91	9.31033
381.993	5.30289
385.073	13.2957
388.154	13.2888
391.232	9.28224
394.311	17.2759
397.387	15.2698
400.462	7.26401
403.536	17.2585
406.611	9.25318
409.683	11.2482
412.754	7.24339
415.824	-0.761117
418.893	-0.765371
421.961	-2.76937
425.027	17.2269
428.093	15.2234
431.158	13.2201
434.222	3.21711
437.284	3.21435
440.346	17.2118
443.407	1.20953
446.464	15.2075
449.523	3.20567
452.581	7.20409
455.635	-2.79725
458.691	11.2016
461.743	9.20074
464.797	9.20008
467.847	1.19964
470.899	9.19943
473.947	-2.80057
476.994	5.19966
480.043	15.2001
483.088	11.2008
486.133	13.2016
489.176	7.2027
492.22	-0.796004
495.262	11.2055
498.302	1.2072
501.341	-4.79089
504.38	27.2112
507.417	9.21353
510.453	5.21605
513.487	13.2188
516.521	15.2217
519.554	1.22476
522.586	3.22805
525.616	7.23152
528.646	3.23519
531.675	7.23905
534.701	-2.75692
537.729	15.2473
540.753	-0.748293
543.778	5.25629
546.8	-6.73895
549.821	15.266
552.844	1.27109
555.863	-0.723627
558.881	11.2818
561.898	-6.71256
564.916	5.29323
567.932	15.2992
570.946	13.3053
573.959	13.3116
576.971	11.318
579.982	7.32462
582.993	-0.668628
586	3.33828
589.008	-0.65466
592.015	-0.647446
595.022	-4.64008
598.025	1.36743
601.029	9.37509
604.032	15.3829
607.033	9.39084
610.034	11.3989
613.032	7.40715
616.032	1.41552
619.028	-0.575981
622.023	11.4327
625.018	3.44142
628.013	7.45033
631.005	3.45936
633.997	9.46851
636.987	7.4778
639.977	-2.51279
642.965	11.4967
645.952	9.50639
648.939	11.5162
651.924	21.5261
654.909	3.53607
657.892	9.5462
660.873	7.55643
663.854	11.5668
666.835	-2.42276
669.813	1.5878
672.791	19.5985
675.767	7.60925
678.743	11.6201
681.717	13.6311
684.692	13.6422
687.664	3.65339
690.634	3.66467
693.606	7.67605
696.575	5.68752
699.543	11.6991
702.51	13.7107
705.475	15.7225
708.44	5.73431
711.404	-4.25377
714.367	7.75823
717.329	9.77032
720.29	-8.21752
723.25	5.79473
726.207	5.80705
729.166	7.81945
732.123	1.83193
735.077	11.8445
738.032	13.8571
740.984	-0.130211
743.938	9.88256
746.888	-2.10462
749.839	9.90828
752.788	13.9212
755.735	13.9343
758.682	21.9473
761.627	5.96048
764.574	9.97369
767.517	5.98695
770.46	2.00026
773.402	8.01363
776.342	8.02705
779.282	4.04052
782.219	-1.94596
785.157	0.0676063
788.094	18.0812
791.029	8.09489
793.962	8.10858
796.896	24.1223
799.828	12.1361
802.76	12.1499
805.689	6.1638
808.619	24.1777
811.546	24.1916
814.473	30.2056
817.4	22.2196
820.324	14.2336
823.248	4.24768
826.17	8.26176
829.092	20.2759
832.012	28.29
834.932	0.304161
837.851	10.3183
840.768	4.33254
843.685	4.34676
846.599	0.360987
849.514	4.37524
852.428	18.3895
855.339	10.4038
858.251	4.41807
861.16	8.43237
864.07	12.4467
866.978	24.461
869.884	16.4753
872.792	8.48964
875.696	26.504
878.599	12.5183
881.502	0.532628
884.404	16.547
887.304	12.5613
890.204	8.57561
893.103	16.5899
896.001	14.6042
898.898	0.618547
901.794	-1.36716
904.689	0.647131
907.581	2.6614
910.474	4.67566
913.364	10.6899
916.256	4.70413
919.144	2.71834
922.034	-1.26747
924.92	10.7467
927.808	0.760859
930.693	12.775
933.576	4.78909
936.459	6.80316
939.341	6.81721
942.222	12.8312
945.102	10.8452
947.981	8.85919
950.859	20.8731
953.737	8.88702
956.613	12.9009
959.488	10.9147
962.361	10.9285
965.235	14.9422
968.105	12.956
970.977	18.9696
973.846	10.9832
976.716	12.9968
979.583	-0.989631
982.449	9.02386
985.316	19.0373
988.18	3.0507
991.043	5.06404
993.906	-0.922668
996.767	-0.909429
999.628	13.1038
1002.49	11.1169
1005.35	-0.87004
1008.2	11.143
1011.06	7.15593
1013.91	3.16882
1016.77	17.1817
1019.62	19.1944
1022.48	25.2071
1025.33	1.21977
1028.18	-8.76765
1031.03	1.24485
1033.87	23.2573
1036.72	-6.73034
1039.57	21.282
1042.41	25.2942
1045.26	13.3063
1048.1	5.31839
1050.94	21.3304
1053.78	13.3423
1056.62	-4.64585
1059.46	9.36591
1062.3	7.37759
1065.14	21.3892
1067.97	-2.59931
1070.81	21.4121
1073.64	15.4235
1076.47	15.4347
1079.31	-0.554126
1082.14	21.4569
1084.97	3.46793
1087.8	7.47882
1090.63	29.4896
1093.45	19.5003
1096.28	5.51093
1099.1	3.52144
1101.93	5.53185
1104.75	17.5422
1107.57	9.55237
1110.39	-4.43751
1113.21	11.5725
1116.03	-2.4176
1118.85	7.5922
1121.66	27.6019
1124.48	11.6115
1127.3	3.62095
1130.11	1.63032
1132.92	13.6396
1135.73	5.64872
1138.54	13.6577
1141.35	9.66666
1144.16	17.6755
1146.97	15.6842
1149.78	13.6927
1152.58	11.7012
1155.39	11.7095
1158.19	17.7177
1161	5.72579
1163.8	7.73375
1166.6	1.74158
1169.4	3.7493
1172.2	23.7569
1174.99	3.76434
1177.79	1.77167
1180.59	1.77887
1183.38	7.78593
1186.17	5.79287
1188.97	-0.200324
1191.76	-6.19366
1194.55	9.81288
1197.34	1.81927
1200.13	-2.17447
1202.92	11.8317
1205.7	-0.162368
1208.49	11.8435
1211.27	7.84917
1214.06	19.8547
1216.84	7.86014
1219.62	7.8654
1222.4	5.87053
1225.18	19.8755
1227.96	15.8803
1230.74	15.885
1233.51	19.8895
1236.29	9.8939
1239.06	15.8981
1241.84	21.9022
1244.61	5.9061
1247.38	7.90986
1250.15	9.91346
1252.92	-2.0831
1255.69	11.9202
1258.46	3.92331
1261.23	19.9263
1263.99	15.9291
1266.76	3.93171
1269.52	17.9342
1272.28	15.9365
1275.05	9.93865
1277.81	17.9406
1280.57	17.9424
1283.33	13.9441
1286.08	21.9455
1288.84	27.9468
1291.6	1.94798
1294.35	17.9489
1297.11	9.94971
1299.86	-0.049681
1302.61	-2.04925
1305.36	9.951
1308.11	7.95108
1310.86	11.951
1313.61	23.9507
1316.36	29.9502
1319.1	13.9496
1321.85	7.94876
1324.59	5.94775
1327.33	17.9466
1330.08	13.9452
1332.82	5.9436
1335.56	11.9418
1338.3	11.9399
1341.04	7.93776
1343.77	3.93544
1346.51	13.9329
1349.25	-0.069788
1351.98	9.92731
1354.71	21.9242
1357.45	13.9209
1360.18	9.91743
1362.91	3.91375
1365.64	21.9099
1368.37	19.9058
1371.09	-4.0985
1373.82	5.89702
1376.54	21.8923
1379.27	19.8874
1381.99	13.8824
1384.72	9.87705
1387.44	15.8716
1390.16	11.8658
1392.88	19.8599
1395.6	13.8538
1398.31	17.8475
1401.03	7.84093
1403.75	9.83418
1406.46	15.8272
1409.18	25.82
1411.89	13.8126
1414.6	17.805
1417.31	-0.202788
1420.02	5.78917
1422.73	25.7809
1425.44	11.7724
1428.15	-4.23625
1430.85	11.7548
1433.56	5.7457
1436.26	7.73634
1438.97	-2.27324
1441.67	9.71696
1444.37	11.7069
1447.07	3.69669
1449.77	21.6862
1452.47	19.6755
1455.16	7.66457
1457.86	13.6534
1460.56	11.642
1463.25	5.63039
1465.94	17.6185
1468.64	11.6065
1471.33	17.5941
1474.02	-4.41841
1476.71	15.5688
1479.4	31.5558
1482.09	17.5425
1484.77	19.529
1487.46	1.5153
1490.14	25.5013
1492.83	9.48711
1495.51	5.47266
1498.19	15.458
1500.87	13.443
1503.55	21.4279
1506.23	11.4124
1508.91	11.3968
1511.59	21.3808
1514.27	-2.63531
1516.94	25.3483
1519.62	21.3316
1522.29	7.31472
1524.96	-0.702429
1527.63	25.2802
1530.3	5.26251
1532.97	15.2446
1535.64	1.22644
1538.31	11.208
1540.98	13.1894
1543.64	23.1704
1546.31	-4.84873
1548.97	-4.86817
1551.63	15.1121
1554.3	19.0922
1556.96	-0.928024
1559.62	7.05151
1562.28	-4.96922
1564.94	13.0098
1567.59	4.98853
1570.25	12.967
1572.9	2.94523
1575.56	0.923179
1578.21	8.90088
1580.86	20.8783
1583.52	22.8554
1586.17	14.8323
1588.82	12.8089
1591.47	18.7853
1594.11	-13.2386
1596.76	18.7372
1599.41	4.71274
1602.05	26.688
1604.69	-7.337
1607.34	16.6377
1609.98	24.6122
1612.62	14.5863
1615.26	10.5602
1617.9	4.53384
1620.54	18.5072
1623.18	14.4802
1625.81	12.453
1628.45	10.4255
1631.08	20.3978
1633.72	-3.6303
1636.35	10.3414
1638.98	12.3127
1641.61	20.2838
1644.24	0.254642
1646.87	8.22516
1649.5	8.1954
1652.13	12.1654
1654.75	2.13502
1657.38	12.1044
1660	2.07349
1662.63	22.0423
1665.25	14.0108
1667.87	15.979
1670.49	25.947
1673.11	11.9146
1675.73	3.88195
1678.35	11.849
1680.96	-2.18424
1683.58	9.78225
1686.19	11.7484
1688.81	17.7143
1691.42	9.67987
1694.03	21.6451
1696.64	7.61013
1699.25	15.5748
1701.87	19.5392
1704.47	9.50328
1707.08	5.46707
1709.69	21.4306
1712.29	3.39373
1714.9	5.35661
1717.5	19.3192
1720.1	35.2815
1722.71	3.24342
1725.31	9.2051
1727.91	15.1664
1730.51	5.1275
1733.1	11.0883
1735.7	3.04866
1738.3	17.0088
1740.89	10.9686
1743.49	16.9281
1746.08	2.88731
1748.67	2.84619
1751.26	10.8048
1753.86	4.76304
1756.45	8.72098
1759.03	8.67863
1761.62	-3.36407
1764.21	6.59295
1766.8	0.549646
1769.38	10.506
1771.97	-7.53794
1774.55	10.4178
1777.13	0.373215
1779.71	20.3283
1782.29	4.28312
1784.87	10.2376
1787.45	4.19171
1790.03	4.14555
1792.61	14.099
1795.18	2.05222
1797.76	24.0051
1800.33	13.9576
1802.9	17.9098
1805.48	9.86169
1808.05	11.8132
1810.62	19.7645
1813.19	29.7154
1815.76	5.66594
1818.33	9.61617
1820.89	-0.433918
1823.46	23.5157
1826.02	5.46493
1828.59	13.4139
1831.15	13.3625
1833.71	7.31073
1836.27	5.25867
1838.84	-2.79373
1841.39	5.15354
1843.95	7.10048
1846.51	-0.952928
1849.07	14.9934
1851.62	6.93929
1854.18	12.8849
1856.73	14.8301
1859.29	8.77504
1861.84	2.71964
1864.39	14.6639
1866.94	-3.39223
1869.49	2.55134
1872.04	20.4946
1874.59	10.4375
1877.13	16.38
1879.68	2.32223
1882.22	24.2641
1884.77	6.20558
1887.31	14.1468
1889.85	-3.91241
1892.39	12.0281
1894.93	7.96825
1897.47	-0.0919863
1900.01	1.84747
1902.55	9.78658
1905.09	1.72533
1907.62	3.66374
1910.16	9.60183
1912.69	9.53953
1915.22	9.47688
1917.76	-0.586083
1920.29	17.3506
1922.82	13.2869
1925.35	17.2228
1927.88	19.1584
1930.4	-6.9063
1932.93	-4.9714
1935.46	8.96315
1937.98	0.897342
1940.51	-3.16882
1943.03	10.7647
1945.55	6.69781
1948.07	0.630565
1950.59	6.56301
1953.11	4.49504
1955.63	4.42676
1958.15	12.3581
1960.67	10.2891
1963.18	12.2197
1965.7	2.15001
1968.21	2.07991
1970.73	14.0094
1973.24	15.9386
1975.75	7.86748
1978.26	1.79592
1980.77	3.72404
1983.28	1.65175
1985.79	7.57914
1988.29	21.5062
1990.8	-6.56724
1993.31	17.359
1995.81	1.28496
1998.31	1.21055
