100.093	12.8055
103.274	4.83508
106.457	6.86466
109.636	16.8942
112.817	8.92361
115.994	2.95297
119.172	14.9823
122.347	11.0115
125.521	25.0407
128.696	23.0698
131.868	15.0989
135.039	3.12784
138.209	9.15675
141.379	15.1856
144.547	13.2144
147.713	-0.756884
150.879	-0.728232
154.043	3.30036
157.206	11.3289
160.368	3.35734
163.529	17.3857
166.689	23.4141
169.848	3.44233
173.006	19.4705
176.163	19.4987
179.316	-6.47328
182.471	3.55473
185.625	7.58267
188.777	5.61055
191.927	3.63834
195.077	15.6661
198.224	11.6938
201.372	13.7214
204.52	13.7489
207.664	9.77642
210.809	5.80385
213.95	-0.168808
217.091	13.8585
220.233	19.8857
223.372	23.9129
226.509	7.93996
229.648	21.967
232.784	15.994
235.918	-1.97914
239.051	12.0477
242.186	10.0745
245.317	8.10119
248.447	8.12783
251.577	8.15441
254.705	10.1809
257.832	-1.79262
260.958	16.2338
264.083	16.2601
267.204	10.2863
270.327	-5.68747
273.449	18.3387
276.57	4.36473
279.69	20.3907
282.806	10.4167
285.924	24.4425
289.04	2.46835
292.154	8.49409
295.268	8.51977
298.379	26.5454
301.492	4.57094
304.601	8.59642
307.711	-5.37815
310.818	16.6472
313.924	-3.3275
317.031	12.6977
320.135	4.7229
323.238	10.748
326.34	20.773
329.443	16.798
332.543	6.82294
335.642	8.84779
338.74	-1.12743
341.836	10.8973
344.932	14.922
348.027	12.9465
351.12	4.97108
354.213	18.9955
357.302	15.0199
360.393	13.0443
363.482	21.0686
366.57	7.09278
369.656	19.1169
372.742	19.141
375.827	1.16504
378.91	15.189
381.993	7.21289
385.073	9.23671
388.154	-0.73951
391.232	13.2842
394.311	11.3078
397.387	21.3314
400.462	7.35492
403.536	15.3784
406.611	17.4018
409.683	-6.5749
412.754	7.44836
415.824	15.4716
418.893	-0.505309
421.961	13.5178
425.027	19.5408
428.093	9.56372
431.158	1.58661
434.222	5.60943
437.284	1.63219
440.346	-6.34511
443.407	9.67753
446.464	11.7001
449.523	7.7226
452.581	-0.254948
455.635	5.76742
458.691	17.7898
461.743	19.812
464.797	1.8342
467.847	7.85633
470.899	5.8784
473.947	-10.0996
476.994	3.92234
480.043	5.94423
483.088	1.96605
486.133	-0.0121991
489.176	14.0095
492.22	6.03114
495.262	-1.9473
498.302	10.0742
501.341	-1.90435
504.38	4.11703
507.417	2.13836
510.453	12.1596
513.487	-3.8192
516.521	4.20193
519.554	18.223
522.586	-3.75598
525.616	-9.73505
528.646	8.28584
531.675	6.30667
534.701	2.32742
537.729	6.34813
540.753	24.3688
543.778	22.3893
546.8	-5.59015
549.821	2.43029
552.844	0.450689
555.863	-3.52899
558.881	0.491274
561.898	0.511474
564.916	14.5316
567.932	4.5517
570.946	20.5717
573.959	6.59168
576.971	-3.38843
579.982	8.6314
582.993	12.6512
586	10.6709
589.008	12.6905
592.015	4.71012
595.022	8.72964
598.025	0.749099
601.029	8.76851
604.032	2.78785
607.033	0.807123
610.034	8.82635
613.032	16.8455
616.032	12.8646
619.028	-1.11637
622.023	2.9026
625.018	8.92151
628.013	16.9404
631.005	18.9592
633.997	-1.02212
636.987	0.996543
639.977	15.0151
642.965	9.03369
645.952	7.05218
648.939	11.0706
651.924	-4.91104
654.909	9.10727
657.892	1.12551
660.873	3.14368
663.854	13.1618
666.835	9.17986
669.813	3.19785
672.791	7.21579
675.767	9.23366
678.743	5.25148
681.717	-4.73077
684.692	5.28693
687.664	11.3046
690.634	15.3221
693.606	17.3396
696.575	19.3571
699.543	9.37448
702.51	17.3918
705.475	-0.590924
708.44	1.42628
711.404	-0.556567
714.367	19.4605
717.329	17.4776
720.29	13.4945
723.25	-6.48857
726.207	9.52827
729.166	11.5451
732.123	13.5618
735.077	9.57845
738.032	11.5951
740.984	17.6116
743.938	-0.371913
746.888	25.6445
749.839	9.66088
752.788	9.67718
755.735	17.6934
758.682	7.70961
761.627	3.72573
764.574	11.7418
767.517	3.75781
770.46	31.7738
773.402	11.7896
776.342	13.8055
779.282	1.82124
782.219	17.8369
785.157	3.85259
788.094	21.8682
791.029	9.88371
793.962	7.89917
796.896	9.91458
799.828	9.92993
802.76	7.94522
805.689	1.96045
808.619	11.9756
811.546	5.99073
814.473	6.00578
817.4	24.0208
820.324	20.0357
823.248	2.05058
826.17	18.0654
829.092	16.0802
832.012	12.0948
834.932	8.10948
837.851	2.12406
840.768	22.1386
843.685	10.153
846.599	2.16744
849.514	16.1818
852.428	16.1961
855.339	6.21029
858.251	20.2245
861.16	26.2386
864.07	10.2526
866.978	4.26659
869.884	12.2805
872.792	14.2944
875.696	16.3082
878.599	6.32195
881.502	4.33564
884.404	14.3493
887.304	22.3629
890.204	2.37637
893.103	10.3898
896.001	14.4032
898.898	8.41658
901.794	18.4299
904.689	2.44309
907.581	4.45625
910.474	20.4694
913.364	8.4824
916.256	16.4954
919.144	10.5083
922.034	14.5212
924.92	-3.46598
927.808	6.54678
930.693	14.5595
933.576	2.57212
936.459	0.584704
939.341	12.5972
942.222	8.60969
945.102	2.6221
947.981	-1.36555
950.859	10.6467
953.737	8.65899
956.613	10.6712
959.488	8.68328
962.361	8.69534
965.235	10.7073
968.105	0.719288
970.977	8.73118
973.846	-1.25699
976.716	0.754782
979.583	14.7665
982.449	8.77815
985.316	2.78975
988.18	8.80129
991.043	-3.18722
993.906	14.8242
996.767	2.83557
999.628	8.84688
1002.49	24.8581
1005.35	18.8693
1008.2	10.8805
1011.06	14.8915
1013.91	8.90257
1016.77	6.91354
1019.62	8.92445
1022.48	-3.0647
1025.33	20.9461
1028.18	-1.04316
1031.03	14.9675
1033.87	18.9781
1036.72	4.98871
1039.57	18.9992
1042.41	1.00966
1045.26	11.0201
1048.1	21.0304
1050.94	5.04068
1053.78	7.0509
1056.62	9.06107
1059.46	9.07118
1062.3	13.0812
1065.14	13.0912
1067.97	13.1012
1070.81	5.11105
1073.64	9.12088
1076.47	15.1306
1079.31	9.14036
1082.14	3.15001
1084.97	13.1596
1087.8	17.1692
1090.63	15.1786
1093.45	15.1881
1096.28	21.1974
1099.1	9.20676
1101.93	9.21602
1104.75	9.22523
1107.57	11.2344
1110.39	5.24347
1113.21	5.2525
1116.03	15.2615
1118.85	17.2704
1121.66	17.2793
1124.48	13.2881
1127.3	9.29683
1130.11	3.30554
1132.92	1.31418
1135.73	9.32276
1138.54	5.33129
1141.35	3.33976
1144.16	1.34818
1146.97	11.3565
1149.78	21.3649
1152.58	5.3731
1155.39	11.3813
1158.19	3.38943
1161	1.39751
1163.8	7.40554
1166.6	15.4135
1169.4	17.4214
1172.2	29.4293
1174.99	17.4371
1177.79	21.4448
1180.59	19.4525
1183.38	19.4602
1186.17	-10.5323
1188.97	9.47528
1191.76	15.4827
1194.55	3.49016
1197.34	11.4975
1200.13	5.50483
1202.92	9.51208
1205.7	23.5193
1208.49	7.52641
1211.27	9.53349
1214.06	3.54052
1216.84	5.54749
1219.62	15.5544
1222.4	9.56127
1225.18	23.5681
1227.96	5.57483
1230.74	13.5815
1233.51	15.5882
1236.29	5.59476
1239.06	-0.398709
1241.84	5.60777
1244.61	9.61419
1247.38	-0.37944
1250.15	19.6269
1252.92	11.6331
1255.69	23.6393
1258.46	9.64548
1261.23	1.65158
1263.99	7.65761
1266.76	-8.3364
1269.52	-2.33047
1272.28	25.6754
1275.05	-2.31877
1277.81	-8.313
1280.57	5.69271
1283.33	9.69837
1286.08	23.704
1288.84	11.7095
1291.6	15.715
1294.35	-0.279546
1297.11	-0.274163
1299.86	15.7312
1302.61	-2.26355
1305.36	-0.258329
1308.11	9.74684
1310.86	3.75196
1313.61	13.757
1316.36	15.762
1319.1	-8.23302
1321.85	3.77187
1324.59	7.77672
1327.33	-0.21849
1330.08	29.7862
1332.82	11.7909
1335.56	7.79556
1338.3	13.8001
1341.04	9.80466
1343.77	13.8091
1346.51	-0.186462
1349.25	-2.1821
1351.98	7.82221
1354.71	15.8265
1357.45	17.8307
1360.18	9.8348
1362.91	7.8389
1365.64	9.84294
1368.37	5.84692
1371.09	9.85085
1373.82	-2.14527
1376.54	11.8586
1379.27	-2.13767
1381.99	15.866
1384.72	15.8697
1387.44	19.8733
1390.16	-0.123116
1392.88	23.8804
1395.6	11.8838
1398.31	5.88724
1401.03	-0.109414
1403.75	13.8939
1406.46	19.8971
1409.18	9.90031
1411.89	-4.09656
1414.6	9.90652
1417.31	17.9095
1420.02	15.9125
1422.73	17.9154
1425.44	13.9183
1428.15	1.92113
1430.85	3.9239
1433.56	17.9266
1436.26	5.92927
1438.97	-2.06813
1441.67	-6.06557
1444.37	1.93693
1447.07	17.9394
1449.77	13.9418
1452.47	9.94411
1455.16	13.9464
1457.86	19.9486
1460.56	9.95083
1463.25	7.95296
1465.94	3.95504
1468.64	7.95707
1471.33	7.95905
1474.02	7.96097
1476.71	5.96284
1479.4	-4.03534
1482.09	13.9664
1484.77	11.9681
1487.46	21.9698
1490.14	1.97142
1492.83	5.97298
1495.51	5.97448
1498.19	11.9759
1500.87	-8.02266
1503.55	11.9787
1506.23	27.98
1508.91	11.9812
1511.59	13.9824
1514.27	17.9836
1516.94	1.98467
1519.62	19.9857
1522.29	19.9867
1524.96	9.98764
1527.63	-0.0114772
1530.3	5.98936
1532.97	1.99014
1535.64	5.99087
1538.31	11.9915
1540.98	5.99218
1543.64	11.9928
1546.31	7.99328
1548.97	31.9937
1551.63	3.99417
1554.3	17.9945
1556.96	7.99486
1559.62	23.9951
1562.28	1.99535
1564.94	13.9955
1567.59	9.99563
1570.25	15.9957
1572.9	7.9957
1575.56	7.99566
1578.21	1.99557
1580.86	5.99543
1583.52	9.99524
1586.17	13.995
1588.82	13.9947
1591.47	5.99436
1594.11	5.99397
1596.76	7.99352
1599.41	-0.00697684
1602.05	13.9925
1604.69	3.99188
1607.34	11.9912
1609.98	-0.00947197
1612.62	5.98978
1615.26	3.98898
1617.9	3.98813
1620.54	5.98722
1623.18	19.9863
1625.81	11.9853
1628.45	17.9842
1631.08	11.9831
1633.72	-0.0180443
1636.35	17.9808
1638.98	3.9795
1641.61	13.9782
1644.24	21.9768
1646.87	9.97543
1649.5	7.97397
1652.13	21.9725
1654.75	11.9709
1657.38	-6.03069
1660	15.9676
1662.63	9.96594
1665.25	3.96419
1667.87	7.96238
1670.49	9.96052
1673.11	3.95862
1675.73	-6.04334
1678.35	27.9547
1680.96	-0.0474007
1683.58	7.95049
1686.19	5.94834
1688.81	15.9461
1691.42	23.9439
1694.03	5.94158
1696.64	3.93922
1699.25	-4.06318
1701.87	15.9344
1704.47	-0.0681379
1707.08	11.9293
1709.69	17.9267
1712.29	-2.07594
1714.9	9.92136
1717.5	-0.081391
1720.1	-0.0841906
1722.71	-6.08704
1725.31	21.9101
1727.91	9.90712
1730.51	15.9041
1733.1	5.90108
1735.7	15.898
1738.3	5.89484
1740.89	21.8916
1743.49	9.8884
1746.08	-4.11489
1748.67	3.88177
1751.26	-2.12161
1753.86	17.8749
1756.45	13.8715
1759.03	11.8679
1761.62	9.86434
1764.21	-0.139291
1766.8	19.857
1769.38	5.8533
1771.97	9.84952
1774.55	11.8457
1777.13	13.8418
1779.71	11.8379
1782.29	3.83392
1784.87	3.82989
1787.45	11.8258
1790.03	3.82171
1792.61	1.81754
1795.18	17.8133
1797.76	7.80906
1800.33	25.8047
1802.9	15.8004
1805.48	13.796
1808.05	17.7915
1810.62	11.787
1813.19	13.7825
1815.76	21.7779
1818.33	17.7732
1820.89	1.76851
1823.46	11.7638
1826.02	-8.24104
1828.59	-4.24588
1831.15	15.7492
1833.71	15.7443
1836.27	-2.26069
1838.84	7.73427
1841.39	15.7292
1843.95	9.72406
1846.51	11.7189
1849.07	15.7137
1851.62	23.7084
1854.18	17.7031
1856.73	11.6977
1859.29	13.6923
1861.84	13.6868
1864.39	9.68131
1866.94	11.6757
1869.49	5.67014
1872.04	11.6645
1874.59	9.65879
1877.13	23.653
1879.68	7.64724
1882.22	5.6414
1884.77	5.63551
1887.31	13.6296
1889.85	11.6236
1892.39	9.61756
1894.93	-4.38852
1897.47	25.6053
1900.01	-2.40083
1902.55	11.593
1905.09	25.5867
1907.62	13.5804
1910.16	11.574
1912.69	3.5676
1915.22	15.5611
1917.76	5.55465
1920.29	1.54809
1922.82	7.5415
1925.35	29.5349
1927.88	1.52816
1930.4	21.5214
1932.93	21.5146
1935.46	11.5078
1937.98	-0.499062
1940.51	13.494
1943.03	19.487
1945.55	5.48003
1948.07	17.473
1950.59	-8.53414
1953.11	15.4587
1955.63	5.4515
1958.15	17.4443
1960.67	9.43696
1963.18	7.42962
1965.7	7.42223
1968.21	5.41479
1970.73	25.4073
1973.24	9.39979
1975.75	13.3922
1978.26	13.3846
1980.77	9.37693
1983.28	7.36922
1985.79	-2.63854
1988.29	13.3537
1990.8	15.3458
1993.31	7.33791
1995.81	7.32997
1998.31	15.322
