100.093	15.3035
103.274	5.40919
106.457	13.5143
109.636	7.61864
112.817	19.7224
115.994	1.82544
119.172	-0.0721032
122.347	12.0296
125.521	20.1307
128.696	16.2312
131.868	12.331
135.039	16.4302
138.209	20.5287
141.379	-3.3734
144.547	16.7238
147.713	10.8204
150.879	6.9164
154.043	17.0117
157.206	17.1065
160.368	19.2005
163.529	15.294
166.689	19.3869
169.848	1.47909
173.006	9.57071
176.163	19.6617
179.316	13.752
182.471	-6.15817
185.625	-0.068996
188.777	24.0196
191.927	16.1075
195.077	8.19486
198.224	2.28158
201.372	8.36776
204.52	8.45335
207.664	14.5383
210.809	16.6227
213.95	6.70647
217.091	2.78966
220.233	0.872315
223.372	4.95434
226.509	5.03579
229.648	1.11672
232.784	11.197
235.918	9.27675
239.051	7.35591
242.186	21.4346
245.317	29.5126
248.447	11.5901
251.577	5.66699
254.705	37.7433
257.832	21.8191
260.958	1.89439
264.083	-2.03091
267.204	10.0432
270.327	22.1168
273.449	20.1899
276.57	22.2624
279.69	18.3344
282.806	14.4058
285.924	16.4767
289.04	16.547
292.154	2.61683
295.268	12.6861
298.379	18.7549
301.492	14.8231
304.601	12.8908
307.711	12.9581
310.818	13.0247
313.924	21.0908
317.031	19.1565
320.135	11.2216
323.238	9.28623
326.34	11.3503
329.443	9.41396
332.543	23.477
335.642	19.5396
338.74	21.6017
341.836	17.6633
344.932	17.7244
348.027	7.78499
351.12	5.8451
354.213	21.9047
357.302	7.96381
360.393	12.0225
363.482	12.0806
366.57	10.1383
369.656	6.19547
372.742	32.2522
375.827	34.3084
378.91	8.36419
381.993	16.4195
385.073	-1.5257
388.154	16.5287
391.232	12.5825
394.311	12.636
397.387	14.6889
400.462	8.74143
403.536	14.7935
406.611	22.8451
409.683	14.8962
412.754	12.9469
415.824	12.9971
418.893	13.0469
421.961	5.09622
425.027	15.1451
428.093	21.1936
431.158	9.24158
434.222	1.28916
437.284	15.3363
440.346	7.38301
443.407	13.4293
446.464	11.4751
449.523	17.5205
452.581	3.56552
455.635	3.61007
458.691	17.6542
461.743	17.6979
464.797	1.74124
467.847	7.78411
470.899	21.8266
473.947	11.8686
476.994	3.91027
480.043	-0.0484717
483.088	1.99235
486.133	12.0328
489.176	2.07278
492.22	16.1124
495.262	-1.84836
498.302	14.1905
501.341	16.2289
504.38	20.2669
507.417	14.3046
510.453	-1.65818
513.487	4.37866
516.521	14.4151
519.554	8.45125
522.586	18.487
525.616	12.5223
528.646	0.557236
531.675	18.5918
534.701	10.626
537.729	-1.34016
540.753	0.693286
543.778	16.7264
546.8	8.75909
549.821	14.7914
552.844	-1.17656
555.863	4.85506
558.881	-13.1137
561.898	-3.08278
564.916	28.9478
567.932	6.97798
570.946	-4.99217
573.959	11.0373
576.971	11.0665
579.982	17.0953
582.993	11.1237
586	15.1518
589.008	3.17956
592.015	5.20698
595.022	3.23407
598.025	9.26081
601.029	13.2872
604.032	9.31331
607.033	21.339
610.034	11.3645
613.032	-6.61045
616.032	13.4143
619.028	5.43875
622.023	27.4629
625.018	21.4867
628.013	7.51014
631.005	-6.4667
633.997	-4.44387
636.987	3.57866
639.977	15.6009
642.965	9.62278
645.952	13.6444
648.939	11.6657
651.924	3.68665
654.909	3.70733
657.892	17.7277
660.873	-6.25222
663.854	9.76756
666.835	3.78705
669.813	13.8062
672.791	9.82513
675.767	15.8437
678.743	15.862
681.717	5.88006
684.692	13.8978
687.664	17.9153
690.634	5.93242
693.606	11.9493
696.575	-0.0340795
699.543	25.9822
702.51	5.9983
705.475	6.01408
708.44	10.0296
711.404	10.0448
714.367	14.0598
717.329	20.0745
720.29	10.0889
723.25	2.10307
726.207	6.11696
729.166	10.1306
732.123	26.144
735.077	2.1571
738.032	-7.83004
740.984	12.1826
743.938	28.1949
746.888	2.20702
749.839	0.218878
752.788	4.23048
755.735	34.2418
758.682	18.2529
761.627	10.2638
764.574	26.2744
767.517	8.28482
770.46	26.295
773.402	4.30487
776.342	8.31454
779.282	12.324
782.219	22.3332
785.157	14.3421
788.094	10.3509
791.029	18.3594
793.962	16.3677
796.896	-1.62424
799.828	10.3836
802.76	12.3912
805.689	16.3986
808.619	14.4058
811.546	8.41275
814.473	12.4195
817.4	22.426
820.324	24.4324
823.248	10.4385
826.17	10.4444
829.092	20.4501
832.012	18.4555
834.932	14.4608
837.851	2.46589
840.768	18.4708
843.685	8.47544
846.599	8.47992
849.514	10.4842
852.428	20.4883
855.339	28.4922
858.251	6.49587
861.16	10.4994
864.07	16.5027
866.978	8.50582
869.884	6.50876
872.792	14.5115
875.696	18.5141
878.599	2.51647
881.502	8.51868
884.404	12.5207
887.304	12.5226
890.204	4.52424
893.103	18.5257
896.001	18.5271
898.898	10.5282
901.794	8.5292
904.689	6.53002
907.581	0.530667
910.474	14.5311
913.364	22.5315
916.256	-1.46838
919.144	10.5316
922.034	8.53144
924.92	10.5311
927.808	20.5306
930.693	2.52999
933.576	2.52919
936.459	32.5282
939.341	6.52714
942.222	4.52589
945.102	2.52449
947.981	0.522943
950.859	12.5212
953.737	-1.48059
956.613	2.51743
959.488	2.5153
962.361	14.513
965.235	12.5106
968.105	20.5081
970.977	6.50542
973.846	18.5026
976.716	10.4997
979.583	8.49658
982.449	18.4934
985.316	14.49
988.18	26.4866
991.043	6.48297
993.906	8.47925
996.767	16.4754
999.628	0.471446
1002.49	8.46736
1005.35	16.4632
1008.2	14.4588
1011.06	4.45439
1013.91	-1.55017
1016.77	-9.55484
1019.62	22.4404
1022.48	10.4355
1025.33	16.4305
1028.18	20.4253
1031.03	26.4201
1033.87	0.414795
1036.72	10.4094
1039.57	22.4038
1042.41	16.3982
1045.26	14.3924
1048.1	2.38659
1050.94	0.380647
1053.78	18.3746
1056.62	16.3685
1059.46	6.36224
1062.3	10.3559
1065.14	24.3495
1067.97	8.343
1070.81	8.33641
1073.64	10.3297
1076.47	16.323
1079.31	4.3161
1082.14	18.3092
1084.97	14.3021
1087.8	6.29503
1090.63	18.2878
1093.45	-3.71942
1096.28	8.27324
1099.1	6.26582
1101.93	16.2583
1104.75	14.2508
1107.57	8.24312
1110.39	-5.76459
1113.21	22.2276
1116.03	16.2198
1118.85	16.2119
1121.66	20.2039
1124.48	2.19582
1127.3	6.18771
1130.11	2.17952
1132.92	6.17129
1135.73	6.16299
1138.54	4.15463
1141.35	-1.85379
1144.16	26.1377
1146.97	18.1292
1149.78	0.120625
1152.58	14.112
1155.39	0.103306
1158.19	4.09457
1161	12.0858
1163.8	2.07695
1166.6	-1.93194
1169.4	2.05913
1172.2	8.05016
1174.99	4.04114
1177.79	10.0321
1180.59	2.02299
1183.38	2.01385
1186.17	0.00467056
1188.97	17.9955
1191.76	11.9862
1194.55	9.97692
1197.34	3.9676
1200.13	-2.04175
1202.92	-4.05114
1205.7	5.93946
1208.49	5.93001
1211.27	3.92054
1214.06	1.91104
1216.84	-6.09848
1219.62	13.892
1222.4	17.8824
1225.18	13.8728
1227.96	21.8632
1230.74	1.85356
1233.51	3.84391
1236.29	3.83424
1239.06	3.82455
1241.84	9.81485
1244.61	-4.19487
1247.38	3.7954
1250.15	17.7857
1252.92	-0.224085
1255.69	5.76615
1258.46	3.75639
1261.23	5.74661
1263.99	1.73683
1266.76	11.727
1269.52	9.71725
1272.28	-8.29255
1275.05	3.69765
1277.81	5.68786
1280.57	17.6781
1283.33	-0.331734
1286.08	5.65847
1288.84	3.64868
1291.6	7.6389
1294.35	5.62912
1297.11	1.61936
1299.86	-0.39041
1302.61	3.59983
1305.36	17.5901
1308.11	19.5804
1310.86	13.5706
1313.61	3.56094
1316.36	9.55124
1319.1	-2.45843
1321.85	9.53191
1324.59	1.52227
1327.33	-0.487347
1330.08	3.50305
1332.82	5.49347
1335.56	13.4839
1338.3	-0.525627
1341.04	5.46487
1343.77	3.45538
1346.51	7.44592
1349.25	-0.563512
1351.98	3.42709
1354.71	-2.58229
1357.45	7.40837
1360.18	11.3991
1362.91	3.38977
1365.64	11.3805
1368.37	11.3713
1371.09	3.36214
1373.82	1.353
1376.54	17.3439
1379.27	11.3348
1381.99	-6.67418
1384.72	5.31684
1387.44	17.3079
1390.16	13.299
1392.88	7.29015
1395.6	7.28134
1398.31	5.27258
1401.03	-2.73614
1403.75	5.2552
1406.46	15.2466
1409.18	-10.762
1411.89	9.22949
1414.6	7.22102
1417.31	5.21261
1420.02	-12.7957
1422.73	-0.804054
1425.44	-0.812304
1428.15	-4.82049
1430.85	15.1714
1433.56	9.1633
1436.26	3.15528
1438.97	1.14733
1441.67	9.13943
1444.37	3.13161
1447.07	5.12384
1449.77	7.11614
1452.47	11.1085
1455.16	7.10093
1457.86	-2.90657
1460.56	5.08599
1463.25	13.0786
1465.94	1.07133
1468.64	9.06411
1471.33	7.05696
1474.02	17.0499
1476.71	1.04288
1479.4	11.0359
1482.09	9.0291
1484.77	5.02232
1487.46	15.0156
1490.14	7.00901
1492.83	9.00247
1495.51	2.99601
1498.19	12.9896
1500.87	6.98334
1503.55	8.97713
1506.23	-5.029
1508.91	8.96497
1511.59	4.95901
1514.27	0.953145
1516.94	10.9474
1519.62	4.94167
1522.29	8.93608
1524.96	18.9306
1527.63	12.9251
1530.3	8.91982
1532.97	4.91459
1535.64	2.90946
1538.31	10.9044
1540.98	4.89947
1543.64	2.89462
1546.31	14.8899
1548.97	0.885219
1551.63	12.8807
1554.3	4.87622
1556.96	10.8719
1559.62	6.86762
1562.28	-5.13652
1564.94	-1.14056
1567.59	8.8555
1570.25	0.851675
1572.9	12.848
1575.56	8.84434
1578.21	-1.15917
1580.86	8.83744
1583.52	4.83415
1586.17	4.83098
1588.82	14.8279
1591.47	12.825
1594.11	0.822127
1596.76	6.81941
1599.41	18.8168
1602.05	2.81431
1604.69	14.8119
1607.34	10.8097
1609.98	10.8075
1612.62	4.80553
1615.26	-1.19637
1617.9	0.801857
1620.54	10.8002
1623.18	-9.20133
1625.81	8.79727
1628.45	6.79599
1631.08	2.79483
1633.72	10.7938
1636.35	16.7929
1638.98	2.79212
1641.61	16.7915
1644.24	4.79096
1646.87	8.79058
1649.5	2.79032
1652.13	2.7902
1654.75	-1.20979
1657.38	18.7904
1660	20.7906
1662.63	16.791
1665.25	4.79159
1667.87	18.7923
1670.49	2.7931
1673.11	0.794064
1675.73	-7.20483
1678.35	4.79641
1680.96	-1.20221
1683.58	14.7993
1686.19	6.80098
1688.81	6.80279
1691.42	2.80474
1694.03	10.8068
1696.64	0.809082
1699.25	6.81147
1701.87	4.81401
1704.47	4.81669
1707.08	2.81953
1709.69	22.8225
1712.29	10.8256
1714.9	-3.17107
1717.5	4.83236
1720.1	12.8359
1722.71	12.8397
1725.31	10.8436
1727.91	-1.15237
1730.51	0.851837
1733.1	12.8562
1735.7	6.86072
1738.3	14.8654
1740.89	4.87023
1743.49	-1.12478
1746.08	2.88038
1748.67	6.88569
1751.26	4.89116
1753.86	2.8968
1756.45	16.9026
1759.03	10.9086
1761.62	8.9147
1764.21	8.92099
1766.8	18.9274
1769.38	-3.06593
1771.97	-1.05913
1774.55	8.94783
1777.13	14.955
1779.71	-3.03774
1782.29	4.96973
1784.87	12.9774
1787.45	8.98519
1790.03	-7.00683
1792.61	13.0013
1795.18	7.00966
1797.76	-4.98183
1800.33	3.02685
1802.9	13.0357
1805.48	1.04474
1808.05	11.0539
1810.62	17.0633
1813.19	1.0729
1815.76	5.08265
1818.33	5.09258
1820.89	1.10269
1823.46	1.11298
1826.02	3.12345
1828.59	17.1341
1831.15	3.14494
1833.71	-0.844032
1836.27	5.16717
1838.84	17.1786
1841.39	9.19014
1843.95	1.20191
1846.51	5.21387
1849.07	15.226
1851.62	15.2383
1854.18	-2.74914
1856.73	5.26356
1859.29	15.2765
1861.84	17.2896
1864.39	17.3028
1866.94	15.3163
1869.49	-4.67
1872.04	11.3439
1874.59	13.3579
1877.13	-0.627816
1879.68	15.3866
1882.22	9.40128
1884.77	17.4161
1887.31	9.43117
1889.85	11.4464
1892.39	3.46186
1894.93	5.4775
1897.47	-0.506645
1900.01	11.5094
1902.55	11.5256
1905.09	3.5421
1907.62	7.55875
1910.16	19.5756
1912.69	5.59267
1915.22	25.6099
1917.76	-0.372594
1920.29	-4.35491
1922.82	13.663
1925.35	17.6811
1927.88	9.69938
1930.4	15.7179
1932.93	5.73661
1935.46	17.7555
1937.98	-6.22531
1940.51	3.79404
1943.03	7.81361
1945.55	3.83338
1948.07	7.85338
1950.59	9.87358
1953.11	7.89401
1955.63	15.9146
1958.15	13.9355
1960.67	9.95655
1963.18	17.9778
1965.7	7.99934
1968.21	16.0211
1970.73	12.043
1973.24	12.0652
1975.75	4.08753
1978.26	8.11013
1980.77	16.1329
1983.28	0.155995
1985.79	10.1793
1988.29	10.2027
1990.8	0.226458
1993.31	4.25039
1995.81	8.27455
1998.31	8.29892
