100.093	13.946
103.274	20.0579
106.457	12.1691
109.636	-3.72053
112.817	12.3892
115.994	2.49801
119.172	10.6062
122.347	10.7136
125.521	24.8202
128.696	0.926151
131.868	13.0313
135.039	11.1357
138.209	-4.76059
141.379	25.3424
144.547	13.4447
147.713	11.5462
150.879	21.647
154.043	-0.252956
157.206	7.8464
160.368	1.94505
163.529	10.043
166.689	-1.85979
169.848	8.23673
173.006	14.3326
176.163	0.427675
179.316	20.522
182.471	4.61577
185.625	-5.2912
188.777	12.8012
191.927	6.89275
195.077	10.9837
198.224	21.074
201.372	23.1636
204.52	7.25253
207.664	17.3407
210.809	7.42833
213.95	23.5152
217.091	1.6014
220.233	13.687
223.372	5.77188
226.509	5.8561
229.648	25.9397
232.784	22.0226
235.918	4.10489
239.051	2.1865
242.186	-5.73248
245.317	12.3478
248.447	16.4275
251.577	6.50656
254.705	-1.41503
257.832	12.6627
260.958	4.73988
264.083	8.8164
267.204	20.8922
270.327	14.9675
273.449	17.0421
276.57	5.11616
279.69	17.1896
282.806	19.2623
285.924	9.33449
289.04	15.4061
292.154	21.477
295.268	11.5473
298.379	7.61706
301.492	21.6862
304.601	19.7547
307.711	15.8227
310.818	17.89
313.924	25.9568
317.031	-17.977
320.135	24.0885
323.238	18.1535
326.34	6.21793
329.443	16.2818
332.543	8.34505
335.642	10.4077
338.74	4.46984
341.836	20.5314
344.932	16.5924
348.027	4.65277
351.12	0.71262
354.213	24.7719
357.302	8.83061
360.393	-5.11121
363.482	2.94641
366.57	3.00349
369.656	21.06
372.742	9.11597
375.827	5.17141
378.91	21.2263
381.993	7.28065
385.073	7.33444
388.154	7.38773
391.232	25.4405
394.311	13.4927
397.387	11.5444
400.462	3.59552
403.536	15.6461
406.611	9.69628
409.683	3.74587
412.754	5.79495
415.824	21.8435
418.893	23.8916
421.961	15.9391
425.027	-2.01386
428.093	22.0327
431.158	26.0787
434.222	16.1242
437.284	14.1693
440.346	16.2138
443.407	10.2578
446.464	20.3014
449.523	4.34444
452.581	16.387
455.635	24.4291
458.691	22.4707
461.743	-1.4882
464.797	26.5525
467.847	6.59261
470.899	4.63232
473.947	14.6715
476.994	20.7103
480.043	-5.25143
483.088	14.7864
486.133	10.8237
489.176	22.8606
492.22	22.8971
495.262	6.93304
498.302	12.9686
501.341	17.0036
504.38	15.0383
507.417	21.0724
510.453	3.10615
513.487	29.1394
516.521	15.1723
519.554	-0.795336
522.586	9.23663
525.616	7.26814
528.646	5.29924
531.675	11.3299
534.701	9.36014
537.729	-10.61
540.753	1.41932
543.778	19.4483
546.8	21.4768
549.821	-4.49506
552.844	21.5327
555.863	5.55993
558.881	5.58681
561.898	3.61327
564.916	11.6393
567.932	23.665
570.946	-10.3098
573.959	15.7151
576.971	11.7395
579.982	1.76358
582.993	13.7872
586	11.8105
589.008	11.8333
592.015	11.8558
595.022	13.8779
598.025	9.89961
601.029	13.9209
604.032	33.9419
607.033	17.9624
610.034	9.98261
613.032	8.00241
616.032	-3.97815
619.028	20.0409
622.023	22.0596
625.018	6.0779
628.013	14.0959
631.005	4.11346
633.997	20.1307
636.987	14.1476
639.977	10.1641
642.965	-7.81977
645.952	2.19603
648.939	20.2115
651.924	2.22659
654.909	18.2413
657.892	10.2558
660.873	12.2698
663.854	10.2835
666.835	4.29692
669.813	18.31
672.791	16.3227
675.767	18.335
678.743	14.3471
681.717	10.3588
684.692	12.3702
687.664	2.38122
690.634	6.39195
693.606	8.40236
696.575	-3.58755
699.543	20.4222
702.51	18.4317
705.475	8.44079
708.44	20.4496
711.404	20.4581
714.367	16.4663
717.329	14.4742
720.29	14.4818
723.25	2.48909
726.207	20.4961
729.166	8.50274
732.123	8.50913
735.077	22.5152
738.032	-3.479
740.984	18.5265
743.938	-3.4683
746.888	18.5366
749.839	20.5412
752.788	0.545592
755.735	18.5497
758.682	18.5534
761.627	2.55693
764.574	20.5601
767.517	12.5631
770.46	12.5658
773.402	28.5682
776.342	24.5703
779.282	8.57214
782.219	6.57373
785.157	2.57505
788.094	30.5761
791.029	0.576907
793.962	-5.42256
796.896	20.5777
799.828	28.5777
802.76	14.5775
805.689	16.577
808.619	18.5763
811.546	20.5753
814.473	0.574067
817.4	24.5726
820.324	24.5709
823.248	16.5689
826.17	6.56668
829.092	8.56424
832.012	16.5616
834.932	24.5586
837.851	2.55548
840.768	24.5521
843.685	38.5485
846.599	14.5446
849.514	32.5406
852.428	24.5363
855.339	4.53174
858.251	34.527
861.16	32.522
864.07	-3.48315
866.978	18.5115
869.884	24.5058
872.792	10.5
875.696	14.494
878.599	14.4877
881.502	10.4813
884.404	20.4746
887.304	20.4677
890.204	26.4607
893.103	8.45339
896.001	-1.55408
898.898	14.4383
901.794	18.4304
904.689	-3.57768
907.581	22.4141
910.474	22.4056
913.364	8.39698
916.256	16.3882
919.144	34.3791
922.034	-3.63006
924.92	2.36056
927.808	10.351
930.693	20.3413
933.576	2.33134
936.459	20.3212
939.341	16.311
942.222	2.30052
945.102	-3.7101
947.981	16.2791
950.859	10.2682
953.737	-1.74298
956.613	20.2457
959.488	18.2343
962.361	24.2227
965.235	8.21088
968.105	12.1989
970.977	10.1868
973.846	26.1746
976.716	12.1622
979.583	10.1496
982.449	16.1369
985.316	2.12405
988.18	26.111
991.043	10.0979
993.906	14.0846
996.767	8.07114
999.628	4.05755
1002.49	10.0438
1005.35	26.03
1008.2	24.016
1011.06	16.0018
1013.91	11.9875
1016.77	9.97313
1019.62	15.9586
1022.48	-8.05608
1025.33	13.9291
1028.18	19.9142
1031.03	15.8992
1033.87	9.88399
1036.72	7.86869
1039.57	9.85327
1042.41	1.83774
1045.26	23.8221
1048.1	25.8063
1050.94	21.7904
1053.78	15.7744
1056.62	37.7583
1059.46	7.74211
1062.3	-2.27422
1065.14	17.7094
1067.97	13.6928
1070.81	17.6762
1073.64	19.6594
1076.47	19.6426
1079.31	17.6256
1082.14	3.60857
1084.97	11.5914
1087.8	5.57418
1090.63	15.5569
1093.45	11.5394
1096.28	-8.47809
1099.1	3.5043
1101.93	11.4866
1104.75	-0.531178
1107.57	9.45095
1110.39	23.433
1113.21	3.41497
1116.03	19.3969
1118.85	3.37865
1121.66	13.3604
1124.48	13.342
1127.3	9.3236
1130.11	-0.694905
1132.92	11.2865
1135.73	11.2679
1138.54	-4.75083
1141.35	15.2304
1144.16	-0.788471
1146.97	9.19261
1149.78	11.1736
1152.58	9.1546
1155.39	3.13549
1158.19	9.11633
1161	13.0971
1163.8	13.0778
1166.6	3.05849
1169.4	9.03909
1172.2	17.0197
1174.99	3.00015
1177.79	12.9806
1180.59	-1.03899
1183.38	10.9414
1186.17	-5.07833
1188.97	14.9019
1191.76	28.8822
1194.55	20.8623
1197.34	6.84247
1200.13	-1.17743
1202.92	4.80262
1205.7	2.78266
1208.49	8.76264
1211.27	10.7426
1214.06	4.72251
1216.84	6.70239
1219.62	4.68226
1222.4	20.6621
1225.18	10.6419
1227.96	10.6217
1230.74	18.6014
1233.51	14.5811
1236.29	14.5608
1239.06	8.5405
1241.84	6.52016
1244.61	8.4998
1247.38	6.47942
1250.15	24.459
1252.92	4.43863
1255.69	8.4182
1258.46	6.39778
1261.23	16.3773
1263.99	0.356882
1266.76	12.3364
1269.52	10.3159
1272.28	18.2955
1275.05	10.275
1277.81	2.2545
1280.57	12.234
1283.33	4.21354
1286.08	-3.80695
1288.84	4.17256
1291.6	8.15208
1294.35	6.1316
1297.11	8.11114
1299.86	-3.90933
1302.61	22.0702
1305.36	0.0497659
1308.11	10.0293
1310.86	2.0089
1313.61	-4.01151
1316.36	19.9681
1319.1	-2.0523
1321.85	7.92734
1324.59	15.907
1327.33	-0.113345
1330.08	19.8663
1332.82	13.8461
1335.56	17.8258
1338.3	13.8055
1341.04	13.7853
1343.77	-2.23487
1346.51	1.74497
1349.25	11.7248
1351.98	7.70473
1354.71	-2.31536
1357.45	-4.3354
1360.18	5.6446
1362.91	13.6246
1365.64	-0.39533
1368.37	9.58477
1371.09	17.5649
1373.82	11.5451
1376.54	1.5253
1379.27	11.5056
1381.99	13.4858
1384.72	15.4662
1387.44	-0.553424
1390.16	13.427
1392.88	5.40749
1395.6	7.38801
1398.31	7.36859
1401.03	5.34922
1403.75	17.3299
1406.46	11.3106
1409.18	13.2914
1411.89	5.27226
1414.6	5.25316
1417.31	21.2341
1420.02	11.2151
1422.73	11.1962
1425.44	3.17734
1428.15	-4.84146
1430.85	21.1398
1433.56	11.1211
1436.26	-8.89749
1438.97	15.084
1441.67	19.0655
1444.37	25.0471
1447.07	9.02876
1449.77	19.0105
1452.47	16.9923
1455.16	-1.02582
1457.86	28.9561
1460.56	10.9382
1463.25	12.9203
1465.94	-13.0976
1468.64	2.8847
1471.33	0.867048
1474.02	-1.15054
1476.71	12.832
1479.4	4.81455
1482.09	8.79722
1484.77	6.77997
1487.46	6.76281
1490.14	0.745742
1492.83	16.7288
1495.51	6.71186
1498.19	12.6951
1500.87	4.67835
1503.55	8.66172
1506.23	14.6452
1508.91	0.628763
1511.59	10.6124
1514.27	10.5962
1516.94	10.58
1519.62	2.56399
1522.29	6.54805
1524.96	10.5322
1527.63	-5.48354
1530.3	-1.49918
1532.97	2.48528
1535.64	4.46985
1538.31	8.45452
1540.98	6.43931
1543.64	16.4242
1546.31	12.4092
1548.97	26.3943
1551.63	12.3795
1554.3	16.3648
1556.96	8.35029
1559.62	12.3358
1562.28	0.321523
1564.94	2.30731
1567.59	4.29322
1570.25	0.279239
1572.9	12.2654
1575.56	-1.74836
1578.21	-3.76197
1580.86	6.22453
1583.52	16.2112
1586.17	12.1979
1588.82	4.18478
1591.47	14.1718
1594.11	-1.84109
1596.76	8.14617
1599.41	4.13356
1602.05	14.1211
1604.69	14.1087
1607.34	2.09649
1609.98	0.0843976
1612.62	6.07244
1615.26	12.0606
1617.9	12.0489
1620.54	-5.96263
1623.18	22.026
1625.81	-1.98532
1628.45	0.00355013
1631.08	9.99256
1633.72	1.9817
1636.35	1.97099
1638.98	7.96042
1641.61	7.94999
1644.24	7.93971
1646.87	17.9296
1649.5	13.9196
1652.13	3.90974
1654.75	5.90005
1657.38	7.89051
1660	-2.11889
1662.63	15.8719
1665.25	-12.1372
1667.87	-2.14616
1670.49	1.84506
1673.11	-0.163571
1675.73	11.828
1678.35	5.81964
1680.96	17.8115
1683.58	5.80349
1686.19	9.79564
1688.81	3.78796
1691.42	3.78045
1694.03	3.77309
1696.64	3.7659
1699.25	-0.241133
1701.87	21.752
1704.47	3.7453
1707.08	3.73877
1709.69	7.7324
1712.29	5.7262
1714.9	25.7202
1717.5	13.7143
1720.1	11.7086
1722.71	9.70312
1725.31	7.69777
1727.91	7.6926
1730.51	-8.31239
1733.1	7.68279
1735.7	25.6781
1738.3	5.67368
1740.89	7.66939
1743.49	1.66528
1746.08	5.66135
1748.67	7.65759
1751.26	9.65403
1753.86	23.6506
1756.45	9.64743
1759.03	19.6444
1761.62	19.6416
1764.21	1.63892
1766.8	-0.363544
1769.38	-4.36582
1771.97	1.63209
1774.55	11.6302
1777.13	1.62847
1779.71	5.62695
1782.29	19.6256
1784.87	21.6245
1787.45	9.62353
1790.03	7.62278
1792.61	-8.37778
1795.18	7.62185
1797.76	-0.378315
1800.33	7.62171
1802.9	15.6219
1805.48	17.6224
1808.05	1.62299
1810.62	15.6238
1813.19	17.6248
1815.76	11.6261
1818.33	11.6275
1820.89	9.62912
1823.46	5.63096
1826.02	-0.366999
1828.59	11.6352
1831.15	13.6377
1833.71	13.6404
1836.27	1.64322
1838.84	15.6463
1841.39	5.64958
1843.95	-12.3469
1846.51	21.6568
1849.07	39.6607
1851.62	5.66483
1854.18	17.6692
1856.73	5.67373
1859.29	17.6785
1861.84	13.6835
1864.39	15.6887
1866.94	-0.305881
1869.49	7.69976
1872.04	3.70561
1874.59	3.71169
1877.13	1.71799
1879.68	5.7245
1882.22	9.73124
1884.77	9.7382
1887.31	13.7454
1889.85	5.75279
1892.39	9.76042
1894.93	1.76828
1897.47	13.7764
1900.01	-4.21532
1902.55	15.7932
1905.09	-4.19802
1907.62	13.811
1910.16	21.8202
1912.69	17.8296
1915.22	13.8393
1917.76	3.84924
1920.29	11.8594
1922.82	-2.13022
1925.35	23.8804
1927.88	1.89124
1930.4	7.90233
1932.93	5.91365
1935.46	9.92521
1937.98	1.937
1940.51	13.949
1943.03	19.9613
1945.55	-2.02618
1948.07	7.98658
1950.59	11.9996
1953.11	12.0128
1955.63	4.02628
1958.15	2.03999
1960.67	10.054
1963.18	14.0682
1965.7	12.0826
1968.21	10.0973
1970.73	2.11226
1973.24	20.1275
1975.75	2.14288
1978.26	8.15858
1980.77	20.1745
1983.28	10.1907
1985.79	-3.79287
1988.29	12.2238
1990.8	-1.75924
1993.31	10.258
1995.81	8.2754
1998.31	8.29309
