100.093	11.8322
103.274	15.9169
106.457	16.0012
109.636	12.0849
112.817	20.1683
115.994	6.25107
119.172	6.33348
122.347	8.41537
125.521	12.4968
128.696	10.5778
131.868	6.65833
135.039	10.7384
138.209	8.81798
141.379	0.897171
144.547	16.9759
147.713	-8.9459
150.879	-2.86811
154.043	7.20923
157.206	7.28613
160.368	15.3626
163.529	7.43859
166.689	15.5141
169.848	-2.41073
173.006	5.66396
176.163	3.73821
179.316	9.81197
182.471	13.8853
185.625	3.95828
188.777	8.03079
191.927	2.10282
195.077	18.1745
198.224	4.24565
201.372	14.3164
204.52	16.3868
207.664	18.4567
210.809	-1.47376
213.95	16.5953
217.091	0.663941
220.233	12.7322
223.372	22.8
226.509	6.86741
229.648	2.93443
232.784	9.00099
235.918	5.06715
239.051	9.1329
242.186	3.19828
245.317	5.26321
248.447	15.3277
251.577	7.39186
254.705	3.45558
257.832	-2.4811
260.958	21.5818
264.083	19.6443
267.204	13.7064
270.327	5.76816
273.449	7.8295
276.57	-0.109559
279.69	9.95099
282.806	6.01112
285.924	28.0709
289.04	22.1303
292.154	2.18924
295.268	14.2479
298.379	2.30605
301.492	10.3639
304.601	6.42134
307.711	16.4784
310.818	10.5351
313.924	8.59141
317.031	12.6474
320.135	-3.29708
323.238	4.7581
326.34	24.8129
329.443	2.86739
332.543	12.9215
335.642	8.97517
338.74	-0.971493
341.836	19.0815
344.932	13.1341
348.027	-6.81365
351.12	7.23824
354.213	3.28977
357.302	25.3409
360.393	11.3917
363.482	11.4422
366.57	13.4923
369.656	19.542
372.742	7.59142
375.827	19.6405
378.91	19.6891
381.993	-12.2625
385.073	5.78549
388.154	-2.16684
391.232	3.88045
394.311	-4.07257
397.387	5.97404
400.462	10.0203
403.536	20.0662
406.611	24.1119
409.683	14.1571
412.754	16.2021
415.824	10.2467
418.893	8.29091
421.961	10.3348
425.027	6.37844
428.093	10.4217
431.158	14.4647
434.222	-7.49272
437.284	0.549575
440.346	6.59155
443.407	2.6332
446.464	2.6745
449.523	22.7155
452.581	8.7562
455.635	0.796551
458.691	2.83661
461.743	12.8763
464.797	6.91576
467.847	12.9549
470.899	8.99366
473.947	3.03214
476.994	5.0703
480.043	7.10818
483.088	-6.85426
486.133	-4.81702
489.176	7.21993
492.22	13.2566
495.262	7.29294
498.302	7.32898
501.341	17.3647
504.38	7.40017
507.417	15.4353
510.453	1.47017
513.487	11.5047
516.521	-0.461027
519.554	9.57295
522.586	-6.39336
525.616	3.64001
528.646	15.6731
531.675	5.70594
534.701	17.7385
537.729	21.7707
540.753	-0.197345
543.778	5.83434
546.8	-6.13427
549.821	1.89683
552.844	13.9277
555.863	3.95823
558.881	17.9885
561.898	0.0185034
564.916	-1.95175
567.932	10.0777
570.946	8.10688
573.959	-5.86421
576.971	10.1644
579.982	0.192807
582.993	16.2209
586	16.2487
589.008	6.27631
592.015	-11.6964
595.022	-3.66933
598.025	4.35745
601.029	10.384
604.032	4.41024
607.033	12.4362
610.034	18.462
613.032	18.4875
616.032	-1.48728
619.028	26.5377
622.023	0.56242
625.018	14.5869
628.013	-5.38887
631.005	18.6351
633.997	14.6588
636.987	4.68231
639.977	10.7055
642.965	2.72853
645.952	12.7513
648.939	-3.22622
651.924	-1.20396
654.909	-1.18194
657.892	12.8398
660.873	2.86138
663.854	18.8827
666.835	4.90376
669.813	20.9246
672.791	4.94519
675.767	-1.03445
678.743	-5.01431
681.717	7.00559
684.692	11.0253
687.664	17.0447
690.634	25.0639
693.606	1.08292
696.575	13.1017
699.543	13.1202
702.51	11.1385
705.475	-4.84337
708.44	7.17451
711.404	11.1922
714.367	13.2096
717.329	15.2268
720.29	7.24382
723.25	19.2606
726.207	15.2772
729.166	23.2935
732.123	1.30967
735.077	11.3256
738.032	15.3413
740.984	5.35683
743.938	19.3721
746.888	9.38723
749.839	1.40212
752.788	27.4168
755.735	3.43128
758.682	21.4456
761.627	15.4596
764.574	-0.526498
767.517	1.48717
770.46	13.5006
773.402	11.5139
776.342	15.527
779.282	21.5399
782.219	-2.44744
785.157	13.5651
788.094	7.57735
791.029	11.5895
793.962	11.6014
796.896	3.6131
799.828	-0.375372
802.76	3.63598
805.689	7.64714
808.619	13.6581
811.546	25.6689
814.473	3.67951
817.4	9.68993
820.324	21.7002
823.248	5.71023
826.17	21.7201
829.092	9.72981
832.012	-2.26067
834.932	5.74867
837.851	17.7578
840.768	19.7668
843.685	23.7757
846.599	23.7843
849.514	19.7928
852.428	7.80108
855.339	25.8092
858.251	9.81717
861.16	17.825
864.07	3.83259
866.978	19.84
869.884	13.8473
872.792	13.8545
875.696	17.8614
878.599	15.8682
881.502	7.87488
884.404	11.8814
887.304	3.88768
890.204	9.89385
893.103	3.89985
896.001	19.9057
898.898	5.91139
901.794	5.91693
904.689	17.9223
907.581	9.92754
910.474	13.9326
913.364	9.93754
916.256	5.94232
919.144	25.9469
922.034	11.9514
924.92	1.95575
927.808	23.9599
930.693	7.96397
933.576	7.96786
936.459	-2.02839
939.341	5.97521
942.222	7.97867
945.102	5.982
947.981	-0.0148224
950.859	15.9882
953.737	23.9911
956.613	17.9939
959.488	5.99652
962.361	9.99901
965.235	10.0014
968.105	2.0036
970.977	4.00569
973.846	8.00765
976.716	2.00948
979.583	18.0112
982.449	16.0127
985.316	6.01419
988.18	4.0155
991.043	8.01668
993.906	8.01774
996.767	-5.98132
999.628	2.01949
1002.49	4.02018
1005.35	10.0207
1008.2	16.0212
1011.06	18.0215
1013.91	16.0217
1016.77	14.0218
1019.62	2.02176
1022.48	8.02161
1025.33	6.02134
1028.18	8.02096
1031.03	-3.97954
1033.87	2.01985
1036.72	6.01913
1039.57	12.0183
1042.41	16.0173
1045.26	20.0163
1048.1	20.0151
1050.94	8.01385
1053.78	20.0125
1056.62	0.0109719
1059.46	8.00938
1062.3	2.00767
1065.14	6.00587
1067.97	8.00396
1070.81	20.0019
1073.64	13.9998
1076.47	3.99762
1079.31	19.9953
1082.14	-2.00711
1084.97	19.9904
1087.8	3.98777
1090.63	17.9851
1093.45	13.9823
1096.28	11.9794
1099.1	3.97636
1101.93	11.9733
1104.75	15.9701
1107.57	-2.03317
1110.39	21.9635
1113.21	5.96001
1116.03	-6.04353
1118.85	1.95284
1121.66	9.94912
1124.48	13.9453
1127.3	9.94142
1130.11	7.93744
1132.92	3.93338
1135.73	7.92924
1138.54	3.92501
1141.35	27.9207
1144.16	3.9163
1146.97	-2.08817
1149.78	3.90727
1152.58	13.9026
1155.39	15.8979
1158.19	9.89314
1161	7.88828
1163.8	21.8833
1166.6	13.8783
1169.4	5.87323
1172.2	9.86807
1174.99	5.86283
1177.79	-10.1425
1180.59	1.85214
1183.38	17.8467
1186.17	5.84117
1188.97	1.83558
1191.76	9.82992
1194.55	23.8242
1197.34	7.81841
1200.13	17.8125
1202.92	7.80663
1205.7	17.8006
1208.49	11.7946
1211.27	9.78848
1214.06	9.7823
1216.84	5.77607
1219.62	-6.23023
1222.4	7.76341
1225.18	11.757
1227.96	-0.249476
1230.74	-0.256011
1233.51	21.7374
1236.29	15.7308
1239.06	13.7241
1241.84	1.7173
1244.61	5.71049
1247.38	11.7036
1250.15	9.69672
1252.92	11.6898
1255.69	11.6827
1258.46	3.67567
1261.23	3.66855
1263.99	25.6614
1266.76	19.6542
1269.52	3.64692
1272.28	3.63961
1275.05	5.63226
1277.81	15.6249
1280.57	13.6174
1283.33	-4.39007
1286.08	1.6024
1288.84	11.5948
1291.6	7.58722
1294.35	1.57957
1297.11	1.57188
1299.86	11.5641
1302.61	5.55637
1305.36	13.5486
1308.11	3.54072
1310.86	5.53284
1313.61	-2.47508
1316.36	3.51696
1319.1	3.50898
1321.85	13.501
1324.59	17.4929
1327.33	13.4848
1330.08	-0.523305
1332.82	11.4685
1335.56	13.4604
1338.3	15.4522
1341.04	3.44392
1343.77	9.43565
1346.51	-2.57264
1349.25	19.419
1351.98	7.41069
1354.71	17.4023
1357.45	7.39392
1360.18	-8.6145
1362.91	7.37705
1365.64	-0.631414
1368.37	-8.6399
1371.09	9.35159
1373.82	13.3431
1376.54	17.3345
1379.27	19.3259
1381.99	11.3173
1384.72	9.30874
1387.44	17.3001
1390.16	-8.70853
1392.88	3.28281
1395.6	11.2741
1398.31	5.26545
1401.03	3.25675
1403.75	13.248
1406.46	17.2393
1409.18	9.23056
1411.89	-0.778188
1414.6	13.213
1417.31	5.20428
1420.02	-0.804502
1422.73	15.1867
1425.44	7.1779
1428.15	5.1691
1430.85	1.16028
1433.56	1.15147
1436.26	-0.857363
1438.97	9.13381
1441.67	5.12497
1444.37	11.1161
1447.07	-2.8927
1449.77	17.0985
1452.47	11.0896
1455.16	17.0808
1457.86	5.07191
1460.56	19.0631
1463.25	17.0542
1465.94	9.04537
1468.64	5.03652
1471.33	-2.97232
1474.02	13.0188
1476.71	-4.98999
1479.4	7.00117
1482.09	10.9923
1484.77	4.98353
1487.46	18.9747
1490.14	-3.03409
1492.83	22.9571
1495.51	2.94832
1498.19	12.9395
1500.87	4.93077
1503.55	4.922
1506.23	-1.08675
1508.91	2.90451
1511.59	12.8958
1514.27	12.8871
1516.94	10.8784
1519.62	10.8697
1522.29	-3.13901
1524.96	-1.14767
1527.63	8.84368
1530.3	-3.16495
1532.97	12.8264
1535.64	18.8178
1538.31	12.8093
1540.98	20.8007
1543.64	-1.20785
1546.31	-5.21637
1548.97	-5.22487
1551.63	8.76665
1554.3	-1.24182
1556.96	6.74974
1559.62	2.74133
1562.28	4.73293
1564.94	6.72456
1567.59	2.71622
1570.25	8.70789
1572.9	-13.3004
1575.56	4.69132
1578.21	6.68308
1580.86	2.67486
1583.52	8.66667
1586.17	-1.34149
1588.82	-5.34963
1591.47	6.64227
1594.11	14.6342
1596.76	8.62615
1599.41	-3.38186
1602.05	22.6102
1604.69	10.6022
1607.34	20.5943
1609.98	8.5864
1612.62	14.5786
1615.26	-1.42927
1617.9	10.563
1620.54	6.55521
1623.18	10.5475
1625.81	16.5398
1628.45	18.5322
1631.08	-1.47541
1633.72	6.51702
1636.35	22.5095
1638.98	10.502
1641.61	12.4946
1644.24	8.48717
1646.87	12.4798
1649.5	8.47248
1652.13	4.4652
1654.75	4.45796
1657.38	12.4508
1660	14.4436
1662.63	6.43651
1665.25	12.4294
1667.87	8.42243
1670.49	18.4155
1673.11	10.4085
1675.73	0.40165
1678.35	-1.60518
1680.96	0.388031
1683.58	12.3813
1686.19	20.3746
1688.81	10.368
1691.42	10.3614
1694.03	12.3548
1696.64	6.34835
1699.25	0.341916
1701.87	4.33553
1704.47	-5.67081
1707.08	-1.67709
1709.69	8.31669
1712.29	16.3105
1714.9	-3.6956
1717.5	10.2983
1720.1	10.2923
1722.71	10.2864
1725.31	8.28048
1727.91	0.274635
1730.51	24.2689
1733.1	18.2631
1735.7	8.25746
1738.3	18.2519
1740.89	18.2463
1743.49	10.2408
1746.08	4.23539
1748.67	4.23003
1751.26	8.22472
1753.86	12.2195
1756.45	10.2143
1759.03	8.20918
1761.62	2.20412
1764.21	6.19913
1766.8	16.1942
1769.38	12.1893
1771.97	8.18454
1774.55	14.1798
1777.13	12.1751
1779.71	20.1705
1782.29	0.16602
1784.87	12.1616
1787.45	22.1572
1790.03	4.15283
1792.61	6.14857
1795.18	14.1444
1797.76	14.1403
1800.33	0.136217
1802.9	4.13224
1805.48	20.1283
1808.05	10.1245
1810.62	6.12074
1813.19	8.11705
1815.76	4.11343
1818.33	-5.89011
1820.89	0.106421
1823.46	10.103
1826.02	-3.90029
1828.59	8.09647
1831.15	10.0933
1833.71	-3.90979
1836.27	8.0872
1838.84	6.08426
1841.39	16.0814
1843.95	4.07862
1846.51	8.07592
1849.07	18.0733
1851.62	16.0708
1854.18	18.0683
1856.73	4.06591
1859.29	12.0636
1861.84	4.06139
1864.39	18.0593
1866.94	12.0572
1869.49	8.05523
1872.04	4.05334
1874.59	8.05153
1877.13	12.0498
1879.68	2.04817
1882.22	16.0466
1884.77	-1.95485
1887.31	4.04377
1889.85	0.042478
1892.39	-3.95873
1894.93	14.0401
1897.47	6.03911
1900.01	14.0382
1902.55	14.0373
1905.09	16.0365
1907.62	4.03586
1910.16	22.0353
1912.69	18.0348
1915.22	6.03437
1917.76	2.03405
1920.29	12.0338
1922.82	8.03368
1925.35	16.0336
1927.88	14.0337
1930.4	14.0338
1932.93	14.0341
1935.46	-7.9656
1937.98	14.0348
1940.51	18.0353
1943.03	4.03596
1945.55	-7.96333
1948.07	6.03747
1950.59	20.0384
1953.11	10.0394
1955.63	24.0405
1958.15	4.04166
1960.67	6.04295
1963.18	12.0443
1965.7	10.0458
1968.21	6.04741
1970.73	-7.9509
1973.24	8.05089
1975.75	24.0528
1978.26	18.0548
1980.77	4.05685
1983.28	8.05904
1985.79	12.0613
1988.29	8.06372
1990.8	8.06622
1993.31	8.06882
1995.81	22.0715
1998.31	18.0743
