100.093	13.9687
103.274	11.9964
106.457	8.02385
109.636	26.0511
112.817	12.0782
115.994	14.1052
119.172	20.1319
122.347	6.15849
125.521	10.1849
128.696	18.2111
131.868	22.2372
135.039	18.2631
138.209	0.288756
141.379	22.3143
144.547	14.3397
147.713	12.3649
150.879	6.3899
154.043	28.4148
157.206	8.43945
160.368	14.464
163.529	12.4883
166.689	12.5125
169.848	14.5366
173.006	10.5604
176.163	10.5841
179.316	10.6077
182.471	6.63103
185.625	4.65425
188.777	6.6773
191.927	-7.29982
195.077	12.7229
198.224	8.74548
201.372	4.7679
204.52	6.79016
207.664	0.812246
210.809	2.83419
213.95	2.85597
217.091	8.87759
220.233	18.8991
223.372	8.92039
226.509	4.94155
229.648	10.9626
232.784	14.9834
235.918	3.00414
239.051	11.0247
242.186	-6.95488
245.317	17.0654
248.447	13.0855
251.577	29.1054
254.705	13.1253
257.832	9.14492
260.958	15.1644
264.083	7.18382
267.204	17.203
270.327	3.22212
273.449	9.24107
276.57	11.2599
279.69	7.27852
282.806	-0.702973
285.924	-4.6846
289.04	-0.666364
292.154	-4.64828
295.268	21.3697
298.379	21.3875
301.492	13.4052
304.601	9.42268
307.711	3.44009
310.818	13.4573
313.924	13.4745
317.031	17.4915
320.135	25.5083
323.238	3.52503
326.34	7.54162
329.443	5.55808
332.543	7.5744
335.642	5.59059
338.74	13.6066
341.836	13.6226
344.932	11.6384
348.027	9.65404
351.12	11.6696
354.213	7.685
357.302	9.70027
360.393	21.7154
363.482	3.73047
366.57	3.74538
369.656	3.76015
372.742	9.77481
375.827	13.7893
378.91	5.80375
381.993	11.818
385.073	9.83219
388.154	-4.15376
391.232	31.8602
394.311	13.874
397.387	7.88764
400.462	1.9012
403.536	1.91464
406.611	5.92797
409.683	-0.0588284
412.754	9.95426
415.824	17.9672
418.893	1.98009
421.961	9.99283
425.027	10.0055
428.093	12.018
431.158	-5.96963
434.222	20.0427
437.284	16.0548
440.346	6.06689
443.407	6.07884
446.464	10.0907
449.523	2.10241
452.581	4.11403
455.635	8.12553
458.691	6.13694
461.743	2.14823
464.797	8.15942
467.847	24.1705
470.899	2.18147
473.947	2.19233
476.994	2.20309
480.043	14.2138
483.088	0.224308
486.133	14.2348
489.176	8.2451
492.22	4.25535
495.262	-3.73451
498.302	0.275532
501.341	14.2855
504.38	20.2953
507.417	-1.69495
510.453	16.3147
513.487	2.32423
516.521	-5.66633
519.554	4.34302
522.586	10.3523
525.616	4.36142
528.646	14.3705
531.675	0.379443
534.701	0.388306
537.729	0.39708
540.753	6.40576
543.778	4.41434
546.8	2.42283
549.821	16.4312
552.844	0.439541
555.863	4.44776
558.881	-5.54412
561.898	12.4639
564.916	12.4719
567.932	8.47972
570.946	0.487489
573.959	12.4952
576.971	6.50276
579.982	12.5103
582.993	0.517686
586	4.52501
589.008	-7.46774
592.015	0.539426
595.022	14.5465
598.025	4.5535
601.029	0.560407
604.032	-1.43276
607.033	14.574
610.034	4.58064
613.032	4.58722
616.032	14.5937
619.028	18.6001
622.023	4.60648
625.018	0.612743
628.013	0.618928
631.005	0.62503
633.997	4.63105
636.987	18.637
639.977	6.64287
642.965	-5.35133
645.952	12.6544
648.939	12.66
651.924	12.6656
654.909	12.6711
657.892	16.6765
660.873	8.68186
663.854	2.68713
666.835	16.6923
669.813	18.6975
672.791	24.7025
675.767	6.7075
678.743	6.71242
681.717	14.7173
684.692	6.72204
687.664	12.7268
690.634	4.73139
693.606	12.736
696.575	6.74046
699.543	28.7449
702.51	14.7493
705.475	-3.24643
708.44	16.7578
711.404	-1.23802
714.367	4.76608
717.329	12.7701
720.29	14.7741
723.25	16.778
726.207	10.7819
729.166	18.7857
732.123	2.78939
735.077	2.79306
738.032	14.7967
740.984	26.8002
743.938	6.80369
746.888	8.80712
749.839	8.81048
752.788	30.8138
755.735	8.81704
758.682	10.8202
761.627	4.82336
764.574	20.8264
767.517	0.829461
770.46	8.83243
773.402	2.83533
776.342	4.83819
779.282	-1.15901
782.219	4.84373
785.157	18.8464
788.094	24.8491
791.029	2.85165
793.962	16.8542
796.896	20.8567
799.828	6.85909
802.76	16.8615
805.689	4.8638
808.619	6.86608
811.546	12.8683
814.473	14.8705
817.4	12.8726
820.324	24.8747
823.248	14.8767
826.17	10.8787
829.092	14.8807
832.012	20.8825
834.932	0.884396
837.851	20.8862
840.768	8.88795
843.685	4.88966
846.599	10.8913
849.514	10.893
852.428	8.89453
855.339	10.8961
858.251	14.8976
861.16	10.899
864.07	2.90042
866.978	0.90179
869.884	10.9031
872.792	2.9044
875.696	12.9056
878.599	4.90686
881.502	0.908023
884.404	18.9092
887.304	12.9102
890.204	6.91129
893.103	16.9123
896.001	4.91328
898.898	24.9142
901.794	8.91513
904.689	8.916
907.581	6.91683
910.474	20.9176
913.364	2.91839
916.256	2.91912
919.144	-1.08019
922.034	0.920476
924.92	14.9211
927.808	4.9217
930.693	18.9223
933.576	2.92279
936.459	-5.07671
939.341	22.9238
942.222	2.9242
945.102	8.92461
947.981	4.92499
950.859	-3.07466
953.737	24.9257
956.613	24.926
959.488	12.9262
962.361	2.92645
965.235	14.9267
968.105	-3.07316
970.977	14.927
973.846	10.9271
976.716	6.92723
979.583	4.92731
982.449	-5.07264
985.316	-5.07261
988.18	4.92739
991.043	-3.07263
993.906	-5.07267
996.767	16.9273
999.628	8.92717
1002.49	2.92706
1005.35	16.9269
1008.2	10.9268
1011.06	18.9266
1013.91	4.9264
1016.77	2.92618
1019.62	-5.07406
1022.48	14.9257
1025.33	22.9254
1028.18	6.92512
1031.03	0.924804
1033.87	-5.07553
1036.72	6.92412
1039.57	4.92376
1042.41	8.92338
1045.26	20.923
1048.1	-1.07744
1050.94	16.9221
1053.78	8.92168
1056.62	20.9212
1059.46	20.9207
1062.3	-1.07975
1065.14	2.91975
1067.97	12.9192
1070.81	10.9187
1073.64	8.91816
1076.47	18.9176
1079.31	8.91703
1082.14	20.9165
1084.97	20.9159
1087.8	18.9153
1090.63	10.9146
1093.45	4.91402
1096.28	4.91338
1099.1	18.9127
1101.93	4.91209
1104.75	0.911429
1107.57	-3.08924
1110.39	18.9101
1113.21	6.9094
1116.03	8.9087
1118.85	14.908
1121.66	2.9073
1124.48	-1.09342
1127.3	2.90587
1130.11	12.9051
1132.92	-1.09559
1135.73	2.90368
1138.54	12.9029
1141.35	8.9022
1144.16	6.90145
1146.97	2.9007
1149.78	-1.10006
1152.58	2.89919
1155.39	12.8984
1158.19	6.89767
1161	-1.1031
1163.8	10.8961
1166.6	12.8954
1169.4	16.8946
1172.2	4.89384
1174.99	14.8931
1177.79	4.89231
1180.59	14.8915
1183.38	12.8908
1186.17	-1.10998
1188.97	0.889255
1191.76	6.88849
1194.55	-1.11226
1197.34	16.887
1200.13	2.88623
1202.92	6.88548
1205.7	6.88474
1208.49	6.884
1211.27	0.883261
1214.06	14.8825
1216.84	8.8818
1219.62	14.8811
1222.4	0.880365
1225.18	6.87965
1227.96	2.87895
1230.74	18.8783
1233.51	8.87756
1236.29	-5.12312
1239.06	2.87621
1241.84	-3.12446
1244.61	6.87488
1247.38	14.8742
1250.15	14.8736
1252.92	6.87296
1255.69	20.8723
1258.46	2.87172
1261.23	30.8711
1263.99	2.87052
1266.76	0.869943
1269.52	4.86937
1272.28	26.8688
1275.05	4.86827
1277.81	10.8677
1280.57	-1.13279
1283.33	0.866699
1286.08	-3.1338
1288.84	-7.13428
1291.6	6.86525
1294.35	10.8648
1297.11	-1.13565
1299.86	0.863923
1302.61	4.86351
1305.36	4.86311
1308.11	14.8627
1310.86	14.8624
1313.61	2.86202
1316.36	2.86168
1319.1	14.8614
1321.85	-3.13893
1324.59	16.8608
1327.33	12.8605
1330.08	8.86027
1332.82	-1.13996
1335.56	4.85983
1338.3	6.85964
1341.04	4.85947
1343.77	16.8593
1346.51	12.8592
1349.25	14.8591
1351.98	10.859
1354.71	4.85891
1357.45	6.85886
1360.18	14.8588
1362.91	6.85882
1365.64	6.85883
1368.37	6.85887
1371.09	18.8589
1373.82	-9.14099
1376.54	16.8591
1379.27	6.85924
1381.99	10.8594
1384.72	28.8596
1387.44	6.85976
1390.16	2.85998
1392.88	8.86023
1395.6	14.8605
1398.31	-3.1392
1401.03	-5.13887
1403.75	-3.13853
1406.46	8.86185
1409.18	6.86225
1411.89	10.8627
1414.6	14.8631
1417.31	0.863618
1420.02	18.8641
1422.73	2.86467
1425.44	2.86523
1428.15	6.86583
1430.85	-1.13355
1433.56	8.8671
1436.26	14.8678
1438.97	14.8685
1441.67	12.8692
1444.37	2.87
1447.07	8.8708
1449.77	10.8716
1452.47	10.8725
1455.16	-1.12661
1457.86	4.87432
1460.56	6.87527
1463.25	16.8763
1465.94	6.87728
1468.64	12.8783
1471.33	14.8794
1474.02	10.8805
1476.71	0.881688
1479.4	8.88287
1482.09	2.88409
1484.77	18.8853
1487.46	10.8866
1490.14	0.887956
1492.83	6.88931
1495.51	2.89071
1498.19	2.89213
1500.87	10.8936
1503.55	2.89509
1506.23	0.896631
1508.91	-1.1018
1511.59	8.89981
1514.27	2.90146
1516.94	18.9031
1519.62	12.9049
1522.29	-3.09338
1524.96	18.9084
1527.63	4.91025
1530.3	4.91212
1532.97	6.91403
1535.64	8.91598
1538.31	8.91797
1540.98	16.92
1543.64	8.92207
1546.31	14.9242
1548.97	18.9263
1551.63	6.92851
1554.3	18.9307
1556.96	2.93301
1559.62	0.935327
1562.28	10.9377
1564.94	26.9401
1567.59	20.9425
1570.25	16.945
1572.9	8.94752
1575.56	2.95008
1578.21	0.952689
1580.86	24.9553
1583.52	2.95804
1586.17	10.9608
1588.82	8.96356
1591.47	2.96638
1594.11	4.96925
1596.76	-3.02783
1599.41	8.97513
1602.05	8.97814
1604.69	20.9812
1607.34	4.98428
1609.98	20.9874
1612.62	-5.00938
1615.26	-5.00615
1617.9	-1.00287
1620.54	7.00046
1623.18	17.0038
1625.81	15.0073
1628.45	7.01073
1631.08	11.0142
1633.72	5.01781
1636.35	15.0214
1638.98	1.02509
1641.61	-0.971199
1644.24	3.03256
1646.87	11.0364
1649.5	9.04023
1652.13	3.04414
1654.75	21.0481
1657.38	15.0521
1660	5.05616
1662.63	15.0603
1665.25	7.06443
1667.87	5.06864
1670.49	-4.9271
1673.11	9.07722
1675.73	9.08158
1678.35	19.086
1680.96	5.09047
1683.58	17.095
1686.19	9.09956
1688.81	11.1042
1691.42	7.10887
1694.03	-8.8864
1696.64	15.1184
1699.25	7.12322
1701.87	23.1281
1704.47	3.13307
1707.08	13.1381
1709.69	15.1431
1712.29	23.1482
1714.9	9.1534
1717.5	5.15862
1720.1	13.1639
1722.71	21.1692
1725.31	3.17461
1727.91	13.1801
1730.51	15.1856
1733.1	11.1911
1735.7	13.1967
1738.3	7.20239
1740.89	11.2081
1743.49	3.2139
1746.08	3.21974
1748.67	-0.774358
1751.26	13.2316
1753.86	7.23761
1756.45	19.2437
1759.03	1.24981
1761.62	-6.74399
1764.21	21.2623
1766.8	11.2686
1769.38	7.27493
1771.97	13.2814
1774.55	11.2878
1777.13	15.2944
1779.71	9.30099
1782.29	5.30766
1784.87	19.3144
1787.45	13.3212
1790.03	-2.67198
1792.61	7.33493
1795.18	9.3419
1797.76	-2.65106
1800.33	11.356
1802.9	19.3632
1805.48	1.3704
1808.05	9.37768
1810.62	13.385
1813.19	17.3924
1815.76	3.3999
1818.33	3.40744
1820.89	27.415
1823.46	-4.57731
1826.02	1.43041
1828.59	9.4382
1831.15	11.446
1833.71	9.45396
1836.27	7.46194
1838.84	3.46998
1841.39	11.4781
1843.95	1.48627
1846.51	21.4945
1849.07	9.5028
1851.62	3.51117
1854.18	17.5196
1856.73	5.52811
1859.29	-4.46332
1861.84	11.5453
1864.39	9.55401
1866.94	7.56278
1869.49	23.5716
1872.04	13.5805
1874.59	15.5895
1877.13	7.59852
1879.68	17.6076
1882.22	25.6168
1884.77	13.626
1887.31	19.6353
1889.85	11.6447
1892.39	15.6541
1894.93	21.6637
1897.47	11.6732
1900.01	9.68289
1902.55	7.69261
1905.09	19.7024
1907.62	13.7123
1910.16	7.72218
1912.69	-0.267819
1915.22	-10.2577
1917.76	21.7524
1920.29	5.7626
1922.82	3.77287
1925.35	3.78323
1927.88	13.7936
1930.4	1.80414
1932.93	11.8147
1935.46	17.8253
1937.98	17.836
1940.51	11.8468
1943.03	11.8577
1945.55	9.86859
1948.07	9.87959
1950.59	13.8907
1953.11	3.9018
1955.63	15.913
1958.15	9.92429
1960.67	7.93565
1963.18	9.94708
1965.7	-2.04141
1968.21	7.97017
1970.73	15.9818
1973.24	7.99355
1975.75	10.0053
1978.26	6.01723
1980.77	20.0292
1983.28	10.0412
1985.79	4.0533
1988.29	14.0655
1990.8	12.0777
1993.31	10.0901
1995.81	22.1025
1998.31	12.1149
