100.093	7.81824
103.274	11.8657
106.457	9.91301
109.636	1.96014
112.817	6.00715
115.994	22.054
119.172	2.10067
122.347	12.1472
125.521	-1.80647
128.696	12.2398
131.868	12.2858
135.039	24.3317
138.209	12.3774
141.379	6.42306
144.547	16.4685
147.713	0.513768
150.879	10.5589
154.043	-3.39614
157.206	6.64868
160.368	-1.30666
163.529	4.73785
166.689	16.7822
169.848	12.8264
173.006	14.8705
176.163	12.9144
179.316	14.9581
182.471	17.0017
185.625	15.0451
188.777	11.0884
191.927	3.13153
195.077	5.17452
198.224	-0.782674
201.372	19.26
204.52	-0.697452
207.664	3.3449
210.809	21.3871
213.95	17.4292
217.091	1.47109
220.233	9.51288
223.372	3.55448
226.509	15.5959
229.648	-2.36273
232.784	9.67842
235.918	21.7194
239.051	7.76028
242.186	7.80101
245.317	21.8416
248.447	3.88198
251.577	1.92224
254.705	9.96235
257.832	26.0023
260.958	-1.95788
264.083	-1.91821
267.204	12.1213
270.327	6.16065
273.449	2.19987
276.57	8.23895
279.69	20.2779
282.806	-3.68338
285.924	14.3553
289.04	10.3937
292.154	4.43205
295.268	6.47024
298.379	-1.49174
301.492	10.5462
304.601	4.58389
307.711	14.6215
310.818	16.6589
313.924	16.6962
317.031	10.7334
320.135	-1.22962
323.238	4.80723
326.34	-7.15606
329.443	4.88052
332.543	10.9169
335.642	6.95321
338.74	-1.01066
341.836	9.02532
344.932	5.06115
348.027	-0.903152
351.12	19.1324
354.213	15.1678
357.302	11.203
360.393	3.23816
363.482	7.27313
366.57	15.308
369.656	13.3426
372.742	1.37717
375.827	3.41157
378.91	13.4458
381.993	-2.52008
385.073	5.51387
388.154	3.5477
391.232	5.58136
394.311	9.61491
397.387	13.6483
400.462	1.68153
403.536	9.71462
406.611	15.7476
409.683	-6.21958
412.754	-4.18691
415.824	11.8456
418.893	-0.121989
421.961	7.91026
425.027	1.94237
428.093	-0.0256621
431.158	8.00617
434.222	18.0379
437.284	8.0694
440.346	2.10081
443.407	4.13208
446.464	2.16318
449.523	2.19417
452.581	8.22502
455.635	8.25571
458.691	10.2863
461.743	2.31669
464.797	-1.65302
467.847	2.37711
470.899	8.40712
473.947	18.437
476.994	0.466696
480.043	0.496295
483.088	8.52573
486.133	4.55504
489.176	6.5842
492.22	8.61325
495.262	12.6421
498.302	4.67089
501.341	6.69951
504.38	10.728
507.417	6.75632
510.453	0.784528
513.487	12.8126
516.521	2.84051
519.554	14.8683
522.586	2.89596
525.616	12.9235
528.646	10.9508
531.675	16.9781
534.701	19.0052
537.729	15.0322
540.753	-6.94101
543.778	7.0857
546.8	9.11225
549.821	1.13867
552.844	15.165
555.863	5.19112
558.881	9.21713
561.898	7.24301
564.916	-0.731224
567.932	7.29439
570.946	-0.680137
573.959	5.34521
576.971	-2.62959
579.982	7.39549
582.993	3.42043
586	11.4452
589.008	11.4699
592.015	-6.50557
595.022	7.51884
598.025	-0.456899
601.029	11.5672
604.032	-4.40875
607.033	7.61511
610.034	11.6389
613.032	5.66245
616.032	3.68593
619.028	9.70926
622.023	11.7325
625.018	-4.24447
628.013	9.77848
631.005	-4.19871
633.997	-8.17604
636.987	-8.1535
639.977	5.86891
642.965	13.8912
645.952	9.91334
648.939	1.93536
651.924	11.9572
654.909	9.97901
657.892	2.00063
660.873	2.02212
663.854	2.04348
666.835	-3.93528
669.813	6.08581
672.791	12.1068
675.767	6.12762
678.743	10.1483
681.717	10.1689
684.692	10.1894
687.664	2.20969
690.634	-1.77012
693.606	12.2499
696.575	-1.73012
699.543	4.28968
702.51	26.3094
705.475	12.3289
708.44	10.3483
711.404	8.36761
714.367	10.3868
717.329	10.4058
720.29	8.4247
723.25	2.44348
726.207	16.4621
729.166	8.48064
732.123	2.49904
735.077	10.5173
738.032	20.5354
740.984	4.55344
743.938	8.57133
746.888	0.589082
749.839	10.6067
752.788	18.6242
755.735	14.6416
758.682	6.65883
761.627	4.67595
764.574	18.693
767.517	16.7098
770.46	10.7266
773.402	2.74319
776.342	8.75968
779.282	6.77605
782.219	8.79228
785.157	14.8084
788.094	36.8244
791.029	8.84026
793.962	22.856
796.896	18.8716
799.828	14.8871
802.76	0.902464
805.689	2.9177
808.619	18.9328
811.546	14.9478
814.473	4.96268
817.4	0.97743
820.324	18.992
823.248	21.0065
826.17	5.02092
829.092	13.0352
832.012	15.0493
834.932	-0.936704
837.851	-4.92282
840.768	9.09094
843.685	11.1046
846.599	17.1181
849.514	11.1315
852.428	17.1447
855.339	1.15788
858.251	11.1709
861.16	1.1838
864.07	5.19658
866.978	15.2092
869.884	7.22177
872.792	17.2342
875.696	9.24647
878.599	15.2586
881.502	15.2707
884.404	9.28262
887.304	15.2944
890.204	11.3061
893.103	7.31768
896.001	5.32912
898.898	13.3404
901.794	19.3517
904.689	11.3627
907.581	15.3737
910.474	17.3845
913.364	1.39527
916.256	13.4059
919.144	3.41635
922.034	11.4267
924.92	3.43697
927.808	9.4471
930.693	3.4571
933.576	-0.533008
936.459	7.47676
939.341	1.48641
942.222	9.49594
945.102	11.5054
947.981	9.51465
950.859	7.52383
953.737	-0.467108
956.613	7.54183
959.488	13.5507
962.361	21.5594
965.235	3.56795
968.105	11.5764
970.977	11.5848
973.846	7.59301
976.716	13.6011
979.583	21.6091
982.449	3.61701
985.316	3.62479
988.18	9.63244
991.043	3.63997
993.906	-0.352611
996.767	15.6547
999.628	29.6619
1002.49	3.66895
1005.35	7.6759
1008.2	13.6827
1011.06	7.68946
1013.91	-2.30393
1016.77	13.7026
1019.62	9.70894
1022.48	23.7152
1025.33	9.72134
1028.18	9.72738
1031.03	7.73329
1033.87	9.73909
1036.72	27.7448
1039.57	1.75036
1042.41	7.75581
1045.26	-0.238843
1048.1	13.7664
1050.94	21.7715
1053.78	7.7765
1056.62	7.78139
1059.46	-2.21383
1062.3	1.79083
1065.14	21.7954
1067.97	11.7998
1070.81	9.80413
1073.64	17.8083
1076.47	15.8124
1079.31	3.81642
1082.14	9.82029
1084.97	5.82405
1087.8	19.8277
1090.63	13.8312
1093.45	5.83464
1096.28	9.83795
1099.1	23.8411
1101.93	9.84423
1104.75	7.8472
1107.57	11.8501
1110.39	27.8528
1113.21	7.85545
1116.03	9.85797
1118.85	11.8604
1121.66	3.86269
1124.48	1.86489
1127.3	3.86697
1130.11	-0.131059
1132.92	7.8708
1135.73	1.87255
1138.54	9.87419
1141.35	7.87572
1144.16	15.8771
1146.97	5.87845
1149.78	9.87965
1152.58	9.88074
1155.39	11.8817
1158.19	17.8826
1161	5.88335
1163.8	5.88401
1166.6	5.88455
1169.4	23.885
1172.2	13.8853
1174.99	-0.114476
1177.79	15.8856
1180.59	5.88563
1183.38	-14.1145
1186.17	-4.1147
1188.97	15.885
1191.76	7.88454
1194.55	-4.116
1197.34	9.88335
1200.13	15.8826
1202.92	-0.118278
1205.7	3.88075
1208.49	-4.12033
1211.27	5.87848
1214.06	9.87718
1216.84	3.87578
1219.62	5.87427
1222.4	-8.12735
1225.18	9.87093
1227.96	13.8691
1230.74	17.8672
1233.51	9.86511
1236.29	19.863
1239.06	11.8607
1241.84	1.85835
1244.61	3.85588
1247.38	13.8533
1250.15	-0.149377
1252.92	-6.15216
1255.69	7.84494
1258.46	19.8419
1261.23	5.83884
1263.99	11.8356
1266.76	7.83232
1269.52	11.8289
1272.28	-0.174615
1275.05	1.82176
1277.81	3.81802
1280.57	15.8142
1283.33	1.81025
1286.08	15.8062
1288.84	19.8021
1291.6	7.7978
1294.35	17.7934
1297.11	23.789
1299.86	13.7844
1302.61	5.77974
1305.36	-10.225
1308.11	9.77009
1310.86	19.7651
1313.61	7.76003
1316.36	11.7548
1319.1	21.7496
1321.85	3.74416
1324.59	7.73867
1327.33	-0.266929
1330.08	9.72737
1332.82	-6.27843
1335.56	17.7157
1338.3	9.70965
1341.04	15.7035
1343.77	15.6973
1346.51	15.691
1349.25	15.6846
1351.98	-0.321909
1354.71	3.67147
1357.45	23.6648
1360.18	1.65793
1362.91	9.651
1365.64	11.644
1368.37	7.63686
1371.09	-2.37037
1373.82	9.6223
1376.54	7.61488
1379.27	13.6074
1381.99	7.59972
1384.72	-4.40801
1387.44	13.5842
1390.16	13.5762
1392.88	3.5682
1395.6	5.56007
1398.31	3.55184
1401.03	5.54352
1403.75	-0.464911
1406.46	9.52656
1409.18	7.51793
1411.89	11.5092
1414.6	-8.49963
1417.31	19.4915
1420.02	11.4824
1422.73	-6.5267
1425.44	11.4641
1428.15	25.4548
1430.85	-4.55466
1433.56	17.4358
1436.26	13.4262
1438.97	3.41649
1441.67	7.40668
1444.37	23.3968
1447.07	15.3868
1449.77	15.3767
1452.47	9.36645
1455.16	3.35614
1457.86	11.3457
1460.56	11.3352
1463.25	3.32465
1465.94	11.314
1468.64	19.3032
1471.33	7.29229
1474.02	-0.718701
1476.71	21.2702
1479.4	15.259
1482.09	7.24777
1484.77	3.2364
1487.46	7.22494
1490.14	11.2134
1492.83	11.2017
1495.51	7.18996
1498.19	19.1781
1500.87	7.16617
1503.55	5.15412
1506.23	-2.85802
1508.91	-0.870248
1511.59	5.11742
1514.27	17.105
1516.94	13.0925
1519.62	17.0799
1522.29	9.06715
1524.96	5.05435
1527.63	3.04145
1530.3	13.0285
1532.97	17.0154
1535.64	-0.997817
1538.31	4.9889
1540.98	20.9755
1543.64	10.9621
1546.31	14.9485
1548.97	0.934854
1551.63	4.92111
1554.3	14.9073
1556.96	10.8933
1559.62	18.8793
1562.28	14.8652
1564.94	18.851
1567.59	6.83665
1570.25	12.8223
1572.9	12.8078
1575.56	8.79316
1578.21	10.7785
1580.86	12.7637
1583.52	6.74884
1586.17	10.7339
1588.82	20.7188
1591.47	-1.29632
1594.11	6.68845
1596.76	14.6731
1599.41	4.6577
1602.05	10.6422
1604.69	-3.37342
1607.34	16.6109
1609.98	6.5951
1612.62	2.57921
1615.26	10.5632
1617.9	18.5472
1620.54	-1.46898
1623.18	0.514782
1625.81	0.498439
1628.45	8.48202
1631.08	16.4655
1633.72	14.4489
1636.35	2.43219
1638.98	2.4154
1641.61	20.3985
1644.24	28.3815
1646.87	-7.63551
1649.5	14.3473
1652.13	10.3301
1654.75	18.3128
1657.38	8.29534
1660	12.2778
1662.63	22.2602
1665.25	2.24253
1667.87	8.22475
1670.49	2.20688
1673.11	12.1889
1675.73	10.1709
1678.35	4.15274
1680.96	8.13451
1683.58	16.1162
1686.19	10.0978
1688.81	12.0793
1691.42	10.0607
1694.03	4.04205
1696.64	14.0233
1699.25	20.0045
1701.87	7.98551
1704.47	9.96649
1707.08	3.94738
1709.69	5.92818
1712.29	13.9089
1714.9	11.8895
1717.5	3.87006
1720.1	-2.14949
1722.71	7.83087
1725.31	9.81115
1727.91	5.79133
1730.51	21.7714
1733.1	1.75146
1735.7	17.7314
1738.3	3.71122
1740.89	-8.30903
1743.49	15.6706
1746.08	23.6502
1748.67	15.6297
1751.26	7.60913
1753.86	9.58845
1756.45	-0.432325
1759.03	15.5468
1761.62	3.52589
1764.21	21.5049
1766.8	3.48377
1769.38	5.46258
1771.97	1.44128
1774.55	11.4199
1777.13	23.3985
1779.71	7.37693
1782.29	7.35532
1784.87	7.33361
1787.45	-2.68819
1790.03	7.28995
1792.61	-8.73202
1795.18	13.2459
1797.76	-0.776201
1800.33	13.2016
1802.9	17.1793
1805.48	5.15691
1808.05	23.1344
1810.62	9.11189
1813.19	5.08925
1815.76	11.0665
1818.33	25.0437
1820.89	5.02082
1823.46	22.9979
1826.02	2.9748
1828.59	10.9517
1831.15	0.928445
1833.71	26.9051
1836.27	2.88174
1838.84	12.8583
1841.39	-3.16529
1843.95	6.81107
1846.51	12.7873
1849.07	8.76356
1851.62	20.7397
1854.18	8.71569
1856.73	12.6916
1859.29	12.6675
1861.84	12.6433
1864.39	6.619
1866.94	-1.4054
1869.49	2.57014
1872.04	6.5456
1874.59	4.52097
1877.13	14.4963
1879.68	10.4715
1882.22	8.4466
1884.77	6.42165
1887.31	4.39662
1889.85	8.37149
1892.39	2.3463
1894.93	12.321
1897.47	12.2957
1900.01	-1.72978
1902.55	6.2447
1905.09	20.2191
1907.62	0.193412
1910.16	4.16766
1912.69	-1.85819
1915.22	4.11588
1917.76	-3.91011
1920.29	8.06379
1922.82	8.03764
1925.35	14.0114
1927.88	19.9851
1930.4	-0.0413432
1932.93	9.93217
1935.46	5.90561
1937.98	-0.121037
1940.51	1.85224
1943.03	1.82543
1945.55	13.7986
1948.07	1.77159
1950.59	5.74456
1953.11	3.71743
1955.63	9.69024
1958.15	-2.33704
1960.67	7.63561
1963.18	-2.39182
1965.7	-0.419338
1968.21	7.55307
1970.73	-8.4746
1973.24	1.49764
1975.75	-0.530173
1978.26	-0.558086
1980.77	11.4139
1983.28	11.3859
1985.79	9.35773
1988.29	-0.670478
1990.8	1.30121
1993.31	9.27284
1995.81	3.24439
1998.31	5.21588
