100.093	-4.56485
103.274	1.54934
106.457	7.66292
109.636	9.77574
112.817	-4.11204
115.994	5.99942
119.172	22.1103
122.347	2.22039
125.521	12.3298
128.696	10.4387
131.868	4.54678
135.039	10.6542
138.209	0.760997
141.379	6.86719
144.547	4.97265
147.713	15.0775
150.879	-0.818396
154.043	15.2851
157.206	5.38796
160.368	19.4902
163.529	5.59174
166.689	-0.307337
169.848	5.79295
173.006	5.8926
176.163	-6.00838
179.316	0.0899383
182.471	10.1877
185.625	8.28482
188.777	4.38133
191.927	-1.52285
195.077	10.5724
198.224	16.667
201.372	12.761
204.52	10.8544
207.664	4.94719
210.809	-4.96061
213.95	11.1309
217.091	-2.77815
220.233	13.3122
223.372	11.402
226.509	13.4911
229.648	13.5797
232.784	-0.332368
235.918	13.755
239.051	17.8418
242.186	5.92799
245.317	12.0136
248.447	14.0986
251.577	2.18305
254.705	-7.73309
257.832	14.3502
260.958	12.4329
264.083	8.51506
267.204	2.59659
270.327	4.6776
273.449	2.75805
276.57	2.83795
279.69	0.917277
282.806	8.996
285.924	9.07422
289.04	19.1519
292.154	15.229
295.268	21.3055
298.379	13.3815
301.492	13.457
304.601	19.5319
307.711	5.60627
310.818	17.6801
313.924	9.75337
317.031	19.8262
320.135	1.89838
323.238	7.97007
326.34	4.04124
329.443	6.11193
332.543	6.18204
335.642	4.25164
338.74	8.32073
341.836	-1.61071
344.932	12.4573
348.027	6.52489
351.12	4.59192
354.213	14.6585
357.302	16.7244
360.393	4.78995
363.482	6.85497
366.57	16.9195
369.656	8.98347
372.742	1.047
375.827	15.11
378.91	15.1725
381.993	11.2346
385.073	13.2961
388.154	5.35722
391.232	15.4178
394.311	9.47792
397.387	11.5375
400.462	3.59666
403.536	17.6553
406.611	7.71355
409.683	17.7713
412.754	-2.17147
415.824	13.8853
418.893	-0.0583575
421.961	-2.00249
425.027	0.0529109
428.093	10.1079
431.158	16.1623
434.222	8.21639
437.284	10.27
440.346	12.3231
443.407	-5.62419
446.464	8.42802
449.523	4.47982
452.581	22.5312
455.635	20.5821
458.691	10.6326
461.743	18.6826
464.797	4.73219
467.847	0.781345
470.899	14.8301
473.947	-1.1216
476.994	0.926268
480.043	-5.02625
483.088	13.0208
486.133	1.06738
489.176	21.1136
492.22	9.15938
495.262	5.20474
498.302	7.24968
501.341	17.2942
504.38	9.33835
507.417	3.38208
510.453	13.4254
513.487	7.46829
516.521	-2.48919
519.554	11.5529
522.586	1.59465
525.616	5.63596
528.646	-8.3231
531.675	5.71744
534.701	-6.24243
537.729	3.79734
540.753	-2.1633
543.778	17.8757
546.8	9.9143
549.821	7.95252
552.844	17.9904
555.863	0.0278439
558.881	-1.93507
561.898	0.101652
564.916	-1.86198
567.932	16.174
570.946	6.20962
573.959	26.2449
576.971	8.27975
579.982	8.31428
582.993	20.3484
586	8.38223
589.008	-1.58431
592.015	10.4488
595.022	16.4815
598.025	2.51392
601.029	2.54597
604.032	0.577676
607.033	20.609
610.034	6.64003
613.032	4.67069
616.032	10.701
619.028	12.731
622.023	6.76066
625.018	6.78997
628.013	6.81897
631.005	2.84762
633.997	-11.1241
636.987	16.9039
639.977	-5.06838
642.965	0.958966
645.952	10.986
648.939	23.0127
651.924	3.03909
654.909	1.06517
657.892	1.09093
660.873	-4.88364
663.854	-6.8585
666.835	15.1663
669.813	13.1908
672.791	13.2151
675.767	-2.76105
678.743	11.2626
681.717	11.2859
684.692	-0.691125
687.664	-4.66842
690.634	23.354
693.606	13.3761
696.575	13.3979
699.543	15.4195
702.51	23.4407
705.475	3.46166
708.44	11.4823
711.404	17.5027
714.367	9.52283
717.329	7.54266
720.29	13.5622
723.25	29.5815
726.207	-0.399532
729.166	15.6192
732.123	5.63765
735.077	9.65582
738.032	-0.326262
740.984	5.69138
743.938	9.70876
746.888	13.7259
749.839	23.7427
752.788	15.7593
755.735	3.77566
758.682	13.7917
761.627	3.80755
764.574	15.8231
767.517	21.8384
770.46	3.85352
773.402	11.8683
776.342	3.88291
779.282	9.89723
782.219	19.9113
785.157	11.9251
788.094	9.93875
791.029	25.9521
793.962	5.96523
796.896	11.9781
799.828	11.9908
802.76	2.0032
805.689	-3.98462
808.619	14.0273
811.546	16.0391
814.473	10.0506
817.4	10.0619
820.324	32.0729
823.248	20.0838
826.17	10.0944
829.092	10.1048
832.012	14.115
834.932	12.1249
837.851	10.1347
840.768	8.14422
843.685	18.1536
846.599	26.1627
849.514	6.17159
852.428	12.1803
855.339	6.1888
858.251	16.1971
861.16	16.2052
864.07	20.2131
866.978	10.2208
869.884	20.2283
872.792	24.2356
875.696	14.2427
878.599	16.2497
881.502	22.2564
884.404	8.26295
887.304	4.26931
890.204	14.2755
893.103	6.28148
896.001	10.2873
898.898	12.2929
901.794	22.2984
904.689	4.30362
907.581	10.3087
910.474	-1.68637
913.364	10.3184
916.256	16.3229
919.144	10.3273
922.034	4.33156
924.92	10.3356
927.808	-5.66049
930.693	20.3432
933.576	16.3468
936.459	10.3502
939.341	4.35344
942.222	18.3565
945.102	2.35945
947.981	14.3622
950.859	8.36483
953.737	6.36729
956.613	14.3696
959.488	2.37175
962.361	6.37376
965.235	14.3756
968.105	-3.62267
970.977	0.378904
973.846	12.3803
976.716	8.38161
979.583	-1.61724
982.449	-1.61624
985.316	12.3846
988.18	12.3854
991.043	16.386
993.906	6.38641
996.767	4.38674
999.628	8.38694
1002.49	14.387
1005.35	6.38695
1008.2	8.38676
1011.06	14.3865
1013.91	18.386
1016.77	20.3855
1019.62	16.3848
1022.48	0.383989
1025.33	4.38307
1028.18	12.382
1031.03	8.38089
1033.87	4.37963
1036.72	-3.62174
1039.57	6.37677
1042.41	8.37518
1045.26	4.37347
1048.1	16.3717
1050.94	12.3697
1053.78	0.367718
1056.62	12.3656
1059.46	12.3634
1062.3	4.36103
1065.14	6.35861
1067.97	26.3561
1070.81	10.3535
1073.64	20.3507
1076.47	10.3479
1079.31	16.345
1082.14	4.34203
1084.97	12.3389
1087.8	16.3358
1090.63	10.3325
1093.45	8.32916
1096.28	6.32573
1099.1	12.3222
1101.93	8.31861
1104.75	4.31494
1107.57	18.3112
1110.39	2.30734
1113.21	12.3034
1116.03	4.29944
1118.85	16.2954
1121.66	6.29124
1124.48	8.28703
1127.3	-1.71725
1130.11	12.2784
1132.92	-3.72602
1135.73	24.2695
1138.54	16.2649
1141.35	18.2603
1144.16	6.25566
1146.97	16.2509
1149.78	-7.75388
1152.58	4.24127
1155.39	26.2363
1158.19	6.23138
1161	-3.77365
1163.8	12.2213
1166.6	12.2161
1169.4	14.2109
1172.2	-7.79429
1174.99	0.200419
1177.79	-1.80491
1180.59	2.18971
1183.38	2.18428
1186.17	4.1788
1188.97	22.1733
1191.76	12.1677
1194.55	22.1621
1197.34	12.1565
1200.13	0.150825
1202.92	16.1451
1205.7	8.13937
1208.49	6.13358
1211.27	8.12777
1214.06	12.1219
1216.84	4.11604
1219.62	10.1101
1222.4	2.10419
1225.18	6.09823
1227.96	4.09224
1230.74	6.08622
1233.51	-5.91983
1236.29	12.0741
1239.06	-3.93197
1241.84	-9.93808
1244.61	4.05579
1247.38	-1.95035
1250.15	10.0435
1252.92	0.0373147
1255.69	-5.96888
1258.46	10.0249
1261.23	10.0187
1263.99	4.01248
1266.76	6.00624
1269.52	5.99999
1272.28	15.9937
1275.05	-0.0125269
1277.81	19.9812
1280.57	-6.02506
1283.33	7.96866
1286.08	3.96239
1288.84	-2.04389
1291.6	-0.0501681
1294.35	9.94356
1297.11	1.93729
1299.86	-2.06899
1302.61	-4.07525
1305.36	3.91849
1308.11	19.9122
1310.86	-2.094
1313.61	11.8998
1316.36	21.8935
1319.1	-0.112678
1321.85	1.88112
1324.59	17.8749
1327.33	25.8688
1330.08	19.8626
1332.82	5.85647
1335.56	-8.14966
1338.3	13.8442
1341.04	7.83816
1343.77	-6.16791
1346.51	1.82606
1349.25	15.82
1351.98	11.814
1354.71	7.80808
1357.45	13.8021
1360.18	5.79623
1362.91	13.7903
1365.64	3.78449
1368.37	-0.221331
1371.09	15.7729
1373.82	1.76712
1376.54	1.7614
1379.27	5.75571
1381.99	1.75005
1384.72	9.74444
1387.44	5.73886
1390.16	3.73332
1392.88	-0.272175
1395.6	23.7224
1398.31	5.71695
1401.03	5.71158
1403.75	11.7063
1406.46	7.70097
1409.18	1.69574
1411.89	9.69055
1414.6	1.68541
1417.31	3.68032
1420.02	13.6753
1422.73	7.6703
1425.44	11.6654
1428.15	3.66048
1430.85	-4.34435
1433.56	-2.34912
1436.26	17.6462
1438.97	7.64151
1441.67	-2.36309
1444.37	5.63238
1447.07	1.6279
1449.77	11.6235
1452.47	7.61913
1455.16	15.6148
1457.86	17.6106
1460.56	5.60645
1463.25	29.6024
1465.94	-0.401667
1468.64	1.59437
1471.33	13.5905
1474.02	7.58667
1476.71	5.58292
1479.4	15.5792
1482.09	9.57565
1484.77	5.57212
1487.46	13.5687
1490.14	19.5653
1492.83	7.562
1495.51	13.5588
1498.19	-2.44436
1500.87	11.5526
1503.55	5.5496
1506.23	9.5467
1508.91	3.54389
1511.59	29.5412
1514.27	5.53851
1516.94	5.53595
1519.62	-4.46653
1522.29	3.53109
1524.96	11.5288
1527.63	9.52658
1530.3	7.52447
1532.97	27.5224
1535.64	1.52051
1538.31	1.51866
1540.98	23.5169
1543.64	1.51527
1546.31	7.51371
1548.97	9.51225
1551.63	13.5109
1554.3	7.50963
1556.96	15.5085
1559.62	5.5074
1562.28	1.50644
1564.94	1.50558
1567.59	9.50482
1570.25	17.5042
1572.9	-0.496375
1575.56	5.50318
1578.21	1.50285
1580.86	5.50262
1583.52	-4.4975
1586.17	5.50249
1588.82	9.5026
1591.47	-2.49719
1594.11	5.50313
1596.76	3.50357
1599.41	-2.49588
1602.05	15.5048
1604.69	-8.49443
1607.34	1.50647
1609.98	7.50748
1612.62	5.50861
1615.26	5.50987
1617.9	-2.48876
1620.54	9.51273
1623.18	3.51434
1625.81	-2.48392
1628.45	3.51794
1631.08	-2.48007
1633.72	5.52203
1636.35	5.52427
1638.98	19.5266
1641.61	5.52912
1644.24	11.5317
1646.87	3.53448
1649.5	-2.46264
1652.13	7.54037
1654.75	11.5435
1657.38	3.54678
1660	5.55018
1662.63	13.5537
1665.25	5.5574
1667.87	7.56121
1670.49	3.56515
1673.11	11.5692
1675.73	7.57346
1678.35	15.5778
1680.96	19.5823
1683.58	17.587
1686.19	15.5917
1688.81	-4.40333
1691.42	9.60174
1694.03	-2.39304
1696.64	9.61231
1699.25	5.61781
1701.87	3.62347
1704.47	9.62926
1707.08	1.63521
1709.69	5.6413
1712.29	9.64754
1714.9	5.65394
1717.5	5.66048
1720.1	7.66717
1722.71	7.67402
1725.31	5.68102
1727.91	-0.311817
1730.51	7.69549
1733.1	21.703
1735.7	19.7106
1738.3	11.7184
1740.89	-4.2737
1743.49	17.7344
1746.08	9.74266
1748.67	17.7511
1751.26	11.7597
1753.86	7.76839
1756.45	1.7773
1759.03	17.7864
1761.62	7.7956
1764.21	-0.195008
1766.8	-0.185449
1769.38	5.82428
1771.97	19.8342
1774.55	1.84424
1777.13	9.85447
1779.71	1.86487
1782.29	27.8754
1784.87	11.8862
1787.45	9.8971
1790.03	15.9082
1792.61	7.91944
1795.18	17.9309
1797.76	5.94249
1800.33	7.95427
1802.9	9.96622
1805.48	3.97836
1808.05	-8.00933
1810.62	12.0032
1813.19	22.0158
1815.76	-13.9713
1818.33	16.0417
1820.89	8.05493
1823.46	8.06831
1826.02	14.0819
1828.59	2.09565
1831.15	10.1096
1833.71	6.12372
1836.27	-5.86197
1838.84	2.15253
1841.39	8.16721
1843.95	-1.81792
1846.51	4.19714
1849.07	12.2124
1851.62	10.2278
1854.18	0.243457
1856.73	0.25927
1859.29	8.27529
1861.84	10.2915
1864.39	8.30788
1866.94	0.324473
1869.49	20.3413
1872.04	16.3582
1874.59	16.3754
1877.13	8.39278
1879.68	12.4103
1882.22	34.4281
1884.77	10.4461
1887.31	14.4642
1889.85	10.4826
1892.39	20.5011
1894.93	6.5199
1897.47	22.5389
1900.01	12.558
1902.55	-1.42259
1905.09	16.597
1907.62	16.6168
1910.16	12.6367
1912.69	16.6569
1915.22	0.677317
1917.76	16.6979
1920.29	8.71872
1922.82	10.7397
1925.35	10.761
1927.88	8.7824
1930.4	10.804
1932.93	12.8259
1935.46	6.84795
1937.98	18.8702
1940.51	6.89273
1943.03	4.91543
1945.55	2.93834
1948.07	6.96148
1950.59	14.9848
1953.11	17.0084
1955.63	-0.96784
1958.15	11.0562
1960.67	-2.91964
1963.18	3.10479
1965.7	9.12944
1968.21	11.1543
1970.73	1.1794
1973.24	21.2047
1975.75	3.23024
1978.26	-2.744
1980.77	11.282
1983.28	11.3082
1985.79	7.33459
1988.29	11.3612
1990.8	1.38812
1993.31	3.41521
1995.81	17.4425
1998.31	1.47007
