100.093	27.4468
103.274	17.4744
106.457	3.50183
109.636	19.5292
112.817	17.5565
115.994	13.5837
119.172	13.6108
122.347	-2.36216
125.521	15.6648
128.696	-0.308343
131.868	17.7184
135.039	25.7451
138.209	9.77173
141.379	-4.20172
144.547	11.8247
147.713	7.85108
150.879	9.87735
154.043	5.90354
157.206	21.9297
160.368	7.95568
163.529	21.9816
166.689	14.0075
169.848	26.0333
173.006	14.059
176.163	14.0846
179.316	4.11009
182.471	12.1355
185.625	8.1609
188.777	8.18619
191.927	14.2114
195.077	0.236497
198.224	-7.73848
201.372	-1.71352
204.52	14.3114
207.664	6.33613
210.809	16.3608
213.95	26.3855
217.091	12.41
220.233	16.4345
223.372	14.4588
226.509	18.4831
229.648	4.50735
232.784	26.5315
235.918	10.5555
239.051	8.57949
242.186	4.60339
245.317	6.6272
248.447	18.6509
251.577	22.6746
254.705	8.69814
257.832	16.7216
260.958	20.745
264.083	20.7683
267.204	-3.20842
270.327	10.8147
273.449	2.83783
276.57	6.86084
279.69	8.88376
282.806	2.90659
285.924	12.9294
289.04	26.952
292.154	6.97464
295.268	0.99717
298.379	1.01961
301.492	23.042
304.601	9.06425
307.711	1.08647
310.818	11.1086
313.924	15.1306
317.031	1.15261
320.135	9.17449
323.238	7.1963
326.34	11.218
329.443	1.23969
332.543	5.26126
335.642	21.2828
338.74	7.30417
341.836	9.32551
344.932	21.3468
348.027	19.3679
351.12	11.3891
354.213	15.4101
357.302	19.431
360.393	9.45189
363.482	15.4727
366.57	1.4934
369.656	3.51402
372.742	9.53459
375.827	11.5551
378.91	5.57547
381.993	9.5958
385.073	7.61604
388.154	5.63622
391.232	-0.343688
394.311	1.67634
397.387	13.6963
400.462	13.7161
403.536	-8.26408
406.611	-4.24436
409.683	15.7753
412.754	9.79482
415.824	23.8143
418.893	-2.16629
421.961	1.85303
425.027	15.8723
428.093	7.89146
431.158	7.91056
434.222	7.92959
437.284	7.94854
440.346	7.96742
443.407	-4.01378
446.464	0.00492772
449.523	12.0236
452.581	16.0422
455.635	10.0606
458.691	6.07906
461.743	16.0974
464.797	30.1157
467.847	16.1339
470.899	12.152
473.947	10.17
476.994	16.188
480.043	4.2059
483.088	-5.77628
486.133	0.241464
489.176	2.25913
492.22	18.2767
495.262	14.2943
498.302	18.3117
501.341	8.32908
504.38	20.3464
507.417	6.36361
510.453	6.38077
513.487	0.397835
516.521	2.41484
519.554	6.43178
522.586	4.44864
525.616	12.4654
528.646	-1.51787
531.675	22.4988
534.701	6.51533
537.729	18.5318
540.753	-5.45176
543.778	6.56459
546.8	4.58085
549.821	14.597
552.844	10.6132
555.863	12.6292
558.881	0.645212
561.898	20.6611
564.916	4.67696
567.932	-1.30728
570.946	0.708415
573.959	-1.27597
576.971	12.7396
579.982	16.7551
582.993	10.7705
586	16.7858
589.008	14.801
592.015	6.81623
595.022	12.8313
598.025	-7.15361
601.029	8.86136
604.032	20.8763
607.033	8.89109
610.034	4.90585
613.032	2.92054
616.032	16.9352
619.028	12.9497
622.023	6.96417
625.018	8.97857
628.013	-1.00709
631.005	9.00716
633.997	13.0214
636.987	7.03547
639.977	1.04952
642.965	-4.9365
645.952	19.0774
648.939	-2.90875
651.924	-8.89499
654.909	9.11871
657.892	5.13234
660.873	-0.854107
663.854	21.1594
666.835	5.1728
669.813	13.1861
672.791	5.19943
675.767	5.21263
678.743	-4.77423
681.717	9.23884
684.692	19.2518
687.664	9.26477
690.634	11.2776
693.606	21.2904
696.575	15.3032
699.543	11.3158
702.51	5.32839
705.475	5.3409
708.44	11.3534
711.404	17.3657
714.367	15.378
717.329	1.39028
720.29	23.4025
723.25	5.41456
726.207	-4.57341
729.166	7.43857
732.123	7.45047
735.077	25.4623
738.032	17.4741
740.984	15.4858
743.938	3.49739
746.888	19.5089
749.839	15.5204
752.788	13.5319
755.735	21.5432
758.682	15.5545
761.627	13.5657
764.574	17.5769
767.517	25.588
770.46	17.599
773.402	11.6099
776.342	13.6208
779.282	5.63165
782.219	13.6424
785.157	-0.34692
788.094	7.6637
791.029	11.6743
793.962	-0.315267
796.896	17.6952
799.828	15.7055
802.76	25.7158
805.689	13.726
808.619	15.7362
811.546	5.74625
814.473	23.7563
817.4	1.76622
820.324	15.7761
823.248	11.7859
826.17	21.7957
829.092	11.8054
832.012	11.815
834.932	17.8246
837.851	5.83405
840.768	11.8435
843.685	21.8528
846.599	7.86214
849.514	-2.12863
852.428	23.8805
855.339	19.8896
858.251	9.89868
861.16	15.9076
864.07	13.9166
866.978	5.9254
869.884	3.93417
872.792	9.94289
875.696	7.95153
878.599	3.96012
881.502	17.9686
884.404	13.9771
887.304	1.98548
890.204	7.9938
893.103	6.00206
896.001	2.01026
898.898	4.01839
901.794	8.02646
904.689	22.0345
907.581	2.04241
910.474	4.05029
913.364	-1.9419
916.256	6.06585
919.144	-5.92646
922.034	4.08116
924.92	14.0887
927.808	8.09622
930.693	10.1037
933.576	0.11102
936.459	22.1183
939.341	-7.87443
942.222	2.13275
945.102	-1.86013
947.981	14.1469
950.859	10.1539
953.737	12.1608
956.613	18.1677
959.488	4.17452
962.361	20.1813
965.235	6.18793
968.105	0.194548
970.977	10.2011
973.846	26.2076
976.716	10.214
979.583	10.2204
982.449	8.2267
985.316	12.2329
988.18	22.2391
991.043	14.2452
993.906	6.2513
996.767	10.2573
999.628	10.2632
1002.49	14.2691
1005.35	6.27492
1008.2	0.280667
1011.06	10.2864
1013.91	20.292
1016.77	12.2975
1019.62	24.3031
1022.48	4.3085
1025.33	2.31388
1028.18	30.3192
1031.03	8.32446
1033.87	10.3297
1036.72	14.3348
1039.57	-3.66012
1042.41	18.3449
1045.26	10.3499
1048.1	12.3548
1050.94	10.3596
1053.78	2.36437
1056.62	12.3691
1059.46	-3.62626
1062.3	10.3783
1065.14	14.3829
1067.97	14.3873
1070.81	-1.60824
1073.64	22.3961
1076.47	6.40041
1079.31	-3.59535
1082.14	10.4088
1084.97	10.4129
1087.8	8.417
1090.63	8.421
1093.45	4.42494
1096.28	2.42882
1099.1	18.4326
1101.93	20.4364
1104.75	0.440099
1107.57	14.4437
1110.39	10.4473
1113.21	12.4508
1116.03	22.4543
1118.85	8.45772
1121.66	6.46107
1124.48	0.46436
1127.3	4.46759
1130.11	12.4708
1132.92	6.47388
1135.73	4.47693
1138.54	2.47993
1141.35	10.4829
1144.16	12.4857
1146.97	10.4886
1149.78	-5.50867
1152.58	0.494039
1155.39	0.496687
1158.19	10.4993
1161	20.5018
1163.8	12.5043
1166.6	6.5067
1169.4	16.5091
1172.2	4.51136
1174.99	-1.48639
1177.79	2.51579
1180.59	8.51792
1183.38	14.52
1186.17	12.522
1188.97	18.524
1191.76	2.52587
1194.55	12.5277
1197.34	10.5295
1200.13	0.531226
1202.92	14.5329
1205.7	12.5345
1208.49	4.53607
1211.27	16.5376
1214.06	16.539
1216.84	-3.45959
1219.62	10.5417
1222.4	-1.45698
1225.18	4.54424
1227.96	12.5454
1230.74	8.54651
1233.51	8.54756
1236.29	-1.45145
1239.06	16.5495
1241.84	20.5504
1244.61	6.5512
1247.38	0.551975
1250.15	16.5527
1252.92	2.55335
1255.69	18.554
1258.46	2.5545
1261.23	8.55499
1263.99	12.5554
1266.76	14.5558
1269.52	-1.44386
1272.28	6.55641
1275.05	6.55663
1277.81	6.55679
1280.57	10.5569
1283.33	0.556945
1286.08	8.55694
1288.84	12.5569
1291.6	10.5568
1294.35	12.5566
1297.11	14.5564
1299.86	-5.4439
1302.61	14.5558
1305.36	8.55538
1308.11	18.5549
1310.86	-5.44556
1313.61	8.55389
1316.36	-7.44672
1319.1	4.55262
1321.85	4.55191
1324.59	6.55114
1327.33	-1.44968
1330.08	4.54945
1332.82	4.54852
1335.56	-7.45247
1338.3	2.5465
1341.04	16.5454
1343.77	14.5443
1346.51	6.54306
1349.25	10.5418
1351.98	18.5405
1354.71	6.53915
1357.45	8.53773
1360.18	16.5363
1362.91	4.53475
1365.64	-3.46682
1368.37	12.5316
1371.09	14.5299
1373.82	22.5281
1376.54	0.526361
1379.27	20.5245
1381.99	10.5226
1384.72	2.52069
1387.44	2.5187
1390.16	12.5166
1392.88	6.51455
1395.6	28.5124
1398.31	16.5102
1401.03	2.50793
1403.75	20.5056
1406.46	18.5033
1409.18	-7.49916
1411.89	10.4984
1414.6	8.49586
1417.31	24.4933
1420.02	4.49066
1422.73	8.48799
1425.44	2.48526
1428.15	18.4825
1430.85	2.47965
1433.56	-7.52323
1436.26	20.4738
1438.97	18.4708
1441.67	8.46781
1444.37	-3.53528
1447.07	6.46158
1449.77	2.45839
1452.47	10.4552
1455.16	10.4519
1457.86	-1.55149
1460.56	-5.55488
1463.25	2.44167
1465.94	12.4382
1468.64	8.43462
1471.33	-1.56898
1474.02	4.42737
1476.71	20.4237
1479.4	10.4199
1482.09	8.41611
1484.77	26.4123
1487.46	8.40836
1490.14	16.4044
1492.83	8.4004
1495.51	12.3963
1498.19	14.3922
1500.87	18.3881
1503.55	20.3839
1506.23	4.37962
1508.91	0.375313
1511.59	0.370955
1514.27	4.36655
1516.94	8.3621
1519.62	18.3576
1522.29	16.353
1524.96	8.34843
1527.63	2.34377
1530.3	4.33907
1532.97	32.3343
1535.64	4.32951
1538.31	8.32466
1540.98	8.31976
1543.64	22.3148
1546.31	0.309804
1548.97	8.30475
1551.63	2.29965
1554.3	0.294503
1556.96	6.28931
1559.62	26.2841
1562.28	-5.72123
1564.94	14.2734
1567.59	6.26803
1570.25	10.2626
1572.9	12.2571
1575.56	8.25156
1578.21	6.24597
1580.86	8.24033
1583.52	-1.76535
1586.17	14.2289
1588.82	8.22313
1591.47	4.2173
1594.11	6.21143
1596.76	-3.7945
1599.41	12.1995
1602.05	20.1935
1604.69	6.18743
1607.34	2.18131
1609.98	10.1751
1612.62	0.168933
1615.26	-3.83733
1617.9	12.1564
1620.54	4.15
1623.18	20.1436
1625.81	8.13715
1628.45	0.130646
1631.08	4.1241
1633.72	0.117505
1636.35	4.11086
1638.98	12.1042
1641.61	16.0974
1644.24	14.0907
1646.87	14.0838
1649.5	2.07694
1652.13	2.07002
1654.75	20.063
1657.38	16.056
1660	10.049
1662.63	2.04185
1665.25	0.0346842
1667.87	14.0275
1670.49	0.0202265
1673.11	10.0129
1675.73	-1.99442
1678.35	9.99819
1680.96	13.9907
1683.58	9.98327
1686.19	5.97573
1688.81	13.9682
1691.42	-6.03947
1694.03	9.95286
1696.64	7.94514
1699.25	1.93738
1701.87	1.92957
1704.47	15.9217
1707.08	5.91382
1709.69	21.9059
1712.29	7.89788
1714.9	-10.1102
1717.5	11.8818
1720.1	7.87363
1722.71	15.8655
1725.31	23.8572
1727.91	9.84897
1730.51	1.84066
1733.1	21.8323
1735.7	29.8239
1738.3	7.81546
1740.89	17.807
1743.49	13.7984
1746.08	3.78984
1748.67	9.78122
1751.26	9.77255
1753.86	11.7638
1756.45	1.75507
1759.03	-8.25374
1761.62	7.73741
1764.21	7.72852
1766.8	-2.28042
1769.38	11.7106
1771.97	11.7016
1774.55	17.6925
1777.13	19.6834
1779.71	27.6742
1782.29	-0.335002
1784.87	13.6557
1787.45	13.6464
1790.03	13.6371
1792.61	13.6277
1795.18	9.6183
1797.76	5.60882
1800.33	5.59931
1802.9	25.5897
1805.48	7.58014
1808.05	7.5705
1810.62	7.5608
1813.19	13.5511
1815.76	19.5413
1818.33	5.53146
1820.89	11.5216
1823.46	7.51169
1826.02	11.5017
1828.59	9.49174
1831.15	17.4817
1833.71	-2.52839
1836.27	9.46149
1838.84	1.45132
1841.39	11.4411
1843.95	9.43085
1846.51	7.42055
1849.07	7.41021
1851.62	19.3998
1854.18	5.38939
1856.73	7.37892
1859.29	9.36841
1861.84	11.3579
1864.39	17.3473
1866.94	-0.663391
1869.49	7.32593
1872.04	17.3152
1874.59	-0.69557
1877.13	19.2936
1879.68	11.2828
1882.22	17.2719
1884.77	1.26093
1887.31	7.24995
1889.85	9.23893
1892.39	3.22786
1894.93	21.2168
1897.47	15.2056
1900.01	3.19441
1902.55	3.18318
1905.09	5.17191
1907.62	11.1606
1910.16	23.1492
1912.69	-0.862167
1915.22	5.12639
1917.76	15.1149
1920.29	7.10338
1922.82	19.0918
1925.35	23.0802
1927.88	1.06855
1930.4	27.0569
1932.93	-0.954867
1935.46	9.03336
1937.98	17.0215
1940.51	-0.990315
1943.03	10.9978
1945.55	-11.0141
1948.07	0.97387
1950.59	0.961854
1953.11	10.9498
1955.63	4.93769
1958.15	16.9255
1960.67	14.9134
1963.18	8.90114
1965.7	16.8889
1968.21	16.8766
1970.73	-7.13578
1973.24	12.8518
1975.75	12.8394
1978.26	6.82694
1980.77	10.8144
1983.28	18.8019
1985.79	14.7893
1988.29	10.7767
1990.8	10.764
1993.31	8.75128
1995.81	2.73853
1998.31	4.72575
