100.093	6.06426
103.274	0.141191
106.457	14.2178
109.636	10.2939
112.817	16.3697
115.994	18.445
119.172	8.52004
122.347	6.59459
125.521	18.6687
128.696	4.74256
131.868	4.81594
135.039	20.8889
138.209	6.96151
141.379	3.03377
144.547	13.1056
147.713	17.177
150.879	1.24807
154.043	7.31873
157.206	9.38901
160.368	-0.541087
163.529	9.52843
166.689	-6.40243
169.848	25.6663
173.006	15.7347
176.163	-0.197282
179.316	-6.1297
182.471	11.9376
185.625	8.00444
188.777	18.0709
191.927	6.13704
195.077	4.20281
198.224	14.2682
201.372	22.3332
204.52	20.3979
207.664	12.4621
210.809	14.526
213.95	6.58955
217.091	16.6527
220.233	12.7156
223.372	6.77799
226.509	20.8401
229.648	10.9018
232.784	10.9632
235.918	21.0242
239.051	9.08482
242.186	17.1452
245.317	21.2051
248.447	-14.7353
251.577	21.3239
254.705	7.38278
257.832	5.44131
260.958	3.49949
264.083	9.55732
267.204	17.6148
270.327	21.6719
273.449	11.7287
276.57	7.78514
279.69	5.84124
282.806	7.89697
285.924	19.9524
289.04	4.00747
292.154	6.06217
295.268	16.1166
298.379	2.1706
301.492	10.2243
304.601	-11.7223
307.711	8.33074
310.818	10.3834
313.924	8.43579
317.031	16.4878
320.135	18.5395
323.238	20.5909
326.34	14.6419
329.443	12.6927
332.543	6.74306
335.642	14.7931
338.74	12.8428
341.836	8.89225
344.932	12.9413
348.027	2.9901
351.12	9.03854
354.213	5.08666
357.302	17.1344
360.393	1.18191
363.482	5.22907
366.57	7.27592
369.656	-6.67758
372.742	3.36864
375.827	15.4145
378.91	9.4601
381.993	7.50538
385.073	5.55032
388.154	11.595
391.232	7.6393
394.311	-0.316662
397.387	19.727
400.462	13.7704
403.536	11.8135
406.611	11.8563
409.683	7.89883
412.754	-0.0589829
415.824	-2.0171
418.893	16.0245
421.961	2.06576
425.027	-1.89326
428.093	-3.85258
431.158	18.1878
434.222	14.2279
437.284	0.267693
440.346	8.30719
443.407	8.3464
446.464	0.385286
449.523	16.4239
452.581	0.462239
455.635	4.50025
458.691	12.538
461.743	2.57544
464.797	12.6126
467.847	18.6495
470.899	-1.31391
473.947	8.72238
476.994	18.7584
480.043	22.7941
483.088	6.82959
486.133	-1.13524
489.176	8.89964
492.22	0.934271
495.262	4.9686
498.302	5.00265
501.341	-0.96358
504.38	5.06992
507.417	31.1031
510.453	7.13609
513.487	3.16874
516.521	15.2011
519.554	11.2333
522.586	7.26513
525.616	3.2967
528.646	17.328
531.675	15.3591
534.701	1.38983
537.729	9.42035
540.753	21.4506
543.778	9.48057
546.8	5.51027
549.821	3.53971
552.844	21.5689
555.863	11.5978
558.881	7.62648
561.898	11.6549
564.916	15.683
567.932	11.7109
570.946	3.73854
573.959	-0.234097
576.971	-8.20699
579.982	19.8199
582.993	3.84647
586	3.8728
589.008	11.8989
592.015	11.9247
595.022	13.9503
598.025	-0.0243354
601.029	10.0008
604.032	8.02561
607.033	2.05019
610.034	-3.92546
613.032	12.0986
616.032	4.1225
619.028	6.1461
622.023	12.1695
625.018	6.19257
628.013	-3.78453
631.005	20.2381
633.997	12.2605
636.987	0.282649
639.977	0.304566
642.965	24.3262
645.952	-3.65231
648.939	10.3689
651.924	8.38986
654.909	10.4106
657.892	-5.5689
660.873	-3.54864
663.854	16.4714
666.835	2.4912
669.813	18.5108
672.791	6.53011
675.767	22.5492
678.743	16.5681
681.717	12.5868
684.692	22.6052
687.664	6.62338
690.634	6.64135
693.606	18.6591
696.575	26.6766
699.543	10.6939
702.51	-7.28898
705.475	12.7279
708.44	22.7445
711.404	14.7609
714.367	4.77713
717.329	14.7931
720.29	10.8089
723.25	30.8244
726.207	10.8397
729.166	6.85486
732.123	-13.1302
735.077	6.88444
738.032	16.8989
740.984	16.9132
743.938	-1.07278
746.888	22.941
749.839	8.95468
752.788	12.9681
755.735	10.9813
758.682	18.9943
761.627	9.00708
764.574	5.01968
767.517	19.0321
770.46	15.0442
773.402	13.0562
776.342	11.068
779.282	13.0795
782.219	11.0909
785.157	1.10205
788.094	9.11302
791.029	5.12378
793.962	21.1343
796.896	19.1447
799.828	21.1549
802.76	15.1648
805.689	3.17461
808.619	21.1842
811.546	19.1936
814.473	17.2028
817.4	21.2118
820.324	27.2206
823.248	17.2292
826.17	7.23759
829.092	11.2458
832.012	21.2539
834.932	27.2617
837.851	19.2694
840.768	21.2769
843.685	5.28414
846.599	13.2912
849.514	23.2982
852.428	23.3049
855.339	19.3114
858.251	7.31781
861.16	11.324
864.07	5.33
866.978	11.3358
869.884	25.3415
872.792	21.3469
875.696	3.3522
878.599	-4.6427
881.502	21.3622
884.404	7.36698
887.304	15.3716
890.204	33.3759
893.103	19.3802
896.001	9.38422
898.898	19.3881
901.794	17.3918
904.689	33.3953
907.581	11.3987
910.474	5.40188
913.364	19.4049
916.256	9.40775
919.144	13.4104
922.034	21.4129
924.92	1.41529
927.808	11.4175
930.693	1.41948
933.576	17.4213
936.459	9.42301
939.341	17.4245
942.222	1.42589
945.102	-2.57292
947.981	13.4281
950.859	-0.571016
953.737	7.42969
956.613	5.43024
959.488	3.43064
962.361	19.4309
965.235	7.43094
968.105	19.4309
970.977	9.43062
973.846	1.43023
976.716	11.4297
979.583	13.429
982.449	25.4281
985.316	31.4271
988.18	13.4259
991.043	17.4246
993.906	5.42315
996.767	11.4215
999.628	5.41977
1002.49	13.4178
1005.35	19.4158
1008.2	7.41357
1011.06	-12.5888
1013.91	21.4087
1016.77	13.406
1019.62	5.40324
1022.48	29.4003
1025.33	5.39721
1028.18	3.39397
1031.03	21.3906
1033.87	1.38708
1036.72	9.38342
1039.57	13.3796
1042.41	5.37567
1045.26	21.3716
1048.1	7.36737
1050.94	-2.63699
1053.78	11.3585
1056.62	17.3539
1059.46	15.3491
1062.3	7.3442
1065.14	23.3392
1067.97	21.334
1070.81	15.3287
1073.64	13.3232
1076.47	19.3176
1079.31	9.31193
1082.14	15.3061
1084.97	11.3001
1087.8	13.294
1090.63	13.2878
1093.45	25.2814
1096.28	11.2749
1099.1	13.2683
1101.93	15.2616
1104.75	11.2547
1107.57	5.24768
1110.39	3.24055
1113.21	3.2333
1116.03	19.2259
1118.85	11.2184
1121.66	7.2108
1124.48	13.2031
1127.3	17.1952
1130.11	-0.812804
1132.92	21.1791
1135.73	13.1709
1138.54	3.16251
1141.35	11.154
1144.16	13.1454
1146.97	9.13674
1149.78	11.1279
1152.58	13.119
1155.39	-6.89007
1158.19	13.1008
1161	-0.908535
1163.8	21.0821
1166.6	-8.92745
1169.4	3.06292
1172.2	13.0532
1174.99	3.04332
1177.79	13.0334
1180.59	17.0233
1183.38	9.0131
1186.17	3.0028
1188.97	12.9924
1191.76	14.9819
1194.55	10.9713
1197.34	6.96053
1200.13	2.9497
1202.92	-3.06125
1205.7	4.92771
1208.49	8.91655
1211.27	8.90529
1214.06	16.8939
1216.84	18.8825
1219.62	2.8709
1222.4	12.8592
1225.18	0.847451
1227.96	30.8356
1230.74	18.8236
1233.51	4.81152
1236.29	14.7993
1239.06	-1.21293
1241.84	8.7747
1244.61	10.7622
1247.38	2.74966
1250.15	14.737
1252.92	22.7242
1255.69	8.71137
1258.46	22.6984
1261.23	14.6854
1263.99	18.6722
1266.76	12.659
1269.52	22.6457
1272.28	6.63225
1275.05	-1.38127
1277.81	-1.39488
1280.57	12.5914
1283.33	12.5776
1286.08	8.56377
1288.84	16.5498
1291.6	6.53574
1294.35	-3.4784
1297.11	2.50737
1299.86	24.4931
1302.61	20.4786
1305.36	10.4642
1308.11	4.44958
1310.86	18.4349
1313.61	10.4202
1316.36	26.4053
1319.1	4.39043
1321.85	12.3754
1324.59	16.3604
1327.33	14.3452
1330.08	6.32995
1332.82	6.31463
1335.56	6.29922
1338.3	6.28374
1341.04	26.2682
1343.77	18.2525
1346.51	22.2368
1349.25	8.22102
1351.98	12.2051
1354.71	12.1892
1357.45	0.173161
1360.18	0.157059
1362.91	10.1409
1365.64	24.1246
1368.37	10.1083
1371.09	0.0918852
1373.82	10.0754
1376.54	12.0589
1379.27	8.04224
1381.99	16.0255
1384.72	8.00878
1387.44	-0.00804647
1390.16	1.97504
1392.88	7.95807
1395.6	13.941
1398.31	5.92391
1401.03	5.90673
1403.75	9.88949
1406.46	21.8722
1409.18	17.8548
1411.89	5.83733
1414.6	-0.180188
1417.31	9.80224
1420.02	1.78459
1422.73	9.76688
1425.44	9.7491
1428.15	1.73127
1430.85	17.7134
1433.56	31.6954
1436.26	7.67738
1438.97	7.65929
1441.67	3.64115
1444.37	7.62294
1447.07	3.60468
1449.77	13.5864
1452.47	5.56796
1455.16	3.54952
1457.86	5.53101
1460.56	-2.48755
1463.25	9.49383
1465.94	5.47516
1468.64	11.4564
1471.33	-6.56236
1474.02	11.4188
1476.71	1.3999
1479.4	13.3809
1482.09	1.36194
1484.77	5.34288
1487.46	13.3238
1490.14	1.30461
1492.83	13.2854
1495.51	-4.73388
1498.19	11.2468
1500.87	7.22744
1503.55	9.20801
1506.23	5.18854
1508.91	-0.830973
1511.59	-8.85055
1514.27	21.1298
1516.94	7.11018
1519.62	11.0905
1522.29	-4.9293
1524.96	5.0509
1527.63	9.03105
1530.3	17.0112
1532.97	20.9912
1535.64	-5.02878
1538.31	0.951181
1540.98	2.93111
1543.64	0.910989
1546.31	12.8908
1548.97	0.870623
1551.63	-5.14962
1554.3	8.83008
1556.96	20.8098
1559.62	8.78939
1562.28	12.769
1564.94	8.74853
1567.59	4.72804
1570.25	6.70751
1572.9	14.6869
1575.56	8.66633
1578.21	2.64569
1580.86	6.62501
1583.52	4.60428
1586.17	14.5835
1588.82	4.56274
1591.47	6.54191
1594.11	6.52106
1596.76	-1.49984
1599.41	24.4792
1602.05	10.4583
1604.69	2.43727
1607.34	-9.58376
1609.98	20.3952
1612.62	22.3741
1615.26	6.35294
1617.9	-7.66821
1620.54	8.31059
1623.18	12.2894
1625.81	12.2681
1628.45	14.2468
1631.08	6.22554
1633.72	-9.7958
1636.35	4.18284
1638.98	12.1614
1641.61	2.14002
1644.24	8.11857
1646.87	22.0971
1649.5	6.07558
1652.13	10.0541
1654.75	-3.9675
1657.38	4.01093
1660	17.9893
1662.63	9.96769
1665.25	25.946
1667.87	5.92435
1670.49	7.90266
1673.11	7.88094
1675.73	3.85919
1678.35	11.8374
1680.96	1.81563
1683.58	-2.20616
1686.19	11.772
1688.81	3.75015
1691.42	-2.27172
1694.03	21.7064
1696.64	5.68448
1699.25	5.66256
1701.87	7.6406
1704.47	9.61864
1707.08	11.5967
1709.69	-6.42534
1712.29	9.55265
1714.9	13.5306
1717.5	21.5086
1720.1	7.48651
1722.71	-2.53557
1725.31	5.44234
1727.91	15.4202
1730.51	-0.601891
1733.1	5.37598
1735.7	3.35382
1738.3	-0.668342
1740.89	3.30949
1743.49	-4.7127
1746.08	7.2651
1748.67	3.24289
1751.26	7.22068
1753.86	13.1984
1756.45	3.1762
1759.03	27.154
1761.62	1.13169
1764.21	3.10942
1766.8	9.08715
1769.38	19.0649
1771.97	-0.957444
1774.55	-8.97974
1777.13	-1.00206
1779.71	-5.02437
1782.29	2.95332
1784.87	18.931
1787.45	16.9086
1790.03	6.88631
1792.61	16.864
1795.18	12.8416
1797.76	2.81925
1800.33	14.7969
1802.9	10.7745
1805.48	2.75217
1808.05	6.72981
1810.62	2.70743
1813.19	16.6851
1815.76	4.66268
1818.33	14.6403
1820.89	2.61792
1823.46	30.5955
1826.02	12.5732
1828.59	0.550791
1831.15	6.52842
1833.71	24.506
1836.27	4.48365
1838.84	-3.53872
1841.39	4.43891
1843.95	4.41654
1846.51	12.3942
1849.07	10.3718
1851.62	16.3494
1854.18	2.32708
1856.73	18.3047
1859.29	-5.71763
1861.84	0.260031
1864.39	0.237693
1866.94	10.2153
1869.49	12.193
1872.04	14.1707
1874.59	0.148372
1877.13	18.1261
1879.68	2.10377
1882.22	-1.91854
1884.77	8.05917
1887.31	6.03689
1889.85	8.01461
1892.39	7.99235
1894.93	7.9701
1897.47	9.94784
1900.01	9.92561
1902.55	1.90338
1905.09	9.88116
1907.62	9.85895
1910.16	7.83677
1912.69	9.81458
1915.22	1.7924
1917.76	-2.22975
1920.29	11.7481
1922.82	7.72597
1925.35	9.70383
1927.88	-0.318272
1930.4	3.65963
1932.93	13.6376
1935.46	1.61549
1937.98	15.5934
1940.51	-4.42861
1943.03	1.54936
1945.55	1.52737
1948.07	5.50537
1950.59	1.4834
1953.11	5.46143
1955.63	1.43949
1958.15	5.41757
1960.67	9.39567
1963.18	17.3738
1965.7	11.3519
1968.21	7.33005
1970.73	5.30822
1973.24	11.2864
1975.75	9.26461
1978.26	9.24283
1980.77	-0.778922
1983.28	-0.800668
1985.79	3.17762
1988.29	1.15593
1990.8	13.1342
1993.31	1.11259
1995.81	-0.909037
1998.31	-4.93063
