100.093	31.0613
103.274	21.1247
106.457	11.1877
109.636	9.25014
112.817	17.3121
115.994	15.3736
119.172	-0.5654
122.347	7.49509
125.521	13.5551
128.696	-0.385347
131.868	13.6737
135.039	5.73226
138.209	3.79035
141.379	31.848
144.547	7.90515
147.713	3.96182
150.879	8.01803
154.043	16.0738
157.206	-1.87095
160.368	12.1839
163.529	24.2382
166.689	4.29212
169.848	10.3456
173.006	28.3985
176.163	20.4511
179.316	-7.49687
182.471	12.5548
185.625	6.60595
188.777	16.6567
191.927	4.70697
195.077	8.75683
198.224	20.8062
201.372	4.8552
204.52	6.90375
207.664	10.9518
210.809	-1.00049
213.95	11.0467
217.091	35.0935
220.233	-6.86007
223.372	5.18588
226.509	15.2314
229.648	-8.72346
232.784	11.3212
235.918	13.3655
239.051	11.4093
242.186	13.4528
245.317	17.4958
248.447	9.53847
251.577	23.5807
254.705	25.6225
257.832	5.6639
260.958	3.7049
264.083	17.7455
267.204	21.7857
270.327	17.8255
273.449	11.8649
276.57	11.9039
279.69	9.94256
282.806	15.9808
285.924	0.0186313
289.04	6.0561
292.154	16.0932
295.268	18.1299
298.379	18.1662
301.492	-5.79789
304.601	18.2377
307.711	10.2728
310.818	6.30764
313.924	8.34207
317.031	-3.62385
320.135	26.4098
323.238	16.4432
326.34	16.4761
329.443	2.50874
332.543	6.54098
335.642	14.5729
338.74	12.6044
341.836	16.6355
344.932	8.66635
348.027	14.6968
351.12	4.72692
354.213	10.7567
357.302	12.7861
360.393	14.8151
363.482	-11.1561
366.57	10.8723
369.656	18.9003
372.742	10.928
375.827	-3.04464
378.91	8.98237
381.993	15.0091
385.073	15.0354
388.154	15.0615
391.232	15.0872
394.311	3.11255
397.387	17.1376
400.462	17.1623
403.536	-0.813285
406.611	1.21081
409.683	13.2346
412.754	5.25802
415.824	-0.718846
418.893	25.304
421.961	19.3265
425.027	13.3487
428.093	9.37057
431.158	-4.60784
434.222	25.4134
437.284	1.43441
440.346	-0.544913
443.407	7.47546
446.464	7.49553
449.523	13.5153
452.581	-4.46521
455.635	-4.44603
458.691	3.57287
461.743	11.5915
464.797	5.60979
467.847	-4.37218
470.899	11.6456
473.947	11.663
476.994	13.6802
480.043	21.6971
483.088	3.71371
486.133	11.7301
489.176	11.7461
492.22	13.7619
495.262	1.77742
498.302	7.79267
501.341	-2.19236
504.38	5.82235
507.417	9.83679
510.453	19.851
513.487	1.86487
516.521	7.87852
519.554	11.8919
522.586	5.90505
525.616	5.91792
528.646	11.9305
531.675	5.94291
534.701	11.955
537.729	11.9669
540.753	19.9785
543.778	1.98986
546.8	4.00097
549.821	0.0118459
552.844	18.0225
555.863	6.03287
558.881	-1.95699
561.898	6.05292
564.916	12.0626
567.932	14.072
570.946	10.0812
573.959	4.09021
576.971	4.09895
579.982	4.10746
582.993	4.11574
586	8.12379
589.008	14.1316
592.015	8.13923
595.022	20.1466
598.025	20.1538
601.029	12.1607
604.032	14.1675
607.033	14.174
610.034	8.18026
613.032	6.18635
616.032	14.1922
619.028	16.1979
622.023	18.2033
625.018	-11.7914
628.013	24.2136
631.005	12.2185
633.997	2.22309
636.987	6.22752
639.977	18.2317
642.965	16.2358
645.952	-5.76039
648.939	2.24325
651.924	8.2467
654.909	10.25
657.892	-1.74699
660.873	16.2559
663.854	0.258567
666.835	2.26106
669.813	-3.73663
672.791	8.2655
675.767	2.26744
678.743	10.2692
681.717	18.2708
684.692	12.2722
687.664	6.27341
690.634	14.2745
693.606	12.2753
696.575	20.276
699.543	16.2766
702.51	8.27693
705.475	2.27712
708.44	-1.72286
711.404	12.277
714.367	4.27669
717.329	14.2762
720.29	2.27559
723.25	20.2748
726.207	6.27384
729.166	6.27273
732.123	18.2715
735.077	16.27
738.032	6.26846
740.984	22.2667
743.938	8.26486
746.888	-7.73717
749.839	20.2606
752.788	20.2583
755.735	12.2559
758.682	8.25324
761.627	2.25048
764.574	14.2476
767.517	12.2445
770.46	18.2414
773.402	10.238
776.342	12.2346
779.282	20.231
782.219	12.2273
785.157	10.2234
788.094	6.21944
791.029	4.21532
793.962	20.2111
796.896	14.2067
799.828	10.2022
802.76	10.1976
805.689	18.1928
808.619	20.188
811.546	0.182988
814.473	12.1779
817.4	10.1727
820.324	18.1673
823.248	16.1619
826.17	24.1563
829.092	4.15059
832.012	14.1448
834.932	10.1389
837.851	10.1329
840.768	20.1267
843.685	24.1205
846.599	12.1142
849.514	2.10773
852.428	18.1012
855.339	20.0945
858.251	18.0878
861.16	8.08095
864.07	28.074
866.978	24.067
869.884	22.0598
872.792	8.0526
875.696	8.04527
878.599	6.03786
881.502	14.0304
884.404	12.0228
887.304	10.0151
890.204	8.0073
893.103	15.9994
896.001	17.9915
898.898	7.98348
901.794	11.9754
904.689	23.9672
907.581	15.9589
910.474	13.9506
913.364	9.94216
916.256	-8.06634
919.144	19.9251
922.034	7.91644
924.92	15.9077
927.808	11.8989
930.693	-4.10993
933.576	13.8811
936.459	15.8721
939.341	-0.136921
942.222	13.854
945.102	-6.15524
947.981	-0.164498
950.859	9.82618
953.737	23.8168
956.613	13.8074
959.488	23.7979
962.361	1.78832
965.235	11.7787
968.105	21.769
970.977	-4.24068
973.846	15.7496
976.716	1.73973
979.583	-0.270139
982.449	13.7199
985.316	11.71
988.18	9.69995
991.043	7.68989
993.906	11.6798
996.767	3.66964
999.628	19.6594
1002.49	11.6492
1005.35	13.6389
1008.2	9.62862
1011.06	15.6183
1013.91	7.60789
1016.77	-0.402538
1019.62	1.58701
1022.48	7.57652
1025.33	23.566
1028.18	11.5554
1031.03	11.5449
1033.87	11.5342
1036.72	7.5236
1039.57	-0.487065
1042.41	9.50224
1045.26	11.4915
1048.1	5.48079
1050.94	21.47
1053.78	11.4592
1056.62	1.44843
1059.46	3.43761
1062.3	15.4268
1065.14	15.4159
1067.97	-2.59497
1070.81	5.39414
1073.64	15.3832
1076.47	1.37232
1079.31	7.36139
1082.14	23.3505
1084.97	15.3395
1087.8	5.32855
1090.63	13.3176
1093.45	13.3066
1096.28	11.2956
1099.1	13.2847
1101.93	11.2737
1104.75	1.26269
1107.57	17.2517
1110.39	11.2407
1113.21	3.22973
1116.03	1.21874
1118.85	9.20776
1121.66	25.1968
1124.48	3.18581
1127.3	5.17485
1130.11	9.16389
1132.92	5.15294
1135.73	-0.858
1138.54	3.13107
1141.35	-2.87985
1144.16	13.1092
1146.97	9.09834
1149.78	-0.912538
1152.58	3.0766
1155.39	-2.93425
1158.19	-2.94508
1161	15.0441
1163.8	-0.966685
1166.6	9.02254
1169.4	11.0118
1172.2	-0.998944
1174.99	8.99034
1177.79	14.9797
1180.59	-1.03099
1183.38	-1.04162
1186.17	8.94777
1188.97	-1.06281
1191.76	10.9266
1194.55	12.9161
1197.34	4.90564
1200.13	-5.10481
1202.92	0.884762
1205.7	-1.12562
1208.49	10.864
1211.27	6.85371
1214.06	12.8434
1216.84	6.83318
1219.62	4.82299
1222.4	2.81282
1225.18	0.802696
1227.96	10.7926
1230.74	10.7826
1233.51	12.7726
1236.29	20.7626
1239.06	16.7527
1241.84	12.7429
1244.61	12.733
1247.38	14.7233
1250.15	16.7136
1252.92	-3.29609
1255.69	2.69429
1258.46	2.68473
1261.23	-7.32478
1263.99	-3.33423
1266.76	8.65636
1269.52	2.64702
1272.28	6.63773
1275.05	4.6285
1277.81	-5.38068
1280.57	-3.38979
1283.33	2.60116
1286.08	-1.40784
1288.84	2.58323
1291.6	6.57436
1294.35	12.5656
1297.11	8.55682
1299.86	2.54814
1302.61	12.5395
1305.36	14.531
1308.11	12.5225
1310.86	0.514119
1313.61	16.5058
1316.36	6.49752
1319.1	16.4893
1321.85	12.4812
1324.59	8.47317
1327.33	-1.5348
1330.08	12.4573
1332.82	6.44948
1335.56	4.44174
1338.3	6.43407
1341.04	2.42649
1343.77	6.41898
1346.51	20.4116
1349.25	22.4042
1351.98	0.396956
1354.71	10.3898
1357.45	2.38268
1360.18	14.3757
1362.91	0.368741
1365.64	-1.6381
1368.37	12.3552
1371.09	10.3485
1373.82	2.34191
1376.54	12.3354
1379.27	8.32904
1381.99	0.322734
1384.72	0.316522
1387.44	-3.68959
1390.16	2.30438
1392.88	8.29846
1395.6	10.2926
1398.31	22.2869
1401.03	-3.71875
1403.75	8.27571
1406.46	16.2703
1409.18	4.26492
1411.89	12.2597
1414.6	6.25454
1417.31	22.2495
1420.02	8.24457
1422.73	6.23973
1425.44	-1.765
1428.15	2.23039
1430.85	10.2259
1433.56	8.22146
1436.26	4.21716
1438.97	8.21297
1441.67	4.20888
1444.37	0.204913
1447.07	6.20105
1449.77	4.1973
1452.47	-3.80634
1455.16	2.19014
1457.86	14.1867
1460.56	8.18343
1463.25	0.180254
1465.94	18.1772
1468.64	4.17425
1471.33	-1.82858
1474.02	12.1687
1476.71	2.16612
1479.4	4.16365
1482.09	12.1613
1484.77	10.1591
1487.46	-3.84303
1490.14	4.15499
1492.83	4.15314
1495.51	4.1514
1498.19	10.1498
1500.87	-3.85168
1503.55	10.147
1506.23	10.1457
1508.91	12.1446
1511.59	6.14368
1514.27	-5.85715
1516.94	26.1421
1519.62	4.14157
1522.29	-3.85887
1524.96	14.1408
1527.63	0.140643
1530.3	6.1406
1532.97	8.1407
1535.64	8.14093
1538.31	8.1413
1540.98	8.14181
1543.64	16.1425
1546.31	2.14323
1548.97	8.14416
1551.63	14.1452
1554.3	12.1464
1556.96	18.1478
1559.62	14.1493
1562.28	10.1509
1564.94	6.15267
1567.59	8.15459
1570.25	12.1567
1572.9	6.15887
1575.56	12.1612
1578.21	4.16373
1580.86	-9.83361
1583.52	2.16919
1586.17	10.1721
1588.82	-1.82475
1591.47	16.1785
1594.11	2.18191
1596.76	6.18547
1599.41	2.18918
1602.05	10.193
1604.69	-5.80294
1607.34	-7.79876
1609.98	22.2056
1612.62	10.2101
1615.26	12.2147
1617.9	4.21951
1620.54	10.2245
1623.18	2.22959
1625.81	12.2349
1628.45	-5.75969
1631.08	26.2459
1633.72	0.251673
1636.35	0.2576
1638.98	10.2637
1641.61	-9.73006
1644.24	-7.72364
1646.87	12.2829
1649.5	6.2897
1652.13	14.2966
1654.75	4.3037
1657.38	2.31094
1660	0.318366
1662.63	10.326
1665.25	8.33371
1667.87	4.34164
1670.49	6.34974
1673.11	10.358
1675.73	4.36646
1678.35	8.37508
1680.96	22.3839
1683.58	-1.60717
1686.19	-3.59803
1688.81	6.41129
1691.42	12.4208
1694.03	-5.56955
1696.64	2.44029
1699.25	2.45031
1701.87	10.4605
1704.47	-5.5291
1707.08	10.4815
1709.69	10.4922
1712.29	-1.49687
1714.9	8.51424
1717.5	16.5255
1720.1	4.53699
1722.71	-3.45135
1725.31	-3.43951
1727.91	20.5725
1730.51	6.58472
1733.1	4.59711
1735.7	16.6097
1738.3	12.6225
1740.89	10.6354
1743.49	2.64857
1746.08	8.66191
1748.67	6.67544
1751.26	-7.31086
1753.86	12.7031
1756.45	2.71716
1759.03	12.7314
1761.62	12.7459
1764.21	8.7606
1766.8	14.7755
1769.38	2.79053
1771.97	6.80579
1774.55	10.8212
1777.13	4.8369
1779.71	4.85275
1782.29	6.86878
1784.87	0.885029
1787.45	4.90147
1790.03	24.9181
1792.61	4.93495
1795.18	-1.04801
1797.76	14.9692
1800.33	14.9867
1802.9	9.00432
1805.48	15.0222
1808.05	19.0402
1810.62	7.05847
1813.19	5.07692
1815.76	15.0956
1818.33	5.11446
1820.89	9.13354
1823.46	17.1528
1826.02	17.1723
1828.59	3.19199
1831.15	11.2119
1833.71	27.232
1836.27	7.25233
1838.84	5.27286
1841.39	15.2936
1843.95	15.3146
1846.51	15.3357
1849.07	17.3571
1851.62	13.3787
1854.18	7.40047
1856.73	5.42248
1859.29	7.44471
1861.84	3.46715
1864.39	9.4898
1866.94	11.5127
1869.49	7.53577
1872.04	9.55908
1874.59	13.5826
1877.13	15.6063
1879.68	5.63028
1882.22	13.6545
1884.77	15.6789
1887.31	7.70347
1889.85	7.72832
1892.39	13.7534
1894.93	21.7786
1897.47	3.80415
1900.01	3.82987
1902.55	21.8558
1905.09	15.882
1907.62	15.9084
1910.16	-2.06502
1912.69	11.9618
1915.22	7.9889
1917.76	-1.98382
1920.29	18.0437
1922.82	22.0715
1925.35	4.09944
1927.88	8.12763
1930.4	8.15606
1932.93	30.1847
1935.46	6.2136
1937.98	10.2427
1940.51	-1.72792
1943.03	0.30166
1945.55	16.3315
1948.07	0.361507
1950.59	22.3918
1953.11	6.42229
1955.63	2.45302
1958.15	10.484
1960.67	12.5152
1963.18	-3.45336
1965.7	4.57832
1968.21	4.61023
1970.73	8.64238
1973.24	-1.32522
1975.75	20.7074
1978.26	0.740256
1980.77	16.7733
1983.28	32.8067
1985.79	20.8403
1988.29	10.8741
1990.8	-9.09185
1993.31	-3.05756
1995.81	8.97698
1998.31	17.0117
