100.093	16.5245
103.274	16.5959
106.457	2.66732
109.636	0.738671
112.817	24.81
115.994	10.8813
119.172	6.95259
122.347	15.0238
125.521	7.09495
128.696	9.16612
131.868	7.2372
135.039	7.30824
138.209	11.3792
141.379	3.45023
144.547	9.52114
147.713	9.592
150.879	33.6628
154.043	25.7336
157.206	25.8043
160.368	11.875
163.529	3.94561
166.689	22.0162
169.848	14.0867
173.006	14.1572
176.163	10.2276
179.316	12.2979
182.471	12.3682
185.625	16.4385
188.777	12.5087
191.927	-1.42121
195.077	4.64888
198.224	-7.28113
201.372	8.78884
204.52	6.85876
207.664	-5.07144
210.809	6.99836
213.95	5.06804
217.091	5.13766
220.233	7.20727
223.372	11.2768
226.509	-4.65381
229.648	15.4156
232.784	9.48491
235.918	3.55414
239.051	15.6233
242.186	-4.30756
245.317	-4.23853
248.447	-6.16957
251.577	15.8993
254.705	11.9681
257.832	14.0369
260.958	24.1055
264.083	20.1741
267.204	16.2426
270.327	18.3111
273.449	24.3794
276.57	-3.55229
279.69	-5.48407
282.806	6.58402
285.924	4.65208
289.04	10.7201
292.154	4.78791
295.268	10.8557
298.379	-5.07659
301.492	4.99106
304.601	5.05859
307.711	15.1261
310.818	-4.80657
313.924	7.2607
317.031	1.32793
320.135	5.39502
323.238	7.46203
326.34	5.52895
329.443	-0.404172
332.543	17.6626
335.642	-4.27078
338.74	7.79578
341.836	7.86225
344.932	5.92863
348.027	9.99491
351.12	26.0611
354.213	2.12719
357.302	4.19315
360.393	0.259048
363.482	-1.67515
366.57	10.3906
369.656	10.4561
372.742	14.5216
375.827	2.58705
378.91	-3.34768
381.993	8.71753
385.073	22.7826
388.154	12.8476
391.232	10.9125
394.311	26.9773
397.387	19.0419
400.462	13.1065
403.536	11.1709
406.611	-0.764708
409.683	7.29952
412.754	1.36364
415.824	1.42766
418.893	23.4916
421.961	13.5554
425.027	15.619
428.093	13.6826
431.158	3.74608
434.222	-6.19057
437.284	23.8727
440.346	11.9358
443.407	19.9988
446.464	10.0617
449.523	10.1244
452.581	4.1871
455.635	4.2496
458.691	10.312
461.743	2.3743
464.797	0.436493
467.847	-5.50148
470.899	-3.43952
473.947	12.6223
476.994	-3.31606
480.043	18.7455
483.088	-3.19305
486.133	6.86825
489.176	22.9294
492.22	2.99053
495.262	15.0515
498.302	7.11226
501.341	15.1729
504.38	19.2335
507.417	21.2939
510.453	-0.645794
513.487	5.41433
516.521	3.47437
519.554	9.53428
522.586	21.5941
525.616	7.65366
528.646	5.71317
531.675	17.7725
534.701	-2.16824
537.729	17.8909
540.753	11.9498
543.778	0.00865494
546.8	4.06732
549.821	8.12586
552.844	2.18429
555.863	0.242554
558.881	8.30068
561.898	2.35866
564.916	-7.58346
567.932	18.4742
570.946	10.5318
573.959	6.58924
576.971	8.64652
579.982	-7.29634
582.993	8.76066
586	0.817476
589.008	-5.12581
592.015	-5.06925
595.022	-1.01282
598.025	1.04341
601.029	13.0995
604.032	1.15553
607.033	7.21133
610.034	9.26702
613.032	11.3225
616.032	-0.622088
619.028	9.43312
622.023	17.4882
625.018	5.54308
628.013	7.59787
631.005	23.6525
633.997	-2.29308
636.987	-8.23879
639.977	-8.18464
642.965	11.8693
645.952	-0.0768189
648.939	3.97686
651.924	4.03039
654.909	-5.91625
657.892	6.13696
660.873	-3.81002
663.854	4.24288
666.835	2.29562
669.813	12.3482
672.791	10.4006
675.767	10.4528
678.743	6.5049
681.717	0.556805
684.692	-3.39142
687.664	8.66016
690.634	4.71158
693.606	16.7629
696.575	-1.18605
699.543	-3.13512
702.51	10.9156
705.475	4.96623
708.44	7.01666
711.404	15.0669
714.367	1.11702
717.329	5.16695
720.29	7.21671
723.25	3.2663
726.207	7.31569
729.166	23.3649
732.123	5.41403
735.077	17.4629
738.032	-2.48835
740.984	3.56019
743.938	-4.39141
746.888	9.65678
749.839	9.70483
752.788	5.75268
755.735	1.80035
758.682	7.84785
761.627	5.89517
764.574	1.94235
767.517	-4.01068
770.46	8.03612
773.402	8.08274
776.342	10.1292
779.282	30.1754
782.219	6.22149
785.157	-3.73261
788.094	-5.68688
791.029	14.3587
793.962	2.40399
796.896	10.4492
799.828	16.4941
802.76	6.53896
805.689	6.58357
808.619	10.628
811.546	0.672263
814.473	2.71632
817.4	18.7602
820.324	12.8039
823.248	4.84741
826.17	-3.10928
829.092	10.9339
832.012	-5.02321
834.932	23.0195
837.851	17.0621
840.768	11.1045
843.685	23.1467
846.599	7.18865
849.514	17.2305
852.428	-0.727915
855.339	15.3135
858.251	13.3547
861.16	25.3957
864.07	7.4366
866.978	-2.52276
869.884	13.5177
872.792	33.558
875.696	7.59801
878.599	23.6379
881.502	13.6775
884.404	1.71701
887.304	21.7563
890.204	15.7954
893.103	9.83425
896.001	11.8729
898.898	15.9114
901.794	9.94972
904.689	1.98781
907.581	8.02568
910.474	2.06337
913.364	-3.89916
916.256	6.13814
919.144	4.17521
922.034	14.2121
924.92	16.2488
927.808	-1.71474
930.693	14.3215
933.576	-3.64242
936.459	4.39344
939.341	8.42909
942.222	18.4645
945.102	-3.50021
947.981	10.5348
950.859	6.56967
953.737	10.6043
956.613	16.6387
959.488	12.6729
962.361	0.706924
965.235	4.74073
968.105	10.7743
970.977	30.8077
973.846	26.8408
976.716	10.8738
979.583	0.906548
982.449	18.9391
985.316	26.9714
988.18	13.0035
991.043	11.0354
993.906	17.0671
996.767	15.0986
999.628	11.1298
1002.49	7.16088
1005.35	1.19172
1008.2	5.22234
1011.06	29.2527
1013.91	19.2829
1016.77	5.31289
1019.62	17.3426
1022.48	19.3722
1025.33	25.4015
1028.18	9.43061
1031.03	15.4595
1033.87	9.48815
1036.72	-2.48339
1039.57	7.54484
1042.41	11.5728
1045.26	15.6006
1048.1	17.6282
1050.94	3.65556
1053.78	9.68269
1056.62	19.7096
1059.46	3.73629
1062.3	9.76276
1065.14	23.789
1067.97	19.815
1070.81	13.8408
1073.64	9.86638
1076.47	15.8917
1079.31	19.9169
1082.14	25.9417
1084.97	17.9664
1087.8	7.99088
1090.63	22.0151
1093.45	16.0391
1096.28	20.0629
1099.1	20.0864
1101.93	14.1097
1104.75	12.1328
1107.57	12.1557
1110.39	16.1783
1113.21	22.2007
1116.03	8.22291
1118.85	8.24486
1121.66	10.2666
1124.48	-1.71193
1127.3	20.3093
1130.11	10.3304
1132.92	0.351149
1135.73	20.3717
1138.54	6.39204
1141.35	24.4121
1144.16	2.43202
1146.97	0.451658
1149.78	14.4711
1152.58	26.4902
1155.39	-3.49084
1158.19	8.52786
1161	12.5463
1163.8	2.56456
1166.6	18.5826
1169.4	16.6003
1172.2	4.61785
1174.99	6.63514
1177.79	6.65219
1180.59	8.66901
1183.38	22.6856
1186.17	6.70194
1188.97	12.718
1191.76	2.73391
1194.55	8.74953
1197.34	8.76492
1200.13	16.7801
1202.92	12.795
1205.7	-5.19035
1208.49	16.8241
1211.27	14.8383
1214.06	14.8522
1216.84	16.8659
1219.62	4.8794
1222.4	8.89264
1225.18	14.9056
1227.96	4.91836
1230.74	14.9309
1233.51	4.94312
1236.29	20.9551
1239.06	20.9669
1241.84	-3.02157
1244.61	2.98971
1247.38	5.00075
1250.15	21.0115
1252.92	-0.97791
1255.69	7.0324
1258.46	21.0424
1261.23	7.05226
1263.99	7.06183
1266.76	15.0711
1269.52	-4.91978
1272.28	-8.91096
1275.05	3.09762
1277.81	11.106
1280.57	5.11403
1283.33	15.1219
1286.08	3.12945
1288.84	15.1368
1291.6	9.14388
1294.35	-0.849285
1297.11	9.1573
1299.86	-2.83636
1302.61	7.16973
1305.36	11.1756
1308.11	13.1812
1310.86	13.1865
1313.61	17.1916
1316.36	1.1964
1319.1	7.20098
1321.85	21.2053
1324.59	17.2094
1327.33	1.2132
1330.08	15.2168
1332.82	-6.77991
1335.56	21.2231
1338.3	7.22596
1341.04	-4.77149
1343.77	1.23081
1346.51	5.23285
1349.25	15.2346
1351.98	11.2362
1354.71	21.2375
1357.45	11.2385
1360.18	17.2392
1362.91	-2.76025
1365.64	9.24001
1368.37	11.24
1371.09	7.23974
1373.82	23.2392
1376.54	11.2384
1379.27	17.2374
1381.99	19.2361
1384.72	11.2346
1387.44	15.2328
1390.16	9.23069
1392.88	7.22836
1395.6	15.2258
1398.31	3.22293
1401.03	17.2198
1403.75	27.2165
1406.46	9.21283
1409.18	3.20894
1411.89	7.20479
1414.6	11.2004
1417.31	7.19571
1420.02	3.19077
1422.73	9.18558
1425.44	-0.819882
1428.15	15.1744
1430.85	21.1684
1433.56	-0.83783
1436.26	15.1557
1438.97	-2.85111
1441.67	-6.85815
1444.37	9.13455
1447.07	17.127
1449.77	13.1192
1452.47	11.1111
1455.16	13.1027
1457.86	27.0941
1460.56	7.08519
1463.25	7.07603
1465.94	17.0666
1468.64	11.0569
1471.33	17.047
1474.02	7.03675
1476.71	5.02627
1479.4	13.0155
1482.09	21.0045
1484.77	8.9932
1487.46	6.98165
1490.14	14.9698
1492.83	16.9577
1495.51	12.9454
1498.19	2.93274
1500.87	16.9199
1503.55	2.90668
1506.23	16.8932
1508.91	20.8795
1511.59	8.86557
1514.27	22.8513
1516.94	10.8368
1519.62	0.822023
1522.29	0.80697
1524.96	22.7916
1527.63	16.776
1530.3	-1.23982
1532.97	14.744
1535.64	4.72763
1538.31	14.7109
1540.98	10.694
1543.64	-1.32323
1546.31	16.6593
1548.97	-9.3585
1551.63	8.62346
1554.3	8.60513
1556.96	-5.41346
1559.62	12.5677
1562.28	6.54855
1564.94	10.5291
1567.59	6.50945
1570.25	18.4895
1572.9	4.46925
1575.56	10.4487
1578.21	14.428
1580.86	20.4069
1583.52	10.3856
1586.17	14.364
1588.82	0.342071
1591.47	22.3199
1594.11	22.2975
1596.76	10.2748
1599.41	14.2518
1602.05	18.2285
1604.69	2.20498
1607.34	12.1812
1609.98	-1.84294
1612.62	-11.8673
1615.26	24.108
1617.9	10.0831
1620.54	12.0579
1623.18	-3.96758
1625.81	26.0066
1628.45	13.9806
1631.08	19.9543
1633.72	11.9277
1636.35	-8.09917
1638.98	1.87367
1641.61	17.8462
1644.24	-0.181481
1646.87	13.7905
1649.5	1.76224
1652.13	9.7337
1654.75	7.70486
1657.38	11.6758
1660	11.6463
1662.63	-4.38332
1665.25	-0.413294
1667.87	15.5565
1670.49	-0.474044
1673.11	21.4952
1675.73	19.4641
1678.35	-6.56729
1680.96	11.4011
1683.58	11.3692
1686.19	9.33693
1688.81	7.30443
1691.42	17.2717
1694.03	13.2386
1696.64	13.2053
1699.25	-6.82835
1701.87	9.13773
1704.47	17.1035
1707.08	21.0691
1709.69	5.03432
1712.29	12.9993
1714.9	-7.03605
1717.5	8.92836
1720.1	-3.10754
1722.71	12.8563
1725.31	10.8198
1727.91	-1.21694
1730.51	20.746
1733.1	10.7087
1735.7	-1.32889
1738.3	8.63323
1740.89	26.5951
1743.49	10.5566
1746.08	16.5179
1748.67	6.47883
1751.26	30.4395
1753.86	6.39992
1756.45	0.360023
1759.03	10.3199
1761.62	16.2794
1764.21	18.2387
1766.8	12.1976
1769.38	10.1563
1771.97	8.11468
1774.55	16.0728
1777.13	10.0306
1779.71	13.9881
1782.29	9.94539
1784.87	7.90234
1787.45	7.85899
1790.03	17.8154
1792.61	1.77146
1795.18	7.72728
1797.76	-2.31723
1800.33	13.638
1802.9	7.59294
1805.48	19.5476
1808.05	13.5019
1810.62	7.45601
1813.19	19.4098
1815.76	-2.63673
1818.33	9.31646
1820.89	11.2694
1823.46	11.222
1826.02	13.1743
1828.59	7.12636
1831.15	17.0781
1833.71	13.0296
1836.27	-1.01928
1838.84	8.9316
1841.39	10.8822
1843.95	14.8325
1846.51	8.78248
1849.07	22.7322
1851.62	14.6816
1854.18	8.63075
1856.73	10.5796
1859.29	-1.47186
1861.84	-7.52359
1864.39	2.42438
1866.94	8.37203
1869.49	18.3194
1872.04	-7.7335
1874.59	4.2133
1877.13	-1.8402
1879.68	10.106
1882.22	14.0519
1884.77	3.99756
1887.31	-8.05709
1889.85	3.88793
1892.39	13.8327
1894.93	5.77716
1897.47	-2.27871
1900.01	5.66516
1902.55	7.60874
1905.09	11.552
1907.62	11.495
1910.16	1.43773
1912.69	15.3801
1915.22	11.3222
1917.76	9.26404
1920.29	5.20554
1922.82	11.1468
1925.35	7.08768
1927.88	9.02832
1930.4	6.96867
1932.93	4.90871
1935.46	8.84846
1937.98	2.78791
1940.51	-3.27293
1943.03	10.6659
1945.55	6.60452
1948.07	-15.4572
1950.59	-1.51922
1953.11	0.418432
1955.63	12.3558
1958.15	12.2929
1960.67	20.2297
1963.18	8.16625
1965.7	10.1024
1968.21	8.03836
1970.73	1.97396
1973.24	1.90926
1975.75	5.84432
1978.26	5.77902
1980.77	9.71347
1983.28	7.64757
1985.79	7.58142
1988.29	-0.485029
1990.8	3.44817
1993.31	9.38112
1995.81	21.3138
1998.31	15.2462
