100.093	8.03644
103.274	-1.8185
106.457	18.3258
109.636	2.4692
112.817	-7.38816
115.994	0.75354
119.172	-5.10549
122.347	5.03455
125.521	23.1738
128.696	11.3122
131.868	5.4498
135.039	13.5865
138.209	5.72248
141.379	9.85768
144.547	5.99198
147.713	2.12548
150.879	10.2582
154.043	6.39005
157.206	0.52113
160.368	4.65141
163.529	4.7809
166.689	10.9096
169.848	15.0375
173.006	13.1646
176.163	3.29096
179.316	1.41642
182.471	5.54119
185.625	-10.3348
188.777	3.78841
191.927	3.91077
195.077	18.0325
198.224	10.1533
201.372	6.27344
204.52	20.3928
207.664	12.5114
210.809	-5.37075
213.95	8.74629
217.091	10.8626
220.233	-1.0218
223.372	21.093
226.509	15.2071
229.648	17.3204
232.784	9.43302
235.918	17.5449
239.051	1.65597
242.186	5.76642
245.317	7.87608
248.447	15.985
251.577	10.0932
254.705	6.2007
257.832	14.3075
260.958	6.41352
264.083	4.51886
267.204	8.62342
270.327	2.72735
273.449	0.830571
276.57	2.93309
279.69	1.03491
282.806	7.13596
285.924	31.2364
289.04	13.3361
292.154	-4.56489
295.268	13.5335
298.379	-0.368926
301.492	3.72807
304.601	9.82431
307.711	11.9199
310.818	2.01484
313.924	6.10907
317.031	16.2027
320.135	2.29557
323.238	18.3878
326.34	14.4794
329.443	14.5703
332.543	2.66056
335.642	22.7502
338.74	4.83909
341.836	-1.07263
344.932	9.01501
348.027	11.102
351.12	23.1884
354.213	1.27406
357.302	21.3591
360.393	5.44352
363.482	13.5273
366.57	17.6105
369.656	13.693
372.742	1.77489
375.827	-0.143815
378.91	13.9368
381.993	16.0169
385.073	-9.90376
388.154	22.1751
391.232	4.25321
394.311	14.3308
397.387	4.40775
400.462	6.48408
403.536	10.5598
406.611	-3.365
409.683	2.70953
412.754	10.7835
415.824	0.856816
418.893	8.92957
421.961	1.00174
425.027	-2.92668
428.093	11.1443
431.158	-12.7853
434.222	-6.71544
437.284	11.3538
440.346	7.4225
443.407	25.4906
446.464	15.5581
449.523	1.62508
452.581	-6.30852
455.635	11.7573
458.691	9.82256
461.743	3.88724
464.797	-0.0485997
467.847	20.015
470.899	30.078
473.947	22.1405
476.994	8.20241
480.043	18.2638
483.088	8.32465
486.133	18.3849
489.176	4.44469
492.22	8.50394
495.262	20.5626
498.302	8.62076
501.341	14.6784
504.38	6.73547
507.417	16.792
510.453	12.8481
513.487	-3.09645
516.521	8.95855
519.554	9.01304
522.586	11.067
525.616	7.12042
528.646	7.17337
531.675	23.2258
534.701	7.2777
537.729	23.3291
540.753	1.38002
543.778	3.43044
546.8	1.48033
549.821	9.52973
552.844	-0.421329
555.863	-2.37291
558.881	15.675
561.898	-4.27755
564.916	9.76944
567.932	15.8159
570.946	9.8619
573.959	9.90742
576.971	11.9525
579.982	13.997
582.993	8.04111
586	10.0847
589.008	12.1279
592.015	8.17054
595.022	26.2128
598.025	-1.7455
601.029	2.2958
604.032	4.33665
607.033	10.377
610.034	6.41695
613.032	14.4564
616.032	8.49545
619.028	8.53401
622.023	-1.42787
625.018	14.6098
628.013	-7.35294
631.005	22.6839
633.997	-5.27978
636.987	8.75614
639.977	12.7916
642.965	20.8267
645.952	-7.13868
648.939	8.89553
651.924	12.9293
654.909	-3.03734
657.892	6.9956
660.873	-0.971905
663.854	7.0602
666.835	7.09188
669.813	15.1231
672.791	13.154
675.767	9.18443
678.743	5.21447
681.717	15.2441
684.692	17.2733
687.664	9.30215
690.634	21.3306
693.606	9.35861
696.575	11.3862
699.543	23.4135
702.51	7.44031
705.475	19.4668
708.44	7.49283
711.404	1.51851
714.367	13.5438
717.329	15.5687
720.29	3.59326
723.25	7.61742
726.207	13.6412
729.166	17.6646
732.123	-0.312372
735.077	15.7103
738.032	1.73258
740.984	11.7545
743.938	11.7761
746.888	9.79725
749.839	9.8181
752.788	11.8386
755.735	7.85868
758.682	31.8784
761.627	9.89785
764.574	5.91692
767.517	9.93563
770.46	25.954
773.402	13.972
776.342	5.98967
779.282	14.007
782.219	0.0239729
785.157	16.0406
788.094	26.0569
791.029	10.0729
793.962	10.0886
796.896	14.1039
799.828	14.1188
802.76	10.1335
805.689	18.1478
808.619	12.1618
811.546	10.1755
814.473	20.1889
817.4	8.20193
820.324	28.2147
823.248	24.2271
826.17	8.23916
829.092	12.2509
832.012	24.2624
834.932	12.2736
837.851	-5.71554
840.768	16.295
843.685	14.3053
846.599	16.3152
849.514	14.3249
852.428	22.3343
855.339	20.3433
858.251	26.3521
861.16	16.3606
864.07	20.3688
866.978	14.3767
869.884	10.3843
872.792	30.3916
875.696	10.3987
878.599	10.4054
881.502	12.4119
884.404	10.4181
887.304	16.4241
890.204	-5.57026
893.103	10.4351
896.001	14.4403
898.898	14.4451
901.794	14.4497
904.689	24.454
907.581	16.4581
910.474	18.4618
913.364	4.46537
916.256	14.4686
919.144	18.4717
922.034	-1.52558
924.92	14.4769
927.808	6.47918
930.693	16.4812
933.576	18.4829
936.459	4.48445
939.341	-1.51429
942.222	-3.51327
945.102	6.48751
947.981	12.488
950.859	-5.51166
953.737	4.4884
956.613	0.488229
959.488	16.4878
962.361	12.4872
965.235	8.48631
968.105	-3.51478
970.977	10.4839
973.846	-1.51766
976.716	2.48057
979.583	14.4786
982.449	4.47635
985.316	12.4739
988.18	-3.52874
991.043	16.4684
993.906	8.46531
996.767	10.462
999.628	12.4585
1002.49	8.4548
1005.35	12.4509
1008.2	14.4467
1011.06	16.4424
1013.91	16.4379
1016.77	0.433142
1019.62	2.42821
1022.48	26.4231
1025.33	18.4177
1028.18	0.412216
1031.03	8.4065
1033.87	14.4006
1036.72	10.3945
1039.57	20.3882
1042.41	16.3817
1045.26	10.3751
1048.1	4.36822
1050.94	-1.63881
1053.78	6.35398
1056.62	12.3466
1059.46	10.339
1062.3	12.3313
1065.14	-1.67663
1067.97	4.31528
1070.81	10.307
1073.64	14.2986
1076.47	-3.71001
1079.31	8.28122
1082.14	2.27229
1084.97	12.2632
1087.8	10.2539
1090.63	12.2445
1093.45	14.2349
1096.28	12.2252
1099.1	22.2153
1101.93	-5.79474
1104.75	6.19505
1107.57	20.1847
1110.39	4.17419
1113.21	8.16355
1116.03	2.15274
1118.85	22.1418
1121.66	20.1307
1124.48	12.1195
1127.3	-7.8919
1130.11	16.0966
1132.92	14.0849
1135.73	8.07314
1138.54	14.0612
1141.35	16.0492
1144.16	12.0369
1146.97	12.0246
1149.78	24.0122
1152.58	17.9996
1155.39	7.98688
1158.19	5.97404
1161	-4.03892
1163.8	11.948
1166.6	21.9348
1169.4	5.92146
1172.2	7.90802
1174.99	15.8945
1177.79	19.8808
1180.59	17.867
1183.38	5.8531
1186.17	15.8391
1188.97	1.82496
1191.76	13.8107
1194.55	7.79638
1197.34	9.78194
1200.13	11.7674
1202.92	11.7527
1205.7	11.738
1208.49	5.72313
1211.27	5.70817
1214.06	5.69313
1216.84	1.67798
1219.62	9.66274
1222.4	7.6474
1225.18	5.63198
1227.96	7.61646
1230.74	21.6008
1233.51	11.5852
1236.29	7.56938
1239.06	15.5535
1241.84	-0.462438
1244.61	7.52153
1247.38	13.5054
1250.15	1.48923
1252.92	9.47296
1255.69	7.4566
1258.46	1.44019
1261.23	9.42368
1263.99	7.40712
1266.76	3.39047
1269.52	-0.62624
1272.28	11.357
1275.05	23.3401
1277.81	-0.676792
1280.57	-2.69377
1283.33	3.28918
1286.08	5.27208
1288.84	13.2549
1291.6	17.2377
1294.35	13.2204
1297.11	-6.79695
1299.86	13.1856
1302.61	3.16819
1305.36	9.15068
1308.11	13.1331
1310.86	3.11551
1313.61	-0.902147
1316.36	11.0801
1319.1	-0.937619
1321.85	13.0446
1324.59	11.0267
1327.33	27.0088
1330.08	16.9909
1332.82	10.9729
1335.56	6.95493
1338.3	6.93687
1341.04	6.9188
1343.77	4.90067
1346.51	18.8825
1349.25	0.864326
1351.98	2.84611
1354.71	6.82785
1357.45	6.80957
1360.18	6.79127
1362.91	14.7729
1365.64	0.75456
1368.37	-3.26383
1371.09	20.7178
1373.82	10.6993
1376.54	4.68089
1379.27	10.6624
1381.99	-1.35608
1384.72	4.62541
1387.44	4.60689
1390.16	14.5884
1392.88	8.5698
1395.6	14.5512
1398.31	4.53266
1401.03	-5.48592
1403.75	12.4955
1406.46	2.47688
1409.18	4.45827
1411.89	18.4397
1414.6	10.421
1417.31	12.4024
1420.02	8.38381
1422.73	12.3652
1425.44	2.34656
1428.15	12.328
1430.85	-1.69067
1433.56	26.2907
1436.26	-1.72789
1438.97	2.25352
1441.67	14.2349
1444.37	0.216349
1447.07	20.1978
1449.77	14.1792
1452.47	4.16067
1455.16	26.1421
1457.86	6.12361
1460.56	6.1051
1463.25	10.0866
1465.94	6.06815
1468.64	2.0497
1471.33	20.0313
1474.02	-3.98714
1476.71	5.99448
1479.4	11.9761
1482.09	7.95778
1484.77	-4.06053
1487.46	-2.07881
1490.14	9.90293
1492.83	-6.1153
1495.51	-8.13349
1498.19	21.8483
1500.87	-2.16978
1503.55	13.8121
1506.23	-2.20595
1508.91	-4.22397
1511.59	5.75804
1514.27	-0.259908
1516.94	17.7222
1519.62	1.7043
1522.29	19.6865
1524.96	1.66869
1527.63	1.65095
1530.3	9.63325
1532.97	27.6156
1535.64	1.59799
1538.31	13.5804
1540.98	11.5629
1543.64	-0.454538
1546.31	15.5281
1548.97	9.5107
1551.63	5.4934
1554.3	9.47615
1556.96	11.459
1559.62	-0.558177
1562.28	17.4247
1564.94	-0.592274
1567.59	-0.609234
1570.25	13.3739
1572.9	17.357
1575.56	21.3402
1578.21	7.32354
1580.86	9.30689
1583.52	9.29031
1586.17	17.2738
1588.82	7.25734
1591.47	5.24097
1594.11	19.2247
1596.76	-2.79157
1599.41	13.1923
1602.05	15.1762
1604.69	9.16016
1607.34	-2.85578
1609.98	19.1283
1612.62	-4.88744
1615.26	5.09684
1617.9	-0.918781
1620.54	3.06566
1623.18	7.0502
1625.81	3.0348
1628.45	-0.980501
1631.08	5.00428
1633.72	10.9891
1636.35	6.9741
1638.98	-1.04087
1641.61	14.9443
1644.24	2.92947
1646.87	4.91477
1649.5	14.9002
1652.13	10.8857
1654.75	12.8712
1657.38	16.8569
1660	4.84267
1662.63	8.82854
1665.25	-1.18551
1667.87	0.800552
1670.49	6.78671
1673.11	6.77297
1675.73	8.75933
1678.35	-1.25422
1680.96	-1.26766
1683.58	20.719
1686.19	12.7058
1688.81	-1.30735
1691.42	6.67964
1694.03	24.6667
1696.64	6.65392
1699.25	0.641229
1701.87	14.6286
1704.47	-5.38383
1707.08	-5.3962
1709.69	8.59156
1712.29	18.5794
1714.9	6.5674
1717.5	-1.4445
1720.1	6.54371
1722.71	0.532035
1725.31	4.52049
1727.91	6.50905
1730.51	8.49774
1733.1	14.4865
1735.7	-1.52453
1738.3	14.4645
1740.89	-11.5463
1743.49	2.44301
1746.08	-7.56757
1748.67	20.422
1751.26	10.4117
1753.86	6.40148
1756.45	4.39141
1759.03	6.38149
1761.62	10.3717
1764.21	28.362
1766.8	12.3525
1769.38	4.34308
1771.97	4.33381
1774.55	20.3247
1777.13	24.3157
1779.71	8.30682
1782.29	0.298099
1784.87	10.2895
1787.45	20.2811
1790.03	10.2728
1792.61	6.26461
1795.18	20.2566
1797.76	4.24871
1800.33	16.241
1802.9	16.2334
1805.48	14.226
1808.05	20.2187
1810.62	16.2115
1813.19	22.2045
1815.76	4.19766
1818.33	0.190956
1820.89	2.18441
1823.46	10.178
1826.02	-3.82824
1828.59	4.16567
1831.15	-11.8403
1833.71	12.1539
1836.27	-1.85168
1838.84	6.14285
1841.39	6.13753
1843.95	14.1324
1846.51	2.12738
1849.07	18.1225
1851.62	16.1179
1854.18	10.1134
1856.73	12.109
1859.29	6.10481
1861.84	4.10078
1864.39	-3.90308
1866.94	4.09323
1869.49	2.0897
1872.04	0.0863354
1874.59	8.08314
1877.13	6.08011
1879.68	2.07726
1882.22	2.07457
1884.77	22.0721
1887.31	0.0697153
1889.85	8.06754
1892.39	10.0655
1894.93	18.0637
1897.47	18.0621
1900.01	2.0606
1902.55	12.0593
1905.09	8.05819
1907.62	4.05725
1910.16	16.0565
1912.69	14.0559
1915.22	18.0555
1917.76	6.05528
1920.29	12.0552
1922.82	12.0554
1925.35	10.0557
1927.88	22.0562
1930.4	0.0569226
1932.93	8.05781
1935.46	-1.94113
1937.98	6.06013
1940.51	16.0616
1943.03	6.06321
1945.55	12.065
1948.07	2.06704
1950.59	6.06924
1953.11	8.07164
1955.63	14.0742
1958.15	16.077
1960.67	-3.92003
1963.18	2.08314
1965.7	4.08651
1968.21	16.0901
1970.73	0.0938225
1973.24	14.0978
1975.75	8.10193
1978.26	8.10628
1980.77	8.11083
1983.28	10.1156
1985.79	-3.87947
1988.29	12.1257
1990.8	6.13104
1993.31	4.1366
1995.81	-7.85763
1998.31	12.1483
