100.093	11.8028
103.274	7.95213
106.457	0.100594
109.636	16.2479
112.817	8.3944
115.994	6.53975
119.172	4.6842
122.347	18.8276
125.521	2.96992
128.696	1.1114
131.868	5.2518
135.039	11.3912
138.209	3.52967
141.379	9.66724
144.547	1.80374
147.713	3.93929
150.879	4.07387
154.043	0.207491
157.206	8.34016
160.368	6.47188
163.529	4.60265
166.689	-1.26752
169.848	-7.13862
173.006	4.98933
176.163	5.11635
179.316	13.2424
182.471	13.3675
185.625	1.49178
188.777	21.6151
191.927	-4.26256
195.077	3.85894
198.224	7.97946
201.372	12.0991
204.52	-1.78206
207.664	16.3358
210.809	0.452753
213.95	6.56878
217.091	2.68393
220.233	8.79827
223.372	-1.08835
226.509	11.0242
229.648	17.1359
232.784	3.24663
235.918	15.3565
239.051	7.46557
242.186	-4.42618
245.317	7.68114
248.447	3.78762
251.577	3.89324
254.705	17.998
257.832	-5.89805
260.958	6.20505
264.083	4.30731
267.204	14.4087
270.327	10.5093
273.449	16.6091
276.57	6.70801
279.69	12.8061
282.806	2.9034
285.924	-3.00009
289.04	25.0956
292.154	-8.80955
295.268	21.2845
298.379	7.37778
301.492	15.4703
304.601	-2.43807
307.711	13.6528
310.818	-4.25708
313.924	5.83222
317.031	15.9208
320.135	4.00853
323.238	-15.9045
326.34	6.1817
329.443	12.2672
332.543	18.3519
335.642	6.43578
338.74	0.518936
341.836	10.6013
344.932	18.683
348.027	10.7639
351.12	4.84408
354.213	18.9235
357.302	-0.997856
360.393	11.0801
363.482	27.1573
366.57	15.2338
369.656	-14.6904
372.742	1.38462
375.827	29.459
378.91	5.53254
381.993	-4.39455
385.073	13.6776
388.154	17.7491
391.232	3.81986
394.311	-0.110034
397.387	13.9593
400.462	6.02799
403.536	18.096
406.611	-1.83669
409.683	8.22992
412.754	4.29585
415.824	-1.63889
418.893	8.42569
421.961	10.4896
425.027	6.55284
428.093	-1.38458
431.158	2.67734
434.222	2.7386
437.284	14.7992
440.346	18.8592
443.407	16.9185
446.464	16.9771
449.523	3.03509
452.581	9.09246
455.635	-0.85084
458.691	-0.794738
461.743	13.2607
464.797	15.3155
467.847	15.3697
470.899	19.4233
473.947	5.47626
476.994	13.5286
480.043	13.5803
483.088	21.6314
486.133	3.68193
489.176	11.7318
492.22	17.7811
495.262	19.8298
498.302	1.87794
501.341	5.92544
504.38	5.97236
507.417	16.0187
510.453	20.0644
513.487	4.10957
516.521	8.15416
519.554	-1.80183
522.586	6.24161
525.616	2.28445
528.646	4.32676
531.675	8.3685
534.701	6.40965
537.729	8.45028
540.753	10.4903
543.778	10.5298
546.8	4.56878
549.821	16.6072
552.844	12.6451
555.863	8.68236
558.881	10.7191
561.898	12.7554
564.916	0.791107
567.932	0.826286
570.946	8.86094
573.959	0.895067
576.971	10.9287
579.982	16.9618
582.993	6.99434
586	9.02638
589.008	9.05793
592.015	9.08898
595.022	25.1195
598.025	25.1495
601.029	5.17908
604.032	9.20813
607.033	11.2367
610.034	3.26472
613.032	13.2923
616.032	7.31937
619.028	5.34596
622.023	7.37207
625.018	9.3977
628.013	27.4229
631.005	5.44756
633.997	17.4718
636.987	11.4955
639.977	5.51883
642.965	-2.45834
645.952	9.56403
648.939	29.5859
651.924	11.6074
654.909	5.62843
657.892	7.64899
660.873	11.6691
663.854	7.68878
666.835	1.70802
669.813	21.7268
672.791	17.7452
675.767	17.7631
678.743	-4.21938
681.717	9.7977
684.692	3.81436
687.664	11.8306
690.634	1.8464
693.606	-2.1382
696.575	7.87678
699.543	11.8914
702.51	7.90552
705.475	11.9193
708.44	3.93263
711.404	9.94559
714.367	15.9581
717.329	19.9703
720.29	23.9821
723.25	3.99346
726.207	6.00444
729.166	12.015
732.123	4.02527
735.077	12.0351
738.032	8.04458
740.984	12.0537
743.938	0.062385
746.888	26.0707
749.839	14.0787
752.788	12.0863
755.735	16.0936
758.682	14.1005
761.627	14.107
764.574	22.1132
767.517	12.119
770.46	18.1245
773.402	10.1296
776.342	26.1344
779.282	16.1388
782.219	8.14294
785.157	10.1467
788.094	20.1501
791.029	4.15322
793.962	32.156
796.896	2.15843
799.828	-1.83946
802.76	20.1623
805.689	14.1638
808.619	24.1649
811.546	6.16577
814.473	34.1663
817.4	4.1665
820.324	28.1664
823.248	6.16599
826.17	6.16528
829.092	8.16427
832.012	30.163
834.932	8.16135
837.851	8.15945
840.768	28.1573
843.685	24.1548
846.599	12.152
849.514	20.1489
852.428	22.1456
855.339	-1.85801
858.251	20.1381
861.16	12.1339
864.07	10.1295
866.978	20.1248
869.884	18.1198
872.792	-5.88548
875.696	24.109
878.599	6.10323
881.502	12.0972
884.404	14.0909
887.304	18.0844
890.204	12.0776
893.103	0.0705075
896.001	12.0632
898.898	16.0557
901.794	16.0479
904.689	8.03984
907.581	4.03158
910.474	8.02307
913.364	14.0143
916.256	16.0054
919.144	13.9962
922.034	9.98674
924.92	13.9771
927.808	1.9672
930.693	19.9571
933.576	5.94679
936.459	15.9363
939.341	13.9255
942.222	9.91456
945.102	19.9034
947.981	13.892
950.859	7.88043
953.737	11.8686
956.613	3.85665
959.488	-22.1555
962.361	13.8321
965.235	9.8195
968.105	11.8067
970.977	13.7938
973.846	-14.2194
976.716	-4.23271
979.583	15.7538
982.449	3.74008
985.316	5.7262
988.18	5.71214
991.043	9.69791
993.906	3.68351
996.767	3.66893
999.628	15.6542
1002.49	7.63927
1005.35	9.6242
1008.2	11.609
1011.06	1.59356
1013.91	5.578
1016.77	19.5623
1019.62	1.54642
1022.48	17.5304
1025.33	19.5142
1028.18	17.4979
1031.03	21.4814
1033.87	13.4648
1036.72	11.4481
1039.57	15.4312
1042.41	17.4142
1045.26	17.397
1048.1	17.3797
1050.94	3.36229
1053.78	13.3447
1056.62	15.327
1059.46	15.3092
1062.3	7.2913
1065.14	23.2733
1067.97	15.2551
1070.81	9.23679
1073.64	15.2184
1076.47	3.19986
1079.31	3.18122
1082.14	11.1625
1084.97	17.1436
1087.8	15.1247
1090.63	-0.894375
1093.45	3.08647
1096.28	17.0672
1099.1	15.0479
1101.93	9.02841
1104.75	23.0089
1107.57	-3.01078
1110.39	-5.0305
1113.21	2.94969
1116.03	24.9298
1118.85	12.9098
1121.66	-1.11025
1124.48	16.8696
1127.3	16.8494
1130.11	16.8291
1132.92	-9.19129
1135.73	2.78827
1138.54	0.767757
1141.35	12.7472
1144.16	20.7265
1146.97	10.7058
1149.78	2.68502
1152.58	10.6642
1155.39	16.6433
1158.19	16.6223
1161	2.60134
1163.8	8.58028
1166.6	20.5592
1169.4	18.538
1172.2	0.516796
1174.99	8.49553
1177.79	14.4742
1180.59	2.4529
1183.38	-5.56847
1186.17	6.41009
1188.97	16.3886
1191.76	6.36715
1194.55	12.3456
1197.34	4.32407
1200.13	4.30249
1202.92	16.2809
1205.7	10.2592
1208.49	16.2376
1211.27	10.2159
1214.06	-7.80579
1216.84	6.17248
1219.62	-1.84925
1222.4	16.129
1225.18	12.1072
1227.96	4.08546
1230.74	8.06366
1233.51	28.0419
1236.29	14.0201
1239.06	19.9983
1241.84	9.97647
1244.61	13.9547
1247.38	-2.06714
1250.15	5.91107
1252.92	1.88927
1255.69	1.86748
1258.46	7.84571
1261.23	-0.176067
1263.99	7.80218
1266.76	17.7804
1269.52	7.75871
1272.28	7.737
1275.05	11.7153
1277.81	7.69362
1280.57	5.67197
1283.33	9.65035
1286.08	7.62875
1288.84	19.6072
1291.6	9.58562
1294.35	9.56411
1297.11	11.5426
1299.86	9.52118
1302.61	15.4998
1305.36	1.4784
1308.11	5.45706
1310.86	3.43577
1313.61	-0.585477
1316.36	-0.606695
1319.1	9.37215
1321.85	15.351
1324.59	13.33
1327.33	3.30896
1330.08	1.288
1332.82	1.26709
1335.56	15.2462
1338.3	-6.77456
1341.04	-0.795289
1343.77	-4.81597
1346.51	-0.836572
1349.25	1.14287
1351.98	11.1224
1354.71	5.10197
1357.45	9.08163
1360.18	11.0614
1362.91	9.04114
1365.64	15.021
1368.37	-6.99904
1371.09	2.98098
1373.82	16.9611
1376.54	16.9413
1379.27	12.9215
1381.99	0.901874
1384.72	10.8823
1387.44	6.86282
1390.16	20.8434
1392.88	14.8241
1395.6	0.804899
1398.31	4.78578
1401.03	0.766756
1403.75	8.74783
1406.46	8.72898
1409.18	2.71024
1411.89	0.691607
1414.6	4.67307
1417.31	16.6547
1420.02	10.6363
1422.73	8.6181
1425.44	4.59999
1428.15	12.582
1430.85	2.5641
1433.56	4.54633
1436.26	12.5287
1438.97	4.51111
1441.67	2.49368
1444.37	8.47637
1447.07	10.4592
1449.77	-3.55789
1452.47	16.4252
1455.16	12.4083
1457.86	4.39165
1460.56	0.375076
1463.25	-1.64137
1465.94	4.34233
1468.64	14.3262
1471.33	4.31011
1474.02	14.2942
1476.71	2.27843
1479.4	4.26279
1482.09	16.2473
1484.77	10.2319
1487.46	12.2167
1490.14	2.20167
1492.83	10.1867
1495.51	-11.828
1498.19	2.15734
1500.87	6.14287
1503.55	16.1285
1506.23	8.11437
1508.91	0.10035
1511.59	24.0865
1514.27	10.0728
1516.94	12.0592
1519.62	20.0458
1522.29	-5.9674
1524.96	8.01953
1527.63	4.00663
1530.3	-4.00611
1532.97	7.98132
1535.64	15.9689
1538.31	-8.04333
1540.98	7.94461
1543.64	15.9327
1546.31	5.921
1548.97	-4.09054
1551.63	-4.10191
1554.3	11.8869
1556.96	9.87588
1559.62	21.8651
1562.28	-6.1456
1564.94	21.8439
1567.59	1.83366
1570.25	7.82356
1572.9	5.81365
1575.56	13.8039
1578.21	5.7944
1580.86	11.7851
1583.52	3.7759
1586.17	13.7669
1588.82	5.75819
1591.47	-0.250374
1594.11	15.7413
1596.76	-10.2669
1599.41	3.72513
1602.05	7.71737
1604.69	1.7098
1607.34	15.7024
1609.98	-0.304705
1612.62	13.6883
1615.26	29.6816
1617.9	17.6751
1620.54	-0.331231
1623.18	3.66267
1625.81	9.65677
1628.45	7.6511
1631.08	3.64564
1633.72	1.6404
1636.35	15.6354
1638.98	9.63057
1641.61	-2.37402
1644.24	-0.378378
1646.87	3.61748
1649.5	15.6136
1652.13	5.60988
1654.75	11.6064
1657.38	-14.3968
1660	17.6002
1662.63	19.5974
1665.25	13.5949
1667.87	11.5926
1670.49	21.5905
1673.11	11.5887
1675.73	15.5871
1678.35	3.58572
1680.96	-4.4154
1683.58	9.58372
1686.19	-2.41691
1688.81	19.5827
1691.42	3.58255
1694.03	7.58265
1696.64	9.58299
1699.25	-0.416414
1701.87	3.58443
1704.47	3.58552
1707.08	19.5869
1709.69	3.58847
1712.29	13.5903
1714.9	23.5924
1717.5	15.5948
1720.1	5.59741
1722.71	5.60029
1725.31	9.60343
1727.91	11.6068
1730.51	11.6105
1733.1	3.61442
1735.7	1.61862
1738.3	3.62308
1740.89	-2.3722
1743.49	21.6328
1746.08	13.6381
1748.67	17.6436
1751.26	-2.35061
1753.86	9.65547
1756.45	7.66182
1759.03	-2.33155
1761.62	3.67535
1764.21	1.68253
1766.8	11.69
1769.38	9.69772
1771.97	7.70575
1774.55	7.71405
1777.13	19.7226
1779.71	5.7315
1782.29	5.74064
1784.87	15.7501
1787.45	25.7598
1790.03	5.76982
1792.61	3.78013
1795.18	15.7907
1797.76	21.8016
1800.33	13.8128
1802.9	13.8243
1805.48	5.83603
1808.05	21.8481
1810.62	13.8605
1813.19	21.8731
1815.76	1.88607
1818.33	15.8993
1820.89	-0.0871033
1823.46	29.9268
1826.02	3.94093
1828.59	9.95539
1831.15	3.97017
1833.71	5.98526
1836.27	2.00065
1838.84	10.0163
1841.39	2.03236
1843.95	8.04868
1846.51	8.06532
1849.07	8.08226
1851.62	6.09952
1854.18	6.1171
1856.73	8.13499
1859.29	2.1532
1861.84	4.17173
1864.39	2.19057
1866.94	22.2097
1869.49	14.2292
1872.04	10.249
1874.59	10.2692
1877.13	10.2896
1879.68	10.3104
1882.22	8.33153
1884.77	-5.64703
1887.31	16.3747
1889.85	12.3968
1892.39	2.41925
1894.93	10.442
1897.47	8.4651
1900.01	22.4885
1902.55	8.51228
1905.09	16.5364
1907.62	14.5608
1910.16	0.585554
1912.69	4.61066
1915.22	12.6361
1917.76	6.66189
1920.29	14.688
1922.82	18.7145
1925.35	0.741301
1927.88	-7.23155
1930.4	8.79595
1932.93	8.82379
1935.46	-3.14802
1937.98	6.88052
1940.51	16.9094
1943.03	6.93866
1945.55	10.9682
1948.07	12.9982
1950.59	15.0285
1953.11	5.05913
1955.63	-8.90988
1958.15	11.1215
1960.67	-6.84682
1963.18	5.18525
1965.7	11.2177
1968.21	-0.749535
1970.73	9.28362
1973.24	13.3171
1975.75	13.351
1978.26	17.3852
1980.77	3.41981
1983.28	17.4548
1985.79	-0.509894
1988.29	3.52579
1990.8	7.56187
1993.31	1.5983
1995.81	9.6351
1998.31	21.6722
