100.093	-1.01675
103.274	-2.9493
106.457	19.1179
109.636	9.18486
112.817	11.2516
115.994	-0.682047
119.172	-0.615879
122.347	11.45
125.521	3.51557
128.696	-0.419059
131.868	3.646
135.039	7.7108
138.209	13.7753
141.379	13.8397
144.547	11.9037
147.713	31.9674
150.879	10.0309
154.043	12.0941
157.206	0.157086
160.368	-1.78021
163.529	0.282233
166.689	6.34442
169.848	16.4063
173.006	12.468
176.163	2.52942
179.316	-11.4095
182.471	14.6514
185.625	0.712055
188.777	-1.22756
191.927	12.8325
195.077	14.8924
198.224	2.95196
201.372	9.01132
204.52	15.0704
207.664	3.12923
210.809	21.1878
213.95	13.2461
217.091	7.30419
220.233	5.36203
223.372	5.41958
226.509	1.47688
229.648	-6.46604
232.784	17.5908
235.918	5.64731
239.051	17.7036
242.186	3.75969
245.317	15.8155
248.447	11.871
251.577	-6.07365
254.705	7.98141
257.832	6.03622
260.958	0.0907874
264.083	0.145106
267.204	6.19914
270.327	4.25297
273.449	2.30656
276.57	14.3599
279.69	8.41299
282.806	6.46581
285.924	2.51842
289.04	20.5708
292.154	14.6229
295.268	2.67476
298.379	14.7264
301.492	12.7778
304.601	12.8289
307.711	2.87981
310.818	8.93045
313.924	12.9809
317.031	9.03106
320.135	7.08099
323.238	17.1307
326.34	5.18014
329.443	5.22939
332.543	9.27837
335.642	11.3271
338.74	13.3756
341.836	19.4239
344.932	21.4719
348.027	15.5197
351.12	3.56731
354.213	15.6146
357.302	7.66172
360.393	11.7086
363.482	13.7552
366.57	11.8016
369.656	19.8478
372.742	1.89371
375.827	19.9394
378.91	3.98487
381.993	6.03012
385.073	-5.92489
388.154	32.1199
391.232	2.16443
394.311	6.20877
397.387	18.2528
400.462	12.2967
403.536	4.34031
406.611	18.3837
409.683	6.4269
412.754	0.469841
415.824	10.5126
418.893	6.55505
421.961	-1.40269
425.027	0.639352
428.093	4.68117
431.158	8.72276
434.222	0.76413
437.284	2.80528
440.346	8.8462
443.407	-5.1131
446.464	-1.07264
449.523	0.967614
452.581	11.0077
455.635	7.04744
458.691	9.08704
461.743	5.12639
464.797	9.16555
467.847	3.20446
470.899	1.24318
473.947	7.28165
476.994	11.3199
480.043	3.35798
483.088	3.3958
486.133	9.4334
489.176	7.4708
492.22	3.50799
495.262	15.545
498.302	19.5817
501.341	15.6182
504.38	-4.34546
507.417	-4.30936
510.453	-0.273474
513.487	3.76218
516.521	15.7976
519.554	-4.16712
522.586	5.86792
525.616	5.90272
528.646	19.9373
531.675	3.97174
534.701	14.0059
537.729	2.03988
540.753	-3.92637
543.778	0.107194
546.8	10.1405
549.821	-1.82636
552.844	-7.79342
555.863	4.23928
558.881	8.27178
561.898	14.3041
564.916	0.336175
567.932	-1.63195
570.946	6.39972
573.959	10.4312
576.971	6.46245
579.982	8.4935
582.993	4.52435
586	6.55498
589.008	8.58542
592.015	8.61565
595.022	2.64569
598.025	4.6755
601.029	10.7051
604.032	6.73456
607.033	-9.23624
610.034	-3.20721
613.032	20.8216
616.032	6.85021
619.028	4.87861
622.023	10.9068
625.018	-1.06518
628.013	12.9626
631.005	14.9902
633.997	7.01766
636.987	11.0449
639.977	9.07188
642.965	15.0987
645.952	17.1253
648.939	7.15173
651.924	17.1779
654.909	9.20398
657.892	11.2298
660.873	-8.74457
663.854	11.2809
666.835	7.30612
669.813	-2.66885
672.791	7.35601
675.767	21.3807
678.743	3.40513
681.717	5.4294
684.692	3.45348
687.664	13.4774
690.634	3.50105
693.606	7.52456
696.575	13.5479
699.543	-4.42902
702.51	17.5939
705.475	19.6166
708.44	15.6392
711.404	3.66153
714.367	1.6837
717.329	15.7057
720.29	5.72746
723.25	-4.25094
726.207	1.77046
729.166	11.7917
732.123	7.81272
735.077	5.83356
738.032	15.8542
740.984	21.8747
743.938	13.895
746.888	7.91508
749.839	1.935
752.788	5.95473
755.735	19.9743
758.682	23.9936
761.627	16.0128
764.574	18.0318
767.517	24.0506
770.46	14.0692
773.402	10.0877
776.342	2.10594
779.282	24.124
782.219	28.1419
785.157	-3.84037
788.094	16.1772
791.029	20.1945
793.962	-1.78831
796.896	10.2287
799.828	14.2455
802.76	4.26213
805.689	12.2786
808.619	10.2949
811.546	22.311
814.473	4.32688
817.4	28.3426
820.324	6.35819
823.248	14.3736
826.17	6.38878
829.092	10.4038
832.012	-1.58133
834.932	14.4334
837.851	22.4479
840.768	20.4622
843.685	14.4764
846.599	16.4903
849.514	10.5041
852.428	16.5178
855.339	16.5312
858.251	2.54453
861.16	20.5576
864.07	20.5706
866.978	2.58335
869.884	4.59595
872.792	12.6084
875.696	22.6206
878.599	16.6327
881.502	8.64463
884.404	20.6564
887.304	10.668
890.204	2.67936
893.103	12.6906
896.001	16.7017
898.898	8.71256
901.794	18.7233
904.689	18.7339
907.581	6.74424
910.474	4.75447
913.364	12.7645
916.256	16.7744
919.144	-5.21585
922.034	16.7937
924.92	6.8031
927.808	20.8123
930.693	10.8214
933.576	18.8303
936.459	20.839
939.341	4.8476
942.222	16.856
945.102	26.8642
947.981	10.8723
950.859	6.88025
953.737	12.888
956.613	20.8956
959.488	12.903
962.361	8.91029
965.235	32.9174
968.105	6.92434
970.977	4.93113
973.846	8.93775
976.716	-5.05578
979.583	-1.04948
982.449	4.95666
985.316	16.9627
988.18	10.9685
991.043	10.9741
993.906	4.97966
996.767	8.98501
999.628	6.9902
1002.49	12.9952
1005.35	15.0001
1008.2	9.00484
1011.06	-2.9906
1013.91	19.0138
1016.77	5.01807
1019.62	17.0222
1022.48	21.0261
1025.33	25.0299
1028.18	5.03353
1031.03	9.03701
1033.87	17.0403
1036.72	11.0435
1039.57	13.0465
1042.41	11.0494
1045.26	21.0521
1048.1	3.05466
1050.94	19.0571
1053.78	17.0593
1056.62	5.06142
1059.46	5.06337
1062.3	23.0652
1065.14	1.06682
1067.97	3.06832
1070.81	7.06967
1073.64	15.0709
1076.47	9.07192
1079.31	3.07282
1082.14	21.0736
1084.97	7.07417
1087.8	21.0746
1090.63	5.07493
1093.45	5.07508
1096.28	7.07509
1099.1	13.075
1101.93	7.07467
1104.75	21.0742
1107.57	-2.92634
1110.39	11.0729
1113.21	17.0721
1116.03	3.07105
1118.85	29.0699
1121.66	1.06858
1124.48	5.06713
1127.3	1.06553
1130.11	9.06379
1132.92	11.0619
1135.73	11.0599
1138.54	-4.94229
1141.35	7.0554
1144.16	27.0529
1146.97	9.05034
1149.78	19.0476
1152.58	1.04471
1155.39	17.0417
1158.19	21.0385
1161	11.0352
1163.8	15.0318
1166.6	13.0282
1169.4	-6.97555
1172.2	17.0206
1174.99	9.01657
1177.79	19.0124
1180.59	15.0081
1183.38	-0.99629
1186.17	2.99914
1188.97	-3.00556
1191.76	16.9896
1194.55	16.9846
1197.34	0.979504
1200.13	12.9742
1202.92	12.9689
1205.7	4.96333
1208.49	12.9577
1211.27	18.9519
1214.06	4.94593
1216.84	4.93986
1219.62	14.9337
1222.4	10.9273
1225.18	4.92084
1227.96	12.9142
1230.74	18.9075
1233.51	16.9006
1236.29	0.89359
1239.06	6.88644
1241.84	-7.12084
1244.61	26.8718
1247.38	2.86421
1250.15	10.8565
1252.92	8.84872
1255.69	0.84078
1258.46	16.8327
1261.23	12.8245
1263.99	4.81617
1266.76	-5.1923
1269.52	8.79911
1272.28	14.7904
1275.05	6.78153
1277.81	8.77254
1280.57	10.7634
1283.33	14.7542
1286.08	0.744808
1288.84	8.7353
1291.6	10.7257
1294.35	6.71591
1297.11	16.706
1299.86	20.696
1302.61	12.6859
1305.36	-9.32439
1308.11	6.66521
1310.86	0.654691
1313.61	24.644
1316.36	6.63327
1319.1	26.6224
1321.85	8.61134
1324.59	16.6002
1327.33	10.5889
1330.08	10.5775
1332.82	2.56599
1335.56	12.5543
1338.3	20.5426
1341.04	18.5307
1343.77	12.5187
1346.51	2.50651
1349.25	20.4942
1351.98	2.48186
1354.71	26.4693
1357.45	16.4567
1360.18	14.444
1362.91	12.4311
1365.64	8.41807
1368.37	10.405
1371.09	14.3917
1373.82	4.37835
1376.54	8.36487
1379.27	18.3513
1381.99	-7.66246
1384.72	22.3237
1387.44	4.30974
1390.16	-5.70434
1392.88	4.28146
1395.6	10.2671
1398.31	8.2527
1401.03	0.238152
1403.75	14.2235
1406.46	6.20868
1409.18	12.1938
1411.89	14.1787
1414.6	20.1636
1417.31	14.1484
1420.02	0.132976
1422.73	14.1175
1425.44	18.1019
1428.15	6.08615
1430.85	-13.9297
1433.56	16.0544
1436.26	8.03828
1438.97	8.0221
1441.67	10.0058
1444.37	19.9894
1447.07	-2.02713
1449.77	3.95623
1452.47	9.93947
1455.16	27.9226
1457.86	7.90562
1460.56	9.88852
1463.25	5.87131
1465.94	3.854
1468.64	11.8366
1471.33	9.81903
1474.02	1.80136
1476.71	3.7836
1479.4	-0.234285
1482.09	9.74773
1484.77	17.7296
1487.46	7.71142
1490.14	11.6931
1492.83	13.6747
1495.51	15.6561
1498.19	9.63748
1500.87	3.61873
1503.55	13.5999
1506.23	11.5809
1508.91	15.5618
1511.59	13.5426
1514.27	9.5233
1516.94	7.50389
1519.62	9.48436
1522.29	25.4647
1524.96	23.445
1527.63	15.4252
1530.3	7.40522
1532.97	15.3852
1535.64	-4.63499
1538.31	-2.65526
1540.98	-0.675621
1543.64	15.3039
1546.31	13.2833
1548.97	3.26263
1551.63	3.24184
1554.3	7.22093
1556.96	7.19994
1559.62	5.17883
1562.28	21.1576
1564.94	13.1363
1567.59	5.11489
1570.25	3.09337
1572.9	21.0717
1575.56	-2.94999
1578.21	9.0282
1580.86	7.00626
1583.52	6.98422
1586.17	-1.03791
1588.82	8.93984
1591.47	4.9175
1594.11	14.8951
1596.76	-5.12747
1599.41	2.84989
1602.05	24.8271
1604.69	20.8043
1607.34	8.78135
1609.98	8.7583
1612.62	6.73516
1615.26	4.71191
1617.9	16.6886
1620.54	20.6651
1623.18	16.6416
1625.81	10.6179
1628.45	16.5942
1631.08	8.57037
1633.72	8.54644
1636.35	12.5224
1638.98	-3.50172
1641.61	12.474
1644.24	4.44972
1646.87	4.42529
1649.5	16.4008
1652.13	10.3762
1654.75	-3.64855
1657.38	6.32665
1660	14.3017
1662.63	0.276738
1665.25	2.25163
1667.87	12.2264
1670.49	14.2012
1673.11	12.1758
1675.73	16.1503
1678.35	-1.87527
1680.96	10.0991
1683.58	0.073321
1686.19	8.04746
1688.81	4.02151
1691.42	7.99548
1694.03	15.9693
1696.64	11.9431
1699.25	11.9168
1701.87	5.89038
1704.47	9.86388
1707.08	7.83729
1709.69	7.81061
1712.29	5.78382
1714.9	5.75695
1717.5	1.73001
1720.1	5.70295
1722.71	7.6758
1725.31	-4.35143
1727.91	13.6212
1730.51	3.59383
1733.1	-0.433667
1735.7	9.53872
1738.3	1.51104
1740.89	7.48327
1743.49	15.4554
1746.08	-6.57255
1748.67	9.39941
1751.26	1.3713
1753.86	9.34307
1756.45	5.31476
1759.03	11.2864
1761.62	9.25788
1764.21	19.2293
1766.8	-0.799329
1769.38	7.17193
1771.97	3.14308
1774.55	5.11417
1777.13	29.0852
1779.71	5.05607
1782.29	1.02691
1784.87	14.9976
1787.45	18.9683
1790.03	8.93886
1792.61	26.9093
1795.18	4.87974
1797.76	10.85
1800.33	10.8203
1802.9	10.7904
1805.48	6.76047
1808.05	2.73044
1810.62	14.7003
1813.19	14.6701
1815.76	4.63984
1818.33	8.60947
1820.89	22.579
1823.46	14.5485
1826.02	2.51788
1828.59	6.48719
1831.15	30.4564
1833.71	-1.57446
1836.27	2.3946
1838.84	16.3636
1841.39	18.3325
1843.95	10.3013
1846.51	14.27
1849.07	8.23868
1851.62	20.2072
1854.18	6.17572
1856.73	8.14414
1859.29	24.1125
1861.84	18.0807
1864.39	6.04889
1866.94	6.01696
1869.49	11.985
1872.04	1.9529
1874.59	-2.07926
1877.13	9.88851
1879.68	9.85622
1882.22	-6.17617
1884.77	19.7914
1887.31	7.75882
1889.85	7.72619
1892.39	13.6935
1894.93	3.66072
1897.47	19.6278
1900.01	3.59492
1902.55	1.56191
1905.09	3.52882
1907.62	15.4957
1910.16	9.46244
1912.69	19.4291
1915.22	15.3957
1917.76	11.3623
1920.29	17.3287
1922.82	7.29508
1925.35	15.2614
1927.88	7.22761
1930.4	17.1938
1932.93	9.15984
1935.46	-2.87415
1937.98	13.0918
1940.51	17.0576
1943.03	-4.9766
1945.55	-3.01088
1948.07	24.9547
1950.59	12.9203
1953.11	-11.1142
1955.63	14.8512
1958.15	4.81654
1960.67	0.781809
1963.18	2.747
1965.7	12.7121
1968.21	4.67717
1970.73	2.64214
1973.24	12.607
1975.75	2.57188
1978.26	14.5366
1980.77	0.50133
1983.28	-1.53407
1985.79	14.4305
1988.29	-1.60504
1990.8	2.35934
1993.31	-1.67632
1995.81	2.28794
1998.31	10.2522
