100.093	11.9624
103.274	18.0526
106.457	4.14234
109.636	10.2317
112.817	14.3206
115.994	4.40917
119.172	6.49737
122.347	6.58511
125.521	2.67245
128.696	6.75947
131.868	16.846
135.039	12.9322
138.209	3.018
141.379	7.10346
144.547	5.18848
147.713	9.27311
150.879	3.35736
154.043	11.4412
157.206	-8.47529
160.368	9.60781
163.529	-0.309462
166.689	13.7729
169.848	-10.1452
173.006	5.93644
176.163	16.0177
179.316	10.0984
182.471	12.1789
185.625	0.259002
188.777	12.3387
191.927	16.418
195.077	8.49701
198.224	8.57557
201.372	-5.34618
204.52	2.7317
207.664	0.80916
210.809	0.886311
213.95	8.96305
217.091	11.0394
220.233	15.1155
223.372	1.19114
226.509	-2.73357
229.648	11.3414
232.784	5.41599
235.918	-0.509784
239.051	7.56408
242.186	5.63764
245.317	3.7108
248.447	3.78361
251.577	11.8561
254.705	17.9282
257.832	11.9999
260.958	8.07134
264.083	20.1424
267.204	4.21306
270.327	6.28343
273.449	12.3535
276.57	8.42314
279.69	16.4925
282.806	2.56143
285.924	8.63009
289.04	-1.3016
292.154	12.7663
295.268	-7.16602
298.379	2.90124
301.492	-1.03179
304.601	7.0348
307.711	13.1011
310.818	7.16702
313.924	17.2326
317.031	5.29792
320.135	7.36285
323.238	3.42745
326.34	13.4917
329.443	1.55571
332.543	15.6193
335.642	17.6826
338.74	23.7456
341.836	-0.191746
344.932	7.87058
348.027	-2.06741
351.12	5.99427
354.213	8.05564
357.302	22.1166
360.393	20.1774
363.482	6.23779
366.57	-5.70212
369.656	0.357627
372.742	14.4171
375.827	6.47625
378.91	26.5351
381.993	16.5936
385.073	-1.34823
388.154	12.7097
391.232	0.767251
394.311	14.8245
397.387	6.8815
400.462	12.9381
403.536	16.9945
406.611	1.05057
409.683	3.1063
412.754	11.1617
415.824	5.21687
418.893	5.2717
421.961	3.32624
425.027	13.3805
428.093	19.4344
431.158	5.48805
434.222	15.5414
437.284	7.59445
440.346	-4.35279
443.407	9.69967
446.464	7.75181
449.523	-4.19631
452.581	3.85528
455.635	15.9065
458.691	1.95756
461.743	4.00825
464.797	8.05869
467.847	2.10881
470.899	16.1587
473.947	12.2082
476.994	10.2575
480.043	0.306513
483.088	18.3552
486.133	12.4036
489.176	0.451782
492.22	-3.50032
495.262	14.5473
498.302	10.5946
501.341	6.64161
504.38	12.6884
507.417	-5.26515
510.453	-1.21894
513.487	4.82696
516.521	8.87263
519.554	-1.08198
522.586	8.96314
525.616	5.00797
528.646	9.05255
531.675	7.09687
534.701	5.14089
537.729	5.18468
540.753	5.22817
543.778	7.27142
546.8	9.31438
549.821	17.3571
552.844	11.3995
555.863	-0.558273
558.881	5.48364
561.898	-10.4747
564.916	9.56673
567.932	33.6079
570.946	-4.35125
573.959	9.68938
576.971	7.72976
579.982	-0.230123
582.993	5.80974
586	15.8493
589.008	1.88869
592.015	3.9278
595.022	-4.03334
598.025	14.0052
601.029	0.0436074
604.032	2.08172
607.033	-1.88044
610.034	-5.84282
613.032	8.19453
616.032	0.231664
619.028	14.2685
622.023	0.305145
625.018	8.34152
628.013	14.3777
631.005	-3.58642
633.997	10.4492
636.987	4.48465
639.977	26.5198
642.965	0.55477
645.952	10.5895
648.939	12.6239
651.924	0.658177
654.909	16.6922
657.892	16.7259
660.873	2.75945
663.854	10.7928
666.835	2.82583
669.813	16.8586
672.791	6.89126
675.767	0.923617
678.743	6.95577
681.717	-3.01232
684.692	7.01938
687.664	9.05083
690.634	11.0821
693.606	1.11308
696.575	-0.856134
699.543	-4.82557
702.51	11.2048
705.475	5.23488
708.44	13.2648
711.404	15.2945
714.367	1.32391
717.329	5.35315
720.29	9.38217
723.25	9.41098
726.207	9.43955
729.166	11.4679
732.123	15.4961
735.077	-2.47598
738.032	11.5518
740.984	5.57926
743.938	-0.393428
746.888	5.63366
749.839	13.6605
752.788	7.68721
755.735	11.7137
758.682	11.7399
761.627	7.76596
764.574	1.79182
767.517	21.8174
770.46	1.84288
773.402	5.8681
776.342	-6.10688
779.282	15.9179
782.219	13.9425
785.157	7.96696
788.094	11.9912
791.029	16.0152
793.962	-1.96101
796.896	18.0626
799.828	10.086
802.76	22.1092
805.689	6.13226
808.619	6.1551
811.546	14.1777
814.473	14.2002
817.4	4.22241
820.324	20.2445
823.248	8.26631
826.17	12.288
829.092	10.3095
832.012	10.3307
834.932	-1.64817
837.851	6.37274
840.768	4.39347
843.685	24.414
846.599	14.4343
849.514	18.4545
852.428	14.4745
855.339	10.4943
858.251	10.5139
861.16	12.5333
864.07	12.5525
866.978	20.5716
869.884	10.5905
872.792	16.6092
875.696	10.6277
878.599	10.646
881.502	16.6642
884.404	4.68219
887.304	14.7
890.204	22.7176
893.103	18.7351
896.001	4.75238
898.898	16.7695
901.794	12.7864
904.689	16.8032
907.581	8.81978
910.474	16.8362
913.364	16.8524
916.256	2.86853
919.144	12.8844
922.034	12.9002
924.92	2.91575
927.808	2.93117
930.693	0.946408
933.576	18.9615
936.459	14.9764
939.341	8.99113
942.222	21.0057
945.102	13.0201
947.981	9.03439
950.859	-4.95151
953.737	9.06242
956.613	-0.923806
959.488	1.08981
962.361	19.1033
965.235	11.1166
968.105	9.12969
970.977	-0.857329
973.846	5.15549
976.716	-0.831837
979.583	3.18067
982.449	15.193
985.316	7.20524
988.18	9.21729
991.043	25.2292
993.906	13.2409
996.767	7.25252
999.628	13.264
1002.49	15.2753
1005.35	23.2864
1008.2	-0.702599
1011.06	9.30824
1013.91	9.31894
1016.77	13.3295
1019.62	19.3399
1022.48	15.3502
1025.33	21.3603
1028.18	19.3703
1031.03	11.3801
1033.87	5.38976
1036.72	23.3993
1039.57	1.40871
1042.41	7.41796
1045.26	11.4271
1048.1	17.4361
1050.94	13.4449
1053.78	3.4536
1056.62	13.4622
1059.46	13.4706
1062.3	9.47888
1065.14	5.48703
1067.97	3.49504
1070.81	11.5029
1073.64	17.5107
1076.47	13.5183
1079.31	21.5258
1082.14	3.53311
1084.97	-0.459673
1087.8	13.5474
1090.63	5.55436
1093.45	11.5612
1096.28	13.5679
1099.1	15.5744
1101.93	17.5809
1104.75	13.5872
1107.57	9.59337
1110.39	27.5994
1113.21	13.6053
1116.03	5.61115
1118.85	21.6168
1121.66	9.62238
1124.48	13.6278
1127.3	15.6331
1130.11	17.6383
1132.92	17.6434
1135.73	-2.35169
1138.54	1.65313
1141.35	7.65783
1144.16	17.6624
1146.97	-2.33312
1149.78	9.67123
1152.58	13.6755
1155.39	13.6796
1158.19	7.68356
1161	1.68743
1163.8	-0.308806
1166.6	15.6948
1169.4	7.69838
1172.2	-0.298206
1174.99	3.7051
1177.79	25.7083
1180.59	1.71138
1183.38	7.71435
1186.17	7.71721
1188.97	15.72
1191.76	-0.277404
1194.55	-0.274874
1197.34	21.7275
1200.13	13.7299
1202.92	15.7321
1205.7	9.73417
1208.49	11.7362
1211.27	-2.26195
1214.06	5.73983
1216.84	1.74151
1219.62	11.7431
1222.4	11.7446
1225.18	-0.254078
1227.96	-6.25281
1230.74	3.74835
1233.51	-4.25059
1236.29	3.75037
1239.06	3.75123
1241.84	5.752
1244.61	15.7527
1247.38	17.7532
1250.15	7.75369
1252.92	15.7541
1255.69	9.75433
1258.46	-2.2455
1261.23	-4.24542
1263.99	15.7546
1266.76	11.7545
1269.52	15.7542
1272.28	3.75395
1275.05	11.7536
1277.81	19.7531
1280.57	9.75249
1283.33	7.75183
1286.08	15.7511
1288.84	5.75022
1291.6	9.74928
1294.35	23.7482
1297.11	7.74713
1299.86	11.7459
1302.61	11.7446
1305.36	-6.25675
1308.11	5.74178
1310.86	27.7402
1313.61	5.73858
1316.36	3.73686
1319.1	5.73505
1321.85	7.73315
1324.59	15.7312
1327.33	17.7291
1330.08	9.72697
1332.82	11.7247
1335.56	17.7224
1338.3	11.72
1341.04	7.71757
1343.77	11.715
1346.51	-0.287606
1349.25	11.7097
1351.98	15.7069
1354.71	-6.29597
1357.45	1.70109
1360.18	5.69807
1362.91	9.69497
1365.64	13.6918
1368.37	11.6886
1371.09	1.68523
1373.82	9.68183
1376.54	29.6784
1379.27	-2.32518
1381.99	-10.3288
1384.72	9.66751
1387.44	13.6637
1390.16	15.6599
1392.88	-0.343995
1395.6	21.652
1398.31	5.64798
1401.03	7.64387
1403.75	-0.360316
1406.46	9.63543
1409.18	15.6311
1411.89	-0.373283
1414.6	17.6223
1417.31	-0.38226
1420.02	9.61315
1422.73	13.6085
1425.44	7.60377
1428.15	7.59899
1430.85	3.59414
1433.56	9.58923
1436.26	15.5843
1438.97	9.57921
1441.67	15.5741
1444.37	13.5689
1447.07	-4.43628
1449.77	13.5584
1452.47	5.55309
1455.16	5.54769
1457.86	5.54222
1460.56	15.5367
1463.25	11.5311
1465.94	3.52547
1468.64	15.5198
1471.33	27.514
1474.02	9.5082
1476.71	23.5023
1479.4	11.4964
1482.09	15.4904
1484.77	-6.51561
1487.46	5.4783
1490.14	9.47216
1492.83	3.46596
1495.51	9.45971
1498.19	23.4534
1500.87	9.44706
1503.55	7.44065
1506.23	-4.56581
1508.91	13.4277
1511.59	11.4211
1514.27	13.4145
1516.94	3.40786
1519.62	17.4011
1522.29	15.3944
1524.96	9.38759
1527.63	15.3807
1530.3	1.37384
1532.97	15.3669
1535.64	13.3599
1538.31	3.35287
1540.98	7.34579
1543.64	15.3387
1546.31	19.3315
1548.97	11.3243
1551.63	-0.682984
1554.3	21.3097
1556.96	-0.697634
1559.62	5.29498
1562.28	13.2875
1564.94	7.28008
1567.59	1.27257
1570.25	15.265
1572.9	5.25742
1575.56	11.2498
1578.21	5.24212
1580.86	11.2344
1583.52	25.2267
1586.17	5.21887
1588.82	3.21104
1591.47	11.2032
1594.11	11.1953
1596.76	19.1874
1599.41	17.1794
1602.05	17.1714
1604.69	-4.83666
1607.34	7.15526
1609.98	9.14715
1612.62	15.139
1615.26	11.1308
1617.9	17.1226
1620.54	7.11437
1623.18	5.1061
1625.81	15.0978
1628.45	21.0895
1631.08	15.0811
1633.72	5.07269
1636.35	17.0643
1638.98	19.0558
1641.61	5.04732
1644.24	-6.9612
1646.87	-0.969747
1649.5	21.0217
1652.13	5.01308
1654.75	11.0045
1657.38	20.9958
1660	-5.01288
1662.63	20.9784
1665.25	8.96968
1667.87	-1.03908
1670.49	2.95214
1673.11	12.9433
1675.73	12.9345
1678.35	-1.07435
1680.96	10.9168
1683.58	4.90787
1686.19	0.898947
1688.81	28.89
1691.42	4.88104
1694.03	10.872
1696.64	8.86304
1699.25	16.854
1701.87	10.845
1704.47	16.8359
1707.08	8.82681
1709.69	14.8177
1712.29	6.80858
1714.9	10.7994
1717.5	12.7903
1720.1	0.781099
1722.71	-1.2281
1725.31	-1.23731
1727.91	22.7535
1730.51	2.74422
1733.1	10.735
1735.7	16.7257
1738.3	22.7164
1740.89	8.7071
1743.49	12.6978
1746.08	8.68845
1748.67	10.6791
1751.26	4.66976
1753.86	4.66039
1756.45	14.651
1759.03	22.6416
1761.62	16.6322
1764.21	14.6228
1766.8	18.6134
1769.38	26.6039
1771.97	6.5945
1774.55	10.585
1777.13	6.57558
1779.71	10.5661
1782.29	-1.44336
1784.87	-9.45285
1787.45	-1.46235
1790.03	20.5282
1792.61	4.51864
1795.18	16.5091
1797.76	2.4996
1800.33	22.4901
1802.9	8.48055
1805.48	18.471
1808.05	12.4615
1810.62	-1.54808
1813.19	6.44237
1815.76	4.43282
1818.33	20.4233
1820.89	14.4137
1823.46	16.4041
1826.02	4.39457
1828.59	-9.615
1831.15	10.3754
1833.71	4.36586
1836.27	0.356296
1838.84	4.34673
1841.39	10.3372
1843.95	6.32759
1846.51	20.318
1849.07	12.3085
1851.62	20.2989
1854.18	8.28931
1856.73	8.27975
1859.29	8.27019
1861.84	4.26063
1864.39	-5.74892
1866.94	12.2415
1869.49	18.232
1872.04	18.2224
1874.59	-1.78711
1877.13	8.20335
1879.68	8.19383
1882.22	8.1843
1884.77	16.1748
1887.31	6.16527
1889.85	8.15576
1892.39	22.1463
1894.93	22.1368
1897.47	-9.87271
1900.01	0.117809
1902.55	14.1083
1905.09	-1.90112
1907.62	12.0894
1910.16	8.07999
1912.69	8.07055
1915.22	2.06113
1917.76	8.05172
1920.29	24.0423
1922.82	-3.96708
1925.35	2.02353
1927.88	12.0142
1930.4	8.00481
1932.93	21.9955
1935.46	17.9861
1937.98	5.9768
1940.51	13.9675
1943.03	25.9582
1945.55	7.94892
1948.07	-10.0604
1950.59	11.9304
1953.11	-0.0788438
1955.63	5.91193
1958.15	7.90273
1960.67	1.89353
1963.18	5.88436
1965.7	15.8752
1968.21	3.86605
1970.73	5.85692
1973.24	3.84781
1975.75	13.8387
1978.26	3.82964
1980.77	21.8206
1983.28	5.81154
1985.79	3.80252
1988.29	11.7935
1990.8	17.7845
1993.31	11.7756
1995.81	3.76663
1998.31	-0.24229
