100.093	0.479004
103.274	-1.35872
106.457	16.8025
109.636	8.9623
112.817	15.121
115.994	13.2785
119.172	9.43479
122.347	3.58982
125.521	15.7437
128.696	1.89641
131.868	8.04787
135.039	2.19816
138.209	4.34728
141.379	22.4953
144.547	0.642119
147.713	8.78775
150.879	6.93222
154.043	-4.92445
157.206	13.2177
160.368	7.35878
163.529	-6.50131
166.689	-2.36253
169.848	-0.224869
173.006	3.91167
176.163	24.0471
179.316	2.18131
182.471	8.31451
185.625	16.4466
188.777	-1.42238
191.927	4.70745
195.077	14.8363
198.224	-1.03606
201.372	9.09061
204.52	3.2162
207.664	13.3406
210.809	1.46411
213.95	15.5864
217.091	13.7077
220.233	23.828
223.372	3.94716
226.509	-3.9347
229.648	12.1825
232.784	-5.70147
235.918	2.41357
239.051	10.5276
242.186	4.64066
245.317	-1.24735
248.447	20.8636
251.577	-3.02641
254.705	3.08257
257.832	15.1905
260.958	9.29753
264.083	13.4035
267.204	13.5085
270.327	3.61252
273.449	17.7156
276.57	5.81769
279.69	21.9188
282.806	12.0189
285.924	10.1182
289.04	-1.78357
292.154	8.31369
295.268	22.4101
298.379	8.50546
301.492	18.6
304.601	6.69349
307.711	10.7862
310.818	18.8778
313.924	18.9686
317.031	3.05851
320.135	11.1475
323.238	3.2355
326.34	7.32265
329.443	-6.59104
332.543	21.4943
335.642	15.5788
338.74	5.6624
341.836	17.7451
344.932	15.827
348.027	9.90795
351.12	11.9881
354.213	12.0673
357.302	8.14568
360.393	6.22323
363.482	12.2999
366.57	-1.6242
369.656	14.4508
372.742	10.525
375.827	8.59833
378.91	0.670816
381.993	18.7425
385.073	18.8134
388.154	-1.11654
391.232	12.9527
394.311	17.0212
397.387	5.08878
400.462	7.15561
403.536	5.22164
406.611	11.2869
409.683	1.35139
412.754	3.41508
415.824	15.478
418.893	11.5401
421.961	7.60149
425.027	13.6621
428.093	-0.278067
431.158	21.781
434.222	13.8394
437.284	9.89695
440.346	11.9538
443.407	18.0099
446.464	12.0652
449.523	8.11988
452.581	18.1738
455.635	-9.77306
458.691	2.27941
461.743	16.3311
464.797	14.3822
467.847	12.4325
470.899	6.48211
473.947	4.53101
476.994	8.57921
480.043	6.62676
483.088	0.67358
486.133	24.7197
489.176	12.7652
492.22	10.81
495.262	6.85411
498.302	6.89756
501.341	22.9403
504.38	8.98246
507.417	9.02392
510.453	5.06474
513.487	19.1049
516.521	15.1444
519.554	7.18327
522.586	13.2215
525.616	1.25909
528.646	7.29607
531.675	5.33242
534.701	17.3681
537.729	9.40323
540.753	13.4377
543.778	9.47159
546.8	-2.49516
549.821	5.5375
552.844	17.5696
555.863	23.601
558.881	-8.3681
561.898	1.66217
564.916	11.6919
567.932	1.721
570.946	5.74954
573.959	17.7775
576.971	3.80489
579.982	5.83172
582.993	5.85799
586	13.8837
589.008	13.9088
592.015	9.93343
595.022	13.9575
598.025	21.981
601.029	6.00395
604.032	-3.97362
607.033	16.0483
610.034	14.0696
613.032	16.0905
616.032	4.11079
619.028	8.13058
622.023	4.14986
625.018	12.1686
628.013	10.1869
631.005	10.2046
633.997	2.2219
636.987	24.2387
639.977	8.25492
642.965	16.2707
645.952	-1.71402
648.939	-1.69921
651.924	-3.68489
654.909	12.329
657.892	-3.65766
660.873	14.3552
663.854	16.3677
666.835	4.37966
669.813	10.3912
672.791	6.40224
675.767	8.41285
678.743	16.423
681.717	8.43274
684.692	6.44202
687.664	24.4509
690.634	18.4593
693.606	0.467243
696.575	-11.5252
699.543	14.4819
702.51	-3.51138
705.475	4.4949
708.44	10.5008
711.404	12.5062
714.367	10.5113
717.329	24.5159
720.29	8.5202
723.25	6.52406
726.207	2.52752
729.166	20.5306
732.123	14.5333
735.077	18.5356
738.032	4.5375
740.984	8.53904
743.938	20.5402
746.888	6.54102
749.839	2.54145
752.788	20.5415
755.735	12.5412
758.682	10.5406
761.627	32.5396
764.574	10.5382
767.517	8.53654
770.46	12.5345
773.402	0.532124
776.342	12.5294
779.282	18.5264
782.219	24.523
785.157	6.51926
788.094	10.5152
791.029	4.51087
793.962	2.5062
796.896	10.5012
799.828	22.4959
802.76	6.49031
805.689	14.4844
808.619	14.4782
811.546	26.4717
814.473	2.46487
817.4	16.4578
820.324	24.4504
823.248	18.4427
826.17	16.4347
829.092	24.4265
832.012	8.41799
834.932	12.4092
837.851	24.4001
840.768	6.39082
843.685	18.3812
846.599	32.3714
849.514	16.3613
852.428	24.3509
855.339	24.3403
858.251	12.3294
861.16	10.3183
864.07	2.30698
866.978	20.2954
869.884	16.2836
872.792	14.2715
875.696	8.25921
878.599	24.2467
881.502	6.23395
884.404	22.221
887.304	8.20781
890.204	4.19441
893.103	8.1808
896.001	2.16699
898.898	4.15296
901.794	22.1387
904.689	-1.8757
907.581	18.1097
910.474	14.0949
913.364	10.0799
916.256	0.0646495
919.144	-3.95073
922.034	22.0337
924.92	12.018
927.808	18.002
930.693	15.9859
933.576	13.9697
936.459	23.9532
939.341	3.93663
942.222	17.9199
945.102	11.9029
947.981	9.88587
950.859	15.8686
953.737	11.8512
956.613	5.83372
959.488	5.81604
962.361	11.7982
965.235	-4.21973
968.105	5.76218
970.977	-0.256047
973.846	11.7256
976.716	13.7071
979.583	23.6885
982.449	19.6698
985.316	13.6509
988.18	7.63195
991.043	7.61287
993.906	11.5937
996.767	13.5744
999.628	13.555
1002.49	9.53547
1005.35	7.51586
1008.2	1.49615
1011.06	3.47636
1013.91	9.45647
1016.77	7.43649
1019.62	17.4164
1022.48	13.3963
1025.33	3.37605
1028.18	17.3557
1031.03	21.3354
1033.87	1.31491
1036.72	1.29437
1039.57	11.2738
1042.41	-0.746871
1045.26	9.23241
1048.1	5.21164
1050.94	13.1908
1053.78	9.16992
1056.62	17.149
1059.46	21.128
1062.3	9.10695
1065.14	13.0859
1067.97	15.0648
1070.81	23.0436
1073.64	-8.97757
1076.47	13.0012
1079.31	16.98
1082.14	4.95868
1084.97	10.9374
1087.8	16.916
1090.63	12.8947
1093.45	-9.12665
1096.28	12.852
1099.1	14.8306
1101.93	2.80919
1104.75	0.787791
1107.57	6.76638
1110.39	12.745
1113.21	8.72358
1116.03	-7.29783
1118.85	16.6808
1121.66	0.659389
1124.48	10.638
1127.3	2.61665
1130.11	14.5953
1132.92	14.574
1135.73	20.5527
1138.54	2.53139
1141.35	16.5101
1144.16	14.4889
1146.97	0.467704
1149.78	14.4465
1152.58	-5.57457
1155.39	2.40434
1158.19	18.3833
1161	14.3623
1163.8	6.34135
1166.6	18.3204
1169.4	-1.70043
1172.2	10.2788
1174.99	8.25803
1177.79	-9.76266
1180.59	-1.78328
1183.38	2.19616
1186.17	18.1757
1188.97	-3.84477
1191.76	0.134871
1194.55	0.114585
1197.34	10.0944
1200.13	16.0742
1202.92	0.0541849
1205.7	4.03423
1208.49	2.01434
1211.27	-4.00547
1214.06	19.9748
1216.84	9.95521
1219.62	9.93569
1222.4	1.91626
1225.18	21.8969
1227.96	1.87771
1230.74	-2.14142
1233.51	19.8396
1236.29	23.8207
1239.06	17.8019
1241.84	-0.216819
1244.61	-4.23539
1247.38	7.74616
1250.15	1.72783
1252.92	5.70962
1255.69	-2.30847
1258.46	-8.32642
1261.23	-2.34426
1263.99	1.63805
1266.76	11.6205
1269.52	9.60305
1272.28	15.5858
1275.05	1.5686
1277.81	3.5516
1280.57	7.53473
1283.33	11.518
1286.08	1.50145
1288.84	1.48503
1291.6	9.46877
1294.35	21.4527
1297.11	7.43671
1299.86	13.4209
1302.61	19.4053
1305.36	7.38983
1308.11	13.3745
1310.86	-6.64059
1313.61	9.34446
1316.36	5.32967
1319.1	3.31507
1321.85	9.30064
1324.59	5.28639
1327.33	-4.72768
1330.08	5.25844
1332.82	9.24475
1335.56	3.23124
1338.3	1.21792
1341.04	7.2048
1343.77	3.19186
1346.51	1.17914
1349.25	13.1666
1351.98	-0.845729
1354.71	7.14214
1357.45	3.13022
1360.18	5.1185
1362.91	7.10699
1365.64	7.0957
1368.37	-0.915385
1371.09	5.07375
1373.82	15.0631
1376.54	1.05268
1379.27	1.04247
1381.99	-0.967509
1384.72	-0.977266
1387.44	13.0132
1390.16	1.00391
1392.88	14.9949
1395.6	4.98602
1398.31	10.9774
1401.03	0.969073
1403.75	2.96096
1406.46	10.9531
1409.18	12.9455
1411.89	20.9381
1414.6	14.9309
1417.31	4.92406
1420.02	10.9174
1422.73	6.91106
1425.44	16.9049
1428.15	-3.10092
1430.85	2.89348
1433.56	4.88814
1436.26	4.88307
1438.97	-1.12174
1441.67	0.873725
1444.37	8.86946
1447.07	14.8655
1449.77	2.86174
1452.47	6.85829
1455.16	14.8551
1457.86	6.85224
1460.56	4.84963
1463.25	6.84731
1465.94	2.84527
1468.64	-1.15648
1471.33	8.84206
1474.02	-1.15911
1476.71	6.84002
1479.4	14.8394
1482.09	0.839158
1484.77	14.8392
1487.46	16.8395
1490.14	2.84011
1492.83	2.84104
1495.51	-1.15773
1498.19	18.8438
1500.87	4.84566
1503.55	10.8478
1506.23	-3.14971
1508.91	14.8531
1511.59	6.85619
1514.27	12.8596
1516.94	22.8634
1519.62	8.86745
1522.29	2.87184
1524.96	4.87657
1527.63	12.8816
1530.3	10.887
1532.97	12.8927
1535.64	2.89877
1538.31	14.9052
1540.98	4.91187
1543.64	12.9189
1546.31	8.92634
1548.97	14.9341
1551.63	0.942177
1554.3	4.95062
1556.96	0.959402
1559.62	20.9685
1562.28	26.978
1564.94	16.9879
1567.59	12.9981
1570.25	-0.991387
1572.9	11.0195
1575.56	1.0308
1578.21	1.04243
1580.86	17.0544
1583.52	3.0668
1586.17	9.07953
1588.82	3.09263
1591.47	13.1061
1594.11	3.11994
1596.76	5.13416
1599.41	-2.85125
1602.05	5.16372
1604.69	-4.82093
1607.34	3.19481
1609.98	1.21093
1612.62	9.22743
1615.26	5.24432
1617.9	13.2616
1620.54	5.27925
1623.18	3.2973
1625.81	5.31575
1628.45	13.3346
1631.08	3.35382
1633.72	7.37345
1636.35	7.39349
1638.98	7.41392
1641.61	-6.56524
1644.24	11.456
1646.87	5.47765
1649.5	-4.50029
1652.13	-0.477835
1654.75	7.54505
1657.38	13.5683
1660	11.592
1662.63	11.6161
1665.25	7.64069
1667.87	3.66564
1670.49	7.69101
1673.11	23.7168
1675.73	15.743
1678.35	-6.23033
1680.96	-0.203261
1683.58	1.82422
1686.19	5.85216
1688.81	11.8805
1691.42	5.9093
1694.03	13.9385
1696.64	11.9682
1699.25	7.99829
1701.87	10.0288
1704.47	-7.94018
1707.08	10.0912
1709.69	16.1231
1712.29	20.1554
1714.9	10.1882
1717.5	4.22136
1720.1	4.25503
1722.71	8.28914
1725.31	12.3237
1727.91	10.3587
1730.51	6.39417
1733.1	10.4301
1735.7	-3.5335
1738.3	16.5033
1740.89	4.54064
1743.49	4.57841
1746.08	10.6167
1748.67	0.655356
1751.26	6.6945
1753.86	-1.26585
1756.45	2.77427
1759.03	2.81483
1761.62	14.8559
1764.21	4.89742
1766.8	8.93942
1769.38	0.981894
1771.97	3.02488
1774.55	13.0683
1777.13	17.1122
1779.71	23.1567
1782.29	5.20153
1784.87	-4.75308
1787.45	7.29279
1790.03	17.3391
1792.61	7.386
1795.18	7.43332
1797.76	7.48117
1800.33	11.5295
1802.9	11.5783
1805.48	-4.37237
1808.05	17.6774
1810.62	5.72777
1813.19	3.7786
1815.76	15.8299
1818.33	5.88177
1820.89	-8.06588
1823.46	-4.01306
1826.02	8.04031
1828.59	-3.90584
1831.15	6.14852
1833.71	16.2034
1836.27	-1.74117
1838.84	0.314746
1841.39	8.37118
1843.95	24.4281
1846.51	10.4856
1849.07	10.5436
1851.62	14.6021
1854.18	18.6611
1856.73	6.72069
1859.29	4.78079
1861.84	18.8414
1864.39	24.9025
1866.94	4.96423
1869.49	9.02643
1872.04	21.0892
1874.59	13.1524
1877.13	15.2162
1879.68	7.28055
1882.22	1.34544
1884.77	9.41088
1887.31	19.4768
1889.85	17.5433
1892.39	11.6104
1894.93	17.6779
1897.47	15.7461
1900.01	23.8148
1902.55	-2.116
1905.09	17.9538
1907.62	16.0241
1910.16	10.0949
1912.69	4.16638
1915.22	14.2384
1917.76	8.3109
1920.29	6.38402
1922.82	6.45765
1925.35	6.5319
1927.88	8.60666
1930.4	8.68198
1932.93	16.7579
1935.46	-1.16566
1937.98	14.9114
1940.51	12.989
1943.03	21.0671
1945.55	5.14584
1948.07	3.22516
1950.59	15.305
1953.11	-6.61453
1955.63	21.4665
1958.15	3.54804
1960.67	13.6302
1963.18	9.71293
1965.7	7.79626
1968.21	29.8802
1970.73	15.9646
1973.24	28.0497
1975.75	28.1353
1978.26	14.2216
1980.77	12.3084
1983.28	18.3958
1985.79	16.4838
1988.29	22.5723
1990.8	26.6615
1993.31	18.7513
1995.81	-5.15836
1998.31	18.9325
