100.093	5.84691
103.274	5.97021
106.457	6.09292
109.636	-1.78513
112.817	0.336221
115.994	-1.54318
119.172	0.576825
122.347	18.6961
125.521	10.8147
128.696	2.93267
131.868	3.04993
135.039	7.16652
138.209	13.2825
141.379	5.39781
144.547	19.5124
147.713	21.6264
150.879	5.73972
154.043	-2.14762
157.206	-2.0356
160.368	-3.92423
163.529	-1.8135
166.689	20.2966
169.848	2.40603
173.006	8.51484
176.163	16.623
179.316	6.73047
182.471	2.83737
185.625	18.9436
188.777	7.04929
191.927	5.15424
195.077	-2.74137
198.224	-4.63766
201.372	1.46549
204.52	3.56802
207.664	5.66986
210.809	1.77116
213.95	3.87178
217.091	3.97179
220.233	4.07125
223.372	10.17
226.509	34.2682
229.648	10.3659
232.784	10.4629
235.918	6.55924
239.051	-1.34497
242.186	10.7503
245.317	8.84488
248.447	16.9389
251.577	11.0323
254.705	5.12512
257.832	31.2174
260.958	19.309
264.083	-8.59991
267.204	1.49052
270.327	5.58043
273.449	15.6698
276.57	9.75853
279.69	7.84671
282.806	7.93427
285.924	18.0213
289.04	20.1078
292.154	8.19365
295.268	22.279
298.379	6.36372
301.492	4.44795
304.601	8.53156
307.711	6.61467
310.818	2.69716
313.924	0.779109
317.031	24.8606
320.135	4.9414
323.238	19.0217
326.34	7.10145
329.443	1.18071
332.543	5.25938
335.642	-10.6625
338.74	29.4151
341.836	11.4921
344.932	1.56865
348.027	3.64464
351.12	25.7201
354.213	3.795
357.302	9.86935
360.393	7.94321
363.482	14.0166
366.57	8.08937
369.656	4.16162
372.742	14.2334
375.827	6.30466
378.91	4.37536
381.993	6.44559
385.073	16.5153
388.154	6.58447
391.232	4.65313
394.311	24.7213
397.387	6.78896
400.462	4.8561
403.536	14.9227
406.611	4.98892
409.683	-2.94544
412.754	19.1197
415.824	7.18435
418.893	13.2485
421.961	5.31216
425.027	13.3753
428.093	5.43802
431.158	1.50022
434.222	1.56194
437.284	3.62317
440.346	19.6839
443.407	13.7442
446.464	9.80394
449.523	5.86326
452.581	3.9221
455.635	7.98043
458.691	-11.9617
461.743	6.09572
464.797	-5.84732
467.847	14.2091
470.899	10.2652
473.947	6.3207
476.994	16.3758
480.043	0.430412
483.088	6.48456
486.133	0.538258
489.176	-1.4085
492.22	4.64432
495.262	10.6967
498.302	8.74855
501.341	16.8
504.38	10.851
507.417	8.90153
510.453	16.9516
513.487	13.0013
516.521	-2.94952
519.554	3.09927
522.586	15.1476
525.616	19.1955
528.646	23.243
531.675	9.29003
534.701	1.33661
537.729	9.3828
540.753	3.42853
543.778	-4.52613
546.8	17.5187
549.821	15.5632
552.844	9.60728
555.863	5.6509
558.881	7.6941
561.898	-4.26311
564.916	9.77929
567.932	-0.178755
570.946	5.86279
573.959	-6.09607
576.971	3.94466
579.982	5.98498
582.993	-1.9751
586	14.0644
589.008	18.1035
592.015	6.14222
595.022	6.18053
598.025	12.2184
601.029	16.2559
604.032	-1.70693
607.033	-1.67022
610.034	12.3661
613.032	14.402
616.032	14.4376
619.028	8.47277
622.023	8.50753
625.018	18.5419
628.013	-3.42405
631.005	0.609569
633.997	8.64281
636.987	10.6757
639.977	-3.29183
642.965	22.7403
645.952	4.77203
648.939	6.8034
651.924	14.8344
654.909	14.865
657.892	8.8953
660.873	10.9252
663.854	-3.04529
666.835	-1.01611
669.813	11.0127
672.791	13.0411
675.767	7.06921
678.743	7.09694
681.717	11.1243
684.692	17.1513
687.664	7.17799
690.634	11.2043
693.606	11.2303
696.575	15.2559
699.543	11.2811
702.51	7.30606
705.475	9.33063
708.44	11.3549
711.404	13.3788
714.367	13.4023
717.329	19.4255
720.29	15.4484
723.25	25.4709
726.207	31.4931
729.166	9.515
732.123	7.53654
735.077	19.5577
738.032	11.5786
740.984	15.5992
743.938	21.6194
746.888	13.6393
749.839	3.6589
752.788	15.6782
755.735	19.6971
758.682	3.71571
761.627	13.734
764.574	25.752
767.517	7.76967
770.46	13.787
773.402	15.8041
776.342	7.82081
779.282	11.8372
782.219	7.85335
785.157	11.8692
788.094	25.8847
791.029	1.89989
793.962	9.91479
796.896	17.9294
799.828	1.94369
802.76	5.9577
805.689	13.9714
808.619	23.9848
811.546	1.99794
814.473	28.0108
817.4	20.0233
820.324	16.0355
823.248	8.0475
826.17	12.0592
829.092	24.0706
832.012	18.0817
834.932	24.0925
837.851	26.103
840.768	28.1133
843.685	8.12324
846.599	30.1329
849.514	22.1423
852.428	8.1515
855.339	32.1604
858.251	24.169
861.16	18.1773
864.07	0.185351
866.978	16.1931
869.884	12.2007
872.792	16.2079
875.696	22.2149
878.599	18.2216
881.502	14.2281
884.404	20.2343
887.304	18.2402
890.204	20.2459
893.103	10.2514
896.001	16.2565
898.898	20.2615
901.794	6.26613
904.689	12.2705
907.581	22.2747
910.474	6.27863
913.364	12.2823
916.256	20.2857
919.144	16.2889
922.034	14.2918
924.92	14.2945
927.808	16.297
930.693	22.2992
933.576	12.3011
936.459	12.3029
939.341	8.30436
942.222	8.30562
945.102	14.3066
947.981	12.3074
950.859	4.30799
953.737	16.3083
956.613	14.3084
959.488	-13.6917
962.361	-3.69206
965.235	2.30736
968.105	6.30655
970.977	10.3055
973.846	20.3043
976.716	18.3028
979.583	6.30112
982.449	10.2992
985.316	18.2971
988.18	16.2947
991.043	4.2922
993.906	12.2894
996.767	24.2864
999.628	14.2833
1002.49	8.27986
1005.35	12.2762
1008.2	22.2724
1011.06	22.2684
1013.91	6.26419
1016.77	20.2598
1019.62	-3.74488
1022.48	14.2503
1025.33	20.2453
1028.18	24.24
1031.03	18.2346
1033.87	2.22896
1036.72	20.2231
1039.57	16.2171
1042.41	4.21091
1045.26	10.2045
1048.1	16.1979
1050.94	16.1911
1053.78	12.1842
1056.62	18.177
1059.46	4.16966
1062.3	14.1621
1065.14	24.1544
1067.97	4.14652
1070.81	6.13844
1073.64	18.1302
1076.47	18.1217
1079.31	26.1131
1082.14	-1.89566
1084.97	12.0954
1087.8	22.0862
1090.63	18.0769
1093.45	12.0674
1096.28	2.05776
1099.1	12.0479
1101.93	10.0379
1104.75	8.02776
1107.57	4.01743
1110.39	10.0069
1113.21	3.99627
1116.03	19.9854
1118.85	15.9744
1121.66	7.96329
1124.48	13.952
1127.3	11.9405
1130.11	3.92888
1132.92	9.91709
1135.73	7.90515
1138.54	11.8931
1141.35	15.8808
1144.16	5.8684
1146.97	15.8558
1149.78	11.8431
1152.58	7.83029
1155.39	3.81729
1158.19	15.8041
1161	13.7908
1163.8	17.7774
1166.6	19.7638
1169.4	15.7501
1172.2	17.7362
1174.99	15.7222
1177.79	1.70807
1180.59	9.69378
1183.38	-0.320638
1186.17	9.66479
1188.97	5.6501
1191.76	5.63527
1194.55	9.6203
1197.34	19.6052
1200.13	23.59
1202.92	29.5746
1205.7	5.55914
1208.49	15.5435
1211.27	3.52778
1214.06	13.5119
1216.84	3.49592
1219.62	7.47981
1222.4	9.46356
1225.18	9.44721
1227.96	7.43073
1230.74	13.4141
1233.51	13.3974
1236.29	5.38056
1239.06	9.36361
1241.84	7.34654
1244.61	3.32935
1247.38	-2.68795
1250.15	5.29465
1252.92	5.27712
1255.69	15.2595
1258.46	13.2418
1261.23	7.22389
1263.99	13.2059
1266.76	5.18787
1269.52	15.1697
1272.28	-2.84857
1275.05	5.13304
1277.81	7.11456
1280.57	3.09598
1283.33	-4.92271
1286.08	21.0585
1288.84	9.03962
1291.6	-6.97936
1294.35	19.0016
1297.11	-1.0176
1299.86	18.9631
1302.61	8.94376
1305.36	20.9243
1308.11	14.9048
1310.86	14.8851
1313.61	14.8654
1316.36	12.8456
1319.1	-1.17433
1321.85	8.80568
1324.59	16.7856
1327.33	0.765444
1330.08	0.745196
1332.82	14.7249
1335.56	12.7044
1338.3	8.68395
1341.04	14.6634
1343.77	18.6427
1346.51	14.622
1349.25	8.60119
1351.98	12.5803
1354.71	24.5593
1357.45	10.5383
1360.18	10.5172
1362.91	6.496
1365.64	16.4748
1368.37	4.45342
1371.09	14.432
1373.82	8.41056
1376.54	4.38904
1379.27	22.3674
1381.99	-1.65424
1384.72	16.324
1387.44	6.30224
1390.16	2.28037
1392.88	0.258451
1395.6	12.2365
1398.31	14.2144
1401.03	18.1923
1403.75	-11.8299
1406.46	2.14791
1409.18	18.1256
1411.89	10.1033
1414.6	18.0809
1417.31	8.05846
1420.02	16.036
1422.73	0.0133974
1425.44	29.9908
1428.15	3.96814
1430.85	13.9454
1433.56	13.9227
1436.26	9.89986
1438.97	-0.122993
1441.67	9.85411
1444.37	3.83117
1447.07	1.80818
1449.77	3.78514
1452.47	7.76207
1455.16	9.73894
1457.86	15.7158
1460.56	9.69257
1463.25	-2.33067
1465.94	15.6461
1468.64	9.62273
1471.33	3.59938
1474.02	15.576
1476.71	17.5526
1479.4	1.52908
1482.09	13.5056
1484.77	15.4821
1487.46	7.45851
1490.14	5.43491
1492.83	15.4113
1495.51	-6.61236
1498.19	7.36395
1500.87	11.3403
1503.55	13.3165
1506.23	-6.70725
1508.91	11.269
1511.59	3.24515
1514.27	11.2213
1516.94	15.1975
1519.62	17.1736
1522.29	-2.85033
1524.96	1.12576
1527.63	13.1018
1530.3	9.07785
1532.97	9.05387
1535.64	1.02988
1538.31	11.0059
1540.98	2.98185
1543.64	-3.0422
1546.31	12.9338
1548.97	18.9097
1551.63	2.8856
1554.3	10.8615
1556.96	-3.1626
1559.62	10.8133
1562.28	16.7892
1564.94	4.76504
1567.59	6.74091
1570.25	6.71676
1572.9	16.6926
1575.56	6.66845
1578.21	-5.3557
1580.86	16.6201
1583.52	4.59596
1586.17	10.5718
1588.82	16.5476
1591.47	12.5235
1594.11	0.499299
1596.76	4.47513
1599.41	2.45097
1602.05	20.4268
1604.69	12.4027
1607.34	16.3785
1609.98	18.3543
1612.62	0.330197
1615.26	-3.69394
1617.9	-3.71806
1620.54	14.2578
1623.18	6.2337
1625.81	-1.79041
1628.45	6.1855
1631.08	14.1614
1633.72	-5.86264
1636.35	6.1133
1638.98	10.0893
1641.61	6.06523
1644.24	0.0412164
1646.87	10.0172
1649.5	5.99323
1652.13	1.96927
1654.75	11.9453
1657.38	3.9214
1660	1.89748
1662.63	9.8736
1665.25	7.84972
1667.87	9.82588
1670.49	11.8021
1673.11	-2.22175
1675.73	9.75448
1678.35	11.7307
1680.96	9.70699
1683.58	-2.3167
1686.19	17.6596
1688.81	1.63597
1691.42	15.6124
1694.03	-0.411243
1696.64	5.5652
1699.25	-0.458323
1701.87	13.5182
1704.47	7.4947
1707.08	3.47126
1709.69	13.4479
1712.29	13.4245
1714.9	9.40115
1717.5	-2.62213
1720.1	-0.645401
1722.71	7.33137
1725.31	1.30818
1727.91	11.285
1730.51	9.26192
1733.1	5.23885
1735.7	5.2158
1738.3	13.1928
1740.89	5.16987
1743.49	11.147
1746.08	5.12409
1748.67	9.10126
1751.26	1.0785
1753.86	5.05576
1756.45	15.0331
1759.03	7.01043
1761.62	-1.01217
1764.21	16.9653
1766.8	0.942794
1769.38	4.92035
1771.97	2.89793
1774.55	2.87559
1777.13	10.8533
1779.71	0.831037
1782.29	10.8089
1784.87	6.78671
1787.45	14.7646
1790.03	16.7426
1792.61	-1.2794
1795.18	2.69869
1797.76	2.67681
1800.33	-7.345
1802.9	-1.36675
1805.48	6.61156
1808.05	2.58993
1810.62	14.5683
1813.19	2.54683
1815.76	14.5254
1818.33	10.504
1820.89	20.4826
1823.46	0.461376
1826.02	16.4402
1828.59	12.419
1831.15	8.39795
1833.71	12.3769
1836.27	4.35599
1838.84	4.33511
1841.39	4.3143
1843.95	16.2936
1846.51	10.2729
1849.07	12.2523
1851.62	2.23174
1854.18	12.2113
1856.73	-9.80912
1859.29	10.1705
1861.84	14.1503
1864.39	8.13012
1866.94	-3.89
1869.49	6.08997
1872.04	6.07002
1874.59	2.05013
1877.13	6.03033
1879.68	2.01061
1882.22	9.99095
1884.77	-0.0286294
1887.31	3.95188
1889.85	3.93246
1892.39	11.9131
1894.93	1.89387
1897.47	9.87468
1900.01	-2.14441
1902.55	3.83658
1905.09	17.8176
1907.62	7.79879
1910.16	1.78004
1912.69	3.76136
1915.22	5.74275
1917.76	1.72425
1920.29	15.7058
1922.82	13.6875
1925.35	3.66923
1927.88	3.65107
1930.4	9.633
1932.93	-0.384985
1935.46	1.59712
1937.98	13.5793
1940.51	9.5616
1943.03	-0.456031
1945.55	11.5264
1948.07	3.509
1950.59	3.49166
1953.11	-2.5256
1955.63	13.4572
1958.15	7.44019
1960.67	-0.57678
1963.18	7.40635
1965.7	7.38957
1968.21	5.37289
1970.73	-0.643692
1973.24	-6.66018
1975.75	5.32344
1978.26	-0.692847
1980.77	-0.709027
1983.28	5.27488
1985.79	5.2589
1988.29	17.243
1990.8	-4.77277
1993.31	11.2115
1995.81	1.19597
1998.31	11.1805
