100.093	19.6937
103.274	9.71509
106.457	15.7366
109.636	21.7581
112.817	17.7798
115.994	11.8016
119.172	7.8234
122.347	15.8453
125.521	11.8673
128.696	27.8894
131.868	15.9116
135.039	13.9338
138.209	5.95613
141.379	19.9785
144.547	2.00102
147.713	-5.97642
150.879	0.0462162
154.043	18.0689
157.206	14.0917
160.368	12.1146
163.529	10.1375
166.689	-1.8395
169.848	10.1836
173.006	0.20672
176.163	2.22993
179.316	14.2532
182.471	2.27655
185.625	2.29996
188.777	22.3234
191.927	4.34698
195.077	2.37059
198.224	2.39424
201.372	10.418
204.52	12.4418
207.664	8.46562
210.809	6.48953
213.95	12.5135
217.091	8.53751
220.233	2.5616
223.372	8.58573
226.509	4.60991
229.648	8.63417
232.784	-1.34154
235.918	26.6828
239.051	20.7072
242.186	6.73167
245.317	0.756164
248.447	0.780711
251.577	-1.19469
254.705	8.82995
257.832	14.8546
260.958	8.87937
264.083	-3.09585
267.204	4.92895
270.327	18.9538
273.449	8.97873
276.57	17.0037
279.69	5.02867
282.806	7.05368
285.924	9.07875
289.04	7.10386
292.154	17.129
295.268	-2.84584
298.379	1.17936
301.492	11.2046
304.601	-0.77012
307.711	5.2552
310.818	9.28053
313.924	15.3059
317.031	7.33131
320.135	19.3567
323.238	25.3822
326.34	11.4077
329.443	5.43319
332.543	1.45873
335.642	5.48429
338.74	7.50988
341.836	13.5355
344.932	1.56112
348.027	-2.41322
351.12	3.61246
354.213	25.6382
357.302	11.6639
360.393	11.6896
363.482	-2.28465
366.57	1.74113
369.656	11.7669
372.742	3.79271
375.827	3.81853
378.91	13.8444
381.993	5.8702
385.073	9.89605
388.154	21.9219
391.232	23.9478
394.311	5.9737
397.387	-0.000411213
400.462	22.0255
403.536	8.0514
406.611	2.07733
409.683	6.10325
412.754	12.1292
415.824	18.1551
418.893	24.1811
421.961	10.207
425.027	6.23294
428.093	16.2589
431.158	2.28484
434.222	18.3108
437.284	10.3367
440.346	2.36269
443.407	22.3886
446.464	16.4146
449.523	14.4405
452.581	20.4664
455.635	6.49236
458.691	6.51829
461.743	4.54419
464.797	8.57011
467.847	-11.404
470.899	6.6219
473.947	6.64777
476.994	4.67364
480.043	6.69951
483.088	-7.27465
486.133	0.751177
489.176	6.77699
492.22	12.8028
495.262	2.8286
498.302	0.854379
501.341	6.88014
504.38	8.90588
507.417	8.93161
510.453	2.95731
513.487	2.98299
516.521	13.0087
519.554	3.03431
522.586	5.05994
525.616	9.08553
528.646	7.11112
531.675	3.13668
534.701	1.1622
537.729	5.18772
540.753	15.2132
543.778	-10.7613
546.8	-2.73592
549.821	17.2895
552.844	7.31486
555.863	-0.659795
558.881	3.36552
561.898	11.3908
564.916	9.41606
567.932	5.44128
570.946	1.46647
573.959	9.49163
576.971	-6.48325
579.982	7.54184
582.993	17.5669
586	9.5919
589.008	1.61688
592.015	-0.358175
595.022	5.66673
598.025	-4.30841
601.029	17.7164
604.032	-0.258784
607.033	9.76595
610.034	7.79067
613.032	7.81532
616.032	11.84
619.028	7.86452
622.023	11.8891
625.018	11.9135
628.013	1.93799
631.005	5.96238
633.997	1.98673
636.987	16.011
639.977	10.0353
642.965	-1.9405
645.952	2.08365
648.939	6.10776
651.924	-1.86818
654.909	2.15583
657.892	14.1798
660.873	2.20368
663.854	0.227533
666.835	8.25133
669.813	6.27507
672.791	12.2988
675.767	10.3224
678.743	2.34596
681.717	18.3695
684.692	10.3929
687.664	14.4163
690.634	6.43968
693.606	8.46297
696.575	10.4862
699.543	18.5094
702.51	6.53245
705.475	-7.44451
708.44	6.57847
711.404	8.60138
714.367	-5.37576
717.329	18.647
720.29	6.66975
723.25	16.6924
726.207	0.714984
729.166	8.73751
732.123	16.76
735.077	6.78235
738.032	14.8047
740.984	14.8269
743.938	0.849103
746.888	6.87121
749.839	12.8933
752.788	14.9152
755.735	4.9371
758.682	20.9589
761.627	8.98067
764.574	3.00235
767.517	21.024
770.46	17.0455
773.402	9.06692
776.342	9.08829
779.282	19.1096
782.219	9.13079
785.157	27.1519
788.094	5.173
791.029	21.194
793.962	9.21488
796.896	3.2357
799.828	5.25643
802.76	3.2771
805.689	3.29767
808.619	11.3182
811.546	1.33857
814.473	7.35889
817.4	-0.620855
820.324	13.3993
823.248	13.4194
826.17	17.4394
829.092	23.4592
832.012	21.4791
834.932	-0.501222
837.851	17.5184
840.768	17.538
843.685	15.5574
846.599	19.5768
849.514	7.59605
852.428	19.6152
855.339	15.6343
858.251	7.65333
861.16	13.6722
864.07	3.69105
866.978	1.70976
869.884	-0.271621
872.792	25.7469
875.696	3.76535
878.599	3.78368
881.502	1.80192
884.404	21.8201
887.304	13.8381
890.204	17.8561
893.103	5.87391
896.001	15.8917
898.898	3.90931
901.794	19.9269
904.689	19.9443
907.581	-4.03835
910.474	3.9789
913.364	17.996
916.256	4.01308
919.144	14.03
922.034	14.0468
924.92	0.0635662
927.808	14.0802
930.693	6.09671
933.576	12.1131
936.459	28.1294
939.341	10.1456
942.222	12.1617
945.102	12.1777
947.981	6.19355
950.859	12.2093
953.737	20.225
956.613	16.2405
959.488	12.2559
962.361	6.27125
965.235	-1.71353
968.105	10.3016
970.977	12.3165
973.846	6.33141
976.716	6.34617
979.583	2.36081
982.449	4.37533
985.316	2.38975
988.18	28.404
991.043	8.41822
993.906	4.43228
996.767	18.4462
999.628	8.46005
1002.49	12.4738
1005.35	16.4874
1008.2	14.5008
1011.06	-5.48583
1013.91	26.5274
1016.77	10.5405
1019.62	20.5535
1022.48	6.56637
1025.33	2.57911
1028.18	4.59174
1031.03	16.6042
1033.87	2.61661
1036.72	10.6289
1039.57	4.641
1042.41	36.653
1045.26	6.66487
1048.1	20.6766
1050.94	0.68825
1053.78	12.6997
1056.62	16.7111
1059.46	4.72237
1062.3	4.73348
1065.14	18.7445
1067.97	8.75532
1070.81	8.76605
1073.64	0.776649
1076.47	14.7871
1079.31	6.79745
1082.14	8.80766
1084.97	6.81773
1087.8	6.82767
1090.63	6.83748
1093.45	14.8472
1096.28	14.8567
1099.1	18.8661
1101.93	16.8754
1104.75	4.88451
1107.57	20.8935
1110.39	-5.09762
1113.21	4.9111
1116.03	8.9197
1118.85	14.9282
1121.66	0.936471
1124.48	4.94465
1127.3	8.95269
1130.11	0.960598
1132.92	2.96836
1135.73	10.976
1138.54	-1.01654
1141.35	10.9908
1144.16	0.998009
1146.97	5.00507
1149.78	1.01199
1152.58	19.0188
1155.39	7.02539
1158.19	5.03188
1161	17.0382
1163.8	9.04442
1166.6	17.0505
1169.4	7.05639
1172.2	9.06216
1174.99	17.0678
1177.79	9.07325
1180.59	5.07858
1183.38	9.08376
1186.17	13.0888
1188.97	-2.90632
1191.76	9.09841
1194.55	7.103
1197.34	-0.892558
1200.13	23.1117
1202.92	21.1159
1205.7	5.11986
1208.49	23.1237
1211.27	5.12739
1214.06	3.13092
1216.84	13.1343
1219.62	7.13754
1222.4	9.14062
1225.18	11.1435
1227.96	1.14631
1230.74	17.1489
1233.51	7.1514
1236.29	5.15371
1239.06	9.15586
1241.84	3.15786
1244.61	17.1597
1247.38	9.16139
1250.15	21.1629
1252.92	7.16429
1255.69	9.16551
1258.46	-0.833438
1261.23	3.16746
1263.99	3.1682
1266.76	5.16878
1269.52	-0.830793
1272.28	5.16947
1275.05	11.1696
1277.81	1.16951
1280.57	15.1693
1283.33	21.1689
1286.08	13.1684
1288.84	1.16767
1291.6	13.1668
1294.35	11.1658
1297.11	5.16458
1299.86	11.1632
1302.61	17.1617
1305.36	3.16003
1308.11	11.1582
1310.86	13.1562
1313.61	5.15399
1316.36	3.15164
1319.1	11.1491
1321.85	-10.8535
1324.59	-4.85639
1327.33	-6.8594
1330.08	11.1374
1332.82	-6.86592
1335.56	17.1306
1338.3	15.1269
1341.04	19.123
1343.77	13.119
1346.51	5.11482
1349.25	13.1105
1351.98	5.10593
1354.71	1.10123
1357.45	11.0964
1360.18	9.09131
1362.91	9.0861
1365.64	3.08071
1368.37	5.07515
1371.09	23.0694
1373.82	1.06351
1376.54	19.0574
1379.27	9.05118
1381.99	9.04475
1384.72	3.03815
1387.44	3.03138
1390.16	13.0244
1392.88	1.0173
1395.6	17.01
1398.31	21.0025
1401.03	-3.00514
1403.75	-1.01297
1406.46	10.979
1409.18	-3.02917
1411.89	0.962469
1414.6	14.9539
1417.31	14.9452
1420.02	6.93631
1422.73	-3.07277
1425.44	8.91797
1428.15	10.9085
1430.85	2.89891
1433.56	0.889118
1436.26	2.87913
1438.97	-1.13102
1441.67	4.85864
1444.37	2.84812
1447.07	10.8374
1449.77	16.8265
1452.47	8.81545
1455.16	2.8042
1457.86	14.7928
1460.56	14.7811
1463.25	20.7693
1465.94	10.7574
1468.64	4.74518
1471.33	18.7328
1474.02	-1.27972
1476.71	12.7076
1479.4	10.6946
1482.09	20.6815
1484.77	10.6683
1487.46	4.65478
1490.14	8.64112
1492.83	16.6273
1495.51	4.61324
1498.19	16.599
1500.87	6.58461
1503.55	12.57
1506.23	6.55522
1508.91	4.54025
1511.59	0.525075
1514.27	14.5097
1516.94	12.4942
1519.62	-1.52156
1522.29	0.462514
1524.96	6.4464
1527.63	0.430092
1530.3	12.4136
1532.97	4.3969
1535.64	2.38002
1538.31	-3.63706
1540.98	14.3457
1543.64	2.32821
1546.31	12.3106
1548.97	18.2927
1551.63	22.2747
1554.3	16.2564
1556.96	12.238
1559.62	26.2194
1562.28	12.2006
1564.94	-5.81844
1567.59	14.1624
1570.25	4.14295
1572.9	-3.87665
1575.56	0.103547
1578.21	16.0836
1580.86	16.0634
1583.52	14.043
1586.17	20.0224
1588.82	4.00161
1591.47	9.98064
1594.11	1.95947
1596.76	9.93809
1599.41	19.9165
1602.05	3.89475
1604.69	15.8728
1607.34	3.85061
1609.98	21.8282
1612.62	13.8057
1615.26	1.78289
1617.9	19.7599
1620.54	17.7367
1623.18	17.7134
1625.81	19.6898
1628.45	13.666
1631.08	5.64205
1633.72	9.61788
1636.35	9.5935
1638.98	-0.431085
1641.61	7.54413
1644.24	3.51914
1646.87	-0.506058
1649.5	15.4685
1652.13	7.44295
1654.75	3.41714
1657.38	17.3911
1660	15.3649
1662.63	23.3385
1665.25	11.3119
1667.87	5.28505
1670.49	17.258
1673.11	11.2308
1675.73	5.20334
1678.35	11.1757
1680.96	23.1478
1683.58	-2.88022
1686.19	21.0915
1688.81	1.06302
1691.42	5.03434
1694.03	11.0054
1696.64	8.97635
1699.25	6.94704
1701.87	8.91751
1704.47	-5.11221
1707.08	8.85786
1709.69	14.8277
1712.29	0.79736
1714.9	16.7668
1717.5	0.736041
1720.1	2.70505
1722.71	8.67385
1725.31	14.6425
1727.91	0.610839
1730.51	0.579025
1733.1	18.547
1735.7	22.5147
1738.3	6.48228
1740.89	-11.5504
1743.49	14.4167
1746.08	18.3836
1748.67	20.3503
1751.26	4.31683
1753.86	4.28309
1756.45	4.24914
1759.03	8.21499
1761.62	2.18061
1764.21	2.14603
1766.8	2.11124
1769.38	14.0762
1771.97	10.041
1774.55	8.00555
1777.13	9.96989
1779.71	3.93402
1782.29	13.898
1784.87	21.8616
1787.45	15.8251
1790.03	3.78841
1792.61	3.75144
1795.18	9.71429
1797.76	13.6769
1800.33	1.6393
1802.9	-2.39851
1805.48	3.56346
1808.05	11.5252
1810.62	13.4867
1813.19	-4.55194
1815.76	13.4092
1818.33	15.37
1820.89	25.3307
1823.46	1.29114
1826.02	3.25135
1828.59	23.2114
1831.15	5.17116
1833.71	15.1307
1836.27	13.0901
1838.84	7.04919
1841.39	25.0081
1843.95	10.9668
1846.51	14.9252
1849.07	-3.11648
1851.62	4.84154
1854.18	2.79933
1856.73	8.75693
1859.29	8.71428
1861.84	12.6714
1864.39	18.6284
1866.94	18.585
1869.49	6.54152
1872.04	12.4978
1874.59	6.45381
1877.13	-3.59038
1879.68	18.3652
1882.22	2.32059
1884.77	2.27572
1887.31	18.2307
1889.85	8.18534
1892.39	6.13983
1894.93	12.0941
1897.47	8.04809
1900.01	4.00189
1902.55	15.9555
1905.09	-0.0911762
1907.62	7.86195
1910.16	9.81488
1912.69	9.76755
1915.22	-0.280009
1917.76	5.67224
1920.29	-0.375777
1922.82	5.57601
1925.35	5.52754
1927.88	-2.52112
1930.4	-2.57002
1932.93	1.38086
1935.46	3.3315
1937.98	13.2819
1940.51	3.23211
1943.03	-0.817936
1945.55	15.1318
1948.07	5.08132
1950.59	-8.96937
1953.11	2.97966
1955.63	0.928501
1958.15	4.87711
1960.67	8.82549
1963.18	0.773638
1965.7	0.721552
1968.21	16.6692
1970.73	-1.38331
1973.24	18.5639
1975.75	4.51094
1978.26	6.45769
1980.77	2.40425
1983.28	6.35054
1985.79	4.29664
1988.29	10.2425
1990.8	2.18809
1993.31	0.133489
1995.81	12.0787
1998.31	0.0236187
