100.093	17.6155
103.274	27.5668
106.457	9.51857
109.636	31.4708
112.817	13.4234
115.994	29.3765
119.172	7.32998
122.347	9.28392
125.521	1.23829
128.696	31.1931
131.868	-0.851723
135.039	25.1039
138.209	21.06
141.379	21.0164
144.547	12.9733
147.713	12.9306
150.879	4.88833
154.043	12.8465
157.206	22.805
160.368	18.7639
163.529	24.7233
166.689	14.683
169.848	38.6432
173.006	-1.39627
176.163	12.5647
179.316	20.5261
182.471	18.4878
185.625	16.4499
188.777	4.41244
191.927	14.3754
195.077	0.338674
198.224	12.3024
201.372	24.2664
204.52	10.2309
207.664	16.1958
210.809	14.161
213.95	8.12657
217.091	6.09255
220.233	12.0589
223.372	20.0256
226.509	21.9927
229.648	5.96015
232.784	9.92798
235.918	15.8962
239.051	17.8647
242.186	11.8336
245.317	13.8029
248.447	37.7726
251.577	-0.25745
254.705	31.7129
257.832	23.6836
260.958	25.6547
264.083	19.6261
267.204	15.5978
270.327	25.5699
273.449	13.5424
276.57	23.5151
279.69	15.4883
282.806	7.46174
285.924	5.43555
289.04	29.4097
292.154	23.3842
295.268	-0.641023
298.379	13.3341
301.492	11.3096
304.601	17.2854
307.711	5.26152
310.818	9.23798
313.924	11.2148
317.031	9.19186
320.135	23.1693
323.238	5.14702
326.34	21.1251
329.443	-2.89656
332.543	9.08213
335.642	13.0611
338.74	17.0404
341.836	11.0201
344.932	11
348.027	-1.0198
351.12	10.9607
354.213	4.94157
357.302	6.92271
360.393	-7.09585
363.482	16.8859
366.57	16.8679
369.656	6.85024
372.742	12.8329
375.827	16.8158
378.91	4.79896
381.993	4.78244
385.073	-7.23378
388.154	14.7503
391.232	18.7346
394.311	4.71924
397.387	2.70414
400.462	4.68933
403.536	-3.32521
406.611	14.6605
409.683	24.6465
412.754	6.63282
415.824	14.6194
418.893	8.6062
421.961	20.5933
425.027	6.58065
428.093	28.5683
431.158	-3.44384
434.222	-5.45569
437.284	12.5327
440.346	2.52139
443.407	12.5103
446.464	4.4995
449.523	20.4889
452.581	6.47862
455.635	-5.53144
458.691	18.4588
461.743	18.4492
464.797	2.43988
467.847	18.4308
470.899	6.42198
473.947	4.4134
476.994	14.4051
480.043	4.39696
483.088	0.389096
486.133	10.3815
489.176	10.3741
492.22	8.36692
495.262	2.35999
498.302	2.3533
501.341	10.3468
504.38	0.340592
507.417	4.33458
510.453	2.32879
513.487	8.32323
516.521	-9.68211
519.554	10.3128
522.586	0.307865
525.616	6.30318
528.646	8.29871
531.675	-7.70554
534.701	22.2904
537.729	16.2866
540.753	6.28298
543.778	-7.72043
546.8	-3.72363
549.821	-3.72662
552.844	4.27059
555.863	-1.732
558.881	-5.73438
561.898	8.26343
564.916	4.26145
567.932	0.259664
570.946	16.2581
573.959	6.25668
576.971	8.25548
579.982	2.25447
582.993	2.25366
586	2.25303
589.008	10.2526
592.015	12.2523
595.022	4.25227
598.025	4.25239
601.029	16.2527
604.032	8.25317
607.033	-1.74617
610.034	16.2547
613.032	12.2557
616.032	12.2569
619.028	4.25825
622.023	4.25979
625.018	2.2615
628.013	8.26339
631.005	2.26544
633.997	16.2677
636.987	14.27
639.977	4.2726
642.965	4.27531
645.952	6.27819
648.939	10.2812
651.924	8.28443
654.909	8.28779
657.892	0.291305
660.873	14.295
663.854	0.298801
666.835	16.3028
669.813	4.30691
672.791	12.3112
675.767	4.31562
678.743	8.3202
681.717	14.3249
684.692	6.3298
687.664	14.3348
690.634	20.34
693.606	24.3453
696.575	4.35072
699.543	12.3563
702.51	-3.63798
705.475	4.36787
708.44	10.3739
711.404	-7.62001
714.367	6.38624
717.329	20.3926
720.29	10.3992
723.25	8.4058
726.207	8.41257
729.166	10.4195
732.123	12.4265
735.077	18.4336
738.032	12.4409
740.984	10.4483
743.938	18.4558
746.888	26.4635
749.839	14.4712
752.788	12.4791
755.735	-1.51293
758.682	24.4952
761.627	4.50338
764.574	16.5117
767.517	12.5201
770.46	20.5287
773.402	8.53732
776.342	10.5461
779.282	6.55494
782.219	14.5639
785.157	20.573
788.094	4.58215
791.029	14.5914
793.962	8.60079
796.896	2.61026
799.828	20.6198
802.76	22.6295
805.689	4.63924
808.619	8.6491
811.546	4.65904
814.473	14.6691
817.4	-1.3208
820.324	16.6894
823.248	0.699707
826.17	10.7101
829.092	32.7206
832.012	10.7311
834.932	14.7418
837.851	10.7525
840.768	12.7633
843.685	6.77417
846.599	8.78512
849.514	4.79616
852.428	2.80727
855.339	14.8185
858.251	16.8297
861.16	24.841
864.07	2.85246
866.978	-3.13607
869.884	14.8755
872.792	16.8871
875.696	8.89876
878.599	4.91051
881.502	-1.07768
884.404	6.93419
887.304	18.9461
890.204	10.9581
893.103	24.9702
896.001	24.9823
898.898	6.99447
901.794	7.0067
904.689	11.019
907.581	-4.96868
910.474	3.04372
913.364	7.05616
916.256	11.0687
919.144	7.0812
922.034	11.0938
924.92	3.10645
927.808	13.1191
930.693	13.1319
933.576	7.14466
936.459	7.15748
939.341	3.17035
942.222	3.18326
945.102	9.19621
947.981	13.2092
950.859	5.22222
953.737	19.2353
956.613	13.2484
959.488	11.2615
962.361	7.27469
965.235	-4.7121
968.105	-0.698873
970.977	15.3144
973.846	7.32769
976.716	9.34101
979.583	7.35436
982.449	9.36774
985.316	11.3811
988.18	9.39457
991.043	15.408
993.906	15.4215
996.767	7.43499
999.628	15.4485
1002.49	1.46204
1005.35	23.4756
1008.2	-2.51084
1011.06	9.50274
1013.91	9.51634
1016.77	9.52996
1019.62	13.5436
1022.48	3.55723
1025.33	-0.429125
1028.18	15.5845
1031.03	27.5982
1033.87	5.61188
1036.72	3.62558
1039.57	9.63927
1042.41	17.653
1045.26	25.6667
1048.1	1.68036
1050.94	15.6941
1053.78	7.70778
1056.62	15.7215
1059.46	9.73519
1062.3	17.7489
1065.14	3.76259
1067.97	19.7763
1070.81	-0.210021
1073.64	3.80367
1076.47	11.8173
1079.31	13.831
1082.14	3.84468
1084.97	7.85834
1087.8	9.87198
1090.63	-0.11439
1093.45	11.8992
1096.28	7.91283
1099.1	15.9264
1101.93	5.93999
1104.75	-2.04645
1107.57	13.9671
1110.39	-0.0193805
1113.21	13.9941
1116.03	6.0076
1118.85	10.0211
1121.66	2.0345
1124.48	14.0479
1127.3	4.06131
1130.11	0.0746792
1132.92	-5.91198
1135.73	18.1013
1138.54	12.1146
1141.35	2.12787
1144.16	6.1411
1146.97	-1.8457
1149.78	18.1675
1152.58	6.18059
1155.39	12.1937
1158.19	8.20676
1161	2.21979
1163.8	16.2328
1166.6	16.2457
1169.4	6.25866
1172.2	8.27154
1174.99	4.28439
1177.79	6.29718
1180.59	4.30994
1183.38	6.32265
1186.17	-1.66467
1188.97	-5.65204
1191.76	0.360541
1194.55	8.37308
1197.34	6.38557
1200.13	6.39801
1202.92	18.4104
1205.7	4.42274
1208.49	-9.56496
1211.27	12.4473
1214.06	-1.54053
1216.84	10.4716
1219.62	4.48369
1222.4	10.4957
1225.18	24.5077
1227.96	6.51961
1230.74	10.5315
1233.51	2.54327
1236.29	28.555
1239.06	18.5667
1241.84	0.578313
1244.61	2.58987
1247.38	12.6014
1250.15	4.6128
1252.92	-7.37583
1255.69	10.6355
1258.46	-5.3533
1261.23	6.65788
1263.99	18.669
1266.76	-1.31999
1269.52	2.69098
1272.28	2.70187
1275.05	-9.2873
1277.81	0.723447
1280.57	20.7341
1283.33	2.74473
1286.08	10.7553
1288.84	2.76572
1291.6	12.7761
1294.35	12.7864
1297.11	-9.20338
1299.86	8.80677
1302.61	20.8168
1305.36	18.8268
1308.11	2.83673
1310.86	8.84655
1313.61	16.8563
1316.36	10.866
1319.1	6.87553
1321.85	-1.11498
1324.59	10.8944
1327.33	4.90374
1330.08	2.91297
1332.82	-3.07789
1335.56	18.9312
1338.3	12.9401
1341.04	6.949
1343.77	6.95778
1346.51	22.9665
1349.25	18.9751
1351.98	6.98356
1354.71	0.991976
1357.45	5.00029
1360.18	5.0085
1362.91	5.01663
1365.64	15.0246
1368.37	19.0326
1371.09	-2.9596
1373.82	5.04812
1376.54	3.05574
1379.27	13.0633
1381.99	5.07069
1384.72	17.078
1387.44	-6.91478
1390.16	1.09233
1392.88	15.0993
1395.6	9.10623
1398.31	9.11302
1401.03	7.1197
1403.75	7.12628
1406.46	1.13275
1409.18	3.1391
1411.89	5.14535
1414.6	5.15149
1417.31	7.15751
1420.02	13.1634
1422.73	3.16921
1425.44	13.1749
1428.15	-0.819536
1430.85	25.1859
1433.56	11.1913
1436.26	3.19647
1438.97	-2.79843
1441.67	17.2066
1444.37	7.21142
1447.07	7.21616
1449.77	19.2208
1452.47	19.2253
1455.16	17.2297
1457.86	3.23392
1460.56	7.23805
1463.25	5.24206
1465.94	-2.75406
1468.64	27.2497
1471.33	-4.74667
1474.02	13.2568
1476.71	-2.73979
1479.4	9.26346
1482.09	9.26657
1484.77	7.26956
1487.46	1.27242
1490.14	13.2751
1492.83	3.27774
1495.51	7.2802
1498.19	17.2825
1500.87	7.28472
1503.55	7.28678
1506.23	19.2887
1508.91	3.29049
1511.59	1.29214
1514.27	7.29365
1516.94	7.29503
1519.62	3.29627
1522.29	9.29736
1524.96	13.2983
1527.63	9.29913
1530.3	5.29981
1532.97	19.3003
1535.64	13.3007
1538.31	3.30097
1540.98	-8.69893
1543.64	25.301
1546.31	15.3008
1548.97	11.3005
1551.63	3.30002
1554.3	7.29939
1556.96	17.2986
1559.62	11.2977
1562.28	-4.7034
1564.94	15.2954
1567.59	3.294
1570.25	9.29247
1572.9	13.2908
1575.56	25.289
1578.21	9.28697
1580.86	17.2848
1583.52	13.2825
1586.17	1.28008
1588.82	15.2775
1591.47	15.2747
1594.11	11.2718
1596.76	3.26871
1599.41	9.26547
1602.05	19.2621
1604.69	3.25852
1607.34	-8.7452
1609.98	7.25092
1612.62	15.2469
1615.26	3.24268
1617.9	5.23832
1620.54	17.2338
1623.18	3.2291
1625.81	13.2242
1628.45	9.21922
1631.08	7.21404
1633.72	-0.791315
1636.35	5.20316
1638.98	9.19748
1641.61	13.1916
1644.24	15.1856
1646.87	3.1794
1649.5	5.17303
1652.13	13.1665
1654.75	3.15979
1657.38	5.15291
1660	19.1459
1662.63	17.1386
1665.25	7.13124
1667.87	13.1237
1670.49	17.1159
1673.11	11.108
1675.73	5.0999
1678.35	11.0916
1680.96	9.08317
1683.58	11.0745
1686.19	5.06573
1688.81	3.05674
1691.42	1.04758
1694.03	1.03823
1696.64	31.0287
1699.25	13.019
1701.87	15.0091
1704.47	4.99903
1707.08	20.9888
1709.69	-7.02167
1712.29	-3.03229
1714.9	16.9569
1717.5	14.9459
1720.1	12.9347
1722.71	0.923364
1725.31	6.91182
1727.91	2.90007
1730.51	6.88815
1733.1	16.876
1735.7	22.8637
1738.3	6.85123
1740.89	-3.16145
1743.49	8.82567
1746.08	6.81261
1748.67	4.79935
1751.26	12.7859
1753.86	8.77226
1756.45	6.75842
1759.03	14.7444
1761.62	10.7302
1764.21	12.7157
1766.8	8.70113
1769.38	-1.31368
1771.97	10.6713
1774.55	-5.3439
1777.13	8.6407
1779.71	0.625097
1782.29	14.6093
1784.87	4.5933
1787.45	4.5771
1790.03	12.5607
1792.61	18.5441
1795.18	14.5273
1797.76	2.5103
1800.33	6.4931
1802.9	12.4757
1805.48	8.45808
1808.05	26.4403
1810.62	16.4222
1813.19	12.404
1815.76	14.3856
1818.33	10.3669
1820.89	2.3481
1823.46	18.3291
1826.02	6.30979
1828.59	6.29033
1831.15	18.2707
1833.71	-1.74923
1836.27	-1.76932
1838.84	8.21038
1841.39	16.1899
1843.95	22.1691
1846.51	4.14821
1849.07	26.1271
1851.62	10.1057
1854.18	18.0841
1856.73	18.0624
1859.29	2.04035
1861.84	6.01815
1864.39	9.99572
1866.94	3.97307
1869.49	11.9502
1872.04	15.9271
1874.59	5.90385
1877.13	13.8803
1879.68	9.85663
1882.22	-0.167324
1884.77	-0.191493
1887.31	5.78414
1889.85	15.7595
1892.39	17.7347
1894.93	13.7097
1897.47	9.6844
1900.01	9.65892
1902.55	3.63321
1905.09	19.6073
1907.62	-6.41887
1910.16	-2.44523
1912.69	7.52817
1915.22	-2.49866
1917.76	-0.525695
1920.29	11.447
1922.82	5.41953
1925.35	9.3918
1927.88	-0.636146
1930.4	7.33568
1932.93	7.30728
1935.46	5.27865
1937.98	11.2498
1940.51	19.2207
1943.03	7.19137
1945.55	1.16184
1948.07	3.13205
1950.59	13.1021
1953.11	11.0718
1955.63	7.04135
1958.15	1.01065
1960.67	10.9797
1963.18	4.94856
1965.7	0.917161
1968.21	14.8855
1970.73	6.85366
1973.24	-3.17845
1975.75	14.7892
1978.26	8.75665
1980.77	2.72386
1983.28	8.69081
1985.79	2.65754
1988.29	8.62403
1990.8	14.5903
1993.31	18.5563
1995.81	6.52204
1998.31	-5.5124
