100.093	18.964
103.274	1.00273
106.457	11.0413
109.636	25.0796
112.817	15.1178
115.994	17.1557
119.172	15.1934
122.347	3.23091
125.521	11.2682
128.696	19.3053
131.868	11.3421
135.039	21.3788
138.209	11.4152
141.379	25.4515
144.547	19.4875
147.713	17.5233
150.879	3.55891
154.043	27.5943
157.206	11.6295
160.368	5.66451
163.529	15.6993
166.689	-2.2661
169.848	1.76829
173.006	11.8025
176.163	5.83647
179.316	-0.129761
182.471	11.9038
185.625	17.9372
188.777	13.9704
191.927	-1.9966
195.077	16.0362
198.224	22.0688
201.372	2.10121
204.52	16.1334
207.664	18.1654
210.809	8.19727
213.95	22.2289
217.091	20.2603
220.233	14.2916
223.372	20.3226
226.509	-1.64651
229.648	20.3842
232.784	12.4147
235.918	8.44497
239.051	12.4751
242.186	6.50503
245.317	8.53477
248.447	10.5643
251.577	16.5937
254.705	26.6229
257.832	6.65189
260.958	10.6807
264.083	0.709354
267.204	20.7378
270.327	8.76608
273.449	16.7942
276.57	4.82211
279.69	8.84985
282.806	10.8774
285.924	6.9048
289.04	14.932
292.154	16.959
295.268	16.9859
298.379	13.0126
301.492	11.0391
304.601	17.0654
307.711	7.0916
310.818	13.1176
313.924	11.1434
317.031	19.1691
320.135	9.19453
323.238	29.2198
326.34	-4.75503
329.443	17.27
332.543	9.29475
335.642	9.31939
338.74	11.3439
341.836	11.3682
344.932	3.3923
348.027	15.4163
351.12	11.4401
354.213	13.4637
357.302	7.48721
360.393	5.51053
363.482	11.5337
366.57	13.5567
369.656	3.57953
372.742	5.60222
375.827	15.6247
378.91	11.6471
381.993	17.6693
385.073	9.69135
388.154	9.71325
391.232	-0.265021
394.311	13.7566
397.387	17.778
400.462	11.7993
403.536	15.8204
406.611	15.8413
409.683	7.86216
412.754	13.8828
415.824	13.9033
418.893	-2.07632
421.961	17.9439
425.027	23.964
428.093	19.9839
431.158	10.0036
434.222	8.02324
437.284	6.04272
440.346	10.062
443.407	-5.91878
446.464	8.10024
449.523	2.11914
452.581	-1.86212
455.635	32.1565
458.691	14.1749
461.743	36.1932
464.797	0.211427
467.847	16.2295
470.899	-5.75265
473.947	4.2651
476.994	6.28271
480.043	6.30019
483.088	6.31753
486.133	6.33472
489.176	6.35178
492.22	20.3687
495.262	16.3855
498.302	20.4022
501.341	6.41868
504.38	10.4351
507.417	10.4513
510.453	12.4674
513.487	6.48342
516.521	20.4993
519.554	12.515
522.586	6.5306
525.616	-1.45394
528.646	8.56139
531.675	12.5766
534.701	-1.40833
537.729	12.6066
540.753	10.6214
543.778	2.63614
546.8	10.6507
549.821	10.6651
552.844	6.67947
555.863	2.69366
558.881	8.70773
561.898	-5.27833
564.916	18.7355
567.932	-1.2508
570.946	0.762777
573.959	2.77623
576.971	10.7896
579.982	10.8028
582.993	20.8159
586	10.8289
589.008	14.8417
592.015	12.8545
595.022	4.86709
598.025	4.87959
601.029	-9.10802
604.032	-7.09574
607.033	10.9164
610.034	4.92846
613.032	0.940391
616.032	-1.04779
619.028	6.96391
622.023	2.9755
625.018	2.98698
628.013	8.99835
631.005	3.00961
633.997	11.0208
636.987	5.03179
639.977	15.0427
642.965	3.05353
645.952	5.06424
648.939	7.07484
651.924	17.0853
654.909	5.09572
657.892	7.10601
660.873	-0.883824
663.854	21.1262
666.835	9.13621
669.813	19.1461
672.791	11.1558
675.767	3.16548
678.743	13.175
681.717	-2.81552
684.692	23.1938
687.664	3.20308
690.634	13.2122
693.606	3.22127
696.575	9.23021
699.543	19.2391
702.51	15.2478
705.475	7.25645
708.44	9.26501
711.404	-10.7265
714.367	7.28182
717.329	9.29008
720.29	5.29825
723.25	11.3063
726.207	-8.68571
729.166	11.3222
732.123	15.33
735.077	17.3377
738.032	17.3453
740.984	5.35278
743.938	15.3602
746.888	5.36752
749.839	-0.625236
752.788	15.3819
755.735	17.389
758.682	3.39593
761.627	21.4028
764.574	11.4096
767.517	9.41631
770.46	13.4229
773.402	1.42945
776.342	19.4359
779.282	11.4423
782.219	11.4485
785.157	11.4547
788.094	17.4608
791.029	11.4668
793.962	7.47277
796.896	11.4786
799.828	9.48439
802.76	13.4901
805.689	3.49568
808.619	15.5012
811.546	13.5067
814.473	19.512
817.4	19.5173
820.324	-0.477495
823.248	15.5276
826.17	5.53268
829.092	11.5376
832.012	11.5425
834.932	13.5474
837.851	3.5521
840.768	-0.443238
843.685	11.5614
846.599	23.5659
849.514	19.5703
852.428	13.5747
855.339	7.57896
858.251	1.58317
861.16	7.58732
864.07	15.5914
866.978	11.5954
869.884	9.59932
872.792	13.6032
875.696	9.60697
878.599	15.6107
881.502	11.6143
884.404	1.61791
887.304	7.62142
890.204	9.62486
893.103	9.62824
896.001	11.6315
898.898	17.6348
901.794	1.63796
904.689	15.6411
907.581	19.6441
910.474	-0.352913
913.364	9.65
916.256	15.6528
919.144	7.65563
922.034	7.65835
924.92	9.66101
927.808	9.6636
930.693	13.6661
933.576	9.66861
936.459	15.671
939.341	21.6734
942.222	15.6757
945.102	1.67789
947.981	-4.31994
950.859	1.68217
953.737	5.68422
956.613	15.6862
959.488	1.68815
962.361	7.69003
965.235	17.6918
968.105	7.69361
970.977	13.6953
973.846	11.697
976.716	13.6986
979.583	3.70012
982.449	13.7016
985.316	11.703
988.18	17.7044
991.043	7.70575
993.906	5.70703
996.767	13.7083
999.628	1.70942
1002.49	3.71054
1005.35	13.7116
1008.2	19.7126
1011.06	3.7136
1013.91	11.7145
1016.77	7.71538
1019.62	15.7162
1022.48	7.71697
1025.33	13.7177
1028.18	1.71837
1031.03	1.719
1033.87	13.7196
1036.72	15.7201
1039.57	3.7206
1042.41	-6.27896
1045.26	17.7214
1048.1	3.72179
1050.94	-0.277901
1053.78	15.7224
1056.62	7.72258
1059.46	17.7228
1062.3	7.72289
1065.14	5.72298
1067.97	7.72303
1070.81	19.723
1073.64	9.723
1076.47	15.7229
1079.31	-0.277194
1082.14	9.72265
1084.97	9.72245
1087.8	11.7222
1090.63	15.7219
1093.45	9.72163
1096.28	19.7213
1099.1	17.7209
1101.93	9.72046
1104.75	3.71999
1107.57	21.7195
1110.39	1.71895
1113.21	5.71838
1116.03	5.71777
1118.85	3.71712
1121.66	9.71644
1124.48	5.71573
1127.3	7.71498
1130.11	5.7142
1132.92	13.7134
1135.73	3.71254
1138.54	5.71166
1141.35	13.7107
1144.16	7.7098
1146.97	11.7088
1149.78	3.70782
1152.58	13.7068
1155.39	15.7057
1158.19	5.70461
1161	-2.29651
1163.8	1.70233
1166.6	1.70114
1169.4	9.69993
1172.2	7.69869
1174.99	-8.30258
1177.79	11.6961
1180.59	9.69479
1183.38	1.69344
1186.17	5.69207
1188.97	21.6907
1191.76	7.68923
1194.55	3.68778
1197.34	1.6863
1200.13	1.6848
1202.92	-2.31673
1205.7	25.6817
1208.49	5.68015
1211.27	-6.32145
1214.06	1.67693
1216.84	3.67528
1219.62	9.67362
1222.4	-4.32807
1225.18	5.67023
1227.96	13.6685
1230.74	-4.33325
1233.51	7.66498
1236.29	21.6632
1239.06	17.6614
1241.84	-4.34045
1244.61	7.65771
1247.38	-6.34416
1250.15	7.65396
1252.92	-0.347941
1255.69	3.65014
1258.46	5.6482
1261.23	5.64625
1263.99	5.64428
1266.76	13.6423
1269.52	-0.359702
1272.28	-2.36172
1275.05	9.63625
1277.81	3.63421
1280.57	17.6321
1283.33	11.6301
1286.08	11.628
1288.84	13.6259
1291.6	15.6238
1294.35	17.6216
1297.11	3.6195
1299.86	9.61735
1302.61	7.61519
1305.36	3.61301
1308.11	-0.389172
1310.86	11.6086
1313.61	7.60643
1316.36	9.60421
1319.1	-6.39802
1321.85	1.59975
1324.59	3.5975
1327.33	5.59525
1330.08	17.593
1332.82	23.5907
1335.56	1.58844
1338.3	5.58616
1341.04	9.58387
1343.77	1.58157
1346.51	-6.42074
1349.25	3.57695
1351.98	9.57463
1354.71	11.5723
1357.45	9.56998
1360.18	7.56765
1362.91	19.5653
1365.64	13.563
1368.37	7.56063
1371.09	13.5583
1373.82	11.5559
1376.54	15.5536
1379.27	-6.44879
1381.99	-4.45115
1384.72	15.5465
1387.44	11.5441
1390.16	11.5418
1392.88	1.5394
1395.6	7.53703
1398.31	17.5347
1401.03	1.53229
1403.75	-8.47007
1406.46	-0.472441
1409.18	3.52519
1411.89	5.52283
1414.6	9.52046
1417.31	5.5181
1420.02	15.5157
1422.73	9.51338
1425.44	1.51103
1428.15	1.50868
1430.85	-0.493673
1433.56	11.504
1436.26	11.5016
1438.97	13.4993
1441.67	13.497
1444.37	3.49464
1447.07	7.49232
1449.77	3.49
1452.47	27.4877
1455.16	-4.51462
1457.86	5.48308
1460.56	1.48078
1463.25	13.4785
1465.94	7.47622
1468.64	3.47394
1471.33	7.47168
1474.02	13.4694
1476.71	7.46717
1479.4	9.46493
1482.09	17.4627
1484.77	-2.53953
1487.46	11.4583
1490.14	-6.54394
1492.83	15.4539
1495.51	9.45168
1498.19	15.4495
1500.87	7.44734
1503.55	11.4452
1506.23	7.44305
1508.91	13.4409
1511.59	5.43881
1514.27	21.4367
1516.94	5.43461
1519.62	3.43253
1522.29	17.4305
1524.96	1.42841
1527.63	-0.573625
1530.3	3.42435
1532.97	19.4223
1535.64	1.42034
1538.31	5.41836
1540.98	-4.5836
1543.64	1.41444
1546.31	3.41251
1548.97	5.41059
1551.63	15.4087
1554.3	-16.5932
1556.96	21.4049
1559.62	7.40307
1562.28	7.40124
1564.94	11.3994
1567.59	9.39761
1570.25	17.3958
1572.9	3.39407
1575.56	7.39232
1578.21	5.39059
1580.86	-0.611119
1583.52	7.38719
1586.17	13.3855
1588.82	13.3839
1591.47	11.3822
1594.11	1.38063
1596.76	9.37904
1599.41	21.3775
1602.05	9.37593
1604.69	5.3744
1607.34	13.3729
1609.98	13.3714
1612.62	-14.63
1615.26	1.36852
1617.9	-0.632895
1620.54	-4.63429
1623.18	15.3643
1625.81	1.363
1628.45	11.3617
1631.08	13.3604
1633.72	7.35911
1636.35	3.35786
1638.98	-0.643361
1641.61	7.35544
1644.24	3.35427
1646.87	7.35312
1649.5	21.352
1652.13	27.3509
1654.75	5.34983
1657.38	21.3488
1660	9.34777
1662.63	15.3468
1665.25	5.34582
1667.87	11.3449
1670.49	15.344
1673.11	19.3431
1675.73	1.34225
1678.35	15.3414
1680.96	7.34064
1683.58	17.3399
1686.19	-2.66086
1688.81	19.3384
1691.42	1.33776
1694.03	1.33711
1696.64	11.3365
1699.25	25.3359
1701.87	7.33536
1704.47	7.33483
1707.08	11.3343
1709.69	7.33388
1712.29	23.3335
1714.9	5.33305
1717.5	11.3327
1720.1	7.33236
1722.71	-0.667944
1725.31	21.3318
1727.91	1.33155
1730.51	9.33135
1733.1	3.33119
1735.7	11.3311
1738.3	-8.66905
1740.89	5.33089
1743.49	27.3309
1746.08	5.33086
1748.67	1.3309
1751.26	15.331
1753.86	13.3311
1756.45	7.33122
1759.03	3.3314
1761.62	7.33162
1764.21	15.3319
1766.8	-0.667837
1769.38	7.33249
1771.97	13.3329
1774.55	15.3333
1777.13	5.33369
1779.71	21.3342
1782.29	-0.665323
1784.87	17.3352
1787.45	1.33582
1790.03	31.3364
1792.61	9.33711
1795.18	13.3378
1797.76	7.33856
1800.33	7.33935
1802.9	11.3402
1805.48	19.341
1808.05	11.3419
1810.62	3.34288
1813.19	9.34387
1815.76	13.3449
1818.33	7.34596
1820.89	5.34706
1823.46	13.3482
1826.02	1.3494
1828.59	9.35063
1831.15	9.35191
1833.71	11.3532
1836.27	9.35458
1838.84	3.35598
1841.39	3.35743
1843.95	7.35891
1846.51	-4.63955
1849.07	1.36202
1851.62	3.36364
1854.18	9.3653
1856.73	11.367
1859.29	5.36875
1861.84	19.3705
1864.39	-0.627615
1866.94	1.37427
1869.49	13.3762
1872.04	7.37817
1874.59	3.38019
1877.13	5.38226
1879.68	9.38437
1882.22	1.38653
1884.77	-2.61127
1887.31	5.39098
1889.85	9.39328
1892.39	19.3956
1894.93	-4.60199
1897.47	7.40045
1900.01	-2.59706
1902.55	3.40547
1905.09	23.4081
1907.62	7.41069
1910.16	9.41336
1912.69	7.41609
1915.22	1.41887
1917.76	7.42169
1920.29	13.4246
1922.82	5.42749
1925.35	17.4305
1927.88	13.4335
1930.4	5.43655
1932.93	21.4397
1935.46	13.4429
1937.98	17.4461
1940.51	3.44935
1943.03	1.45267
1945.55	9.45605
1948.07	23.4595
1950.59	17.463
1953.11	17.4665
1955.63	11.4701
1958.15	11.4737
1960.67	15.4774
1963.18	1.48112
1965.7	-6.51509
1968.21	15.4888
1970.73	5.49266
1973.24	1.49661
1975.75	-2.49939
1978.26	11.5047
1980.77	21.5088
1983.28	25.5129
1985.79	-0.482842
1988.29	19.5214
1990.8	13.5258
1993.31	15.5301
1995.81	15.5346
1998.31	5.53907
