100.093	21.2868
103.274	17.4319
106.457	7.57627
109.636	25.7195
112.817	21.862
115.994	10.0034
119.172	20.1439
122.347	14.2834
125.521	0.421943
128.696	8.55966
131.868	22.6964
135.039	8.83214
138.209	8.96699
141.379	1.10101
144.547	1.23403
147.713	11.3661
150.879	-0.502665
154.043	17.6276
157.206	9.75702
160.368	19.8855
163.529	0.0131116
166.689	4.13982
169.848	10.2656
173.006	4.39057
176.163	12.5146
179.316	6.63772
182.471	22.76
185.625	0.881452
188.777	3.00201
191.927	17.1216
195.077	17.2405
198.224	17.3584
201.372	-0.524502
204.52	17.5918
207.664	21.7071
210.809	5.82171
213.95	9.93537
217.091	0.0482013
220.233	8.16027
223.372	10.2714
226.509	2.38177
229.648	10.4914
232.784	0.600054
235.918	-3.29207
239.051	-3.18501
242.186	8.92131
245.317	3.02676
248.447	21.1314
251.577	27.2352
254.705	3.33827
257.832	17.4405
260.958	19.542
264.083	13.6426
267.204	1.74245
270.327	9.84155
273.449	3.93987
276.57	4.03741
279.69	12.1342
282.806	10.2301
285.924	14.3254
289.04	2.41984
292.154	-5.48651
295.268	12.6065
298.379	2.69859
301.492	8.79005
304.601	4.8807
307.711	-7.02934
310.818	25.0598
313.924	11.1483
317.031	13.236
320.135	15.323
323.238	7.40921
326.34	9.49472
329.443	21.5796
332.543	-0.336363
335.642	19.747
338.74	15.8296
341.836	11.9116
344.932	17.9928
348.027	16.0733
351.12	-1.84685
354.213	18.2323
357.302	6.31066
360.393	10.3884
363.482	16.4655
366.57	6.54183
369.656	8.61747
372.742	6.69248
375.827	16.7668
378.91	6.84043
381.993	18.9134
385.073	0.985697
388.154	-0.942641
391.232	17.1283
394.311	-2.80134
397.387	3.2683
400.462	9.33729
403.536	11.4056
406.611	-0.526628
409.683	13.5404
412.754	7.60684
415.824	11.6726
418.893	17.7378
421.961	3.80228
425.027	-8.13384
428.093	19.9294
431.158	19.9921
434.222	-3.94592
437.284	4.11548
440.346	8.17627
443.407	10.2364
446.464	2.29598
449.523	2.35495
452.581	2.41331
455.635	0.47104
458.691	8.52821
461.743	4.58475
464.797	12.6407
467.847	8.6961
470.899	20.7509
473.947	12.8051
476.994	-1.14128
480.043	0.911799
483.088	10.9643
486.133	21.0162
489.176	5.0675
492.22	9.1183
495.262	13.1685
498.302	17.2181
501.341	13.2672
504.38	11.3158
507.417	31.3638
510.453	-4.58881
513.487	15.4581
516.521	17.5044
519.554	-2.44979
522.586	-8.40452
525.616	15.6402
528.646	-2.3156
531.675	9.72808
534.701	1.7712
537.729	9.81384
540.753	17.8559
543.778	7.89751
546.8	-2.06144
549.821	9.97909
552.844	4.01915
555.863	4.05867
558.881	12.0977
561.898	10.1362
564.916	10.1742
567.932	14.2118
570.946	-3.7512
573.959	2.28534
576.971	20.3214
579.982	16.357
582.993	-1.60796
586	14.4266
589.008	-3.53926
592.015	-1.50561
595.022	-3.47243
598.025	10.5603
601.029	-1.4075
604.032	2.62428
607.033	16.6556
610.034	6.68644
613.032	-9.28318
616.032	16.7468
619.028	16.7762
622.023	0.805271
625.018	4.83385
628.013	10.862
631.005	16.8897
633.997	6.91698
636.987	12.9438
639.977	2.9702
642.965	10.9962
645.952	15.0217
648.939	9.0468
651.924	13.0715
654.909	9.09576
657.892	5.11961
660.873	29.143
663.854	7.16605
666.835	11.1887
669.813	15.2108
672.791	7.23265
675.767	19.254
678.743	9.27503
681.717	3.29561
684.692	17.3158
687.664	13.3356
690.634	9.35502
693.606	15.3741
696.575	3.39269
699.543	17.4109
702.51	13.4288
705.475	29.4463
708.44	13.4634
711.404	1.48018
714.367	11.4966
717.329	5.51257
720.29	21.5282
723.25	17.5435
726.207	15.5584
729.166	11.573
732.123	15.5872
735.077	15.601
738.032	15.6145
740.984	3.62766
743.938	19.6405
746.888	15.6529
749.839	19.665
752.788	21.6768
755.735	11.6883
758.682	17.6994
761.627	9.71014
764.574	15.7206
767.517	5.73071
770.46	15.7405
773.402	7.74997
776.342	9.75912
779.282	21.7679
782.219	1.77646
785.157	11.7847
788.094	11.7926
791.029	19.8001
793.962	9.80741
796.896	1.81439
799.828	27.8211
802.76	21.8274
805.689	19.8335
808.619	19.8393
811.546	7.84477
814.473	13.85
817.4	-0.145118
820.324	3.85951
823.248	19.8638
826.17	13.8679
829.092	17.8717
832.012	15.8752
834.932	15.8784
837.851	21.8814
840.768	15.8841
843.685	9.8865
846.599	19.8887
849.514	33.8906
852.428	13.8922
855.339	11.8936
858.251	11.8947
861.16	31.8955
864.07	19.8962
866.978	7.89653
869.884	3.89665
872.792	15.8965
875.696	11.8962
878.599	5.89554
881.502	9.89469
884.404	3.89361
887.304	7.89229
890.204	9.89074
893.103	29.889
896.001	7.88695
898.898	15.8847
901.794	-0.117743
904.689	1.87958
907.581	9.87668
910.474	1.87357
913.364	25.8702
916.256	13.8667
919.144	17.863
922.034	7.85899
924.92	5.85483
927.808	-4.14954
930.693	17.8459
933.576	11.8411
936.459	9.83615
939.341	7.83099
942.222	1.82564
945.102	5.82009
947.981	1.81435
950.859	3.80843
953.737	7.80232
956.613	-0.203971
959.488	9.78956
962.361	-6.21709
965.235	-0.22392
968.105	17.7691
970.977	-4.23809
973.846	15.7546
976.716	11.747
979.583	-2.26063
982.449	21.7315
985.316	9.72352
988.18	9.71535
991.043	19.707
993.906	9.69855
996.767	1.68992
999.628	21.6811
1002.49	23.6722
1005.35	17.6631
1008.2	13.6539
1011.06	-0.355492
1013.91	11.635
1016.77	1.62533
1019.62	15.6155
1022.48	21.6056
1025.33	5.59555
1028.18	21.5853
1031.03	23.575
1033.87	13.5646
1036.72	7.55398
1039.57	27.5433
1042.41	11.5325
1045.26	7.5215
1048.1	3.51044
1050.94	9.49926
1053.78	3.48796
1056.62	25.4765
1059.46	13.465
1062.3	11.4534
1065.14	7.44167
1067.97	5.42982
1070.81	5.41789
1073.64	9.40584
1076.47	3.3937
1079.31	15.3815
1082.14	25.3691
1084.97	5.35669
1087.8	15.3442
1090.63	9.33156
1093.45	9.31886
1096.28	21.3061
1099.1	27.2932
1101.93	5.28026
1104.75	13.2672
1107.57	17.2541
1110.39	21.2409
1113.21	1.22769
1116.03	15.2144
1118.85	11.2009
1121.66	11.1875
1124.48	-2.82606
1127.3	9.16034
1130.11	13.1467
1132.92	-0.867056
1135.73	3.11916
1138.54	5.10531
1141.35	11.0914
1144.16	-0.922552
1146.97	-4.93656
1149.78	23.0494
1152.58	-2.96472
1155.39	11.0211
1158.19	11.0069
1161	8.99267
1163.8	12.9784
1166.6	12.9641
1169.4	2.94969
1172.2	0.935298
1174.99	4.92086
1177.79	18.9064
1180.59	-1.1081
1183.38	6.87737
1186.17	20.8628
1188.97	20.8482
1191.76	6.83362
1194.55	6.819
1197.34	0.804347
1200.13	4.78968
1202.92	8.77499
1205.7	-7.2397
1208.49	16.7456
1211.27	8.73086
1214.06	12.7161
1216.84	0.701381
1219.62	4.68664
1222.4	4.67188
1225.18	10.6571
1227.96	14.6424
1230.74	24.6276
1233.51	8.61284
1236.29	16.5981
1239.06	4.58334
1241.84	16.5686
1244.61	10.5539
1247.38	4.53914
1250.15	12.5244
1252.92	8.50974
1255.69	10.4951
1258.46	6.4804
1261.23	8.46575
1263.99	14.4511
1266.76	18.4365
1269.52	2.42194
1272.28	16.4074
1275.05	10.3929
1277.81	-1.62164
1280.57	0.363889
1283.33	12.3495
1286.08	22.335
1288.84	8.32068
1291.6	12.3063
1294.35	0.292051
1297.11	6.27781
1299.86	14.2636
1302.61	0.249418
1305.36	-3.7647
1308.11	2.22122
1310.86	2.20719
1313.61	6.19322
1316.36	-7.82072
1319.1	10.1654
1321.85	-9.84841
1324.59	12.1378
1327.33	16.1241
1330.08	2.11046
1332.82	4.09688
1335.56	6.08335
1338.3	-1.93012
1341.04	16.0565
1343.77	4.04316
1346.51	2.0299
1349.25	6.01671
1351.98	6.00359
1354.71	1.99054
1357.45	7.97757
1360.18	13.9647
1362.91	-4.04815
1365.64	5.93911
1368.37	15.9265
1371.09	-0.0861191
1373.82	9.90139
1376.54	15.889
1379.27	3.87667
1381.99	7.86443
1384.72	9.85229
1387.44	27.8402
1390.16	15.8283
1392.88	31.8164
1395.6	9.80465
1398.31	1.79299
1401.03	17.7814
1403.75	7.76995
1406.46	7.75857
1409.18	3.74731
1411.89	-2.26385
1414.6	3.72509
1417.31	-6.28585
1420.02	5.70331
1422.73	9.69258
1425.44	-4.31803
1428.15	-8.32853
1430.85	7.66108
1433.56	1.65081
1436.26	5.64066
1438.97	3.63063
1441.67	13.6207
1444.37	13.6109
1447.07	7.60126
1449.77	11.5917
1452.47	9.58231
1455.16	1.57302
1457.86	15.5639
1460.56	15.5548
1463.25	9.54594
1465.94	5.53718
1468.64	5.52855
1471.33	5.52006
1474.02	11.5117
1476.71	5.5035
1479.4	5.49542
1482.09	11.4875
1484.77	7.47971
1487.46	17.4721
1490.14	9.46457
1492.83	-0.542781
1495.51	13.45
1498.19	17.443
1500.87	7.43607
1503.55	3.42933
1506.23	-4.57727
1508.91	17.4163
1511.59	1.41002
1514.27	5.4039
1516.94	3.39794
1519.62	13.3921
1522.29	9.3865
1524.96	5.38103
1527.63	19.3757
1530.3	5.37058
1532.97	11.3656
1535.64	15.3608
1538.31	9.35617
1540.98	5.35171
1543.64	1.34741
1546.31	9.3433
1548.97	9.33936
1551.63	5.3356
1554.3	5.33201
1556.96	9.32861
1559.62	9.32538
1562.28	-2.67766
1564.94	15.3195
1567.59	11.3168
1570.25	-0.685681
1572.9	15.312
1575.56	7.30991
1578.21	11.308
1580.86	-0.693747
1583.52	-2.69529
1586.17	9.30337
1588.82	11.3022
1591.47	13.3013
1594.11	3.30051
1596.76	3.29995
1599.41	7.29959
1602.05	5.29944
1604.69	9.29948
1607.34	7.29973
1609.98	3.30019
1612.62	9.30085
1615.26	11.3017
1617.9	13.3028
1620.54	-6.69592
1623.18	11.3056
1625.81	9.30729
1628.45	11.3092
1631.08	7.31135
1633.72	15.3137
1636.35	-2.68372
1638.98	19.3191
1641.61	11.3221
1644.24	7.32531
1646.87	15.3288
1649.5	1.33245
1652.13	21.3363
1654.75	11.3405
1657.38	9.34482
1660	13.3494
1662.63	15.3542
1665.25	1.35926
1667.87	5.36453
1670.49	-0.629962
1673.11	1.37578
1675.73	11.3818
1678.35	15.388
1680.96	11.3944
1683.58	-6.59891
1686.19	27.408
1688.81	3.41519
1691.42	7.4226
1694.03	-4.56975
1696.64	7.43815
1699.25	7.44629
1701.87	9.45468
1704.47	7.46332
1707.08	1.47221
1709.69	9.48134
1712.29	11.4907
1714.9	7.50037
1717.5	5.51026
1720.1	-2.47959
1722.71	1.53081
1725.31	1.54147
1727.91	19.5524
1730.51	-2.43644
1733.1	-0.425002
1735.7	13.5867
1738.3	13.5987
1740.89	9.61088
1743.49	21.6234
1746.08	27.6361
1748.67	-4.35085
1751.26	13.6624
1753.86	7.67599
1756.45	-14.3102
1759.03	15.7039
1761.62	27.7183
1764.21	13.7329
1766.8	13.7478
1769.38	7.76304
1771.97	3.77852
1774.55	3.79426
1777.13	1.81029
1779.71	15.8266
1782.29	7.84318
1784.87	5.86005
1787.45	15.8772
1790.03	15.8946
1792.61	5.91235
1795.18	7.93035
1797.76	3.94865
1800.33	7.96723
1802.9	23.9861
1805.48	18.0053
1808.05	0.0247057
1810.62	4.04445
1813.19	4.06449
1815.76	12.0848
1818.33	10.1054
1820.89	14.1264
1823.46	0.147587
1826.02	16.1691
1828.59	-1.80908
1831.15	2.21303
1833.71	-3.76454
1836.27	4.25818
1838.84	18.2812
1841.39	10.3045
1843.95	0.328165
1846.51	8.35211
1849.07	18.3763
1851.62	8.4009
1854.18	10.4258
1856.73	4.45094
1859.29	12.4764
1861.84	-1.49778
1864.39	14.5283
1866.94	14.5548
1869.49	12.5815
1872.04	6.60856
1874.59	6.63594
1877.13	18.6636
1879.68	10.6916
1882.22	-3.28004
1884.77	18.7486
1887.31	2.77758
1889.85	8.80689
1892.39	20.8365
1894.93	16.8664
1897.47	12.8967
1900.01	8.92732
1902.55	10.9582
1905.09	16.9895
1907.62	15.0211
1910.16	13.053
1912.69	25.0852
1915.22	11.1178
1917.76	1.15069
1920.29	15.1839
1922.82	15.2175
1925.35	19.2514
1927.88	11.2857
1930.4	3.32027
1932.93	13.3552
1935.46	-2.60954
1937.98	7.42607
1940.51	3.46202
1943.03	15.4983
1945.55	9.53493
1948.07	3.57191
1950.59	21.6092
1953.11	15.6469
1955.63	5.68491
1958.15	17.7233
1960.67	9.76197
1963.18	13.801
1965.7	7.84043
1968.21	-4.11981
1970.73	21.9203
1973.24	21.9608
1975.75	20.0016
1978.26	14.0428
1980.77	16.0843
1983.28	8.12617
1985.79	16.1684
1988.29	12.211
1990.8	4.25398
1993.31	10.2973
1995.81	14.341
1998.31	-1.61502
