100.093	-4.4111
103.274	7.26117
106.457	12.9337
109.636	20.607
112.817	16.2805
115.994	-2.04527
119.172	11.6292
122.347	31.3045
125.521	-15.0198
128.696	6.65612
131.868	8.3328
135.039	14.01
138.209	5.6876
141.379	11.3655
144.547	-18.9559
147.713	18.7232
150.879	-3.59724
154.043	8.0828
157.206	13.7633
160.368	21.4443
163.529	19.1258
166.689	-1.19226
169.848	-13.5098
173.006	10.1731
176.163	-4.14358
179.316	-4.45953
182.471	33.2248
185.625	8.90954
188.777	2.59479
191.927	6.2807
195.077	9.96688
198.224	27.6537
201.372	-2.65917
204.52	3.02839
207.664	6.71663
210.809	8.40512
213.95	12.0943
217.091	5.78389
220.233	19.4738
223.372	23.1643
226.509	18.8553
229.648	0.5465
232.784	18.2384
235.918	5.93074
239.051	-0.376459
242.186	21.3166
245.317	-0.989715
248.447	32.7044
251.577	12.399
254.705	24.0941
257.832	11.7896
260.958	13.4855
264.083	31.1819
267.204	12.8789
270.327	14.5762
273.449	36.2739
276.57	33.972
279.69	5.67063
282.806	21.3699
285.924	15.0693
289.04	24.7692
292.154	14.4698
295.268	-17.8294
298.379	3.87196
301.492	5.57361
304.601	19.2759
307.711	10.9784
310.818	18.6815
313.924	16.3851
317.031	4.08889
320.135	13.7933
323.238	21.4982
326.34	13.2034
329.443	18.9089
332.543	36.6151
335.642	10.3216
338.74	28.0286
341.836	23.736
344.932	15.4438
348.027	23.152
351.12	-11.1393
354.213	14.5697
357.302	26.2794
360.393	-12.0107
363.482	3.69964
366.57	-6.58963
369.656	21.1217
372.742	-1.16673
375.827	20.5452
378.91	6.25781
381.993	11.9706
385.073	-24.316
388.154	23.3976
391.232	57.1118
394.311	6.82621
397.387	34.5412
400.462	6.25665
403.536	15.9725
406.611	3.68851
409.683	-20.5949
412.754	13.1222
415.824	0.839599
418.893	18.5574
421.961	28.2757
425.027	17.9943
428.093	1.7133
431.158	21.4327
434.222	17.1525
437.284	4.87273
440.346	20.5933
443.407	-3.68568
446.464	14.0359
449.523	7.75766
452.581	5.47983
455.635	11.2026
458.691	4.9255
461.743	-5.35098
464.797	2.37273
467.847	16.097
470.899	3.8215
473.947	13.5465
476.994	25.272
480.043	18.9976
483.088	10.7238
486.133	0.450394
489.176	14.1774
492.22	3.9045
495.262	19.6322
498.302	5.36031
501.341	-4.91122
504.38	64.8176
507.417	10.5468
510.453	20.2764
513.487	4.00657
516.521	3.73691
519.554	-2.53238
522.586	-2.8013
525.616	14.9303
528.646	-1.33786
531.675	6.39432
534.701	-5.87294
537.729	-4.14003
540.753	49.5934
543.778	13.3271
546.8	9.06128
549.821	22.7958
552.844	24.5306
555.863	6.26584
558.881	4.00148
561.898	25.7375
564.916	23.4737
567.932	55.2104
570.946	40.9474
573.959	14.6849
576.971	4.42266
579.982	12.1608
582.993	21.8993
586	3.63831
589.008	25.3775
592.015	-8.88294
595.022	10.857
598.025	44.5974
601.029	36.338
604.032	-3.92106
607.033	17.8204
610.034	9.56206
613.032	5.30422
616.032	1.04656
619.028	-7.21058
622.023	2.53262
625.018	8.27616
628.013	44.0199
631.005	1.7641
633.997	13.5087
636.987	-4.74643
639.977	28.9988
642.965	-13.2556
645.952	6.49032
648.939	10.2366
651.924	-6.01682
654.909	11.7301
657.892	23.4774
660.873	9.22514
663.854	12.9731
666.835	6.72134
669.813	6.47011
672.791	12.219
675.767	7.96845
678.743	-28.282
681.717	21.4681
684.692	27.2184
687.664	8.96911
690.634	32.7202
693.606	10.4714
696.575	8.22311
699.543	15.9752
702.51	43.7275
705.475	17.4802
708.44	17.2332
711.404	18.9865
714.367	22.7402
717.329	26.4941
720.29	24.2484
723.25	4.00303
726.207	-4.24188
729.166	35.5134
732.123	51.2689
735.077	5.02494
738.032	20.7811
740.984	20.5378
743.938	6.2946
746.888	56.0519
749.839	27.8093
752.788	13.5672
755.735	9.32544
758.682	7.08397
761.627	32.8428
764.574	4.60179
767.517	10.3612
770.46	48.121
773.402	7.88106
776.342	9.64143
779.282	19.4021
782.219	25.1632
785.157	14.9245
788.094	34.6861
791.029	18.448
793.962	18.2103
796.896	-8.0272
799.828	1.73574
802.76	23.4988
805.689	25.2624
808.619	-20.974
811.546	36.7902
814.473	8.55459
817.4	44.3192
820.324	30.0842
823.248	1.84948
826.17	57.6151
829.092	15.381
832.012	3.14717
834.932	46.9136
837.851	4.68041
840.768	6.44747
843.685	26.2148
846.599	3.9826
849.514	21.7505
852.428	25.5187
855.339	23.2874
858.251	37.0562
861.16	12.8254
864.07	10.5947
866.978	38.3645
869.884	28.1346
872.792	37.9048
875.696	37.6754
878.599	21.4463
881.502	7.21752
884.404	30.989
887.304	24.7607
890.204	4.53277
893.103	4.30508
896.001	8.07766
898.898	9.85052
901.794	21.6237
904.689	1.39706
907.581	7.1709
910.474	-7.05515
913.364	6.71923
916.256	18.4937
919.144	10.2686
922.034	18.0437
924.92	3.81915
927.808	53.5947
930.693	39.3707
933.576	21.147
936.459	44.9235
939.341	-25.2997
942.222	0.477407
945.102	28.2547
947.981	-7.96766
950.859	15.8102
953.737	57.5883
956.613	47.3667
959.488	35.1454
962.361	30.9244
965.235	-7.29641
968.105	-9.51682
970.977	18.2629
973.846	44.043
976.716	-12.1768
979.583	1.60379
982.449	-4.61534
985.316	-4.83436
988.18	38.947
991.043	18.7287
993.906	16.5106
996.767	14.2927
999.628	10.0751
1002.49	39.8578
1005.35	9.64066
1008.2	29.4238
1011.06	15.2074
1013.91	-7.00898
1016.77	2.77492
1019.62	28.5592
1022.48	34.3436
1025.33	6.12842
1028.18	33.9133
1031.03	13.6986
1033.87	39.4841
1036.72	37.2698
1039.57	33.0558
1042.41	6.84205
1045.26	16.6286
1048.1	8.41532
1050.94	4.20231
1053.78	31.9895
1056.62	29.777
1059.46	59.5647
1062.3	27.3527
1065.14	31.141
1067.97	-19.0705
1070.81	26.7183
1073.64	22.5072
1076.47	-1.70354
1079.31	36.0858
1082.14	45.8756
1084.97	23.6654
1087.8	-6.54433
1090.63	39.2461
1093.45	17.0368
1096.28	26.8277
1099.1	-11.3811
1101.93	26.4103
1104.75	32.2019
1107.57	9.99374
1110.39	-2.21418
1113.21	1.57827
1116.03	37.3708
1118.85	39.1636
1121.66	10.9567
1124.48	28.7499
1127.3	6.54347
1130.11	30.3371
1132.92	22.1312
1135.73	49.9254
1138.54	17.7199
1141.35	43.5146
1144.16	57.3094
1146.97	-2.89549
1149.78	42.8999
1152.58	14.6956
1155.39	64.4914
1158.19	56.2874
1161	10.0837
1163.8	27.8803
1166.6	31.6769
1169.4	-0.526175
1172.2	47.2711
1174.99	45.0684
1177.79	32.8661
1180.59	40.664
1183.38	22.4621
1186.17	32.2603
1188.97	0.058802
1191.76	41.8576
1194.55	33.6565
1197.34	15.4557
1200.13	35.2551
1202.92	63.0546
1205.7	12.8546
1208.49	42.6546
1211.27	50.4548
1214.06	60.2554
1216.84	42.056
1219.62	51.857
1222.4	-2.34196
1225.18	47.4594
1227.96	31.261
1230.74	23.0627
1233.51	4.86469
1236.29	40.6669
1239.06	40.4693
1241.84	34.2719
1244.61	20.0747
1247.38	41.8777
1250.15	39.6811
1252.92	67.4845
1255.69	25.2881
1258.46	25.0921
1261.23	-1.10393
1263.99	30.7004
1266.76	48.5048
1269.52	68.3096
1272.28	54.1145
1275.05	25.9195
1277.81	5.72483
1280.57	19.5304
1283.33	-0.663933
1286.08	29.142
1288.84	40.9481
1291.6	28.7544
1294.35	36.5609
1297.11	50.3677
1299.86	26.1746
1302.61	17.9816
1305.36	11.789
1308.11	37.5964
1310.86	27.4042
1313.61	45.2122
1316.36	43.0202
1319.1	14.8285
1321.85	36.637
1324.59	68.4457
1327.33	90.2546
1330.08	58.0637
1332.82	53.8729
1335.56	-0.31765
1338.3	33.492
1341.04	51.3019
1343.77	41.1119
1346.51	32.9222
1349.25	48.7326
1351.98	52.5432
1354.71	4.35394
1357.45	48.165
1360.18	31.9762
1362.91	51.7874
1365.64	39.599
1368.37	47.4107
1371.09	19.2227
1373.82	37.0348
1376.54	64.8472
1379.27	24.6596
1381.99	56.4722
1384.72	50.285
1387.44	22.0981
1390.16	47.9113
1392.88	33.7247
1395.6	39.5382
1398.31	37.352
1401.03	-14.834
1403.75	28.9802
1406.46	24.7943
1409.18	32.6088
1411.89	24.4235
1414.6	-11.7617
1417.31	28.0534
1420.02	21.8686
1422.73	-4.31609
1425.44	49.4994
1428.15	31.3152
1430.85	47.131
1433.56	28.9472
1436.26	34.7633
1438.97	46.5798
1441.67	50.3964
1444.37	8.21319
1447.07	14.0301
1449.77	23.8472
1452.47	19.6645
1455.16	43.482
1457.86	21.2996
1460.56	39.1173
1463.25	34.9353
1465.94	50.7535
1468.64	4.5717
1471.33	48.3902
1474.02	30.2088
1476.71	44.0276
1479.4	19.8465
1482.09	57.6657
1484.77	-2.51499
1487.46	49.3045
1490.14	37.1241
1492.83	50.9439
1495.51	22.7639
1498.19	20.5839
1500.87	26.4043
1503.55	40.2247
1506.23	32.0453
1508.91	51.8661
1511.59	35.687
1514.27	9.50814
1516.94	37.3294
1519.62	29.1508
1522.29	40.9724
1524.96	40.7941
1527.63	30.616
1530.3	36.438
1532.97	32.2602
1535.64	28.0826
1538.31	21.9051
1540.98	21.7278
1543.64	41.5506
1546.31	35.3737
1548.97	31.1968
1551.63	59.0201
1554.3	48.8435
1556.96	52.6671
1559.62	36.4909
1562.28	28.3148
1564.94	18.1389
1567.59	45.9631
1570.25	45.7875
1572.9	17.6119
1575.56	87.4366
1578.21	23.2615
1580.86	15.0864
1583.52	38.9115
1586.17	2.7368
1588.82	20.5621
1591.47	50.3877
1594.11	46.2135
1596.76	36.0394
1599.41	9.86538
1602.05	47.6915
1604.69	43.5178
1607.34	15.3442
1609.98	23.1708
1612.62	32.9975
1615.26	10.8243
1617.9	22.6514
1620.54	26.4785
1623.18	32.3059
1625.81	50.1333
1628.45	7.96089
1631.08	41.7886
1633.72	47.6165
1636.35	7.44455
1638.98	49.2727
1641.61	21.101
1644.24	24.9294
1646.87	0.75794
1649.5	42.5866
1652.13	56.4155
1654.75	8.24446
1657.38	22.0736
1660	23.9028
1662.63	41.7323
1665.25	41.5617
1667.87	27.3914
1670.49	29.2212
1673.11	25.0511
1675.73	42.8812
1678.35	52.7114
1680.96	20.5417
1683.58	-11.6277
1686.19	62.2028
1688.81	28.0335
1691.42	29.8645
1694.03	15.6954
1696.64	31.5266
1699.25	41.3578
1701.87	21.1891
1704.47	35.0207
1707.08	20.8523
1709.69	30.6841
1712.29	12.516
1714.9	38.348
1717.5	4.18028
1720.1	-5.98746
1722.71	35.8449
1725.31	31.6775
1727.91	11.5101
1730.51	-2.65703
1733.1	41.1759
1735.7	3.00888
1738.3	0.842068
1740.89	54.6754
1743.49	8.50879
1746.08	32.3423
1748.67	28.176
1751.26	40.0098
1753.86	41.8437
1756.45	25.6777
1759.03	25.5119
1761.62	-2.65385
1764.21	43.1806
1766.8	27.0151
1769.38	50.8498
1771.97	30.6845
1774.55	-7.48065
1777.13	18.3543
1779.71	24.1894
1782.29	40.0248
1784.87	-4.1399
1787.45	25.6955
1790.03	1.53118
1792.61	39.3668
1795.18	25.2027
1797.76	37.0386
1800.33	50.8746
1802.9	28.7108
1805.48	52.5471
1808.05	28.3835
1810.62	36.22
1813.19	0.0566242
1815.76	37.8933
1818.33	-2.26985
1820.89	11.5671
1823.46	37.4042
1826.02	43.2413
1828.59	15.0787
1831.15	4.91611
1833.71	6.75355
1836.27	26.5912
1838.84	36.4289
1841.39	28.2668
1843.95	18.1047
1846.51	37.9428
1849.07	-2.21896
1851.62	41.6193
1854.18	39.4576
1856.73	51.2962
1859.29	19.1347
1861.84	16.9735
1864.39	48.8123
1866.94	16.6512
1869.49	30.4902
1872.04	48.3293
1874.59	22.1686
1877.13	18.0079
1879.68	67.8474
1882.22	65.687
1884.77	35.5266
1887.31	43.3664
1889.85	25.2062
1892.39	19.0462
1894.93	38.8863
1897.47	14.7264
1900.01	24.5667
1902.55	40.407
1905.09	72.2475
1907.62	40.0881
1910.16	35.9288
1912.69	-16.2304
1915.22	7.61038
1917.76	13.4514
1920.29	45.2924
1922.82	39.1336
1925.35	22.9748
1927.88	26.8162
1930.4	26.6577
1932.93	32.4992
1935.46	28.3409
1937.98	38.1826
1940.51	48.0244
1943.03	71.8663
1945.55	27.7084
1948.07	33.5505
1950.59	39.3928
1953.11	-0.764947
1955.63	9.0775
1958.15	70.92
1960.67	32.7626
1963.18	30.6053
1965.7	30.4481
1968.21	16.291
1970.73	40.1339
1973.24	9.97695
1975.75	65.8202
1978.26	23.6634
1980.77	19.5067
1983.28	3.3501
1985.79	-8.80636
1988.29	29.0373
1990.8	-5.11914
1993.31	46.7246
1995.81	48.5685
1998.31	22.4126
