100.093	6.46874
103.274	16.5875
106.457	0.705678
109.636	6.82304
112.817	-1.06022
115.994	7.05574
119.172	13.1711
122.347	-2.71437
125.521	5.3995
128.696	21.5127
131.868	3.62522
135.039	13.737
138.209	5.84811
141.379	3.9586
144.547	6.06834
147.713	8.1774
150.879	10.2858
154.043	-1.6065
157.206	2.50053
160.368	18.6069
163.529	0.712604
166.689	4.81764
169.848	10.922
173.006	9.02573
176.163	1.12879
179.316	11.2311
182.471	11.3329
185.625	21.434
188.777	-2.46556
191.927	7.63418
195.077	3.73335
198.224	15.8318
201.372	1.92969
204.52	-7.97305
207.664	-5.8765
210.809	6.21949
213.95	0.314781
217.091	28.4095
220.233	18.5036
223.372	18.597
226.509	8.68979
229.648	8.78204
232.784	4.87361
235.918	-1.03543
239.051	27.0549
242.186	15.1447
245.317	13.2339
248.447	7.3224
251.577	11.4103
254.705	33.4977
257.832	1.58441
260.958	3.67056
264.083	-0.243884
267.204	17.841
270.327	9.9254
273.449	10.0092
276.57	12.0924
279.69	10.175
282.806	8.25704
285.924	12.3385
289.04	16.4194
292.154	6.4997
295.268	6.57947
298.379	14.6586
301.492	16.7372
304.601	10.8153
307.711	14.8928
310.818	10.9697
313.924	3.04602
317.031	1.12187
320.135	1.19711
323.238	15.2718
326.34	-4.65405
329.443	5.4196
332.543	11.4927
335.642	21.5652
338.74	1.63716
341.836	3.7086
344.932	3.77952
348.027	11.8499
351.12	7.91975
354.213	7.98907
357.302	14.0578
360.393	14.1261
363.482	14.1939
366.57	-3.7389
369.656	4.32778
372.742	-9.60602
375.827	14.4597
378.91	2.52482
381.993	8.5895
385.073	-1.34637
388.154	8.7173
391.232	8.78042
394.311	6.84309
397.387	12.9052
400.462	16.9669
403.536	1.02799
406.611	11.0887
409.683	7.14885
412.754	11.2085
415.824	9.26771
418.893	7.32642
421.961	17.3846
425.027	9.4424
428.093	13.4997
431.158	1.55647
434.222	-0.387203
437.284	7.66865
440.346	9.72404
443.407	19.779
446.464	13.8334
449.523	9.88739
452.581	11.9409
455.635	1.99397
458.691	-3.95341
461.743	12.0987
464.797	12.1504
467.847	18.2017
470.899	2.2525
473.947	0.302844
476.994	10.3527
480.043	-3.59777
483.088	18.4512
486.133	12.4998
489.176	22.548
492.22	10.5957
495.262	12.643
498.302	10.6898
501.341	8.73627
504.38	6.78226
507.417	12.8278
510.453	0.872986
513.487	2.91769
516.521	10.962
519.554	-2.9941
522.586	21.0494
525.616	11.0924
528.646	3.13509
531.675	5.17734
534.701	3.21916
537.729	5.26061
540.753	3.30162
543.778	7.34226
546.8	15.3825
549.821	9.42229
552.844	13.4617
555.863	-4.49922
558.881	15.5394
561.898	17.5777
564.916	15.6156
567.932	-2.34695
570.946	-2.30986
573.959	7.72686
576.971	11.7632
579.982	1.79916
582.993	-8.16525
586	17.8699
589.008	5.90478
592.015	7.93924
595.022	11.9733
598.025	4.00706
601.029	4.04043
604.032	16.0734
607.033	-7.89393
610.034	12.1384
613.032	12.1703
616.032	0.201848
619.028	14.2331
622.023	12.2639
625.018	4.29441
628.013	2.32458
631.005	-3.64561
633.997	18.3839
636.987	8.41298
639.977	-5.55823
642.965	18.4702
645.952	8.49832
648.939	10.5261
651.924	10.5535
654.909	10.5806
657.892	0.607422
660.873	-1.36614
663.854	-1.34002
666.835	20.6858
669.813	2.71125
672.791	0.736405
675.767	12.7612
678.743	12.7858
681.717	0.809941
684.692	4.83383
687.664	18.8574
690.634	6.88066
693.606	16.9036
696.575	8.92626
699.543	10.9486
702.51	4.97063
705.475	10.9924
708.44	3.0138
711.404	7.03494
714.367	9.05578
717.329	25.0763
720.29	3.09657
723.25	3.11654
726.207	25.1362
729.166	27.1556
732.123	13.1747
735.077	13.1935
738.032	19.212
740.984	-4.76974
743.938	13.2482
746.888	9.26592
749.839	19.2833
752.788	13.3005
755.735	3.31734
758.682	7.33393
761.627	-2.64974
764.574	13.3663
767.517	17.3821
770.46	21.3976
773.402	19.4129
776.342	5.42792
779.282	5.44267
782.219	17.4571
785.157	25.4714
788.094	7.48536
791.029	7.49909
793.962	9.51256
796.896	15.5258
799.828	11.5388
802.76	9.5515
805.689	9.56399
808.619	5.57624
811.546	5.58824
814.473	-0.399996
817.4	17.6115
820.324	25.6228
823.248	11.6339
826.17	11.6447
829.092	23.6553
832.012	3.66566
834.932	-2.3242
837.851	7.68571
840.768	21.6954
843.685	19.7049
846.599	17.7141
849.514	13.7231
852.428	7.73191
855.339	11.7405
858.251	-4.25114
861.16	19.757
864.07	9.76496
866.978	13.7727
869.884	19.7802
872.792	5.78753
875.696	-4.20537
878.599	9.80154
881.502	17.8082
884.404	9.81474
887.304	5.82104
890.204	3.82714
893.103	19.833
896.001	17.8388
898.898	1.84428
901.794	3.84961
904.689	19.8547
907.581	5.85969
910.474	15.8644
913.364	7.86902
916.256	5.87341
919.144	15.8776
922.034	5.88164
924.92	23.8855
927.808	7.88916
930.693	3.89265
933.576	13.896
936.459	11.8991
939.341	-0.0979295
942.222	13.9049
945.102	5.9075
947.981	7.90996
950.859	5.91225
953.737	29.9144
956.613	-8.08365
959.488	-2.08184
962.361	19.9198
965.235	11.9213
968.105	9.92262
970.977	25.9238
973.846	9.92481
976.716	5.92567
979.583	15.9264
982.449	1.92695
985.316	11.9274
988.18	7.92763
991.043	3.92775
993.906	21.9277
996.767	25.9276
999.628	19.9273
1002.49	13.9268
1005.35	15.9262
1008.2	17.9255
1011.06	7.92464
1013.91	-0.0763507
1016.77	15.9225
1019.62	7.92127
1022.48	9.91988
1025.33	3.91836
1028.18	35.9167
1031.03	-2.08505
1033.87	-0.0869439
1036.72	13.911
1039.57	23.9089
1042.41	17.9066
1045.26	5.90426
1048.1	5.90177
1050.94	11.8992
1053.78	11.8964
1056.62	11.8936
1059.46	19.8906
1062.3	19.8876
1065.14	3.88441
1067.97	-4.11887
1070.81	7.87774
1073.64	9.87425
1076.47	5.87066
1079.31	19.867
1082.14	-0.136836
1084.97	9.85926
1087.8	13.8553
1090.63	15.8512
1093.45	5.84699
1096.28	21.8427
1099.1	11.8383
1101.93	-2.16614
1104.75	-4.1707
1107.57	9.82466
1110.39	21.8199
1113.21	15.8151
1116.03	-2.1898
1118.85	11.8052
1121.66	5.80014
1124.48	9.79498
1127.3	7.78975
1130.11	1.78444
1132.92	-6.22095
1135.73	1.77358
1138.54	-0.231954
1141.35	19.7624
1144.16	9.75675
1146.97	25.751
1149.78	11.7452
1152.58	15.7393
1155.39	5.73332
1158.19	11.7273
1161	11.7212
1163.8	-0.284945
1166.6	11.7088
1169.4	1.70256
1172.2	17.6962
1174.99	7.68984
1177.79	11.6834
1180.59	-6.32311
1183.38	3.67034
1186.17	3.66372
1188.97	7.65706
1191.76	1.65035
1194.55	11.6436
1197.34	-0.363221
1200.13	11.6299
1202.92	3.62302
1205.7	9.61608
1208.49	15.6091
1211.27	11.6021
1214.06	15.595
1216.84	11.5879
1219.62	15.5807
1222.4	25.5735
1225.18	9.56633
1227.96	3.55908
1230.74	7.55178
1233.51	3.54447
1236.29	25.5371
1239.06	9.52974
1241.84	3.52233
1244.61	11.5149
1247.38	9.50743
1250.15	3.49995
1252.92	9.49244
1255.69	3.48491
1258.46	11.4774
1261.23	-2.53022
1263.99	1.46219
1266.76	3.45458
1269.52	-0.553042
1272.28	3.43932
1275.05	11.4317
1277.81	-8.57601
1280.57	7.41631
1283.33	7.40862
1286.08	15.4009
1288.84	13.3932
1291.6	11.3855
1294.35	5.37778
1297.11	1.37006
1299.86	7.36233
1302.61	15.3546
1305.36	25.3469
1308.11	11.3391
1310.86	1.3314
1313.61	17.3237
1316.36	5.31594
1319.1	11.3082
1321.85	13.3005
1324.59	1.29279
1327.33	-0.714913
1330.08	11.2774
1332.82	15.2697
1335.56	27.262
1338.3	1.25437
1341.04	25.2467
1343.77	11.2391
1346.51	17.2315
1349.25	3.22388
1351.98	-0.783704
1354.71	9.20873
1357.45	7.20119
1360.18	15.1937
1362.91	17.1862
1365.64	7.17868
1368.37	5.17123
1371.09	13.1638
1373.82	11.1564
1376.54	1.14903
1379.27	11.1417
1381.99	7.13437
1384.72	11.1271
1387.44	-4.88017
1390.16	27.1126
1392.88	3.10543
1395.6	5.09827
1398.31	11.0912
1401.03	9.08408
1403.75	15.077
1406.46	7.07004
1409.18	-4.93692
1411.89	3.05616
1414.6	-2.95071
1417.31	-2.95754
1420.02	-6.96433
1422.73	5.02893
1425.44	-2.97777
1428.15	-0.984409
1430.85	1.00899
1433.56	7.00244
1436.26	8.99594
1438.97	10.9895
1441.67	4.98311
1444.37	-5.02323
1447.07	14.9705
1449.77	-1.03574
1452.47	10.9581
1455.16	16.952
1457.86	6.94592
1460.56	4.93992
1463.25	2.93399
1465.94	18.9281
1468.64	8.92231
1471.33	6.91657
1474.02	4.91089
1476.71	2.90528
1479.4	16.8997
1482.09	12.8943
1484.77	-1.11116
1487.46	2.8835
1490.14	12.8782
1492.83	10.873
1495.51	12.8679
1498.19	4.86287
1500.87	16.8579
1503.55	6.853
1506.23	8.84817
1508.91	2.84343
1511.59	0.838766
1514.27	-5.16582
1516.94	-3.17032
1519.62	0.825254
1522.29	-1.17909
1524.96	2.81666
1527.63	-1.18751
1530.3	16.8084
1532.97	22.8044
1535.64	10.8005
1538.31	8.79666
1540.98	0.792932
1543.64	20.7893
1546.31	8.78574
1548.97	26.7823
1551.63	6.77891
1554.3	2.77563
1556.96	16.7725
1559.62	4.76937
1562.28	6.76638
1564.94	6.7635
1567.59	8.76071
1570.25	2.75802
1572.9	16.7554
1575.56	14.7529
1578.21	8.75055
1580.86	4.74827
1583.52	-3.25391
1586.17	8.74402
1588.82	12.7421
1591.47	2.74019
1594.11	0.738438
1596.76	8.73679
1599.41	16.7353
1602.05	8.73384
1604.69	16.7325
1607.34	0.731324
1609.98	8.73024
1612.62	0.729263
1615.26	6.7284
1617.9	6.72766
1620.54	2.72704
1623.18	6.72653
1625.81	6.72614
1628.45	6.72587
1631.08	14.7257
1633.72	12.7257
1636.35	2.72578
1638.98	-1.274
1641.61	6.72634
1644.24	14.7268
1646.87	8.72739
1649.5	8.72811
1652.13	18.729
1654.75	6.72992
1657.38	10.731
1660	4.73225
1662.63	10.7336
1665.25	14.7351
1667.87	12.7367
1670.49	18.7385
1673.11	10.7404
1675.73	16.7424
1678.35	12.7446
1680.96	14.7469
1683.58	12.7493
1686.19	4.75187
1688.81	20.7546
1691.42	8.75743
1694.03	8.76043
1696.64	-1.23644
1699.25	0.766837
1701.87	12.7703
1704.47	-5.22618
1707.08	14.7775
1709.69	-3.21862
1712.29	-13.2146
1714.9	14.7895
1717.5	10.7938
1720.1	2.79827
1722.71	-11.1971
1725.31	18.8076
1727.91	14.8125
1730.51	18.8175
1733.1	2.82274
1735.7	0.828098
1738.3	6.8336
1740.89	0.839266
1743.49	10.8451
1746.08	-5.14894
1748.67	4.85719
1751.26	12.8635
1753.86	12.8699
1756.45	18.8765
1759.03	10.8833
1761.62	14.8902
1764.21	22.8973
1766.8	16.9046
1769.38	26.912
1771.97	22.9196
1774.55	18.9274
1777.13	18.9353
1779.71	10.9434
1782.29	0.951598
1784.87	8.96002
1787.45	18.9686
1790.03	8.97736
1792.61	22.9863
1795.18	28.9954
1797.76	5.00467
1800.33	3.01411
1802.9	3.02373
1805.48	9.03352
1808.05	13.0435
1810.62	13.0536
1813.19	17.0639
1815.76	5.07445
1818.33	5.08513
1820.89	3.09598
1823.46	11.107
1826.02	13.1182
1828.59	-0.870379
1831.15	9.14119
1833.71	25.153
1836.27	11.1649
1838.84	7.17702
1841.39	11.1893
1843.95	15.2018
1846.51	-2.78549
1849.07	15.2274
1851.62	27.2404
1854.18	9.25368
1856.73	7.26711
1859.29	19.2807
1861.84	13.2945
1864.39	11.3085
1866.94	7.32275
1869.49	1.33713
1872.04	-0.648288
1874.59	15.3665
1877.13	7.38146
1879.68	17.3966
1882.22	17.412
1884.77	27.4275
1887.31	5.44328
1889.85	11.4592
1892.39	17.4754
1894.93	13.4917
1897.47	13.5083
1900.01	5.52503
1902.55	7.54198
1905.09	5.55913
1907.62	19.5765
1910.16	9.59404
1912.69	11.6118
1915.22	-0.370226
1917.76	11.6479
1920.29	5.66632
1922.82	11.6849
1925.35	15.7037
1927.88	11.7227
1930.4	1.74191
1932.93	11.7613
1935.46	7.78095
1937.98	-0.199209
1940.51	7.82084
1943.03	-4.15889
1945.55	7.86157
1948.07	17.8823
1950.59	3.90316
1953.11	15.9243
1955.63	9.94561
1958.15	9.96715
1960.67	25.9889
1963.18	2.01089
1965.7	18.0331
1968.21	6.0555
1970.73	6.07814
1973.24	22.101
1975.75	6.12406
1978.26	12.1474
1980.77	12.1709
1983.28	12.1946
1985.79	-3.78142
1988.29	14.2428
1990.8	18.2672
1993.31	10.2918
1995.81	22.3167
1998.31	8.34174
