100.093	1.17624
103.274	-0.790106
106.457	13.2436
109.636	11.2772
112.817	5.31083
115.994	33.3444
119.172	7.37804
122.347	3.41161
125.521	21.4452
128.696	-0.521273
131.868	25.5122
135.039	5.54575
138.209	-6.42076
141.379	13.6127
144.547	29.6462
147.713	13.6796
150.879	17.713
154.043	13.7464
157.206	9.77979
160.368	5.81314
163.529	7.84647
166.689	1.87977
169.848	1.91305
173.006	17.9463
176.163	-0.0204525
179.316	10.0127
182.471	24.0459
185.625	14.0791
188.777	16.1122
191.927	10.1453
195.077	6.17839
198.224	18.2114
201.372	-5.75555
204.52	14.2774
207.664	32.3104
210.809	4.34333
213.95	8.37622
217.091	14.4091
220.233	8.44193
223.372	22.4747
226.509	2.5075
229.648	10.5403
232.784	4.57295
235.918	14.6056
239.051	14.6383
242.186	10.6709
245.317	18.7034
248.447	12.736
251.577	12.7685
254.705	8.80094
257.832	16.8334
260.958	8.86575
264.083	10.8981
267.204	20.9304
270.327	34.9627
273.449	-1.0051
276.57	9.0271
279.69	13.0593
282.806	25.0914
285.924	5.12343
289.04	17.1555
292.154	3.18744
295.268	-2.78061
298.379	21.2513
301.492	9.28315
304.601	17.3149
307.711	1.34673
310.818	9.37845
313.924	7.41012
317.031	21.4418
320.135	1.47335
323.238	15.5049
326.34	23.5364
329.443	-0.432167
332.543	9.59923
335.642	11.6306
338.74	1.66187
341.836	19.6931
344.932	15.7243
348.027	27.7555
351.12	7.78658
354.213	-2.18237
357.302	15.8486
360.393	27.8796
363.482	17.9105
366.57	13.9413
369.656	1.97208
372.742	14.0028
375.827	10.0335
378.91	2.06413
381.993	2.09471
385.073	10.1252
388.154	20.1557
391.232	6.18608
394.311	24.2164
397.387	14.2467
400.462	10.2769
403.536	12.3071
406.611	6.33725
409.683	6.3673
412.754	16.3973
415.824	-5.57277
418.893	2.45711
421.961	-3.51307
425.027	-3.48331
428.093	4.54639
431.158	-9.42398
434.222	-7.3944
437.284	2.63511
440.346	16.6646
443.407	6.69395
446.464	-5.27674
449.523	10.7525
452.581	8.78172
455.635	6.81084
458.691	16.8399
461.743	-1.13111
464.797	10.8978
467.847	14.9267
470.899	0.955498
473.947	6.98422
476.994	-0.987123
480.043	1.04148
483.088	21.07
486.133	-0.901541
489.176	11.1268
492.22	13.1552
495.262	13.1834
498.302	17.2116
501.341	5.23971
504.38	3.26774
507.417	13.2957
510.453	11.3236
513.487	5.35141
516.521	7.37916
519.554	23.4068
522.586	5.43444
525.616	13.462
528.646	3.48941
531.675	1.5168
534.701	7.54409
537.729	17.5713
540.753	5.59847
543.778	7.62556
546.8	17.6525
549.821	15.6795
552.844	17.7063
555.863	15.7331
558.881	5.75977
561.898	7.78637
564.916	1.81292
567.932	15.8394
570.946	5.86574
573.959	9.89204
576.971	17.9182
579.982	-0.0556177
582.993	-10.0296
586	23.9964
589.008	10.0223
592.015	6.04809
595.022	14.0738
598.025	12.0995
601.029	10.125
604.032	12.1505
607.033	18.1759
610.034	-1.79881
613.032	14.2264
616.032	16.2516
619.028	0.276596
622.023	4.30156
625.018	4.32643
628.013	12.3512
631.005	10.3759
633.997	4.40056
636.987	10.4251
639.977	6.44953
642.965	8.47389
645.952	6.49816
648.939	10.5223
651.924	6.54643
654.909	10.5704
657.892	12.5943
660.873	-5.38185
663.854	28.6419
666.835	2.66553
669.813	12.6891
672.791	14.7125
675.767	2.73589
678.743	10.7592
681.717	0.782344
684.692	16.8054
687.664	24.8284
690.634	-3.14868
693.606	4.87414
696.575	-1.10315
699.543	16.9195
702.51	12.942
705.475	4.96441
708.44	10.9867
711.404	7.00898
714.367	15.0311
717.329	11.0532
720.29	9.07512
723.25	19.097
726.207	15.1187
729.166	3.14037
732.123	11.1619
735.077	11.1834
738.032	3.20474
740.984	15.226
743.938	5.24716
746.888	13.2682
749.839	15.2892
752.788	7.31004
755.735	23.3308
758.682	15.3515
761.627	13.372
764.574	15.3925
767.517	9.41283
770.46	13.4331
773.402	13.4532
776.342	1.47327
779.282	-4.50678
782.219	13.513
785.157	17.5328
788.094	-0.447581
791.029	17.5719
793.962	7.59136
796.896	11.6107
799.828	19.6299
802.76	-10.351
805.689	15.668
808.619	1.6869
811.546	5.70568
814.473	11.7244
817.4	11.7429
820.324	23.7614
823.248	15.7798
826.17	25.798
829.092	-4.18385
832.012	19.8342
834.932	-0.14789
837.851	9.86993
840.768	19.8876
843.685	19.9052
846.599	15.9227
849.514	19.9401
852.428	13.9574
855.339	13.9745
858.251	15.9916
861.16	12.0085
864.07	24.0253
866.978	26.042
869.884	16.0586
872.792	16.0751
875.696	10.0915
878.599	12.1077
881.502	10.1238
884.404	10.1399
887.304	-7.84421
890.204	10.1716
893.103	14.1873
896.001	2.20285
898.898	2.21831
901.794	2.23365
904.689	16.2489
907.581	10.264
910.474	2.27897
913.364	12.2938
916.256	16.3086
919.144	10.3232
922.034	12.3378
924.92	12.3522
927.808	8.36647
930.693	12.3806
933.576	12.3947
936.459	18.4086
939.341	6.42244
942.222	6.43613
945.102	14.4497
947.981	12.4632
950.859	12.4765
953.737	16.4897
956.613	12.5028
959.488	-9.48421
962.361	4.52864
965.235	14.5414
968.105	-1.44602
970.977	6.56647
973.846	12.5788
976.716	20.5911
979.583	-5.3968
982.449	24.6152
985.316	4.62708
988.18	10.6388
991.043	4.65045
993.906	6.66196
996.767	16.6733
999.628	14.6846
1002.49	8.69572
1005.35	14.7067
1008.2	6.71761
1011.06	0.72836
1013.91	20.739
1016.77	-7.2505
1019.62	12.7599
1022.48	0.770124
1025.33	16.7802
1028.18	14.7902
1031.03	16.8001
1033.87	24.8099
1036.72	12.8195
1039.57	-3.17104
1042.41	18.8383
1045.26	14.8475
1048.1	10.8567
1050.94	16.8656
1053.78	14.8745
1056.62	10.8832
1059.46	4.89177
1062.3	6.90023
1065.14	6.90855
1067.97	4.91675
1070.81	0.924809
1073.64	16.9327
1076.47	30.9405
1079.31	12.9482
1082.14	12.9558
1084.97	8.96317
1087.8	24.9704
1090.63	24.9776
1093.45	-1.0154
1096.28	0.991484
1099.1	14.9982
1101.93	7.00485
1104.75	3.01133
1107.57	11.0177
1110.39	13.0239
1113.21	15.03
1116.03	11.0359
1118.85	-8.95827
1121.66	11.0474
1124.48	15.0529
1127.3	5.05835
1130.11	15.0636
1132.92	19.0688
1135.73	11.0738
1138.54	9.07862
1141.35	17.0833
1144.16	11.0879
1146.97	5.0924
1149.78	7.09672
1152.58	11.1009
1155.39	11.1049
1158.19	15.1088
1161	9.11262
1163.8	5.11625
1166.6	9.11974
1169.4	1.1231
1172.2	19.1263
1174.99	15.1294
1177.79	5.13233
1180.59	-4.86487
1183.38	15.1378
1186.17	17.1403
1188.97	29.1427
1191.76	15.1449
1194.55	21.147
1197.34	7.149
1200.13	5.15082
1202.92	11.1525
1205.7	7.15404
1208.49	9.15543
1211.27	7.15669
1214.06	11.1578
1216.84	9.15878
1219.62	7.15961
1222.4	5.1603
1225.18	11.1608
1227.96	15.1612
1230.74	9.16151
1233.51	25.1616
1236.29	7.1616
1239.06	17.1614
1241.84	1.16112
1244.61	3.16066
1247.38	3.16006
1250.15	19.1593
1252.92	7.15843
1255.69	3.1574
1258.46	15.1562
1261.23	5.1549
1263.99	9.15343
1266.76	35.1518
1269.52	-2.84994
1272.28	3.14816
1275.05	7.14611
1277.81	-0.856089
1280.57	7.14157
1283.33	13.1391
1286.08	11.1364
1288.84	3.13366
1291.6	13.1307
1294.35	23.1277
1297.11	15.1244
1299.86	19.1211
1302.61	15.1175
1305.36	23.1139
1308.11	11.1101
1310.86	17.1061
1313.61	-0.898003
1316.36	11.0977
1319.1	17.0933
1321.85	3.08877
1324.59	3.08407
1327.33	13.0792
1330.08	15.0742
1332.82	13.0691
1335.56	7.06375
1338.3	11.0583
1341.04	5.05269
1343.77	3.04693
1346.51	5.04103
1349.25	13.035
1351.98	9.02877
1354.71	13.0224
1357.45	1.0159
1360.18	7.00924
1362.91	15.0024
1365.64	0.995463
1368.37	10.9883
1371.09	-3.01892
1373.82	12.9737
1376.54	14.9661
1379.27	10.9584
1381.99	14.9505
1384.72	18.9425
1387.44	12.9343
1390.16	6.92594
1392.88	-3.08255
1395.6	22.9088
1398.31	12.9
1401.03	-5.10894
1403.75	8.88196
1406.46	2.8727
1409.18	18.8633
1411.89	6.85372
1414.6	18.844
1417.31	8.83412
1420.02	18.8241
1422.73	0.813901
1425.44	14.8036
1428.15	14.7931
1430.85	10.7824
1433.56	-5.2284
1436.26	8.76063
1438.97	10.7495
1441.67	14.7382
1444.37	20.7268
1447.07	-3.28478
1449.77	10.7035
1452.47	18.6916
1455.16	24.6795
1457.86	-3.33271
1460.56	12.6549
1463.25	6.64239
1465.94	4.6297
1468.64	4.61685
1471.33	0.603852
1474.02	28.5907
1476.71	6.57737
1479.4	4.56388
1482.09	6.55025
1484.77	10.5365
1487.46	20.5225
1490.14	14.5084
1492.83	22.4941
1495.51	12.4797
1498.19	2.46509
1500.87	18.4503
1503.55	6.43544
1506.23	12.4204
1508.91	-1.59486
1511.59	2.38975
1514.27	-9.6258
1516.94	16.3585
1519.62	14.3426
1522.29	14.3266
1524.96	14.3104
1527.63	16.2941
1530.3	18.2775
1532.97	-1.73913
1535.64	12.244
1538.31	2.22703
1540.98	12.2099
1543.64	6.19256
1546.31	0.175088
1548.97	20.1574
1551.63	-1.86036
1554.3	28.1217
1556.96	12.1035
1559.62	8.08525
1562.28	10.0668
1564.94	4.04819
1567.59	18.0294
1570.25	10.0105
1572.9	3.99136
1575.56	5.97209
1578.21	3.95267
1580.86	-2.06693
1583.52	9.91331
1586.17	9.89339
1588.82	-2.1267
1591.47	17.8531
1594.11	17.8326
1596.76	13.8121
1599.41	15.7913
1602.05	7.77043
1604.69	1.74936
1607.34	3.72813
1609.98	13.7067
1612.62	7.68516
1615.26	-0.336576
1617.9	3.64154
1620.54	17.6195
1623.18	-0.402744
1625.81	5.57486
1628.45	19.5523
1631.08	13.5296
1633.72	17.5067
1636.35	3.48366
1638.98	15.4604
1641.61	7.43705
1644.24	-0.586499
1646.87	-8.61022
1649.5	1.36589
1652.13	11.3419
1654.75	-4.68237
1657.38	9.29325
1660	7.26869
1662.63	21.244
1665.25	9.21909
1667.87	11.194
1670.49	7.16882
1673.11	3.14344
1675.73	7.11788
1678.35	7.09216
1680.96	11.0663
1683.58	13.0402
1686.19	9.01399
1688.81	12.9876
1691.42	14.961
1694.03	6.9343
1696.64	0.907411
1699.25	-3.11965
1701.87	10.8531
1704.47	-5.1743
1707.08	26.7981
1709.69	12.7704
1712.29	12.7425
1714.9	0.714394
1717.5	4.68616
1720.1	16.6577
1722.71	6.62914
1725.31	12.6004
1727.91	-3.42854
1730.51	10.5424
1733.1	14.5131
1735.7	0.483659
1738.3	6.45406
1740.89	10.4243
1743.49	2.39434
1746.08	6.36422
1748.67	4.33393
1751.26	4.30349
1753.86	16.2729
1756.45	0.242046
1759.03	12.2111
1761.62	8.17994
1764.21	14.1486
1766.8	10.1172
1769.38	0.0855124
1771.97	6.05367
1774.55	2.02168
1777.13	7.98951
1779.71	15.9572
1782.29	13.9247
1784.87	7.89199
1787.45	17.8591
1790.03	25.8261
1792.61	11.7929
1795.18	7.75955
1797.76	-12.274
1800.33	5.69229
1802.9	-2.34159
1805.48	11.6244
1808.05	17.5901
1810.62	-4.44428
1813.19	9.52115
1815.76	9.48639
1818.33	-2.54853
1820.89	-0.583636
1823.46	13.3811
1826.02	7.34566
1828.59	-2.68994
1831.15	19.2743
1833.71	7.2383
1836.27	21.2022
1838.84	9.16587
1841.39	15.1294
1843.95	-4.90726
1846.51	23.0559
1849.07	1.01893
1851.62	-1.01825
1854.18	20.9444
1856.73	2.90688
1859.29	0.869169
1861.84	4.83131
1864.39	4.79327
1866.94	8.75503
1869.49	-7.28336
1872.04	6.67808
1874.59	0.639337
1877.13	14.6004
1879.68	12.5613
1882.22	4.52207
1884.77	-1.51738
1887.31	-5.55697
1889.85	6.40322
1892.39	10.3633
1894.93	8.32314
1897.47	-3.7172
1900.01	0.242313
1902.55	6.20165
1905.09	8.16081
1907.62	4.11979
1910.16	8.07862
1912.69	16.0372
1915.22	3.99569
1917.76	19.954
1920.29	1.91208
1922.82	7.87002
1925.35	3.82776
1927.88	1.78534
1930.4	11.7428
1932.93	11.7
1935.46	9.65703
1937.98	7.6139
1940.51	5.57059
1943.03	-0.472896
1945.55	7.48347
1948.07	13.4396
1950.59	11.3956
1953.11	3.35143
1955.63	7.30708
1958.15	15.2625
1960.67	-0.782165
1963.18	-0.827053
1965.7	3.12788
1968.21	-0.91737
1970.73	11.0372
1973.24	12.9916
1975.75	6.94584
1978.26	6.89987
1980.77	10.8538
1983.28	16.8074
1985.79	2.76095
1988.29	-1.2857
1990.8	2.66743
1993.31	0.620411
1995.81	2.57321
1998.31	0.525871
