100.093	-6.57581
103.274	9.46974
106.457	5.51508
109.636	23.5602
112.817	27.605
115.994	7.64964
119.172	5.69405
122.347	5.7382
125.521	15.7821
128.696	13.8258
131.868	9.8693
135.039	7.91253
138.209	9.95554
141.379	17.9983
144.547	16.0409
147.713	8.08323
150.879	-11.8747
154.043	4.16722
157.206	-3.79112
160.368	16.2503
163.529	2.29154
166.689	18.3325
169.848	-7.62668
173.006	4.41388
176.163	26.4542
179.316	6.49432
182.471	18.5342
185.625	12.5739
188.777	22.6134
191.927	4.65265
195.077	4.6917
198.224	-1.26949
201.372	2.76914
204.52	8.80756
207.664	6.84574
210.809	14.8837
213.95	12.9215
217.091	14.9591
220.233	0.996425
223.372	25.0336
226.509	11.0705
229.648	15.1073
232.784	11.1438
235.918	5.1801
239.051	23.2162
242.186	9.25217
245.317	1.28788
248.447	17.3234
251.577	13.3587
254.705	15.3938
257.832	3.42875
260.958	5.46347
264.083	15.498
267.204	15.5323
270.327	5.56642
273.449	11.6004
276.57	13.6341
279.69	7.66765
282.806	15.701
285.924	15.7341
289.04	5.76712
292.154	13.7999
295.268	9.83247
298.379	1.86485
301.492	11.8971
304.601	19.9291
307.711	3.9609
310.818	19.9925
313.924	10.024
317.031	6.05526
320.135	30.0863
323.238	14.1172
326.34	24.1479
329.443	2.17849
332.543	8.20883
335.642	8.239
338.74	14.269
341.836	10.2988
344.932	14.3284
348.027	12.3579
351.12	18.3871
354.213	18.4162
357.302	-5.55488
360.393	18.4739
363.482	4.50243
366.57	6.53083
369.656	4.55903
372.742	6.58708
375.827	-5.38505
378.91	16.6426
381.993	-3.32983
385.073	8.69752
388.154	2.72471
391.232	12.7517
394.311	16.7786
397.387	0.805254
400.462	18.8318
403.536	10.8581
406.611	-1.11571
409.683	14.9103
412.754	12.9361
415.824	16.9618
418.893	14.9874
421.961	7.01271
425.027	17.0379
428.093	9.06295
431.158	-6.91218
434.222	7.11254
437.284	-4.8629
440.346	7.1615
443.407	5.18574
446.464	5.20981
449.523	1.23374
452.581	15.2575
455.635	3.28112
458.691	-0.695412
461.743	11.3279
464.797	5.35104
467.847	9.37403
470.899	-0.60311
473.947	15.4196
476.994	-12.5579
480.043	-2.53548
483.088	9.48676
486.133	17.5089
489.176	9.5308
492.22	9.55261
495.262	-0.425744
498.302	-0.40424
501.341	15.6171
504.38	-0.361668
507.417	19.6594
510.453	1.68033
513.487	11.7011
516.521	-4.27826
519.554	11.7422
522.586	17.7626
525.616	-0.217197
528.646	5.80288
531.675	9.82282
534.701	11.8426
537.729	5.86227
540.753	17.8818
543.778	5.90117
546.8	-2.07959
549.821	7.93952
552.844	-0.041499
555.863	3.97734
558.881	-2.00396
561.898	4.01461
564.916	12.0331
567.932	-3.94864
570.946	2.06954
573.959	4.08758
576.971	6.10549
579.982	0.123275
582.993	-1.85907
586	2.15844
589.008	4.17584
592.015	18.1931
595.022	4.21026
598.025	-5.77273
601.029	10.2442
604.032	-1.73907
607.033	12.2776
610.034	4.29409
613.032	20.3105
616.032	-1.67325
619.028	-5.6571
622.023	24.3589
625.018	10.3748
628.013	-1.60939
631.005	-3.59373
633.997	6.42182
636.987	6.43724
639.977	-1.54745
642.965	10.4677
645.952	8.48282
648.939	10.4978
651.924	4.51262
654.909	4.52734
657.892	10.542
660.873	-1.44355
663.854	2.57083
666.835	-5.41489
669.813	4.59926
672.791	2.61331
675.767	-1.37276
678.743	0.64107
681.717	4.65478
684.692	6.66839
687.664	2.68188
690.634	4.69527
693.606	10.7086
696.575	10.7217
699.543	-1.26522
702.51	-1.25226
705.475	12.7606
708.44	28.7733
711.404	8.78598
714.367	-9.20148
717.329	-5.18904
720.29	10.8233
723.25	12.8355
726.207	10.8476
729.166	16.8597
732.123	8.8716
735.077	2.88342
738.032	12.8952
740.984	2.90677
743.938	6.91831
746.888	-5.07027
749.839	0.94107
752.788	12.9523
755.735	26.9634
758.682	20.9745
761.627	12.9854
764.574	4.99629
767.517	3.00704
770.46	19.0177
773.402	13.0283
776.342	5.03876
779.282	15.0491
782.219	15.0594
785.157	11.0696
788.094	11.0798
791.029	3.08978
793.962	23.0997
796.896	-0.890448
799.828	7.1193
802.76	7.12897
805.689	5.13855
808.619	7.14805
811.546	21.1575
814.473	9.16677
817.4	13.176
820.324	15.1852
823.248	15.1942
826.17	11.2032
829.092	21.2121
832.012	13.2209
834.932	15.2297
837.851	11.2383
840.768	11.2469
843.685	13.2554
846.599	1.26377
849.514	13.2721
852.428	5.28035
855.339	7.28852
858.251	-0.70339
861.16	13.3046
864.07	13.3126
866.978	5.32042
869.884	7.3282
872.792	11.3359
875.696	19.3435
878.599	11.3511
881.502	3.35858
884.404	9.36599
887.304	1.37333
890.204	-0.619407
893.103	9.38778
896.001	19.3949
898.898	7.40195
901.794	11.4089
904.689	5.41584
907.581	19.4227
910.474	11.4294
913.364	3.43613
916.256	9.44277
919.144	11.4493
922.034	3.45582
924.92	3.46225
927.808	5.46861
930.693	23.4749
933.576	5.48113
936.459	1.48729
939.341	-0.506609
942.222	5.49943
945.102	15.5054
947.981	11.5113
950.859	7.51715
953.737	11.5229
956.613	5.52865
959.488	23.5343
962.361	7.53991
965.235	-4.45455
968.105	-4.44908
970.977	15.5563
973.846	-2.4383
976.716	21.567
979.583	11.5722
982.449	5.57743
985.316	17.5826
988.18	21.5876
991.043	19.5926
993.906	19.5976
996.767	7.6025
999.628	-0.392648
1002.49	19.6121
1005.35	9.61689
1008.2	-0.378426
1011.06	9.6262
1013.91	9.63079
1016.77	11.6353
1019.62	-6.36021
1022.48	23.6442
1025.33	3.64859
1028.18	19.6529
1031.03	23.6572
1033.87	17.6614
1036.72	15.6656
1039.57	9.66972
1042.41	13.6738
1045.26	7.67783
1048.1	9.68181
1050.94	3.68575
1053.78	17.6896
1056.62	-0.306519
1059.46	27.6973
1062.3	17.701
1065.14	7.70474
1067.97	9.70841
1070.81	11.712
1073.64	17.7156
1076.47	13.7191
1079.31	15.7226
1082.14	7.72608
1084.97	9.72949
1087.8	13.7329
1090.63	11.7362
1093.45	7.73947
1096.28	7.74271
1099.1	3.74592
1101.93	5.74909
1104.75	13.7522
1107.57	5.75531
1110.39	-2.24164
1113.21	11.7614
1116.03	9.76435
1118.85	13.7673
1121.66	7.7702
1124.48	-0.226932
1127.3	1.7759
1130.11	7.7787
1132.92	-0.218534
1135.73	17.7842
1138.54	5.78689
1141.35	11.7896
1144.16	11.7922
1146.97	3.79479
1149.78	9.79735
1152.58	-0.200113
1155.39	5.80239
1158.19	-0.195136
1161	3.80731
1163.8	11.8097
1166.6	-4.1879
1169.4	-0.185545
1172.2	21.8168
1174.99	11.8191
1177.79	1.82134
1180.59	-2.17642
1183.38	13.8258
1186.17	-0.172014
1188.97	13.8301
1191.76	11.8323
1194.55	9.83439
1197.34	-2.16353
1200.13	17.8385
1202.92	11.8406
1205.7	7.84258
1208.49	3.84456
1211.27	13.8465
1214.06	-6.15153
1216.84	1.85039
1219.62	7.85228
1222.4	5.85416
1225.18	-4.14399
1227.96	-2.14216
1230.74	11.8597
1233.51	-2.13855
1236.29	-0.136782
1239.06	9.86497
1241.84	21.8667
1244.61	3.86842
1247.38	11.8701
1250.15	-2.12821
1252.92	3.87346
1255.69	1.8751
1258.46	9.87673
1261.23	11.8783
1263.99	-2.12007
1266.76	19.8815
1269.52	17.8831
1272.28	13.8846
1275.05	1.88617
1277.81	13.8877
1280.57	7.88919
1283.33	5.89069
1286.08	-4.10783
1288.84	3.89364
1291.6	11.8951
1294.35	7.89654
1297.11	11.898
1299.86	27.8994
1302.61	1.90081
1305.36	-2.09779
1308.11	7.9036
1310.86	3.90498
1313.61	-0.0936494
1316.36	-6.09229
1319.1	-0.0909317
1321.85	-4.08959
1324.59	5.91175
1327.33	19.9131
1330.08	3.91441
1332.82	-4.08428
1335.56	13.917
1338.3	-6.08166
1341.04	-8.08036
1343.77	-2.07907
1346.51	7.92222
1349.25	11.9235
1351.98	11.9248
1354.71	3.92606
1357.45	1.92733
1360.18	19.9286
1362.91	7.92986
1365.64	9.93112
1368.37	13.9324
1371.09	3.93364
1373.82	5.9349
1376.54	1.93616
1379.27	11.9374
1381.99	21.9387
1384.72	5.93992
1387.44	9.94118
1390.16	-4.05757
1392.88	17.9437
1395.6	11.9449
1398.31	1.9462
1401.03	9.94746
1403.75	9.94873
1406.46	19.95
1409.18	3.95126
1411.89	9.95253
1414.6	17.9538
1417.31	9.95509
1420.02	7.95637
1422.73	3.95766
1425.44	-0.0410463
1428.15	1.96025
1430.85	1.96156
1433.56	3.96286
1436.26	13.9642
1438.97	7.9655
1441.67	3.96683
1444.37	3.96817
1447.07	17.9695
1449.77	-0.0291353
1452.47	11.9722
1455.16	11.9736
1457.86	7.97497
1460.56	11.9764
1463.25	15.9778
1465.94	5.97916
1468.64	5.98058
1471.33	7.982
1474.02	19.9834
1476.71	9.98489
1479.4	15.9863
1482.09	13.9878
1484.77	5.9893
1487.46	7.9908
1490.14	21.9923
1492.83	7.99383
1495.51	7.99536
1498.19	19.9969
1500.87	5.99847
1503.55	2.00005
1506.23	14.0016
1508.91	-5.99675
1511.59	-1.99513
1514.27	0.00650286
1516.94	20.0082
1519.62	14.0098
1522.29	6.01151
1524.96	12.0132
1527.63	4.01493
1530.3	12.0167
1532.97	16.0184
1535.64	38.0202
1538.31	-3.97802
1540.98	12.0238
1543.64	12.0256
1546.31	10.0275
1548.97	14.0293
1551.63	6.03121
1554.3	24.0331
1556.96	-3.96496
1559.62	8.03698
1562.28	6.03895
1564.94	2.04094
1567.59	4.04295
1570.25	14.045
1572.9	10.047
1575.56	-1.95089
1578.21	-1.9488
1580.86	-1.94667
1583.52	-7.94453
1586.17	4.05764
1588.82	-1.94017
1591.47	16.062
1594.11	6.06429
1596.76	10.0666
1599.41	4.06884
1602.05	14.0712
1604.69	8.0735
1607.34	2.07587
1609.98	6.07826
1612.62	8.08068
1615.26	6.08313
1617.9	16.0856
1620.54	18.0881
1623.18	14.0906
1625.81	4.09318
1628.45	12.0958
1631.08	16.0984
1633.72	8.10102
1636.35	12.1037
1638.98	10.1064
1641.61	8.10911
1644.24	10.1119
1646.87	24.1147
1649.5	18.1175
1652.13	2.12033
1654.75	-3.87679
1657.38	6.12612
1660	10.1291
1662.63	24.132
1665.25	-1.86495
1667.87	22.1381
1670.49	18.1412
1673.11	6.14426
1675.73	8.1474
1678.35	10.1506
1680.96	2.15377
1683.58	8.15701
1686.19	18.1603
1688.81	8.16359
1691.42	14.1669
1694.03	8.1703
1696.64	2.17371
1699.25	10.1772
1701.87	20.1806
1704.47	20.1842
1707.08	-3.81229
1709.69	-3.8087
1712.29	14.1949
1714.9	16.1986
1717.5	-3.7977
1720.1	18.206
1722.71	12.2098
1725.31	14.2136
1727.91	12.2175
1730.51	6.22137
1733.1	-1.7747
1735.7	6.22928
1738.3	-3.76672
1740.89	-1.76267
1743.49	2.24142
1746.08	6.24555
1748.67	6.24972
1751.26	2.25393
1753.86	10.2582
1756.45	28.2625
1759.03	12.2668
1761.62	-1.72882
1764.21	8.27559
1766.8	16.28
1769.38	8.28455
1771.97	8.28909
1774.55	30.2937
1777.13	12.2983
1779.71	-1.69702
1782.29	-3.6923
1784.87	10.3125
1787.45	6.31726
1790.03	6.32211
1792.61	18.327
1795.18	16.3319
1797.76	0.33692
1800.33	10.3419
1802.9	14.347
1805.48	8.35214
1808.05	12.3573
1810.62	18.3625
1813.19	2.36777
1815.76	16.3731
1818.33	12.3784
1820.89	8.38382
1823.46	8.38927
1826.02	6.39476
1828.59	16.4003
1831.15	0.40589
1833.71	2.41153
1836.27	12.4172
1838.84	2.42295
1841.39	8.42873
1843.95	16.4346
1846.51	2.44045
1849.07	12.4464
1851.62	10.4524
1854.18	18.4584
1856.73	0.464473
1859.29	8.47061
1861.84	-9.52321
1864.39	12.483
1866.94	2.48931
1869.49	16.4957
1872.04	2.50204
1874.59	16.5085
1877.13	18.515
1879.68	4.52152
1882.22	12.5281
1884.77	4.53477
1887.31	-3.45853
1889.85	14.5482
1892.39	18.555
1894.93	18.5619
1897.47	10.5688
1900.01	10.5758
1902.55	10.5828
1905.09	6.58991
1907.62	10.597
1910.16	10.6042
1912.69	14.6115
1915.22	12.6188
1917.76	18.6261
1920.29	14.6336
1922.82	2.64103
1925.35	6.64856
1927.88	14.6561
1930.4	10.6638
1932.93	12.6715
1935.46	8.67923
1937.98	8.68704
1940.51	4.69491
1943.03	0.702839
1945.55	4.71082
1948.07	16.7189
1950.59	0.726964
1953.11	8.73513
1955.63	24.7433
1958.15	16.7516
1960.67	6.75996
1963.18	-3.23165
1965.7	-5.22319
1968.21	14.7853
1970.73	18.7939
1973.24	10.8025
1975.75	10.8112
1978.26	12.82
1980.77	18.8288
1983.28	-1.16231
1985.79	14.8466
1988.29	4.85563
1990.8	14.8647
1993.31	14.8738
1995.81	20.883
1998.31	-7.10774
