100.093	2.81804
103.274	18.8964
106.457	12.9744
109.636	19.0519
112.817	7.12904
115.994	27.2057
119.172	1.2819
122.347	21.3577
125.521	7.43298
128.696	7.50791
131.868	-4.41763
135.039	1.65639
138.209	17.73
141.379	-4.19679
144.547	5.87596
147.713	9.94829
150.879	28.0202
154.043	12.0917
157.206	-1.83727
160.368	2.23338
163.529	14.3036
166.689	4.37342
169.848	2.44283
173.006	6.51182
176.163	24.5804
179.316	4.64852
182.471	8.71629
185.625	0.783648
188.777	-1.1494
191.927	4.91711
195.077	-5.01674
198.224	17.049
201.372	-0.885674
204.52	17.1793
207.664	23.2438
210.809	-0.692031
213.95	5.3717
217.091	13.435
220.233	11.498
223.372	13.5606
226.509	19.6228
229.648	5.68461
232.784	1.74602
235.918	-0.192951
239.051	21.8677
242.186	7.928
245.317	3.98789
248.447	18.0474
251.577	8.10654
254.705	16.1653
257.832	12.2237
260.958	28.2817
264.083	6.33936
267.204	16.3966
270.327	26.4535
273.449	6.51007
276.57	0.566259
279.69	16.6221
282.806	-1.32249
285.924	16.7326
289.04	14.7874
292.154	10.8417
295.268	18.8957
298.379	4.94938
301.492	11.0027
304.601	11.0556
307.711	7.10826
310.818	9.1605
313.924	5.21239
317.031	19.264
320.135	1.31517
323.238	21.366
326.34	15.4165
329.443	15.4668
332.543	-2.48341
335.642	15.5661
338.74	7.61525
341.836	3.66408
344.932	13.7126
348.027	19.7607
351.12	3.80856
354.213	19.8561
357.302	5.9032
360.393	13.95
363.482	7.99656
366.57	16.0428
369.656	-7.9114
372.742	12.1341
375.827	28.1794
378.91	8.22425
381.993	-5.73115
385.073	14.3131
388.154	16.357
391.232	18.4007
394.311	14.444
397.387	16.487
400.462	-9.47033
403.536	4.57204
406.611	26.6141
409.683	10.6559
412.754	2.69735
415.824	14.7385
418.893	38.7794
421.961	-5.1801
425.027	16.8602
428.093	10.9001
431.158	6.93976
434.222	10.9791
437.284	13.0182
440.346	17.0569
443.407	7.09542
446.464	19.1336
449.523	9.17148
452.581	15.2091
455.635	-4.75362
458.691	11.2834
461.743	7.32015
464.797	-2.64339
467.847	-4.60722
470.899	13.4287
473.947	-4.53572
476.994	1.4996
480.043	13.5347
483.088	-0.430558
486.133	-12.3961
489.176	11.6382
492.22	3.67213
495.262	15.7058
498.302	5.73922
501.341	1.77236
504.38	5.80523
507.417	1.83784
510.453	5.87018
513.487	9.90224
516.521	13.9341
519.554	9.96562
522.586	1.99691
525.616	16.0279
528.646	-3.94129
531.675	12.0892
534.701	2.11948
537.729	-5.85051
540.753	-1.82077
543.778	6.20874
546.8	-3.76202
549.821	18.267
552.844	6.29573
555.863	16.3242
558.881	14.3525
561.898	-1.61952
564.916	14.4083
567.932	0.435779
570.946	8.46306
573.959	4.4901
576.971	14.5169
579.982	-5.45654
582.993	2.56979
586	24.5959
589.008	18.6217
592.015	10.6473
595.022	14.6727
598.025	6.69788
601.029	10.7228
604.032	-1.25248
607.033	6.77198
610.034	6.79623
613.032	14.8202
616.032	6.84404
619.028	-7.13239
622.023	-3.10905
625.018	14.9141
628.013	4.93699
631.005	-7.04032
633.997	12.9821
636.987	15.0044
639.977	15.0264
642.965	1.04826
645.952	15.0699
648.939	5.09128
651.924	7.11247
654.909	11.1334
657.892	9.15422
660.873	9.17478
663.854	-0.804862
666.835	1.21529
669.813	13.2352
672.791	11.255
675.767	-0.725478
678.743	-0.70613
681.717	3.31301
684.692	7.33196
687.664	5.3507
690.634	9.36925
693.606	-2.61239
696.575	-0.594232
699.543	23.4237
702.51	15.4415
705.475	3.45909
708.44	15.4765
711.404	11.4937
714.367	5.51071
717.329	1.52754
720.29	21.5442
723.25	3.56065
726.207	13.5769
729.166	9.59301
732.123	19.6089
735.077	9.62466
738.032	21.6402
740.984	7.65558
743.938	9.67079
746.888	15.6858
749.839	13.7007
752.788	11.7153
755.735	13.7298
758.682	21.7441
761.627	19.7583
764.574	25.7723
767.517	-0.213885
770.46	19.7998
773.402	23.8132
776.342	-6.17343
779.282	13.8397
782.219	5.8527
785.157	25.8655
788.094	7.8782
791.029	1.8907
793.962	7.90304
796.896	7.91523
799.828	13.9273
802.76	11.9391
805.689	7.95085
808.619	1.96241
811.546	23.9738
814.473	19.9851
817.4	11.9962
820.324	16.0071
823.248	8.01794
826.17	18.0286
829.092	14.0391
832.012	16.0495
834.932	14.0597
837.851	4.06975
840.768	12.0797
843.685	14.0895
846.599	-1.90089
849.514	-1.89138
852.428	6.11798
855.339	30.1272
858.251	18.1363
861.16	14.1452
864.07	8.15406
866.978	8.16274
869.884	10.1713
872.792	16.1797
875.696	26.188
878.599	2.19614
881.502	18.2042
884.404	14.212
887.304	6.21981
890.204	14.2275
893.103	12.235
896.001	14.2424
898.898	6.24961
901.794	18.2568
904.689	4.26377
907.581	4.27066
910.474	4.27744
913.364	10.2841
916.256	2.29063
919.144	0.297052
922.034	14.3034
924.92	10.3095
927.808	14.3156
930.693	2.32158
933.576	4.32742
936.459	12.3332
939.341	2.33878
942.222	8.34429
945.102	10.3497
947.981	8.35499
950.859	12.3602
953.737	12.3653
956.613	-1.62977
959.488	14.3751
962.361	-5.62013
965.235	8.38454
968.105	6.3891
970.977	14.3936
973.846	10.3979
976.716	12.4022
979.583	12.4063
982.449	10.4104
985.316	14.4144
988.18	8.41826
991.043	14.422
993.906	10.4257
996.767	6.42932
999.628	14.4328
1002.49	16.4362
1005.35	16.4395
1008.2	0.442779
1011.06	16.4459
1013.91	14.449
1016.77	8.45194
1019.62	4.45482
1022.48	20.4576
1025.33	4.46033
1028.18	16.463
1031.03	8.4655
1033.87	20.468
1036.72	12.4704
1039.57	12.4727
1042.41	24.4749
1045.26	16.477
1048.1	10.4791
1050.94	6.48109
1053.78	6.48301
1056.62	0.484851
1059.46	4.48662
1062.3	6.48832
1065.14	8.48994
1067.97	20.4915
1070.81	16.493
1073.64	6.49439
1076.47	24.4957
1079.31	4.49701
1082.14	6.49822
1084.97	10.4994
1087.8	14.5004
1090.63	16.5014
1093.45	6.5024
1096.28	0.50328
1099.1	0.504104
1101.93	2.50487
1104.75	8.50557
1107.57	8.50621
1110.39	8.50679
1113.21	12.5073
1116.03	2.50778
1118.85	8.5082
1121.66	-5.49145
1124.48	4.50885
1127.3	18.5091
1130.11	12.5093
1132.92	4.50943
1135.73	16.5095
1138.54	22.5096
1141.35	-1.49045
1144.16	20.5095
1146.97	0.509383
1149.78	6.50923
1152.58	28.509
1155.39	12.5088
1158.19	10.5085
1161	20.5081
1163.8	8.50776
1166.6	0.507337
1169.4	2.50687
1172.2	-9.49364
1174.99	0.505813
1177.79	-3.49477
1180.59	2.5046
1183.38	12.5039
1186.17	-9.49677
1188.97	4.50249
1191.76	22.5017
1194.55	8.50091
1197.34	14.5001
1200.13	4.49918
1202.92	-15.5017
1205.7	-9.50267
1208.49	4.49636
1211.27	10.4954
1214.06	4.49432
1216.84	-1.50675
1219.62	6.49216
1222.4	0.491044
1225.18	20.4899
1227.96	-7.51127
1230.74	4.48753
1233.51	-1.51369
1236.29	12.4851
1239.06	-3.5162
1241.84	14.4825
1244.61	10.4812
1247.38	8.47986
1250.15	14.4785
1252.92	22.4771
1255.69	16.4757
1258.46	10.4743
1261.23	8.47292
1263.99	2.47148
1266.76	4.47002
1269.52	6.46855
1272.28	10.4671
1275.05	14.4656
1277.81	26.4641
1280.57	8.46253
1283.33	0.460995
1286.08	-1.54055
1288.84	-7.54211
1291.6	14.4563
1294.35	-1.54524
1297.11	16.4532
1299.86	-1.54841
1302.61	10.45
1305.36	4.4484
1308.11	8.44679
1310.86	0.445184
1313.61	0.443573
1316.36	0.441958
1319.1	22.4403
1321.85	20.4387
1324.59	24.4371
1327.33	8.43549
1330.08	8.43387
1332.82	2.43225
1335.56	34.4306
1338.3	4.42903
1341.04	0.427422
1343.77	10.4258
1346.51	18.4242
1349.25	16.4226
1351.98	-1.57896
1354.71	4.41946
1357.45	4.41789
1360.18	0.416324
1362.91	10.4148
1365.64	20.4132
1368.37	-3.58831
1371.09	10.4102
1373.82	-1.59135
1376.54	-3.59285
1379.27	24.4057
1381.99	8.40419
1384.72	6.40273
1387.44	0.401289
1390.16	16.3999
1392.88	6.39845
1395.6	0.397053
1398.31	6.39568
1401.03	10.3943
1403.75	14.393
1406.46	2.39166
1409.18	6.39036
1411.89	12.3891
1414.6	16.3878
1417.31	-1.61342
1420.02	4.38537
1422.73	12.3842
1425.44	10.383
1428.15	0.381873
1430.85	6.38076
1433.56	-1.62033
1436.26	10.3786
1438.97	0.377571
1441.67	12.3766
1444.37	6.37559
1447.07	12.3746
1449.77	4.37372
1452.47	6.37283
1455.16	14.372
1457.86	16.3711
1460.56	10.3703
1463.25	-7.63041
1465.94	24.3689
1468.64	14.3682
1471.33	10.3675
1474.02	8.36689
1476.71	8.3663
1479.4	20.3657
1482.09	10.3652
1484.77	2.36476
1487.46	-5.63567
1490.14	10.3639
1492.83	10.3636
1495.51	14.3633
1498.19	4.36298
1500.87	20.3627
1503.55	-1.63745
1506.23	0.362403
1508.91	-3.6377
1511.59	12.3622
1514.27	-5.63778
1516.94	26.3622
1519.62	0.362318
1522.29	6.36244
1524.96	24.3626
1527.63	2.36282
1530.3	14.3631
1532.97	16.3634
1535.64	22.3638
1538.31	8.36416
1540.98	10.3646
1543.64	0.365136
1546.31	8.3657
1548.97	6.36631
1551.63	14.367
1554.3	6.36771
1556.96	8.36848
1559.62	14.3693
1562.28	2.3702
1564.94	22.3711
1567.59	2.37214
1570.25	14.3732
1572.9	10.3743
1575.56	12.3755
1578.21	2.3767
1580.86	14.378
1583.52	-9.62067
1586.17	4.38074
1588.82	12.3822
1591.47	8.38374
1594.11	8.38533
1596.76	12.387
1599.41	8.3887
1602.05	2.39048
1604.69	20.3923
1607.34	-1.60577
1609.98	12.3962
1612.62	10.3982
1615.26	8.40035
1617.9	-5.59748
1620.54	14.4048
1623.18	6.40707
1625.81	8.40945
1628.45	10.4119
1631.08	16.4144
1633.72	22.417
1636.35	-3.58035
1638.98	6.42238
1641.61	10.4252
1644.24	0.428051
1646.87	8.431
1649.5	12.434
1652.13	0.437105
1654.75	10.4403
1657.38	12.4435
1660	6.44683
1662.63	30.4502
1665.25	6.45369
1667.87	4.45724
1670.49	6.46086
1673.11	8.46456
1675.73	-3.53166
1678.35	6.4722
1680.96	-1.52386
1683.58	12.4802
1686.19	18.4843
1688.81	8.48844
1691.42	8.4927
1694.03	14.497
1696.64	-5.49853
1699.25	2.50598
1701.87	12.5106
1704.47	22.5153
1707.08	26.52
1709.69	14.5249
1712.29	10.5298
1714.9	0.534818
1717.5	10.5399
1720.1	12.5451
1722.71	-1.4496
1725.31	10.5558
1727.91	0.56123
1730.51	24.5668
1733.1	8.57241
1735.7	18.5781
1738.3	2.58396
1740.89	-1.41013
1743.49	14.5959
1746.08	4.60197
1748.67	22.6082
1751.26	-1.38557
1753.86	8.6208
1756.45	8.62727
1759.03	14.6338
1761.62	20.6405
1764.21	6.64724
1766.8	10.6541
1769.38	12.661
1771.97	12.6681
1774.55	12.6752
1777.13	16.6825
1779.71	6.68979
1782.29	-1.30278
1784.87	24.7048
1787.45	10.7124
1790.03	8.72012
1792.61	14.728
1795.18	18.7359
1797.76	10.7439
1800.33	28.7521
1802.9	10.7603
1805.48	6.76865
1808.05	8.7771
1810.62	10.7857
1813.19	-1.20569
1815.76	16.8031
1818.33	16.8119
1820.89	12.8209
1823.46	16.83
1826.02	8.83918
1828.59	6.84847
1831.15	12.8579
1833.71	0.867384
1836.27	6.877
1838.84	12.8867
1841.39	6.89656
1843.95	8.90651
1846.51	-3.08344
1849.07	16.9267
1851.62	12.937
1854.18	4.94739
1856.73	16.9579
1859.29	18.9685
1861.84	10.9792
1864.39	12.9901
1866.94	5.00103
1869.49	13.0121
1872.04	7.02328
1874.59	17.0346
1877.13	9.04599
1879.68	15.0575
1882.22	21.0692
1884.77	17.0809
1887.31	7.0928
1889.85	-2.8952
1892.39	15.1169
1894.93	1.12914
1897.47	11.1415
1900.01	1.15397
1902.55	-6.83344
1905.09	17.1793
1907.62	23.1921
1910.16	-12.795
1912.69	3.21813
1915.22	19.2313
1917.76	17.2446
1920.29	3.25808
1922.82	17.2716
1925.35	25.2853
1927.88	1.29915
1930.4	11.3131
1932.93	33.3271
1935.46	9.34132
1937.98	7.35564
1940.51	17.3701
1943.03	15.3846
1945.55	7.39932
1948.07	9.41414
1950.59	-2.57092
1953.11	7.44416
1955.63	5.45936
1958.15	3.47469
1960.67	1.49014
1963.18	3.50573
1965.7	9.52145
1968.21	13.5373
1970.73	11.5533
1973.24	21.5694
1975.75	11.5856
1978.26	7.602
1980.77	11.6185
1983.28	17.6351
1985.79	11.6519
1988.29	21.6688
1990.8	-0.314142
1993.31	13.703
1995.81	7.72034
1998.31	17.7378
