100.093	10.6819
103.274	-7.37483
106.457	2.56753
109.636	12.509
112.817	20.4496
115.994	-5.61071
119.172	-3.67194
122.347	-1.73401
125.521	-1.79696
128.696	10.1392
131.868	30.0745
135.039	-3.99112
138.209	3.94244
141.379	7.87508
144.547	9.80691
147.713	25.7379
150.879	1.668
154.043	15.5973
157.206	3.5257
160.368	13.4533
163.529	5.38003
166.689	-6.69406
169.848	13.231
173.006	-4.84473
176.163	-6.9213
179.316	7.00136
182.471	10.9232
185.625	8.84414
188.777	8.76431
191.927	0.683724
195.077	24.6023
198.224	10.5201
201.372	12.4371
204.52	8.35325
207.664	0.268698
210.809	0.183303
213.95	20.0972
217.091	2.01029
220.233	1.92256
223.372	11.8341
226.509	11.7449
229.648	27.6549
232.784	11.5642
235.918	5.47269
239.051	21.3805
242.186	11.2874
245.317	1.19369
248.447	19.0992
251.577	17.004
254.705	22.9081
257.832	22.8114
260.958	16.714
264.083	14.6159
267.204	-1.4829
270.327	22.4175
273.449	18.3173
276.57	-7.78372
279.69	2.11458
282.806	12.0123
285.924	11.9092
289.04	9.80536
292.154	31.7009
295.268	9.59576
298.379	7.48996
301.492	7.38341
304.601	7.27625
307.711	13.1683
310.818	25.0598
313.924	26.9507
317.031	-1.15926
320.135	20.7302
323.238	18.6191
326.34	2.50724
329.443	4.39469
332.543	32.2816
335.642	22.1678
338.74	10.0534
341.836	5.93831
344.932	-0.177378
348.027	13.7063
351.12	5.58934
354.213	3.47175
357.302	9.35363
360.393	25.2348
363.482	3.11535
366.57	20.9953
369.656	32.8747
372.742	2.75343
375.827	4.63155
378.91	10.5091
381.993	16.3861
385.073	20.2625
388.154	2.13821
391.232	18.0134
394.311	9.888
397.387	19.7621
400.462	-0.364454
403.536	3.50846
406.611	13.3807
409.683	25.2525
412.754	1.12368
415.824	2.99432
418.893	-5.1356
421.961	18.7339
425.027	16.6029
428.093	20.4713
431.158	0.339189
434.222	32.2065
437.284	12.0733
440.346	23.9396
443.407	11.8053
446.464	19.6706
449.523	-4.46479
452.581	13.3993
455.635	5.26304
458.691	13.1261
461.743	16.9888
464.797	0.850853
467.847	-1.28751
470.899	6.57354
473.947	8.43417
476.994	8.2943
480.043	4.15384
483.088	6.01298
486.133	45.8716
489.176	19.7298
492.22	3.58736
495.262	33.4445
498.302	-0.698741
501.341	11.1575
504.38	27.0133
507.417	4.86854
510.453	24.7234
513.487	10.5778
516.521	18.4317
519.554	18.2851
522.586	16.1381
525.616	-0.00926111
528.646	-10.1572
531.675	7.69444
534.701	23.5457
537.729	29.3965
540.753	25.2469
543.778	13.0967
546.8	28.9463
549.821	4.79537
552.844	-9.35605
555.863	20.4922
558.881	18.34
561.898	16.1874
564.916	36.0343
567.932	5.88093
570.946	11.7271
573.959	-6.42713
576.971	7.41824
579.982	39.2632
582.993	21.1078
586	22.952
589.008	10.7958
592.015	24.6392
595.022	2.48221
598.025	16.3249
601.029	28.1672
604.032	8.00902
607.033	31.8506
610.034	13.6917
613.032	3.53256
616.032	-0.627073
619.028	19.213
622.023	19.0528
625.018	4.89218
628.013	22.7311
631.005	10.5698
633.997	10.4081
636.987	20.2461
639.977	-17.9163
642.965	33.921
645.952	15.758
648.939	23.5946
651.924	7.43087
654.909	-2.73319
657.892	-4.89757
660.873	12.9378
663.854	20.7728
666.835	4.60745
669.813	12.4419
672.791	6.2759
675.767	36.1097
678.743	15.9431
681.717	33.7763
684.692	13.6091
687.664	9.44165
690.634	5.27393
693.606	17.1058
696.575	14.9375
699.543	10.7689
702.51	24.6
705.475	32.4308
708.44	26.2614
711.404	16.0916
714.367	25.9216
717.329	27.7513
720.29	9.58075
723.25	27.4099
726.207	23.2389
729.166	21.0675
732.123	26.8959
735.077	30.7241
738.032	16.5519
740.984	34.3796
743.938	2.20697
746.888	42.0342
749.839	21.861
752.788	37.6877
755.735	9.51416
758.682	1.34038
761.627	19.1664
764.574	8.99199
767.517	36.8175
770.46	16.6428
773.402	26.4678
776.342	22.2927
779.282	12.1173
782.219	17.9418
785.157	27.7659
788.094	11.5899
791.029	33.4136
793.962	21.2373
796.896	15.0606
799.828	14.8838
802.76	-7.29329
805.689	44.5295
808.619	30.352
811.546	-7.82552
814.473	35.9967
817.4	-0.181358
820.324	37.6405
823.248	19.4622
826.17	35.2837
829.092	15.105
832.012	30.9261
834.932	18.747
837.851	28.5678
840.768	28.3884
843.685	26.2088
846.599	12.0292
849.514	23.8493
852.428	9.66928
855.339	17.4892
858.251	5.3088
861.16	21.1284
864.07	24.9477
866.978	36.767
869.884	-3.41389
872.792	26.405
875.696	30.2238
878.599	34.0425
881.502	11.8611
884.404	21.6795
887.304	39.4978
890.204	-2.68403
893.103	17.134
896.001	4.9519
898.898	12.7697
901.794	26.5873
904.689	26.4049
907.581	18.2224
910.474	32.0397
913.364	19.857
916.256	29.6741
919.144	19.4912
922.034	-0.691978
924.92	-2.87511
927.808	-17.0585
930.693	20.7582
933.576	32.5748
936.459	34.3913
939.341	18.2076
942.222	14.0239
945.102	19.8401
947.981	5.65626
950.859	11.4723
953.737	3.28823
956.613	35.1041
959.488	10.9199
962.361	10.7357
965.235	26.5514
968.105	8.36705
970.977	26.1826
973.846	7.99811
976.716	37.8135
979.583	15.6289
982.449	35.4443
985.316	13.2594
988.18	-8.92531
991.043	10.8899
993.906	8.70502
996.767	34.5201
999.628	12.3352
1002.49	6.15016
1005.35	-0.0348876
1008.2	29.78
1011.06	15.595
1013.91	23.4099
1016.77	21.2247
1019.62	21.0395
1022.48	18.8543
1025.33	26.6691
1028.18	8.48379
1031.03	18.2986
1033.87	24.1133
1036.72	21.9279
1039.57	17.7426
1042.41	19.5574
1045.26	45.372
1048.1	-4.81329
1050.94	13.0014
1053.78	32.816
1056.62	24.6307
1059.46	4.44532
1062.3	16.2599
1065.14	18.0747
1067.97	1.88936
1070.81	21.7041
1073.64	19.5188
1076.47	21.3336
1079.31	9.14824
1082.14	16.963
1084.97	24.7777
1087.8	18.5926
1090.63	-3.59258
1093.45	32.2223
1096.28	50.0372
1099.1	25.8521
1101.93	3.66705
1104.75	29.482
1107.57	7.29702
1110.39	33.112
1113.21	16.9272
1116.03	-13.2577
1118.85	26.5575
1121.66	30.3728
1124.48	2.188
1127.3	14.0034
1130.11	-8.1813
1132.92	39.6342
1135.73	9.44971
1138.54	29.2653
1141.35	5.08092
1144.16	8.89648
1146.97	12.7122
1149.78	34.528
1152.58	14.344
1155.39	8.15994
1158.19	31.9759
1161	29.792
1163.8	25.6082
1166.6	27.4244
1169.4	33.2407
1172.2	7.05717
1174.99	-3.12641
1177.79	8.6902
1180.59	40.5069
1183.38	28.3237
1186.17	2.14041
1188.97	-4.04264
1191.76	15.7744
1194.55	9.59151
1197.34	-4.59128
1200.13	3.22603
1202.92	-2.95658
1205.7	46.861
1208.49	8.67864
1211.27	6.49632
1214.06	18.3142
1216.84	4.13213
1219.62	3.95026
1222.4	-2.23163
1225.18	37.5867
1227.96	29.4051
1230.74	11.2236
1233.51	7.04227
1236.29	14.8611
1239.06	28.68
1241.84	-3.501
1244.61	22.3181
1247.38	14.1374
1250.15	5.95693
1252.92	5.77645
1255.69	29.5961
1258.46	9.416
1261.23	15.2359
1263.99	-24.9439
1266.76	2.87626
1269.52	12.6967
1272.28	40.5173
1275.05	6.33788
1277.81	20.1587
1280.57	-2.02026
1283.33	19.8009
1286.08	7.62219
1288.84	13.4436
1291.6	37.2652
1294.35	13.087
1297.11	14.909
1299.86	36.7311
1302.61	8.55327
1305.36	12.3758
1308.11	14.1983
1310.86	2.02111
1313.61	7.84409
1316.36	17.6671
1319.1	7.49044
1321.85	27.3139
1324.59	45.1376
1327.33	-21.0386
1330.08	28.7854
1332.82	24.6096
1335.56	20.4339
1338.3	24.2585
1341.04	26.0833
1343.77	23.9082
1346.51	1.73338
1349.25	39.5586
1351.98	3.38422
1354.71	21.2099
1357.45	13.0358
1360.18	36.8619
1362.91	2.68816
1365.64	4.51469
1368.37	10.3414
1371.09	18.1683
1373.82	3.99548
1376.54	21.8229
1379.27	27.6504
1381.99	7.47818
1384.72	11.3061
1387.44	21.1344
1390.16	24.9628
1392.88	36.7914
1395.6	-7.37978
1398.31	22.4493
1401.03	4.27866
1403.75	0.108207
1406.46	7.93785
1409.18	-14.2322
1411.89	9.59805
1414.6	11.4285
1417.31	-4.74075
1420.02	25.0901
1422.73	4.92124
1425.44	28.7526
1428.15	32.5843
1430.85	22.4161
1433.56	32.2482
1436.26	14.0805
1438.97	29.9131
1441.67	21.746
1444.37	17.5791
1447.07	21.4124
1449.77	27.246
1452.47	23.0799
1455.16	18.9139
1457.86	40.7483
1460.56	36.5829
1463.25	28.4177
1465.94	34.2529
1468.64	26.0882
1471.33	7.92392
1474.02	11.7598
1476.71	17.596
1479.4	27.4323
1482.09	19.2691
1484.77	19.1061
1487.46	46.9433
1490.14	44.7809
1492.83	8.61867
1495.51	6.45674
1498.19	22.2951
1500.87	8.13379
1503.55	-0.0273388
1506.23	-0.188187
1508.91	7.65134
1511.59	23.4911
1514.27	5.33114
1516.94	19.1715
1519.62	21.0121
1522.29	6.85298
1524.96	14.6942
1527.63	6.53571
1530.3	40.3775
1532.97	10.2196
1535.64	16.0619
1538.31	19.9046
1540.98	29.7477
1543.64	21.5909
1546.31	37.4345
1548.97	23.2784
1551.63	19.1226
1554.3	26.967
1556.96	-5.18811
1559.62	26.657
1562.28	30.5025
1564.94	24.3482
1567.59	4.19428
1570.25	34.0406
1572.9	-4.11269
1575.56	37.7343
1578.21	11.5817
1580.86	21.4293
1583.52	1.27721
1586.17	3.12554
1588.82	16.9741
1591.47	16.8231
1594.11	14.6724
1596.76	-1.47804
1599.41	28.3719
1602.05	18.2222
1604.69	4.07274
1607.34	21.9236
1609.98	11.7749
1612.62	5.62644
1615.26	15.4783
1617.9	23.3307
1620.54	7.18321
1623.18	27.0362
1625.81	2.88943
1628.45	24.7431
1631.08	40.5971
1633.72	30.4514
1636.35	38.3061
1638.98	32.1611
1641.61	-1.98352
1644.24	13.8722
1646.87	33.7282
1649.5	23.5846
1652.13	25.4415
1654.75	29.2986
1657.38	1.1561
1660	21.0139
1662.63	20.8721
1665.25	10.7306
1667.87	12.5896
1670.49	18.4489
1673.11	24.3086
1675.73	0.16859
1678.35	6.02897
1680.96	17.8897
1683.58	25.7509
1686.19	15.6124
1688.81	23.4742
1691.42	-4.66347
1694.03	19.1991
1696.64	25.0621
1699.25	12.9255
1701.87	2.78922
1704.47	18.6534
1707.08	46.5179
1709.69	6.38277
1712.29	16.248
1714.9	10.1137
1717.5	11.9798
1720.1	7.8462
1722.71	33.713
1725.31	35.5802
1727.91	23.4478
1730.51	5.31581
1733.1	7.18422
1735.7	23.0529
1738.3	2.9221
1740.89	4.79167
1743.49	12.6616
1746.08	18.532
1748.67	26.4027
1751.26	28.2739
1753.86	20.1455
1756.45	20.0174
1759.03	43.8898
1761.62	15.7625
1764.21	3.63571
1766.8	19.5093
1769.38	1.38332
1771.97	7.25764
1774.55	21.1325
1777.13	3.00766
1779.71	-17.1167
1782.29	30.7594
1784.87	34.6358
1787.45	24.5127
1790.03	18.39
1792.61	48.2677
1795.18	6.14582
1797.76	0.0243159
1800.33	15.9033
1802.9	29.7827
1805.48	21.6625
1808.05	29.5428
1810.62	29.4234
1813.19	5.30448
1815.76	25.186
1818.33	-0.932112
1820.89	-1.04977
1823.46	20.8331
1826.02	8.71626
1828.59	-1.40004
1831.15	-1.51592
1833.71	8.36854
1836.27	38.2535
1838.84	14.1389
1841.39	16.0248
1843.95	17.911
1846.51	7.79775
1849.07	7.68497
1851.62	9.57255
1854.18	19.4606
1856.73	27.3491
1859.29	11.238
1861.84	9.12738
1864.39	39.0172
1866.94	38.9074
1869.49	22.7982
1872.04	-1.31066
1874.59	24.581
1877.13	24.473
1879.68	28.3656
1882.22	-11.7414
1884.77	22.152
1887.31	10.0459
1889.85	-4.0598
1892.39	9.83503
1894.93	1.73032
1897.47	9.62598
1900.01	33.5222
1902.55	29.4188
1905.09	33.3159
1907.62	-2.78651
1910.16	5.11158
1912.69	27.0101
1915.22	24.909
1917.76	0.808476
1920.29	-3.29166
1922.82	12.6087
1925.35	-5.49047
1927.88	22.4109
1930.4	20.3127
1932.93	32.2149
1935.46	6.11764
1937.98	46.0208
1940.51	-0.0754947
1943.03	23.8286
1945.55	41.7333
1948.07	3.63841
1950.59	25.544
1953.11	13.4501
1955.63	25.3566
1958.15	17.2637
1960.67	25.1712
1963.18	1.07922
1965.7	-5.0123
1968.21	0.896672
1970.73	12.8061
1973.24	4.71605
1975.75	0.626523
1978.26	24.5374
1980.77	-11.5511
1983.28	34.3607
1985.79	16.2731
1988.29	24.186
1990.8	4.09938
1993.31	34.0133
1995.81	1.92763
1998.31	11.8426
