100.093	6.05194
103.274	-1.82929
106.457	8.28873
109.636	-5.59417
112.817	12.5222
115.994	22.6376
119.172	26.7524
122.347	2.86618
125.521	14.9792
128.696	17.0915
131.868	9.20284
135.039	7.31343
138.209	-2.57679
141.379	3.53226
144.547	15.6405
147.713	11.7479
150.879	-2.14554
154.043	3.96028
157.206	14.0653
160.368	0.169583
163.529	-7.72693
166.689	-3.62422
169.848	4.47772
173.006	6.57889
176.163	4.67931
179.316	22.7789
182.471	10.8778
185.625	10.9759
188.777	9.0733
191.927	7.16987
195.077	11.2658
198.224	9.36085
201.372	19.4553
204.52	3.54893
207.664	11.6418
210.809	11.734
213.95	7.82543
217.091	11.9161
220.233	2.00616
223.372	4.09542
226.509	4.18396
229.648	10.2718
232.784	2.35897
235.918	4.44538
239.051	2.53109
242.186	20.6162
245.317	0.70047
248.447	16.7841
251.577	8.86701
254.705	6.94925
257.832	9.03081
260.958	1.11168
264.083	7.19187
267.204	9.27133
270.327	9.35017
273.449	-4.57166
276.57	3.50584
279.69	13.5827
282.806	5.65879
285.924	15.7343
289.04	-0.190836
292.154	3.88332
295.268	-6.04313
298.379	18.0297
301.492	-9.89802
304.601	4.17355
307.711	2.24453
310.818	22.3148
313.924	22.3845
317.031	14.4536
320.135	22.522
323.238	12.5897
326.34	-1.3431
329.443	16.7235
332.543	10.7894
335.642	12.8547
338.74	10.9194
341.836	-1.01651
344.932	1.04697
348.027	11.1098
351.12	9.17212
354.213	-2.76619
357.302	1.29485
360.393	5.35535
363.482	11.4153
366.57	25.4746
369.656	-2.46672
372.742	17.5914
375.827	13.649
378.91	3.70598
381.993	5.76242
385.073	3.81824
388.154	13.8735
391.232	-10.0718
394.311	3.9824
397.387	20.036
400.462	14.089
403.536	24.1415
406.611	8.19341
409.683	6.24478
412.754	8.2956
415.824	10.3459
418.893	10.3956
421.961	6.44483
425.027	16.4935
428.093	-1.45837
431.158	4.58924
434.222	0.636324
437.284	14.6829
440.346	0.728917
443.407	12.7744
446.464	12.8194
449.523	-1.13611
452.581	-3.09213
455.635	10.9513
458.691	2.99427
461.743	3.0367
464.797	-0.921338
467.847	9.1201
470.899	-0.838939
473.947	15.2015
476.994	5.24146
480.043	7.28096
483.088	-8.68006
486.133	5.35844
489.176	11.3965
492.22	11.434
495.262	19.4711
498.302	7.5077
501.341	3.54383
504.38	5.57949
507.417	7.61469
510.453	17.6494
513.487	7.68367
516.521	9.71749
519.554	15.7509
522.586	7.78377
525.616	25.8162
528.646	19.8482
531.675	5.87979
534.701	3.9109
537.729	15.9416
540.753	3.97182
543.778	-3.99837
546.8	16.031
549.821	-3.94007
552.844	4.08846
555.863	6.11654
558.881	6.1442
561.898	4.17144
564.916	4.19828
567.932	2.22469
570.946	16.2507
573.959	12.2763
576.971	16.3014
579.982	-5.67378
582.993	12.3506
586	22.3745
589.008	6.39812
592.015	0.421291
595.022	4.44407
598.025	2.46645
601.029	4.48845
604.032	-7.48993
607.033	8.53128
610.034	12.5521
613.032	24.5726
616.032	0.592686
619.028	10.6124
622.023	14.6317
625.018	10.6507
628.013	8.6693
631.005	8.68754
633.997	2.70541
636.987	6.72292
639.977	0.740068
642.965	18.7569
645.952	26.7733
648.939	10.7894
651.924	4.80514
654.909	14.8205
657.892	-7.16441
660.873	8.85029
663.854	6.86466
666.835	0.878696
669.813	0.892386
672.791	12.9058
675.767	12.9188
678.743	12.9315
681.717	10.9439
684.692	16.9559
687.664	0.96764
690.634	-3.02095
693.606	6.99015
696.575	7.00092
699.543	21.0114
702.51	23.0215
705.475	13.0314
708.44	7.04093
711.404	13.0502
714.367	7.0591
717.329	5.06773
720.29	7.07607
723.25	13.0841
726.207	9.09186
729.166	5.09932
732.123	13.1065
735.077	13.1134
738.032	17.12
740.984	11.1263
743.938	-0.867661
746.888	7.1381
749.839	17.1436
752.788	-2.8512
755.735	25.1537
758.682	7.15841
761.627	13.1628
764.574	7.16696
767.517	17.1708
770.46	3.17446
773.402	-2.82218
776.342	21.1809
779.282	9.18378
782.219	19.1864
785.157	19.1887
788.094	9.19083
791.029	9.19269
793.962	27.1943
796.896	1.19567
799.828	11.1968
802.76	7.1977
805.689	27.1984
808.619	15.1988
811.546	5.19899
814.473	7.19895
817.4	21.1987
820.324	5.19821
823.248	13.1975
826.17	15.1966
829.092	11.1954
832.012	7.19408
834.932	17.1925
837.851	13.1907
840.768	21.1887
843.685	25.1865
846.599	1.1841
849.514	5.18149
852.428	17.1787
855.339	27.1757
858.251	13.1724
861.16	9.16903
864.07	7.16542
866.978	23.1616
869.884	11.1576
872.792	17.1535
875.696	11.1491
878.599	11.1446
881.502	11.1398
884.404	15.1349
887.304	19.1298
890.204	19.1246
893.103	3.11913
896.001	-2.88648
898.898	11.1077
901.794	-2.89821
904.689	17.0957
907.581	11.0894
910.474	25.083
913.364	13.0764
916.256	11.0696
919.144	-4.93732
922.034	-0.94439
924.92	11.0484
927.808	-0.958991
930.693	13.0335
933.576	27.0258
936.459	11.018
939.341	21.01
942.222	-0.998059
945.102	-5.0063
947.981	6.98532
950.859	14.9768
953.737	-3.03184
956.613	6.95938
959.488	8.95047
962.361	14.9414
965.235	4.93227
968.105	12.923
970.977	14.9136
973.846	-11.096
976.716	6.89439
979.583	14.8846
982.449	-5.12526
985.316	2.86474
988.18	6.85463
991.043	28.8444
993.906	20.8341
996.767	10.8237
999.628	4.81313
1002.49	14.8025
1005.35	-1.20825
1008.2	10.7809
1011.06	-1.23002
1013.91	10.759
1016.77	4.74783
1019.62	6.73662
1022.48	10.7253
1025.33	28.7139
1028.18	20.7024
1031.03	16.6909
1033.87	18.6792
1036.72	-5.33249
1039.57	20.6557
1042.41	6.64382
1045.26	6.63187
1048.1	14.6198
1050.94	10.6077
1053.78	4.59556
1056.62	0.583315
1059.46	26.571
1062.3	8.55863
1065.14	10.5462
1067.97	10.5337
1070.81	20.5211
1073.64	20.5085
1076.47	-1.50415
1079.31	4.48312
1082.14	14.4703
1084.97	12.4575
1087.8	22.4446
1090.63	20.4317
1093.45	0.418726
1096.28	16.4057
1099.1	18.3926
1101.93	8.37954
1104.75	22.3664
1107.57	6.35322
1110.39	12.34
1113.21	14.3268
1116.03	8.31347
1118.85	-1.69985
1121.66	12.2868
1124.48	0.273439
1127.3	24.26
1130.11	18.2466
1132.92	6.23318
1135.73	6.21972
1138.54	14.2062
1141.35	8.19273
1144.16	18.1792
1146.97	8.16567
1149.78	12.1521
1152.58	16.1386
1155.39	-5.87499
1158.19	14.1114
1161	16.0979
1163.8	4.08428
1166.6	8.07069
1169.4	-5.94291
1172.2	18.0435
1174.99	10.0299
1177.79	16.0163
1180.59	10.0028
1183.38	3.98919
1186.17	1.97561
1188.97	7.96206
1191.76	23.9485
1194.55	9.93498
1197.34	7.92147
1200.13	3.90797
1202.92	27.8945
1205.7	-2.11898
1208.49	13.8676
1211.27	13.8542
1214.06	-2.15924
1216.84	5.82738
1219.62	-2.18596
1222.4	1.80072
1225.18	15.7874
1227.96	3.77418
1230.74	1.76095
1233.51	-0.252234
1236.29	-0.265386
1239.06	1.7215
1241.84	13.7084
1244.61	5.69539
1247.38	7.68239
1250.15	9.66945
1252.92	3.65654
1255.69	13.6437
1258.46	21.6309
1261.23	3.61812
1263.99	11.6054
1266.76	11.5928
1269.52	3.58015
1272.28	-12.4324
1275.05	15.5551
1277.81	1.54268
1280.57	11.5303
1283.33	21.518
1286.08	21.5058
1288.84	1.49358
1291.6	15.4815
1294.35	1.46941
1297.11	13.4574
1299.86	5.44552
1302.61	15.4337
1305.36	7.42192
1308.11	11.4102
1310.86	7.39861
1313.61	3.38708
1316.36	-4.62438
1319.1	-6.63576
1321.85	27.3529
1324.59	21.3417
1327.33	15.3306
1330.08	9.31956
1332.82	19.3086
1335.56	13.2977
1338.3	1.28696
1341.04	15.2763
1343.77	19.2657
1346.51	1.2552
1349.25	11.2448
1351.98	17.2345
1354.71	7.22428
1357.45	3.21418
1360.18	9.20417
1362.91	13.1943
1365.64	1.18447
1368.37	-2.82522
1371.09	13.1652
1373.82	-2.84428
1376.54	-0.853643
1379.27	27.1371
1381.99	-0.872047
1384.72	17.1189
1387.44	7.11001
1390.16	13.1012
1392.88	3.09253
1395.6	1.08396
1398.31	19.0755
1401.03	5.0672
1403.75	11.059
1406.46	7.05093
1409.18	11.043
1411.89	11.0352
1414.6	1.02747
1417.31	21.0199
1420.02	5.01248
1422.73	9.00518
1425.44	10.998
1428.15	0.990984
1430.85	8.98409
1433.56	6.97733
1436.26	10.9707
1438.97	10.9642
1441.67	14.9579
1444.37	8.9517
1447.07	8.94566
1449.77	0.93975
1452.47	12.934
1455.16	0.928381
1457.86	4.92292
1460.56	4.91761
1463.25	10.9124
1465.94	6.90744
1468.64	4.90259
1471.33	4.89789
1474.02	12.8933
1476.71	6.88897
1479.4	22.8847
1482.09	-3.11932
1484.77	2.87677
1487.46	2.87304
1490.14	2.86946
1492.83	24.8661
1495.51	-3.13719
1498.19	18.8597
1500.87	14.8568
1503.55	16.8541
1506.23	8.85152
1508.91	16.8491
1511.59	4.84691
1514.27	10.8449
1516.94	4.843
1519.62	0.841314
1522.29	18.8398
1524.96	12.8385
1527.63	16.8373
1530.3	0.836356
1532.97	10.8356
1535.64	14.835
1538.31	12.8346
1540.98	18.8343
1543.64	8.8343
1546.31	10.8344
1548.97	8.83479
1551.63	10.8353
1554.3	6.83605
1556.96	12.837
1559.62	12.8381
1562.28	4.8394
1564.94	4.84091
1567.59	34.8426
1570.25	12.8445
1572.9	2.84664
1575.56	2.84895
1578.21	12.8515
1580.86	8.85418
1583.52	12.8571
1586.17	18.8602
1588.82	8.86358
1591.47	18.8671
1594.11	8.87089
1596.76	12.8749
1599.41	2.87904
1602.05	0.883436
1604.69	0.888047
1607.34	12.8929
1609.98	8.89792
1612.62	-5.09682
1615.26	10.9087
1617.9	4.91436
1620.54	-1.07971
1623.18	10.9264
1625.81	0.932798
1628.45	6.93939
1631.08	8.94621
1633.72	-1.04675
1636.35	16.9605
1638.98	26.968
1641.61	-3.02424
1644.24	-5.01628
1646.87	0.991917
1649.5	13.0003
1652.13	7.00901
1654.75	-0.982094
1657.38	9.02704
1660	7.03641
1662.63	13.046
1665.25	17.0559
1667.87	3.06597
1670.49	17.0763
1673.11	5.08687
1675.73	13.0977
1678.35	11.1088
1680.96	9.12007
1683.58	5.13162
1686.19	3.14343
1688.81	15.1555
1691.42	15.1678
1694.03	5.18034
1696.64	15.1931
1699.25	1.2062
1701.87	17.2195
1704.47	7.23309
1707.08	25.2469
1709.69	3.261
1712.29	21.2753
1714.9	21.2899
1717.5	9.3048
1720.1	11.3199
1722.71	-0.664691
1725.31	11.351
1727.91	25.3669
1730.51	11.383
1733.1	21.3995
1735.7	3.4162
1738.3	13.4332
1740.89	17.4504
1743.49	11.4679
1746.08	5.48573
1748.67	-4.49621
1751.26	19.5221
1753.86	11.5407
1756.45	11.5596
1759.03	13.5788
1761.62	11.5982
1764.21	-0.382083
1766.8	-0.362095
1769.38	11.6582
1771.97	3.67874
1774.55	9.69957
1777.13	17.7207
1779.71	19.7421
1782.29	11.7638
1784.87	17.7857
1787.45	17.808
1790.03	13.8305
1792.61	15.8534
1795.18	21.8765
1797.76	-8.10008
1800.33	9.92362
1802.9	17.9476
1805.48	25.9719
1808.05	7.99648
1810.62	24.0214
1813.19	12.0465
1815.76	18.072
1818.33	8.09777
1820.89	22.1238
1823.46	18.1502
1826.02	-1.82313
1828.59	2.20383
1831.15	14.2311
1833.71	30.2587
1836.27	14.2866
1838.84	8.31473
1841.39	0.343214
1843.95	0.372008
1846.51	-9.59889
1849.07	20.4305
1851.62	12.4602
1854.18	10.4903
1856.73	0.520587
1859.29	22.5512
1861.84	10.5822
1864.39	12.6135
1866.94	8.64508
1869.49	26.677
1872.04	-5.2908
1874.59	16.7417
1877.13	16.7746
1879.68	22.8078
1882.22	16.8413
1884.77	2.87508
1887.31	10.9092
1889.85	12.9437
1892.39	20.9784
1894.93	17.0135
1897.47	15.049
1900.01	13.0847
1902.55	7.12082
1905.09	11.1572
1907.62	7.19397
1910.16	21.231
1912.69	23.2684
1915.22	1.30614
1917.76	13.3442
1920.29	17.3826
1922.82	17.4213
1925.35	5.46037
1927.88	17.4998
1930.4	17.5395
1932.93	21.5795
1935.46	23.6199
1937.98	29.6607
1940.51	19.7017
1943.03	19.7432
1945.55	15.7849
1948.07	15.827
1950.59	13.8694
1953.11	23.9122
1955.63	19.9553
1958.15	17.9988
1960.67	2.0426
1963.18	12.0868
1965.7	16.1313
1968.21	18.1761
1970.73	26.2213
1973.24	6.26686
1975.75	10.3127
1978.26	22.359
1980.77	-1.59442
1983.28	22.4525
1985.79	14.4998
1988.29	0.547485
1990.8	34.5955
1993.31	16.6439
1995.81	14.6926
1998.31	12.7416
