100.093	15.3627
103.274	17.3528
106.457	31.3431
109.636	31.3337
112.817	19.3245
115.994	21.3155
119.172	9.30682
122.347	13.2984
125.521	3.29013
128.696	3.28214
131.868	-2.72561
135.039	15.2669
138.209	13.2596
141.379	3.25255
144.547	-4.75426
147.713	13.2392
150.879	7.2328
154.043	-4.77332
157.206	13.2208
160.368	3.21511
163.529	19.2097
166.689	11.2044
169.848	5.19943
173.006	17.1946
176.163	-0.809916
179.316	15.1857
182.471	37.1816
185.625	13.1777
188.777	13.174
191.927	23.1705
195.077	3.16724
198.224	11.1642
201.372	21.1613
204.52	21.1587
207.664	3.15624
210.809	9.15401
213.95	7.15198
217.091	11.1502
220.233	-8.85147
223.372	17.1471
226.509	27.1459
229.648	7.14486
232.784	9.14403
235.918	5.1434
239.051	7.14296
242.186	1.14272
245.317	19.1427
248.447	19.1428
251.577	9.14313
254.705	7.14364
257.832	31.1443
260.958	11.1452
264.083	15.1463
267.204	17.1476
270.327	-2.85099
273.449	17.1506
276.57	-0.847572
279.69	17.1544
282.806	3.15656
285.924	13.1589
289.04	7.16141
292.154	15.1641
295.268	17.1669
298.379	17.17
301.492	15.1732
304.601	11.1765
307.711	7.18008
310.818	-0.816221
313.924	17.1876
317.031	-0.808318
320.135	15.1959
323.238	15.2002
326.34	11.2048
329.443	11.2094
332.543	17.2143
335.642	17.2193
338.74	25.2244
341.836	19.2297
344.932	15.2352
348.027	13.2408
351.12	-4.75341
354.213	9.25251
357.302	9.25858
360.393	15.2648
363.482	23.2712
366.57	5.27768
369.656	11.2843
372.742	9.29114
375.827	-0.701918
378.91	5.30517
381.993	19.3124
385.073	17.3198
388.154	17.3273
391.232	5.33491
394.311	-0.657306
397.387	7.35061
400.462	7.35865
403.536	3.36684
406.611	3.37515
409.683	3.3836
412.754	13.3922
415.824	23.4009
418.893	9.4097
421.961	1.41866
425.027	5.42774
428.093	-0.563048
431.158	7.44628
434.222	-2.54426
437.284	11.4653
440.346	1.47501
443.407	13.4848
446.464	9.49475
449.523	17.5048
452.581	9.51496
455.635	-2.47477
458.691	1.53563
461.743	9.54613
464.797	-0.443252
467.847	13.5675
470.899	5.57831
473.947	5.58925
476.994	7.6003
480.043	-0.388538
483.088	13.6227
486.133	13.6341
489.176	3.64556
492.22	25.6571
495.262	11.6688
498.302	-4.31942
501.341	17.6924
504.38	7.70442
507.417	3.71649
510.453	13.7287
513.487	15.7409
516.521	7.75325
519.554	23.7657
522.586	13.7782
525.616	3.79086
528.646	19.8036
531.675	15.8164
534.701	13.8293
537.729	19.8423
540.753	15.8553
543.778	-10.1315
546.8	5.8817
549.821	1.89502
552.844	9.90842
555.863	1.9219
558.881	5.93545
561.898	-0.0509093
564.916	5.96281
567.932	7.9766
570.946	11.9905
573.959	28.0044
576.971	-3.98157
579.982	18.0325
582.993	4.04668
586	-1.93909
589.008	14.0752
592.015	8.08959
595.022	2.10403
598.025	12.1185
601.029	10.1331
604.032	8.64774
607.033	7.16244
610.034	5.67721
613.032	4.19203
616.032	2.70693
619.028	1.22187
622.023	-0.263124
625.018	-1.74806
628.013	14.2671
631.005	6.28225
633.997	12.2975
636.987	18.3128
639.977	8.32812
642.965	-1.65649
645.952	8.35896
648.939	-7.62554
651.924	0.390012
654.909	14.4056
657.892	6.42126
660.873	4.43695
663.854	6.45269
666.835	12.4685
669.813	4.4843
672.791	2.50018
675.767	4.51609
678.743	8.53205
681.717	-3.45195
684.692	10.5641
687.664	6.58016
690.634	6.59628
693.606	16.6124
696.575	2.62862
699.543	-1.35516
702.51	16.6611
705.475	6.67739
708.44	-1.30628
711.404	14.7101
714.367	6.72646
717.329	2.74288
720.29	22.7593
723.25	10.7758
726.207	6.79229
729.166	16.8088
732.123	10.8254
735.077	6.84195
738.032	10.8586
740.984	18.8752
743.938	18.8918
746.888	2.90849
749.839	10.9252
752.788	12.9419
755.735	8.95861
758.682	16.9754
761.627	12.9921
764.574	23.0089
767.517	23.0257
770.46	3.04249
773.402	3.05931
776.342	9.07615
779.282	-4.90701
782.219	7.10984
785.157	21.1267
788.094	23.1436
791.029	15.1605
793.962	13.1773
796.896	25.1942
799.828	3.21114
802.76	11.2281
805.689	7.24495
808.619	17.2619
811.546	17.2788
814.473	21.2957
817.4	13.3126
820.324	25.3295
823.248	21.3465
826.17	13.3634
829.092	3.38029
832.012	-0.602804
834.932	11.4141
837.851	11.431
840.768	-2.5521
843.685	13.4648
846.599	11.4817
849.514	-4.50146
852.428	25.5154
855.339	9.53225
858.251	9.5491
861.16	19.5659
864.07	11.5828
866.978	15.5996
869.884	7.61634
872.792	9.63313
875.696	9.64989
878.599	9.66663
881.502	7.68336
884.404	9.70007
887.304	17.7168
890.204	17.7334
893.103	19.7501
896.001	3.76673
898.898	23.7833
901.794	13.7999
904.689	9.8165
907.581	11.833
910.474	-4.15045
913.364	15.866
916.256	15.8825
919.144	-4.10106
922.034	21.9154
924.92	13.9317
927.808	7.94809
930.693	-0.0355933
933.576	5.98069
936.459	7.99695
939.341	0.0131768
942.222	14.0294
945.102	20.0455
947.981	22.0617
950.859	10.0777
953.737	6.0938
956.613	18.1098
959.488	2.1258
962.361	14.1417
965.235	4.15763
968.105	16.1735
970.977	-3.81069
973.846	6.20509
976.716	6.22083
979.583	-3.76348
982.449	2.25217
985.316	10.2678
988.18	12.2833
991.043	10.2989
993.906	0.314321
996.767	6.32974
999.628	8.34512
1002.49	14.3604
1005.35	-1.62428
1008.2	16.3909
1011.06	24.4061
1013.91	30.4212
1016.77	6.43631
1019.62	6.45133
1022.48	8.46629
1025.33	6.4812
1028.18	6.49606
1031.03	-3.48914
1033.87	14.5256
1036.72	14.5403
1039.57	10.5549
1042.41	14.5695
1045.26	16.584
1048.1	2.59844
1050.94	2.61283
1053.78	20.6272
1056.62	16.6414
1059.46	14.6556
1062.3	2.66977
1065.14	2.68384
1067.97	-1.30214
1070.81	14.7118
1073.64	2.72568
1076.47	10.7395
1079.31	8.75324
1082.14	-1.23309
1084.97	4.78053
1087.8	10.7941
1090.63	20.8075
1093.45	14.8209
1096.28	-7.16575
1099.1	12.8475
1101.93	18.8607
1104.75	8.8738
1107.57	-9.11317
1110.39	20.8998
1113.21	2.91267
1116.03	2.92548
1118.85	6.93822
1121.66	14.9509
1124.48	10.9634
1127.3	0.975935
1130.11	12.9884
1132.92	13.0007
1135.73	3.01294
1138.54	7.02512
1141.35	17.0372
1144.16	27.0492
1146.97	21.0612
1149.78	7.073
1152.58	11.0847
1155.39	-8.90358
1158.19	9.10801
1161	5.11951
1163.8	11.1309
1166.6	15.1423
1169.4	1.15349
1172.2	3.16464
1174.99	-0.824299
1177.79	5.18667
1180.59	13.1975
1183.38	9.20833
1186.17	11.219
1188.97	33.2296
1191.76	7.24014
1194.55	3.25055
1197.34	5.26087
1200.13	13.2711
1202.92	5.28123
1205.7	15.2913
1208.49	23.3012
1211.27	3.31103
1214.06	1.32077
1216.84	25.3304
1219.62	-2.66005
1222.4	-6.6506
1225.18	7.35874
1227.96	15.368
1230.74	-8.62288
1233.51	17.3862
1236.29	-0.604916
1239.06	7.40391
1241.84	11.4126
1244.61	17.4213
1247.38	5.42977
1250.15	5.43818
1252.92	7.44648
1255.69	9.45468
1258.46	5.46276
1261.23	25.4707
1263.99	7.47861
1266.76	13.4864
1269.52	1.49403
1272.28	11.5016
1275.05	-0.491002
1277.81	5.51631
1280.57	19.5235
1283.33	3.53061
1286.08	23.5376
1288.84	-4.45555
1291.6	1.55121
1294.35	-2.44216
1297.11	9.56436
1299.86	1.57076
1302.61	-0.422951
1305.36	13.5832
1308.11	21.5893
1310.86	13.5952
1313.61	3.60101
1316.36	-0.393293
1319.1	3.61228
1321.85	-2.38227
1324.59	13.6231
1327.33	27.6283
1330.08	1.63336
1332.82	13.6383
1335.56	7.64316
1338.3	23.6479
1341.04	5.65247
1343.77	13.6569
1346.51	-0.338721
1349.25	15.6655
1351.98	15.6696
1354.71	-6.32645
1357.45	15.6774
1360.18	13.6811
1362.91	-2.31534
1365.64	11.6881
1368.37	13.6914
1371.09	3.69461
1373.82	11.6977
1376.54	15.7006
1379.27	7.70338
1381.99	7.70604
1384.72	3.70857
1387.44	7.71096
1390.16	9.71322
1392.88	15.7153
1395.6	17.7173
1398.31	9.71919
1401.03	5.72091
1403.75	13.7225
1406.46	-2.27607
1409.18	3.72524
1411.89	-0.273595
1414.6	9.72743
1417.31	3.72832
1420.02	9.72907
1422.73	-0.270317
1425.44	15.7302
1428.15	9.73048
1430.85	13.7307
1433.56	1.73071
1436.26	7.73061
1438.97	11.7304
1441.67	15.73
1444.37	7.72946
1447.07	-0.271218
1449.77	7.72796
1452.47	5.727
1455.16	15.7259
1457.86	13.7246
1460.56	5.72322
1463.25	35.7217
1465.94	1.71997
1468.64	11.7181
1471.33	5.71612
1474.02	1.71397
1476.71	9.71168
1479.4	5.70923
1482.09	1.70663
1484.77	31.7039
1487.46	13.701
1490.14	23.6979
1492.83	15.6947
1495.51	7.69135
1498.19	17.6878
1500.87	7.68417
1503.55	13.6803
1506.23	17.6764
1508.91	-0.327769
1511.59	-2.33206
1514.27	17.6635
1516.94	5.65889
1519.62	13.6541
1522.29	9.64921
1524.96	13.6441
1527.63	9.63889
1530.3	17.6335
1532.97	3.62794
1535.64	21.6222
1538.31	5.61634
1540.98	-2.38969
1543.64	-0.395893
1546.31	15.5977
1548.97	13.5912
1551.63	7.58454
1554.3	11.5777
1556.96	3.57067
1559.62	5.56349
1562.28	3.55615
1564.94	15.5486
1567.59	3.54097
1570.25	5.53313
1572.9	33.5251
1575.56	9.51695
1578.21	-0.491388
1580.86	21.5001
1583.52	5.49142
1586.17	25.4826
1588.82	7.47357
1591.47	11.4644
1594.11	-0.544966
1596.76	3.44551
1599.41	3.43582
1602.05	7.42596
1604.69	-0.584081
1607.34	-2.59429
1609.98	13.3953
1612.62	25.3848
1615.26	7.37404
1617.9	5.36315
1620.54	1.35207
1623.18	13.3408
1625.81	7.3294
1628.45	21.3178
1631.08	7.30603
1633.72	3.29408
1636.35	9.28195
1638.98	15.2697
1641.61	9.25717
1644.24	1.24451
1646.87	1.23167
1649.5	17.2187
1652.13	9.20546
1654.75	-6.80791
1657.38	9.17854
1660	13.1648
1662.63	11.1509
1665.25	7.13679
1667.87	19.1225
1670.49	13.1081
1673.11	-10.9066
1675.73	7.07859
1678.35	15.0636
1680.96	11.0484
1683.58	-0.966967
1686.19	17.0175
1688.81	-0.998271
1691.42	12.9858
1694.03	18.9697
1696.64	8.9534
1699.25	12.9369
1701.87	4.92024
1704.47	18.9034
1707.08	10.8864
1709.69	10.8691
1712.29	2.8517
1714.9	-3.1659
1717.5	4.81631
1720.1	12.7983
1722.71	0.780146
1725.31	8.76179
1727.91	12.7432
1730.51	18.7245
1733.1	0.705565
1735.7	16.6864
1738.3	10.6671
1740.89	-5.35239
1743.49	4.62791
1746.08	14.608
1748.67	10.5879
1751.26	8.56766
1753.86	6.54718
1756.45	6.52651
1759.03	8.50566
1761.62	18.4846
1764.21	-3.53665
1766.8	8.44191
1769.38	-1.57973
1771.97	16.3984
1774.55	14.3764
1777.13	2.35415
1779.71	18.3317
1782.29	8.3091
1784.87	2.28628
1787.45	12.2632
1790.03	12.24
1792.61	8.21661
1795.18	18.193
1797.76	14.1692
1800.33	14.1452
1802.9	22.1209
1805.48	24.0965
1808.05	8.0719
1810.62	14.0471
1813.19	10.022
1815.76	-0.00318065
1818.33	7.97139
1820.89	9.94575
1823.46	11.9199
1826.02	5.89388
1828.59	15.8676
1831.15	11.8412
1833.71	15.8145
1836.27	5.78769
1838.84	7.76063
1841.39	11.7334
1843.95	3.7059
1846.51	17.6782
1849.07	9.65036
1851.62	11.6223
1854.18	-0.406042
1856.73	15.5655
1859.29	-6.46326
1861.84	5.50783
1864.39	-0.521287
1866.94	5.44936
1869.49	5.41982
1872.04	9.39007
1874.59	-8.63989
1877.13	7.32993
1879.68	19.2996
1882.22	9.26897
1884.77	5.23816
1887.31	9.20716
1889.85	13.1759
1892.39	15.1445
1894.93	3.11285
1897.47	7.08098
1900.01	5.04891
1902.55	3.01662
1905.09	16.9841
1907.62	18.9514
1910.16	6.9185
1912.69	-7.11464
1915.22	16.852
1917.76	20.8184
1920.29	14.7846
1922.82	12.7507
1925.35	16.7164
1927.88	8.682
1930.4	10.6474
1932.93	10.6125
1935.46	10.5774
1937.98	12.5421
1940.51	6.50661
1943.03	-3.52913
1945.55	4.43494
1948.07	2.39876
1950.59	10.3624
1953.11	24.3258
1955.63	10.289
1958.15	-1.74807
1960.67	8.21467
1963.18	8.17719
1965.7	6.13949
1968.21	2.10157
1970.73	6.06343
1973.24	10.0251
1975.75	19.9865
1978.26	5.94768
1980.77	5.90867
1983.28	7.8694
1985.79	-2.17006
1988.29	9.79025
1990.8	-0.249683
1993.31	9.71018
1995.81	-4.33018
1998.31	5.62926
