100.093	25.9249
103.274	37.9631
106.457	12.001
109.636	22.0386
112.817	16.076
115.994	4.11321
119.172	-5.84984
122.347	4.18684
125.521	8.22329
128.696	-3.74048
131.868	22.2955
135.039	2.33122
138.209	14.3667
141.379	10.402
144.547	10.437
147.713	12.4718
150.879	24.5064
154.043	12.5407
157.206	6.57482
160.368	28.6087
163.529	4.64233
166.689	6.67573
169.848	22.7089
173.006	-1.25814
176.163	6.77458
179.316	6.80705
182.471	2.83932
185.625	0.871355
188.777	10.9032
191.927	22.9347
195.077	0.966102
198.224	6.99722
201.372	3.02814
204.52	7.05884
207.664	5.08929
210.809	19.1195
213.95	9.14956
217.091	19.1793
220.233	9.20894
223.372	21.2383
226.509	-0.732571
229.648	23.2964
232.784	5.32507
235.918	-2.64645
239.051	-4.61818
242.186	9.4099
245.317	27.4377
248.447	21.4654
251.577	7.49278
254.705	-2.48002
257.832	19.547
260.958	23.5737
264.083	15.6003
267.204	11.6266
270.327	9.65279
273.449	13.6787
276.57	7.70446
279.69	15.73
282.806	11.7553
285.924	21.7804
289.04	-2.19472
292.154	7.82996
295.268	13.8545
298.379	17.8787
301.492	9.90281
304.601	27.9267
307.711	-4.04965
310.818	11.9738
313.924	7.99706
317.031	-9.97987
320.135	18.043
323.238	12.0656
326.34	6.0881
329.443	8.11038
332.543	24.1324
335.642	2.1543
338.74	12.176
341.836	8.19744
344.932	4.21872
348.027	6.2398
351.12	10.2607
354.213	-3.71862
357.302	16.3019
360.393	6.32217
363.482	-5.65772
366.57	14.3622
369.656	-3.61808
372.742	24.4015
375.827	20.4208
378.91	8.43996
381.993	20.4589
385.073	2.47771
388.154	8.4963
391.232	16.5147
394.311	8.53292
397.387	8.55095
400.462	18.5688
403.536	20.5864
406.611	26.6039
409.683	8.62121
412.754	8.63831
415.824	26.6552
418.893	6.67197
421.961	-7.31147
425.027	22.7049
428.093	16.7211
431.158	6.73711
434.222	8.75295
437.284	22.7686
440.346	4.78409
443.407	6.79939
446.464	28.8145
449.523	4.82945
452.581	0.844222
455.635	2.85881
458.691	28.8732
461.743	2.88747
464.797	-11.0985
467.847	6.91543
470.899	8.92915
473.947	0.942696
476.994	6.95607
480.043	10.9693
483.088	2.98231
486.133	14.9952
489.176	17.0079
492.22	5.02039
495.262	7.03274
498.302	21.0449
501.341	-0.943056
504.38	1.06879
507.417	17.0805
510.453	21.092
513.487	15.1033
516.521	-4.88547
519.554	21.1255
522.586	3.13641
525.616	23.1471
528.646	13.1576
531.675	15.168
534.701	21.1782
537.729	15.1882
540.753	9.19812
543.778	-2.79215
546.8	23.2174
549.821	-2.77319
552.844	1.23605
555.863	5.24514
558.881	3.25406
561.898	1.26283
564.916	29.2714
567.932	-6.7201
570.946	1.2882
573.959	15.2963
576.971	31.3043
579.982	-0.687836
582.993	15.3198
586	-4.67263
589.008	9.33474
592.015	13.342
595.022	-4.65096
598.025	-2.64405
601.029	9.36272
604.032	17.3693
607.033	15.3758
610.034	3.38212
613.032	5.38829
616.032	9.39431
619.028	17.4002
622.023	19.4059
625.018	11.4115
628.013	21.4169
631.005	9.4222
633.997	13.4273
636.987	5.43233
639.977	-2.56282
642.965	11.4419
645.952	-4.55355
648.939	11.4509
651.924	13.4551
654.909	13.4593
657.892	3.46327
660.873	17.4671
663.854	15.4708
666.835	13.4744
669.813	3.47783
672.791	7.48113
675.767	7.48428
678.743	-8.5127
681.717	-0.509828
684.692	5.49291
687.664	21.4955
690.634	15.498
693.606	3.50031
696.575	13.5025
699.543	19.5046
702.51	17.5065
705.475	23.5083
708.44	15.5099
711.404	-6.48853
714.367	19.5129
717.329	21.5141
720.29	11.5153
723.25	13.5163
726.207	17.5171
729.166	25.5179
732.123	3.51846
735.077	1.51894
738.032	25.5193
740.984	9.51951
743.938	1.5196
746.888	5.51957
749.839	15.5194
752.788	9.51912
755.735	7.5187
758.682	17.5182
761.627	11.5175
764.574	9.51671
767.517	17.5158
770.46	-2.48524
773.402	25.5136
776.342	5.51231
779.282	13.5109
782.219	5.50937
785.157	17.5077
788.094	1.50595
791.029	9.50406
793.962	5.50205
796.896	3.49991
799.828	21.4977
802.76	19.4953
805.689	25.4928
808.619	13.4902
811.546	33.4875
814.473	5.48463
817.4	-2.51833
820.324	25.4786
823.248	21.4754
826.17	13.4721
829.092	13.4687
832.012	3.46514
834.932	13.4615
837.851	31.4577
840.768	27.4538
843.685	7.44985
846.599	9.44575
849.514	17.4415
852.428	5.43721
855.339	17.4328
858.251	13.4282
861.16	15.4236
864.07	15.4188
866.978	9.41393
869.884	25.4089
872.792	9.40385
875.696	17.3986
878.599	-4.60666
881.502	7.38792
884.404	17.3824
887.304	19.3768
890.204	21.371
893.103	21.3652
896.001	13.3592
898.898	15.3532
901.794	27.347
904.689	9.34077
907.581	-4.66559
910.474	17.3279
913.364	23.3214
916.256	7.3147
919.144	23.3079
922.034	15.3011
924.92	7.29408
927.808	11.287
930.693	9.27983
933.576	7.27255
936.459	11.2652
939.341	21.2577
942.222	13.2501
945.102	21.2425
947.981	9.23469
950.859	13.2268
953.737	1.21886
956.613	-4.7892
959.488	21.2026
962.361	13.1944
965.235	19.186
968.105	27.1776
970.977	-4.83093
973.846	25.1604
976.716	-2.84828
979.583	29.1429
982.449	9.134
985.316	9.12499
988.18	23.1159
991.043	7.10671
993.906	23.0974
996.767	31.0881
999.628	13.0786
1002.49	17.0691
1005.35	19.0594
1008.2	1.04969
1011.06	21.0399
1013.91	11.03
1016.77	19.02
1019.62	11.0099
1022.48	12.9997
1025.33	16.9895
1028.18	14.9791
1031.03	8.96869
1033.87	2.95818
1036.72	18.9476
1039.57	-1.06311
1042.41	4.92612
1045.26	16.9153
1048.1	4.90433
1050.94	-5.1067
1053.78	12.8822
1056.62	20.871
1059.46	26.8597
1062.3	6.84838
1065.14	24.837
1067.97	18.8254
1070.81	10.8138
1073.64	16.8022
1076.47	10.7904
1079.31	22.7786
1082.14	26.7666
1084.97	16.7546
1087.8	20.7426
1090.63	10.7304
1093.45	4.71819
1096.28	12.7059
1099.1	14.6935
1101.93	0.68103
1104.75	30.6685
1107.57	8.65587
1110.39	0.643178
1113.21	18.6304
1116.03	8.61757
1118.85	4.60465
1121.66	20.5917
1124.48	0.578597
1127.3	12.5655
1130.11	12.5522
1132.92	22.539
1135.73	12.5256
1138.54	20.5122
1141.35	6.49868
1144.16	4.4851
1146.97	8.47145
1149.78	24.4577
1152.58	-5.55604
1155.39	16.4301
1158.19	16.4162
1161	18.4022
1163.8	2.38813
1166.6	6.37399
1169.4	6.35979
1172.2	14.3455
1174.99	22.3312
1177.79	-3.68322
1180.59	10.3023
1183.38	6.28778
1186.17	18.2732
1188.97	12.2585
1191.76	14.2438
1194.55	-3.77102
1197.34	10.2141
1200.13	12.1992
1202.92	6.18419
1205.7	16.1691
1208.49	2.15402
1211.27	0.138835
1214.06	24.1236
1216.84	16.1083
1219.62	24.0929
1222.4	6.07748
1225.18	0.0619943
1227.96	-7.95356
1230.74	6.03082
1233.51	2.01515
1236.29	1.99942
1239.06	11.9836
1241.84	15.9678
1244.61	7.95185
1247.38	7.93588
1250.15	7.91986
1252.92	1.90377
1255.69	5.88762
1258.46	3.87142
1261.23	3.85516
1263.99	27.8389
1266.76	9.82247
1269.52	-4.19395
1272.28	13.7896
1275.05	-4.22698
1277.81	11.7564
1280.57	21.7398
1283.33	5.72307
1286.08	13.7063
1288.84	7.6895
1291.6	13.6726
1294.35	11.6557
1297.11	3.63875
1299.86	7.62172
1302.61	-0.39536
1305.36	15.5875
1308.11	19.5703
1310.86	7.55311
1313.61	9.53583
1316.36	21.5185
1319.1	9.50111
1321.85	5.48368
1324.59	19.4662
1327.33	17.4487
1330.08	5.43109
1332.82	23.4135
1335.56	17.3958
1338.3	3.37805
1341.04	15.3603
1343.77	3.34246
1346.51	5.3246
1349.25	29.3067
1351.98	11.2887
1354.71	-4.72929
1357.45	11.2527
1360.18	11.2346
1362.91	-0.783582
1365.64	-2.80177
1368.37	-0.82
1371.09	-0.838277
1373.82	3.1434
1376.54	3.12505
1379.27	-6.89336
1381.99	15.0882
1384.72	17.0697
1387.44	25.0512
1390.16	1.03257
1392.88	19.014
1395.6	10.9953
1398.31	16.9766
1401.03	18.9578
1403.75	22.9391
1406.46	24.9202
1409.18	20.9014
1411.89	2.88245
1414.6	-1.13649
1417.31	4.84453
1420.02	18.8255
1422.73	-1.19356
1425.44	-3.21266
1428.15	8.76821
1430.85	22.749
1433.56	18.7298
1436.26	30.7106
1438.97	14.6913
1441.67	4.67196
1444.37	14.6526
1447.07	-5.3668
1449.77	16.6138
1452.47	16.5943
1455.16	-11.4252
1457.86	10.5553
1460.56	2.53569
1463.25	30.5161
1465.94	-5.50355
1468.64	4.47677
1471.33	10.4571
1474.02	6.43732
1476.71	12.4176
1479.4	8.39774
1482.09	14.3779
1484.77	2.35803
1487.46	20.3381
1490.14	6.3182
1492.83	14.2982
1495.51	16.2782
1498.19	8.25821
1500.87	6.23817
1503.55	2.21808
1506.23	0.197956
1508.91	24.1778
1511.59	8.15764
1514.27	-5.86256
1516.94	12.1172
1519.62	8.09694
1522.29	4.07665
1524.96	0.0563405
1527.63	6.036
1530.3	26.0156
1532.97	15.9952
1535.64	15.9748
1538.31	15.9543
1540.98	9.93388
1543.64	21.9134
1546.31	-4.10715
1548.97	-6.12771
1551.63	9.85171
1554.3	5.8311
1556.96	9.81047
1559.62	15.7898
1562.28	15.7691
1564.94	9.74845
1567.59	7.72772
1570.25	13.707
1572.9	3.6862
1575.56	7.6654
1578.21	11.6446
1580.86	11.6238
1583.52	15.6029
1586.17	13.582
1588.82	-6.4389
1591.47	-0.45982
1594.11	15.5192
1596.76	21.4983
1599.41	17.4773
1602.05	13.4563
1604.69	7.43526
1607.34	15.4142
1609.98	7.39314
1612.62	13.3721
1615.26	9.35095
1617.9	5.32983
1620.54	9.30869
1623.18	7.28754
1625.81	15.2664
1628.45	-0.754838
1631.08	-0.776045
1633.72	7.20273
1636.35	11.1815
1638.98	1.16022
1641.61	5.13895
1644.24	-2.88235
1646.87	13.0963
1649.5	13.075
1652.13	-6.94632
1654.75	-8.96768
1657.38	5.01095
1660	6.98956
1662.63	6.96817
1665.25	10.9467
1667.87	10.9253
1670.49	14.9039
1673.11	8.88243
1675.73	18.861
1678.35	8.83948
1680.96	10.818
1683.58	8.79649
1686.19	14.775
1688.81	12.7534
1691.42	18.7319
1694.03	-9.28966
1696.64	6.68878
1699.25	8.66722
1701.87	6.64562
1704.47	0.624026
1707.08	6.60242
1709.69	10.5808
1712.29	20.5592
1714.9	16.5375
1717.5	10.5159
1720.1	8.49426
1722.71	22.4726
1725.31	6.45093
1727.91	12.4292
1730.51	2.40756
1733.1	14.3859
1735.7	0.364156
1738.3	4.34245
1740.89	6.32073
1743.49	-3.70099
1746.08	10.2773
1748.67	8.25554
1751.26	20.2338
1753.86	16.2121
1756.45	10.1903
1759.03	20.1685
1761.62	-11.8532
1764.21	14.125
1766.8	10.1032
1769.38	2.08146
1771.97	22.0597
1774.55	22.0379
1777.13	-5.98392
1779.71	7.99428
1782.29	-8.0275
1784.87	11.9507
1787.45	15.9289
1790.03	11.9071
1792.61	-8.11474
1795.18	15.8635
1797.76	19.8416
1800.33	9.81981
1802.9	15.798
1805.48	9.77618
1808.05	5.75436
1810.62	19.7325
1813.19	5.71071
1815.76	11.6889
1818.33	5.66705
1820.89	3.64522
1823.46	17.6234
1826.02	5.60157
1828.59	9.57975
1831.15	19.5579
1833.71	7.5361
1836.27	-0.485724
1838.84	15.4925
1841.39	23.4706
1843.95	7.44882
1846.51	21.427
1849.07	5.4052
1851.62	9.38338
1854.18	23.3616
1856.73	5.33977
1859.29	11.318
1861.84	17.2962
1864.39	15.2744
1866.94	5.25257
1869.49	11.2308
1872.04	1.209
1874.59	3.18722
1877.13	9.16544
1879.68	19.1437
1882.22	15.1219
1884.77	13.1001
1887.31	25.0784
1889.85	1.05664
1892.39	7.0349
1894.93	-6.98684
1897.47	14.9914
1900.01	8.9697
1902.55	16.948
1905.09	14.9263
1907.62	2.90455
1910.16	10.8829
1912.69	10.8612
1915.22	6.83948
1917.76	-1.18219
1920.29	8.79614
1922.82	10.7745
1925.35	12.7528
1927.88	22.7312
1930.4	20.7095
1932.93	6.68792
1935.46	16.6663
1937.98	-3.3553
1940.51	6.6231
1943.03	10.6015
1945.55	16.5799
1948.07	18.5584
1950.59	8.53681
1953.11	12.5153
1955.63	18.4937
1958.15	12.4722
1960.67	18.4507
1963.18	6.42918
1965.7	14.4077
1968.21	2.38621
1970.73	26.3647
1973.24	2.34327
1975.75	14.3218
1978.26	8.3004
1980.77	20.279
1983.28	0.257572
1985.79	8.23618
1988.29	16.2148
1990.8	0.193426
1993.31	-5.82793
1995.81	8.15073
1998.31	0.129419
