100.093	15.4023
103.274	19.4654
106.457	-4.47203
109.636	7.58988
112.817	3.65125
115.994	1.712
119.172	15.7722
122.347	3.83182
125.521	5.89084
128.696	7.94934
131.868	6.00722
135.039	6.06454
138.209	-3.8787
141.379	14.1775
144.547	4.23316
147.713	4.28823
150.879	-9.65726
154.043	18.3967
157.206	12.4501
160.368	2.50297
163.529	2.55529
166.689	20.607
169.848	6.65827
173.006	-11.2911
176.163	10.7591
179.316	8.80865
182.471	6.85772
185.625	12.9063
188.777	2.95425
191.927	11.0017
195.077	19.0486
198.224	5.09501
201.372	1.1409
204.52	-2.81373
207.664	15.2311
210.809	13.2754
213.95	9.31921
217.091	-8.63752
220.233	5.40527
223.372	11.4475
226.509	11.4893
229.648	9.53053
232.784	9.57126
235.918	11.6115
239.051	11.6512
242.186	9.69049
245.317	5.72923
248.447	3.76747
251.577	5.80523
254.705	7.84249
257.832	7.87927
260.958	13.9156
264.083	1.95136
267.204	-6.01334
270.327	-3.9785
273.449	-1.94413
276.57	2.08976
279.69	4.12317
282.806	12.1561
285.924	30.1886
289.04	20.2206
292.154	12.2521
295.268	14.2831
298.379	26.3137
301.492	0.343874
304.601	12.3735
307.711	6.40277
310.818	-1.56848
313.924	26.4598
317.031	20.4877
320.135	0.515089
323.238	30.542
326.34	20.5685
329.443	10.5946
332.543	6.62024
335.642	8.64542
338.74	12.6702
341.836	6.69447
344.932	2.71834
348.027	24.7418
351.12	14.7648
354.213	2.78735
357.302	-3.19051
360.393	10.8312
363.482	-3.14749
366.57	10.8734
369.656	0.893832
372.742	-1.08613
375.827	10.9335
378.91	10.9527
381.993	14.9715
385.073	4.98986
388.154	5.00783
391.232	1.02539
394.311	13.0425
397.387	9.05929
400.462	-6.92436
403.536	21.0916
406.611	1.10714
409.683	19.1223
412.754	3.13704
415.824	3.1514
418.893	3.16538
421.961	3.17896
425.027	9.19215
428.093	11.205
431.158	11.2174
434.222	9.22942
437.284	15.2411
440.346	5.25237
443.407	3.26327
446.464	17.2738
449.523	19.2839
452.581	9.29373
455.635	11.3031
458.691	19.3122
461.743	1.32085
464.797	-12.6708
467.847	3.33711
470.899	7.34469
473.947	15.3519
476.994	27.3588
480.043	5.36529
483.088	5.37145
486.133	17.3772
489.176	17.3827
492.22	7.3878
495.262	7.39255
498.302	11.397
501.341	9.40101
504.38	19.4047
507.417	15.4081
510.453	1.41115
513.487	15.4138
516.521	5.41621
519.554	21.4182
522.586	17.4199
525.616	13.4213
528.646	15.4223
531.675	15.423
534.701	13.4234
537.729	-6.57653
540.753	7.4232
543.778	17.4226
546.8	23.4217
549.821	-0.579517
552.844	-2.58106
555.863	3.41708
558.881	17.4149
561.898	7.41243
564.916	21.4096
567.932	9.40654
570.946	11.4031
573.959	1.39943
576.971	1.39541
579.982	9.3911
582.993	13.3865
586	15.3816
589.008	9.37636
592.015	11.3709
595.022	5.36505
598.025	-4.64104
601.029	-2.64742
604.032	1.34591
607.033	13.339
610.034	1.3317
613.032	9.32418
616.032	11.3164
619.028	11.3083
622.023	15.2999
625.018	9.29126
628.013	11.2823
631.005	-10.7269
633.997	15.2637
636.987	-10.7461
639.977	11.2439
642.965	3.23362
645.952	-0.776929
648.939	-0.787744
651.924	17.2012
654.909	13.1898
657.892	7.17823
660.873	11.1664
663.854	-2.84574
666.835	5.14188
669.813	5.12925
672.791	1.11637
675.767	11.1032
678.743	-0.91015
681.717	9.07622
684.692	25.0623
687.664	-4.95178
690.634	1.03385
693.606	3.01923
696.575	-0.99562
699.543	8.98929
702.51	6.97396
705.475	4.9584
708.44	8.94259
711.404	0.926559
714.367	8.91029
717.329	0.893792
720.29	10.8771
723.25	14.8601
726.207	-1.15707
729.166	14.8255
732.123	-3.19211
735.077	18.79
738.032	10.772
740.984	4.75369
743.938	14.7352
746.888	14.7165
749.839	10.6975
752.788	24.6784
755.735	14.659
758.682	16.6394
761.627	-13.3803
764.574	10.5997
767.517	6.57947
770.46	12.5591
773.402	30.5385
776.342	18.5177
779.282	2.49666
782.219	-3.52453
785.157	12.4541
788.094	8.43246
791.029	10.4107
793.962	12.3887
796.896	12.3665
799.828	18.3442
802.76	8.3216
805.689	22.2989
808.619	14.2759
811.546	20.2528
814.473	-3.77047
817.4	10.206
820.324	2.18238
823.248	12.1585
826.17	12.1345
829.092	34.1103
832.012	12.086
834.932	20.0614
837.851	32.0367
840.768	18.0118
843.685	13.9868
846.599	25.9616
849.514	13.9362
852.428	-0.089391
855.339	23.8849
858.251	31.859
861.16	13.833
864.07	11.8068
866.978	5.78041
869.884	9.75389
872.792	17.7272
875.696	19.7004
878.599	15.6734
881.502	1.64627
884.404	-0.38102
887.304	21.5915
890.204	13.564
893.103	15.5362
896.001	21.5083
898.898	15.4803
901.794	21.4522
904.689	27.4238
907.581	19.3954
910.474	11.3668
913.364	1.3381
916.256	25.3092
919.144	23.2802
922.034	13.2511
924.92	1.22185
927.808	9.19244
930.693	13.1629
933.576	15.1333
936.459	21.1035
939.341	-2.92641
942.222	9.04356
945.102	7.01341
947.981	22.9831
950.859	4.95273
953.737	4.9222
956.613	12.8916
959.488	0.860804
962.361	14.8299
965.235	10.799
968.105	0.767867
970.977	14.7366
973.846	8.70533
976.716	-5.32611
979.583	4.64235
982.449	2.61071
985.316	16.5789
988.18	14.5471
991.043	20.5151
993.906	32.4831
996.767	6.45089
999.628	24.4186
1002.49	-3.61374
1005.35	30.3538
1008.2	10.3212
1011.06	30.2886
1013.91	6.25583
1016.77	14.223
1019.62	20.1901
1022.48	4.15702
1025.33	10.1239
1028.18	14.0907
1031.03	14.0574
1033.87	12.0241
1036.72	11.9906
1039.57	5.95705
1042.41	29.9234
1045.26	23.8897
1048.1	3.85594
1050.94	-0.177922
1053.78	-0.211864
1056.62	31.7541
1059.46	19.72
1062.3	1.68585
1065.14	19.6516
1067.97	11.6173
1070.81	7.58294
1073.64	7.54848
1076.47	19.514
1079.31	17.4794
1082.14	13.4447
1084.97	9.41001
1087.8	19.3752
1090.63	19.3404
1093.45	3.3055
1096.28	13.2705
1099.1	19.2355
1101.93	13.2004
1104.75	1.16531
1107.57	9.13011
1110.39	-4.90514
1113.21	7.05959
1116.03	35.0242
1118.85	18.9888
1121.66	10.9534
1124.48	-5.08213
1127.3	8.88233
1130.11	4.84672
1132.92	12.8111
1135.73	10.7754
1138.54	16.7397
1141.35	14.7039
1144.16	6.6681
1146.97	2.63225
1149.78	10.5964
1152.58	20.5605
1155.39	22.5245
1158.19	10.4885
1161	20.4524
1163.8	-1.5836
1166.6	12.3803
1169.4	-1.65585
1172.2	10.308
1174.99	8.2718
1177.79	12.2356
1180.59	28.1994
1183.38	2.16309
1186.17	6.12678
1188.97	10.0905
1191.76	16.0541
1194.55	18.0178
1197.34	1.98138
1200.13	1.94497
1202.92	9.90855
1205.7	11.8721
1208.49	7.83567
1211.27	5.79919
1214.06	3.76272
1216.84	19.7262
1219.62	13.6897
1222.4	1.65317
1225.18	17.6167
1227.96	-0.419883
1230.74	-2.45645
1233.51	7.507
1236.29	23.4704
1239.06	3.43388
1241.84	21.3973
1244.61	11.3607
1247.38	15.3242
1250.15	19.2876
1252.92	11.251
1255.69	5.21443
1258.46	-8.82213
1261.23	15.1413
1263.99	9.10474
1266.76	17.0682
1269.52	5.03162
1272.28	6.99508
1275.05	18.9585
1277.81	-5.07801
1280.57	-5.11452
1283.33	-3.15103
1286.08	8.81247
1288.84	-5.22402
1291.6	16.7395
1294.35	12.7031
1297.11	30.6666
1299.86	4.6302
1302.61	2.59379
1305.36	16.5574
1308.11	18.521
1310.86	18.4847
1313.61	22.4484
1316.36	14.4121
1319.1	12.3758
1321.85	12.3396
1324.59	-7.69666
1327.33	8.26714
1330.08	18.231
1332.82	6.19482
1335.56	16.1587
1338.3	24.1226
1341.04	10.0866
1343.77	24.0506
1346.51	14.0146
1349.25	17.9786
1351.98	5.94272
1354.71	3.90682
1357.45	5.87098
1360.18	17.8352
1362.91	21.7994
1365.64	17.7637
1368.37	13.728
1371.09	9.69235
1373.82	11.6567
1376.54	-4.3788
1379.27	9.58568
1381.99	13.5502
1384.72	5.51478
1387.44	1.47942
1390.16	5.44408
1392.88	17.4088
1395.6	7.37357
1398.31	13.3384
1401.03	17.3033
1403.75	17.2682
1406.46	23.2332
1409.18	11.1982
1411.89	1.16329
1414.6	13.1284
1417.31	15.0937
1420.02	3.05892
1422.73	-10.9758
1425.44	12.9896
1428.15	2.95505
1430.85	4.92054
1433.56	18.8861
1436.26	12.8517
1438.97	14.8174
1441.67	6.78319
1444.37	-3.25099
1447.07	6.7149
1449.77	14.6809
1452.47	16.6469
1455.16	14.613
1457.86	-1.42087
1460.56	12.5454
1463.25	10.5117
1465.94	-3.52195
1468.64	18.4445
1471.33	12.411
1474.02	6.37762
1476.71	28.3443
1479.4	-11.689
1482.09	8.27788
1484.77	8.2448
1487.46	6.21179
1490.14	4.17886
1492.83	8.14601
1495.51	4.11324
1498.19	0.0805507
1500.87	10.048
1503.55	6.01544
1506.23	29.983
1508.91	5.95067
1511.59	9.9184
1514.27	3.88624
1516.94	11.8542
1519.62	15.8222
1522.29	11.7903
1524.96	-4.24155
1527.63	13.7267
1530.3	9.6951
1532.97	13.6636
1535.64	3.63212
1538.31	-2.39923
1540.98	5.56954
1543.64	5.53838
1546.31	-10.4927
1548.97	-8.52363
1551.63	5.44552
1554.3	9.41475
1556.96	13.3841
1559.62	15.3535
1562.28	9.32309
1564.94	5.29274
1567.59	9.26249
1570.25	19.2323
1572.9	13.2023
1575.56	9.17237
1578.21	5.14256
1580.86	5.11284
1583.52	25.0832
1586.17	15.0537
1588.82	29.0243
1591.47	12.9951
1594.11	14.9659
1596.76	20.9368
1599.41	24.9079
1602.05	10.8791
1604.69	-1.14965
1607.34	8.82175
1609.98	26.7933
1612.62	8.76489
1615.26	6.73664
1617.9	4.70852
1620.54	-7.3195
1623.18	22.6526
1625.81	16.6248
1628.45	6.59718
1631.08	12.5697
1633.72	18.5423
1636.35	20.515
1638.98	-3.51219
1641.61	6.46078
1644.24	16.4339
1646.87	6.40708
1649.5	14.3804
1652.13	-5.64609
1654.75	8.3275
1657.38	16.3012
1660	12.2751
1662.63	10.2491
1665.25	0.223198
1667.87	20.1975
1670.49	-1.82815
1673.11	16.1464
1675.73	8.12102
1678.35	22.0958
1680.96	6.07073
1683.58	0.0458076
1686.19	10.021
1688.81	-0.0036688
1691.42	13.9718
1694.03	15.9474
1696.64	25.9232
1699.25	1.89908
1701.87	11.8751
1704.47	11.8513
1707.08	7.82761
1709.69	13.8041
1712.29	1.78068
1714.9	17.7574
1717.5	1.73434
1720.1	-0.288624
1722.71	-2.31144
1725.31	13.6659
1727.91	23.6434
1730.51	3.62103
1733.1	11.5988
1735.7	13.5767
1738.3	1.55483
1740.89	5.53306
1743.49	3.51145
1746.08	11.49
1748.67	11.4687
1751.26	1.44755
1753.86	3.42655
1756.45	-16.5943
1759.03	23.385
1761.62	17.3645
1764.21	17.3441
1766.8	27.3239
1769.38	31.3039
1771.97	15.284
1774.55	5.26422
1777.13	7.24465
1779.71	23.2252
1782.29	-4.794
1784.87	1.18691
1787.45	19.168
1790.03	-8.85078
1792.61	7.13062
1795.18	7.1122
1797.76	9.09392
1800.33	29.0758
1802.9	7.0579
1805.48	5.04013
1808.05	9.02254
1810.62	7.00511
1813.19	-5.01215
1815.76	18.9708
1818.33	0.953839
1820.89	4.93709
1823.46	-3.07948
1826.02	26.9041
1828.59	12.8879
1831.15	18.8718
1833.71	-3.14405
1836.27	16.8403
1838.84	24.8247
1841.39	12.8094
1843.95	-3.2058
1846.51	22.7792
1849.07	20.7644
1851.62	18.7497
1854.18	2.73527
1856.73	14.721
1859.29	-3.29311
1861.84	12.693
1864.39	18.6792
1866.94	12.6657
1869.49	26.6523
1872.04	10.6391
1874.59	28.6261
1877.13	16.6133
1879.68	16.6006
1882.22	10.5882
1884.77	-7.42407
1887.31	34.5639
1889.85	2.55196
1892.39	12.5403
1894.93	20.5287
1897.47	18.5174
1900.01	16.5063
1902.55	10.4953
1905.09	20.4846
1907.62	14.474
1910.16	2.46366
1912.69	22.4535
1915.22	8.4435
1917.76	28.4337
1920.29	20.4241
1922.82	-3.58528
1925.35	34.4055
1927.88	4.3965
1930.4	10.3877
1932.93	8.37907
1935.46	16.3707
1937.98	4.36243
1940.51	30.3544
1943.03	8.34659
1945.55	14.339
1948.07	2.33155
1950.59	22.3243
1953.11	4.31731
1955.63	6.31049
1958.15	8.30388
1960.67	18.2975
1963.18	6.29126
1965.7	28.2853
1968.21	28.2795
1970.73	20.2739
1973.24	-1.73152
1975.75	14.2633
1978.26	10.2583
1980.77	2.25355
1983.28	6.24899
1985.79	6.24464
1988.29	12.2405
1990.8	14.2366
1993.31	20.2328
1995.81	-1.77067
1998.31	6.22603
