100.093	6.89782
103.274	18.9779
106.457	19.0577
109.636	7.13713
112.817	1.21628
115.994	9.29505
119.172	9.37354
122.347	-4.54834
125.521	-4.47055
128.696	11.607
131.868	21.6841
135.039	17.7609
138.209	15.8374
141.379	21.9137
144.547	9.98953
147.713	6.06507
150.879	6.14029
154.043	22.2152
157.206	0.289768
160.368	0.364031
163.529	10.438
166.689	16.5116
169.848	-1.41508
173.006	16.6579
176.163	0.730604
179.316	12.8029
182.471	12.875
185.625	6.94673
188.777	3.01816
191.927	13.0892
195.077	5.16005
198.224	13.2305
201.372	7.30069
204.52	3.37057
207.664	1.4401
210.809	13.5094
213.95	9.57828
217.091	7.64689
220.233	9.71524
223.372	1.78324
226.509	9.85093
229.648	5.91837
232.784	9.98545
235.918	14.0522
239.051	10.1187
242.186	8.18495
245.317	2.25083
248.447	18.3164
251.577	-1.61831
254.705	12.4467
257.832	14.5114
260.958	6.57575
264.083	8.63984
267.204	-7.2964
270.327	8.7671
273.449	8.8303
276.57	4.89321
279.69	8.95583
282.806	7.01811
285.924	5.08014
289.04	3.14188
292.154	3.20329
295.268	1.26444
298.379	3.32527
301.492	3.38585
304.601	23.4461
307.711	7.5061
310.818	13.5658
313.924	7.62516
317.031	41.6843
320.135	13.7431
323.238	7.80164
326.34	15.8599
329.443	1.91788
332.543	15.9756
335.642	24.0329
338.74	6.09006
341.836	16.1469
344.932	34.2034
348.027	-1.74029
351.12	18.3157
354.213	4.3714
357.302	0.426798
360.393	0.48195
363.482	10.5368
366.57	10.5914
369.656	18.6457
372.742	8.69975
375.827	10.7535
378.91	2.80698
381.993	6.86021
385.073	8.91312
388.154	6.96579
391.232	15.0182
394.311	21.0703
397.387	15.1221
400.462	13.1737
403.536	7.22496
406.611	19.276
409.683	15.3268
412.754	-4.62277
415.824	11.4274
418.893	11.4774
421.961	17.5271
425.027	-6.42352
428.093	9.62562
431.158	15.6745
434.222	3.72312
437.284	-2.22852
440.346	7.81957
443.407	19.8674
446.464	7.91493
449.523	3.96223
452.581	14.0093
455.635	0.0560261
458.691	14.1025
461.743	-7.85122
464.797	2.19479
467.847	0.240504
470.899	-9.71401
473.947	10.3312
476.994	14.3761
480.043	2.42086
483.088	6.4653
486.133	2.50948
489.176	10.5534
492.22	6.5971
495.262	18.6405
498.302	6.68369
501.341	2.7266
504.38	16.7693
507.417	14.8117
510.453	6.85384
513.487	-11.1043
516.521	4.93739
519.554	0.978804
522.586	1.01997
525.616	-4.93914
528.646	11.1015
531.675	9.14196
534.701	1.18211
537.729	5.22204
540.753	9.2617
543.778	5.30115
546.8	-6.65968
549.821	9.37925
552.844	7.41796
555.863	19.4564
558.881	21.4946
561.898	7.53257
564.916	7.57032
567.932	1.6078
570.946	17.645
573.959	7.68204
576.971	7.71881
579.982	7.75533
582.993	-2.20838
586	-0.17235
589.008	1.86347
592.015	3.89904
595.022	5.93439
598.025	3.96947
601.029	-11.9957
604.032	18.039
607.033	0.0733702
610.034	2.10754
613.032	4.14146
616.032	2.17517
619.028	-1.79137
622.023	4.24185
625.018	4.27485
628.013	16.3076
631.005	2.34017
633.997	6.37248
636.987	6.40456
639.977	-1.56359
642.965	12.468
645.952	8.49943
648.939	2.5306
651.924	22.5615
654.909	12.5923
657.892	0.622761
660.873	10.653
663.854	16.6831
666.835	-1.28712
669.813	4.74247
672.791	-1.22815
675.767	8.80098
678.743	8.82992
681.717	0.858617
684.692	12.8871
687.664	14.9154
690.634	2.94341
693.606	12.9712
696.575	20.9988
699.543	5.02623
702.51	1.05339
705.475	5.08034
708.44	7.10708
711.404	19.1336
714.367	15.1599
717.329	15.186
720.29	17.2119
723.25	23.2375
726.207	5.26295
729.166	13.2882
732.123	9.3132
735.077	11.338
738.032	17.3626
740.984	-0.61304
743.938	21.4111
746.888	25.4351
749.839	5.45884
752.788	7.48237
755.735	7.5057
758.682	9.52881
761.627	11.5517
764.574	1.57444
767.517	7.59693
770.46	7.61922
773.402	17.6413
776.342	-6.33682
779.282	-2.31515
782.219	15.7063
785.157	-0.272429
788.094	19.7486
791.029	29.7695
793.962	13.7901
796.896	-2.18941
799.828	7.83083
802.76	-4.14912
805.689	1.87072
808.619	15.8904
811.546	7.90981
814.473	9.92905
817.4	11.9481
820.324	19.9669
823.248	15.9856
826.17	18.004
829.092	10.0223
832.012	6.04034
834.932	8.0582
837.851	8.07587
840.768	20.0933
843.685	22.1106
846.599	20.1277
849.514	26.1446
852.428	8.16126
855.339	16.1777
858.251	10.1941
861.16	18.2102
864.07	24.2261
866.978	38.2418
869.884	22.2573
872.792	8.2727
875.696	6.28786
878.599	12.3028
881.502	4.3176
884.404	14.3322
887.304	0.346589
890.204	20.3608
893.103	8.37483
896.001	6.38867
898.898	18.4023
901.794	20.4158
904.689	10.4291
907.581	16.4422
910.474	22.4551
913.364	-5.53219
916.256	-1.51965
919.144	4.49271
922.034	20.5049
924.92	20.5169
927.808	16.5287
930.693	6.54033
933.576	12.5518
936.459	10.5631
939.341	12.5741
942.222	8.58505
945.102	2.59578
947.981	10.6063
950.859	6.61671
953.737	14.6269
956.613	16.6369
959.488	4.64676
962.361	12.6564
965.235	14.6659
968.105	14.6752
970.977	6.68436
973.846	20.6933
976.716	12.7021
979.583	4.71072
982.449	20.7192
985.316	12.7274
988.18	-5.26448
991.043	20.7434
993.906	22.7512
996.767	4.75876
999.628	18.7662
1002.49	-1.2266
1005.35	6.78046
1008.2	18.7874
1011.06	12.7941
1013.91	18.8006
1016.77	20.807
1019.62	10.8132
1022.48	18.8193
1025.33	10.8252
1028.18	10.8309
1031.03	6.83644
1033.87	8.84182
1036.72	14.847
1039.57	10.8521
1042.41	16.857
1045.26	10.8617
1048.1	6.86626
1050.94	14.8707
1053.78	10.8749
1056.62	10.879
1059.46	4.88287
1062.3	2.88662
1065.14	20.8902
1067.97	10.8936
1070.81	-1.10312
1073.64	0.899982
1076.47	4.90292
1079.31	4.9057
1082.14	6.90833
1084.97	4.91079
1087.8	-3.08691
1090.63	18.9152
1093.45	10.9172
1096.28	26.9191
1099.1	-7.07926
1101.93	4.92226
1104.75	6.92362
1107.57	10.9248
1110.39	10.9259
1113.21	10.9268
1116.03	2.92752
1118.85	10.9281
1121.66	10.9285
1124.48	6.92883
1127.3	14.929
1130.11	2.92894
1132.92	12.9288
1135.73	14.9284
1138.54	2.92796
1141.35	12.9273
1144.16	6.92655
1146.97	22.9256
1149.78	8.92454
1152.58	22.9233
1155.39	16.9219
1158.19	8.92041
1161	14.9187
1163.8	16.9169
1166.6	14.915
1169.4	16.9128
1172.2	-3.08943
1174.99	8.90816
1177.79	12.9056
1180.59	2.90291
1183.38	8.90007
1186.17	18.8971
1188.97	10.8939
1191.76	10.8907
1194.55	12.8872
1197.34	16.8837
1200.13	4.87997
1202.92	-3.12388
1205.7	2.87214
1208.49	0.868002
1211.27	4.86373
1214.06	10.8593
1216.84	8.85476
1219.62	12.8501
1222.4	14.8452
1225.18	8.84025
1227.96	-3.16486
1230.74	16.8299
1233.51	26.8245
1236.29	-1.18103
1239.06	2.8133
1241.84	2.8075
1244.61	10.8016
1247.38	2.79548
1250.15	6.78927
1252.92	2.78292
1255.69	2.77643
1258.46	8.76982
1261.23	10.7631
1263.99	8.75618
1266.76	26.7492
1269.52	6.742
1272.28	12.7347
1275.05	6.72729
1277.81	-1.28026
1280.57	-3.28795
1283.33	-9.29576
1286.08	8.69629
1288.84	-3.31179
1291.6	12.68
1294.35	8.67165
1297.11	2.66319
1299.86	24.6546
1302.61	14.6459
1305.36	14.637
1308.11	18.628
1310.86	-1.3811
1313.61	4.60966
1316.36	14.6003
1319.1	16.5908
1321.85	6.58117
1324.59	4.57142
1327.33	12.5615
1330.08	0.551541
1332.82	12.5414
1335.56	8.53116
1338.3	8.52078
1341.04	6.51029
1343.77	14.4997
1346.51	8.48892
1349.25	8.47804
1351.98	-1.53295
1354.71	12.4559
1357.45	10.4447
1360.18	16.4333
1362.91	8.42184
1365.64	10.4102
1368.37	6.39852
1371.09	2.38667
1373.82	10.3747
1376.54	8.36263
1379.27	16.3504
1381.99	10.3381
1384.72	16.3256
1387.44	30.3131
1390.16	8.30041
1392.88	4.28762
1395.6	20.2747
1398.31	6.26167
1401.03	-7.75148
1403.75	18.2353
1406.46	6.22187
1409.18	12.2084
1411.89	12.1948
1414.6	6.18104
1417.31	20.1672
1420.02	-3.84675
1422.73	10.1392
1425.44	8.12499
1428.15	14.1107
1430.85	18.0963
1433.56	14.0818
1436.26	10.0671
1438.97	4.05237
1441.67	8.03752
1444.37	4.02255
1447.07	4.00747
1449.77	15.9923
1452.47	9.97697
1455.16	-0.0384458
1457.86	3.94603
1460.56	5.93039
1463.25	-12.0854
1465.94	1.8988
1468.64	11.8828
1471.33	3.86678
1474.02	-6.14941
1476.71	9.83431
1479.4	17.8179
1482.09	3.80142
1484.77	15.7848
1487.46	9.76811
1490.14	11.7513
1492.83	5.73437
1495.51	13.7173
1498.19	3.7002
1500.87	9.68297
1503.55	-2.33437
1506.23	5.64818
1508.91	13.6306
1511.59	17.613
1514.27	5.59522
1516.94	7.57737
1519.62	15.5594
1522.29	9.54133
1524.96	-4.47683
1527.63	13.5049
1530.3	11.4865
1532.97	31.4681
1535.64	21.4495
1538.31	7.43081
1540.98	11.4121
1543.64	5.39317
1546.31	7.37421
1548.97	23.3551
1551.63	-4.66403
1554.3	-0.683305
1556.96	15.2973
1559.62	15.2779
1562.28	11.2583
1564.94	1.23866
1567.59	7.2189
1570.25	11.199
1572.9	1.1791
1575.56	9.15905
1578.21	7.13892
1580.86	11.1187
1583.52	3.09834
1586.17	7.07792
1588.82	9.05739
1591.47	1.03678
1594.11	-2.98392
1596.76	14.9953
1599.41	28.9744
1602.05	12.9534
1604.69	10.9323
1607.34	10.9111
1609.98	2.88986
1612.62	2.8685
1615.26	0.847047
1617.9	24.8255
1620.54	2.80387
1623.18	-1.21784
1625.81	8.76033
1628.45	12.7384
1631.08	-3.28356
1633.72	-1.30564
1636.35	10.6722
1638.98	10.6499
1641.61	14.6276
1644.24	12.6051
1646.87	16.5826
1649.5	20.56
1652.13	12.5373
1654.75	18.5145
1657.38	-1.50838
1660	6.46865
1662.63	6.44561
1665.25	4.42246
1667.87	22.3992
1670.49	4.37593
1673.11	12.3525
1675.73	18.3291
1678.35	8.30549
1680.96	8.28184
1683.58	18.2581
1686.19	12.2343
1688.81	2.2104
1691.42	8.18642
1694.03	14.1623
1696.64	12.1382
1699.25	6.11398
1701.87	10.0897
1704.47	12.0653
1707.08	6.04078
1709.69	12.0162
1712.29	9.99158
1714.9	7.96686
1717.5	17.9421
1720.1	13.9172
1722.71	1.89221
1725.31	-6.13282
1727.91	5.84205
1730.51	3.81686
1733.1	13.7916
1735.7	13.7662
1738.3	5.74078
1740.89	-4.28474
1743.49	17.6897
1746.08	-8.336
1748.67	-0.361751
1751.26	13.6124
1753.86	5.58653
1756.45	3.56055
1759.03	15.5345
1761.62	13.5084
1764.21	-8.51784
1766.8	3.45589
1769.38	17.4295
1771.97	-0.59691
1774.55	11.3766
1777.13	7.35
1779.71	15.3233
1782.29	5.29663
1784.87	-4.73017
1787.45	11.2429
1790.03	-0.783989
1792.61	7.18898
1795.18	7.16189
1797.76	3.13472
1800.33	11.1075
1802.9	5.08018
1805.48	17.0528
1808.05	9.02535
1810.62	26.9978
1813.19	20.9702
1815.76	-1.05744
1818.33	12.9148
1820.89	14.887
1823.46	10.8591
1826.02	14.8312
1828.59	-3.19682
1831.15	12.7751
1833.71	8.74694
1836.27	18.7187
1838.84	4.69044
1841.39	2.66208
1843.95	10.6337
1846.51	12.6052
1849.07	4.57662
1851.62	12.548
1854.18	0.519288
1856.73	0.490539
1859.29	2.4617
1861.84	0.432822
1864.39	0.40387
1866.94	8.37483
1869.49	0.345749
1872.04	6.3166
1874.59	4.28738
1877.13	12.2581
1879.68	14.2288
1882.22	4.19935
1884.77	6.16987
1887.31	-7.85965
1889.85	8.11074
1892.39	4.08108
1894.93	26.0514
1897.47	8.02156
1900.01	-4.00828
1902.55	3.96181
1905.09	11.9318
1907.62	3.90179
1910.16	9.87171
1912.69	19.8416
1915.22	3.81133
1917.76	-8.21894
1920.29	9.75071
1922.82	23.7203
1925.35	11.6898
1927.88	19.6593
1930.4	9.62876
1932.93	9.59812
1935.46	13.5674
1937.98	9.53667
1940.51	9.50585
1943.03	-2.52503
1945.55	7.44406
1948.07	3.41306
1950.59	-8.61797
1953.11	5.35091
1955.63	-8.68024
1958.15	3.28855
1960.67	17.2573
1963.18	11.226
1965.7	1.19457
1968.21	3.16313
1970.73	7.13163
1973.24	1.10007
1975.75	13.0685
1978.26	5.03681
1980.77	5.0051
1983.28	14.9733
1985.79	2.9415
1988.29	0.909628
1990.8	2.87768
1993.31	2.84569
1995.81	4.81365
1998.31	6.78158
