100.093	10.7777
103.274	18.6186
106.457	20.4606
109.636	14.3038
112.817	30.148
115.994	31.9934
119.172	11.8399
122.347	23.6875
125.521	15.5363
128.696	21.386
131.868	35.237
135.039	25.089
138.209	12.9421
141.379	20.7962
144.547	0.651435
147.713	18.5077
150.879	10.3651
154.043	26.2235
157.206	22.083
160.368	25.9435
163.529	15.805
166.689	15.6676
169.848	15.5312
173.006	11.3958
176.163	11.2614
179.316	23.1282
182.471	2.9958
185.625	8.86444
188.777	12.7341
191.927	4.60478
195.077	-3.52361
198.224	-3.65094
201.372	20.2226
204.52	8.09714
207.664	21.9727
210.809	21.8492
213.95	23.7266
217.091	-4.39495
220.233	15.4843
223.372	27.3646
226.509	11.2459
229.648	19.1279
232.784	25.011
235.918	2.89502
239.051	36.7799
242.186	14.6657
245.317	34.5524
248.447	32.44
251.577	12.3285
254.705	6.21785
257.832	18.1081
260.958	21.9992
264.083	23.8913
267.204	13.7842
270.327	17.6779
273.449	-4.42749
276.57	5.46795
279.69	19.3642
282.806	19.2614
285.924	23.1594
289.04	11.0582
292.154	14.9578
295.268	26.8583
298.379	-1.2404
301.492	28.6617
304.601	22.5646
307.711	16.4683
310.818	18.3728
313.924	20.2781
317.031	20.1841
320.135	24.091
323.238	5.99869
326.34	17.9071
329.443	19.8163
332.543	23.7262
335.642	15.6369
338.74	13.5484
341.836	25.4606
344.932	3.37359
348.027	19.2873
351.12	7.20173
354.213	21.1169
357.302	-2.96717
360.393	6.94943
363.482	12.8667
366.57	6.78478
369.656	0.703565
372.742	12.623
375.827	0.543128
378.91	-5.536
381.993	8.38551
385.073	12.3077
388.154	-11.7694
391.232	16.1542
394.311	12.0784
397.387	10.0033
400.462	7.9289
403.536	21.8551
406.611	-8.21804
409.683	3.70948
412.754	9.63765
415.824	-0.433554
418.893	9.49588
421.961	-4.57407
425.027	7.35661
428.093	25.2879
431.158	11.2198
434.222	-2.84767
437.284	3.08544
440.346	11.0192
443.407	18.9535
446.464	16.8884
449.523	4.82391
452.581	10.76
455.635	14.6967
458.691	2.63389
461.743	12.5717
464.797	-7.48993
467.847	10.449
470.899	14.3885
473.947	36.3285
476.994	10.2691
480.043	4.21025
483.088	10.1519
486.133	10.0941
489.176	14.0369
492.22	23.9801
495.262	5.9239
498.302	3.8682
501.341	-4.18699
504.38	3.75833
507.417	7.70415
510.453	9.65047
513.487	1.59732
516.521	7.54462
519.554	7.4924
522.586	9.44067
525.616	19.3895
528.646	-10.6613
531.675	27.2884
534.701	9.23854
537.729	5.18915
540.753	3.14025
543.778	-2.90823
546.8	7.04376
549.821	24.9962
552.844	14.949
555.863	12.9024
558.881	8.85611
561.898	-1.18972
564.916	-19.2352
567.932	20.7198
570.946	18.6753
573.959	-9.3689
576.971	10.5873
579.982	4.54398
582.993	-5.49898
586	-1.54152
589.008	2.4163
592.015	14.3745
595.022	32.3331
598.025	2.29209
601.029	2.25143
604.032	8.21114
607.033	-7.82876
610.034	14.1317
613.032	16.0925
616.032	6.05363
619.028	6.01515
622.023	1.97701
625.018	5.93922
628.013	9.90173
631.005	-2.13539
633.997	5.82781
636.987	9.79134
639.977	-6.24481
642.965	9.71935
645.952	1.68383
648.939	13.6486
651.924	19.6137
654.909	9.57912
657.892	5.54481
660.873	3.51082
663.854	9.4771
666.835	11.4437
669.813	1.41053
672.791	11.3777
675.767	-0.654919
678.743	19.3128
681.717	17.2807
684.692	13.2489
687.664	9.21739
690.634	13.1861
693.606	9.1551
696.575	-0.875668
699.543	17.0938
702.51	15.0635
705.475	-4.96651
708.44	-2.99632
711.404	6.9741
714.367	-1.05526
717.329	8.9156
720.29	-13.1133
723.25	-3.14202
726.207	0.829509
729.166	4.80122
732.123	8.77314
735.077	16.7453
738.032	10.7176
740.984	8.69011
743.938	4.6628
746.888	10.6357
749.839	28.6087
752.788	26.582
755.735	44.5554
758.682	6.52902
761.627	12.5028
764.574	20.4767
767.517	-7.54922
770.46	6.42501
773.402	20.3994
776.342	4.37394
779.282	14.3486
782.219	6.32347
785.157	-5.70157
788.094	14.2735
791.029	8.24876
793.962	18.2241
796.896	4.1996
799.828	22.1752
802.76	14.1509
805.689	18.1268
808.619	10.1027
811.546	14.0788
814.473	8.05493
817.4	-5.96883
820.324	8.00753
823.248	5.98397
826.17	-0.0394931
829.092	5.93713
832.012	13.9138
834.932	31.8906
837.851	1.86746
840.768	-2.15561
843.685	5.82138
846.599	11.7985
849.514	13.7756
852.428	25.7527
855.339	9.72999
858.251	13.7073
861.16	23.6846
864.07	7.66199
866.978	15.6394
869.884	31.6169
872.792	19.5944
875.696	-2.42811
878.599	17.5495
881.502	9.52703
884.404	17.5046
887.304	7.48225
890.204	15.4599
893.103	11.4375
896.001	9.41518
898.898	5.39284
901.794	13.3705
904.689	13.3482
907.581	9.32581
910.474	-0.696546
913.364	-2.7189
916.256	11.2587
919.144	1.23632
922.034	17.2139
924.92	19.1915
927.808	5.16897
930.693	3.14647
933.576	17.1239
936.459	11.1014
939.341	17.0788
942.222	-6.9439
945.102	-8.96661
947.981	9.01064
950.859	16.9878
953.737	30.965
956.613	0.94204
959.488	18.9191
962.361	10.896
965.235	20.8729
968.105	26.8497
970.977	2.82643
973.846	12.8031
976.716	18.7797
979.583	10.7562
982.449	12.7326
985.316	12.7089
988.18	20.6851
991.043	18.6612
993.906	4.63724
996.767	0.613164
999.628	4.58898
1002.49	14.5647
1005.35	10.5403
1008.2	24.5158
1011.06	0.49113
1013.91	16.4664
1016.77	32.4415
1019.62	10.4165
1022.48	18.3913
1025.33	6.36607
1028.18	10.3407
1031.03	4.31511
1033.87	6.28943
1036.72	4.26359
1039.57	24.2376
1042.41	20.2115
1045.26	14.1852
1048.1	14.1588
1050.94	22.1322
1053.78	18.1054
1056.62	14.0785
1059.46	2.05137
1062.3	-5.9759
1065.14	23.9967
1067.97	17.9691
1070.81	19.9413
1073.64	1.91328
1076.47	-8.11487
1079.31	9.85676
1082.14	19.8282
1084.97	1.79947
1087.8	7.77055
1090.63	1.74142
1093.45	5.71208
1096.28	35.6825
1099.1	21.6528
1101.93	1.62283
1104.75	-2.40734
1107.57	5.56226
1110.39	-0.46835
1113.21	9.50083
1116.03	5.46977
1118.85	9.43848
1121.66	35.407
1124.48	7.37522
1127.3	23.3432
1130.11	25.311
1132.92	-2.72145
1135.73	-2.75415
1138.54	1.2129
1141.35	23.1797
1144.16	15.1462
1146.97	17.1125
1149.78	13.0785
1152.58	-2.95567
1155.39	13.0098
1158.19	8.97507
1161	4.94004
1163.8	24.9048
1166.6	10.8692
1169.4	10.8333
1172.2	4.79721
1174.99	22.7608
1177.79	0.7241
1180.59	12.6871
1183.38	8.64986
1186.17	-1.38772
1188.97	10.5744
1191.76	28.5363
1194.55	12.4978
1197.34	12.4591
1200.13	0.419999
1202.92	22.3806
1205.7	-9.65904
1208.49	2.30096
1211.27	8.26064
1214.06	14.22
1216.84	-1.82093
1219.62	8.13781
1222.4	10.0962
1225.18	18.0543
1227.96	22.012
1230.74	-2.03058
1233.51	13.9265
1236.29	9.88324
1239.06	15.8396
1241.84	17.7957
1244.61	19.7514
1247.38	15.7067
1250.15	19.6618
1252.92	5.61641
1255.69	11.5707
1258.46	15.5247
1261.23	5.47821
1263.99	19.4314
1266.76	11.3843
1269.52	35.3368
1272.28	3.28888
1275.05	5.24059
1277.81	11.192
1280.57	31.1429
1283.33	1.09355
1286.08	9.04377
1288.84	6.9936
1291.6	8.94304
1294.35	14.8921
1297.11	8.84078
1299.86	6.78903
1302.61	16.7369
1305.36	14.6844
1308.11	16.6314
1310.86	-3.42188
1313.61	30.5244
1316.36	20.4702
1319.1	4.41566
1321.85	14.3607
1324.59	16.3053
1327.33	-1.7505
1330.08	18.1933
1332.82	4.13661
1335.56	2.07953
1338.3	32.022
1341.04	13.9641
1343.77	21.9057
1346.51	17.847
1349.25	15.7877
1351.98	27.728
1354.71	17.6679
1357.45	15.6073
1360.18	-2.45365
1362.91	29.4849
1365.64	35.423
1368.37	19.3606
1371.09	5.29779
1373.82	-0.765484
1376.54	27.1708
1379.27	13.1066
1381.99	25.042
1384.72	26.9768
1387.44	18.9113
1390.16	22.8452
1392.88	12.7787
1395.6	28.7116
1398.31	12.6442
1401.03	14.5762
1403.75	10.5078
1406.46	2.43882
1409.18	12.3694
1411.89	28.2995
1414.6	0.229121
1417.31	10.1583
1420.02	10.0869
1422.73	14.015
1425.44	11.9426
1428.15	-2.13022
1430.85	29.7964
1433.56	13.7225
1436.26	11.6481
1438.97	-8.42676
1441.67	3.49784
1444.37	15.4219
1447.07	7.34551
1449.77	5.26856
1452.47	1.19109
1455.16	19.1131
1457.86	15.0346
1460.56	16.9555
1463.25	4.87594
1465.94	-9.20413
1468.64	16.7152
1471.33	10.6341
1474.02	-3.44765
1476.71	12.4701
1479.4	8.38732
1482.09	4.30401
1484.77	22.2202
1487.46	0.135749
1490.14	30.0508
1492.83	7.96528
1495.51	15.8792
1498.19	-6.20741
1500.87	19.7055
1503.55	9.61772
1506.23	5.52941
1508.91	3.44059
1511.59	13.3511
1514.27	29.2612
1516.94	3.17066
1519.62	13.0795
1522.29	6.98782
1524.96	2.89557
1527.63	4.80273
1530.3	14.7093
1532.97	0.615312
1535.64	0.520727
1538.31	6.42555
1540.98	20.3299
1543.64	-1.76651
1546.31	18.1366
1548.97	8.03906
1551.63	3.94099
1554.3	17.8422
1556.96	11.743
1559.62	25.6431
1562.28	25.5426
1564.94	29.4415
1567.59	9.3398
1570.25	33.2375
1572.9	23.1346
1575.56	-6.96898
1578.21	10.9269
1580.86	20.8222
1583.52	-3.28324
1586.17	22.6108
1588.82	6.50418
1591.47	0.39698
1594.11	40.2892
1596.76	-1.8193
1599.41	12.0716
1602.05	-0.0380966
1604.69	11.8515
1607.34	-0.259443
1609.98	23.6289
1612.62	25.5167
1615.26	-16.5962
1617.9	11.2903
1620.54	23.1761
1623.18	11.0613
1625.81	-13.0542
1628.45	18.8297
1631.08	4.713
1633.72	10.5956
1636.35	16.4776
1638.98	0.358885
1641.61	20.2395
1644.24	12.1195
1646.87	21.9988
1649.5	-2.12251
1652.13	-8.24445
1654.75	23.6329
1657.38	19.5096
1660	19.3856
1662.63	-8.73905
1665.25	15.1356
1667.87	5.0096
1670.49	6.88296
1673.11	6.75562
1675.73	16.6276
1678.35	42.4989
1680.96	16.3695
1683.58	14.2395
1686.19	22.1088
1688.81	-12.0227
1691.42	9.84526
1694.03	7.71242
1696.64	5.57897
1699.25	1.44483
1701.87	-2.69011
1704.47	9.17434
1707.08	13.0381
1709.69	10.9011
1712.29	22.7635
1714.9	12.6251
1717.5	12.4861
1720.1	14.3463
1722.71	6.20583
1725.31	12.0647
1727.91	7.92277
1730.51	23.7802
1733.1	1.63694
1735.7	5.49284
1738.3	-2.65188
1740.89	13.2027
1743.49	21.0565
1746.08	18.9096
1748.67	28.762
1751.26	6.61373
1753.86	28.4646
1756.45	16.3148
1759.03	28.1644
1761.62	-1.98693
1764.21	13.8611
1766.8	-4.29153
1769.38	11.5551
1771.97	7.4008
1774.55	39.2459
1777.13	17.0903
1779.71	10.9339
1782.29	28.7768
1784.87	32.6189
1787.45	26.4603
1790.03	32.301
1792.61	18.1408
1795.18	21.98
1797.76	19.8184
1800.33	-2.34397
1802.9	7.49295
1805.48	15.3291
1808.05	5.1645
1810.62	22.9991
1813.19	18.833
1815.76	18.6661
1818.33	32.4984
1820.89	0.329917
1823.46	-5.8392
1826.02	25.9908
1828.59	9.82013
1831.15	3.64869
1833.71	19.4763
1836.27	-6.69666
1838.84	15.1296
1841.39	16.955
1843.95	8.77964
1846.51	18.6035
1849.07	42.4267
1851.62	20.249
1854.18	10.0705
1856.73	33.8913
1859.29	21.7112
1861.84	15.5304
1864.39	-2.65115
1866.94	29.1664
1869.49	4.98321
1872.04	14.7992
1874.59	8.61449
1877.13	8.42892
1879.68	22.2427
1882.22	8.05549
1884.77	15.8675
1887.31	1.67885
1889.85	5.48923
1892.39	13.2989
1894.93	19.1079
1897.47	18.9158
1900.01	-1.27693
1902.55	30.5295
1905.09	6.33516
1907.62	14.14
1910.16	13.9441
1912.69	11.7473
1915.22	29.5496
1917.76	17.3513
1920.29	15.152
1922.82	4.95196
1925.35	8.75101
1927.88	16.5493
1930.4	20.3469
1932.93	26.1435
1935.46	9.93938
1937.98	17.7344
1940.51	3.52855
1943.03	9.32189
1945.55	15.1145
1948.07	26.9062
1950.59	-3.30287
1953.11	-5.51291
1955.63	32.2764
1958.15	12.0648
1960.67	35.8523
1963.18	29.6391
1965.7	1.42494
1968.21	39.21
1970.73	24.9941
1973.24	28.7774
1975.75	24.5601
1978.26	10.3417
1980.77	28.1226
1983.28	27.9024
1985.79	11.6816
1988.29	35.4599
1990.8	27.2373
1993.31	5.01384
1995.81	18.7896
1998.31	12.5646
