100.093	12.5389
103.274	8.63486
106.457	0.730221
109.636	18.8248
112.817	6.91885
115.994	13.0121
119.172	19.1048
122.347	15.1967
125.521	3.288
128.696	-0.62133
131.868	15.4686
135.039	11.5579
138.209	11.6465
141.379	13.7346
144.547	9.82193
147.713	7.90862
150.879	23.9947
154.043	2.08006
157.206	-7.83518
160.368	4.24894
163.529	0.332432
166.689	18.4153
169.848	12.4975
173.006	18.5791
176.163	14.6601
179.316	8.74038
182.471	4.82011
185.625	16.8992
188.777	-7.02228
191.927	23.0555
195.077	19.1328
198.224	5.20943
201.372	-0.714508
204.52	13.3609
207.664	19.4358
210.809	11.51
213.95	7.58362
217.091	15.6566
220.233	1.72911
223.372	1.80094
226.509	13.8722
229.648	3.94291
232.784	14.013
235.918	16.0825
239.051	4.15143
242.186	2.21983
245.317	-11.7124
248.447	14.3548
251.577	22.4215
254.705	0.487548
257.832	6.55306
260.958	10.618
264.083	10.6824
267.204	10.7462
270.327	8.80951
273.449	6.87225
276.57	24.9344
279.69	4.99608
282.806	7.05714
285.924	19.1177
289.04	-0.822292
292.154	13.2371
295.268	25.2961
298.379	9.35446
301.492	3.41234
304.601	7.46966
307.711	17.5265
310.818	13.5827
313.924	23.6385
317.031	1.69375
320.135	25.7485
323.238	17.8027
326.34	1.85633
329.443	11.9095
332.543	23.9622
335.642	16.0144
338.74	22.066
341.836	24.1172
344.932	12.1678
348.027	4.21797
351.12	10.2676
354.213	4.31681
357.302	20.3655
360.393	10.4136
363.482	20.4614
366.57	10.5086
369.656	4.55529
372.742	4.60155
375.827	0.647335
378.91	10.6926
381.993	18.7375
385.073	12.7818
388.154	26.8257
391.232	14.8691
394.311	-3.08794
397.387	10.9545
400.462	-5.00344
403.536	13.0381
406.611	-2.92074
409.683	11.1199
412.754	1.16011
415.824	17.1999
418.893	1.23917
421.961	11.278
425.027	21.3165
428.093	5.35443
431.158	21.392
434.222	11.4291
437.284	-0.53425
440.346	9.50199
443.407	25.5378
446.464	13.5732
449.523	3.60811
452.581	-8.35736
455.635	3.67673
458.691	19.7104
461.743	-2.25633
464.797	13.7765
467.847	9.80895
470.899	-0.15902
473.947	-8.12742
476.994	5.90378
480.043	3.93459
483.088	13.965
486.133	1.99496
489.176	2.02455
492.22	8.05376
495.262	10.0826
498.302	14.111
501.341	12.139
504.38	-1.83341
507.417	8.19383
510.453	12.2207
513.487	4.24713
516.521	8.27322
519.554	12.2989
522.586	6.32426
525.616	8.3492
528.646	0.373787
531.675	6.398
534.701	10.4218
537.729	0.445307
540.753	6.4684
543.778	6.49115
546.8	-1.48647
549.821	10.5355
552.844	4.55722
555.863	-9.42148
558.881	10.5995
561.898	12.6201
564.916	-1.35967
567.932	20.6602
570.946	12.6798
573.959	8.699
576.971	6.71788
579.982	14.7364
582.993	8.7546
586	14.7724
589.008	10.79
592.015	20.8072
595.022	2.82403
598.025	6.84055
601.029	12.8568
604.032	2.87265
607.033	18.8882
610.034	10.9034
613.032	-3.08165
616.032	12.933
619.028	-1.05276
622.023	16.9612
625.018	10.9749
628.013	18.9882
631.005	1.00126
633.997	13.014
636.987	-6.97358
639.977	9.03855
642.965	13.0504
645.952	15.0619
648.939	9.07315
651.924	15.0841
654.909	17.0947
657.892	19.1051
660.873	-8.88485
663.854	5.12493
666.835	15.1344
669.813	13.1436
672.791	19.1526
675.767	3.1612
678.743	5.16957
681.717	19.1777
684.692	-0.814516
687.664	-6.80697
690.634	17.2003
693.606	5.2073
696.575	9.21404
699.543	19.2205
702.51	11.2267
705.475	15.2327
708.44	17.2383
711.404	-4.75624
714.367	29.2489
717.329	17.2538
720.29	17.2585
723.25	-0.737087
726.207	7.26707
729.166	13.271
732.123	15.2746
735.077	11.2781
738.032	-4.71876
740.984	19.2842
743.938	11.2869
746.888	-2.71068
749.839	3.29155
752.788	3.29353
755.735	13.2953
758.682	15.2968
761.627	11.2981
764.574	3.29918
767.517	7.30002
770.46	11.3006
773.402	13.301
776.342	27.3012
779.282	23.3012
782.219	-4.69909
785.157	3.30043
788.094	17.2997
791.029	1.29884
793.962	23.2977
796.896	15.2964
799.828	19.2949
802.76	17.2932
805.689	25.2912
808.619	1.28908
811.546	3.28674
814.473	19.2842
817.4	15.2815
820.324	21.2785
823.248	17.2754
826.17	15.2721
829.092	13.2686
832.012	7.2649
834.932	15.261
837.851	11.257
840.768	9.2527
843.685	25.2483
846.599	15.2437
849.514	23.2389
852.428	9.23389
855.339	19.2287
858.251	29.2234
861.16	23.2179
864.07	11.2123
866.978	11.2064
869.884	9.20043
872.792	29.1943
875.696	3.18793
878.599	19.1814
881.502	3.17478
884.404	25.168
887.304	9.16098
890.204	13.1539
893.103	23.1466
896.001	13.1391
898.898	19.1315
901.794	13.1238
904.689	5.11589
907.581	3.10785
910.474	-4.90033
913.364	-2.90866
916.256	15.0829
919.144	19.0743
922.034	13.0655
924.92	3.05661
927.808	3.04758
930.693	13.0384
933.576	9.02912
936.459	5.01969
939.341	13.0101
942.222	7.00045
945.102	14.9906
947.981	4.98069
950.859	4.97062
953.737	8.96043
956.613	30.9501
959.488	16.9397
962.361	12.9291
965.235	12.9185
968.105	-5.0923
970.977	22.8968
973.846	4.8858
976.716	22.8747
979.583	2.86345
982.449	4.85211
985.316	10.8407
988.18	6.82912
991.043	22.8175
993.906	10.8057
996.767	2.79386
999.628	8.78191
1002.49	12.7699
1005.35	6.75771
1008.2	14.7455
1011.06	6.73313
1013.91	16.7207
1016.77	-1.29182
1019.62	4.69558
1022.48	0.682878
1025.33	10.6701
1028.18	0.657228
1031.03	8.64428
1033.87	6.63125
1036.72	4.61813
1039.57	12.6049
1042.41	8.59167
1045.26	4.57833
1048.1	30.5649
1050.94	20.5514
1053.78	4.53784
1056.62	8.5242
1059.46	14.5105
1062.3	8.49672
1065.14	16.4829
1067.97	6.46897
1070.81	12.455
1073.64	2.44097
1076.47	12.4269
1079.31	14.4127
1082.14	16.3985
1084.97	2.38423
1087.8	2.36991
1090.63	16.3555
1093.45	18.3411
1096.28	4.32662
1099.1	4.31209
1101.93	24.2975
1104.75	18.2829
1107.57	6.2682
1110.39	2.25347
1113.21	18.2387
1116.03	-5.77609
1118.85	10.2091
1121.66	14.1942
1124.48	14.1792
1127.3	6.16429
1130.11	8.14928
1132.92	26.1343
1135.73	16.1192
1138.54	0.104102
1141.35	14.089
1144.16	0.0738142
1146.97	8.05863
1149.78	26.0434
1152.58	4.0282
1155.39	0.0129417
1158.19	3.99766
1161	21.9824
1163.8	5.96704
1166.6	11.9517
1169.4	7.93634
1172.2	11.921
1174.99	5.90558
1177.79	15.8902
1180.59	9.87478
1183.38	17.8594
1186.17	1.84392
1188.97	15.8285
1191.76	-6.18697
1194.55	11.7976
1197.34	-0.217879
1200.13	7.76666
1202.92	-2.24881
1205.7	1.73574
1208.49	11.7203
1211.27	15.7048
1214.06	-0.310645
1216.84	15.6739
1219.62	17.6585
1222.4	25.643
1225.18	-2.37243
1227.96	9.61215
1230.74	15.5967
1233.51	-8.41867
1236.29	-2.43406
1239.06	11.5506
1241.84	5.5352
1244.61	7.51985
1247.38	-0.495476
1250.15	9.48922
1252.92	9.47393
1255.69	9.45866
1258.46	13.4434
1261.23	11.4282
1263.99	15.413
1266.76	11.3978
1269.52	-6.61731
1272.28	9.36758
1275.05	21.3525
1277.81	5.33744
1280.57	7.32242
1283.33	9.30743
1286.08	7.29248
1288.84	1.27756
1291.6	3.26267
1294.35	3.24783
1297.11	5.23303
1299.86	19.2183
1302.61	-0.796465
1305.36	17.1889
1308.11	21.1742
1310.86	-10.8404
1313.61	11.1451
1316.36	15.1306
1319.1	11.1161
1321.85	5.10173
1324.59	3.08738
1327.33	-8.92692
1330.08	9.05883
1332.82	1.04464
1335.56	-0.969505
1338.3	21.0164
1341.04	-0.997607
1343.77	8.98842
1346.51	10.9745
1349.25	6.96067
1351.98	14.9469
1354.71	6.93316
1357.45	28.9195
1360.18	16.9059
1362.91	16.8924
1365.64	10.8789
1368.37	18.8655
1371.09	-3.14779
1373.82	16.839
1376.54	6.82579
1379.27	4.81268
1381.99	14.7996
1384.72	4.78669
1387.44	20.7738
1390.16	4.761
1392.88	0.748277
1395.6	16.7356
1398.31	14.7231
1401.03	16.7106
1403.75	2.69818
1406.46	-5.31415
1409.18	18.6736
1411.89	4.66146
1414.6	6.6494
1417.31	-1.36257
1420.02	6.62554
1422.73	-5.38625
1425.44	4.60204
1428.15	26.5904
1430.85	18.5789
1433.56	12.5675
1436.26	10.5561
1438.97	16.5449
1441.67	0.533774
1444.37	0.522735
1447.07	8.5118
1449.77	30.501
1452.47	10.4902
1455.16	24.4796
1457.86	22.469
1460.56	-1.54139
1463.25	6.44828
1465.94	10.4381
1468.64	26.428
1471.33	8.41796
1474.02	2.40806
1476.71	14.3983
1479.4	6.3886
1482.09	14.379
1484.77	-3.6304
1487.46	16.3603
1490.14	16.3511
1492.83	12.342
1495.51	14.333
1498.19	4.3241
1500.87	12.3154
1503.55	4.30673
1506.23	4.29823
1508.91	12.2898
1511.59	-3.71841
1514.27	10.2735
1516.94	12.2654
1519.62	6.25756
1522.29	6.24981
1524.96	0.24218
1527.63	20.2347
1530.3	16.2273
1532.97	8.22007
1535.64	-3.78703
1538.31	10.206
1540.98	6.19916
1543.64	14.1924
1546.31	22.1859
1548.97	24.1794
1551.63	14.1732
1554.3	-5.83301
1556.96	-3.83902
1559.62	26.1551
1562.28	18.1494
1564.94	22.1438
1567.59	-3.86168
1570.25	14.133
1572.9	18.1279
1575.56	2.12284
1578.21	12.118
1580.86	6.11325
1583.52	-5.89133
1586.17	0.104253
1588.82	2.09998
1591.47	10.0959
1594.11	6.09189
1596.76	-3.91192
1599.41	12.0844
1602.05	28.0809
1604.69	12.0776
1607.34	12.0744
1609.98	14.0713
1612.62	16.0684
1615.26	6.06573
1617.9	4.06317
1620.54	14.0608
1623.18	6.05854
1625.81	-1.94353
1628.45	6.05456
1631.08	0.0528178
1633.72	4.05124
1636.35	-5.95017
1638.98	20.0486
1641.61	8.04751
1644.24	16.0466
1646.87	2.04587
1649.5	8.0453
1652.13	-3.95509
1654.75	16.0447
1657.38	18.0446
1660	16.0448
1662.63	14.0451
1665.25	26.0455
1667.87	8.0462
1670.49	16.047
1673.11	18.048
1675.73	8.04923
1678.35	8.0506
1680.96	26.0521
1683.58	12.0539
1686.19	16.0558
1688.81	16.0579
1691.42	12.0602
1694.03	6.06264
1696.64	2.0653
1699.25	16.0681
1701.87	2.07116
1704.47	12.0744
1707.08	16.0778
1709.69	2.08138
1712.29	0.085169
1714.9	8.08915
1717.5	12.0933
1720.1	26.0977
1722.71	12.1022
1725.31	0.106991
1727.91	20.1119
1730.51	12.1171
1733.1	12.1224
1735.7	14.128
1738.3	34.1337
1740.89	0.139647
1743.49	-1.85421
1746.08	4.15213
1748.67	16.1587
1751.26	20.1654
1753.86	2.17236
1756.45	12.1795
1759.03	12.1869
1761.62	4.19444
1764.21	6.20221
1766.8	16.2102
1769.38	6.21837
1771.97	20.2268
1774.55	20.2354
1777.13	8.24419
1779.71	24.2532
1782.29	8.26246
1784.87	20.2719
1787.45	22.2816
1790.03	8.29145
1792.61	10.3016
1795.18	2.31186
1797.76	22.3224
1800.33	12.3331
1802.9	22.3441
1805.48	16.3553
1808.05	20.3667
1810.62	14.3783
1813.19	20.3901
1815.76	14.4022
1818.33	8.41449
1820.89	24.427
1823.46	12.4397
1826.02	2.4527
1828.59	22.4659
1831.15	10.4793
1833.71	8.49293
1836.27	16.5068
1838.84	0.52088
1841.39	14.5352
1843.95	2.54975
1846.51	28.5645
1849.07	12.5795
1851.62	8.59479
1854.18	34.6103
1856.73	6.62597
1859.29	10.6419
1861.84	-1.3419
1864.39	16.6745
1866.94	4.69117
1869.49	16.7081
1872.04	2.72517
1874.59	30.7425
1877.13	28.7601
1879.68	14.778
1882.22	10.7961
1884.77	2.81438
1887.31	14.8329
1889.85	14.8517
1892.39	6.87079
1894.93	22.8901
1897.47	12.9096
1900.01	10.9294
1902.55	10.9494
1905.09	16.9697
1907.62	10.9902
1910.16	27.011
1912.69	15.032
1915.22	1.05327
1917.76	-2.92523
1920.29	13.0965
1922.82	11.1186
1925.35	-0.85917
1927.88	3.16335
1930.4	17.1861
1932.93	-0.790861
1935.46	19.2324
1937.98	33.256
1940.51	13.2797
1943.03	3.3038
1945.55	7.32809
1948.07	15.3527
1950.59	17.3775
1953.11	3.40255
1955.63	1.42788
1958.15	15.4535
1960.67	19.4793
1963.18	15.5054
1965.7	-4.46817
1968.21	3.55847
1970.73	17.5854
1973.24	17.6126
1975.75	13.64
1978.26	25.6677
1980.77	27.6956
1983.28	21.7239
1985.79	9.75236
1988.29	35.7811
1990.8	21.8102
1993.31	-14.1605
1995.81	17.869
1998.31	25.8989
