100.093	18.3132
103.274	4.36094
106.457	20.4085
109.636	14.4559
112.817	20.5031
115.994	14.5501
119.172	14.597
122.347	-5.3563
125.521	2.69022
128.696	18.7366
131.868	36.7828
135.039	12.8288
138.209	24.8746
141.379	4.92028
144.547	6.96577
147.713	7.01109
150.879	15.0562
154.043	5.10123
157.206	7.14604
160.368	11.1907
163.529	-0.764832
166.689	9.27948
169.848	33.3236
173.006	11.3676
176.163	17.4114
179.316	-0.544987
182.471	11.4985
185.625	17.5418
188.777	-2.41507
191.927	1.62788
195.077	9.67068
198.224	11.7133
201.372	1.75577
204.52	5.79808
207.664	21.8402
210.809	3.88217
213.95	11.924
217.091	5.96558
220.233	6.00707
223.372	4.04836
226.509	28.0895
229.648	18.1305
232.784	-1.82872
235.918	18.2119
239.051	-9.7476
242.186	8.29274
245.317	14.3329
248.447	8.37287
251.577	10.4127
254.705	10.4524
257.832	12.4919
260.958	20.5312
264.083	-1.42962
267.204	10.6094
270.327	14.6482
273.449	4.68691
276.57	26.7254
279.69	10.7638
282.806	6.80201
285.924	4.84006
289.04	10.878
292.154	4.91566
295.268	0.953231
298.379	6.99062
301.492	13.0279
304.601	11.0649
307.711	13.1019
310.818	13.1386
313.924	9.17523
317.031	17.2117
320.135	9.24797
323.238	11.2841
326.34	3.32006
329.443	5.35589
332.543	7.39154
335.642	17.427
338.74	13.4624
341.836	9.49756
344.932	1.53258
348.027	9.56745
351.12	5.60216
354.213	19.6367
357.302	21.6711
360.393	13.7053
363.482	7.73944
366.57	7.77337
369.656	-2.19287
372.742	-0.159241
375.827	17.8742
378.91	5.90753
381.993	17.9407
385.073	13.9737
388.154	4.00654
391.232	20.0392
394.311	-1.92822
397.387	6.10415
400.462	12.1364
403.536	8.16845
406.611	8.20039
409.683	14.2322
412.754	8.26378
415.824	0.29524
418.893	24.3266
421.961	2.35771
425.027	8.38873
428.093	8.41959
431.158	-3.54971
434.222	-3.51915
437.284	2.51126
440.346	14.5415
443.407	10.5716
446.464	2.60157
449.523	6.63137
452.581	-1.33897
455.635	8.69052
458.691	2.71989
461.743	0.749078
464.797	-3.22186
467.847	10.807
470.899	-1.16419
473.947	16.8644
476.994	4.89286
480.043	4.92118
483.088	20.9493
486.133	2.97735
489.176	9.00521
492.22	9.03295
495.262	5.06052
498.302	15.0879
501.341	25.1152
504.38	15.1423
507.417	11.1693
510.453	7.19617
513.487	11.2228
516.521	7.24939
519.554	11.2758
522.586	5.30206
525.616	1.32815
528.646	25.3541
531.675	5.37994
534.701	5.40561
537.729	-2.56886
540.753	13.4565
543.778	1.48177
546.8	17.5069
549.821	7.5318
552.844	11.5566
555.863	21.5813
558.881	5.60579
561.898	-0.369835
564.916	5.65441
567.932	5.6785
570.946	3.70245
573.959	-4.27375
576.971	15.7499
579.982	9.77344
582.993	3.79682
586	11.82
589.008	25.8431
592.015	17.8661
595.022	3.88892
598.025	7.91158
601.029	1.93412
604.032	15.9565
607.033	17.9788
610.034	-1.99913
613.032	14.0228
616.032	6.04467
619.028	8.06636
622.023	0.0879048
625.018	6.10931
628.013	-3.86941
631.005	-11.8483
633.997	6.17272
636.987	0.193572
639.977	2.21429
642.965	4.23487
645.952	6.25531
648.939	14.2756
651.924	8.29578
654.909	12.3158
657.892	6.3357
660.873	10.3554
663.854	6.37506
666.835	-1.60545
669.813	14.4139
672.791	2.4331
675.767	10.4522
678.743	14.4711
681.717	20.4899
684.692	12.5086
687.664	0.527084
690.634	14.5455
693.606	20.5637
696.575	6.58185
699.543	18.5998
702.51	8.61769
705.475	-1.36459
708.44	8.65299
711.404	4.67044
714.367	14.6878
717.329	10.7049
720.29	18.722
723.25	-5.2611
726.207	12.7557
729.166	14.7723
732.123	20.7888
735.077	24.8052
738.032	4.82147
740.984	-11.1624
743.938	8.85357
746.888	14.8694
749.839	4.88515
752.788	8.90073
755.735	0.916186
758.682	18.9315
761.627	22.9467
764.574	10.9618
767.517	0.976708
770.46	4.99151
773.402	15.0062
776.342	9.02072
779.282	5.03514
782.219	11.0494
785.157	-0.936436
788.094	9.07759
791.029	5.09148
793.962	17.1052
796.896	15.1189
799.828	7.13238
802.76	25.1458
805.689	9.15901
808.619	3.17213
811.546	17.1851
814.473	23.198
817.4	1.21072
820.324	23.2233
823.248	13.2358
826.17	23.2482
829.092	5.26038
832.012	15.2725
834.932	13.2845
837.851	15.2963
840.768	13.308
843.685	27.3196
846.599	27.3311
849.514	23.3424
852.428	11.3536
855.339	5.36471
858.251	15.3757
861.16	5.38651
864.07	3.39723
866.978	13.4078
869.884	25.4183
872.792	21.4286
875.696	19.4388
878.599	15.4489
881.502	13.4589
884.404	-4.53129
887.304	13.4784
890.204	11.488
893.103	21.4975
896.001	17.5068
898.898	3.51606
901.794	17.5252
904.689	7.53414
907.581	3.54299
910.474	9.55172
913.364	19.5603
916.256	11.5688
919.144	15.5772
922.034	9.58542
924.92	11.5935
927.808	3.60154
930.693	3.60942
933.576	5.61717
936.459	7.62481
939.341	21.6323
942.222	9.63971
945.102	-0.353014
947.981	11.6541
950.859	9.66117
953.737	9.66808
956.613	17.6749
959.488	15.6816
962.361	13.6881
965.235	9.69453
968.105	9.70084
970.977	3.70704
973.846	7.71311
976.716	-4.28093
979.583	-4.27509
982.449	11.7306
985.316	-0.263768
988.18	15.7417
991.043	9.74708
993.906	-2.24768
996.767	11.7575
999.628	3.76247
1002.49	-2.23264
1005.35	9.77214
1008.2	3.7768
1011.06	3.78134
1013.91	-2.21424
1016.77	7.79007
1019.62	7.79427
1022.48	13.7983
1025.33	13.8023
1028.18	-4.19385
1031.03	13.8099
1033.87	5.81349
1036.72	19.817
1039.57	-2.17963
1042.41	5.82363
1045.26	17.8268
1048.1	19.8298
1050.94	5.83274
1053.78	11.8356
1056.62	3.83824
1059.46	13.8408
1062.3	-0.156713
1065.14	11.8456
1067.97	13.8479
1070.81	7.85
1073.64	11.852
1076.47	9.8539
1079.31	11.8557
1082.14	-0.142647
1084.97	-8.14109
1087.8	1.86035
1090.63	17.8617
1093.45	15.8629
1096.28	9.86401
1099.1	1.865
1101.93	13.8659
1104.75	3.86666
1107.57	15.8673
1110.39	-2.13214
1113.21	7.8683
1116.03	21.8686
1118.85	3.86884
1121.66	9.86894
1124.48	-0.131068
1127.3	9.86881
1130.11	1.86858
1132.92	-0.131756
1135.73	11.8678
1138.54	1.86723
1141.35	3.86656
1144.16	5.86578
1146.97	9.86489
1149.78	3.8639
1152.58	1.86279
1155.39	21.8616
1158.19	11.8602
1161	1.85881
1163.8	7.85727
1166.6	9.85562
1169.4	7.85385
1172.2	1.85199
1174.99	7.85001
1177.79	3.84792
1180.59	11.8457
1183.38	5.84343
1186.17	11.841
1188.97	15.8385
1191.76	9.83589
1194.55	13.8332
1197.34	3.83032
1200.13	23.8274
1202.92	-2.17567
1205.7	13.8212
1208.49	-2.18209
1211.27	5.81454
1214.06	9.81106
1216.84	23.8075
1219.62	13.8038
1222.4	-0.199998
1225.18	17.7961
1227.96	11.7921
1230.74	-0.212008
1233.51	7.78378
1236.29	23.7795
1239.06	1.77504
1241.84	11.7705
1244.61	13.7659
1247.38	19.7611
1250.15	-0.243698
1252.92	-2.24864
1255.69	15.7463
1258.46	11.7412
1261.23	17.7359
1263.99	15.7305
1266.76	11.7251
1269.52	3.71951
1272.28	11.7138
1275.05	-0.291932
1277.81	-10.2978
1280.57	11.6962
1283.33	11.6901
1286.08	7.68395
1288.84	1.67767
1291.6	1.67128
1294.35	9.66479
1297.11	13.6582
1299.86	5.65151
1302.61	5.64472
1305.36	7.63783
1308.11	7.63083
1310.86	7.62373
1313.61	9.61654
1316.36	9.60923
1319.1	3.60183
1321.85	-0.405664
1324.59	13.5867
1327.33	9.57903
1330.08	9.57123
1332.82	3.56333
1335.56	17.5553
1338.3	7.54723
1341.04	31.539
1343.77	15.5307
1346.51	-2.47766
1349.25	3.51384
1351.98	15.5052
1354.71	15.4965
1357.45	5.48775
1360.18	17.4789
1362.91	7.46986
1365.64	9.46078
1368.37	-2.54841
1371.09	11.4423
1373.82	5.43292
1376.54	7.42344
1379.27	7.41386
1381.99	9.40418
1384.72	11.3944
1387.44	5.38454
1390.16	19.3746
1392.88	15.3645
1395.6	17.3543
1398.31	11.3441
1401.03	3.33373
1403.75	15.3233
1406.46	3.31272
1409.18	7.30208
1411.89	3.29134
1414.6	9.2805
1417.31	5.26958
1420.02	11.2585
1422.73	1.24742
1425.44	3.2362
1428.15	33.2249
1430.85	1.21348
1433.56	13.202
1436.26	-0.809622
1438.97	15.1787
1441.67	13.1669
1444.37	21.155
1447.07	15.143
1449.77	15.131
1452.47	7.11881
1455.16	9.10655
1457.86	17.0942
1460.56	17.0818
1463.25	21.0692
1465.94	21.0566
1468.64	15.0439
1471.33	1.03104
1474.02	-12.9819
1476.71	13.0051
1479.4	4.99201
1482.09	6.97882
1484.77	2.96554
1487.46	-1.04783
1490.14	6.9387
1492.83	10.9251
1495.51	16.9115
1498.19	6.89774
1500.87	2.88392
1503.55	2.86999
1506.23	20.856
1508.91	2.84186
1511.59	6.82766
1514.27	2.81337
1516.94	2.79899
1519.62	16.7845
1522.29	2.76995
1524.96	4.75529
1527.63	22.7405
1530.3	2.72571
1532.97	4.71079
1535.64	2.69577
1538.31	2.68066
1540.98	6.66548
1543.64	12.6502
1546.31	6.63482
1548.97	6.61935
1551.63	-1.3962
1554.3	-7.41185
1556.96	12.5724
1559.62	4.55661
1562.28	0.5407
1564.94	-1.4753
1567.59	14.5086
1570.25	10.4924
1572.9	12.4762
1575.56	12.4598
1578.21	-3.5566
1580.86	2.42687
1583.52	12.4102
1586.17	10.3935
1588.82	-3.62325
1591.47	4.35988
1594.11	18.3429
1596.76	14.3259
1599.41	6.30874
1602.05	10.2915
1604.69	18.2742
1607.34	14.2568
1609.98	6.23931
1612.62	24.2217
1615.26	-3.79592
1617.9	-3.81366
1620.54	12.1685
1623.18	2.1506
1625.81	12.1326
1628.45	12.1145
1631.08	4.09633
1633.72	2.07808
1636.35	0.059736
1638.98	0.0413074
1641.61	10.0228
1644.24	-1.99581
1646.87	7.98551
1649.5	13.9667
1652.13	9.94789
1654.75	27.9289
1657.38	7.90993
1660	7.89082
1662.63	3.87164
1665.25	5.85235
1667.87	-8.167
1670.49	-0.18644
1673.11	9.79404
1675.73	-6.22557
1678.35	1.75473
1680.96	13.735
1683.58	9.71511
1686.19	-0.304836
1688.81	11.6751
1691.42	-6.34496
1694.03	17.6348
1696.64	13.6146
1699.25	9.59422
1701.87	-0.426225
1704.47	3.55326
1707.08	15.5327
1709.69	15.512
1712.29	7.49121
1714.9	3.47036
1717.5	7.44945
1720.1	3.42843
1722.71	3.40734
1725.31	-0.613829
1727.91	7.36491
1730.51	19.3436
1733.1	11.3222
1735.7	9.30066
1738.3	7.27909
1740.89	3.25744
1743.49	15.2357
1746.08	-6.78612
1748.67	9.19198
1751.26	9.17001
1753.86	3.14795
1756.45	1.12581
1759.03	7.1036
1761.62	9.08129
1764.21	7.05892
1766.8	7.03647
1769.38	1.01394
1771.97	-3.00869
1774.55	6.96862
1777.13	14.9458
1779.71	12.923
1782.29	-5.09992
1784.87	2.87707
1787.45	12.854
1790.03	10.8308
1792.61	8.80757
1795.18	8.78426
1797.76	4.76085
1800.33	4.73737
1802.9	2.71382
1805.48	2.69019
1808.05	10.6665
1810.62	-5.35731
1813.19	2.61883
1815.76	-7.40512
1818.33	10.5709
1820.89	2.54676
1823.46	16.5226
1826.02	6.49833
1828.59	-5.52599
1831.15	4.44962
1833.71	8.42512
1836.27	10.4006
1838.84	6.37594
1841.39	10.3512
1843.95	6.32645
1846.51	16.3016
1849.07	6.27666
1851.62	8.25165
1854.18	4.22655
1856.73	4.2014
1859.29	8.17615
1861.84	18.1508
1864.39	6.12546
1866.94	2.09998
1869.49	8.07445
1872.04	0.0488358
1874.59	8.02315
1877.13	-0.00261631
1879.68	-8.02844
1882.22	5.94565
1884.77	9.91965
1887.31	9.89361
1889.85	5.86746
1892.39	3.84126
1894.93	-0.185012
1897.47	3.78862
1900.01	-0.237806
1902.55	7.73569
1905.09	1.70912
1907.62	5.68247
1910.16	13.6558
1912.69	9.62896
1915.22	13.6021
1917.76	-4.42484
1920.29	-0.451862
1922.82	1.52106
1925.35	11.4939
1927.88	3.46666
1930.4	-0.560634
1932.93	3.41199
1935.46	-0.615454
1937.98	1.35702
1940.51	7.32943
1943.03	5.30176
1945.55	17.274
1948.07	7.24623
1950.59	-2.78164
1953.11	-0.809597
1955.63	11.1624
1958.15	5.1343
1960.67	5.10615
1963.18	11.0779
1965.7	11.0496
1968.21	3.02124
1970.73	-3.00721
1973.24	4.96427
1975.75	18.9357
1978.26	4.90703
1980.77	10.8783
1983.28	10.8495
1985.79	2.82065
1988.29	2.79172
1990.8	4.7627
1993.31	8.73362
1995.81	0.704477
1998.31	14.6753
