100.093	5.54977
103.274	17.6423
106.457	1.73437
109.636	7.82589
112.817	1.91698
115.994	4.00751
119.172	18.0976
122.347	20.1872
125.521	6.27622
128.696	16.3649
131.868	12.4529
135.039	14.5405
138.209	10.6277
141.379	0.714367
144.547	2.80053
147.713	0.886208
150.879	20.9714
154.043	11.0561
157.206	7.1404
160.368	9.22418
163.529	9.30749
166.689	-0.609662
169.848	21.4727
173.006	7.55463
176.163	13.6361
179.316	-0.282999
182.471	7.79752
185.625	1.87758
188.777	-0.0428123
191.927	6.03628
195.077	0.114972
198.224	24.1932
201.372	-1.72906
204.52	6.34828
207.664	12.4251
210.809	2.50154
213.95	4.57748
217.091	6.65298
220.233	-3.27192
223.372	10.8027
226.509	16.8769
229.648	14.9506
232.784	5.02393
235.918	7.09679
239.051	13.1692
242.186	13.2413
245.317	19.3128
248.447	9.38394
251.577	7.45464
254.705	19.5249
257.832	11.5948
260.958	5.66418
264.083	7.73318
267.204	11.8017
270.327	25.8699
273.449	-4.06239
276.57	18.0049
279.69	26.0718
282.806	6.13829
285.924	12.2044
289.04	18.27
292.154	18.3353
295.268	8.40011
298.379	-9.53549
301.492	14.5286
304.601	24.5921
307.711	8.65538
310.818	8.71816
313.924	4.78055
317.031	2.84258
320.135	8.90418
323.238	8.96537
326.34	13.0262
329.443	11.0866
332.543	9.14665
335.642	15.2063
338.74	-4.73448
341.836	13.3244
344.932	23.3828
348.027	1.44092
351.12	19.4986
354.213	17.5559
357.302	15.6128
360.393	13.6694
363.482	7.72558
366.57	29.7814
369.656	13.8368
372.742	13.8918
375.827	-0.0534783
378.91	8.0008
381.993	14.0547
385.073	10.1083
388.154	16.1615
391.232	8.2143
394.311	12.2668
397.387	18.3189
400.462	0.370583
403.536	2.42194
406.611	-1.52702
409.683	14.5236
412.754	8.57391
415.824	8.62385
418.893	8.67343
421.961	20.7227
425.027	0.771538
428.093	12.8201
431.158	4.86825
434.222	-5.08392
437.284	2.96357
440.346	-2.98928
443.407	11.0575
446.464	11.1039
449.523	5.15007
452.581	15.1959
455.635	5.24126
458.691	25.2864
461.743	3.33112
464.797	-2.62445
467.847	3.41963
470.899	9.46341
473.947	7.50682
476.994	-10.4501
480.043	11.5927
483.088	7.63513
486.133	23.6772
489.176	7.71903
492.22	7.76052
495.262	1.80167
498.302	1.84249
501.341	-0.117003
504.38	9.92319
507.417	7.96306
510.453	14.0026
513.487	-3.95816
516.521	12.0808
519.554	4.11939
522.586	14.1577
525.616	8.19568
528.646	8.23338
531.675	18.2708
534.701	0.307833
537.729	8.34462
540.753	-21.6189
543.778	24.4173
546.8	4.45311
549.821	8.48867
552.844	6.52395
555.863	8.55892
558.881	10.5936
561.898	-1.37204
564.916	14.6621
567.932	4.69587
570.946	2.72937
573.959	4.76258
576.971	6.79551
579.982	12.8282
582.993	4.86051
586	-3.10744
589.008	2.92435
592.015	12.9559
595.022	8.98709
598.025	19.018
601.029	9.04868
604.032	3.07908
607.033	27.1092
610.034	9.13902
613.032	3.16857
616.032	11.1979
619.028	17.2269
622.023	13.2556
625.018	-0.715911
628.013	1.31231
631.005	25.3403
633.997	-0.632078
636.987	-0.604669
639.977	1.42248
642.965	7.44936
645.952	7.47599
648.939	7.50235
651.924	1.52846
654.909	-12.4457
657.892	5.57991
660.873	5.60523
663.854	-8.36968
666.835	13.6552
669.813	11.6797
672.791	9.70405
675.767	9.72812
678.743	5.75196
681.717	15.7755
684.692	5.79888
687.664	21.822
690.634	9.8448
693.606	9.86742
696.575	3.88978
699.543	23.9119
702.51	15.9338
705.475	11.9554
708.44	13.9768
711.404	17.998
714.367	14.0189
717.329	10.0396
720.29	10.0601
723.25	20.0804
726.207	8.10035
729.166	12.1201
732.123	10.1397
735.077	20.159
738.032	-1.82189
740.984	12.197
743.938	14.2156
746.888	12.234
749.839	6.25226
752.788	16.2702
755.735	26.288
758.682	24.3055
761.627	14.3229
764.574	2.33999
767.517	16.3569
770.46	18.3736
773.402	12.39
776.342	0.406294
779.282	8.42234
782.219	12.4382
785.157	14.4538
788.094	10.4692
791.029	8.48444
793.962	16.4994
796.896	10.5143
799.828	10.5288
802.76	18.5432
805.689	16.5574
808.619	14.5714
811.546	16.5852
814.473	12.5988
817.4	6.61224
820.324	18.6254
823.248	6.63846
826.17	2.65127
829.092	14.6639
832.012	20.6763
834.932	16.6886
837.851	8.70062
840.768	28.7125
843.685	32.7242
846.599	8.73564
849.514	2.74695
852.428	12.7581
855.339	20.769
858.251	8.77975
861.16	10.7903
864.07	8.80071
866.978	14.8109
869.884	24.8209
872.792	12.8308
875.696	6.84048
878.599	2.84997
881.502	14.8593
884.404	26.8685
887.304	12.8774
890.204	10.8862
893.103	12.8949
896.001	8.90334
898.898	4.91164
901.794	20.9198
904.689	28.9277
907.581	6.93554
910.474	8.94317
913.364	10.9506
916.256	2.95795
919.144	6.96509
922.034	10.9721
924.92	16.9789
927.808	6.98557
930.693	18.9921
933.576	14.9984
936.459	9.00462
939.341	9.01066
942.222	13.0165
945.102	1.02228
947.981	3.02786
950.859	7.03329
953.737	25.0386
956.613	7.0437
959.488	7.04869
962.361	23.0535
965.235	15.0582
968.105	1.06275
970.977	-6.93285
973.846	13.0714
976.716	5.07552
979.583	19.0795
982.449	13.0833
985.316	27.087
988.18	1.09056
991.043	21.094
993.906	-4.90275
996.767	5.10038
999.628	19.1034
1002.49	15.1063
1005.35	9.109
1008.2	3.1116
1011.06	15.1141
1013.91	11.1164
1016.77	7.11863
1019.62	9.12071
1022.48	5.12267
1025.33	-0.875502
1028.18	-0.873799
1031.03	5.12778
1033.87	17.1292
1036.72	-2.86944
1039.57	7.13177
1042.41	15.1329
1045.26	9.13382
1048.1	7.13467
1050.94	15.1354
1053.78	3.13601
1056.62	3.1365
1059.46	13.1369
1062.3	-2.86286
1065.14	23.1373
1067.97	13.1373
1070.81	13.1372
1073.64	23.137
1076.47	9.13674
1079.31	-0.863671
1082.14	21.1358
1084.97	5.13518
1087.8	5.13444
1090.63	17.1336
1093.45	3.13265
1096.28	13.1316
1099.1	9.13044
1101.93	5.12918
1104.75	3.12781
1107.57	11.1263
1110.39	13.1248
1113.21	11.1231
1116.03	9.12135
1118.85	15.1195
1121.66	15.1175
1124.48	17.1155
1127.3	11.1133
1130.11	21.1111
1132.92	9.10875
1135.73	15.1063
1138.54	15.1038
1141.35	1.10118
1144.16	7.09847
1146.97	7.09568
1149.78	15.0928
1152.58	13.0898
1155.39	3.08677
1158.19	5.08363
1161	7.0804
1163.8	7.07709
1166.6	21.0737
1169.4	3.07021
1172.2	11.0666
1174.99	3.063
1177.79	7.05928
1180.59	17.0555
1183.38	13.0516
1186.17	27.0476
1188.97	15.0436
1191.76	7.03948
1194.55	15.0353
1197.34	3.03103
1200.13	11.0267
1202.92	5.02228
1205.7	1.0178
1208.49	7.01325
1211.27	-2.99138
1214.06	19.0039
1216.84	0.99916
1219.62	12.9943
1222.4	0.989427
1225.18	-5.01554
1227.96	6.97943
1230.74	10.9743
1233.51	10.9692
1236.29	12.9639
1239.06	4.95865
1241.84	-1.0467
1244.61	-5.05211
1247.38	0.942414
1250.15	6.93688
1252.92	4.93129
1255.69	12.9256
1258.46	14.9199
1261.23	20.9142
1263.99	22.9084
1266.76	2.90247
1269.52	4.89655
1272.28	10.8906
1275.05	2.88453
1277.81	8.87844
1280.57	2.8723
1283.33	4.86611
1286.08	-3.14013
1288.84	16.8536
1291.6	26.8472
1294.35	10.8409
1297.11	-1.16557
1299.86	16.828
1302.61	14.8214
1305.36	-5.18513
1308.11	20.8083
1310.86	12.8016
1313.61	16.7949
1316.36	6.78817
1319.1	2.78139
1321.85	8.77457
1324.59	14.7677
1327.33	10.7608
1330.08	12.7539
1332.82	0.746909
1335.56	12.7399
1338.3	22.7329
1341.04	8.72578
1343.77	14.7187
1346.51	2.71152
1349.25	18.7043
1351.98	20.6971
1354.71	16.6899
1357.45	4.68261
1360.18	2.67531
1362.91	14.668
1365.64	2.66061
1368.37	10.6532
1371.09	8.6458
1373.82	6.63836
1376.54	10.6309
1379.27	2.6234
1381.99	-9.38412
1384.72	6.60833
1387.44	-3.39923
1390.16	6.59318
1392.88	10.5856
1395.6	8.57794
1398.31	0.570294
1401.03	-5.43737
1403.75	10.5549
1406.46	12.5472
1409.18	-3.46049
1411.89	0.531765
1414.6	20.524
1417.31	12.5162
1420.02	0.508454
1422.73	8.50065
1425.44	8.49284
1428.15	10.485
1430.85	30.4772
1433.56	6.46933
1436.26	14.4615
1438.97	8.4536
1441.67	12.4457
1444.37	6.43783
1447.07	-1.57006
1449.77	2.42203
1452.47	14.4141
1455.16	4.40621
1457.86	14.3983
1460.56	20.3904
1463.25	18.3824
1465.94	4.3745
1468.64	8.36656
1471.33	6.35863
1474.02	2.35069
1476.71	2.34275
1479.4	10.3348
1482.09	10.3269
1484.77	10.3189
1487.46	6.311
1490.14	2.30306
1492.83	8.29514
1495.51	6.28721
1498.19	6.27929
1500.87	20.2714
1503.55	-3.73654
1506.23	28.2556
1508.91	16.2477
1511.59	-1.76023
1514.27	10.2319
1516.94	4.22402
1519.62	12.2162
1522.29	-1.7917
1524.96	24.2005
1527.63	8.19263
1530.3	6.18482
1532.97	0.177011
1535.64	10.1692
1538.31	2.16144
1540.98	-9.84632
1543.64	8.14593
1546.31	12.1382
1548.97	-1.86952
1551.63	4.12279
1554.3	-1.8849
1556.96	14.1074
1559.62	10.0998
1562.28	10.0922
1564.94	2.08457
1567.59	18.077
1570.25	22.0694
1572.9	12.0619
1575.56	-3.94564
1578.21	12.0469
1580.86	8.0394
1583.52	-1.96805
1586.17	-3.97547
1588.82	10.0171
1591.47	6.00976
1594.11	16.0024
1596.76	-0.00490155
1599.41	-0.0121896
1602.05	3.98055
1604.69	9.97332
1607.34	-6.03388
1609.98	17.9589
1612.62	15.9518
1615.26	-4.05531
1617.9	3.93762
1620.54	-2.06943
1623.18	9.92356
1625.81	9.91658
1628.45	9.90964
1631.08	-2.09727
1633.72	25.8959
1636.35	7.88902
1638.98	-0.117785
1641.61	17.8755
1644.24	7.86872
1646.87	11.862
1649.5	1.85538
1652.13	7.84878
1654.75	13.8422
1657.38	1.83568
1660	11.8292
1662.63	5.82274
1665.25	23.8163
1667.87	1.80997
1670.49	-6.19635
1673.11	5.79738
1675.73	-0.208852
1678.35	-2.21504
1680.96	11.7788
1683.58	11.7727
1686.19	7.76668
1688.81	9.76068
1691.42	1.75473
1694.03	1.74882
1696.64	1.74297
1699.25	9.73716
1701.87	11.7314
1704.47	-4.2743
1707.08	7.72004
1709.69	11.7144
1712.29	9.70889
1714.9	9.70339
1717.5	15.6979
1720.1	7.69255
1722.71	7.68721
1725.31	9.68193
1727.91	13.6767
1730.51	7.67153
1733.1	-0.333584
1735.7	5.66135
1738.3	5.65635
1740.89	1.65141
1743.49	9.64652
1746.08	7.64169
1748.67	-4.36307
1751.26	15.6322
1753.86	17.6276
1756.45	5.62298
1759.03	3.61846
1761.62	9.614
1764.21	15.6096
1766.8	3.60526
1769.38	-6.39901
1771.97	13.5968
1774.55	13.5926
1777.13	9.58855
1779.71	-2.41547
1782.29	7.58059
1784.87	15.5767
1787.45	11.5729
1790.03	17.5691
1792.61	9.56546
1795.18	13.5618
1797.76	7.5583
1800.33	-0.445167
1802.9	7.55143
1805.48	17.5481
1808.05	11.5448
1810.62	7.54165
1813.19	11.5385
1815.76	9.53548
1818.33	7.53251
1820.89	13.5296
1823.46	-0.473213
1826.02	11.524
1828.59	7.52136
1831.15	5.51876
1833.71	3.51623
1836.27	-4.48621
1838.84	9.51142
1841.39	9.50912
1843.95	3.5069
1846.51	9.50477
1849.07	13.5027
1851.62	17.5007
1854.18	11.4988
1856.73	-2.50299
1859.29	3.49527
1861.84	9.49361
1864.39	3.49203
1866.94	7.49054
1869.49	9.48912
1872.04	11.4878
1874.59	-0.513453
1877.13	13.4854
1879.68	19.4843
1882.22	7.48331
1884.77	13.4824
1887.31	11.4816
1889.85	9.48085
1892.39	3.4802
1894.93	11.4796
1897.47	17.4792
1900.01	1.47877
1902.55	13.4785
1905.09	3.47826
1907.62	-0.521859
1910.16	3.47811
1912.69	11.4782
1915.22	1.47832
1917.76	7.47856
1920.29	13.4789
1922.82	21.4793
1925.35	7.47983
1927.88	17.4804
1930.4	11.4811
1932.93	-0.518056
1935.46	-8.51717
1937.98	3.48382
1940.51	21.4849
1943.03	11.4861
1945.55	11.4873
1948.07	7.48872
1950.59	5.49018
1953.11	9.49175
1955.63	13.4934
1958.15	3.49516
1960.67	11.497
1963.18	3.49897
1965.7	13.501
1968.21	3.50318
1970.73	9.50544
1973.24	21.5078
1975.75	-6.48975
1978.26	17.5128
1980.77	3.51547
1983.28	5.51823
1985.79	9.52109
1988.29	-0.475939
1990.8	11.5271
1993.31	7.53031
1995.81	-6.46641
1998.31	27.537
