100.093	4.25665
103.274	10.3241
106.457	8.39138
109.636	8.45839
112.817	6.52521
115.994	6.59177
119.172	-3.34185
122.347	18.7243
125.521	24.7902
128.696	30.8559
131.868	10.9213
135.039	18.9865
138.209	7.05154
141.379	27.1164
144.547	9.18092
147.713	1.24526
150.879	23.3094
154.043	7.37328
157.206	-0.563036
160.368	-6.49957
163.529	3.56367
166.689	-4.37331
169.848	15.6895
173.006	13.7521
176.163	-0.18554
179.316	11.8766
182.471	-0.061492
185.625	4.00023
188.777	4.06173
191.927	12.123
195.077	0.184048
198.224	0.244864
201.372	4.3055
204.52	20.3659
207.664	2.4261
210.809	-3.5139
213.95	0.54584
217.091	8.60537
220.233	6.66472
223.372	14.7238
226.509	10.7827
229.648	24.8414
232.784	8.8999
235.918	12.9582
239.051	13.0162
242.186	11.0741
245.317	-0.868314
248.447	11.1891
251.577	13.2463
254.705	23.3033
257.832	-0.639937
260.958	21.4166
264.083	-0.527007
267.204	15.5291
270.327	5.58505
273.449	13.6408
276.57	11.6963
279.69	7.75163
282.806	5.80671
285.924	9.86161
289.04	3.91631
292.154	7.97076
295.268	8.02505
298.379	6.07909
301.492	10.133
304.601	2.18659
307.711	-3.75994
310.818	-3.70672
313.924	8.3463
317.031	-1.60086
320.135	18.4518
323.238	16.5042
326.34	4.55636
329.443	6.6084
332.543	4.66019
335.642	6.71179
338.74	-1.23682
341.836	20.8144
344.932	4.86536
348.027	8.91615
351.12	0.966734
354.213	3.01712
357.302	23.0673
360.393	23.1173
363.482	5.16704
366.57	11.2166
369.656	17.266
372.742	11.3152
375.827	9.36415
378.91	7.41291
381.993	9.4615
385.073	7.50986
388.154	11.5581
391.232	9.60603
394.311	3.65383
397.387	13.7014
400.462	13.7488
403.536	11.796
406.611	7.84297
409.683	11.8898
412.754	7.93635
415.824	-2.01725
418.893	6.02895
421.961	12.075
425.027	-1.87923
428.093	-3.83361
431.158	-1.78818
434.222	8.25705
437.284	16.3021
440.346	-7.65306
443.407	2.39159
446.464	4.43603
449.523	4.4803
452.581	4.52437
455.635	4.56823
458.691	8.61193
461.743	6.6554
464.797	8.69871
467.847	2.74181
470.899	-1.21526
473.947	-7.17255
476.994	10.87
480.043	20.9123
483.088	12.9545
486.133	10.9964
489.176	13.0382
492.22	21.0798
495.262	13.1212
498.302	-0.837584
501.341	3.20343
504.38	9.24426
507.417	7.28491
510.453	9.32536
513.487	23.3656
516.521	3.40569
519.554	3.44559
522.586	-0.514703
525.616	17.5248
528.646	3.56414
531.675	5.6033
534.701	3.64224
537.729	-4.31897
540.753	21.7196
543.778	15.758
546.8	-2.20376
549.821	5.83427
552.844	13.8721
555.863	11.9098
558.881	-4.05272
561.898	1.98457
564.916	-3.97829
567.932	12.0586
570.946	2.0954
573.959	14.132
576.971	2.16836
579.982	6.20457
582.993	10.2406
586	6.27643
589.008	12.3121
592.015	0.347586
595.022	14.3829
598.025	-7.582
601.029	0.452957
604.032	6.48773
607.033	14.5223
610.034	-5.44328
613.032	4.59094
616.032	8.625
619.028	2.65886
622.023	2.69255
625.018	0.726054
628.013	8.75941
631.005	20.7926
633.997	8.82554
636.987	-1.14165
639.977	8.89097
642.965	2.92343
645.952	2.95571
648.939	10.9878
651.924	-0.980263
654.909	-2.94851
657.892	3.08307
660.873	-2.88554
663.854	7.14569
666.835	21.1768
669.813	-6.79238
672.791	5.23833
675.767	11.2689
678.743	5.29922
681.717	-0.670602
684.692	9.35942
687.664	13.3893
690.634	9.41892
693.606	25.4484
696.575	3.47775
699.543	3.5069
702.51	19.5359
705.475	-6.43531
708.44	7.59333
711.404	-4.3782
714.367	5.6501
717.329	11.6782
720.29	17.7062
723.25	13.734
726.207	5.7616
729.166	15.7891
732.123	3.81635
735.077	1.84346
738.032	3.87041
740.984	9.89718
743.938	7.9238
746.888	3.95024
749.839	21.9765
752.788	18.0026
755.735	30.0286
758.682	16.0543
761.627	14.08
764.574	4.10541
767.517	22.1307
770.46	4.1558
773.402	28.1807
776.342	10.2055
779.282	8.23015
782.219	24.2546
785.157	16.2789
788.094	10.303
791.029	-1.67302
793.962	24.3508
796.896	10.3744
799.828	28.3979
802.76	12.4212
805.689	26.4443
808.619	6.46732
811.546	12.4901
814.473	20.5128
817.4	8.5353
820.324	38.5576
823.248	18.5798
826.17	18.6018
829.092	12.6237
832.012	8.64537
834.932	20.6669
837.851	10.6883
840.768	6.70949
843.685	28.7305
846.599	6.75143
849.514	12.7722
852.428	14.7928
855.339	16.8132
858.251	22.8334
861.16	12.8535
864.07	10.8735
866.978	8.89325
869.884	22.9129
872.792	12.9324
875.696	2.95166
878.599	22.9708
881.502	12.9898
884.404	17.0087
887.304	-8.97265
890.204	7.04588
893.103	19.0643
896.001	-0.91752
898.898	17.1005
901.794	11.1185
904.689	19.1362
907.581	5.15382
910.474	13.1713
913.364	9.18856
916.256	17.2057
919.144	9.22268
922.034	7.23952
924.92	3.2562
927.808	19.2727
930.693	17.2891
933.576	5.30533
936.459	1.32139
939.341	15.3373
942.222	5.35308
945.102	17.3687
947.981	-2.61584
950.859	11.3995
953.737	-0.585365
956.613	21.4296
959.488	11.4445
962.361	3.45922
965.235	11.4738
968.105	-4.51181
970.977	13.5025
973.846	5.51656
976.716	9.53053
979.583	15.5443
982.449	9.558
985.316	13.5715
988.18	17.5849
991.043	5.59812
993.906	13.6112
996.767	-2.37589
999.628	19.6369
1002.49	-2.35047
1005.35	9.66201
1008.2	21.6744
1011.06	-8.31346
1013.91	7.69859
1016.77	5.71049
1019.62	13.7222
1022.48	15.7339
1025.33	3.74531
1028.18	1.75663
1031.03	19.7678
1033.87	1.77883
1036.72	21.7897
1039.57	13.8005
1042.41	7.81106
1045.26	27.8215
1048.1	3.83182
1050.94	5.84198
1053.78	1.852
1056.62	5.86188
1059.46	21.8716
1062.3	11.8812
1065.14	-4.10933
1067.97	-4.10002
1070.81	7.90914
1073.64	9.91817
1076.47	21.9271
1079.31	9.9358
1082.14	3.9444
1084.97	15.9529
1087.8	19.9612
1090.63	1.96937
1093.45	13.9774
1096.28	17.9853
1099.1	5.99307
1101.93	4.00069
1104.75	16.0082
1107.57	2.01551
1110.39	14.0227
1113.21	8.02978
1116.03	2.03671
1118.85	4.0435
1121.66	18.0501
1124.48	12.0567
1127.3	16.063
1130.11	10.0693
1132.92	8.07538
1135.73	18.0813
1138.54	-1.91284
1141.35	12.0929
1144.16	18.0984
1146.97	0.103829
1149.78	10.1091
1152.58	6.11425
1155.39	10.1193
1158.19	10.1241
1161	12.1289
1163.8	2.13348
1166.6	16.138
1169.4	-3.85771
1172.2	-1.85351
1174.99	16.1506
1177.79	2.15449
1180.59	8.15829
1183.38	14.162
1186.17	12.1655
1188.97	20.1689
1191.76	4.17215
1194.55	8.17528
1197.34	12.1783
1200.13	-5.81885
1202.92	22.1839
1205.7	6.18649
1208.49	-1.81103
1211.27	18.1913
1214.06	26.1935
1216.84	12.1956
1219.62	10.1975
1222.4	4.19936
1225.18	8.20105
1227.96	6.2026
1230.74	22.204
1233.51	16.2053
1236.29	6.20649
1239.06	8.20753
1241.84	14.2084
1244.61	12.2092
1247.38	0.209866
1250.15	6.21039
1252.92	4.21078
1255.69	-9.78896
1258.46	2.21118
1261.23	12.2112
1263.99	14.2111
1266.76	18.2108
1269.52	22.2104
1272.28	6.20994
1275.05	4.20931
1277.81	2.20856
1280.57	12.2077
1283.33	10.2067
1286.08	8.20553
1288.84	12.2043
1291.6	14.2029
1294.35	14.2014
1297.11	12.1997
1299.86	8.19797
1302.61	14.1961
1305.36	22.1941
1308.11	4.19193
1310.86	8.18967
1313.61	16.1873
1316.36	12.1848
1319.1	14.1821
1321.85	14.1794
1324.59	10.1765
1327.33	16.1735
1330.08	14.1704
1332.82	8.16711
1335.56	6.16374
1338.3	14.1602
1341.04	8.15662
1343.77	6.15288
1346.51	8.14902
1349.25	16.145
1351.98	12.1409
1354.71	16.1367
1357.45	10.1324
1360.18	8.12788
1362.91	16.1233
1365.64	12.1186
1368.37	12.1137
1371.09	10.1088
1373.82	8.10372
1376.54	12.0985
1379.27	12.0932
1381.99	6.08779
1384.72	6.08223
1387.44	14.0766
1390.16	0.0707738
1392.88	8.06487
1395.6	14.0588
1398.31	24.0527
1401.03	12.0464
1403.75	22.0401
1406.46	-3.96645
1409.18	12.0269
1411.89	12.0202
1414.6	6.01334
1417.31	16.0064
1420.02	5.99929
1422.73	7.99209
1425.44	-0.0152359
1428.15	21.9773
1430.85	-4.03022
1433.56	17.9621
1436.26	3.95432
1438.97	19.9464
1441.67	-4.06159
1444.37	15.9303
1447.07	9.92203
1449.77	7.91367
1452.47	7.9052
1455.16	5.8966
1457.86	3.8879
1460.56	9.87908
1463.25	9.87014
1465.94	9.8611
1468.64	7.85193
1471.33	1.84266
1474.02	23.8333
1476.71	-4.17623
1479.4	5.81415
1482.09	9.80443
1484.77	-2.20541
1487.46	-0.215363
1490.14	9.77457
1492.83	9.76439
1495.51	-2.24589
1498.19	-4.2563
1500.87	15.7332
1503.55	17.7226
1506.23	3.71183
1508.91	21.701
1511.59	11.69
1514.27	17.679
1516.94	17.6678
1519.62	11.6565
1522.29	9.64509
1524.96	3.63359
1527.63	11.622
1530.3	11.6102
1532.97	17.5984
1535.64	-0.413548
1538.31	25.5744
1540.98	13.5622
1543.64	5.54995
1546.31	19.5376
1548.97	9.52508
1551.63	-0.487516
1554.3	19.4998
1556.96	9.48696
1559.62	5.47403
1562.28	-2.539
1564.94	7.44786
1567.59	17.4346
1570.25	11.4213
1572.9	11.4078
1575.56	9.39423
1578.21	11.3806
1580.86	3.36678
1583.52	-4.64711
1586.17	11.3389
1588.82	17.3248
1591.47	-10.6894
1594.11	13.2963
1596.76	11.2819
1599.41	9.26735
1602.05	17.2527
1604.69	19.238
1607.34	-0.776839
1609.98	3.20822
1612.62	15.1932
1615.26	5.17802
1617.9	31.1628
1620.54	15.1474
1623.18	1.13196
1625.81	13.1164
1628.45	-0.89928
1631.08	27.085
1633.72	9.06908
1636.35	13.0531
1638.98	15.037
1641.61	19.0208
1644.24	3.00455
1646.87	-1.01184
1649.5	14.9717
1652.13	22.9551
1654.75	6.93839
1657.38	8.9216
1660	16.9047
1662.63	6.88771
1665.25	14.8706
1667.87	22.8534
1670.49	6.8361
1673.11	10.8187
1675.73	8.8012
1678.35	12.7836
1680.96	14.7659
1683.58	0.7481
1686.19	10.7302
1688.81	12.7122
1691.42	12.6941
1694.03	4.67588
1696.64	6.65759
1699.25	4.63919
1701.87	14.6207
1704.47	8.60209
1707.08	14.5834
1709.69	8.5646
1712.29	14.5457
1714.9	10.5267
1717.5	10.5076
1720.1	14.4885
1722.71	-5.53083
1725.31	8.44979
1727.91	16.4303
1730.51	20.4107
1733.1	2.39107
1735.7	16.3713
1738.3	2.35143
1740.89	4.33147
1743.49	22.3114
1746.08	4.29125
1748.67	14.271
1751.26	8.25066
1753.86	12.2302
1756.45	14.2097
1759.03	4.18905
1761.62	4.16831
1764.21	20.1475
1766.8	-9.87342
1769.38	10.1056
1771.97	6.08445
1774.55	-11.9368
1777.13	8.04195
1779.71	6.02056
1782.29	17.9991
1784.87	5.9775
1787.45	17.9558
1790.03	3.93407
1792.61	5.9122
1795.18	17.8903
1797.76	7.8682
1800.33	19.8461
1802.9	15.8238
1805.48	7.80152
1808.05	5.7791
1810.62	7.75659
1813.19	19.734
1815.76	5.71129
1818.33	-2.3115
1820.89	25.6656
1823.46	7.64266
1826.02	19.6196
1828.59	7.59645
1831.15	7.57321
1833.71	9.54986
1836.27	17.5264
1838.84	1.50293
1841.39	19.4793
1843.95	9.45563
1846.51	11.4318
1849.07	5.40797
1851.62	17.384
1854.18	1.35994
1856.73	7.3358
1859.29	17.3116
1861.84	11.2872
1864.39	-6.73717
1866.94	29.2383
1869.49	11.2137
1872.04	13.189
1874.59	7.16427
1877.13	17.1394
1879.68	-2.88552
1882.22	17.0894
1884.77	-10.9357
1887.31	13.0391
1889.85	-6.98619
1892.39	16.9884
1894.93	2.96296
1897.47	18.9374
1900.01	6.91174
1902.55	14.886
1905.09	0.860187
1907.62	16.8343
1910.16	10.8083
1912.69	18.7822
1915.22	10.756
1917.76	20.7298
1920.29	6.70345
1922.82	6.67703
1925.35	4.65051
1927.88	2.62391
1930.4	16.5972
1932.93	2.57047
1935.46	8.54361
1937.98	20.5167
1940.51	-5.51035
1943.03	6.46254
1945.55	2.43536
1948.07	26.4081
1950.59	12.3807
1953.11	8.35327
1955.63	16.3257
1958.15	14.2981
1960.67	4.27044
1963.18	10.2427
1965.7	18.2148
1968.21	0.186853
1970.73	2.15882
1973.24	0.130701
1975.75	12.1025
1978.26	16.0742
1980.77	6.04588
1983.28	8.01742
1985.79	19.9889
1988.29	7.9603
1990.8	13.9316
1993.31	3.90282
1995.81	13.874
1998.31	5.84505
