100.093	10.064
103.274	38.0309
106.457	27.998
109.636	17.9655
112.817	15.9332
115.994	25.9012
119.172	9.86952
122.347	9.83813
125.521	11.807
128.696	-8.22381
131.868	19.7457
135.039	19.7154
138.209	31.6854
141.379	9.65572
144.547	7.6263
147.713	23.5972
150.879	29.5683
154.043	11.5397
157.206	9.51141
160.368	23.4834
163.529	23.4556
166.689	7.4281
169.848	11.4009
173.006	19.3739
176.163	11.3472
179.316	17.3208
182.471	5.29462
185.625	13.2687
188.777	3.24306
191.927	23.2177
195.077	19.1926
198.224	5.1677
201.372	11.1431
204.52	7.11872
207.664	21.0946
210.809	-4.92924
213.95	21.0472
217.091	-0.97617
220.233	17.0007
223.372	22.9779
226.509	18.9553
229.648	6.9329
232.784	4.91078
235.918	14.8889
239.051	24.8673
242.186	12.8459
245.317	16.8247
248.447	12.8038
251.577	12.7831
254.705	6.76268
257.832	34.7425
260.958	10.7225
264.083	12.7027
267.204	14.6832
270.327	26.6639
273.449	4.64488
276.57	10.626
279.69	18.6074
282.806	14.5891
285.924	26.5709
289.04	16.5529
292.154	8.53523
295.268	4.51773
298.379	18.5005
301.492	20.4834
304.601	-3.53345
307.711	14.4499
310.818	30.4335
313.924	12.4173
317.031	18.4013
320.135	8.38551
323.238	12.3699
326.34	22.3546
329.443	26.3394
332.543	10.3245
335.642	16.3097
338.74	14.2952
341.836	16.2808
344.932	12.2667
348.027	14.2527
351.12	18.239
354.213	14.2254
357.302	10.2121
360.393	22.1989
363.482	20.186
366.57	-11.8268
369.656	14.1606
372.742	12.1482
375.827	10.136
378.91	12.124
381.993	6.11218
385.073	28.1006
388.154	16.0891
391.232	18.0778
394.311	-3.93326
397.387	-3.94416
400.462	4.04512
403.536	8.03458
406.611	10.0242
409.683	16.014
412.754	6.00401
415.824	13.9942
418.893	5.98452
421.961	-0.0249715
425.027	13.9657
428.093	7.95656
431.158	3.94759
434.222	-0.0612242
437.284	11.9301
440.346	15.9217
443.407	5.91335
446.464	1.9052
449.523	5.89722
452.581	-0.110604
455.635	11.8817
458.691	15.8742
461.743	1.8669
464.797	-0.140288
467.847	15.8527
470.899	-0.154187
473.947	-0.160902
476.994	-6.16746
480.043	7.82612
483.088	11.8199
486.133	7.81376
489.176	-4.1922
492.22	9.80198
495.262	7.79632
498.302	15.7908
501.341	17.7854
504.38	11.7802
507.417	-10.2249
510.453	17.7702
513.487	7.76536
516.521	5.7607
519.554	1.75617
522.586	1.75178
525.616	3.74753
528.646	13.7434
531.675	-0.260561
534.701	9.73559
537.729	7.73188
540.753	1.7283
543.778	11.7248
546.8	3.72153
549.821	7.71833
552.844	3.71527
555.863	3.71233
558.881	9.70952
561.898	9.70683
564.916	11.7043
567.932	9.70182
570.946	1.6995
573.959	13.6973
576.971	1.69522
579.982	3.69326
582.993	7.69142
586	5.68969
589.008	9.68808
592.015	13.6866
595.022	11.6852
598.025	3.68393
601.029	1.68278
604.032	15.6817
607.033	11.6808
610.034	-0.320037
613.032	7.67924
616.032	-2.32137
619.028	5.67812
622.023	19.6777
625.018	9.67742
628.013	9.67723
631.005	-10.3229
633.997	17.6771
636.987	9.67725
639.977	9.67746
642.965	3.67776
645.952	-6.32183
648.939	7.67867
651.924	7.67926
654.909	13.68
657.892	3.68073
660.873	7.68161
663.854	-10.3174
666.835	7.68364
669.813	5.68479
672.791	1.68602
675.767	13.6873
678.743	27.6888
681.717	1.69026
684.692	11.6918
687.664	9.69351
690.634	7.69526
693.606	31.6971
696.575	13.699
699.543	17.701
702.51	9.70309
705.475	9.70524
708.44	23.7075
711.404	-4.29022
714.367	3.71217
717.329	9.71463
720.29	7.71717
723.25	7.71978
726.207	9.72246
729.166	13.7252
732.123	7.72804
735.077	13.7309
738.032	11.7339
740.984	-2.26308
743.938	17.74
746.888	3.74318
749.839	5.74642
752.788	5.74971
755.735	11.7531
758.682	23.7565
761.627	-2.24003
764.574	11.7635
767.517	21.7671
770.46	7.77078
773.402	-0.225499
776.342	15.7783
779.282	25.7821
782.219	-0.213995
785.157	13.79
788.094	13.794
791.029	25.798
793.962	7.80211
796.896	25.8063
799.828	5.81048
802.76	21.8147
805.689	11.819
808.619	-2.1766
811.546	1.8278
814.473	9.83225
817.4	7.83675
820.324	21.8413
823.248	9.84587
826.17	5.85049
829.092	21.8552
832.012	1.85987
834.932	13.8646
837.851	25.8694
840.768	5.87424
843.685	5.87911
846.599	17.884
849.514	15.889
852.428	21.8939
855.339	15.8989
858.251	23.904
861.16	21.9091
864.07	9.91418
866.978	5.91932
869.884	15.9245
872.792	11.9297
875.696	3.93493
878.599	23.9402
881.502	15.9455
884.404	3.95079
887.304	7.95613
890.204	23.9615
893.103	9.96689
896.001	-0.0276938
898.898	9.97774
901.794	11.9832
904.689	7.98868
907.581	9.99418
910.474	11.9997
913.364	6.00524
916.256	18.0108
919.144	10.0164
922.034	4.02196
924.92	8.02757
927.808	2.03319
930.693	4.03882
933.576	8.04447
936.459	20.0501
939.341	6.0558
942.222	2.06149
945.102	16.0672
947.981	0.0728849
950.859	4.0786
953.737	8.08432
956.613	4.09005
959.488	16.0958
962.361	-9.89848
965.235	14.1073
968.105	14.113
970.977	-5.88124
973.846	10.1245
976.716	14.1303
979.583	12.136
982.449	-7.85821
985.316	-1.85245
988.18	20.1533
991.043	2.15906
993.906	2.16481
996.767	16.1706
999.628	4.17631
1002.49	10.182
1005.35	4.18778
1008.2	6.19351
1011.06	6.19923
1013.91	6.20495
1016.77	12.2107
1019.62	14.2164
1022.48	2.22204
1025.33	8.22771
1028.18	18.2334
1031.03	0.239033
1033.87	16.2447
1036.72	8.2503
1039.57	18.2559
1042.41	10.2615
1045.26	12.2671
1048.1	16.2727
1050.94	6.27821
1053.78	6.28374
1056.62	22.2893
1059.46	-5.70525
1062.3	0.300222
1065.14	4.30567
1067.97	14.3111
1070.81	12.3165
1073.64	18.3219
1076.47	12.3273
1079.31	0.332609
1082.14	22.3379
1084.97	20.3432
1087.8	12.3485
1090.63	10.3537
1093.45	8.35893
1096.28	8.36411
1099.1	10.3693
1101.93	8.37438
1104.75	-1.62052
1107.57	6.38454
1110.39	20.3896
1113.21	14.3946
1116.03	20.3995
1118.85	-9.59553
1121.66	2.40937
1124.48	14.4142
1127.3	10.4191
1130.11	-9.57615
1132.92	16.4286
1135.73	2.43332
1138.54	10.438
1141.35	10.4426
1144.16	10.4472
1146.97	16.4518
1149.78	0.456322
1152.58	0.460797
1155.39	4.46523
1158.19	8.46963
1161	0.473978
1163.8	22.4783
1166.6	2.48254
1169.4	6.48676
1172.2	10.4909
1174.99	6.49505
1177.79	-3.50087
1180.59	0.503153
1183.38	6.50713
1186.17	14.5111
1188.97	6.51494
1191.76	14.5188
1194.55	2.52255
1197.34	8.52627
1200.13	20.5299
1202.92	-5.46643
1205.7	2.53714
1208.49	4.54065
1211.27	4.54411
1214.06	8.54751
1216.84	-3.44914
1219.62	14.5541
1222.4	12.5574
1225.18	0.560552
1227.96	0.563667
1230.74	6.56672
1233.51	14.5697
1236.29	24.5727
1239.06	16.5755
1241.84	8.57834
1244.61	8.5811
1247.38	-1.41622
1250.15	6.58641
1252.92	2.58897
1255.69	0.591464
1258.46	26.5939
1261.23	10.5963
1263.99	10.5986
1266.76	-5.39921
1269.52	18.603
1272.28	0.605045
1275.05	14.6071
1277.81	10.609
1280.57	0.610915
1283.33	-3.38727
1286.08	4.61448
1288.84	-1.38385
1291.6	-3.38225
1294.35	6.61928
1297.11	14.6207
1299.86	6.62211
1302.61	20.6234
1305.36	-3.37536
1308.11	2.6258
1310.86	2.62688
1313.61	22.6279
1316.36	6.6288
1319.1	18.6296
1321.85	10.6304
1324.59	22.6311
1327.33	26.6317
1330.08	4.63223
1332.82	-3.36733
1335.56	0.633039
1338.3	12.6333
1341.04	12.6335
1343.77	14.6336
1346.51	4.63367
1349.25	20.6336
1351.98	8.63348
1354.71	8.63325
1357.45	-3.36705
1360.18	12.6325
1362.91	4.63207
1365.64	-3.3685
1368.37	10.6308
1371.09	10.6301
1373.82	0.629254
1376.54	16.6283
1379.27	-5.37269
1381.99	-1.3738
1384.72	8.625
1387.44	8.62371
1390.16	4.62233
1392.88	-3.37915
1395.6	18.6193
1398.31	16.6176
1401.03	22.6159
1403.75	8.61401
1406.46	14.6121
1409.18	4.61001
1411.89	16.6079
1414.6	12.6056
1417.31	8.60329
1420.02	14.6008
1422.73	20.5983
1425.44	14.5957
1428.15	12.5929
1430.85	-1.40989
1433.56	32.5872
1436.26	10.5841
1438.97	12.581
1441.67	2.57775
1444.37	6.57441
1447.07	0.570958
1449.77	6.56741
1452.47	-5.43625
1455.16	2.55999
1457.86	14.5561
1460.56	-5.44786
1463.25	6.54806
1465.94	28.5439
1468.64	6.53958
1471.33	4.53518
1474.02	4.53066
1476.71	4.52604
1479.4	10.5213
1482.09	2.51647
1484.77	12.5115
1487.46	10.5065
1490.14	2.50128
1492.83	8.496
1495.51	20.4906
1498.19	2.48509
1500.87	4.47947
1503.55	4.47373
1506.23	12.4679
1508.91	0.461907
1511.59	18.4558
1514.27	-1.55038
1516.94	8.44331
1519.62	0.436874
1522.29	26.4303
1524.96	6.42366
1527.63	8.41687
1530.3	10.41
1532.97	0.402944
1535.64	4.3958
1538.31	16.3885
1540.98	14.3812
1543.64	8.37365
1546.31	8.36602
1548.97	6.35827
1551.63	-7.6496
1554.3	4.34241
1556.96	12.3343
1559.62	12.326
1562.28	14.3177
1564.94	16.3092
1567.59	8.30058
1570.25	8.29184
1572.9	6.28297
1575.56	16.274
1578.21	16.2649
1580.86	0.255604
1583.52	8.24622
1586.17	4.23672
1588.82	14.2271
1591.47	12.2173
1594.11	-7.79257
1596.76	20.1974
1599.41	10.1873
1602.05	8.17697
1604.69	8.16656
1607.34	12.156
1609.98	6.14533
1612.62	8.13451
1615.26	4.12356
1617.9	6.11249
1620.54	12.1013
1623.18	12.0899
1625.81	6.07843
1628.45	26.0668
1631.08	0.0550627
1633.72	10.0432
1636.35	0.0311448
1638.98	10.019
1641.61	8.00668
1644.24	13.9942
1646.87	7.98165
1649.5	7.96893
1652.13	13.9561
1654.75	-2.05692
1657.38	19.9299
1660	9.91666
1662.63	11.9032
1665.25	17.8897
1667.87	1.87598
1670.49	17.8621
1673.11	13.8482
1675.73	13.834
1678.35	23.8198
1680.96	17.8053
1683.58	11.7908
1686.19	-4.22393
1688.81	17.7612
1691.42	-6.25377
1694.03	-8.26892
1696.64	17.7158
1699.25	1.70036
1701.87	11.6848
1704.47	11.669
1707.08	3.65317
1709.69	5.63715
1712.29	23.621
1714.9	9.60465
1717.5	9.58819
1720.1	-0.42844
1722.71	-4.44522
1725.31	9.53787
1727.91	5.52079
1730.51	9.50357
1733.1	11.4862
1735.7	3.46866
1738.3	23.451
1740.89	5.43314
1743.49	-0.584843
1746.08	7.39702
1748.67	5.37872
1751.26	1.36028
1753.86	3.34167
1756.45	7.32291
1759.03	1.304
1761.62	-6.71508
1764.21	5.2657
1766.8	23.2463
1769.38	1.22678
1771.97	15.2071
1774.55	3.18722
1777.13	-2.8328
1779.71	21.147
1782.29	15.1267
1784.87	3.10621
1787.45	11.0856
1790.03	13.0648
1792.61	1.04378
1795.18	1.02265
1797.76	-12.9986
1800.33	-1.0201
1802.9	2.95829
1805.48	0.936511
1808.05	4.91457
1810.62	14.8925
1813.19	6.8702
1815.76	2.84776
1818.33	10.8252
1820.89	-3.1976
1823.46	14.7795
1826.02	6.75639
1828.59	-1.26685
1831.15	2.70973
1833.71	12.6861
1836.27	2.66238
1838.84	28.6385
1841.39	6.61438
1843.95	8.59013
1846.51	22.5657
1849.07	4.54113
1851.62	12.5164
1854.18	-3.50857
1856.73	6.46635
1859.29	-1.55893
1861.84	2.41565
1864.39	12.39
1866.94	4.36426
1869.49	14.3383
1872.04	10.3122
1874.59	26.2859
1877.13	10.2594
1879.68	6.23283
1882.22	12.206
1884.77	6.17903
1887.31	4.15189
1889.85	24.1246
1892.39	18.0971
1894.93	8.0694
1897.47	22.0415
1900.01	18.0135
1902.55	1.98533
1905.09	11.957
1907.62	1.9284
1910.16	17.8997
1912.69	15.8708
1915.22	3.84171
1917.76	13.8125
1920.29	-0.216976
1922.82	-0.246577
1925.35	7.72362
1927.88	-0.306336
1930.4	-2.33648
1932.93	13.6332
1935.46	7.6027
1937.98	11.572
1940.51	1.54116
1943.03	15.5101
1945.55	9.4789
1948.07	13.4475
1950.59	-0.58408
1953.11	-4.61586
1955.63	13.3522
1958.15	7.32008
1960.67	5.28778
1963.18	7.25529
1965.7	-4.77739
1968.21	1.18975
1970.73	21.1567
1973.24	5.12347
1975.75	1.09008
1978.26	11.0565
1980.77	11.0227
1983.28	24.9887
1985.79	0.95459
1988.29	4.92026
1990.8	8.88572
1993.31	-3.14898
1995.81	6.81612
1998.31	12.7811
