100.093	11.6795
103.274	15.6774
106.457	27.6755
109.636	17.6738
112.817	11.6723
115.994	11.6709
119.172	11.6697
122.347	15.6687
125.521	5.66778
128.696	17.6671
131.868	7.6665
135.039	19.6661
138.209	17.6659
141.379	17.6658
144.547	3.66586
147.713	5.66609
150.879	11.6665
154.043	17.667
157.206	11.6677
160.368	15.6686
163.529	11.6696
166.689	9.67074
169.848	5.67205
173.006	3.67351
176.163	-4.32489
179.316	15.6769
182.471	1.67877
185.625	9.68083
188.777	5.68302
191.927	9.68536
195.077	1.68785
198.224	9.69048
201.372	11.6933
204.52	7.69617
207.664	11.6992
210.809	9.70242
213.95	21.7058
217.091	9.70923
220.233	-2.28716
223.372	-0.28341
226.509	7.72047
229.648	11.7245
232.784	7.72865
235.918	25.7329
239.051	-0.26264
242.186	7.74192
245.317	17.7466
248.447	23.7514
251.577	9.75636
254.705	11.7614
257.832	15.7666
260.958	13.772
264.083	13.7774
267.204	-0.216995
270.327	17.7887
273.449	9.79455
276.57	7.8005
279.69	17.8066
282.806	-2.18722
285.924	7.8191
289.04	17.8255
292.154	5.8321
295.268	11.8388
298.379	13.8456
301.492	13.8525
304.601	7.85952
307.711	17.8667
310.818	1.87392
313.924	1.8813
317.031	11.8888
320.135	-0.103613
323.238	11.9041
326.34	11.9119
329.443	5.91986
332.543	-4.0721
335.642	7.93605
338.74	-14.0557
341.836	1.95268
344.932	19.9612
348.027	17.9697
351.12	-0.0215842
354.213	15.9872
357.302	21.9961
360.393	8.00509
363.482	12.0142
366.57	12.0234
369.656	6.03268
372.742	8.04208
375.827	16.0516
378.91	18.0612
381.993	14.0709
385.073	4.08065
388.154	14.0905
391.232	16.1005
394.311	14.1106
397.387	-1.87923
400.462	18.131
403.536	0.141379
406.611	4.15183
409.683	8.16237
412.754	14.173
415.824	12.1837
418.893	-7.80548
421.961	12.2054
425.027	-1.78361
428.093	8.22746
431.158	14.2386
434.222	4.24985
437.284	2.26118
440.346	18.2726
443.407	6.28408
446.464	4.29565
449.523	2.30731
452.581	-1.68095
455.635	-1.66914
458.691	26.3428
461.743	16.3547
464.797	14.3668
467.847	14.3789
470.899	18.3911
473.947	10.4034
476.994	22.4158
480.043	6.4282
483.088	2.4407
486.133	18.4533
489.176	-1.53407
492.22	0.478666
495.262	6.49146
498.302	-1.49567
501.341	14.5173
504.38	4.53027
507.417	8.54335
510.453	8.55649
513.487	16.5697
516.521	16.583
519.554	4.59632
522.586	4.60973
525.616	8.62319
528.646	4.63673
531.675	-1.34966
534.701	8.66399
537.729	12.6777
540.753	22.6915
543.778	-9.29465
546.8	8.71925
549.821	4.73321
552.844	0.747243
555.863	14.7613
558.881	4.77546
561.898	8.78965
564.916	6.80391
567.932	18.8182
570.946	4.83257
573.959	-1.15301
576.971	2.86145
579.982	14.876
582.993	16.8905
586	10.9052
589.008	10.9198
592.015	14.9346
595.022	0.949345
598.025	6.96416
601.029	18.979
604.032	0.993958
607.033	-2.99108
610.034	11.0239
613.032	7.03899
616.032	-0.945904
619.028	3.06924
622.023	11.0844
625.018	11.0997
628.013	9.11494
631.005	3.13026
633.997	-4.85438
636.987	1.16101
639.977	15.1765
642.965	3.19193
645.952	1.20745
648.939	5.22301
651.924	9.2386
654.909	11.2542
657.892	11.2699
660.873	7.2856
663.854	11.3013
666.835	5.31712
669.813	-8.66708
672.791	11.3488
675.767	5.36463
678.743	5.38054
681.717	-0.603531
684.692	17.4124
687.664	-4.57156
690.634	17.4445
693.606	17.4605
696.575	13.4766
699.543	5.49272
702.51	11.5089
705.475	5.52502
708.44	5.54121
711.404	9.55743
714.367	9.57367
717.329	-0.410061
720.29	3.60623
723.25	9.62255
726.207	1.63888
729.166	1.65524
732.123	13.6716
735.077	5.68801
738.032	7.70444
740.984	15.7209
743.938	11.7373
746.888	5.75381
749.839	1.77032
752.788	21.7868
755.735	9.80335
758.682	-2.1801
761.627	5.83646
764.574	-0.146957
767.517	7.86963
770.46	13.8862
773.402	-0.0971424
776.342	27.9195
779.282	1.93614
782.219	11.9528
785.157	15.9694
788.094	9.98613
791.029	12.0028
793.962	10.0195
796.896	10.0362
799.828	4.05293
802.76	2.06966
805.689	14.0864
808.619	18.1031
811.546	0.11986
814.473	8.1366
817.4	22.1534
820.324	14.1701
823.248	16.1869
826.17	10.2036
829.092	8.22041
832.012	4.23718
834.932	12.2539
837.851	26.2707
840.768	4.2875
843.685	18.3043
846.599	14.321
849.514	-5.66219
852.428	16.3546
855.339	-5.62865
858.251	20.3881
861.16	8.40488
864.07	18.4216
866.978	10.4384
869.884	10.4551
872.792	4.4719
875.696	2.48863
878.599	12.5054
881.502	6.52209
884.404	18.5388
887.304	10.5555
890.204	16.5722
893.103	0.588922
896.001	8.60561
898.898	6.62229
901.794	8.63896
904.689	-3.34439
907.581	10.6722
910.474	4.68888
913.364	4.7055
916.256	4.72211
919.144	4.7387
922.034	-1.24472
924.92	6.77184
927.808	4.7884
930.693	8.80493
933.576	-5.17855
936.459	2.83795
939.341	4.85443
942.222	6.8709
945.102	0.88735
947.981	4.90378
950.859	4.9202
953.737	6.93659
956.613	6.95297
959.488	-1.03068
962.361	0.985647
965.235	19.002
968.105	7.01824
970.977	15.0345
973.846	3.05075
976.716	11.067
979.583	5.08317
982.449	-2.90066
985.316	9.1155
988.18	5.13162
991.043	-0.852287
993.906	5.16378
996.767	11.1798
999.628	9.19584
1002.49	11.2118
1005.35	3.22779
1008.2	13.2437
1011.06	7.25962
1013.91	-2.7245
1016.77	9.29135
1019.62	5.30715
1022.48	13.3229
1025.33	9.33869
1028.18	9.35441
1031.03	15.3701
1033.87	5.38574
1036.72	9.40137
1039.57	25.417
1042.41	7.43251
1045.26	7.44802
1048.1	11.4635
1050.94	3.47895
1053.78	9.49436
1056.62	5.50974
1059.46	13.5251
1062.3	11.5404
1065.14	7.55564
1067.97	11.5709
1070.81	11.586
1073.64	-0.398805
1076.47	9.6163
1079.31	15.6314
1082.14	1.64639
1084.97	3.66138
1087.8	7.67632
1090.63	-6.30878
1093.45	13.7061
1096.28	19.7209
1099.1	15.7357
1101.93	5.7504
1104.75	1.76508
1107.57	13.7797
1110.39	17.7943
1113.21	3.80887
1116.03	5.82338
1118.85	-2.16216
1121.66	-6.14776
1124.48	5.86661
1127.3	13.8809
1130.11	1.8952
1132.92	7.90942
1135.73	1.92359
1138.54	9.93771
1141.35	9.95178
1144.16	19.9658
1146.97	5.97978
1149.78	3.9937
1152.58	16.0076
1155.39	10.0214
1158.19	6.03515
1161	-5.95114
1163.8	12.0625
1166.6	6.07613
1169.4	0.0896835
1172.2	0.103177
1174.99	12.1166
1177.79	8.13001
1180.59	12.1433
1183.38	12.1566
1186.17	6.16984
1188.97	8.183
1191.76	0.196106
1194.55	22.2092
1197.34	0.222146
1200.13	-1.76492
1202.92	0.247952
1205.7	0.260759
1208.49	6.27352
1211.27	6.28621
1214.06	10.2988
1216.84	12.3114
1219.62	6.32392
1222.4	-5.66362
1225.18	8.34876
1227.96	14.3611
1230.74	16.3734
1233.51	8.38555
1236.29	12.3977
1239.06	4.40976
1241.84	0.421766
1244.61	18.4337
1247.38	10.4456
1250.15	-7.54261
1252.92	10.4691
1255.69	-1.51918
1258.46	-1.50757
1261.23	12.504
1263.99	12.5155
1266.76	8.52687
1269.52	-1.4618
1272.28	0.549474
1275.05	4.56068
1277.81	2.57182
1280.57	8.58288
1283.33	12.5939
1286.08	0.604797
1288.84	4.61565
1291.6	18.6264
1294.35	2.63714
1297.11	12.6478
1299.86	4.65834
1302.61	2.66884
1305.36	-7.32075
1308.11	12.6896
1310.86	6.69987
1313.61	8.71007
1316.36	12.7202
1319.1	10.7302
1321.85	14.7402
1324.59	12.7501
1327.33	2.75993
1330.08	6.76967
1332.82	22.7793
1335.56	10.7889
1338.3	0.798445
1341.04	2.80787
1343.77	18.8172
1346.51	4.82651
1349.25	12.8357
1351.98	-1.15518
1354.71	8.85387
1357.45	22.8628
1360.18	0.871701
1362.91	2.8805
1365.64	6.88922
1368.37	4.89786
1371.09	2.90641
1373.82	0.914881
1376.54	6.92326
1379.27	16.9316
1381.99	0.939797
1384.72	14.9479
1387.44	10.956
1390.16	-9.03604
1392.88	-3.02815
1395.6	12.9797
1398.31	-1.01263
1401.03	6.995
1403.75	-0.997461
1406.46	7.01
1409.18	3.01737
1411.89	17.0247
1414.6	9.03186
1417.31	9.03896
1420.02	7.04598
1422.73	15.0529
1425.44	5.05976
1428.15	1.06652
1430.85	1.07319
1433.56	11.0798
1436.26	7.08625
1438.97	11.0926
1441.67	19.099
1444.37	5.10517
1447.07	7.11129
1449.77	-0.882679
1452.47	31.1233
1455.16	21.1291
1457.86	-4.86513
1460.56	-6.85947
1463.25	23.1461
1465.94	9.15157
1468.64	7.15696
1471.33	7.16224
1474.02	9.16744
1476.71	15.1725
1479.4	17.1775
1482.09	17.1824
1484.77	13.1873
1487.46	5.19197
1490.14	3.19659
1492.83	19.2011
1495.51	5.20554
1498.19	7.20987
1500.87	13.2141
1503.55	1.21823
1506.23	9.22227
1508.91	3.2262
1511.59	1.23004
1514.27	3.23378
1516.94	5.23741
1519.62	-0.759045
1522.29	7.24439
1524.96	3.24773
1527.63	13.251
1530.3	19.2541
1532.97	9.25714
1535.64	17.2601
1538.31	23.2629
1540.98	1.26563
1543.64	-6.73174
1546.31	-2.72921
1548.97	9.27321
1551.63	21.2755
1554.3	9.27774
1556.96	7.27985
1559.62	11.2819
1562.28	3.28376
1564.94	21.2856
1567.59	11.2872
1570.25	5.28883
1572.9	21.2903
1575.56	25.2917
1578.21	5.29295
1580.86	9.29411
1583.52	-4.70483
1586.17	1.29611
1588.82	9.29695
1591.47	5.29769
1594.11	5.29831
1596.76	7.29882
1599.41	-2.70077
1602.05	3.29953
1604.69	19.2997
1607.34	-0.700201
1609.98	3.29977
1612.62	-4.70037
1615.26	7.29938
1617.9	9.29902
1620.54	13.2985
1623.18	17.298
1625.81	-2.70273
1628.45	7.29647
1631.08	1.29555
1633.72	17.2945
1636.35	13.2934
1638.98	13.2921
1641.61	5.29075
1644.24	1.28927
1646.87	13.2877
1649.5	25.286
1652.13	21.2841
1654.75	3.28221
1657.38	5.28016
1660	13.278
1662.63	9.27571
1665.25	11.2733
1667.87	19.2708
1670.49	-0.731821
1673.11	7.26543
1675.73	1.26257
1678.35	9.2596
1680.96	-0.743497
1683.58	11.2533
1686.19	11.25
1688.81	5.24652
1691.42	29.243
1694.03	11.2393
1696.64	3.23547
1699.25	11.2316
1701.87	11.2275
1704.47	9.22335
1707.08	19.2191
1709.69	-0.785321
1712.29	19.2102
1714.9	13.2055
1717.5	5.20077
1720.1	11.1959
1722.71	7.19089
1725.31	-0.81423
1727.91	-2.81947
1730.51	23.1752
1733.1	9.16968
1735.7	15.1641
1738.3	17.1583
1740.89	11.1525
1743.49	11.1465
1746.08	-0.859589
1748.67	9.13419
1751.26	11.1278
1753.86	7.12137
1756.45	11.1148
1759.03	27.1081
1761.62	-2.89878
1764.21	7.09425
1766.8	5.08716
1769.38	7.07994
1771.97	5.07259
1774.55	1.06512
1777.13	13.0575
1779.71	7.04981
1782.29	11.042
1784.87	21.034
1787.45	9.02588
1790.03	19.0177
1792.61	15.0093
1795.18	7.00082
1797.76	-1.0078
1800.33	2.98346
1802.9	8.9746
1805.48	8.9656
1808.05	10.9565
1810.62	4.94722
1813.19	2.93784
1815.76	12.9283
1818.33	6.91868
1820.89	22.9089
1823.46	20.899
1826.02	20.889
1828.59	2.87881
1831.15	8.86852
1833.71	6.85808
1836.27	10.8475
1838.84	16.8368
1841.39	2.82602
1843.95	8.81507
1846.51	10.804
1849.07	18.7928
1851.62	14.7814
1854.18	6.76994
1856.73	0.758334
1859.29	-3.25342
1861.84	12.7347
1864.39	6.7227
1866.94	18.7105
1869.49	6.69826
1872.04	16.6858
1874.59	24.6733
1877.13	18.6606
1879.68	2.6478
1882.22	8.63484
1884.77	24.6218
1887.31	24.6085
1889.85	6.59517
1892.39	6.58167
1894.93	14.568
1897.47	0.554271
1900.01	6.54037
1902.55	-5.47367
1905.09	14.5121
1907.62	4.49783
1910.16	20.4834
1912.69	-5.5312
1915.22	4.45407
1917.76	4.43921
1920.29	20.4242
1922.82	0.409062
1925.35	22.3938
1927.88	0.37836
1930.4	10.3628
1932.93	-3.65289
1935.46	-7.66873
1937.98	2.3153
1940.51	12.2992
1943.03	10.2829
1945.55	12.2665
1948.07	8.25
1950.59	18.2333
1953.11	6.21651
1955.63	14.1996
1958.15	10.1825
1960.67	8.16523
1963.18	26.1479
1965.7	8.13033
1968.21	12.1127
1970.73	10.0949
1973.24	8.07692
1975.75	4.05884
1978.26	18.0406
1980.77	16.0222
1983.28	-3.99628
1985.79	7.98506
1988.29	5.96626
1990.8	17.9473
1993.31	7.92822
1995.81	17.909
1998.31	15.8896
