100.093	21.8189
103.274	29.7776
106.457	19.7366
109.636	19.6962
112.817	17.6563
115.994	25.6168
119.172	5.57781
122.347	17.5393
125.521	13.5013
128.696	13.4637
131.868	3.42658
135.039	21.3899
138.209	-6.64623
141.379	7.31804
144.547	11.2828
147.713	7.24797
150.879	17.2136
154.043	1.17972
157.206	9.14627
160.368	5.11325
163.529	19.0807
166.689	7.04856
169.848	19.0169
173.006	10.9856
176.163	2.95479
179.316	16.9244
182.471	18.8945
185.625	28.8649
188.777	2.8358
191.927	18.8071
195.077	10.7789
198.224	6.75102
201.372	18.7236
204.52	8.69655
207.664	6.66995
210.809	10.6437
213.95	6.61794
217.091	8.59255
220.233	16.5676
223.372	10.543
226.509	12.5188
229.648	8.49495
232.784	2.47154
235.918	24.4485
239.051	-3.57411
242.186	10.4036
245.317	16.3818
248.447	16.3603
251.577	4.33917
254.705	6.31844
257.832	20.2981
260.958	26.2781
264.083	8.25847
267.204	20.2392
270.327	16.2203
273.449	24.2018
276.57	12.1836
279.69	28.1658
282.806	20.1484
285.924	6.1313
289.04	4.11455
292.154	2.09817
295.268	10.0821
298.379	24.0664
301.492	20.0511
304.601	10.036
307.711	12.0214
310.818	14.007
313.924	-4.00699
317.031	-0.0206765
320.135	15.966
323.238	3.95296
326.34	-6.05973
329.443	9.92789
332.543	19.9158
335.642	9.90411
338.74	13.8927
341.836	11.8816
344.932	1.87081
348.027	3.86033
351.12	7.85016
354.213	13.8403
357.302	3.83075
360.393	3.82149
363.482	19.8125
366.57	11.8039
369.656	3.79552
372.742	19.7875
375.827	1.77967
378.91	13.7722
381.993	13.765
385.073	21.7581
388.154	1.75144
391.232	3.7451
394.311	15.739
397.387	-2.26677
400.462	9.72772
403.536	7.72247
406.611	7.7175
409.683	11.7128
412.754	21.7084
415.824	15.7042
418.893	-6.29973
421.961	1.69662
425.027	11.6932
428.093	9.6901
431.158	7.68722
434.222	27.6846
437.284	-4.31778
440.346	13.6801
443.407	9.67821
446.464	7.67658
449.523	-0.324815
452.581	-4.32597
455.635	9.67312
458.691	9.67245
461.743	15.672
464.797	7.6718
467.847	15.6718
470.899	-16.3279
473.947	7.67255
476.994	11.6733
480.043	-0.325817
483.088	5.67533
486.133	9.6767
489.176	19.6783
492.22	11.6801
495.262	-6.3179
498.302	1.68432
501.341	-0.313241
504.38	5.6894
507.417	7.69225
510.453	9.6953
513.487	15.6986
516.521	19.702
519.554	-6.29434
522.586	29.7095
525.616	-6.28645
528.646	-6.28221
531.675	3.72222
534.701	15.7268
537.729	7.73163
540.753	11.7366
543.778	-0.25821
546.8	7.74714
549.821	5.75267
552.844	3.75838
555.863	5.76426
558.881	7.77032
561.898	-2.22345
564.916	5.78295
567.932	3.78952
570.946	9.79625
573.959	19.8031
576.971	-0.189791
579.982	9.81743
582.993	15.8248
586	3.83235
589.008	-4.15996
592.015	7.84789
595.022	1.85589
598.025	7.86404
601.029	5.87234
604.032	-0.119214
607.033	-0.110628
610.034	-2.10189
613.032	-0.0930218
616.032	-2.08401
619.028	13.9251
622.023	23.9344
625.018	3.94384
628.013	9.9534
631.005	17.9631
633.997	-14.0271
636.987	-0.0171678
639.977	5.9929
642.965	-3.99692
645.952	2.01339
648.939	6.02382
651.924	20.0344
654.909	6.04503
657.892	10.0558
660.873	6.0667
663.854	4.07771
666.835	4.08882
669.813	12.1
672.791	6.11137
675.767	10.1228
678.743	12.1343
681.717	2.14597
684.692	8.15771
687.664	4.16954
690.634	8.18146
693.606	22.1935
696.575	-1.79439
699.543	16.2178
702.51	6.2301
705.475	16.2425
708.44	16.255
711.404	0.267511
714.367	16.2801
717.329	22.2929
720.29	0.305664
723.25	10.3185
726.207	16.3315
729.166	10.3445
732.123	10.3576
735.077	4.37077
738.032	24.384
740.984	6.39732
743.938	8.41069
746.888	12.4241
749.839	18.4376
752.788	18.4512
755.735	10.4648
758.682	0.478484
761.627	16.4922
764.574	4.50602
767.517	10.5199
770.46	22.5338
773.402	6.5477
776.342	4.56169
779.282	14.5757
782.219	14.5898
785.157	6.60394
788.094	6.61812
791.029	6.63233
793.962	22.6466
796.896	16.6609
799.828	-1.32481
802.76	-1.31045
805.689	2.70394
808.619	12.7184
811.546	18.7328
814.473	14.7473
817.4	12.7618
820.324	20.7763
823.248	2.79089
826.17	12.8055
829.092	10.8201
832.012	8.83468
834.932	26.8493
837.851	0.863968
840.768	6.87863
843.685	14.8933
846.599	22.908
849.514	16.9227
852.428	4.93741
855.339	20.9521
858.251	14.9668
861.16	-13.0184
864.07	14.9963
866.978	25.011
869.884	3.02573
872.792	13.0405
875.696	25.0552
878.599	11.0699
881.502	7.08459
884.404	17.0993
887.304	9.11398
890.204	1.12866
893.103	7.14333
896.001	7.15798
898.898	5.17262
901.794	17.1872
904.689	17.2018
907.581	31.2164
910.474	5.23098
913.364	5.24552
916.256	3.26004
919.144	3.27452
922.034	9.28899
924.92	3.30342
927.808	15.3178
930.693	15.3322
933.576	5.34654
936.459	3.36084
939.341	15.3751
942.222	15.3893
945.102	1.40354
947.981	7.4177
950.859	3.43182
953.737	3.44589
956.613	9.45992
959.488	21.4739
962.361	-4.51216
965.235	11.5017
968.105	9.51556
970.977	5.52936
973.846	19.5431
976.716	-2.44322
979.583	7.57041
982.449	17.584
985.316	3.5975
988.18	1.61095
991.043	7.62435
993.906	-4.36232
996.767	15.651
999.628	15.6642
1002.49	15.6773
1005.35	-4.30963
1008.2	25.7034
1011.06	3.71631
1013.91	5.72918
1016.77	9.74197
1019.62	23.7547
1022.48	9.76734
1025.33	3.7799
1028.18	25.7924
1031.03	1.8048
1033.87	5.81713
1036.72	9.82938
1039.57	11.8415
1042.41	7.85363
1045.26	9.86563
1048.1	5.87753
1050.94	21.8894
1053.78	-6.09891
1056.62	11.9127
1059.46	1.92428
1062.3	9.93574
1065.14	19.9471
1067.97	11.9584
1070.81	5.96953
1073.64	3.98061
1076.47	1.99157
1079.31	16.0024
1082.14	20.0132
1084.97	28.0239
1087.8	10.0344
1090.63	16.0449
1093.45	8.05524
1096.28	24.0655
1099.1	14.0756
1101.93	4.08562
1104.75	6.09553
1107.57	2.10532
1110.39	16.115
1113.21	6.12456
1116.03	10.134
1118.85	6.14334
1121.66	26.1525
1124.48	2.16163
1127.3	22.1706
1130.11	10.1794
1132.92	4.18815
1135.73	0.19674
1138.54	6.2052
1141.35	8.21354
1144.16	-3.77825
1146.97	12.2298
1149.78	14.2378
1152.58	6.24558
1155.39	-1.74674
1158.19	6.2608
1161	16.2682
1163.8	14.2755
1166.6	10.2826
1169.4	18.2896
1172.2	12.2964
1174.99	6.30316
1177.79	8.30972
1180.59	6.31614
1183.38	0.322411
1186.17	16.3285
1188.97	14.3345
1191.76	16.3403
1194.55	8.34603
1197.34	16.3516
1200.13	18.3569
1202.92	4.36215
1205.7	4.36721
1208.49	10.3721
1211.27	8.37688
1214.06	8.38147
1216.84	10.3859
1219.62	12.3902
1222.4	14.3943
1225.18	18.3982
1227.96	4.40203
1230.74	20.4057
1233.51	14.4091
1236.29	-7.58761
1239.06	8.41551
1241.84	-3.58154
1244.61	10.4212
1247.38	-11.5762
1250.15	8.42628
1252.92	0.428537
1255.69	20.4306
1258.46	2.43253
1261.23	10.4343
1263.99	8.43581
1266.76	10.4372
1269.52	8.43838
1272.28	6.43939
1275.05	16.4402
1277.81	-7.55913
1280.57	10.4413
1283.33	14.4416
1286.08	14.4417
1288.84	4.44159
1291.6	14.4413
1294.35	12.4408
1297.11	18.4401
1299.86	14.4393
1302.61	12.4382
1305.36	20.437
1308.11	10.4355
1310.86	16.4339
1313.61	4.43205
1316.36	26.43
1319.1	-3.57222
1321.85	16.4253
1324.59	-7.5773
1327.33	10.4199
1330.08	6.41681
1332.82	14.4136
1335.56	2.4101
1338.3	8.40644
1341.04	14.4026
1343.77	16.3985
1346.51	8.3942
1349.25	16.3897
1351.98	8.38499
1354.71	4.38006
1357.45	14.3749
1360.18	4.36958
1362.91	0.364003
1365.64	14.3582
1368.37	14.3522
1371.09	4.34599
1373.82	6.33955
1376.54	4.33289
1379.27	20.326
1381.99	2.3189
1384.72	-1.68843
1387.44	2.30402
1390.16	12.2962
1392.88	18.2882
1395.6	8.27999
1398.31	6.27153
1401.03	6.26284
1403.75	-5.74608
1406.46	32.2448
1409.18	18.2354
1411.89	10.2258
1414.6	12.2159
1417.31	24.2058
1420.02	22.1955
1422.73	6.18492
1425.44	8.17412
1428.15	-1.83692
1430.85	2.1518
1433.56	20.1403
1436.26	18.1285
1438.97	16.1165
1441.67	12.1043
1444.37	2.09178
1447.07	20.079
1449.77	14.0661
1452.47	0.0528253
1455.16	14.0393
1457.86	12.0256
1460.56	16.0116
1463.25	-4.0026
1465.94	1.98292
1468.64	11.9682
1471.33	19.9532
1474.02	5.93795
1476.71	27.9225
1479.4	-0.0933025
1482.09	-2.10931
1484.77	29.8744
1487.46	3.85789
1490.14	13.8411
1492.83	7.82405
1495.51	-2.19326
1498.19	13.7892
1500.87	17.7713
1503.55	5.75323
1506.23	9.73486
1508.91	-0.283767
1511.59	17.6973
1514.27	21.6782
1516.94	21.6587
1519.62	-2.36098
1522.29	17.619
1524.96	5.5988
1527.63	3.57828
1530.3	9.55749
1532.97	23.5364
1535.64	13.5151
1538.31	15.4935
1540.98	-6.52842
1543.64	1.4494
1546.31	21.427
1548.97	9.40423
1551.63	19.3812
1554.3	5.35793
1556.96	7.33437
1559.62	7.31052
1562.28	1.28639
1564.94	7.26197
1567.59	21.2373
1570.25	5.21228
1572.9	13.187
1575.56	5.16144
1578.21	11.1356
1580.86	9.10947
1583.52	9.08303
1586.17	17.0563
1588.82	3.0293
1591.47	11.002
1594.11	18.9744
1596.76	6.94654
1599.41	-1.08164
1602.05	14.8899
1604.69	6.86112
1607.34	14.832
1609.98	8.80268
1612.62	14.773
1615.26	14.743
1617.9	10.7128
1620.54	14.6822
1623.18	22.6514
1625.81	6.62019
1628.45	2.58872
1631.08	10.557
1633.72	8.52488
1636.35	6.4925
1638.98	4.45981
1641.61	20.4268
1644.24	10.3935
1646.87	10.3599
1649.5	10.326
1652.13	10.2918
1654.75	16.2572
1657.38	18.2224
1660	0.187182
1662.63	8.15171
1665.25	4.11591
1667.87	-5.92019
1670.49	-5.95661
1673.11	-7.99334
1675.73	5.9696
1678.35	9.93223
1680.96	15.8945
1683.58	1.85655
1686.19	9.81822
1688.81	9.77956
1691.42	13.7406
1694.03	1.70131
1696.64	23.6617
1699.25	1.62178
1701.87	5.58151
1704.47	-2.45907
1707.08	-4.49998
1709.69	23.4588
1712.29	23.4172
1714.9	7.37534
1717.5	1.33315
1720.1	-0.709406
1722.71	15.2477
1725.31	13.2045
1727.91	-2.83903
1730.51	21.1171
1733.1	9.07293
1735.7	7.02838
1738.3	10.9835
1740.89	2.93833
1743.49	14.8928
1746.08	6.84692
1748.67	6.80071
1751.26	6.7542
1753.86	10.7073
1756.45	-9.33992
1759.03	18.6125
1761.62	14.5646
1764.21	6.5164
1766.8	20.4678
1769.38	2.41892
1771.97	8.36963
1774.55	-5.67997
1777.13	8.27008
1779.71	8.21979
1782.29	6.16918
1784.87	2.11819
1787.45	8.06685
1790.03	24.0152
1792.61	11.9632
1795.18	1.9108
1797.76	15.8581
1800.33	23.805
1802.9	15.7516
1805.48	5.69782
1808.05	23.6437
1810.62	13.5892
1813.19	23.5344
1815.76	9.4792
1818.33	5.42365
1820.89	21.3678
1823.46	19.3115
1826.02	15.2549
1828.59	-2.80203
1831.15	5.14067
1833.71	11.083
1836.27	9.02495
1838.84	10.9666
1841.39	14.9078
1843.95	-3.15129
1846.51	10.7892
1849.07	4.72943
1851.62	-3.33077
1854.18	-1.39134
1856.73	12.5478
1859.29	-1.51355
1861.84	-3.57517
1864.39	-1.63717
1866.94	2.30042
1869.49	-3.76232
1872.04	4.17457
1874.59	-7.88891
1877.13	14.0472
1879.68	9.98307
1882.22	15.9185
1884.77	5.8535
1887.31	1.78821
1889.85	13.7225
1892.39	5.65644
1894.93	3.59002
1897.47	5.52318
1900.01	1.456
1902.55	7.38845
1905.09	-2.67948
1907.62	5.25221
1910.16	1.18357
1912.69	3.1145
1915.22	5.04505
1917.76	4.97527
1920.29	0.905057
1922.82	12.8345
1925.35	8.76354
1927.88	6.69222
1930.4	2.62053
1932.93	12.5484
1935.46	0.475984
1937.98	8.40313
1940.51	4.3299
1943.03	14.2563
1945.55	0.182313
1948.07	8.10791
1950.59	2.03318
1953.11	23.958
1955.63	17.8825
1958.15	15.8066
1960.67	1.73029
1963.18	1.6536
1965.7	7.57652
1968.21	5.49905
1970.73	11.4212
1973.24	7.34293
1975.75	15.2643
1978.26	5.18529
1980.77	-6.8941
1983.28	3.02606
1985.79	2.94588
1988.29	14.8653
1990.8	2.78428
1993.31	18.7029
1995.81	8.62114
1998.31	0.539034
