100.093	-1.09358
103.274	21.0201
106.457	3.1332
109.636	21.2457
112.817	15.3576
115.994	19.4689
119.172	11.5796
122.347	3.68971
125.521	11.7992
128.696	9.90821
131.868	8.01655
135.039	-3.8757
138.209	-1.76852
141.379	2.33815
144.547	2.44418
147.713	0.549629
150.879	0.654508
154.043	8.75882
157.206	8.86255
160.368	4.96573
163.529	9.06833
166.689	9.17037
169.848	-0.728145
173.006	11.3728
176.163	15.4731
179.316	19.5729
182.471	11.6721
185.625	3.77082
188.777	7.86896
191.927	17.9665
195.077	10.0635
198.224	0.159973
201.372	-3.74407
204.52	6.35134
207.664	8.44615
210.809	6.54047
213.95	4.6342
217.091	18.7274
220.233	12.8201
223.372	16.9122
226.509	15.0038
229.648	13.095
232.784	15.1855
235.918	3.2755
239.051	5.36499
242.186	15.454
245.317	-0.457548
248.447	15.6304
251.577	19.7178
254.705	9.80466
257.832	17.891
260.958	13.9769
264.083	-1.93776
267.204	10.147
270.327	8.23136
273.449	22.3152
276.57	4.3985
279.69	12.4813
282.806	6.56357
285.924	10.6454
289.04	2.7267
292.154	2.80746
295.268	4.88778
298.379	0.96756
301.492	15.0469
304.601	15.1257
307.711	13.204
310.818	1.28187
313.924	-6.6408
317.031	-4.5639
320.135	31.5125
323.238	7.58835
326.34	-0.336242
329.443	15.7387
332.543	31.8132
335.642	11.8872
338.74	11.9607
341.836	0.0337105
344.932	10.1063
348.027	4.17837
351.12	14.25
354.213	-3.67883
357.302	6.39182
360.393	12.4621
363.482	12.5318
366.57	10.6012
369.656	-7.33002
372.742	2.73839
375.827	16.8063
378.91	12.8738
381.993	14.9408
385.073	23.0074
388.154	-0.926449
391.232	13.1392
394.311	11.2045
397.387	9.26924
400.462	13.3336
403.536	3.39746
406.611	25.461
409.683	9.52397
412.754	11.5866
415.824	13.6487
418.893	11.7104
421.961	17.7717
425.027	7.83254
428.093	13.893
431.158	9.95295
434.222	12.0125
437.284	24.0717
440.346	0.130389
443.407	12.1887
446.464	2.24653
449.523	6.304
452.581	16.361
455.635	6.41764
458.691	14.4739
461.743	12.5296
464.797	-3.41498
467.847	16.64
470.899	8.69455
473.947	6.74869
476.994	8.80242
480.043	12.8558
483.088	14.9087
486.133	14.9612
489.176	7.01336
492.22	17.0651
495.262	9.11646
498.302	15.1674
501.341	-0.782058
504.38	1.2681
507.417	19.3179
510.453	1.36723
513.487	-0.583815
516.521	29.4648
519.554	3.513
522.586	15.5608
525.616	3.60825
528.646	1.65532
531.675	3.70201
534.701	1.74829
537.729	1.79423
540.753	27.8398
543.778	19.8849
546.8	-2.07027
549.821	19.9741
552.844	20.0182
555.863	12.0619
558.881	10.1052
561.898	8.14815
564.916	-5.80924
567.932	8.23298
570.946	18.2748
573.959	-3.68366
576.971	4.35748
579.982	0.398264
582.993	22.4387
586	6.47874
589.008	14.5185
592.015	10.5578
595.022	0.596849
598.025	0.635494
601.029	10.6738
604.032	6.71179
607.033	-9.2506
610.034	-1.21331
613.032	4.82361
616.032	10.8602
619.028	14.8965
622.023	-7.06764
625.018	-1.03207
628.013	19.0032
631.005	13.0381
633.997	3.07265
636.987	21.1069
639.977	-2.85922
642.965	19.1744
645.952	25.2076
648.939	7.24053
651.924	11.2731
654.909	19.3054
657.892	19.3373
660.873	11.369
663.854	25.4003
666.835	5.43125
669.813	17.4619
672.791	25.4923
675.767	19.5223
678.743	-2.44798
681.717	1.58142
684.692	3.61052
687.664	9.6393
690.634	21.6678
693.606	15.696
696.575	9.72382
699.543	17.7514
702.51	3.77862
705.475	13.8056
708.44	11.8322
711.404	-4.14143
714.367	-6.11538
717.329	17.9104
720.29	7.93584
723.25	27.961
726.207	1.98586
729.166	18.0104
732.123	4.03473
735.077	18.0587
738.032	12.0824
740.984	12.1058
743.938	10.129
746.888	4.15183
749.839	8.1744
752.788	24.1967
755.735	18.2187
758.682	-3.75961
761.627	28.2618
764.574	22.283
767.517	10.3039
770.46	10.3245
773.402	16.3448
776.342	8.36491
779.282	12.3847
782.219	0.40422
785.157	16.4235
788.094	12.4425
791.029	18.4612
793.962	22.4796
796.896	16.4978
799.828	16.5158
802.76	8.53343
805.689	12.5508
808.619	18.568
811.546	10.5849
814.473	24.6015
817.4	8.61788
820.324	28.634
823.248	18.6499
826.17	8.66548
829.092	6.68084
832.012	8.69596
834.932	18.7108
837.851	0.725441
840.768	12.7398
843.685	24.7539
846.599	22.7678
849.514	6.78146
852.428	8.79486
855.339	14.808
858.251	14.8209
861.16	16.8336
864.07	18.8461
866.978	16.8583
869.884	14.8702
872.792	14.882
875.696	24.8935
878.599	10.9047
881.502	12.9158
884.404	14.9266
887.304	12.9372
890.204	30.9475
893.103	16.9577
896.001	14.9676
898.898	14.9773
901.794	12.9867
904.689	14.996
907.581	5.005
910.474	3.0138
913.364	7.02238
916.256	11.0308
919.144	1.03891
922.034	17.0468
924.92	3.05457
927.808	11.0621
930.693	3.06939
933.576	9.07648
936.459	5.08336
939.341	19.09
942.222	5.0965
945.102	3.10276
947.981	7.10882
950.859	29.1147
953.737	3.12032
956.613	19.1258
959.488	7.13102
962.361	21.1361
965.235	15.1409
968.105	7.14558
970.977	13.15
973.846	11.1543
976.716	23.1584
979.583	7.16225
982.449	13.1659
985.316	15.1694
988.18	13.1727
991.043	5.17586
993.906	1.17878
996.767	15.1815
999.628	9.18409
1002.49	3.18646
1005.35	29.1887
1008.2	-0.809339
1011.06	33.1925
1013.91	13.1941
1016.77	-0.804396
1019.62	19.1969
1022.48	13.198
1025.33	19.1989
1028.18	9.19971
1031.03	15.2003
1033.87	9.20071
1036.72	15.201
1039.57	17.201
1042.41	-10.7991
1045.26	9.20067
1048.1	11.2002
1050.94	11.1996
1053.78	21.1989
1056.62	15.1979
1059.46	23.1968
1062.3	15.1956
1065.14	5.19418
1067.97	5.1926
1070.81	15.1909
1073.64	9.18896
1076.47	15.1869
1079.31	15.1847
1082.14	15.1823
1084.97	3.17981
1087.8	7.17714
1090.63	17.1743
1093.45	11.1713
1096.28	17.1682
1099.1	1.16493
1101.93	3.1615
1104.75	7.15792
1107.57	5.1542
1110.39	5.15033
1113.21	9.14632
1116.03	15.1422
1118.85	11.1379
1121.66	9.13343
1124.48	7.12885
1127.3	13.1241
1130.11	-2.88074
1132.92	25.1143
1135.73	-4.89087
1138.54	1.10386
1141.35	13.0985
1144.16	9.09291
1146.97	9.08724
1149.78	5.08143
1152.58	7.0755
1155.39	5.06943
1158.19	23.0632
1161	11.0569
1163.8	11.0505
1166.6	15.0439
1169.4	7.03717
1172.2	9.03034
1174.99	15.0234
1177.79	13.0163
1180.59	15.0091
1183.38	3.0018
1186.17	12.9944
1188.97	20.9868
1191.76	6.97913
1194.55	-7.02867
1197.34	6.96343
1200.13	6.9554
1202.92	14.9473
1205.7	14.939
1208.49	10.9306
1211.27	0.922167
1214.06	10.9136
1216.84	14.9049
1219.62	6.89608
1222.4	12.8872
1225.18	2.87814
1227.96	12.869
1230.74	20.8598
1233.51	12.8504
1236.29	10.841
1239.06	12.8315
1241.84	6.82181
1244.61	12.8121
1247.38	10.8022
1250.15	8.79227
1252.92	10.7822
1255.69	12.7721
1258.46	24.7618
1261.23	-5.24849
1263.99	2.74108
1266.76	4.73056
1269.52	-1.28006
1272.28	20.7092
1275.05	2.69844
1277.81	4.68755
1280.57	2.67657
1283.33	24.6655
1286.08	0.654347
1288.84	18.6431
1291.6	8.63178
1294.35	20.6204
1297.11	10.6089
1299.86	12.5973
1302.61	14.5856
1305.36	6.57388
1308.11	18.562
1310.86	4.55015
1313.61	6.53816
1316.36	12.5261
1319.1	16.514
1321.85	8.50174
1324.59	18.4894
1327.33	12.4771
1330.08	2.46463
1332.82	-1.54788
1335.56	18.4395
1338.3	16.4269
1341.04	10.4141
1343.77	12.4013
1346.51	2.38847
1349.25	4.37552
1351.98	4.36252
1354.71	16.3494
1357.45	8.33631
1360.18	16.3231
1362.91	6.30983
1365.64	16.2965
1368.37	6.28311
1371.09	-7.73035
1373.82	12.2561
1376.54	14.2426
1379.27	14.2289
1381.99	12.2152
1384.72	4.20147
1387.44	12.1877
1390.16	0.173797
1392.88	6.15988
1395.6	18.1459
1398.31	8.13187
1401.03	-5.88221
1403.75	4.10366
1406.46	12.0895
1409.18	-5.92477
1411.89	8.06094
1414.6	8.0466
1417.31	16.0322
1420.02	10.0178
1422.73	4.00331
1425.44	9.98879
1428.15	11.9742
1430.85	17.9596
1433.56	3.94495
1436.26	17.9302
1438.97	7.91551
1441.67	19.9007
1444.37	19.8859
1447.07	25.871
1449.77	11.8561
1452.47	1.8412
1455.16	13.8262
1457.86	7.81121
1460.56	23.7962
1463.25	3.78106
1465.94	11.766
1468.64	-0.249207
1471.33	13.7356
1474.02	5.72039
1476.71	-0.29486
1479.4	9.68985
1482.09	-0.325456
1484.77	19.6592
1487.46	-4.35616
1490.14	13.6284
1492.83	17.613
1495.51	9.59757
1498.19	5.58209
1500.87	11.5666
1503.55	7.55107
1506.23	9.53552
1508.91	5.51996
1511.59	3.50436
1514.27	9.48876
1516.94	13.4731
1519.62	11.4575
1522.29	23.4418
1524.96	7.42611
1527.63	5.41041
1530.3	3.39468
1532.97	23.3789
1535.64	9.36319
1538.31	-4.65258
1540.98	-2.66836
1543.64	1.31584
1546.31	13.3
1548.97	9.28421
1551.63	17.2684
1554.3	7.25254
1556.96	11.2367
1559.62	11.2208
1562.28	15.205
1564.94	11.1891
1567.59	-0.826794
1570.25	5.15732
1572.9	-4.85858
1575.56	11.1255
1578.21	11.1096
1580.86	3.09371
1583.52	7.0778
1586.17	-4.93811
1588.82	11.046
1591.47	17.0301
1594.11	23.0142
1596.76	8.99825
1599.41	12.9823
1602.05	2.96643
1604.69	8.95052
1607.34	-1.06538
1609.98	6.91872
1612.62	6.90282
1615.26	18.8869
1617.9	2.87106
1620.54	-1.14482
1623.18	14.8393
1625.81	16.8235
1628.45	6.8076
1631.08	-5.20823
1633.72	-5.22406
1636.35	-7.23988
1638.98	22.7443
1641.61	12.7285
1644.24	-1.28727
1646.87	4.69696
1649.5	-5.3188
1652.13	16.6655
1654.75	6.64973
1657.38	4.63403
1660	26.6183
1662.63	10.6027
1665.25	4.58699
1667.87	16.5714
1670.49	-1.44426
1673.11	14.5401
1675.73	8.52456
1678.35	18.509
1680.96	10.4935
1683.58	6.47795
1686.19	6.46246
1688.81	12.447
1691.42	16.4316
1694.03	14.4161
1696.64	16.4007
1699.25	-1.61462
1701.87	12.37
1704.47	2.35472
1707.08	8.33944
1709.69	10.3242
1712.29	8.30896
1714.9	4.29376
1717.5	4.2786
1720.1	-3.73653
1722.71	6.24836
1725.31	-5.76671
1727.91	0.218253
1730.51	-3.79675
1733.1	-5.81171
1735.7	14.1733
1738.3	10.1585
1740.89	-1.85641
1743.49	4.12876
1746.08	10.114
1748.67	4.09922
1751.26	2.08452
1753.86	10.0698
1756.45	16.0552
1759.03	26.0406
1761.62	-3.97394
1764.21	0.0115541
1766.8	15.9971
1769.38	3.98267
1771.97	11.9683
1774.55	-0.046064
1777.13	3.93964
1779.71	11.9254
1782.29	11.9112
1784.87	7.89704
1787.45	9.88292
1790.03	-6.13114
1792.61	9.85484
1795.18	7.84088
1797.76	11.827
1800.33	1.81309
1802.9	1.79927
1805.48	-2.21449
1808.05	5.77179
1810.62	15.7581
1813.19	9.74451
1815.76	5.73095
1818.33	7.71744
1820.89	13.704
1823.46	17.6906
1826.02	17.6772
1828.59	3.66397
1831.15	13.6507
1833.71	15.6376
1836.27	9.62445
1838.84	15.6114
1841.39	15.5984
1843.95	3.58546
1846.51	11.5726
1849.07	3.55977
1851.62	5.54701
1854.18	21.5343
1856.73	3.52168
1859.29	5.5091
1861.84	5.49659
1864.39	13.4841
1866.94	13.4718
1869.49	5.45945
1872.04	1.4472
1874.59	21.435
1877.13	9.42289
1879.68	-0.589157
1882.22	11.3989
1884.77	3.38693
1887.31	17.3751
1889.85	7.36331
1892.39	3.3516
1894.93	9.33996
1897.47	7.32838
1900.01	1.31688
1902.55	11.3055
1905.09	3.2941
1907.62	-0.717183
1910.16	11.2716
1912.69	13.2605
1915.22	17.2494
1917.76	19.2384
1920.29	13.2275
1922.82	-4.78332
1925.35	13.2059
1927.88	3.19523
1930.4	1.18462
1932.93	15.1741
1935.46	3.16365
1937.98	11.1533
1940.51	5.14298
1943.03	7.13277
1945.55	5.12264
1948.07	9.11258
1950.59	3.10262
1953.11	-4.90728
1955.63	-6.91708
1958.15	11.0732
1960.67	3.06356
1963.18	11.054
1965.7	9.04453
1968.21	21.0351
1970.73	3.02584
1973.24	9.01662
1975.75	9.00749
1978.26	-7.00155
1980.77	20.9895
1983.28	2.98062
1985.79	2.97184
1988.29	-3.03685
1990.8	6.95455
1993.31	-1.05397
1995.81	8.93761
1998.31	12.9293
