100.093	8.9173
103.274	16.9672
106.457	11.0169
109.636	1.06643
112.817	21.1159
115.994	-0.834911
119.172	17.2142
122.347	3.26312
125.521	-2.68811
128.696	-0.639464
131.868	3.40899
135.039	13.4573
138.209	-6.49455
141.379	7.55347
144.547	5.60131
147.713	25.649
150.879	1.69652
154.043	15.7439
157.206	7.79112
160.368	7.83819
163.529	9.8851
166.689	7.93186
169.848	15.9785
173.006	6.02492
176.163	4.07121
179.316	8.11733
182.471	-1.83668
185.625	8.20915
188.777	-3.74516
191.927	-1.69966
195.077	4.34571
198.224	8.39091
201.372	0.435975
204.52	4.48089
207.664	-3.47437
210.809	-1.42976
213.95	4.61467
217.091	12.6589
220.233	8.7031
223.372	2.74707
226.509	8.79089
229.648	8.83458
232.784	2.8781
235.918	16.9215
239.051	14.9647
242.186	7.00776
245.317	3.05067
248.447	3.09342
251.577	7.13603
254.705	17.1785
257.832	11.2208
260.958	11.2629
264.083	7.30493
267.204	13.3467
270.327	3.38844
273.449	1.42999
276.57	9.47138
279.69	7.51262
282.806	7.55369
285.924	5.59463
289.04	17.6354
292.154	11.676
295.268	9.71652
298.379	7.75683
301.492	9.79702
304.601	1.83703
307.711	15.8769
310.818	5.91663
313.924	1.95619
317.031	15.9956
320.135	-1.96511
323.238	-7.92599
326.34	6.11297
329.443	-1.84819
332.543	22.1905
335.642	12.229
338.74	4.26735
341.836	16.3056
344.932	4.34364
348.027	12.3816
351.12	8.41933
354.213	0.456949
357.302	6.4944
360.393	0.53172
363.482	8.5689
366.57	4.60592
369.656	8.64278
372.742	10.6795
375.827	18.7161
378.91	6.7525
381.993	-1.21122
385.073	8.8249
388.154	10.8609
391.232	-5.1033
394.311	14.9324
397.387	16.9679
400.462	-2.9967
403.536	5.03852
406.611	7.07363
409.683	13.1086
412.754	15.1433
415.824	-0.822011
418.893	-6.78752
421.961	7.24683
425.027	-2.71897
428.093	-0.684921
431.158	9.34898
434.222	9.38274
437.284	1.41636
440.346	5.44982
443.407	23.4831
446.464	11.5163
449.523	9.54932
452.581	5.5822
455.635	15.6149
458.691	1.64751
461.743	3.67993
464.797	1.71223
467.847	-6.25564
470.899	-2.22363
473.947	11.8082
476.994	21.8399
480.043	3.87148
483.088	1.90288
486.133	17.9341
489.176	-0.0347446
492.22	-0.00375344
495.262	6.02707
498.302	16.0578
501.341	22.0883
504.38	8.11868
507.417	2.14893
510.453	8.17903
513.487	-1.79103
516.521	16.2388
519.554	10.2685
522.586	20.298
525.616	2.32734
528.646	8.35658
531.675	8.38568
534.701	2.41461
537.729	6.44342
540.753	2.47206
543.778	14.5006
546.8	6.52894
549.821	22.5572
552.844	8.58524
555.863	8.61317
558.881	4.64096
561.898	10.6686
564.916	16.6961
567.932	8.72348
570.946	2.75069
573.959	4.77776
576.971	16.8047
579.982	0.831481
582.993	6.85813
586	16.8846
589.008	10.911
592.015	22.9372
595.022	0.963269
598.025	2.98919
601.029	15.015
604.032	19.0406
607.033	5.06612
610.034	15.0915
613.032	7.1167
616.032	9.14179
619.028	1.16672
622.023	-2.8085
625.018	17.2161
628.013	1.24067
631.005	5.26503
633.997	3.28925
636.987	5.31334
639.977	-2.66272
642.965	9.36108
645.952	3.38474
648.939	9.40826
651.924	7.43164
654.909	11.4549
657.892	3.47798
660.873	11.5009
663.854	9.52374
666.835	-4.45358
669.813	21.5689
672.791	9.59134
675.767	3.61359
678.743	17.6357
681.717	-0.342322
684.692	3.67952
687.664	3.70121
690.634	11.7228
693.606	-10.2558
696.575	23.7655
699.543	11.7866
702.51	1.80758
705.475	15.8284
708.44	21.8491
711.404	7.86972
714.367	21.8902
717.329	-2.08954
720.29	3.93062
723.25	23.9506
726.207	3.97052
729.166	17.9903
732.123	2.00988
735.077	14.0293
738.032	14.0487
740.984	-3.93215
743.938	6.08691
746.888	16.1058
749.839	22.1246
752.788	-1.85677
755.735	12.1617
758.682	6.18009
761.627	12.1983
764.574	10.2164
767.517	0.234352
770.46	26.2522
773.402	20.2698
776.342	24.2874
779.282	10.3048
782.219	20.322
785.157	16.3392
788.094	12.3561
791.029	8.373
793.962	2.38971
796.896	6.40629
799.828	16.4227
802.76	6.43904
805.689	6.4552
808.619	12.4712
811.546	24.4871
814.473	20.5029
817.4	28.5185
820.324	12.534
823.248	4.54936
826.17	10.5646
829.092	10.5797
832.012	18.5946
834.932	14.6094
837.851	0.624083
840.768	10.6386
843.685	30.653
846.599	10.6673
849.514	4.68143
852.428	22.6954
855.339	4.70929
858.251	18.723
861.16	10.7366
864.07	12.7501
866.978	-1.2366
869.884	18.7766
872.792	18.7896
875.696	18.8026
878.599	22.8154
881.502	12.828
884.404	18.8405
887.304	14.8529
890.204	12.8652
893.103	14.8773
896.001	2.88927
898.898	10.9011
901.794	14.9128
904.689	6.92443
907.581	-5.06413
910.474	0.947192
913.364	18.9584
916.256	20.9694
919.144	20.9803
922.034	18.9911
924.92	9.00178
927.808	13.0123
930.693	11.0227
933.576	-0.967049
936.459	13.0431
939.341	15.0531
942.222	17.0629
945.102	13.0726
947.981	-0.917757
950.859	-0.908293
953.737	-2.89896
956.613	11.1102
959.488	19.1193
962.361	11.1282
965.235	11.137
968.105	27.1457
970.977	25.1543
973.846	17.1627
976.716	9.17095
979.583	27.1791
982.449	9.18711
985.316	11.195
988.18	5.20275
991.043	9.21038
993.906	17.2179
996.767	7.22523
999.628	17.2325
1002.49	15.2396
1005.35	19.2465
1008.2	5.25339
1011.06	1.2601
1013.91	-0.733321
1016.77	19.2731
1019.62	15.2795
1022.48	19.2856
1025.33	13.2917
1028.18	13.2976
1031.03	9.30344
1033.87	-2.69088
1036.72	7.31467
1039.57	17.3201
1042.41	7.32537
1045.26	11.3305
1048.1	17.3356
1050.94	13.3405
1053.78	5.34522
1056.62	1.34987
1059.46	15.3544
1062.3	15.3588
1065.14	19.363
1067.97	11.3672
1070.81	21.3711
1073.64	9.37502
1076.47	19.3788
1079.31	9.38238
1082.14	13.3859
1084.97	9.38923
1087.8	-0.607536
1090.63	17.3956
1093.45	11.3985
1096.28	15.4014
1099.1	5.40412
1101.93	11.4067
1104.75	1.40918
1107.57	-6.58848
1110.39	13.4137
1113.21	3.41582
1116.03	25.4178
1118.85	5.41962
1121.66	17.4213
1124.48	11.4229
1127.3	-4.57564
1130.11	17.4257
1132.92	5.42688
1135.73	3.42796
1138.54	21.4289
1141.35	9.42973
1144.16	9.43042
1146.97	5.43099
1149.78	9.43144
1152.58	7.43176
1155.39	-0.568048
1158.19	1.43202
1161	11.432
1163.8	5.43178
1166.6	7.43147
1169.4	7.43104
1172.2	11.4305
1174.99	3.42979
1177.79	11.429
1180.59	-4.57195
1183.38	11.427
1186.17	21.4258
1188.97	3.4245
1191.76	17.4231
1194.55	11.4215
1197.34	3.41984
1200.13	17.418
1202.92	9.4161
1205.7	5.41405
1208.49	7.41187
1211.27	11.4096
1214.06	9.40715
1216.84	9.4046
1219.62	25.4019
1222.4	5.39913
1225.18	7.39621
1227.96	15.3932
1230.74	9.39
1233.51	-4.61329
1236.29	29.3833
1239.06	-2.62023
1241.84	-0.623891
1244.61	7.37233
1247.38	13.3684
1250.15	19.3644
1252.92	-6.63975
1255.69	-2.64402
1258.46	13.3516
1261.23	19.3471
1263.99	-6.65757
1266.76	15.3377
1269.52	9.33279
1272.28	3.32779
1275.05	1.32266
1277.81	11.3174
1280.57	5.31204
1283.33	5.30655
1286.08	13.3009
1288.84	25.2952
1291.6	15.2893
1294.35	7.28337
1297.11	11.2773
1299.86	-0.728946
1302.61	7.26471
1305.36	1.25825
1308.11	-2.74833
1310.86	9.24497
1313.61	19.2381
1316.36	7.2312
1319.1	29.2241
1321.85	7.21695
1324.59	3.20965
1327.33	11.2022
1330.08	5.19468
1332.82	9.18701
1335.56	7.17922
1338.3	19.1713
1341.04	1.1633
1343.77	13.1551
1346.51	7.14689
1349.25	7.1385
1351.98	13.13
1354.71	11.1214
1357.45	1.11263
1360.18	7.10377
1362.91	-0.905212
1365.64	15.0857
1368.37	15.0765
1371.09	15.0671
1373.82	13.0577
1376.54	7.04811
1379.27	-4.96159
1381.99	15.0286
1384.72	19.0187
1387.44	13.0086
1390.16	20.9985
1392.88	10.9882
1395.6	12.9778
1398.31	4.96724
1401.03	-7.04339
1403.75	18.9459
1406.46	8.93497
1409.18	-5.07602
1411.89	6.91287
1414.6	16.9016
1417.31	6.8903
1420.02	10.8788
1422.73	16.8673
1425.44	0.855561
1428.15	22.8438
1430.85	12.8318
1433.56	20.8198
1436.26	8.80761
1438.97	8.79533
1441.67	8.78293
1444.37	12.7704
1447.07	2.75779
1449.77	8.74504
1452.47	12.7322
1455.16	10.7192
1457.86	0.706106
1460.56	2.69289
1463.25	0.679563
1465.94	-3.33387
1468.64	10.6526
1471.33	10.6389
1474.02	10.6251
1476.71	18.6112
1479.4	14.5972
1482.09	14.583
1484.77	8.56879
1487.46	12.5544
1490.14	2.53994
1492.83	6.52534
1495.51	12.5106
1498.19	12.4958
1500.87	6.48087
1503.55	-3.53419
1506.23	24.4506
1508.91	8.43535
1511.59	8.41995
1514.27	12.4044
1516.94	4.38882
1519.62	0.373066
1522.29	12.3572
1524.96	-13.6588
1527.63	2.32516
1530.3	10.309
1532.97	6.29265
1535.64	10.2762
1538.31	4.25968
1540.98	12.243
1543.64	8.22627
1546.31	12.2094
1548.97	10.1924
1551.63	4.1753
1554.3	4.15807
1556.96	34.1407
1559.62	2.1233
1562.28	12.1057
1564.94	-1.91192
1567.59	6.0703
1570.25	10.0524
1572.9	16.0344
1575.56	10.0163
1578.21	1.99805
1580.86	13.9797
1583.52	-4.03876
1586.17	3.94268
1588.82	3.92399
1591.47	-0.0947948
1594.11	11.8863
1596.76	3.86729
1599.41	3.84817
1602.05	5.82893
1604.69	11.8096
1607.34	15.7901
1609.98	3.77054
1612.62	9.75086
1615.26	5.73106
1617.9	1.71116
1620.54	5.69114
1623.18	15.671
1625.81	19.6508
1628.45	-4.36957
1631.08	9.60997
1633.72	13.5894
1636.35	19.5687
1638.98	7.54794
1641.61	9.52704
1644.24	9.50603
1646.87	1.4849
1649.5	-0.536332
1652.13	15.4423
1654.75	9.42088
1657.38	7.39933
1660	19.3776
1662.63	15.3559
1665.25	11.334
1667.87	7.31198
1670.49	17.2899
1673.11	5.26766
1675.73	3.24533
1678.35	1.2229
1680.96	5.20035
1683.58	21.1777
1686.19	25.1549
1688.81	5.13207
1691.42	19.1091
1694.03	13.086
1696.64	3.06281
1699.25	-0.960491
1701.87	19.0161
1704.47	4.99257
1707.08	10.9689
1709.69	4.9452
1712.29	4.92135
1714.9	14.8974
1717.5	4.87335
1720.1	0.849177
1722.71	4.82489
1725.31	-3.19948
1727.91	12.776
1730.51	6.75143
1733.1	-5.27327
1735.7	10.7019
1738.3	12.677
1740.89	14.652
1743.49	-3.37318
1746.08	16.6016
1748.67	8.57623
1751.26	2.55079
1753.86	0.525222
1756.45	14.4995
1759.03	8.47378
1761.62	8.44789
1764.21	4.42191
1766.8	8.39582
1769.38	16.3696
1771.97	6.34331
1774.55	0.316898
1777.13	6.29038
1779.71	6.26376
1782.29	24.237
1784.87	-1.7898
1787.45	10.1833
1790.03	8.15622
1792.61	10.1291
1795.18	10.1018
1797.76	12.0744
1800.33	0.0469802
1802.9	4.01941
1805.48	-0.00826169
1808.05	5.96396
1810.62	9.93607
1813.19	5.90808
1815.76	-6.12002
1818.33	3.85177
1820.89	19.8235
1823.46	19.7951
1826.02	-6.23346
1828.59	17.7379
1831.15	1.70921
1833.71	17.6804
1836.27	15.6514
1838.84	-4.37758
1841.39	17.5933
1843.95	9.56404
1846.51	15.5347
1849.07	19.5053
1851.62	3.4757
1854.18	11.446
1856.73	1.41628
1859.29	11.3864
1861.84	-4.64355
1864.39	1.32639
1866.94	11.2962
1869.49	9.26593
1872.04	23.2356
1874.59	13.2051
1877.13	3.17449
1879.68	7.14382
1882.22	1.11303
1884.77	1.08213
1887.31	1.05115
1889.85	3.02004
1892.39	10.9889
1894.93	10.9576
1897.47	2.92615
1900.01	-1.10535
1902.55	6.86304
1905.09	10.8313
1907.62	4.79953
1910.16	8.76763
1912.69	4.73562
1915.22	2.7035
1917.76	20.6713
1920.29	14.639
1922.82	4.60656
1925.35	14.574
1927.88	12.5414
1930.4	2.5087
1932.93	2.47588
1935.46	8.44296
1937.98	24.4099
1940.51	8.37681
1943.03	20.3436
1945.55	6.31027
1948.07	6.27684
1950.59	4.24332
1953.11	0.209685
1955.63	-1.82403
1958.15	8.14215
1960.67	-1.89177
1963.18	4.0742
1965.7	14.0401
1968.21	12.0059
1970.73	13.9715
1973.24	19.9371
1975.75	-0.0974116
1978.26	13.868
1980.77	23.8332
1983.28	21.7984
1985.79	-2.2365
1988.29	19.7285
1990.8	17.6933
1993.31	17.6581
1995.81	-10.3772
1998.31	5.58742
