100.093	4.22002
103.274	14.285
106.457	20.3498
109.636	4.41433
112.817	4.47865
115.994	18.5427
119.172	18.6066
122.347	8.67013
125.521	16.7335
128.696	14.7966
131.868	-11.1405
135.039	12.9221
138.209	6.98456
141.379	19.0468
144.547	3.10872
147.713	5.17043
150.879	9.23191
154.043	25.2932
157.206	15.3542
160.368	1.41497
163.529	1.47553
166.689	7.53585
169.848	7.59595
173.006	5.65582
176.163	5.71546
179.316	11.7748
182.471	-0.165987
185.625	19.893
188.777	5.95169
191.927	18.0102
195.077	6.06843
198.224	-1.87357
201.372	2.18425
204.52	14.2418
207.664	10.2992
210.809	2.35631
213.95	16.4132
217.091	0.469846
220.233	-1.47369
223.372	10.5825
226.509	20.6385
229.648	16.6943
232.784	2.74983
235.918	0.805146
239.051	10.8602
242.186	16.9151
245.317	16.9698
248.447	1.02421
251.577	21.0784
254.705	1.1324
257.832	-2.81383
260.958	9.23971
264.083	5.29303
267.204	21.3461
270.327	-0.601015
273.449	5.45165
276.57	15.5041
279.69	5.55633
282.806	5.6083
285.924	9.6601
289.04	-0.288326
292.154	3.763
295.268	5.81414
298.379	-4.13496
301.492	9.91575
304.601	11.9662
307.711	8.01649
310.818	14.0665
313.924	2.11633
317.031	8.16597
320.135	20.2154
323.238	4.26453
326.34	2.31349
329.443	4.36227
332.543	12.4108
335.642	10.4591
338.74	0.507243
341.836	12.5551
344.932	10.6028
348.027	6.65031
351.12	0.697571
354.213	16.7446
357.302	-3.20856
360.393	10.8381
363.482	30.8845
366.57	4.93071
369.656	4.97669
372.742	13.0225
375.827	-0.931923
378.91	5.11343
381.993	-4.8414
385.073	17.2035
388.154	13.2483
391.232	17.2928
394.311	15.3372
397.387	-2.61873
400.462	5.42517
403.536	13.4689
406.611	5.51239
409.683	-2.44432
412.754	7.59876
415.824	-0.358358
418.893	-0.315684
421.961	17.7268
425.027	13.7691
428.093	11.8111
431.158	-12.147
434.222	3.89464
437.284	23.9361
440.346	-10.0227
443.407	0.0183967
446.464	2.05922
449.523	10.0999
452.581	-5.85968
455.635	2.18054
458.691	20.2206
461.743	-1.73959
464.797	6.30006
467.847	16.3395
470.899	20.3787
473.947	14.4178
476.994	-1.54342
480.043	14.4952
483.088	0.533663
486.133	0.571896
489.176	12.6099
492.22	12.6478
495.262	-9.31456
498.302	0.722883
501.341	18.7601
504.38	-3.20281
507.417	22.834
510.453	14.8707
513.487	8.90715
516.521	6.94342
519.554	10.9795
522.586	-0.984611
525.616	-2.94894
528.646	1.08655
531.675	11.1219
534.701	5.15695
537.729	7.19187
540.753	1.22657
543.778	13.2611
546.8	-2.70458
549.821	3.32955
552.844	21.3635
555.863	11.3973
558.881	-0.569187
561.898	15.4642
564.916	5.49738
567.932	-4.46964
570.946	-0.436842
573.959	-4.40423
576.971	9.62818
579.982	1.66041
582.993	17.6925
586	5.72429
589.008	5.75595
592.015	3.78743
595.022	-2.18128
598.025	-0.150198
601.029	5.88072
604.032	3.91145
607.033	13.942
610.034	17.9723
613.032	10.0025
616.032	2.03247
619.028	18.0623
622.023	8.09185
625.018	16.1213
628.013	8.15052
631.005	14.1796
633.997	4.20842
636.987	-9.7629
639.977	0.265598
642.965	-1.70609
645.952	4.32204
648.939	-3.65001
651.924	0.377756
654.909	14.4053
657.892	4.43274
660.873	0.459948
663.854	6.48699
666.835	6.51385
669.813	16.5405
672.791	-1.43299
675.767	-1.40669
678.743	2.61946
681.717	12.6454
684.692	12.6712
687.664	22.6968
690.634	8.72218
693.606	4.74742
696.575	-1.22752
699.543	14.7973
702.51	14.822
705.475	-1.15343
708.44	12.8709
711.404	6.89508
714.367	18.9191
717.329	12.9429
720.29	20.9665
723.25	10.99
726.207	7.01326
729.166	13.0364
732.123	5.05931
735.077	15.0821
738.032	23.1046
740.984	19.127
743.938	19.1493
746.888	7.17134
749.839	9.19324
752.788	27.2149
755.735	3.23648
758.682	17.2578
761.627	19.279
764.574	11.3001
767.517	7.32092
770.46	1.34159
773.402	1.3621
776.342	11.3824
779.282	5.4026
782.219	19.4226
785.157	29.4424
788.094	7.46206
791.029	1.48154
793.962	5.50084
796.896	3.51999
799.828	11.539
802.76	11.5578
805.689	21.5764
808.619	9.59486
811.546	13.6132
814.473	9.63128
817.4	19.6493
820.324	15.667
823.248	9.68467
826.17	21.7021
829.092	15.7194
832.012	11.7365
834.932	13.7535
837.851	1.7703
840.768	9.78693
843.685	5.8034
846.599	15.8197
849.514	19.8358
852.428	9.85179
855.339	15.8676
858.251	11.8832
861.16	9.8987
864.07	9.91402
866.978	15.9292
869.884	11.9441
872.792	25.959
875.696	19.9736
878.599	3.98813
881.502	18.0025
884.404	16.0166
887.304	8.03064
890.204	2.04449
893.103	24.0582
896.001	18.0717
898.898	14.0851
901.794	-3.90171
904.689	24.1113
907.581	12.1242
910.474	16.1369
913.364	2.14951
916.256	10.1619
919.144	16.1742
922.034	8.18626
924.92	2.19819
927.808	18.21
930.693	8.22159
933.576	6.23304
936.459	4.24434
939.341	20.2555
942.222	14.2665
945.102	14.2773
947.981	12.288
950.859	14.2985
953.737	8.30886
956.613	16.3191
959.488	8.32912
962.361	12.339
965.235	22.3488
968.105	10.3583
970.977	2.36777
973.846	8.37704
976.716	10.3862
979.583	8.39513
982.449	6.40394
985.316	-1.58739
988.18	20.4211
991.043	6.42947
993.906	-1.56233
996.767	18.4457
999.628	6.45362
1002.49	20.4614
1005.35	16.469
1008.2	20.4764
1011.06	8.4837
1013.91	6.49084
1016.77	12.4978
1019.62	22.5047
1022.48	14.5114
1025.33	14.5179
1028.18	8.52429
1031.03	14.5305
1033.87	16.5366
1036.72	12.5426
1039.57	2.54836
1042.41	8.55401
1045.26	2.5595
1048.1	2.56485
1050.94	2.57005
1053.78	4.5751
1056.62	24.58
1059.46	12.5848
1062.3	22.5894
1065.14	16.5938
1067.97	2.59816
1070.81	14.6023
1073.64	4.60636
1076.47	6.61024
1079.31	10.614
1082.14	18.6176
1084.97	16.621
1087.8	22.6243
1090.63	18.6275
1093.45	20.6305
1096.28	22.6333
1099.1	6.63606
1101.93	18.6386
1104.75	8.64107
1107.57	26.6434
1110.39	0.645512
1113.21	4.64752
1116.03	4.64938
1118.85	8.6511
1121.66	6.65268
1124.48	6.65412
1127.3	16.6554
1130.11	20.6566
1132.92	2.65758
1135.73	8.65845
1138.54	18.6592
1141.35	14.6598
1144.16	0.660215
1146.97	10.6605
1149.78	2.66069
1152.58	-3.33928
1155.39	6.66061
1158.19	-7.33964
1161	4.65998
1163.8	16.6594
1166.6	24.6588
1169.4	12.658
1172.2	12.657
1174.99	12.656
1177.79	2.65474
1180.59	22.6534
1183.38	-1.34811
1186.17	-3.34974
1188.97	0.648496
1191.76	10.6466
1194.55	24.6446
1197.34	16.6424
1200.13	-5.35993
1202.92	10.6376
1205.7	10.635
1208.49	20.6323
1211.27	8.62947
1214.06	-3.37352
1216.84	14.6234
1219.62	12.6201
1222.4	12.6167
1225.18	22.6132
1227.96	6.60953
1230.74	2.60573
1233.51	26.6018
1236.29	4.59775
1239.06	10.5936
1241.84	20.5892
1244.61	8.58477
1247.38	10.5802
1250.15	10.5755
1252.92	26.5706
1255.69	20.5656
1258.46	6.56051
1261.23	8.55526
1263.99	10.5499
1266.76	14.5444
1269.52	8.53874
1272.28	0.532966
1275.05	16.5271
1277.81	8.52103
1280.57	6.51487
1283.33	18.5086
1286.08	8.50216
1288.84	20.4956
1291.6	8.48894
1294.35	24.4821
1297.11	6.4752
1299.86	16.4681
1302.61	26.4609
1305.36	6.45363
1308.11	14.4462
1310.86	0.43861
1313.61	4.43091
1316.36	6.42308
1319.1	24.4151
1321.85	20.407
1324.59	20.3988
1327.33	6.39051
1330.08	20.382
1332.82	-9.62654
1335.56	-1.63525
1338.3	12.3559
1341.04	8.34695
1343.77	18.3379
1346.51	4.32865
1349.25	8.31932
1351.98	12.3099
1354.71	14.3003
1357.45	0.290563
1360.18	8.28073
1362.91	10.2708
1365.64	14.2607
1368.37	-7.74951
1371.09	10.2402
1373.82	6.22972
1376.54	0.219152
1379.27	26.2085
1381.99	8.19764
1384.72	24.1867
1387.44	0.175646
1390.16	2.16446
1392.88	26.1532
1395.6	10.1417
1398.31	14.1302
1401.03	6.11853
1403.75	8.10675
1406.46	18.0948
1409.18	-5.91719
1411.89	10.0707
1414.6	0.0583985
1417.31	20.046
1420.02	14.0335
1422.73	-9.97911
1425.44	8.00814
1428.15	5.99529
1430.85	9.9823
1433.56	11.9692
1436.26	19.956
1438.97	3.94265
1441.67	1.9292
1444.37	11.9156
1447.07	-10.0981
1449.77	5.88815
1452.47	15.8742
1455.16	21.8602
1457.86	1.84603
1460.56	15.8318
1463.25	9.81736
1465.94	17.8029
1468.64	7.78824
1471.33	-8.22649
1474.02	5.75865
1476.71	-2.25631
1479.4	13.7286
1482.09	-2.28659
1484.77	5.6981
1487.46	3.68267
1490.14	13.6671
1492.83	-2.34852
1495.51	19.6357
1498.19	13.6198
1500.87	7.60384
1503.55	15.5877
1506.23	33.5715
1508.91	5.55517
1511.59	15.5387
1514.27	9.52216
1516.94	15.5055
1519.62	-2.5113
1522.29	9.4718
1524.96	3.4548
1527.63	3.43767
1530.3	-16.5796
1532.97	7.4031
1535.64	23.3856
1538.31	9.36807
1540.98	-0.649598
1543.64	5.33261
1546.31	31.3147
1548.97	5.2967
1551.63	21.2786
1554.3	5.26036
1556.96	13.242
1559.62	23.2236
1562.28	15.205
1564.94	3.18636
1567.59	9.16758
1570.25	-0.851302
1572.9	9.1297
1575.56	-0.889399
1578.21	3.0914
1580.86	29.0721
1583.52	5.05265
1586.17	1.03312
1588.82	3.01348
1591.47	-7.00626
1594.11	0.973885
1596.76	20.9539
1599.41	-5.06614
1602.05	4.91369
1604.69	-1.10659
1607.34	-5.12698
1609.98	-1.14748
1612.62	4.83192
1615.26	4.81121
1617.9	10.7904
1620.54	16.7695
1623.18	10.7485
1625.81	18.7273
1628.45	4.70612
1631.08	-9.31521
1633.72	18.6633
1636.35	8.64181
1638.98	-7.37984
1641.61	16.5984
1644.24	4.57655
1646.87	6.55459
1649.5	6.53252
1652.13	12.5104
1654.75	14.4881
1657.38	4.46573
1660	8.44325
1662.63	10.4207
1665.25	-3.60201
1667.87	8.37521
1670.49	16.3523
1673.11	20.3293
1675.73	0.306261
1678.35	10.2831
1680.96	4.25978
1683.58	18.2364
1686.19	16.2129
1688.81	16.1893
1691.42	8.16563
1694.03	4.14182
1696.64	16.1179
1699.25	8.09395
1701.87	4.06984
1704.47	2.04565
1707.08	6.02136
1709.69	5.99697
1712.29	13.9725
1714.9	13.9479
1717.5	3.92321
1720.1	1.89842
1722.71	5.87353
1725.31	17.8486
1727.91	13.8235
1730.51	9.79829
1733.1	5.77302
1735.7	13.7476
1738.3	5.72216
1740.89	5.69659
1743.49	1.67092
1746.08	7.64515
1748.67	15.6193
1751.26	-0.406656
1753.86	15.5673
1756.45	17.5411
1759.03	15.5149
1761.62	7.48854
1764.21	7.4621
1766.8	17.4356
1769.38	11.4089
1771.97	11.3822
1774.55	25.3554
1777.13	7.32847
1779.71	-2.69854
1782.29	7.27437
1784.87	17.2472
1787.45	13.2199
1790.03	-8.80751
1792.61	21.165
1795.18	5.13743
1797.76	1.10974
1800.33	19.082
1802.9	5.05413
1805.48	17.0262
1808.05	8.99814
1810.62	10.97
1813.19	14.9418
1815.76	2.91345
1818.33	12.885
1820.89	14.8565
1823.46	4.82793
1826.02	0.79923
1828.59	12.7705
1831.15	12.7416
1833.71	6.71261
1836.27	4.68356
1838.84	24.6544
1841.39	6.62517
1843.95	-3.40416
1846.51	4.56642
1849.07	-3.46307
1851.62	8.50732
1854.18	14.4776
1856.73	14.4479
1859.29	-5.58203
1861.84	12.388
1864.39	10.358
1866.94	16.3278
1869.49	2.29759
1872.04	6.26728
1874.59	14.2369
1877.13	6.20637
1879.68	10.1758
1882.22	0.145127
1884.77	14.1144
1887.31	14.0835
1889.85	0.0525752
1892.39	4.02156
1894.93	3.99046
1897.47	11.9592
1900.01	-2.07204
1902.55	-2.10342
1905.09	3.86512
1907.62	5.83357
1910.16	-0.198043
1912.69	7.77023
1915.22	1.73842
1917.76	3.70653
1920.29	5.67454
1922.82	-0.357514
1925.35	11.6103
1927.88	9.57809
1930.4	-6.45423
1932.93	1.51336
1935.46	11.4809
1937.98	3.44829
1940.51	17.4156
1943.03	11.3829
1945.55	9.35005
1948.07	5.31713
1950.59	11.2841
1953.11	17.251
1955.63	5.21788
1958.15	3.18463
1960.67	5.1513
1963.18	15.1179
1965.7	-6.91562
1968.21	15.0508
1970.73	17.0171
1973.24	6.98335
1975.75	18.9495
1978.26	8.91561
1980.77	10.8816
1983.28	-7.15248
1985.79	-1.18664
1988.29	18.7791
1990.8	10.7448
1993.31	4.71036
1995.81	12.6759
1998.31	14.6413
