100.093	0.894035
103.274	0.785114
106.457	24.6763
109.636	26.5677
112.817	24.4591
115.994	14.3508
119.172	-1.75737
122.347	12.1346
125.521	24.0268
128.696	-4.08096
131.868	21.8115
135.039	11.7041
138.209	11.5969
141.379	7.48972
144.547	9.38278
147.713	21.276
150.879	17.1693
154.043	25.0628
157.206	12.9565
160.368	12.8503
163.529	-3.25582
166.689	12.6382
169.848	2.53245
173.006	2.4268
176.163	4.32129
179.316	32.216
182.471	0.110752
185.625	-3.99435
188.777	9.90069
191.927	7.79594
195.077	17.6912
198.224	17.5868
201.372	1.48233
204.52	13.378
207.664	-2.72605
210.809	1.16992
213.95	9.06608
217.091	8.96238
220.233	26.8587
223.372	10.7553
226.509	6.65198
229.648	0.548713
232.784	22.4456
235.918	10.3427
239.051	8.23988
242.186	14.1371
245.317	6.03454
248.447	29.9321
251.577	21.8298
254.705	-0.272455
257.832	27.6255
260.958	3.52348
264.083	3.42162
267.204	29.3199
270.327	11.2183
273.449	5.11682
276.57	21.0154
279.69	28.9141
282.806	36.813
285.924	22.712
289.04	6.61104
292.154	24.5103
295.268	-1.59044
298.379	0.309014
301.492	14.2085
304.601	-7.89182
307.711	4.00789
310.818	19.9078
313.924	17.8078
317.031	7.7078
320.135	19.608
323.238	19.5083
326.34	13.4087
329.443	13.3092
332.543	-14.7902
335.642	33.1105
338.74	-16.9887
341.836	12.9122
344.932	-1.18679
348.027	10.7143
351.12	4.61552
354.213	14.5168
357.302	-3.58172
360.393	16.3198
363.482	10.2214
366.57	2.12303
369.656	26.0249
372.742	-2.07327
375.827	5.82869
378.91	23.7308
381.993	29.6329
385.073	17.5352
388.154	15.4375
391.232	21.34
394.311	3.24249
397.387	9.14513
400.462	9.04786
403.536	-1.04933
406.611	4.8535
409.683	4.75648
412.754	4.65955
415.824	28.5627
418.893	-7.53408
421.961	8.36923
425.027	4.27261
428.093	14.1761
431.158	24.0796
434.222	17.9833
437.284	3.88696
440.346	13.7907
443.407	-4.30541
446.464	13.5986
449.523	25.5026
452.581	17.4067
455.635	9.3109
458.691	11.2151
461.743	5.11949
464.797	-4.97614
467.847	30.9284
470.899	14.8329
473.947	34.7375
476.994	14.6422
480.043	20.547
483.088	6.45181
486.133	14.3567
489.176	4.26171
492.22	2.1667
495.262	6.07182
498.302	-4.02301
501.341	1.88224
504.38	1.78754
507.417	11.6929
510.453	25.5983
513.487	5.5039
516.521	-4.59055
519.554	31.3151
522.586	3.22074
525.616	13.1265
528.646	-0.967685
531.675	12.9382
534.701	4.84413
537.729	6.75008
540.753	22.6562
543.778	26.5622
546.8	10.4684
549.821	12.3747
552.844	22.2809
555.863	2.18723
558.881	-3.90638
561.898	10.0001
564.916	9.90651
567.932	17.8131
570.946	11.7196
573.959	7.62629
576.971	5.53299
579.982	21.4397
582.993	15.3465
586	25.2534
589.008	39.1603
592.015	5.06721
595.022	22.9742
598.025	18.8813
601.029	10.7883
604.032	20.6954
607.033	2.6026
610.034	12.5098
613.032	6.41707
616.032	14.3243
619.028	-7.76831
622.023	-3.86091
625.018	18.0465
628.013	-10.0461
631.005	9.86146
633.997	5.76901
636.987	15.6766
639.977	5.58422
642.965	15.4919
645.952	17.3996
648.939	-10.6927
651.924	9.21505
654.909	21.1228
657.892	-6.96934
660.873	-1.06143
663.854	-1.15354
666.835	16.7544
669.813	14.6624
672.791	0.570344
675.767	20.4784
678.743	20.3864
681.717	4.29455
684.692	6.20263
687.664	14.1108
690.634	8.019
693.606	13.9272
696.575	9.8354
699.543	31.7437
702.51	5.65196
705.475	15.5603
708.44	15.4686
711.404	7.37696
714.367	33.2853
717.329	3.19374
720.29	19.1022
723.25	7.01059
726.207	-15.0809
729.166	18.8276
732.123	22.7361
735.077	10.6446
738.032	10.5532
740.984	18.4618
743.938	20.3703
746.888	32.279
749.839	10.1876
752.788	8.09621
755.735	16.0049
758.682	7.91357
761.627	9.82227
764.574	9.73092
767.517	-0.360358
770.46	15.5484
773.402	1.45712
776.342	5.36587
779.282	19.2746
782.219	21.1835
785.157	-6.90776
788.094	19.001
791.029	28.9098
793.962	-3.18133
796.896	-3.27253
799.828	18.6363
802.76	6.54515
805.689	14.454
808.619	16.3629
811.546	-7.72826
814.473	4.18062
817.4	0.0894529
820.324	11.9983
823.248	15.9072
826.17	1.81613
829.092	1.72502
832.012	21.6339
834.932	29.5428
837.851	11.4517
840.768	21.3606
843.685	39.2695
846.599	41.1784
849.514	27.0873
852.428	10.9962
855.339	22.9051
858.251	12.814
861.16	26.7229
864.07	6.63173
866.978	20.5406
869.884	28.4495
872.792	30.3584
875.696	42.2673
878.599	12.1761
881.502	20.085
884.404	7.99385
887.304	5.9027
890.204	3.81153
893.103	7.72036
896.001	9.62917
898.898	33.538
901.794	17.4468
904.689	15.3555
907.581	3.26436
910.474	9.17311
913.364	29.0819
916.256	14.9906
919.144	20.8994
922.034	10.8081
924.92	14.7168
927.808	10.6255
930.693	14.5342
933.576	-9.55716
936.459	-1.64849
939.341	16.2601
942.222	6.16877
945.102	18.0774
947.981	13.986
950.859	11.8945
953.737	1.80307
956.613	25.7116
959.488	1.62009
962.361	13.5286
965.235	15.4371
968.105	13.3456
970.977	23.254
973.846	23.1624
976.716	11.0708
979.583	0.979163
982.449	22.8875
985.316	22.7958
988.18	12.7041
991.043	12.6124
993.906	10.5207
996.767	20.4289
999.628	30.3371
1002.49	22.2453
1005.35	-11.8466
1008.2	32.0615
1011.06	7.96967
1013.91	17.8777
1016.77	23.7857
1019.62	19.6938
1022.48	23.6018
1025.33	33.5097
1028.18	11.4176
1031.03	-16.6744
1033.87	29.2334
1036.72	13.1412
1039.57	13.049
1042.41	12.9568
1045.26	20.8646
1048.1	26.7723
1050.94	18.68
1053.78	36.5876
1056.62	6.4952
1059.46	26.4028
1062.3	6.31028
1065.14	32.2178
1067.97	18.1253
1070.81	4.03274
1073.64	9.94011
1076.47	31.8475
1079.31	43.7548
1082.14	7.66208
1084.97	21.5693
1087.8	13.4765
1090.63	31.3837
1093.45	29.2908
1096.28	21.1979
1099.1	13.105
1101.93	7.01197
1104.75	28.9189
1107.57	16.8258
1110.39	24.7327
1113.21	12.6396
1116.03	12.5464
1118.85	16.4531
1121.66	24.3599
1124.48	16.2665
1127.3	16.1731
1130.11	-9.92032
1132.92	3.98624
1135.73	37.8927
1138.54	-2.2008
1141.35	25.7056
1144.16	9.61189
1146.97	15.5182
1149.78	23.4244
1152.58	23.3307
1155.39	23.2369
1158.19	13.143
1161	25.049
1163.8	4.95505
1166.6	8.86099
1169.4	10.7669
1172.2	4.67277
1174.99	32.5785
1177.79	42.4843
1180.59	4.39005
1183.38	38.2957
1186.17	8.20127
1188.97	24.1068
1191.76	10.0123
1194.55	21.9178
1197.34	13.8232
1200.13	19.7285
1202.92	15.6337
1205.7	23.539
1208.49	5.44417
1211.27	3.34926
1214.06	17.2544
1216.84	21.1593
1219.62	29.0643
1222.4	16.9691
1225.18	20.874
1227.96	-5.22123
1230.74	26.6834
1233.51	36.5881
1236.29	2.49269
1239.06	14.3972
1241.84	28.3017
1244.61	30.2061
1247.38	24.1104
1250.15	24.0148
1252.92	-0.0810037
1255.69	-8.17686
1258.46	25.7273
1261.23	1.6313
1263.99	19.5353
1266.76	7.43918
1269.52	23.3431
1272.28	11.2469
1275.05	19.1505
1277.81	3.05421
1280.57	14.9578
1283.33	-7.13866
1286.08	8.7648
1288.84	16.6682
1291.6	16.5715
1294.35	8.47476
1297.11	12.378
1299.86	22.2811
1302.61	16.1841
1305.36	2.08718
1308.11	21.9901
1310.86	9.89295
1313.61	13.7958
1316.36	5.69842
1319.1	19.6011
1321.85	5.50367
1324.59	13.4062
1327.33	23.3086
1330.08	21.211
1332.82	17.1133
1335.56	7.01548
1338.3	2.91761
1341.04	-19.1803
1343.77	10.7217
1346.51	26.6237
1349.25	20.5255
1351.98	26.4273
1354.71	20.329
1357.45	22.2306
1360.18	32.1322
1362.91	28.0336
1365.64	17.935
1368.37	41.8364
1371.09	-0.262364
1373.82	33.6388
1376.54	-2.46003
1379.27	21.441
1381.99	5.3419
1384.72	33.2428
1387.44	37.1436
1390.16	23.0443
1392.88	24.9449
1395.6	24.8454
1398.31	22.7459
1401.03	-13.3537
1403.75	-11.4533
1406.46	32.4469
1409.18	36.347
1411.89	24.2471
1414.6	20.1471
1417.31	4.04704
1420.02	3.94686
1422.73	17.8466
1425.44	9.74623
1428.15	23.6458
1430.85	9.54531
1433.56	5.44476
1436.26	13.344
1438.97	7.24332
1441.67	19.1425
1444.37	21.0416
1447.07	10.9406
1449.77	16.8395
1452.47	14.7383
1455.16	14.637
1457.86	4.53568
1460.56	-1.56577
1463.25	8.33269
1465.94	20.2311
1468.64	22.1294
1471.33	12.0276
1474.02	25.9257
1476.71	7.82379
1479.4	-14.2783
1482.09	17.6196
1484.77	-6.48265
1487.46	19.415
1490.14	3.31264
1492.83	13.2101
1495.51	3.10754
1498.19	29.0048
1500.87	0.902134
1503.55	20.7992
1506.23	18.6963
1508.91	26.5933
1511.59	12.4901
1514.27	20.3869
1516.94	4.28359
1519.62	28.1801
1522.29	2.07663
1524.96	15.973
1527.63	7.86935
1530.3	25.7656
1532.97	19.6617
1535.64	23.5577
1538.31	-2.5464
1540.98	25.3495
1543.64	5.24519
1546.31	3.14088
1548.97	35.0364
1551.63	18.9319
1554.3	16.8272
1556.96	2.72245
1559.62	30.6176
1562.28	2.5127
1564.94	26.4077
1567.59	42.3025
1570.25	24.1973
1572.9	26.092
1575.56	25.9865
1578.21	29.881
1580.86	13.7754
1583.52	3.66963
1586.17	3.56384
1588.82	29.4579
1591.47	31.3519
1594.11	27.2458
1596.76	15.1396
1599.41	7.03325
1602.05	34.9268
1604.69	38.8203
1607.34	4.71365
1609.98	14.6069
1612.62	2.50006
1615.26	28.3931
1617.9	28.2861
1620.54	30.1789
1623.18	22.0717
1625.81	29.9643
1628.45	9.85689
1631.08	13.7494
1633.72	5.6417
1636.35	21.5339
1638.98	7.42607
1641.61	1.3181
1644.24	37.21
1646.87	37.1018
1649.5	8.99349
1652.13	32.8851
1654.75	26.7766
1657.38	32.668
1660	26.5593
1662.63	-3.54952
1665.25	26.3415
1667.87	20.2325
1670.49	32.1233
1673.11	38.0141
1675.73	-18.0953
1678.35	33.7952
1680.96	-2.31435
1683.58	-0.423977
1686.19	13.4662
1688.81	21.3563
1691.42	15.2463
1694.03	19.1361
1696.64	19.0259
1699.25	-5.08441
1701.87	0.805076
1704.47	16.6945
1707.08	24.5838
1709.69	4.47306
1712.29	36.3621
1714.9	0.25113
1717.5	8.14006
1720.1	0.0288036
1722.71	33.9174
1725.31	13.806
1727.91	15.6944
1730.51	15.5827
1733.1	11.471
1735.7	11.359
1738.3	-2.75303
1740.89	13.1348
1743.49	23.0226
1746.08	22.9102
1748.67	28.7977
1751.26	4.68517
1753.86	-3.42756
1756.45	0.459575
1759.03	26.3467
1761.62	16.2336
1764.21	36.1204
1766.8	10.0072
1769.38	9.89377
1771.97	23.7802
1774.55	11.6665
1777.13	17.5528
1779.71	5.43891
1782.29	13.325
1784.87	23.2108
1787.45	21.0966
1790.03	4.9823
1792.61	2.86779
1795.18	14.7532
1797.76	10.6385
1800.33	0.523701
1802.9	10.4088
1805.48	26.2937
1808.05	16.1786
1810.62	18.0633
1813.19	41.9478
1815.76	9.83228
1818.33	-0.283397
1820.89	-12.3992
1823.46	9.48495
1826.02	9.36889
1828.59	9.25278
1831.15	35.1365
1833.71	15.0201
1836.27	-1.09638
1838.84	14.787
1841.39	20.6703
1843.95	-3.44662
1846.51	4.43637
1849.07	12.3193
1851.62	4.20206
1854.18	34.0847
1856.73	13.9672
1859.29	7.84957
1861.84	11.7319
1864.39	1.61404
1866.94	7.496
1869.49	13.3779
1872.04	27.2597
1874.59	3.14133
1877.13	15.0228
1879.68	6.90431
1882.22	4.78556
1884.77	28.6667
1887.31	52.5478
1889.85	18.4286
1892.39	22.3094
1894.93	8.19008
1897.47	18.0705
1900.01	3.95094
1902.55	27.8312
1905.09	5.71135
1907.62	27.5914
1910.16	29.4713
1912.69	1.35105
1915.22	11.2307
1917.76	15.1102
1920.29	16.9895
1922.82	8.86882
1925.35	14.7479
1927.88	36.6269
1930.4	14.5058
1932.93	0.384513
1935.46	18.2631
1937.98	20.1416
1940.51	10.0199
1943.03	27.8981
1945.55	17.7763
1948.07	41.6542
1950.59	-2.46795
1953.11	25.4097
1955.63	1.2873
1958.15	23.1648
1960.67	33.0421
1963.18	18.9193
1965.7	26.7963
1968.21	-13.3268
1970.73	22.55
1973.24	-1.57339
1975.75	44.3032
1978.26	4.17954
1980.77	16.0558
1983.28	19.9319
1985.79	3.80793
1988.29	7.68381
1990.8	33.5595
1993.31	23.4351
1995.81	-4.68948
1998.31	-4.81407
