100.093	17.9982
103.274	10.0839
106.457	12.169
109.636	2.25358
112.817	12.3377
115.994	-7.57882
119.172	2.50422
122.347	6.58668
125.521	24.6686
128.696	16.7501
131.868	2.83098
135.039	12.9114
138.209	6.99123
141.379	9.07063
144.547	3.14947
147.713	11.2278
150.879	13.3056
154.043	5.38296
157.206	5.45977
160.368	5.53609
163.529	11.6119
166.689	3.68723
169.848	15.762
173.006	1.83638
176.163	5.91021
179.316	13.9835
182.471	-5.94363
185.625	2.12873
188.777	2.20062
191.927	4.27197
195.077	0.342891
198.224	12.4133
201.372	8.48325
204.52	8.55273
207.664	14.6217
210.809	-3.30977
213.95	8.75826
217.091	10.8258
220.233	10.8929
223.372	12.9596
226.509	5.02572
229.648	13.0915
232.784	7.1567
235.918	17.2215
239.051	1.2858
242.186	7.34971
245.317	15.4131
248.447	1.47608
251.577	11.5386
254.705	17.6007
257.832	11.6623
260.958	3.72346
264.083	9.78419
267.204	7.84445
270.327	11.9043
273.449	-6.03628
276.57	20.0227
279.69	26.0812
282.806	4.13933
285.924	16.197
289.04	-1.74573
292.154	4.31106
295.268	12.3675
298.379	16.4234
301.492	12.479
304.601	-3.46593
307.711	2.58879
310.818	6.64306
313.924	10.6969
317.031	22.7504
320.135	6.80341
323.238	18.856
326.34	8.90824
329.443	24.9601
332.543	7.01147
335.642	7.06247
338.74	-2.88694
341.836	7.16326
344.932	15.2131
348.027	7.26245
351.12	7.31146
354.213	17.3601
357.302	17.4083
360.393	7.45608
363.482	7.50353
366.57	17.5506
369.656	-2.40278
372.742	13.6435
375.827	13.6894
378.91	-2.2651
381.993	7.78005
385.073	-0.175216
388.154	5.86918
391.232	3.91317
394.311	13.9568
397.387	4.00006
400.462	-5.95706
403.536	20.0855
406.611	6.12762
409.683	10.1694
412.754	8.21083
415.824	8.25188
418.893	10.2926
421.961	10.3329
425.027	18.3729
428.093	14.4125
431.158	12.4518
434.222	12.4907
437.284	18.5293
440.346	2.56755
443.407	10.6054
446.464	4.64295
449.523	18.6801
452.581	14.717
455.635	4.75348
458.691	-1.21035
461.743	10.8255
464.797	8.86096
467.847	14.8961
470.899	10.9309
473.947	-3.03459
476.994	-1.00044
480.043	11.0334
483.088	7.0669
486.133	15.1001
489.176	-8.86709
492.22	7.16545
495.262	1.19766
498.302	21.2295
501.341	3.26111
504.38	7.29236
507.417	5.32329
510.453	3.35391
513.487	19.3842
516.521	1.41421
519.554	11.4439
522.586	5.47328
525.616	-0.497654
528.646	15.5311
531.675	23.5596
534.701	11.5877
537.729	-2.38438
540.753	-0.356821
543.778	5.67046
546.8	-8.30258
549.821	-2.27591
552.844	-6.24951
555.863	9.77658
558.881	1.80238
561.898	9.82789
564.916	15.8531
567.932	15.8781
570.946	1.90273
573.959	1.9271
576.971	9.9512
579.982	-0.0249885
582.993	-4.00145
586	6.02179
589.008	12.0448
592.015	-7.93251
595.022	8.08993
598.025	8.11209
601.029	24.134
604.032	24.1556
607.033	6.17697
610.034	4.19808
613.032	18.2189
616.032	4.23948
619.028	6.25978
622.023	0.279818
625.018	-7.7004
628.013	8.31914
631.005	-3.66158
633.997	-1.64256
636.987	10.3762
639.977	6.39472
642.965	-7.58702
645.952	18.431
648.939	4.44877
651.924	16.4663
654.909	10.4836
657.892	2.50062
660.873	6.51741
663.854	12.534
666.835	16.5503
669.813	-3.43365
672.791	16.5822
675.767	12.5978
678.743	16.6132
681.717	18.6283
684.692	16.6432
687.664	30.6579
690.634	8.67235
693.606	22.6866
696.575	2.70058
699.543	14.7144
702.51	22.7279
705.475	4.74123
708.44	16.7543
711.404	10.7672
714.367	18.7799
717.329	4.79237
720.29	0.804612
723.25	8.81664
726.207	20.8285
729.166	8.84006
732.123	-3.14854
735.077	12.8626
738.032	4.87363
740.984	2.8844
743.938	16.895
746.888	8.90533
749.839	8.9155
752.788	22.9255
755.735	18.9352
758.682	10.9448
761.627	2.95417
764.574	14.9633
767.517	14.9723
770.46	14.9811
773.402	12.9897
776.342	8.99812
779.282	15.0063
782.219	13.0144
785.157	9.02221
788.094	21.0299
791.029	5.03734
793.962	19.0446
796.896	25.0517
799.828	9.05867
802.76	3.06542
805.689	9.07199
808.619	5.07839
811.546	3.08461
814.473	17.0907
817.4	11.0965
820.324	23.1022
823.248	27.1078
826.17	7.11313
829.092	7.11832
832.012	19.1234
834.932	21.1282
837.851	13.1329
840.768	17.1375
843.685	21.1418
846.599	9.14604
849.514	19.1501
852.428	11.154
855.339	15.1577
858.251	11.1613
861.16	11.1648
864.07	1.16803
866.978	13.1712
869.884	13.1741
872.792	3.17695
875.696	15.1796
878.599	15.1822
881.502	23.1845
884.404	25.1868
887.304	19.1889
890.204	13.1908
893.103	7.19263
896.001	-0.805697
898.898	19.1958
901.794	15.1972
904.689	23.1985
907.581	9.1996
910.474	5.20059
913.364	3.20144
916.256	3.20217
919.144	1.20276
922.034	5.20322
924.92	1.20355
927.808	25.2038
930.693	15.2038
933.576	17.2038
936.459	3.20361
939.341	3.20332
942.222	23.2029
945.102	13.2024
947.981	11.2017
950.859	11.2009
953.737	5.20005
956.613	5.19904
959.488	9.19792
962.361	19.1967
965.235	5.19534
968.105	17.1939
970.977	19.1923
973.846	13.1906
976.716	11.1888
979.583	5.18695
982.449	17.1849
985.316	15.1828
988.18	25.1806
991.043	13.1783
993.906	9.1759
996.767	19.1734
999.628	11.1708
1002.49	9.16806
1005.35	9.16525
1008.2	23.1623
1011.06	21.1593
1013.91	19.1563
1016.77	15.1531
1019.62	7.14978
1022.48	1.14641
1025.33	11.143
1028.18	11.1394
1031.03	21.1358
1033.87	7.13205
1036.72	5.12824
1039.57	15.1243
1042.41	19.1204
1045.26	9.11631
1048.1	13.1122
1050.94	11.108
1053.78	1.10365
1056.62	19.0993
1059.46	13.0948
1062.3	13.0903
1065.14	3.08569
1067.97	-0.91899
1070.81	-0.923739
1073.64	19.0714
1076.47	1.06655
1079.31	17.0616
1082.14	3.05655
1084.97	11.0514
1087.8	19.0463
1090.63	19.0411
1093.45	7.03576
1096.28	31.0304
1099.1	25.025
1101.93	7.01949
1104.75	3.01394
1107.57	21.0083
1110.39	13.0027
1113.21	-7.00304
1116.03	20.9912
1118.85	18.9853
1121.66	12.9795
1124.48	6.97352
1127.3	-1.03247
1130.11	6.96148
1132.92	8.95539
1135.73	-7.05075
1138.54	14.9431
1141.35	16.9368
1144.16	18.9305
1146.97	18.9242
1149.78	4.91782
1152.58	0.911403
1155.39	6.90494
1158.19	6.89843
1161	6.89189
1163.8	8.88531
1166.6	4.87868
1169.4	12.872
1172.2	12.8653
1174.99	6.85858
1177.79	-1.14818
1180.59	6.84502
1183.38	16.8382
1186.17	10.8313
1188.97	14.8244
1191.76	10.8175
1194.55	2.81052
1197.34	26.8035
1200.13	12.7965
1202.92	18.7895
1205.7	-3.21758
1208.49	8.77533
1211.27	20.7682
1214.06	16.7611
1216.84	0.75392
1219.62	8.74674
1222.4	0.739543
1225.18	16.7323
1227.96	0.725093
1230.74	0.717838
1233.51	4.71057
1236.29	2.70329
1239.06	2.69599
1241.84	10.6887
1244.61	-3.31865
1247.38	8.67402
1250.15	10.6667
1252.92	22.6593
1255.69	2.65195
1258.46	26.6446
1261.23	-3.3628
1263.99	18.6298
1266.76	12.6224
1269.52	18.615
1272.28	4.60764
1275.05	16.6002
1277.81	6.59283
1280.57	8.58543
1283.33	4.57803
1286.08	10.5706
1288.84	22.5632
1291.6	6.55583
1294.35	22.5484
1297.11	12.541
1299.86	18.5337
1302.61	12.5263
1305.36	2.51891
1308.11	30.5115
1310.86	22.5042
1313.61	2.49686
1316.36	10.4895
1319.1	8.4822
1321.85	4.47489
1324.59	12.4676
1327.33	-5.53969
1330.08	-7.54696
1332.82	10.4458
1335.56	18.4386
1338.3	24.4313
1341.04	12.4241
1343.77	0.416962
1346.51	2.40981
1349.25	6.40266
1351.98	4.39555
1354.71	8.38845
1357.45	-1.61862
1360.18	10.3743
1362.91	2.36731
1365.64	14.3603
1368.37	4.35334
1371.09	26.3464
1373.82	8.33949
1376.54	20.3326
1379.27	8.32575
1381.99	14.3189
1384.72	4.31213
1387.44	10.3054
1390.16	12.2986
1392.88	18.292
1395.6	10.2853
1398.31	6.27867
1401.03	8.27209
1403.75	28.2655
1406.46	14.259
1409.18	14.2526
1411.89	-5.75388
1414.6	6.23973
1417.31	16.2334
1420.02	14.2271
1422.73	-5.77919
1425.44	2.21458
1428.15	12.2084
1430.85	6.20227
1433.56	12.1962
1436.26	2.19015
1438.97	22.1842
1441.67	4.17822
1444.37	2.17232
1447.07	20.1665
1449.77	8.16068
1452.47	12.1549
1455.16	10.1493
1457.86	-3.85639
1460.56	26.138
1463.25	2.1325
1465.94	16.127
1468.64	8.12161
1471.33	8.11625
1474.02	4.11095
1476.71	2.1057
1479.4	12.1005
1482.09	16.0954
1484.77	12.0903
1487.46	12.0853
1490.14	16.0804
1492.83	2.0755
1495.51	-3.92931
1498.19	2.06594
1500.87	4.06125
1503.55	12.0566
1506.23	22.0521
1508.91	18.0476
1511.59	24.0432
1514.27	0.0388267
1516.94	14.0345
1519.62	10.0303
1522.29	10.0262
1524.96	6.02213
1527.63	6.01814
1530.3	4.01422
1532.97	16.0104
1535.64	20.0066
1538.31	-1.9971
1540.98	9.99928
1543.64	13.9957
1546.31	7.99227
1548.97	7.98888
1551.63	13.9856
1554.3	1.98234
1556.96	1.97919
1559.62	-4.02388
1562.28	-0.0268696
1564.94	3.97023
1567.59	27.9674
1570.25	-0.0353347
1572.9	9.96201
1575.56	-4.04056
1578.21	1.95696
1580.86	15.9546
1583.52	3.95226
1586.17	-6.04996
1588.82	-4.0521
1591.47	-2.05414
1594.11	9.94391
1596.76	-8.05795
1599.41	17.9403
1602.05	-0.0614016
1604.69	5.93701
1607.34	-2.06448
1609.98	5.93412
1612.62	7.93282
1615.26	7.93161
1617.9	5.9305
1620.54	13.9295
1623.18	3.92857
1625.81	1.92775
1628.45	17.927
1631.08	-2.07359
1633.72	3.92589
1636.35	21.9255
1638.98	15.9251
1641.61	19.9249
1644.24	9.92482
1646.87	15.9248
1649.5	13.9249
1652.13	5.9251
1654.75	-0.0745945
1657.38	9.92582
1660	13.9263
1662.63	15.927
1665.25	17.9277
1667.87	-0.0714708
1670.49	1.92948
1673.11	-0.0694613
1675.73	7.93171
1678.35	15.933
1680.96	3.93438
1683.58	15.9359
1686.19	13.9375
1688.81	13.9392
1691.42	-0.0589134
1694.03	11.943
1696.64	-0.0548744
1699.25	19.9473
1701.87	1.94963
1704.47	19.9521
1707.08	-4.0454
1709.69	13.9573
1712.29	9.96005
1714.9	7.96295
1717.5	15.966
1720.1	-4.03088
1722.71	-4.02761
1725.31	-8.02422
1727.91	21.9793
1730.51	-4.01707
1733.1	5.98669
1735.7	5.99057
1738.3	23.9946
1740.89	13.9987
1743.49	2.00298
1746.08	8.00737
1748.67	16.0119
1751.26	4.01653
1753.86	10.0213
1756.45	2.02621
1759.03	14.0312
1761.62	-1.96359
1764.21	12.0417
1766.8	4.04713
1769.38	6.05269
1771.97	14.0584
1774.55	16.0642
1777.13	16.0702
1779.71	6.07628
1782.29	18.0825
1784.87	22.0889
1787.45	20.0954
1790.03	0.102017
1792.61	10.1088
1795.18	28.1157
1797.76	-3.87723
1800.33	6.12997
1802.9	26.1373
1805.48	2.14478
1808.05	6.15239
1810.62	8.16015
1813.19	18.1681
1815.76	12.1761
1818.33	6.18429
1820.89	14.1926
1823.46	14.2011
1826.02	-1.79029
1828.59	10.2185
1831.15	18.2274
1833.71	-1.76355
1836.27	10.2457
1838.84	18.255
1841.39	12.2645
1843.95	12.2742
1846.51	8.28395
1849.07	12.2939
1851.62	0.304
1854.18	16.3143
1856.73	14.3247
1859.29	-3.66479
1861.84	14.3459
1864.39	2.35677
1866.94	4.36779
1869.49	12.379
1872.04	14.3903
1874.59	28.4018
1877.13	0.413391
1879.68	-1.57483
1882.22	4.43712
1884.77	26.4492
1887.31	16.4615
1889.85	10.4739
1892.39	12.4865
1894.93	14.4992
1897.47	8.51212
1900.01	12.5252
1902.55	8.5384
1905.09	16.5518
1907.62	10.5653
1910.16	14.579
1912.69	2.59289
1915.22	4.60693
1917.76	20.6211
1920.29	26.6355
1922.82	12.65
1925.35	14.6647
1927.88	24.6796
1930.4	2.69457
1932.93	14.7098
1935.46	6.72512
1937.98	16.7406
1940.51	16.7563
1943.03	32.7722
1945.55	10.7882
1948.07	24.8044
1950.59	0.8208
1953.11	8.83735
1955.63	8.85406
1958.15	2.87094
1960.67	-5.112
1963.18	16.9052
1965.7	14.9226
1968.21	12.9402
1970.73	14.958
1973.24	38.9759
1975.75	12.994
1978.26	5.01228
1980.77	3.03073
1983.28	9.04937
1985.79	15.0682
1988.29	11.0872
1990.8	7.10633
1993.31	3.12567
1995.81	7.14519
1998.31	9.16488
