100.093	-1.63197
103.274	2.42677
106.457	14.4852
109.636	2.54316
112.817	2.60082
115.994	2.65808
119.172	12.715
122.347	8.77152
125.521	-1.17233
128.696	22.8835
131.868	8.93892
135.039	6.99398
138.209	17.0487
141.379	21.1031
144.547	1.15705
147.713	23.2107
150.879	1.26395
154.043	13.3169
157.206	13.3694
160.368	7.42164
163.529	25.4735
166.689	13.525
169.848	1.57618
173.006	7.62699
176.163	13.6775
179.316	19.7276
182.471	13.7773
185.625	-4.17322
188.777	5.87587
191.927	-0.0754032
195.077	1.97301
198.224	6.02106
201.372	0.0688067
204.52	10.1162
207.664	8.16326
210.809	2.21
213.95	8.25638
217.091	14.3024
220.233	0.348171
223.372	-1.60644
226.509	6.43862
229.648	8.48339
232.784	22.5278
235.918	4.57189
239.051	-3.38435
242.186	10.6591
245.317	4.70225
248.447	12.7451
251.577	26.7875
254.705	12.8297
257.832	-3.12843
260.958	14.9131
264.083	4.95433
267.204	6.99522
270.327	17.0358
273.449	5.07612
276.57	-0.883896
279.69	1.15578
282.806	-0.804875
285.924	21.2342
289.04	17.273
292.154	9.31138
295.268	31.3495
298.379	15.3874
301.492	17.4249
304.601	1.46215
307.711	7.49911
310.818	-4.46425
313.924	1.57209
317.031	9.60816
320.135	19.6439
323.238	11.6794
326.34	3.71455
329.443	-0.250546
332.543	17.784
335.642	25.8184
338.74	15.8524
341.836	17.8861
344.932	-0.0804463
348.027	-4.04728
351.12	19.9856
354.213	16.0182
357.302	10.0505
360.393	8.08255
363.482	16.1143
366.57	20.1458
369.656	22.177
372.742	24.2079
375.827	6.2386
378.91	12.269
381.993	12.2991
385.073	10.3289
388.154	8.3585
391.232	4.38779
394.311	8.41684
397.387	2.4456
400.462	8.47409
403.536	-1.49768
406.611	-5.46969
409.683	8.55801
412.754	10.5855
415.824	16.6126
418.893	14.6396
421.961	10.6662
425.027	16.6926
428.093	10.7188
431.158	2.74471
434.222	-1.22965
437.284	12.7957
440.346	0.820893
443.407	2.84579
446.464	6.87041
449.523	2.89481
452.581	-7.08105
455.635	12.9428
458.691	12.9665
461.743	-3.01011
464.797	3.01306
467.847	7.03596
470.899	9.05865
473.947	13.0811
476.994	-4.89674
480.043	1.12523
483.088	-0.853059
486.133	15.1684
489.176	-0.810341
492.22	5.21068
495.262	-2.76855
498.302	-6.74801
501.341	19.2723
504.38	1.29238
507.417	-0.687768
510.453	9.33185
513.487	-4.64877
516.521	19.3704
519.554	3.38934
522.586	1.40806
525.616	9.42654
528.646	-0.555185
531.675	7.46286
534.701	5.48068
537.729	3.49829
540.753	15.5157
543.778	23.5328
546.8	-2.45021
549.821	9.56652
552.844	7.58304
555.863	1.59934
558.881	-4.38457
561.898	21.6313
564.916	1.64698
567.932	25.6624
570.946	5.67768
573.959	5.69272
576.971	7.70755
579.982	-4.27783
582.993	15.7366
586	7.7508
589.008	17.7648
592.015	15.7786
595.022	11.7922
598.025	21.8056
601.029	-6.18117
604.032	3.83184
607.033	15.8446
610.034	-6.14275
613.032	9.86966
616.032	1.88188
619.028	9.8939
622.023	7.90573
625.018	-12.0826
628.013	27.9288
631.005	11.9401
633.997	19.9511
636.987	1.96201
639.977	9.97269
642.965	9.98319
645.952	15.9935
648.939	16.0036
651.924	-3.98642
654.909	-1.97666
657.892	20.0329
660.873	2.04232
663.854	8.05154
666.835	10.0606
669.813	-3.93057
672.791	4.07811
675.767	12.0866
678.743	-5.90506
681.717	12.1031
684.692	10.1111
687.664	10.1189
690.634	0.126494
693.606	6.13396
696.575	4.14124
699.543	20.1484
702.51	12.1553
705.475	10.1621
708.44	14.1687
711.404	2.17514
714.367	4.18142
717.329	12.1875
720.29	2.19349
723.25	10.1993
726.207	2.2049
729.166	16.2104
732.123	24.2157
735.077	12.2208
738.032	14.2258
740.984	8.23063
743.938	0.235301
746.888	2.23981
749.839	28.2442
752.788	20.2484
755.735	20.2524
758.682	4.25633
761.627	14.2601
764.574	8.26367
767.517	14.2671
770.46	16.2704
773.402	4.27356
776.342	20.2766
779.282	12.2794
782.219	4.28212
785.157	16.2847
788.094	14.2871
791.029	16.2894
793.962	8.2915
796.896	18.2935
799.828	14.2953
802.76	18.297
805.689	24.2986
808.619	4.30004
811.546	20.3013
814.473	18.3025
817.4	8.30351
820.324	14.3044
823.248	14.3051
826.17	6.30576
829.092	18.3062
832.012	8.30659
834.932	24.3068
837.851	22.3069
840.768	6.30686
843.685	18.3067
846.599	14.3064
849.514	18.306
852.428	20.3054
855.339	-3.69526
858.251	16.3039
861.16	18.303
864.07	14.302
866.978	12.3008
869.884	12.2995
872.792	30.2981
875.696	24.2965
878.599	8.29489
881.502	-11.7069
884.404	24.2912
887.304	10.2892
890.204	8.2871
893.103	10.2849
896.001	12.2825
898.898	2.28004
901.794	12.2775
904.689	12.2748
907.581	0.271963
910.474	4.26905
913.364	-1.73398
916.256	14.2629
919.144	12.2596
922.034	8.25629
924.92	8.25284
927.808	4.24927
930.693	4.2456
933.576	14.2418
936.459	10.238
939.341	16.234
942.222	-5.77011
945.102	6.2257
947.981	14.2214
950.859	0.217031
953.737	18.2125
956.613	2.20796
959.488	18.2033
962.361	22.1985
965.235	0.193621
968.105	12.1887
970.977	14.1836
973.846	4.17842
976.716	10.1732
979.583	4.16782
982.449	16.1624
985.316	12.1568
988.18	8.15123
991.043	2.14552
993.906	2.13971
996.767	-3.86617
999.628	6.12785
1002.49	24.1218
1005.35	0.115634
1008.2	22.1094
1011.06	14.1031
1013.91	10.0967
1016.77	24.0902
1019.62	0.0836164
1022.48	18.077
1025.33	32.0702
1028.18	6.06341
1031.03	8.05652
1033.87	4.04955
1036.72	6.04249
1039.57	16.0354
1042.41	16.0282
1045.26	24.0209
1048.1	12.0135
1050.94	22.0061
1053.78	3.99857
1056.62	21.991
1059.46	7.98334
1062.3	9.97561
1065.14	1.96781
1067.97	13.9599
1070.81	5.95201
1073.64	7.94399
1076.47	-2.06408
1079.31	13.9278
1082.14	11.9196
1084.97	5.91128
1087.8	11.9029
1090.63	29.8945
1093.45	11.886
1096.28	21.8775
1099.1	17.8689
1101.93	15.8602
1104.75	5.85151
1107.57	5.84272
1110.39	13.8339
1113.21	19.825
1116.03	5.816
1118.85	5.80697
1121.66	7.79789
1124.48	3.78874
1127.3	5.77954
1130.11	27.7703
1132.92	19.761
1135.73	-2.24839
1138.54	13.7422
1141.35	21.7327
1144.16	9.72319
1146.97	15.7136
1149.78	5.70399
1152.58	11.6943
1155.39	13.6846
1158.19	13.6748
1161	-4.33503
1163.8	15.6551
1166.6	3.64517
1169.4	1.6352
1172.2	3.62519
1174.99	15.6151
1177.79	7.60502
1180.59	17.5949
1183.38	-0.415327
1186.17	-0.42557
1188.97	19.5641
1191.76	7.55383
1194.55	11.5435
1197.34	9.53306
1200.13	23.5226
1202.92	5.51213
1205.7	3.50161
1208.49	5.49105
1211.27	1.48045
1214.06	5.46982
1216.84	-0.540858
1219.62	3.44844
1222.4	21.4377
1225.18	1.42692
1227.96	9.41611
1230.74	15.4053
1233.51	13.3944
1236.29	19.3835
1239.06	3.37254
1241.84	15.3616
1244.61	9.35057
1247.38	11.3395
1250.15	11.3285
1252.92	19.3174
1255.69	-4.69371
1258.46	11.2952
1261.23	7.28398
1263.99	15.2728
1266.76	-0.738431
1269.52	1.25033
1272.28	11.2391
1275.05	1.22777
1277.81	3.21645
1280.57	9.20512
1283.33	1.19376
1286.08	3.18238
1288.84	1.17098
1291.6	1.15956
1294.35	9.14812
1297.11	1.13667
1299.86	15.1252
1302.61	9.11369
1305.36	-0.897813
1308.11	-0.909344
1310.86	11.0791
1313.61	-2.93244
1316.36	-10.944
1319.1	5.0444
1321.85	15.0328
1324.59	19.0212
1327.33	-0.990444
1330.08	10.9979
1332.82	6.98627
1335.56	-3.0254
1338.3	12.9629
1341.04	8.95126
1343.77	14.9396
1346.51	10.9279
1349.25	10.9162
1351.98	-5.09555
1354.71	8.89272
1357.45	30.881
1360.18	8.86927
1362.91	16.8575
1365.64	-7.15422
1368.37	20.834
1371.09	10.8223
1373.82	4.81053
1376.54	2.79879
1379.27	10.787
1381.99	18.7753
1384.72	-1.2365
1387.44	16.7517
1390.16	6.73998
1392.88	6.72823
1395.6	6.71647
1398.31	-5.29529
1401.03	16.693
1403.75	10.6812
1406.46	18.6695
1409.18	4.65772
1411.89	6.64598
1414.6	16.6342
1417.31	8.62253
1420.02	2.6108
1422.73	20.5991
1425.44	8.58738
1428.15	8.57568
1430.85	18.564
1433.56	12.5523
1436.26	4.54063
1438.97	10.529
1441.67	-9.48268
1444.37	16.5057
1447.07	-1.50595
1449.77	6.48243
1452.47	14.4708
1455.16	2.45923
1457.86	8.44765
1460.56	10.4361
1463.25	22.4245
1465.94	12.413
1468.64	-5.59853
1471.33	8.38997
1474.02	8.37848
1476.71	16.367
1479.4	4.35555
1482.09	18.3441
1484.77	12.3327
1487.46	-1.6787
1490.14	18.3099
1492.83	-9.70144
1495.51	20.2872
1498.19	12.2759
1500.87	18.2646
1503.55	-5.74666
1506.23	16.2421
1508.91	-1.76914
1511.59	0.219653
1514.27	30.2085
1516.94	10.1973
1519.62	0.186185
1522.29	2.17508
1524.96	10.164
1527.63	16.1529
1530.3	-5.85808
1532.97	4.13092
1535.64	0.119948
1538.31	8.109
1540.98	6.09809
1543.64	20.0872
1546.31	4.07636
1548.97	0.065527
1551.63	-5.94526
1554.3	24.044
1556.96	14.0332
1559.62	6.02254
1562.28	12.0119
1564.94	16.0012
1567.59	21.9906
1570.25	-4.01992
1572.9	11.9695
1575.56	9.95905
1578.21	11.9486
1580.86	9.93816
1583.52	5.92777
1586.17	5.91742
1588.82	11.9071
1591.47	7.89683
1594.11	11.8866
1596.76	7.87639
1599.41	-8.13377
1602.05	1.85611
1604.69	17.846
1607.34	7.83599
1609.98	33.826
1612.62	1.81603
1615.26	1.80611
1617.9	7.79624
1620.54	5.7864
1623.18	17.7766
1625.81	11.7669
1628.45	-0.242828
1631.08	23.7475
1633.72	9.73791
1636.35	31.7283
1638.98	-10.2812
1641.61	7.70935
1644.24	13.6999
1646.87	1.69054
1649.5	7.6812
1652.13	-2.32808
1654.75	7.66269
1657.38	17.6535
1660	15.6444
1662.63	1.63528
1665.25	11.6262
1667.87	-6.38275
1670.49	7.60831
1673.11	13.5994
1675.73	15.5906
1678.35	-4.41818
1680.96	1.57309
1683.58	27.5644
1686.19	9.5558
1688.81	17.5472
1691.42	7.53872
1694.03	23.5303
1696.64	23.5219
1699.25	21.5135
1701.87	23.5052
1704.47	13.497
1707.08	21.4888
1709.69	9.48069
1712.29	17.4726
1714.9	5.46463
1717.5	7.45669
1720.1	11.4488
1722.71	3.44097
1725.31	21.4332
1727.91	-2.5745
1730.51	17.4179
1733.1	19.4103
1735.7	11.4027
1738.3	1.39529
1740.89	11.3879
1743.49	11.3806
1746.08	11.3733
1748.67	21.3661
1751.26	5.35893
1753.86	17.3518
1756.45	13.3448
1759.03	3.33788
1761.62	1.33099
1764.21	7.32417
1766.8	3.31742
1769.38	7.31074
1771.97	11.3041
1774.55	23.2976
1777.13	11.2911
1779.71	13.2847
1782.29	5.27832
1784.87	17.272
1787.45	11.2658
1790.03	17.2597
1792.61	7.25362
1795.18	5.24762
1797.76	15.2417
1800.33	7.23583
1802.9	19.23
1805.48	-0.775663
1808.05	7.2187
1810.62	11.2131
1813.19	13.2076
1815.76	9.20221
1818.33	-6.80313
1820.89	37.1916
1823.46	17.1864
1826.02	9.18127
1828.59	5.17623
1831.15	-6.82874
1833.71	15.1664
1836.27	5.16154
1838.84	13.1568
1841.39	7.15213
1843.95	11.1475
1846.51	13.143
1849.07	9.13861
1851.62	27.1343
1854.18	1.12998
1856.73	17.1258
1859.29	21.1217
1861.84	11.1176
1864.39	15.1137
1866.94	13.1098
1869.49	13.106
1872.04	-0.897679
1874.59	13.0987
1877.13	13.0951
1879.68	9.09169
1882.22	17.0883
1884.77	9.08502
1887.31	21.0818
1889.85	17.0787
1892.39	13.0756
1894.93	7.07268
1897.47	9.0698
1900.01	11.067
1902.55	-0.935686
1905.09	15.0617
1907.62	13.0592
1910.16	11.0567
1912.69	-8.94563
1915.22	-2.94789
1917.76	17.0499
1920.29	17.0478
1922.82	21.0458
1925.35	9.04392
1927.88	29.0421
1930.4	7.04036
1932.93	23.0387
1935.46	15.0372
1937.98	-4.9643
1940.51	7.03433
1943.03	5.03305
1945.55	11.0319
1948.07	-0.969242
1950.59	17.0298
1953.11	3.02884
1955.63	-2.97198
1958.15	17.0273
1960.67	17.0267
1963.18	15.0261
1965.7	15.0257
1968.21	9.02532
1970.73	29.0251
1973.24	3.02491
1975.75	19.0248
1978.26	9.02487
1980.77	7.025
1983.28	11.0252
1985.79	17.0255
1988.29	21.026
1990.8	11.0265
1993.31	19.0271
1995.81	23.0278
1998.31	15.0286
