100.093	12.007
103.274	16.0511
106.457	18.0951
109.636	12.1391
112.817	12.183
115.994	28.2268
119.172	8.2706
122.347	16.3143
125.521	10.3579
128.696	2.40155
131.868	18.4451
135.039	14.4885
138.209	4.53192
141.379	4.57527
144.547	12.6185
147.713	8.66174
150.879	10.7049
154.043	-5.25205
157.206	2.79096
160.368	12.8339
163.529	24.8768
166.689	10.9196
169.848	4.96234
173.006	-0.994978
176.163	13.0476
179.316	3.09016
182.471	7.13265
185.625	21.1751
188.777	17.2174
191.927	13.2597
195.077	17.3019
198.224	7.34402
201.372	19.3861
204.52	9.42811
207.664	5.47004
210.809	17.5119
213.95	19.5537
217.091	13.5954
220.233	5.63709
223.372	1.67867
226.509	13.7202
229.648	-0.23835
232.784	-8.19698
235.918	11.8443
239.051	15.8856
242.186	9.92675
245.317	-0.0321624
248.447	6.00886
251.577	0.0498111
254.705	-1.90931
257.832	12.1315
260.958	10.1722
264.083	4.21291
267.204	12.2535
270.327	16.294
273.449	14.3345
276.57	16.3748
279.69	14.4151
282.806	0.45535
285.924	16.4955
289.04	20.5356
292.154	14.5756
295.268	6.61554
298.379	18.6554
301.492	10.6952
304.601	4.73488
307.711	12.7745
310.818	-3.18593
313.924	4.85355
317.031	30.893
320.135	18.9323
323.238	20.9715
326.34	3.01073
329.443	11.0499
332.543	5.08888
335.642	3.12783
338.74	19.1667
341.836	11.2055
344.932	15.2442
348.027	3.28286
351.12	1.32143
354.213	15.3599
357.302	1.39831
360.393	-6.56335
363.482	7.47491
366.57	13.5131
369.656	7.55118
372.742	19.5892
375.827	15.6272
378.91	15.665
381.993	9.7028
385.073	5.74049
388.154	15.7781
391.232	5.81566
394.311	11.8531
397.387	5.89051
400.462	3.92781
403.536	5.96502
406.611	16.0022
409.683	2.03924
412.754	6.07622
415.824	14.1131
418.893	10.1499
421.961	6.18667
425.027	12.2233
428.093	12.2599
431.158	0.296389
434.222	-3.6672
437.284	6.36913
440.346	18.4054
443.407	8.44155
446.464	-7.52239
449.523	0.513616
452.581	-1.45046
455.635	2.58535
458.691	8.62111
461.743	8.65676
464.797	-1.30765
467.847	8.72784
470.899	12.7633
473.947	8.79858
476.994	0.833817
480.043	6.86899
483.088	4.90406
486.133	2.93904
489.176	16.9739
492.22	13.0088
495.262	-4.95649
498.302	3.07816
501.341	29.1127
504.38	9.1472
507.417	1.18159
510.453	-2.7841
513.487	7.2501
516.521	7.28423
519.554	11.3183
522.586	-2.64775
525.616	11.3861
528.646	7.4199
531.675	17.4536
534.701	21.4872
537.729	-2.47926
540.753	11.5542
543.778	1.58752
546.8	7.62077
549.821	-10.3461
552.844	7.68703
555.863	1.72002
558.881	17.7529
561.898	13.7857
564.916	9.81848
567.932	3.85112
570.946	3.88367
573.959	9.91613
576.971	3.9485
579.982	-8.01921
582.993	-3.98702
586	16.0451
589.008	6.07708
592.015	8.10901
595.022	14.1408
598.025	8.17257
601.029	8.20423
604.032	8.2358
607.033	22.2673
610.034	12.2987
613.032	2.32993
616.032	10.3611
619.028	4.39223
622.023	2.42324
625.018	0.454157
628.013	4.485
631.005	0.515736
633.997	8.54638
636.987	4.57693
639.977	4.60739
642.965	-3.36224
645.952	4.66804
648.939	30.6982
651.924	-1.27169
654.909	-3.24169
657.892	2.78822
660.873	18.818
663.854	4.84774
666.835	12.8774
669.813	0.906889
672.791	2.93633
675.767	-1.03433
678.743	16.9949
681.717	7.02407
684.692	7.05314
687.664	11.0821
690.634	7.11096
693.606	17.1398
696.575	-4.83157
699.543	-0.802987
702.51	1.2255
705.475	15.2539
708.44	7.28219
711.404	21.3104
714.367	9.33851
717.329	-6.63348
720.29	23.3944
723.25	11.4223
726.207	13.45
729.166	13.4776
732.123	11.5052
735.077	25.5326
738.032	11.5599
740.984	15.5872
743.938	3.61431
746.888	9.64135
749.839	3.66831
752.788	9.69516
755.735	23.7219
758.682	1.74857
761.627	25.7751
764.574	11.8016
767.517	19.828
770.46	5.85424
773.402	9.88041
776.342	1.90648
779.282	9.93245
782.219	7.95831
785.157	1.98409
788.094	14.0098
791.029	18.0354
793.962	10.0608
796.896	18.0862
799.828	18.1115
802.76	22.1367
805.689	-1.83825
808.619	14.1867
811.546	4.21162
814.473	16.2364
817.4	-1.73891
820.324	12.2857
823.248	18.3102
826.17	10.3345
829.092	8.35882
832.012	16.383
834.932	6.40709
837.851	20.4311
840.768	26.455
843.685	16.4787
846.599	10.5024
849.514	10.526
852.428	20.5495
855.339	12.5728
858.251	14.5961
861.16	18.6193
864.07	8.64236
866.978	10.6653
869.884	20.6882
872.792	0.71096
875.696	16.7336
878.599	6.75618
881.502	24.7786
884.404	12.801
887.304	8.82324
890.204	18.8454
893.103	4.86744
896.001	6.88939
898.898	24.9112
901.794	6.93298
904.689	12.9546
907.581	14.9761
910.474	26.9976
913.364	33.0189
916.256	9.04013
919.144	11.0612
922.034	3.08227
924.92	11.1032
927.808	3.124
930.693	17.1447
933.576	11.1653
936.459	17.1858
939.341	3.20619
942.222	5.22647
945.102	9.24666
947.981	3.26674
950.859	13.2867
953.737	27.3066
956.613	11.3264
959.488	-2.65398
962.361	11.3656
965.235	13.385
968.105	3.40435
970.977	23.4236
973.846	5.44273
976.716	15.4618
979.583	3.48068
982.449	15.4995
985.316	7.51822
988.18	-2.46318
991.043	11.5553
993.906	-2.42629
996.767	9.592
999.628	3.61018
1002.49	5.62825
1005.35	5.64622
1008.2	9.66409
1011.06	-8.31817
1013.91	9.69948
1016.77	9.71703
1019.62	3.73446
1022.48	19.7518
1025.33	9.769
1028.18	19.7861
1031.03	11.8031
1033.87	-0.179977
1036.72	9.83682
1039.57	11.8535
1042.41	1.87008
1045.26	7.88655
1048.1	3.90291
1050.94	5.91916
1053.78	11.9353
1056.62	9.95135
1059.46	19.9673
1062.3	7.9831
1065.14	15.9988
1067.97	12.0144
1070.81	16.0299
1073.64	8.0453
1076.47	8.06057
1079.31	18.0757
1082.14	6.09081
1084.97	16.1058
1087.8	16.1206
1090.63	18.1353
1093.45	8.14997
1096.28	18.1645
1099.1	18.1789
1101.93	6.19319
1104.75	18.2074
1107.57	8.22146
1110.39	12.2354
1113.21	20.2493
1116.03	6.26304
1118.85	16.2767
1121.66	6.29021
1124.48	0.303636
1127.3	-5.68306
1130.11	2.33015
1132.92	10.3432
1135.73	10.3562
1138.54	16.3691
1141.35	-1.61816
1144.16	20.3945
1146.97	10.407
1149.78	6.41947
1152.58	18.4318
1155.39	4.44399
1158.19	14.4561
1161	8.46807
1163.8	4.47994
1166.6	16.4917
1169.4	6.50337
1172.2	-3.4851
1174.99	10.5263
1177.79	6.53765
1180.59	14.5489
1183.38	-1.44005
1186.17	0.570944
1188.97	18.5818
1191.76	2.59258
1194.55	8.60323
1197.34	20.6138
1200.13	14.6242
1202.92	20.6345
1205.7	12.6447
1208.49	-3.34521
1211.27	24.6648
1214.06	-1.32537
1216.84	4.68439
1219.62	8.69403
1222.4	2.70356
1225.18	14.713
1227.96	10.7223
1230.74	18.7315
1233.51	2.74055
1236.29	20.7495
1239.06	16.7584
1241.84	-3.23289
1244.61	10.7757
1247.38	6.78425
1250.15	8.79265
1252.92	8.80094
1255.69	4.80911
1258.46	24.8172
1261.23	6.82512
1263.99	12.833
1266.76	4.84068
1269.52	4.84828
1272.28	8.85578
1275.05	6.86316
1277.81	14.8704
1280.57	14.8776
1283.33	14.8846
1286.08	6.89155
1288.84	-5.10164
1291.6	-1.09494
1294.35	14.9116
1297.11	-1.08189
1299.86	12.9245
1302.61	6.93071
1305.36	-1.06316
1308.11	2.94285
1310.86	2.94875
1313.61	-1.04547
1316.36	2.96021
1319.1	2.96576
1321.85	0.9712
1324.59	8.97653
1327.33	6.98174
1330.08	-1.01317
1332.82	12.9918
1335.56	12.9967
1338.3	11.0014
1341.04	7.00607
1343.77	11.0106
1346.51	13.015
1349.25	13.0193
1351.98	9.02347
1354.71	11.0275
1357.45	13.0315
1360.18	7.03531
1362.91	13.039
1365.64	1.04263
1368.37	1.04611
1371.09	19.0495
1373.82	7.05274
1376.54	15.0559
1379.27	19.0589
1381.99	7.0618
1384.72	21.0646
1387.44	-0.932729
1390.16	11.0698
1392.88	15.0723
1395.6	3.0746
1398.31	19.0768
1401.03	5.07891
1403.75	11.0809
1406.46	-0.917248
1409.18	3.0845
1411.89	15.0861
1414.6	13.0876
1417.31	17.089
1420.02	13.0903
1422.73	5.09149
1425.44	1.09254
1428.15	7.09347
1430.85	9.09429
1433.56	-0.905016
1436.26	11.0956
1438.97	23.096
1441.67	11.0964
1444.37	-2.90339
1447.07	17.0967
1449.77	1.09673
1452.47	7.09661
1455.16	7.09637
1457.86	-0.90398
1460.56	3.09555
1463.25	21.095
1465.94	11.0943
1468.64	17.0934
1471.33	13.0925
1474.02	1.09145
1476.71	9.09027
1479.4	7.08898
1482.09	13.0876
1484.77	19.0861
1487.46	-0.915591
1490.14	15.0827
1492.83	21.0808
1495.51	3.07878
1498.19	15.0767
1500.87	5.07444
1503.55	7.07209
1506.23	13.0696
1508.91	-8.93296
1511.59	25.0643
1514.27	1.06152
1516.94	7.05858
1519.62	17.0555
1522.29	7.05235
1524.96	11.0491
1527.63	9.04566
1530.3	5.04213
1532.97	17.0385
1535.64	23.0347
1538.31	3.03084
1540.98	-0.973158
1543.64	5.02272
1546.31	21.0185
1548.97	15.0141
1551.63	9.00966
1554.3	11.0051
1556.96	15.0004
1559.62	16.9955
1562.28	18.9906
1564.94	2.98553
1567.59	0.980342
1570.25	10.975
1572.9	12.9696
1575.56	-1.03592
1578.21	12.9584
1580.86	10.9526
1583.52	10.9468
1586.17	0.94074
1588.82	6.9346
1591.47	-5.07164
1594.11	8.92199
1596.76	6.9155
1599.41	8.90889
1602.05	12.9022
1604.69	10.8953
1607.34	-9.11165
1609.98	4.88127
1612.62	4.87407
1615.26	0.866742
1617.9	14.8593
1620.54	8.85174
1623.18	10.8441
1625.81	10.8363
1628.45	6.82835
1631.08	8.82031
1633.72	4.81216
1636.35	10.8039
1638.98	6.79549
1641.61	18.787
1644.24	8.77834
1646.87	-3.23041
1649.5	10.7607
1652.13	2.75173
1654.75	14.7426
1657.38	-1.26661
1660	10.724
1662.63	24.7146
1665.25	6.70497
1667.87	2.69526
1670.49	22.6854
1673.11	-7.32451
1675.73	20.6654
1678.35	2.65523
1680.96	4.64493
1683.58	-5.3655
1686.19	12.624
1688.81	12.6133
1691.42	8.6025
1694.03	16.5916
1696.64	4.58057
1699.25	14.5694
1701.87	4.55816
1704.47	12.5468
1707.08	24.5353
1709.69	4.52364
1712.29	6.5119
1714.9	16.5
1717.5	10.4881
1720.1	6.47595
1722.71	10.4637
1725.31	0.451378
1727.91	22.4389
1730.51	10.4263
1733.1	8.41362
1735.7	4.40079
1738.3	12.3878
1740.89	8.37478
1743.49	0.361597
1746.08	-5.65171
1748.67	2.33486
1751.26	14.3213
1753.86	18.3077
1756.45	4.29386
1759.03	26.28
1761.62	22.2659
1764.21	16.2518
1766.8	8.23752
1769.38	-1.77687
1771.97	0.208616
1774.55	8.19399
1777.13	12.1792
1779.71	12.1644
1782.29	8.14939
1784.87	10.1343
1787.45	20.119
1790.03	8.10369
1792.61	10.0882
1795.18	4.07263
1797.76	2.05691
1800.33	12.0411
1802.9	6.02512
1805.48	8.00905
1808.05	-0.00714294
1810.62	5.97654
1813.19	5.9601
1815.76	21.9435
1818.33	13.9269
1820.89	21.9101
1823.46	1.89315
1826.02	9.8761
1828.59	7.85895
1831.15	5.84167
1833.71	7.82426
1836.27	-0.193258
1838.84	3.7891
1841.39	11.7713
1843.95	3.75345
1846.51	7.73545
1849.07	-6.28267
1851.62	7.69908
1854.18	3.68071
1856.73	5.66223
1859.29	5.64361
1861.84	-4.37511
1864.39	19.606
1866.94	11.5871
1869.49	3.56797
1872.04	17.5488
1874.59	-4.47058
1877.13	-0.490031
1879.68	3.49041
1882.22	15.4707
1884.77	1.45088
1887.31	5.43095
1889.85	13.4109
1892.39	9.39072
1894.93	13.3704
1897.47	5.34999
1900.01	1.32945
1902.55	7.30879
1905.09	11.288
1907.62	11.2671
1910.16	7.24609
1912.69	13.2249
1915.22	1.20367
1917.76	29.1823
1920.29	7.16077
1922.82	-0.860854
1925.35	-0.882614
1927.88	-2.90448
1930.4	9.07353
1932.93	5.05142
1935.46	5.02918
1937.98	5.00683
1940.51	12.9843
1943.03	10.9617
1945.55	12.939
1948.07	-5.08381
1950.59	2.89324
1953.11	22.8702
1955.63	10.847
1958.15	6.82364
1960.67	4.8002
1963.18	0.776634
1965.7	0.752948
1968.21	-3.27086
1970.73	0.705211
1973.24	10.6812
1975.75	2.657
1978.26	2.6327
1980.77	2.6083
1983.28	10.5838
1985.79	16.5591
1988.29	6.53434
1990.8	8.50943
1993.31	18.4844
1995.81	-1.54072
1998.31	12.434
