100.093	1.5821
103.274	-0.387336
106.457	3.64302
109.636	21.6731
112.817	9.70304
115.994	-8.26729
119.172	19.7622
122.347	25.7914
125.521	5.82041
128.696	11.8492
131.868	3.87777
135.039	-10.0939
138.209	31.9342
141.379	1.96217
144.547	-0.0101427
147.713	18.0173
150.879	-1.95542
154.043	10.0716
157.206	4.09844
160.368	-3.87496
163.529	-1.84857
166.689	8.17761
169.848	0.203569
173.006	12.2293
176.163	8.25485
179.316	4.28015
182.471	8.30526
185.625	-1.66985
188.777	4.35484
191.927	2.37929
195.077	-1.59645
198.224	4.42759
201.372	4.45143
204.52	-3.52494
207.664	6.49847
210.809	18.5217
213.95	6.54467
217.091	2.56745
220.233	2.59005
223.372	8.61241
226.509	-1.36542
229.648	0.65655
232.784	-17.3217
235.918	14.6998
239.051	12.7212
242.186	0.742344
245.317	0.763279
248.447	12.784
251.577	20.8045
254.705	24.8249
257.832	10.845
260.958	4.86492
264.083	20.8846
267.204	6.90415
270.327	12.9235
273.449	8.94259
276.57	0.961516
279.69	8.98024
282.806	8.99875
285.924	11.0171
289.04	5.03521
292.154	9.05314
295.268	3.07087
298.379	3.0884
301.492	9.10575
304.601	23.1229
307.711	-0.860159
310.818	5.15659
313.924	9.17315
317.031	5.18952
320.135	5.20569
323.238	9.22166
326.34	7.23745
329.443	13.253
332.543	3.26845
335.642	25.2837
338.74	11.2987
341.836	3.31351
344.932	3.32815
348.027	-2.6574
351.12	5.35686
354.213	-0.629071
357.302	25.3848
360.393	9.3985
363.482	9.41201
366.57	9.42533
369.656	13.4385
372.742	9.45141
375.827	21.4642
378.91	13.4767
381.993	13.4891
385.073	13.5013
388.154	7.51337
391.232	13.5252
394.311	9.53686
397.387	5.54833
400.462	19.5596
403.536	-2.42928
406.611	11.5817
409.683	11.5924
412.754	19.603
415.824	-12.3867
418.893	5.62354
421.961	7.63356
425.027	5.64341
428.093	-6.34693
431.158	17.6626
434.222	9.67187
437.284	15.681
440.346	19.69
443.407	19.6987
446.464	-6.29267
449.523	1.71575
452.581	9.724
455.635	17.7321
458.691	9.73997
461.743	13.7477
464.797	1.75525
467.847	-0.237379
470.899	15.7698
473.947	11.7769
476.994	13.7837
480.043	7.7904
483.088	3.79691
486.133	13.8033
489.176	19.8094
492.22	25.8154
495.262	3.82126
498.302	21.8269
501.341	11.8324
504.38	13.8377
507.417	-6.1571
510.453	7.84789
513.487	7.8527
516.521	15.8574
519.554	15.8618
522.586	5.86616
525.616	1.87031
528.646	7.8743
531.675	5.87812
534.701	15.8818
537.729	3.88527
540.753	7.8886
543.778	5.89177
546.8	-4.10523
549.821	17.8976
552.844	-2.09972
555.863	-0.0972086
558.881	9.90514
561.898	-0.0926688
564.916	1.90936
567.932	5.91123
570.946	-12.0871
573.959	13.9145
576.971	-0.0841303
579.982	1.9171
582.993	-0.0818325
586	5.91908
589.008	-8.08017
592.015	-2.07957
595.022	11.9209
598.025	-6.07886
601.029	17.9213
604.032	-0.0787637
607.033	7.92105
610.034	21.9207
613.032	-4.07979
616.032	3.91955
619.028	11.9187
622.023	7.91778
625.018	-14.0833
628.013	-0.0846015
631.005	5.91398
633.997	7.9124
636.987	13.9107
639.977	3.9088
642.965	1.90677
645.952	-0.0954121
648.939	9.90226
651.924	3.89977
654.909	7.89714
657.892	9.89436
660.873	-8.10857
663.854	9.88835
666.835	3.88512
669.813	-0.118254
672.791	13.8782
675.767	1.87455
678.743	3.87073
681.717	9.86677
684.692	3.86265
687.664	17.8584
690.634	13.854
693.606	7.84944
696.575	3.84475
699.543	29.8399
702.51	9.83493
705.475	7.8298
708.44	21.8245
711.404	1.81912
714.367	1.81356
717.329	9.80786
720.29	17.802
723.25	1.79603
726.207	25.7899
729.166	7.78364
732.123	15.7772
735.077	23.7707
738.032	17.764
740.984	13.7572
743.938	7.75021
746.888	5.74311
749.839	5.73586
752.788	17.7285
755.735	17.721
758.682	9.71331
761.627	9.70551
764.574	-2.30243
767.517	9.68951
770.46	21.6813
773.402	11.673
776.342	11.6645
779.282	23.6559
782.219	3.64713
785.157	-0.361753
788.094	1.62923
791.029	9.62008
793.962	17.6108
796.896	11.6014
799.828	13.5918
802.76	23.5821
805.689	29.5723
808.619	19.5624
811.546	29.5523
814.473	21.5421
817.4	19.5318
820.324	33.5213
823.248	29.5107
826.17	23.5
829.092	15.4891
832.012	-18.5219
834.932	29.467
837.851	17.4558
840.768	9.44438
843.685	7.43287
846.599	17.4212
849.514	9.40949
852.428	17.3976
855.339	5.38559
858.251	-4.62655
861.16	17.3612
864.07	17.3488
866.978	27.3363
869.884	1.32365
872.792	11.3109
875.696	25.298
878.599	19.285
881.502	13.2718
884.404	9.25859
887.304	15.2452
890.204	13.2317
893.103	9.21807
896.001	17.2043
898.898	29.1904
901.794	11.1765
904.689	3.16233
907.581	-0.851896
910.474	-2.86626
913.364	5.11927
916.256	23.1047
919.144	3.08996
922.034	-0.924879
924.92	11.0602
927.808	11.0451
930.693	9.0299
933.576	27.0146
936.459	18.9992
939.341	0.983627
942.222	4.96797
945.102	22.9522
947.981	0.936293
950.859	10.9203
953.737	10.9042
956.613	16.8879
959.488	26.8715
962.361	26.8551
965.235	4.83849
968.105	16.8218
970.977	8.80498
973.846	10.7881
976.716	14.771
979.583	0.753852
982.449	6.73659
985.316	14.7192
988.18	18.7017
991.043	6.6841
993.906	32.6664
996.767	0.64856
999.628	22.6306
1002.49	16.6126
1005.35	0.594409
1008.2	18.5761
1011.06	12.5578
1013.91	-1.46073
1016.77	20.5207
1019.62	4.50197
1022.48	18.4831
1025.33	18.4642
1028.18	26.4452
1031.03	6.42605
1033.87	6.40681
1036.72	16.3874
1039.57	12.368
1042.41	12.3484
1045.26	16.3287
1048.1	14.309
1050.94	8.28908
1053.78	16.2691
1056.62	16.249
1059.46	8.22879
1062.3	4.20848
1065.14	-1.81192
1067.97	24.1676
1070.81	4.14695
1073.64	22.1262
1076.47	20.1054
1079.31	20.0845
1082.14	26.0634
1084.97	6.0423
1087.8	20.0211
1090.63	3.99974
1093.45	11.9783
1096.28	17.9568
1099.1	15.9351
1101.93	15.9134
1104.75	23.8916
1107.57	27.8696
1110.39	9.84757
1113.21	9.82545
1116.03	23.8032
1118.85	7.78086
1121.66	15.7584
1124.48	25.7359
1127.3	17.7133
1130.11	11.6905
1132.92	1.66771
1135.73	5.64479
1138.54	19.6218
1141.35	19.5987
1144.16	11.5754
1146.97	-6.44787
1149.78	-4.47128
1152.58	13.5052
1155.39	13.4816
1158.19	27.4579
1161	9.43416
1163.8	11.4103
1166.6	11.3863
1169.4	9.36224
1172.2	17.3381
1174.99	25.3138
1177.79	33.2895
1180.59	5.26505
1183.38	13.2405
1186.17	25.2159
1188.97	29.1912
1191.76	21.1664
1194.55	11.1415
1197.34	11.1165
1200.13	11.0914
1202.92	15.0662
1205.7	23.041
1208.49	5.01561
1211.27	12.9902
1214.06	20.9646
1216.84	12.939
1219.62	8.91331
1222.4	8.8875
1225.18	8.86162
1227.96	4.83565
1230.74	20.8096
1233.51	-1.21658
1236.29	24.7572
1239.06	22.7309
1241.84	14.7044
1244.61	-3.32205
1247.38	26.6514
1250.15	12.6247
1252.92	12.5979
1255.69	16.5711
1258.46	18.5442
1261.23	-3.48285
1263.99	20.4901
1266.76	14.4629
1269.52	28.4356
1272.28	10.4083
1275.05	28.3808
1277.81	18.3533
1280.57	18.3257
1283.33	20.298
1286.08	34.2702
1288.84	22.2424
1291.6	24.2145
1294.35	4.18644
1297.11	16.1584
1299.86	32.1302
1302.61	26.1019
1305.36	14.0736
1308.11	16.0451
1310.86	22.0166
1313.61	31.9881
1316.36	3.9594
1319.1	29.9307
1321.85	7.90184
1324.59	-2.12706
1327.33	-8.15603
1330.08	19.8149
1332.82	13.7858
1335.56	23.7565
1338.3	-2.27275
1341.04	23.6979
1343.77	13.6684
1346.51	7.63892
1349.25	15.6093
1351.98	13.5796
1354.71	9.54987
1357.45	15.52
1360.18	3.49014
1362.91	9.46014
1365.64	3.43008
1368.37	11.4
1371.09	27.3697
1373.82	5.33945
1376.54	3.30911
1379.27	19.2787
1381.99	-0.751844
1384.72	7.21757
1387.44	15.1869
1390.16	23.1562
1392.88	7.12539
1395.6	13.0945
1398.31	19.0636
1401.03	7.03254
1403.75	-4.99855
1406.46	24.9703
1409.18	8.93904
1411.89	16.9077
1414.6	8.87634
1417.31	8.84491
1420.02	4.81339
1422.73	6.78179
1425.44	18.7501
1428.15	-7.2816
1430.85	10.6866
1433.56	12.6547
1436.26	24.6228
1438.97	20.5908
1441.67	16.5587
1444.37	6.52654
1447.07	-5.50567
1449.77	-7.53796
1452.47	14.4297
1455.16	16.3973
1457.86	4.36477
1460.56	8.33221
1463.25	6.29958
1465.94	36.2669
1468.64	-1.76587
1471.33	2.20132
1474.02	12.1684
1476.71	20.1355
1479.4	16.1024
1482.09	28.0694
1484.77	18.0362
1487.46	12.003
1490.14	3.9697
1492.83	15.9364
1495.51	9.90294
1498.19	9.86946
1500.87	23.8359
1503.55	9.80233
1506.23	29.7686
1508.91	5.73493
1511.59	19.7011
1514.27	17.6673
1516.94	-6.36664
1519.62	25.5994
1522.29	13.5653
1524.96	1.53122
1527.63	5.49705
1530.3	23.4628
1532.97	27.4285
1535.64	7.39417
1538.31	13.3598
1540.98	21.3253
1543.64	21.2908
1546.31	5.25617
1548.97	19.2215
1551.63	9.1868
1554.3	11.152
1556.96	13.1172
1559.62	11.0823
1562.28	11.0473
1564.94	11.0123
1567.59	16.9773
1570.25	-5.05786
1572.9	8.90695
1575.56	20.8717
1578.21	18.8364
1580.86	12.801
1583.52	2.76562
1586.17	10.7302
1588.82	20.6946
1591.47	-1.34097
1594.11	12.6234
1596.76	16.5877
1599.41	6.55195
1602.05	10.5161
1604.69	16.4803
1607.34	24.4443
1609.98	-3.59164
1612.62	-1.62767
1615.26	4.33623
1617.9	18.3001
1620.54	-11.7361
1623.18	12.2277
1625.81	14.1913
1628.45	2.15499
1631.08	4.11858
1633.72	14.0821
1636.35	20.0456
1638.98	14.009
1641.61	7.97241
1644.24	19.9357
1646.87	-6.10101
1649.5	-4.13779
1652.13	-6.17461
1654.75	7.78849
1657.38	9.75157
1660	17.7146
1662.63	9.67754
1665.25	-8.35957
1667.87	7.6033
1670.49	5.56611
1673.11	11.5289
1675.73	3.49158
1678.35	13.4542
1680.96	13.4168
1683.58	5.37942
1686.19	9.34192
1688.81	11.3044
1691.42	-2.7332
1694.03	5.22915
1696.64	17.1915
1699.25	27.1537
1701.87	11.1159
1704.47	1.07812
1707.08	41.0402
1709.69	11.0023
1712.29	14.9643
1714.9	-1.07368
1717.5	12.8883
1720.1	12.8502
1722.71	14.812
1725.31	4.77379
1727.91	8.73552
1730.51	-5.30277
1733.1	26.6589
1735.7	14.6205
1738.3	0.582055
1740.89	2.54358
1743.49	0.505051
1746.08	6.46648
1748.67	20.4279
1751.26	8.38922
1753.86	6.35051
1756.45	20.3117
1759.03	16.273
1761.62	8.23412
1764.21	16.1952
1766.8	26.1563
1769.38	22.1174
1771.97	18.0783
1774.55	16.0393
1777.13	28.0002
1779.71	11.9611
1782.29	7.9219
1784.87	5.88267
1787.45	5.8434
1790.03	21.8041
1792.61	5.76475
1795.18	-2.27463
1797.76	13.6859
1800.33	23.6465
1802.9	5.60696
1805.48	7.56741
1808.05	7.52782
1810.62	11.4882
1813.19	17.4485
1815.76	5.40879
1818.33	15.369
1820.89	9.32923
1823.46	15.2894
1826.02	7.24953
1828.59	-2.79037
1831.15	7.16969
1833.71	17.1297
1836.27	-16.9103
1838.84	7.0496
1841.39	25.0095
1843.95	18.9694
1846.51	4.92917
1849.07	8.88898
1851.62	4.84872
1854.18	6.80842
1856.73	8.76811
1859.29	2.72773
1861.84	10.6873
1864.39	-3.35309
1866.94	4.60641
1869.49	2.56591
1872.04	8.52536
1874.59	8.48478
1877.13	22.4442
1879.68	14.4035
1882.22	-5.63717
1884.77	18.3221
1887.31	10.2814
1889.85	6.24055
1892.39	8.19973
1894.93	-5.84112
1897.47	26.118
1900.01	8.07704
1902.55	10.0361
1905.09	-4.00493
1907.62	21.954
1910.16	1.913
1912.69	17.8719
1915.22	7.83075
1917.76	27.7896
1920.29	23.7484
1922.82	7.70717
1925.35	11.6659
1927.88	-0.375398
1930.4	-2.41672
1932.93	19.5419
1935.46	19.5005
1937.98	5.45911
1940.51	9.41765
1943.03	-2.62384
1945.55	-16.6653
1948.07	3.2931
1950.59	15.2515
1953.11	3.20991
1955.63	9.16828
1958.15	19.1266
1960.67	5.08493
1963.18	5.0432
1965.7	5.00144
1968.21	22.9596
1970.73	10.9178
1973.24	16.876
1975.75	14.8341
1978.26	10.7922
1980.77	10.7503
1983.28	20.7083
1985.79	14.6663
1988.29	6.6243
1990.8	4.58223
1993.31	24.5401
1995.81	18.498
1998.31	8.45594
