100.093	16.0973
103.274	14.1807
106.457	10.2636
109.636	0.345836
112.817	4.42763
115.994	14.5088
119.172	24.5896
122.347	10.6697
125.521	6.74931
128.696	18.8285
131.868	20.907
135.039	10.9851
138.209	17.0626
141.379	-0.860374
144.547	3.21611
147.713	15.2921
150.879	27.3675
154.043	23.4425
157.206	5.51692
160.368	3.59085
163.529	5.66427
166.689	23.7372
169.848	5.80961
173.006	19.8815
176.163	17.9529
179.316	-7.97617
182.471	20.0943
185.625	4.1642
188.777	0.233644
191.927	2.30256
195.077	22.371
198.224	12.439
201.372	-1.49352
204.52	18.5735
207.664	20.64
210.809	2.70608
213.95	10.7716
217.091	10.8367
220.233	12.9013
223.372	10.9655
226.509	5.02915
229.648	9.09239
232.784	5.15513
235.918	25.2174
239.051	19.2792
242.186	9.34061
245.317	11.4015
248.447	7.46195
251.577	5.52194
254.705	17.5815
257.832	19.6406
260.958	23.6992
264.083	13.7574
267.204	15.8151
270.327	7.87241
273.449	19.9293
276.57	3.9857
279.69	24.0417
282.806	10.0972
285.924	2.15232
289.04	6.207
292.154	8.26122
295.268	2.31505
298.379	0.368415
301.492	0.42139
304.601	16.4739
307.711	-5.47396
310.818	6.57771
313.924	12.629
317.031	16.6798
320.135	16.7303
323.238	10.7803
326.34	10.8299
329.443	10.8791
332.543	2.92791
335.642	12.9763
338.74	-4.97574
341.836	17.0718
344.932	1.11901
348.027	11.1658
351.12	-0.787837
354.213	19.2581
357.302	29.3037
360.393	-6.6511
363.482	1.3937
366.57	1.43812
369.656	21.4821
372.742	-0.474242
375.827	15.569
378.91	7.61186
381.993	9.65436
385.073	11.6964
388.154	15.7382
391.232	5.77953
394.311	1.82052
397.387	11.8611
400.462	-4.09867
403.536	19.9412
406.611	15.9807
409.683	14.0198
412.754	-3.94144
415.824	14.097
418.893	8.13499
421.961	0.172662
425.027	8.20998
428.093	18.2469
431.158	0.283543
434.222	2.3198
437.284	16.3557
440.346	12.3913
443.407	6.42646
446.464	20.4613
449.523	12.4958
452.581	18.53
455.635	6.56379
458.691	0.597279
461.743	8.63041
464.797	6.66323
467.847	2.69568
470.899	10.7278
473.947	-5.24037
476.994	8.79109
480.043	12.8222
483.088	-3.14694
486.133	4.88354
489.176	8.9137
492.22	2.94356
495.262	14.9731
498.302	5.00227
501.341	-0.968849
504.38	13.0597
507.417	17.088
510.453	9.1159
513.487	13.1435
516.521	13.1708
519.554	-4.80217
522.586	-2.77547
525.616	13.2509
528.646	15.277
531.675	-0.697216
534.701	19.3283
537.729	19.3534
540.753	11.3783
543.778	-4.59709
546.8	11.4272
549.821	7.45118
552.844	1.4749
555.863	7.49831
558.881	9.52143
561.898	-12.4557
564.916	9.56682
567.932	9.58908
570.946	1.61106
573.959	9.63276
576.971	1.65418
579.982	17.6753
582.993	5.69619
586	23.7168
589.008	7.73708
592.015	-0.242879
595.022	1.77689
598.025	7.79638
601.029	1.81562
604.032	1.83459
607.033	17.8533
610.034	15.8717
613.032	-6.11012
616.032	17.9078
619.028	13.9254
622.023	11.9428
625.018	13.96
628.013	19.9768
631.005	3.99347
633.997	6.00984
636.987	16.026
639.977	4.04183
642.965	6.05746
645.952	8.07283
648.939	14.088
651.924	2.10286
654.909	6.1175
657.892	6.13191
660.873	14.1461
663.854	4.15999
666.835	2.17368
669.813	2.18713
672.791	24.2004
675.767	-1.78666
678.743	14.2261
681.717	10.2386
684.692	0.250921
687.664	20.263
690.634	20.2748
693.606	2.28645
696.575	6.29785
699.543	16.309
702.51	2.31998
705.475	-1.66929
708.44	10.3412
711.404	10.3515
714.367	8.36162
717.329	16.3715
720.29	8.38116
723.25	20.3906
726.207	8.39985
729.166	18.4089
732.123	16.4177
735.077	6.42633
738.032	12.4348
740.984	6.44297
743.938	8.45098
746.888	-1.54121
749.839	16.4664
752.788	8.47383
755.735	10.4811
758.682	12.4881
761.627	12.4949
764.574	16.5016
767.517	12.508
770.46	32.5143
773.402	4.52035
776.342	0.526235
779.282	10.5319
782.219	20.5375
785.157	16.5428
788.094	0.547945
791.029	22.5529
793.962	10.5577
796.896	10.5623
799.828	20.5668
802.76	14.571
805.689	4.57513
808.619	12.5791
811.546	14.5828
814.473	8.58638
817.4	8.58979
820.324	10.593
823.248	20.5961
826.17	24.599
829.092	24.6018
832.012	12.6043
834.932	12.6068
837.851	6.60904
840.768	14.6111
843.685	20.6131
846.599	14.6149
849.514	6.61652
852.428	10.618
855.339	6.61934
858.251	-5.37948
861.16	18.6216
864.07	6.62244
866.978	12.6232
869.884	20.6238
872.792	6.6242
875.696	8.62451
878.599	14.6247
881.502	16.6247
884.404	2.62456
887.304	8.62429
890.204	14.6239
893.103	12.6234
896.001	2.62269
898.898	10.6219
901.794	18.6209
904.689	4.61987
907.581	0.618675
910.474	20.6173
913.364	14.6159
916.256	8.6143
919.144	20.6126
922.034	2.61076
924.92	20.6088
927.808	6.60672
930.693	16.6045
933.576	22.6022
936.459	10.5998
939.341	12.5972
942.222	-1.40546
945.102	8.59175
947.981	10.5888
950.859	12.5858
953.737	2.58271
956.613	0.579474
959.488	20.5761
962.361	12.5727
965.235	18.5691
968.105	8.56545
970.977	6.56168
973.846	2.55781
976.716	-1.44617
979.583	8.54975
982.449	6.54558
985.316	6.5413
988.18	10.5369
991.043	12.5325
993.906	16.5279
996.767	12.5232
999.628	0.518475
1002.49	6.51363
1005.35	6.50869
1008.2	16.5037
1011.06	8.49855
1013.91	16.4933
1016.77	4.48805
1019.62	4.48268
1022.48	8.47722
1025.33	0.471677
1028.18	4.46605
1031.03	12.4603
1033.87	14.4546
1036.72	16.4487
1039.57	12.4427
1042.41	12.4367
1045.26	18.4306
1048.1	4.42446
1050.94	2.41822
1053.78	14.4119
1056.62	0.405514
1059.46	12.3991
1062.3	6.39253
1065.14	14.3859
1067.97	6.37927
1070.81	24.3725
1073.64	6.36575
1076.47	4.3589
1079.31	8.35198
1082.14	-1.655
1084.97	4.33795
1087.8	8.33085
1090.63	4.32369
1093.45	22.3165
1096.28	2.3092
1099.1	22.3019
1101.93	2.29449
1104.75	0.287054
1107.57	14.2796
1110.39	18.272
1113.21	14.2644
1116.03	18.2568
1118.85	2.2491
1121.66	2.24137
1124.48	-5.76641
1127.3	10.2258
1130.11	20.2179
1132.92	12.21
1135.73	10.202
1138.54	6.19403
1141.35	4.186
1144.16	0.177917
1146.97	10.1698
1149.78	-1.83835
1152.58	14.1535
1155.39	2.14525
1158.19	8.137
1161	-1.87129
1163.8	8.12039
1166.6	18.112
1169.4	16.1037
1172.2	4.09525
1174.99	18.0868
1177.79	8.07835
1180.59	-1.93014
1183.38	22.0613
1186.17	12.0528
1188.97	0.0442383
1191.76	0.0356543
1194.55	12.027
1197.34	18.0184
1200.13	-3.99022
1202.92	4.00111
1205.7	9.99244
1208.49	9.98374
1211.27	13.975
1214.06	21.9663
1216.84	1.95756
1219.62	3.94881
1222.4	9.94004
1225.18	1.93127
1227.96	7.92249
1230.74	7.91369
1233.51	11.9049
1236.29	5.89608
1239.06	3.88727
1241.84	1.87845
1244.61	3.86963
1247.38	5.86081
1250.15	13.852
1252.92	5.84315
1255.69	-0.165676
1258.46	-10.1745
1261.23	-2.18333
1263.99	13.8079
1266.76	9.79903
1269.52	9.79021
1272.28	1.78141
1275.05	-4.2274
1277.81	15.7638
1280.57	5.75501
1283.33	1.74623
1286.08	3.73746
1288.84	3.7287
1291.6	7.71996
1294.35	5.71122
1297.11	11.7025
1299.86	7.6938
1302.61	9.6851
1305.36	-0.323571
1308.11	9.66777
1310.86	-0.340871
1313.61	1.65051
1316.36	11.6419
1319.1	9.63332
1321.85	-2.37523
1324.59	15.6162
1327.33	-0.392286
1330.08	1.59922
1332.82	9.59076
1335.56	9.58232
1338.3	-0.426096
1341.04	-2.43448
1343.77	3.55717
1346.51	7.54884
1349.25	-0.459458
1351.98	11.5323
1354.71	7.52404
1357.45	-0.484158
1360.18	-4.49232
1362.91	5.49954
1365.64	13.4914
1368.37	15.4834
1371.09	-6.52464
1373.82	-2.53263
1376.54	19.4594
1379.27	-6.54848
1381.99	11.4436
1384.72	7.43582
1387.44	5.42804
1390.16	11.4203
1392.88	5.4126
1395.6	9.40494
1398.31	5.39734
1401.03	-2.61022
1403.75	-6.61773
1406.46	1.37479
1409.18	17.3674
1411.89	5.36001
1414.6	-4.64731
1417.31	9.34543
1420.02	1.33821
1422.73	5.33105
1425.44	1.32394
1428.15	5.31689
1430.85	17.3099
1433.56	17.3029
1436.26	9.29606
1438.97	5.28923
1441.67	25.2825
1444.37	1.27575
1447.07	5.2691
1449.77	-4.73748
1452.47	13.256
1455.16	-0.750478
1457.86	19.2431
1460.56	9.23678
1463.25	5.23051
1465.94	3.2243
1468.64	1.21816
1471.33	11.2121
1474.02	-2.79392
1476.71	11.2001
1479.4	21.1943
1482.09	11.1885
1484.77	9.18274
1487.46	9.17709
1490.14	1.17151
1492.83	3.166
1495.51	1.16056
1498.19	7.1552
1500.87	-0.850081
1503.55	7.14471
1506.23	1.13958
1508.91	3.13452
1511.59	-6.87045
1514.27	9.12465
1516.94	13.1198
1519.62	19.1151
1522.29	9.11045
1524.96	11.1059
1527.63	-4.89861
1530.3	-4.90301
1532.97	17.0927
1535.64	7.08844
1538.31	-0.915712
1540.98	15.0802
1543.64	15.0763
1546.31	3.07237
1548.97	7.06857
1551.63	5.06487
1554.3	3.06125
1556.96	5.05773
1559.62	21.0543
1562.28	13.051
1564.94	13.0477
1567.59	11.0446
1570.25	11.0415
1572.9	5.03854
1575.56	7.03567
1578.21	3.03291
1580.86	1.03023
1583.52	9.02766
1586.17	3.02519
1588.82	19.0228
1591.47	1.02054
1594.11	-0.981633
1596.76	11.0163
1599.41	7.01433
1602.05	11.0125
1604.69	-4.9893
1607.34	7.00905
1609.98	7.0075
1612.62	3.00605
1615.26	11.0047
1617.9	9.00349
1620.54	23.0024
1623.18	11.0013
1625.81	11.0004
1628.45	-3.00035
1631.08	4.99897
1633.72	8.9984
1636.35	4.99794
1638.98	6.99759
1641.61	8.99736
1644.24	-7.00276
1646.87	4.99724
1649.5	12.9973
1652.13	6.99758
1654.75	4.99792
1657.38	4.99839
1660	2.99897
1662.63	14.9997
1665.25	7.00049
1667.87	3.00143
1670.49	17.0025
1673.11	19.0037
1675.73	-4.99503
1678.35	15.0064
1680.96	9.00795
1683.58	3.00962
1686.19	9.01142
1688.81	23.0133
1691.42	3.0154
1694.03	1.01757
1696.64	11.0199
1699.25	5.02231
1701.87	13.0249
1704.47	7.02756
1707.08	17.0304
1709.69	3.03333
1712.29	11.0364
1714.9	-0.960371
1717.5	7.04297
1720.1	7.04645
1722.71	3.05007
1725.31	1.05381
1727.91	7.0577
1730.51	5.06171
1733.1	23.0659
1735.7	7.07016
1738.3	5.07458
1740.89	9.07915
1743.49	15.0839
1746.08	3.0887
1748.67	-2.90632
1751.26	11.0988
1753.86	19.1041
1756.45	3.10947
1759.03	5.11502
1761.62	-4.87929
1764.21	13.1265
1766.8	13.1325
1769.38	13.1386
1771.97	9.14492
1774.55	1.15133
1777.13	25.1579
1779.71	1.1646
1782.29	7.17145
1784.87	13.1785
1787.45	13.1856
1790.03	11.1929
1792.61	1.20036
1795.18	15.208
1797.76	3.21572
1800.33	-6.77638
1802.9	11.2317
1805.48	13.2399
1808.05	5.24825
1810.62	3.25677
1813.19	7.26544
1815.76	1.27427
1818.33	9.28325
1820.89	-0.707605
1823.46	5.30169
1826.02	9.31114
1828.59	11.3208
1831.15	13.3305
1833.71	15.3405
1836.27	-2.64946
1838.84	11.3608
1841.39	7.3712
1843.95	5.38177
1846.51	25.3925
1849.07	7.40339
1851.62	7.41445
1854.18	17.4257
1856.73	17.4371
1859.29	-8.55138
1861.84	3.46033
1864.39	3.47221
1866.94	13.4843
1869.49	5.49647
1872.04	-0.491145
1874.59	9.5214
1877.13	3.53412
1879.68	3.547
1882.22	-4.43994
1884.77	7.57329
1887.31	5.58668
1889.85	9.60026
1892.39	11.614
1894.93	7.6279
1897.47	9.64199
1900.01	3.65625
1902.55	13.6707
1905.09	23.6853
1907.62	9.70007
1910.16	13.715
1912.69	17.7302
1915.22	5.74546
1917.76	21.7609
1920.29	7.77661
1922.82	11.7924
1925.35	1.80847
1927.88	11.8247
1930.4	3.84104
1932.93	15.8576
1935.46	15.8743
1937.98	3.89125
1940.51	-2.09165
1943.03	9.92564
1945.55	13.9431
1948.07	-4.03926
1950.59	11.9786
1953.11	1.99659
1955.63	4.01478
1958.15	2.03316
1960.67	10.0517
1963.18	8.07048
1965.7	16.0894
1968.21	12.1086
1970.73	-7.87213
1973.24	-1.85262
1975.75	18.1671
1978.26	16.1869
1980.77	4.20701
1983.28	8.22728
1985.79	4.24772
1988.29	10.2684
1990.8	-1.7108
1993.31	18.3102
1995.81	-1.66856
1998.31	6.35283
