100.093	17.1639
103.274	5.30015
106.457	-4.56459
109.636	3.56951
112.817	3.70263
115.994	19.8346
119.172	5.96558
122.347	20.0954
125.521	14.2242
128.696	0.352035
131.868	10.4787
135.039	12.6044
138.209	2.72901
141.379	0.852687
144.547	4.97525
147.713	17.0968
150.879	-0.782682
154.043	9.33683
157.206	7.45533
160.368	9.57283
163.529	3.68932
166.689	-6.19518
169.848	21.9193
173.006	10.0328
176.163	-1.85462
179.316	14.2569
182.471	8.36744
185.625	0.477044
188.777	6.58569
191.927	0.693292
195.077	12.8
198.224	16.9057
201.372	35.0105
204.52	9.11439
207.664	13.2173
210.809	7.31924
213.95	3.42023
217.091	3.52029
220.233	29.6195
223.372	1.71771
226.509	-10.185
229.648	13.9115
232.784	22.0069
235.918	-3.89849
239.051	22.1952
242.186	22.288
245.317	8.37992
248.447	8.47092
251.577	2.56104
254.705	0.650273
257.832	16.7386
260.958	2.82612
264.083	8.91275
267.204	12.9984
270.327	17.0833
273.449	7.16739
276.57	13.2506
279.69	9.33293
282.806	11.4144
285.924	-2.50495
289.04	9.57487
292.154	3.65382
295.268	-2.26801
298.379	27.8093
301.492	11.8858
304.601	29.9615
307.711	18.0364
310.818	4.11041
313.924	2.18364
317.031	-5.74387
320.135	22.3278
323.238	14.3986
326.34	8.46869
329.443	16.538
332.543	8.60651
335.642	4.67424
338.74	10.7412
341.836	8.80737
344.932	4.87279
348.027	12.9374
351.12	5.00135
354.213	27.0645
357.302	9.12685
360.393	5.1885
363.482	5.24941
366.57	23.3096
369.656	7.36899
372.742	13.4277
375.827	11.4857
378.91	-0.457103
381.993	17.5994
385.073	-4.34478
388.154	13.7103
391.232	5.76471
394.311	7.81841
397.387	17.8714
400.462	23.9236
403.536	5.97522
406.611	0.0261392
409.683	10.0763
412.754	0.125862
415.824	2.17471
418.893	4.22287
421.961	10.2704
425.027	8.31721
428.093	6.36337
431.158	14.4089
434.222	18.4537
437.284	18.4979
440.346	0.54149
443.407	12.5844
446.464	22.6266
449.523	0.668263
452.581	-7.29074
455.635	-1.25041
458.691	10.7893
461.743	0.828416
464.797	6.86691
467.847	22.9048
470.899	10.942
473.947	12.9787
476.994	9.01468
480.043	9.05013
483.088	1.08495
486.133	9.11918
489.176	15.1528
492.22	5.18589
495.262	23.2184
498.302	19.2502
501.341	-2.71844
504.38	9.31229
507.417	7.34246
510.453	15.3721
513.487	23.4011
516.521	-2.57046
519.554	3.45746
522.586	15.4848
525.616	19.5116
528.646	11.5379
531.675	15.5636
534.701	7.58879
537.729	15.6134
540.753	1.63755
543.778	23.6611
546.8	9.68419
549.821	5.70671
552.844	-4.27126
555.863	3.75023
558.881	11.7712
561.898	13.7917
564.916	5.81166
567.932	11.8311
570.946	19.8501
573.959	-4.13143
576.971	13.8865
579.982	5.90404
582.993	3.92104
586	5.93756
589.008	9.9536
592.015	3.96917
595.022	9.98427
598.025	1.99889
601.029	-7.98695
604.032	-1.97325
607.033	0.0399845
610.034	0.0527705
613.032	8.0651
616.032	2.07698
619.028	20.0884
622.023	20.0994
625.018	2.10995
628.013	2.12007
631.005	-1.87025
633.997	24.139
636.987	10.1478
639.977	12.1562
642.965	10.1642
645.952	12.1718
648.939	-9.82109
651.924	2.18565
654.909	6.19198
657.892	26.1979
660.873	8.20343
663.854	6.20856
666.835	-3.78671
669.813	12.2176
672.791	26.2216
675.767	14.2251
678.743	12.2283
681.717	-3.76887
684.692	8.23356
687.664	12.2356
690.634	14.2373
693.606	10.2386
696.575	8.23957
699.543	2.24017
702.51	16.2404
705.475	18.2403
708.44	0.239813
711.404	6.23899
714.367	6.23783
717.329	6.23632
720.29	-1.76552
723.25	26.2323
726.207	22.2298
729.166	-3.77306
732.123	20.2238
735.077	20.2203
738.032	12.2165
740.984	0.212319
743.938	0.207867
746.888	4.20311
749.839	8.19803
752.788	18.1927
755.735	16.187
758.682	26.181
761.627	22.1747
764.574	2.16814
767.517	2.16128
770.46	10.1541
773.402	16.1467
776.342	14.139
779.282	8.13097
782.219	24.1227
785.157	14.1141
788.094	6.10532
791.029	32.0962
793.962	10.0869
796.896	18.0773
799.828	20.0674
802.76	14.0573
805.689	10.0469
808.619	12.0362
811.546	22.0254
814.473	20.0142
817.4	0.00285217
820.324	15.9912
823.248	17.9794
826.17	23.9673
829.092	19.955
832.012	23.9425
834.932	9.92971
837.851	1.91672
840.768	19.9035
843.685	13.8901
846.599	9.87646
849.514	15.8626
852.428	7.84855
855.339	21.8343
858.251	17.8198
861.16	3.80517
864.07	13.7903
866.978	3.77525
869.884	21.76
872.792	21.7446
875.696	15.7289
878.599	9.71314
881.502	3.69715
884.404	13.681
887.304	3.66465
890.204	1.64813
893.103	27.6314
896.001	23.6146
898.898	35.5976
901.794	13.5804
904.689	-2.43694
907.581	19.5456
910.474	7.52792
913.364	15.5101
916.256	9.49218
919.144	3.47409
922.034	-2.54415
924.92	7.43747
927.808	19.419
930.693	11.4003
933.576	15.3815
936.459	15.3626
939.341	7.34357
942.222	5.32441
945.102	9.30512
947.981	9.28571
950.859	3.26618
953.737	-0.753459
956.613	11.2268
959.488	-2.79308
962.361	11.187
965.235	21.1669
968.105	15.1467
970.977	15.1264
973.846	25.1061
976.716	9.08561
979.583	11.0651
982.449	9.04442
985.316	21.0237
988.18	15.0029
991.043	22.982
993.906	16.961
996.767	8.93994
999.628	18.9188
1002.49	10.8976
1005.35	16.8764
1008.2	26.855
1011.06	8.83363
1013.91	12.8122
1016.77	14.7907
1019.62	20.7691
1022.48	2.74745
1025.33	8.72578
1028.18	0.704046
1031.03	6.68228
1033.87	4.66046
1036.72	12.6386
1039.57	2.61669
1042.41	-3.40524
1045.26	6.57279
1048.1	12.5508
1050.94	16.5288
1053.78	8.50669
1056.62	14.4846
1059.46	16.4625
1062.3	2.44036
1065.14	8.41822
1067.97	20.3961
1070.81	2.37389
1073.64	12.3517
1076.47	6.32951
1079.31	18.3073
1082.14	2.2851
1084.97	12.2629
1087.8	6.24069
1090.63	2.21849
1093.45	6.1963
1096.28	6.17411
1099.1	14.1519
1101.93	10.1298
1104.75	20.1076
1107.57	-1.91451
1110.39	12.0634
1113.21	14.0413
1116.03	-3.98077
1118.85	3.99718
1121.66	9.97518
1124.48	11.9532
1127.3	-6.06875
1130.11	-0.0906671
1132.92	-2.11253
1135.73	7.86564
1138.54	1.84385
1141.35	3.82211
1144.16	21.8004
1146.97	7.77875
1149.78	-8.24285
1152.58	15.7356
1155.39	5.71413
1158.19	11.6927
1161	15.6713
1163.8	-4.34998
1166.6	3.62877
1169.4	3.60759
1172.2	7.58649
1174.99	19.5654
1177.79	5.54449
1180.59	9.5236
1183.38	-0.497204
1186.17	5.48206
1188.97	5.46141
1191.76	9.44085
1194.55	-0.57963
1197.34	9.39998
1200.13	5.37968
1202.92	5.35947
1205.7	3.33938
1208.49	1.31936
1211.27	9.29944
1214.06	25.2796
1216.84	15.2599
1219.62	-6.75968
1222.4	5.22082
1225.18	9.20144
1227.96	13.1822
1230.74	9.163
1233.51	15.144
1236.29	3.12503
1239.06	9.10623
1241.84	-0.912454
1244.61	-8.93101
1247.38	5.05055
1250.15	13.0323
1252.92	3.01408
1255.69	12.996
1258.46	2.97814
1261.23	16.9604
1263.99	8.94274
1266.76	-1.07475
1269.52	6.9079
1272.28	12.8907
1275.05	6.87364
1277.81	4.85674
1280.57	12.84
1283.33	12.8234
1286.08	-1.19306
1288.84	2.79064
1291.6	10.7745
1294.35	10.7585
1297.11	6.74274
1299.86	6.72709
1302.61	2.71161
1305.36	10.6963
1308.11	8.68117
1310.86	10.6662
1313.61	28.6514
1316.36	12.6368
1319.1	8.62238
1321.85	-7.39187
1324.59	0.594059
1327.33	4.58017
1330.08	12.5665
1332.82	-5.44704
1335.56	6.53964
1338.3	16.5265
1341.04	14.5136
1343.77	4.50084
1346.51	14.4883
1349.25	-1.52404
1351.98	0.463824
1354.71	14.4519
1357.45	8.44016
1360.18	-1.57136
1362.91	14.4173
1365.64	16.4062
1368.37	14.3953
1371.09	4.38465
1373.82	12.3742
1376.54	24.364
1379.27	-9.64606
1381.99	12.3441
1384.72	26.3346
1387.44	8.32522
1390.16	2.3161
1392.88	8.30721
1395.6	26.2986
1398.31	12.2901
1401.03	0.281943
1403.75	16.274
1406.46	12.2663
1409.18	14.2588
1411.89	-5.74843
1414.6	10.2446
1417.31	8.23785
1420.02	8.23135
1422.73	14.2251
1425.44	8.21911
1428.15	16.2134
1430.85	6.20789
1433.56	10.2027
1436.26	2.19769
1438.97	4.19299
1441.67	-5.81146
1444.37	0.184357
1447.07	2.18044
1449.77	6.17679
1452.47	6.17341
1455.16	0.170294
1457.86	0.167454
1460.56	6.16489
1463.25	8.1626
1465.94	0.160588
1468.64	14.1589
1471.33	-3.8426
1474.02	12.1562
1476.71	26.1553
1479.4	6.15475
1482.09	6.15444
1484.77	4.15442
1487.46	26.1547
1490.14	4.15525
1492.83	22.1561
1495.51	6.15726
1498.19	-11.8413
1500.87	18.1605
1503.55	2.16252
1506.23	4.16487
1508.91	16.1675
1511.59	2.1705
1514.27	14.1738
1516.94	4.17735
1519.62	-3.81875
1522.29	6.18545
1524.96	16.19
1527.63	10.1948
1530.3	10.2
1532.97	14.2054
1535.64	2.21124
1538.31	6.21735
1540.98	0.223792
1543.64	2.23056
1546.31	26.2377
1548.97	16.2451
1551.63	22.2528
1554.3	12.2609
1556.96	16.2693
1559.62	4.27809
1562.28	26.2872
1564.94	8.29661
1567.59	10.3064
1570.25	14.3165
1572.9	0.326946
1575.56	6.33775
1578.21	20.3489
1580.86	20.3604
1583.52	6.37223
1586.17	8.38442
1588.82	6.39697
1591.47	8.40986
1594.11	6.42312
1596.76	14.4367
1599.41	-1.54931
1602.05	12.465
1604.69	-1.52028
1607.34	18.4948
1609.98	0.510193
1612.62	2.52598
1615.26	2.54214
1617.9	2.55865
1620.54	-3.42445
1623.18	8.59281
1625.81	18.6105
1628.45	12.6285
1631.08	22.6469
1633.72	12.6656
1636.35	-3.31524
1638.98	20.7043
1641.61	10.7242
1644.24	4.7445
1646.87	12.7652
1649.5	6.78625
1652.13	4.80769
1654.75	18.8295
1657.38	4.85177
1660	20.8744
1662.63	16.8974
1665.25	10.9209
1667.87	0.944664
1670.49	8.96887
1673.11	6.99348
1675.73	1.0185
1678.35	15.0439
1680.96	-2.93026
1683.58	23.0959
1686.19	13.1226
1688.81	3.14963
1691.42	1.17707
1694.03	3.20494
1696.64	17.2332
1699.25	-0.738112
1701.87	5.291
1704.47	11.3205
1707.08	11.3505
1709.69	-2.61919
1712.29	15.4116
1714.9	1.44278
1717.5	-6.52561
1720.1	23.5064
1722.71	5.53892
1725.31	-2.42819
1727.91	19.6051
1730.51	27.6389
1733.1	3.67308
1735.7	9.70772
1738.3	9.74277
1740.89	5.77826
1743.49	11.8142
1746.08	11.8506
1748.67	17.8874
1751.26	15.9246
1753.86	-4.03772
1756.45	10.0004
1759.03	6.03898
1761.62	8.07802
1764.21	8.11748
1766.8	4.15739
1769.38	18.1977
1771.97	18.2386
1774.55	10.2799
1777.13	18.3216
1779.71	24.3638
1782.29	20.4064
1784.87	24.4495
1787.45	18.493
1790.03	0.537025
1792.61	26.5815
1795.18	20.6264
1797.76	8.67185
1800.33	8.71771
1802.9	26.764
1805.48	14.8108
1808.05	-3.14191
1810.62	12.9058
1813.19	14.954
1815.76	3.00272
1818.33	13.0519
1820.89	45.1015
1823.46	-0.848389
1826.02	13.2022
1828.59	-0.746744
1831.15	19.3048
1833.71	5.35683
1836.27	17.4093
1838.84	9.46232
1841.39	17.5158
1843.95	7.56974
1846.51	9.6242
1849.07	7.6791
1851.62	13.7345
1854.18	15.7905
1856.73	15.8468
1859.29	9.90376
1861.84	17.9611
1864.39	4.01901
1866.94	20.0774
1869.49	4.1363
1872.04	22.1957
1874.59	18.2556
1877.13	18.3159
1879.68	16.3768
1882.22	20.4382
1884.77	-3.4999
1887.31	0.562469
1889.85	10.6254
1892.39	14.6888
1894.93	-13.2473
1897.47	18.8172
1900.01	6.88209
1902.55	10.9475
1905.09	5.01351
1907.62	25.08
1910.16	9.14695
1912.69	7.21448
1915.22	1.28253
1917.76	11.3511
1920.29	5.42015
1922.82	27.4897
1925.35	17.5599
1927.88	9.6305
1930.4	13.7016
1932.93	29.7733
1935.46	3.84555
1937.98	17.9183
1940.51	1.99158
1943.03	26.0654
1945.55	8.13969
1948.07	24.2146
1950.59	26.2899
1953.11	2.36591
1955.63	12.4424
1958.15	20.5194
1960.67	16.5969
1963.18	-3.32504
1965.7	8.75358
1968.21	14.8327
1970.73	10.9125
1973.24	0.992718
1975.75	11.0735
1978.26	13.1548
1980.77	21.2367
1983.28	1.31913
1985.79	35.4021
1988.29	13.4856
1990.8	7.56971
1993.31	23.6543
1995.81	23.7395
1998.31	13.8252
