100.093	29.9573
103.274	19.8988
106.457	15.8409
109.636	11.7837
112.817	13.7271
115.994	25.6711
119.172	19.6158
122.347	15.5611
125.521	25.507
128.696	19.4535
131.868	-2.59928
135.039	13.3485
138.209	-0.703076
141.379	5.24591
144.547	25.1955
147.713	21.1458
150.879	13.0966
154.043	5.048
157.206	19
160.368	14.9526
163.529	-9.09418
166.689	6.85961
169.848	14.814
173.006	-3.23109
176.163	18.7244
179.316	24.6806
182.471	2.63722
185.625	16.5945
188.777	6.55225
191.927	14.5106
195.077	8.46956
198.224	-11.5709
201.372	8.38909
204.52	20.3497
207.664	6.31082
210.809	14.2725
213.95	8.23472
217.091	2.1975
220.233	8.16079
223.372	2.12463
226.509	8.089
229.648	14.0539
232.784	8.0193
235.918	25.9853
239.051	15.9517
242.186	15.9187
245.317	3.88617
248.447	15.8542
251.577	3.82268
254.705	21.7917
257.832	11.7612
260.958	17.7312
264.083	11.7017
267.204	15.6728
270.327	17.6443
273.449	27.6162
276.57	9.5887
279.69	15.5617
282.806	3.5351
285.924	11.509
289.04	13.4834
292.154	1.45825
295.268	-0.566428
298.379	-0.590627
301.492	9.38562
304.601	13.3623
307.711	23.3395
310.818	-2.68285
313.924	1.29523
317.031	13.2738
320.135	9.25274
323.238	19.2322
326.34	15.212
329.443	9.19232
332.543	35.1731
335.642	11.1542
338.74	17.1358
341.836	11.1179
344.932	23.1003
348.027	13.0832
351.12	3.06651
354.213	15.0502
357.302	3.03437
360.393	-0.981084
363.482	19.0039
366.57	6.98923
369.656	6.975
372.742	14.9612
375.827	18.9477
378.91	0.934696
381.993	2.92205
385.073	8.9098
388.154	18.8979
391.232	18.8865
394.311	2.87536
397.387	12.8647
400.462	0.854318
403.536	-5.15564
406.611	6.83477
409.683	8.82555
412.754	0.816708
415.824	-1.19177
418.893	12.8001
421.961	8.79235
425.027	8.78495
428.093	26.7779
431.158	14.7712
434.222	14.7649
437.284	8.75887
440.346	6.75322
443.407	14.7479
446.464	2.74294
449.523	6.73831
452.581	8.73402
455.635	6.73005
458.691	4.72642
461.743	4.72312
464.797	2.72014
467.847	-9.28252
470.899	2.71515
473.947	16.7131
476.994	-1.28858
480.043	16.71
483.088	10.709
486.133	10.7082
489.176	4.70772
492.22	4.70755
495.262	-3.29231
498.302	4.70813
501.341	4.70886
504.38	6.70988
507.417	16.7112
510.453	4.7128
513.487	6.71469
516.521	12.7169
519.554	4.71932
522.586	-3.27794
525.616	-13.2749
528.646	14.7284
531.675	4.73192
534.701	18.7357
537.729	12.7398
540.753	10.7442
543.778	2.74882
546.8	14.7537
549.821	10.7588
552.844	4.76424
555.863	6.76989
558.881	16.7758
561.898	-5.21807
564.916	0.78833
567.932	6.79497
570.946	4.80185
573.959	12.809
576.971	18.8163
579.982	12.8239
582.993	6.83174
586	6.83978
589.008	8.84807
592.015	20.8566
595.022	-23.1347
598.025	-7.12575
601.029	-9.11658
604.032	-7.10719
607.033	2.9024
610.034	4.91222
613.032	0.922237
616.032	8.93247
619.028	8.9429
622.023	8.95354
625.018	8.96437
628.013	2.97541
631.005	0.986642
633.997	16.9981
636.987	7.00968
639.977	9.02149
642.965	1.03349
645.952	1.04567
648.939	13.058
651.924	5.07058
654.909	9.0833
657.892	5.0962
660.873	9.10927
663.854	17.1225
666.835	-2.86406
669.813	7.14952
672.791	1.16327
675.767	9.17718
678.743	1.19126
681.717	1.20549
684.692	15.2199
687.664	9.23443
690.634	9.24913
693.606	9.26398
696.575	9.27898
699.543	11.2941
702.51	17.3094
705.475	21.3248
708.44	3.34041
711.404	3.35612
714.367	9.37197
717.329	3.38795
720.29	15.4041
723.25	3.42031
726.207	9.43667
729.166	7.45317
732.123	3.46979
735.077	-0.513478
738.032	5.50339
740.984	9.52036
743.938	29.5375
746.888	3.55465
749.839	23.572
752.788	7.5894
755.735	17.6069
758.682	3.62456
761.627	11.6423
764.574	7.66015
767.517	3.67809
770.46	21.6961
773.402	1.71426
776.342	7.73249
779.282	9.7508
782.219	7.7692
785.157	21.7877
788.094	19.8063
791.029	9.82494
793.962	7.84367
796.896	13.8625
799.828	-6.11861
802.76	23.9004
805.689	9.9194
808.619	13.9385
811.546	25.9577
814.473	-0.02304
817.4	21.9963
820.324	12.0157
823.248	20.0351
826.17	20.0546
829.092	8.07417
832.012	-11.9062
834.932	24.1135
837.851	22.1332
840.768	18.153
843.685	8.17278
846.599	22.1926
849.514	8.21255
852.428	2.2325
855.339	14.2525
858.251	28.2725
861.16	12.2926
864.07	10.3127
866.978	32.3328
869.884	6.35298
872.792	6.37319
875.696	26.3934
878.599	30.4137
881.502	12.4339
884.404	12.4542
887.304	14.4745
890.204	6.49486
893.103	12.5152
896.001	8.53557
898.898	6.55594
901.794	0.576329
904.689	2.59673
907.581	16.6171
910.474	16.6375
913.364	30.6579
916.256	2.67834
919.144	0.698745
922.034	-5.28084
924.92	-9.26044
927.808	12.76
930.693	4.78035
933.576	2.80073
936.459	-7.1789
939.341	16.8415
942.222	-1.13821
945.102	-3.11788
947.981	26.9024
950.859	16.9227
953.737	18.943
956.613	8.96323
959.488	2.98345
962.361	25.0036
965.235	1.0238
968.105	-4.95608
970.977	13.064
973.846	15.0841
976.716	15.1041
979.583	13.1241
982.449	7.14406
985.316	5.16398
988.18	3.18385
991.043	15.2037
993.906	7.22345
996.767	25.2432
999.628	5.26287
1002.49	19.2825
1005.35	-10.6979
1008.2	19.3216
1011.06	9.34106
1013.91	17.3605
1016.77	13.3798
1019.62	11.3991
1022.48	5.41834
1025.33	-0.562501
1028.18	9.4566
1031.03	3.47562
1033.87	11.4946
1036.72	17.5135
1039.57	9.53229
1042.41	15.551
1045.26	1.56969
1048.1	9.58827
1050.94	11.6068
1053.78	13.6252
1056.62	21.6435
1059.46	21.6618
1062.3	5.67999
1065.14	9.69806
1067.97	23.7161
1070.81	9.73396
1073.64	17.7518
1076.47	23.7695
1079.31	13.7871
1082.14	7.80464
1084.97	5.82208
1087.8	25.8394
1090.63	23.8566
1093.45	17.8737
1096.28	17.8908
1099.1	7.90767
1101.93	9.92447
1104.75	-2.05883
1107.57	1.95775
1110.39	11.9742
1113.21	3.99057
1116.03	6.00681
1118.85	2.02293
1121.66	6.03892
1124.48	20.0548
1127.3	14.0706
1130.11	18.0862
1132.92	4.10171
1135.73	-1.88291
1138.54	16.1323
1141.35	12.1475
1144.16	8.16246
1146.97	16.1773
1149.78	14.192
1152.58	8.20663
1155.39	16.2211
1158.19	12.2354
1161	8.24957
1163.8	10.2636
1166.6	8.27748
1169.4	12.2912
1172.2	30.3048
1174.99	4.31827
1177.79	14.3316
1180.59	6.34472
1183.38	16.3577
1186.17	-3.62944
1188.97	20.3832
1191.76	-13.6042
1194.55	20.4081
1197.34	14.4204
1200.13	-3.56759
1202.92	-7.5557
1205.7	16.456
1208.49	10.4676
1211.27	8.47897
1214.06	20.4902
1216.84	10.5013
1219.62	12.5121
1222.4	16.5228
1225.18	8.53338
1227.96	16.5437
1230.74	12.5539
1233.51	14.5639
1236.29	8.57376
1239.06	0.583405
1241.84	12.5929
1244.61	22.6021
1247.38	14.6112
1250.15	-3.37985
1252.92	18.6289
1255.69	10.6374
1258.46	10.6457
1261.23	4.65389
1263.99	8.66184
1266.76	10.6696
1269.52	18.6772
1272.28	22.6845
1275.05	8.6917
1277.81	4.69866
1280.57	12.7054
1283.33	18.712
1286.08	8.71834
1288.84	18.7245
1291.6	0.730438
1294.35	12.7362
1297.11	-1.2583
1299.86	6.74701
1302.61	4.75212
1305.36	16.757
1308.11	16.7617
1310.86	10.7661
1313.61	-5.22963
1316.36	2.77439
1319.1	-1.22181
1321.85	28.7818
1324.59	10.7851
1327.33	10.7883
1330.08	20.7912
1332.82	8.79384
1335.56	12.7963
1338.3	18.7985
1341.04	8.8005
1343.77	20.8023
1346.51	10.8038
1349.25	28.8051
1351.98	2.80612
1354.71	20.8069
1357.45	0.807516
1360.18	12.8079
1362.91	14.808
1365.64	20.8078
1368.37	16.8074
1371.09	14.8068
1373.82	30.8059
1376.54	18.8048
1379.27	22.8034
1381.99	20.8018
1384.72	12.7999
1387.44	-3.20222
1390.16	14.7954
1392.88	24.7928
1395.6	16.7899
1398.31	16.7867
1401.03	8.78332
1403.75	24.7797
1406.46	14.7757
1409.18	42.7715
1411.89	0.76708
1414.6	-5.23764
1417.31	18.7574
1420.02	24.7521
1422.73	18.7466
1425.44	22.7408
1428.15	12.7348
1430.85	18.7284
1433.56	26.7218
1436.26	6.71497
1438.97	14.7078
1441.67	12.7004
1444.37	8.69269
1447.07	26.6847
1449.77	22.6764
1452.47	20.6679
1455.16	12.6591
1457.86	16.65
1460.56	20.6406
1463.25	8.63089
1465.94	6.62093
1468.64	6.61067
1471.33	14.6001
1474.02	18.5893
1476.71	14.5782
1479.4	10.5668
1482.09	0.555048
1484.77	14.543
1487.46	14.5307
1490.14	6.51815
1492.83	10.5053
1495.51	14.4921
1498.19	18.4786
1500.87	16.4648
1503.55	14.4507
1506.23	16.4363
1508.91	16.4216
1511.59	10.4065
1514.27	16.3912
1516.94	8.3756
1519.62	2.35965
1522.29	8.3434
1524.96	20.3268
1527.63	0.309972
1530.3	22.2928
1532.97	20.2753
1535.64	24.2575
1538.31	8.23933
1540.98	18.2209
1543.64	10.2021
1546.31	24.183
1548.97	20.1636
1551.63	24.1439
1554.3	14.1238
1556.96	6.10345
1559.62	24.0827
1562.28	6.06171
1564.94	28.0404
1567.59	18.0187
1570.25	11.9967
1572.9	13.9743
1575.56	17.9516
1578.21	15.9286
1580.86	17.9053
1583.52	7.88158
1586.17	15.8576
1588.82	19.8332
1591.47	-0.191475
1594.11	21.7835
1596.76	9.75814
1599.41	-0.26757
1602.05	13.7064
1604.69	3.67999
1607.34	7.65325
1609.98	31.6262
1612.62	29.5987
1615.26	19.5709
1617.9	7.54284
1620.54	29.5144
1623.18	11.4855
1625.81	1.45636
1628.45	-0.573157
1631.08	19.397
1633.72	15.3667
1636.35	15.3362
1638.98	11.3052
1641.61	15.2739
1644.24	25.2423
1646.87	11.2103
1649.5	7.17787
1652.13	11.1452
1654.75	15.112
1657.38	13.0786
1660	9.04477
1662.63	17.0106
1665.25	-5.02397
1667.87	8.94112
1670.49	8.90584
1673.11	12.8702
1675.73	0.834168
1678.35	8.79778
1680.96	4.76101
1683.58	4.7239
1686.19	2.68638
1688.81	-3.35151
1691.42	10.6103
1694.03	20.5716
1696.64	20.5326
1699.25	-1.50676
1701.87	0.453459
1704.47	12.4133
1707.08	12.3728
1709.69	28.3319
1712.29	10.2906
1714.9	0.248948
1717.5	16.2069
1720.1	6.16448
1722.71	8.12165
1725.31	20.0785
1727.91	-1.96515
1730.51	11.9909
1733.1	3.94652
1735.7	7.90173
1738.3	5.85659
1740.89	-0.188954
1743.49	-0.234889
1746.08	21.7188
1748.67	7.67205
1751.26	3.62496
1753.86	7.57743
1756.45	15.5295
1759.03	3.48122
1761.62	5.4325
1764.21	-0.616599
1766.8	13.3339
1769.38	5.28401
1771.97	15.2337
1774.55	11.183
1777.13	-0.868161
1779.71	13.0803
1782.29	-4.97158
1784.87	24.9761
1787.45	0.923327
1790.03	26.8702
1792.61	14.8166
1795.18	12.7627
1797.76	2.70828
1800.33	22.6535
1802.9	16.5983
1805.48	0.542706
1808.05	10.4867
1810.62	6.43024
1813.19	18.3734
1815.76	8.3161
1818.33	10.2584
1820.89	8.20029
1823.46	0.141788
1826.02	0.0828245
1828.59	8.02348
1831.15	9.96371
1833.71	13.9035
1836.27	-0.157148
1838.84	9.7818
1841.39	21.7203
1843.95	-6.34157
1846.51	11.5961
1849.07	15.5334
1851.62	19.4702
1854.18	11.4066
1856.73	1.34255
1859.29	-0.721936
1861.84	3.21319
1864.39	1.14787
1866.94	-6.91792
1869.49	1.0159
1872.04	-7.05072
1874.59	8.88222
1877.13	16.8147
1879.68	12.7468
1882.22	14.6785
1884.77	2.60964
1887.31	8.54043
1889.85	18.4707
1892.39	8.40063
1894.93	16.3301
1897.47	12.2591
1900.01	-1.81237
1902.55	-1.88425
1905.09	16.0434
1907.62	3.97066
1910.16	3.89749
1912.69	-12.1762
1915.22	5.74971
1917.76	9.67519
1920.29	1.60017
1922.82	9.52474
1925.35	15.4488
1927.88	1.37249
1930.4	7.29571
1932.93	1.21848
1935.46	23.1408
1937.98	1.06263
1940.51	2.98403
1943.03	4.90496
1945.55	-1.1745
1948.07	16.7455
1950.59	10.6651
1953.11	18.5842
1955.63	10.5029
1958.15	18.4211
1960.67	10.3389
1963.18	4.25621
1965.7	6.17304
1968.21	2.08941
1970.73	6.00532
1973.24	1.92075
1975.75	7.83579
1978.26	1.75029
1980.77	7.66439
1983.28	1.57795
1985.79	7.4911
1988.29	5.40379
1990.8	7.31594
1993.31	-0.772319
1995.81	7.13895
1998.31	-10.9502
