100.093	12.779
103.274	8.77611
106.457	8.77328
109.636	22.7705
112.817	26.7679
115.994	10.7653
119.172	14.7629
122.347	10.7605
125.521	2.75822
128.696	18.756
131.868	14.7539
135.039	40.7519
138.209	16.75
141.379	18.7481
144.547	14.7464
147.713	18.7447
150.879	12.7431
154.043	18.7416
157.206	-1.25982
160.368	4.73886
163.529	24.7376
166.689	26.7365
169.848	-15.2646
173.006	-3.2656
176.163	26.7335
179.316	12.7327
182.471	16.7319
185.625	0.731277
188.777	10.7307
191.927	14.7302
195.077	6.72981
198.224	2.72948
201.372	10.7292
204.52	-1.27093
207.664	2.72899
210.809	14.729
213.95	12.7291
217.091	8.72921
220.233	6.72945
223.372	26.7298
226.509	6.73016
229.648	2.73063
232.784	16.7312
235.918	10.7318
239.051	22.7325
242.186	14.7333
245.317	6.73415
248.447	26.7351
251.577	16.7361
254.705	12.7372
257.832	16.7383
260.958	2.73958
264.083	18.7409
267.204	8.74227
270.327	12.7437
273.449	14.7453
276.57	22.7469
279.69	6.74856
282.806	4.75031
285.924	4.75214
289.04	26.754
292.154	-7.24399
295.268	4.75805
298.379	20.7602
301.492	6.76235
304.601	6.76461
307.711	16.7669
310.818	14.7693
313.924	14.7718
317.031	24.7743
320.135	26.7769
323.238	22.7796
326.34	6.78236
329.443	-1.21483
332.543	16.788
335.642	16.791
338.74	16.794
341.836	24.7971
344.932	14.8002
348.027	0.803457
351.12	12.8067
354.213	6.81009
357.302	10.8135
360.393	-7.18302
363.482	16.8205
366.57	6.82413
369.656	18.8278
372.742	24.8315
375.827	14.8353
378.91	2.83921
381.993	6.84314
385.073	16.8471
388.154	0.85118
391.232	4.8553
394.311	18.8595
397.387	8.86371
400.462	-9.13198
403.536	10.8724
406.611	10.8768
409.683	16.8813
412.754	2.88583
415.824	-3.10956
418.893	6.8951
421.961	6.89983
425.027	2.90461
428.093	20.9095
431.158	6.91435
434.222	0.919313
437.284	10.9243
440.346	6.92941
443.407	8.93454
446.464	22.9397
449.523	16.945
452.581	2.95028
455.635	14.9556
458.691	-1.03894
461.743	10.9665
464.797	18.9721
467.847	20.9776
470.899	0.983284
473.947	10.989
476.994	18.9947
480.043	15.0005
483.088	-2.99362
486.133	7.01229
489.176	19.0183
492.22	21.0243
495.262	5.03034
498.302	3.03646
501.341	13.0426
504.38	3.04886
507.417	17.0551
510.453	-4.93853
513.487	23.0678
516.521	11.0743
519.554	15.0808
522.586	3.08729
525.616	7.09387
528.646	9.1005
531.675	3.10719
534.701	11.1139
537.729	7.1207
540.753	23.1275
543.778	-0.865595
546.8	15.1413
549.821	13.1483
552.844	15.1553
555.863	13.1624
558.881	5.16951
561.898	11.1767
564.916	3.18388
567.932	-6.80886
570.946	-2.80156
573.959	1.20579
576.971	11.2132
579.982	3.22062
582.993	13.2281
586	3.23563
589.008	-2.7568
592.015	13.2508
595.022	1.25848
598.025	11.2662
601.029	7.27394
604.032	9.28173
607.033	5.28956
610.034	5.29745
613.032	13.3054
616.032	7.31333
619.028	-6.67867
622.023	1.32938
625.018	1.33747
628.013	13.3456
631.005	7.35377
633.997	1.36198
636.987	11.3702
639.977	5.37852
642.965	-2.61314
645.952	23.3952
648.939	9.40364
651.924	1.41209
654.909	9.42058
657.892	11.4291
660.873	9.43768
663.854	3.44628
666.835	3.45493
669.813	5.46361
672.791	3.47233
675.767	-8.51892
678.743	13.4899
681.717	13.4987
684.692	-4.49242
687.664	13.5165
690.634	23.5254
693.606	3.53439
696.575	21.5434
699.543	-0.447551
702.51	13.5615
705.475	3.57064
708.44	5.5798
711.404	3.58898
714.367	15.5982
717.329	3.60746
720.29	3.61674
723.25	9.62607
726.207	17.6354
729.166	-2.3552
732.123	5.65422
735.077	1.66367
738.032	11.6732
740.984	15.6827
743.938	21.6922
746.888	7.7018
749.839	13.7114
752.788	15.7211
755.735	-0.269271
758.682	11.7404
761.627	3.75016
764.574	3.75994
767.517	-2.23027
770.46	11.7796
773.402	7.78941
776.342	1.79929
779.282	-6.1908
782.219	23.8191
785.157	31.8291
788.094	11.8391
791.029	-0.150862
793.962	7.85919
796.896	-0.130727
799.828	5.87938
802.76	3.88952
805.689	9.89968
808.619	-8.09013
811.546	5.92009
814.473	9.93033
817.4	7.9406
820.324	13.9509
823.248	7.96122
826.17	-6.02844
829.092	11.9819
832.012	13.9923
834.932	10.0028
837.851	8.0132
840.768	12.0237
843.685	18.0342
846.599	12.0447
849.514	6.05522
852.428	18.0658
855.339	26.0764
858.251	4.08699
861.16	8.09762
864.07	14.1083
866.978	18.119
869.884	14.1297
872.792	18.1404
875.696	20.1511
878.599	6.1619
881.502	8.17269
884.404	6.1835
887.304	10.1943
890.204	16.2052
893.103	14.2161
896.001	14.227
898.898	8.23786
901.794	-11.7512
904.689	16.2598
907.581	12.2707
910.474	4.28171
913.364	4.29272
916.256	10.3038
919.144	-1.6852
922.034	4.32587
924.92	4.33695
927.808	10.3481
930.693	22.3592
933.576	0.370308
936.459	2.38146
939.341	0.392633
942.222	4.40382
945.102	2.41503
947.981	6.42625
950.859	6.43749
953.737	-1.55125
956.613	18.46
959.488	0.471308
962.361	24.4826
965.235	0.493926
968.105	12.5053
970.977	-7.48339
973.846	0.527964
976.716	8.53935
979.583	22.5507
982.449	18.5621
985.316	8.57356
988.18	4.585
991.043	-1.40356
993.906	12.6079
996.767	-1.38063
999.628	-5.36914
1002.49	4.64236
1005.35	16.6539
1008.2	4.6654
1011.06	8.67693
1013.91	14.6885
1016.77	4.70005
1019.62	6.71161
1022.48	8.7232
1025.33	14.7348
1028.18	8.7464
1031.03	8.75801
1033.87	6.76964
1036.72	12.7813
1039.57	22.7929
1042.41	8.80459
1045.26	14.8163
1048.1	4.82793
1050.94	-1.16038
1053.78	18.8513
1056.62	6.86302
1059.46	8.87474
1062.3	16.8865
1065.14	10.8982
1067.97	12.9099
1070.81	8.92168
1073.64	18.9334
1076.47	10.9452
1079.31	-11.043
1082.14	-5.03124
1084.97	0.980548
1087.8	14.9923
1090.63	7.00414
1093.45	3.01595
1096.28	13.0278
1099.1	15.0396
1101.93	29.0514
1104.75	15.0632
1107.57	5.07508
1110.39	1.08693
1113.21	5.09877
1116.03	-0.889368
1118.85	13.1225
1121.66	19.1344
1124.48	-0.85377
1127.3	1.1581
1130.11	7.16999
1132.92	19.1819
1135.73	7.19375
1138.54	7.20564
1141.35	3.21754
1144.16	-0.770559
1146.97	3.24134
1149.78	-6.74675
1152.58	-0.734851
1155.39	7.27706
1158.19	13.289
1161	5.30089
1163.8	1.31281
1166.6	15.3247
1169.4	-2.66334
1172.2	15.3486
1174.99	-0.639493
1177.79	-0.627569
1180.59	17.3844
1183.38	1.39628
1186.17	5.40822
1188.97	7.42015
1191.76	25.4321
1194.55	3.44401
1197.34	5.45595
1200.13	1.46788
1202.92	15.4798
1205.7	3.49174
1208.49	9.50367
1211.27	21.5156
1214.06	19.5275
1216.84	11.5395
1219.62	17.5514
1222.4	-0.436678
1225.18	-4.42476
1227.96	17.5872
1230.74	3.59909
1233.51	3.61101
1236.29	1.62293
1239.06	11.6348
1241.84	1.64676
1244.61	-6.34133
1247.38	9.67058
1250.15	11.6825
1252.92	-6.30562
1255.69	11.7063
1258.46	9.71818
1261.23	5.73007
1263.99	3.74196
1266.76	15.7538
1269.52	15.7657
1272.28	5.7776
1275.05	-0.210527
1277.81	-8.19866
1280.57	9.8132
1283.33	-2.17494
1286.08	7.83691
1288.84	7.84876
1291.6	-4.1394
1294.35	11.8724
1297.11	3.88427
1299.86	5.89609
1302.61	-0.0920834
1305.36	13.9197
1308.11	5.93154
1310.86	-0.0566658
1313.61	11.9551
1316.36	5.96692
1319.1	7.9787
1321.85	-0.00953048
1324.59	6.00224
1327.33	16.014
1330.08	18.0257
1332.82	16.0375
1335.56	6.04923
1338.3	8.06096
1341.04	2.07267
1343.77	2.08439
1346.51	6.09609
1349.25	12.1078
1351.98	14.1195
1354.71	2.13115
1357.45	18.1428
1360.18	2.15447
1362.91	6.16613
1365.64	12.1778
1368.37	18.1894
1371.09	14.201
1373.82	6.21263
1376.54	22.2242
1379.27	16.2358
1381.99	20.2474
1384.72	6.25898
1387.44	14.2705
1390.16	-1.71791
1392.88	2.29362
1395.6	14.3052
1398.31	2.31667
1401.03	14.3282
1403.75	4.33966
1406.46	24.3511
1409.18	6.36262
1411.89	20.3741
1414.6	-11.6145
1417.31	22.3969
1420.02	16.4084
1422.73	14.4198
1425.44	8.43118
1428.15	22.4426
1430.85	14.4539
1433.56	2.46529
1436.26	0.476638
1438.97	4.48797
1441.67	14.4993
1444.37	8.51058
1447.07	6.52187
1449.77	14.5331
1452.47	12.5444
1455.16	14.5557
1457.86	-7.4331
1460.56	10.5781
1463.25	18.5893
1465.94	-1.39949
1468.64	10.6117
1471.33	10.6228
1474.02	0.633995
1476.71	-1.35488
1479.4	0.656243
1482.09	12.6673
1484.77	24.6784
1487.46	18.6895
1490.14	4.70054
1492.83	22.7116
1495.51	10.7226
1498.19	16.7336
1500.87	8.74458
1503.55	6.75556
1506.23	0.766514
1508.91	6.77745
1511.59	14.7884
1514.27	16.7993
1516.94	4.81015
1519.62	10.821
1522.29	-3.16812
1524.96	8.84271
1527.63	22.8535
1530.3	2.86432
1532.97	0.875102
1535.64	20.8859
1538.31	8.89661
1540.98	12.9073
1543.64	4.91804
1546.31	4.92872
1548.97	8.93939
1551.63	8.95004
1554.3	6.96068
1556.96	16.9713
1559.62	12.9819
1562.28	22.9924
1564.94	1.003
1567.59	13.0135
1570.25	9.02405
1572.9	9.03455
1575.56	17.045
1578.21	17.0555
1580.86	17.0659
1583.52	11.0763
1586.17	9.08671
1588.82	11.0971
1591.47	7.10744
1594.11	1.11777
1596.76	-2.87193
1599.41	3.13836
1602.05	11.1486
1604.69	7.15887
1607.34	11.1691
1609.98	15.1793
1612.62	9.18949
1615.26	7.19965
1617.9	1.20978
1620.54	11.2199
1623.18	5.22999
1625.81	17.2401
1628.45	21.2501
1631.08	17.2601
1633.72	3.27013
1636.35	25.2801
1638.98	11.2901
1641.61	-2.7
1644.24	13.3099
1646.87	5.3198
1649.5	9.32967
1652.13	9.3395
1654.75	21.3493
1657.38	5.35911
1660	9.36889
1662.63	19.3786
1665.25	-0.611646
1667.87	5.39805
1670.49	5.40772
1673.11	5.41737
1675.73	13.427
1678.35	9.43659
1680.96	-4.55383
1683.58	19.4557
1686.19	13.4652
1688.81	1.47474
1691.42	19.4842
1694.03	11.4937
1696.64	1.50309
1699.25	11.5125
1701.87	11.5219
1704.47	7.5312
1707.08	11.5405
1709.69	9.54982
1712.29	-8.44091
1714.9	11.5683
1717.5	3.57754
1720.1	19.5867
1722.71	13.5959
1725.31	11.605
1727.91	25.6141
1730.51	15.6232
1733.1	9.63228
1735.7	1.64131
1738.3	7.65031
1740.89	-0.340717
1743.49	11.6682
1746.08	5.67715
1748.67	23.686
1751.26	7.6949
1753.86	9.70374
1756.45	21.7125
1759.03	-2.27867
1761.62	27.7301
1764.21	19.7388
1766.8	7.7475
1769.38	-2.24384
1771.97	23.7648
1774.55	19.7734
1777.13	5.782
1779.71	9.79055
1782.29	9.79907
1784.87	-0.192438
1787.45	15.816
1790.03	15.8245
1792.61	17.8329
1795.18	9.84124
1797.76	15.8496
1800.33	9.85791
1802.9	15.8662
1805.48	7.87445
1808.05	25.8827
1810.62	11.8909
1813.19	-2.10095
1815.76	11.9072
1818.33	13.9153
1820.89	-2.07663
1823.46	5.93142
1826.02	21.9394
1828.59	11.9474
1831.15	5.95537
1833.71	25.9633
1836.27	17.9712
1838.84	11.979
1841.39	7.98688
1843.95	31.9947
1846.51	16.0024
1849.07	10.0102
1851.62	22.0179
1854.18	28.0256
1856.73	22.0332
1859.29	14.0408
1861.84	26.0484
1864.39	18.0559
1866.94	8.06343
1869.49	4.07091
1872.04	-5.92164
1874.59	24.0858
1877.13	16.0932
1879.68	16.1005
1882.22	12.1078
1884.77	16.1151
1887.31	30.1223
1889.85	14.1296
1892.39	-1.86325
1894.93	14.1439
1897.47	22.151
1900.01	22.1581
1902.55	16.1652
1905.09	6.17217
1907.62	28.1792
1910.16	32.1861
1912.69	-3.80698
1915.22	10.1999
1917.76	14.2067
1920.29	-1.78643
1922.82	2.22034
1925.35	16.2271
1927.88	18.2338
1930.4	8.24048
1932.93	34.2471
1935.46	24.2537
1937.98	18.2603
1940.51	30.2668
1943.03	12.2733
1945.55	4.27981
1948.07	6.28624
1950.59	6.29263
1953.11	0.299
1955.63	4.30533
1958.15	-5.68838
1960.67	10.3179
1963.18	20.3241
1965.7	6.33028
1968.21	22.3364
1970.73	16.3425
1973.24	10.3486
1975.75	8.35465
1978.26	-3.63934
1980.77	2.36663
1983.28	12.3726
1985.79	20.3785
1988.29	12.3843
1990.8	6.39014
1993.31	20.3959
1995.81	12.4017
1998.31	4.40739
