100.093	3.97892
103.274	6.004
106.457	22.0292
109.636	20.0546
112.817	16.0801
115.994	-1.89431
119.172	4.13145
122.347	2.15732
125.521	26.1833
128.696	16.2095
131.868	6.2357
135.039	-1.73792
138.209	6.28857
141.379	14.3152
144.547	0.341952
147.713	-3.63119
150.879	22.3958
154.043	14.4229
157.206	6.45011
160.368	0.477441
163.529	24.5049
166.689	4.53245
169.848	6.56012
173.006	2.58791
176.163	12.6158
179.316	-1.3562
182.471	6.67192
185.625	14.7001
188.777	2.72848
191.927	6.7569
195.077	2.78544
198.224	6.81407
201.372	4.84282
204.52	8.87167
207.664	8.90061
210.809	-3.07033
213.95	8.9588
217.091	12.988
220.233	3.01738
223.372	11.0468
226.509	7.07633
229.648	5.10597
232.784	19.1357
235.918	21.1655
239.051	1.19537
242.186	7.22537
245.317	3.25544
248.447	7.2856
251.577	-0.684149
254.705	-0.653814
257.832	7.37661
260.958	11.4071
264.083	21.4377
267.204	5.46835
270.327	13.4991
273.449	5.52993
276.57	9.56085
279.69	5.59184
282.806	7.62289
285.924	-4.34597
289.04	1.68525
292.154	21.7165
295.268	9.7479
298.379	9.77933
301.492	3.81084
304.601	9.84241
307.711	-0.125931
310.818	1.90578
313.924	3.93755
317.031	11.9694
320.135	8.00132
323.238	18.0333
326.34	-5.93466
329.443	12.0975
332.543	10.1296
335.642	4.16186
338.74	8.19415
341.836	10.2265
344.932	8.25891
348.027	6.29138
351.12	20.3239
354.213	-1.64351
357.302	6.3891
360.393	6.42179
363.482	4.45454
366.57	4.48734
369.656	8.52017
372.742	6.55307
375.827	0.586026
378.91	10.619
381.993	-9.34794
385.073	6.68513
388.154	4.71828
391.232	4.75145
394.311	-1.21531
397.387	-9.18206
400.462	10.8512
403.536	2.88459
406.611	-1.082
409.683	14.9514
412.754	-1.01511
415.824	7.01839
418.893	5.05194
421.961	15.0855
425.027	3.11913
428.093	5.15279
431.158	7.18647
434.222	-4.77981
437.284	13.2539
440.346	-6.71227
443.407	17.3215
446.464	-0.644629
449.523	3.38925
452.581	15.4232
455.635	5.45706
458.691	1.49102
461.743	9.52498
464.797	-4.441
467.847	-8.40699
470.899	3.62707
473.947	-8.33887
476.994	3.69521
480.043	3.72933
483.088	1.76345
486.133	9.7976
489.176	15.8318
492.22	3.86596
495.262	9.90015
498.302	9.93436
501.341	5.96859
504.38	18.0028
507.417	12.0371
510.453	6.07135
513.487	0.105609
516.521	12.1399
519.554	-1.8258
522.586	8.20851
525.616	4.24281
528.646	-1.72286
531.675	-3.68853
534.701	6.34579
537.729	16.3801
540.753	-1.58553
543.778	12.4488
546.8	2.48316
549.821	8.5175
552.844	0.551864
555.863	-7.41379
558.881	0.620548
561.898	-3.34511
564.916	4.68925
567.932	4.72359
570.946	-3.24208
573.959	4.79225
576.971	-3.17342
579.982	18.8609
582.993	2.89522
586	8.9295
589.008	-3.0362
592.015	14.9981
595.022	7.03237
598.025	15.0666
601.029	5.10089
604.032	1.13514
607.033	-0.830648
610.034	5.20358
613.032	5.23777
616.032	3.27196
619.028	-0.693879
622.023	3.34026
625.018	13.3744
628.013	5.40852
631.005	-0.557389
633.997	13.4767
636.987	1.51073
639.977	15.5448
642.965	5.57877
645.952	1.61276
648.939	-0.353273
651.924	-4.31933
654.909	9.71459
657.892	1.74848
660.873	5.78232
663.854	11.8162
666.835	25.85
669.813	7.88374
672.791	3.9175
675.767	7.9512
678.743	1.9849
681.717	-1.98145
684.692	-1.94782
687.664	4.08576
690.634	2.11931
693.606	4.15285
696.575	16.1863
699.543	16.2198
702.51	-7.74682
705.475	16.2866
708.44	10.3199
711.404	0.35319
714.367	4.38645
717.329	8.41967
720.29	18.4529
723.25	4.48599
726.207	0.519069
729.166	16.5521
732.123	8.58514
735.077	10.6181
738.032	10.651
740.984	2.68387
743.938	6.71671
746.888	16.7495
749.839	8.78222
752.788	10.8149
755.735	18.8475
758.682	10.8801
761.627	16.9126
764.574	8.94512
767.517	8.97755
770.46	3.00993
773.402	21.0422
776.342	7.07452
779.282	19.1067
782.219	17.1389
785.157	3.17098
788.094	13.203
791.029	21.235
793.962	1.26694
796.896	19.2988
799.828	3.33062
802.76	9.36238
805.689	11.3941
808.619	1.42571
811.546	15.4573
814.473	1.48877
817.4	21.5202
820.324	21.5516
823.248	17.5829
826.17	7.61416
829.092	3.64535
832.012	19.6765
834.932	3.70751
837.851	15.7385
840.768	19.7694
843.685	11.8003
846.599	11.831
849.514	21.8617
852.428	-2.10762
855.339	11.9229
858.251	5.95342
861.16	7.98383
864.07	14.0142
866.978	14.0444
869.884	26.0746
872.792	16.1048
875.696	4.13481
878.599	10.1648
881.502	10.1947
884.404	4.22447
887.304	20.2542
890.204	-3.71614
893.103	14.3134
896.001	12.3429
898.898	20.3724
901.794	8.4017
904.689	16.431
907.581	12.4601
910.474	0.489201
913.364	20.5182
916.256	6.54712
919.144	6.57594
922.034	14.6047
924.92	26.6334
927.808	-1.33806
930.693	4.69042
933.576	14.7188
936.459	10.7471
939.341	2.77534
942.222	-1.19653
945.102	0.83151
947.981	10.8595
950.859	2.88732
953.737	4.91509
956.613	10.9428
959.488	6.97035
962.361	24.9978
965.235	13.0252
968.105	11.0525
970.977	7.07971
973.846	7.10681
976.716	-6.86617
979.583	7.16073
982.449	19.1875
985.316	9.21427
988.18	15.2409
991.043	11.2674
993.906	19.2938
996.767	19.3201
999.628	11.3463
1002.49	11.3724
1005.35	7.39845
1008.2	7.42436
1011.06	7.45015
1013.91	11.4759
1016.77	29.5015
1019.62	11.5269
1022.48	17.5523
1025.33	13.5776
1028.18	9.60277
1031.03	-0.372171
1033.87	9.65278
1036.72	7.67764
1039.57	13.7024
1042.41	17.727
1045.26	7.75151
1048.1	7.77592
1050.94	9.80021
1053.78	13.8244
1056.62	7.84847
1059.46	5.87243
1062.3	23.8963
1065.14	9.92
1067.97	5.94362
1070.81	3.96712
1073.64	13.9905
1076.47	4.01378
1079.31	12.0369
1082.14	14.06
1084.97	6.0829
1087.8	12.1057
1090.63	2.12838
1093.45	2.15094
1096.28	28.1734
1099.1	14.1957
1101.93	10.2179
1104.75	2.24
1107.57	6.26196
1110.39	2.28381
1113.21	4.30551
1116.03	12.3271
1118.85	8.34858
1121.66	12.3699
1124.48	12.3911
1127.3	16.4122
1130.11	8.43322
1132.92	8.45406
1135.73	-5.52523
1138.54	8.49536
1141.35	14.5158
1144.16	14.5362
1146.97	2.55637
1149.78	14.5764
1152.58	6.59638
1155.39	8.6162
1158.19	14.6359
1161	6.65544
1163.8	10.6749
1166.6	14.6942
1169.4	2.71332
1172.2	0.732333
1174.99	0.751232
1177.79	6.76998
1180.59	16.7886
1183.38	6.80709
1186.17	6.82545
1188.97	2.84366
1191.76	8.86174
1194.55	22.8797
1197.34	0.897493
1200.13	-13.0848
1202.92	10.9327
1205.7	4.95007
1208.49	4.96733
1211.27	-7.01556
1214.06	17.0014
1216.84	5.01825
1219.62	11.0349
1222.4	7.05148
1225.18	-0.932114
1227.96	1.08415
1230.74	5.10028
1233.51	21.1163
1236.29	7.13208
1239.06	19.1478
1241.84	-0.836683
1244.61	7.17872
1247.38	23.194
1250.15	15.2091
1252.92	11.224
1255.69	5.23885
1258.46	7.25351
1261.23	3.26803
1263.99	17.2824
1266.76	33.2966
1269.52	7.31069
1272.28	-2.67539
1275.05	7.33839
1277.81	5.35201
1280.57	-4.63452
1283.33	11.3788
1286.08	11.392
1288.84	11.405
1291.6	19.4178
1294.35	11.4306
1297.11	5.4431
1299.86	17.4555
1302.61	1.46776
1305.36	9.47985
1308.11	13.4918
1310.86	5.50356
1313.61	13.5152
1316.36	3.52666
1319.1	17.538
1321.85	19.5491
1324.59	5.56012
1327.33	7.57095
1330.08	1.58163
1332.82	11.5922
1335.56	15.6025
1338.3	1.61271
1341.04	11.6227
1343.77	7.63263
1346.51	15.6423
1349.25	7.6519
1351.98	-2.3387
1354.71	7.67053
1357.45	9.6796
1360.18	13.6885
1362.91	9.69725
1365.64	1.70583
1368.37	13.7142
1371.09	23.7225
1373.82	7.73057
1376.54	17.7385
1379.27	11.7462
1381.99	-6.24617
1384.72	3.76125
1387.44	11.7685
1390.16	17.7756
1392.88	5.7825
1395.6	3.78925
1398.31	15.7958
1401.03	9.80223
1403.75	11.8085
1406.46	23.8145
1409.18	11.8204
1411.89	9.82618
1414.6	7.83173
1417.31	25.8371
1420.02	-8.15767
1422.73	15.8474
1425.44	9.85225
1428.15	-4.14306
1430.85	5.86147
1433.56	13.8658
1436.26	13.87
1438.97	1.874
1441.67	1.87782
1444.37	9.88147
1447.07	19.8849
1449.77	11.8882
1452.47	33.8914
1455.16	19.8943
1457.86	11.8971
1460.56	27.8997
1463.25	1.9021
1465.94	21.9043
1468.64	13.9064
1471.33	15.9083
1474.02	9.90997
1476.71	5.91149
1479.4	7.91283
1482.09	21.914
1484.77	3.91497
1487.46	9.91576
1490.14	15.9164
1492.83	17.9168
1495.51	-6.08293
1498.19	7.91714
1500.87	15.917
1503.55	23.9167
1506.23	11.9163
1508.91	11.9156
1511.59	11.9147
1514.27	19.9137
1516.94	29.9125
1519.62	17.9111
1522.29	15.9095
1524.96	-0.0922716
1527.63	11.9058
1530.3	21.9036
1532.97	27.9013
1535.64	11.8988
1538.31	9.89606
1540.98	15.8932
1543.64	1.89008
1546.31	7.88681
1548.97	5.88334
1551.63	11.8797
1554.3	17.8759
1556.96	27.8718
1559.62	15.8676
1562.28	-2.13681
1564.94	23.8586
1567.59	9.85379
1570.25	9.84881
1572.9	3.84363
1575.56	13.8383
1578.21	19.8327
1580.86	1.82694
1583.52	19.821
1586.17	17.8149
1588.82	5.80852
1591.47	11.802
1594.11	15.7953
1596.76	17.7883
1599.41	-6.21877
1602.05	15.7739
1604.69	13.7664
1607.34	-0.241282
1609.98	11.7508
1612.62	13.7427
1615.26	-2.26557
1617.9	-2.27405
1620.54	25.7173
1623.18	15.7084
1625.81	5.69929
1628.45	13.69
1631.08	21.6805
1633.72	15.6709
1636.35	11.661
1638.98	9.65091
1641.61	17.6406
1644.24	-8.36985
1646.87	5.61947
1649.5	11.6086
1652.13	19.5975
1654.75	-4.41377
1657.38	-0.425251
1660	19.5631
1662.63	23.5512
1665.25	13.5391
1667.87	33.5268
1670.49	15.5143
1673.11	9.50159
1675.73	17.4887
1678.35	15.4756
1680.96	1.46226
1683.58	13.4488
1686.19	-0.564972
1688.81	25.4211
1691.42	7.40697
1694.03	7.39263
1696.64	5.37808
1699.25	15.3633
1701.87	11.3484
1704.47	17.3332
1707.08	17.3178
1709.69	-6.69774
1712.29	9.28647
1714.9	5.27047
1717.5	-0.745721
1720.1	5.23786
1722.71	21.2212
1725.31	-0.795585
1727.91	15.1874
1730.51	13.1701
1733.1	9.15267
1735.7	5.13499
1738.3	1.11712
1740.89	3.09903
1743.49	9.08073
1746.08	3.06221
1748.67	15.0435
1751.26	17.0246
1753.86	27.0054
1756.45	-1.01395
1759.03	24.9665
1761.62	10.9467
1764.21	2.9267
1766.8	8.90649
1769.38	10.8861
1771.97	14.8654
1774.55	8.84457
1777.13	12.8235
1779.71	22.8022
1782.29	8.78073
1784.87	14.759
1787.45	14.7371
1790.03	0.714951
1792.61	10.6926
1795.18	16.67
1797.76	12.6472
1800.33	16.6242
1802.9	22.601
1805.48	14.5776
1808.05	18.5539
1810.62	22.53
1813.19	4.50592
1815.76	2.48161
1818.33	0.457074
1820.89	10.4323
1823.46	16.4074
1826.02	22.3822
1828.59	4.35677
1831.15	18.3311
1833.71	8.30529
1836.27	12.2792
1838.84	4.25295
1841.39	16.2264
1843.95	16.1997
1846.51	6.17276
1849.07	16.1456
1851.62	30.1182
1854.18	16.0906
1856.73	16.0628
1859.29	16.0347
1861.84	24.0064
1864.39	-0.0220542
1866.94	9.94921
1869.49	1.92027
1872.04	15.8911
1874.59	11.8617
1877.13	23.8321
1879.68	3.80227
1882.22	3.7722
1884.77	9.7419
1887.31	-0.288595
1889.85	3.68066
1892.39	19.6497
1894.93	9.61853
1897.47	17.5871
1900.01	21.5555
1902.55	1.5236
1905.09	-0.508487
1907.62	5.4592
1910.16	11.4267
1912.69	9.3939
1915.22	19.3609
1917.76	9.32769
1920.29	11.2942
1922.82	7.26056
1925.35	21.2266
1927.88	13.1925
1930.4	3.15816
1932.93	21.1236
1935.46	7.08876
1937.98	19.0537
1940.51	21.0184
1943.03	16.9829
1945.55	-9.0528
1948.07	-1.08877
1950.59	18.8751
1953.11	18.8386
1955.63	10.802
1958.15	6.7651
1960.67	6.72799
1963.18	10.6906
1965.7	14.6531
1968.21	12.6153
1970.73	8.57723
1973.24	12.539
1975.75	10.5005
1978.26	-1.53827
1980.77	14.4228
1983.28	10.3836
1985.79	22.3442
1988.29	8.3045
1990.8	12.2646
1993.31	16.2245
1995.81	14.1841
1998.31	10.1435
