100.093	5.93518
103.274	24.0697
106.457	24.2034
109.636	12.3362
112.817	2.46823
115.994	4.59936
119.172	22.7298
122.347	22.8592
125.521	4.98789
128.696	21.1158
131.868	19.2428
135.039	15.3691
138.209	17.4945
141.379	11.6191
144.547	5.74292
147.713	21.8659
150.879	11.9881
154.043	4.1095
157.206	2.2301
160.368	4.34991
163.529	0.46894
166.689	2.58718
169.848	22.7046
173.006	4.82132
176.163	2.93723
179.316	17.0523
182.471	3.16665
185.625	7.28025
188.777	13.3931
191.927	1.50508
195.077	13.6164
198.224	9.72687
201.372	5.83668
204.52	23.9457
207.664	6.05396
210.809	6.16152
213.95	-5.73173
217.091	-13.6257
220.233	0.479628
223.372	10.5842
226.509	12.688
229.648	10.7911
232.784	20.8935
235.918	2.99513
239.051	-2.90395
242.186	7.19631
245.317	17.2958
248.447	-2.60542
251.577	3.49265
254.705	13.59
257.832	9.68667
260.958	-2.21737
264.083	5.87789
267.204	13.9724
270.327	6.06627
273.449	20.1595
276.57	10.252
279.69	16.3438
282.806	4.43484
285.924	6.5253
289.04	12.6151
292.154	24.7041
295.268	14.7926
298.379	0.880264
301.492	-1.03264
304.601	3.05375
307.711	5.13952
310.818	7.22459
313.924	5.309
317.031	21.3928
320.135	11.4759
323.238	9.55838
326.34	-6.3598
329.443	5.72143
332.543	3.80197
335.642	-10.1181
338.74	9.96114
341.836	4.03978
344.932	18.1178
348.027	18.1952
351.12	28.2719
354.213	12.3481
357.302	-13.5765
360.393	0.498443
363.482	16.5727
366.57	12.6464
369.656	10.7194
372.742	12.7919
375.827	12.8638
378.91	8.93499
381.993	25.0057
385.073	11.0757
388.154	15.1452
391.232	21.214
394.311	9.2823
397.387	11.35
400.462	3.41706
403.536	21.4836
406.611	15.5495
409.683	5.61489
412.754	7.67968
415.824	11.7439
418.893	9.80753
421.961	-4.12939
425.027	11.9331
428.093	13.9951
431.158	14.0565
434.222	-7.88267
437.284	4.17762
440.346	2.23736
443.407	-5.70345
446.464	18.3552
449.523	8.41326
452.581	2.47082
455.635	-1.47219
458.691	4.5843
461.743	24.6402
464.797	4.69564
467.847	10.7505
470.899	-11.1951
473.947	6.85867
476.994	8.91196
480.043	18.9648
483.088	7.01701
486.133	11.0688
489.176	17.12
492.22	9.17073
495.262	-6.77906
498.302	11.2706
501.341	3.31984
504.38	17.3685
507.417	13.4167
510.453	5.46446
513.487	19.5116
516.521	-2.44163
519.554	25.6046
522.586	3.65035
525.616	13.6956
528.646	-0.259625
531.675	1.78468
534.701	5.82848
537.729	13.8718
540.753	13.9147
543.778	7.9571
546.8	11.999
549.821	12.0405
552.844	4.08149
555.863	-3.87799
558.881	14.1621
561.898	6.2017
564.916	22.2409
567.932	20.2796
570.946	8.31785
573.959	6.35566
576.971	12.393
579.982	4.42995
582.993	8.46644
586	10.5025
589.008	14.5381
592.015	6.57324
595.022	2.60799
598.025	4.64228
601.029	16.6762
604.032	0.709631
607.033	12.7427
610.034	16.7753
613.032	0.80745
616.032	0.839235
619.028	0.870586
622.023	8.90153
625.018	10.9321
628.013	-3.0378
631.005	6.99192
633.997	-0.97877
636.987	9.05014
639.977	9.07866
642.965	-2.89322
645.952	1.1345
648.939	5.16184
651.924	7.18878
654.909	11.2153
657.892	11.2415
660.873	13.2673
663.854	9.29268
666.835	17.3177
669.813	13.3423
672.791	7.3666
675.767	3.39049
678.743	19.414
681.717	7.43716
684.692	7.45995
687.664	3.48236
690.634	17.5044
693.606	-2.47388
696.575	9.54745
699.543	11.5684
702.51	13.589
705.475	-6.39068
708.44	15.6292
711.404	9.64881
714.367	21.668
717.329	7.68692
720.29	3.70546
723.25	19.7237
726.207	5.74151
729.166	17.759
732.123	13.7762
735.077	11.7931
738.032	9.80962
740.984	1.82581
743.938	21.8417
746.888	5.85724
749.839	19.8725
752.788	17.8874
755.735	21.902
758.682	7.91624
761.627	15.9302
764.574	11.9439
767.517	9.95719
770.46	3.97022
773.402	9.98295
776.342	7.99537
779.282	16.0075
782.219	20.0193
785.157	2.03083
788.094	18.0421
791.029	24.053
793.962	18.0636
796.896	28.074
799.828	14.084
802.76	20.0938
805.689	10.1033
808.619	22.1125
811.546	8.12144
814.473	14.1301
817.4	6.13847
820.324	18.1466
823.248	12.1544
826.17	14.162
829.092	8.16924
832.012	16.1763
834.932	12.183
837.851	10.1895
840.768	4.19574
843.685	8.20172
846.599	20.2074
849.514	10.2129
852.428	12.2181
855.339	-3.77695
858.251	18.2278
861.16	10.2322
864.07	18.2364
866.978	12.2404
869.884	4.24412
872.792	26.2476
875.696	10.2509
878.599	2.25386
881.502	24.2566
884.404	4.25918
887.304	10.2615
890.204	8.26357
893.103	2.26543
896.001	0.267059
898.898	4.26846
901.794	14.2696
904.689	-3.72939
907.581	16.2714
910.474	14.2719
913.364	10.2722
916.256	10.2723
919.144	14.2722
922.034	10.2719
924.92	4.27134
927.808	10.2706
930.693	2.26968
933.576	12.2685
936.459	20.2672
939.341	8.26566
942.222	6.26393
945.102	6.262
947.981	14.2599
950.859	18.2576
953.737	-3.74493
956.613	6.25237
959.488	16.2495
962.361	8.24644
965.235	4.24319
968.105	2.23977
970.977	18.2362
973.846	16.2324
976.716	12.2284
979.583	16.2243
982.449	2.22
985.316	18.2155
988.18	16.2109
991.043	4.20607
993.906	12.2011
996.767	10.196
999.628	16.1907
1002.49	0.185203
1005.35	12.1796
1008.2	12.1738
1011.06	12.1679
1013.91	22.1618
1016.77	2.15556
1019.62	6.14918
1022.48	8.14264
1025.33	22.136
1028.18	0.129137
1031.03	12.1222
1033.87	16.1151
1036.72	18.1078
1039.57	8.10042
1042.41	16.0929
1045.26	22.0852
1048.1	18.0774
1050.94	32.0695
1053.78	18.0615
1056.62	28.0533
1059.46	10.045
1062.3	2.03653
1065.14	14.028
1067.97	12.0193
1070.81	10.0105
1073.64	2.00157
1076.47	15.9925
1079.31	13.9834
1082.14	31.9741
1084.97	-6.03527
1087.8	11.9552
1090.63	3.94565
1093.45	1.93594
1096.28	15.9261
1099.1	11.9162
1101.93	19.9062
1104.75	17.8961
1107.57	13.8859
1110.39	5.87554
1113.21	1.86513
1116.03	21.8546
1118.85	5.84402
1121.66	11.8333
1124.48	17.8225
1127.3	15.8117
1130.11	17.8007
1132.92	11.7897
1135.73	15.7785
1138.54	15.7673
1141.35	1.75605
1144.16	9.74467
1146.97	7.73322
1149.78	17.7217
1152.58	-6.28989
1155.39	15.6984
1158.19	23.6867
1161	1.67487
1163.8	21.663
1166.6	17.651
1169.4	5.63903
1172.2	-2.37305
1174.99	-8.38519
1177.79	3.60261
1180.59	5.59035
1183.38	5.57803
1186.17	25.5657
1188.97	1.55322
1191.76	-0.459264
1194.55	11.5282
1197.34	11.5156
1200.13	3.50297
1202.92	19.4903
1205.7	15.4776
1208.49	13.4648
1211.27	7.45197
1214.06	27.4391
1216.84	13.4262
1219.62	5.41327
1222.4	3.40029
1225.18	7.38728
1227.96	-4.62576
1230.74	1.36115
1233.51	5.34804
1236.29	7.3349
1239.06	15.3217
1241.84	-0.691472
1244.61	7.2953
1247.38	9.28205
1250.15	5.26879
1252.92	7.25549
1255.69	13.2422
1258.46	1.22885
1261.23	21.2155
1263.99	11.2021
1266.76	17.1887
1269.52	19.1754
1272.28	19.162
1275.05	11.1485
1277.81	19.1351
1280.57	7.12168
1283.33	11.1082
1286.08	1.09479
1288.84	15.0813
1291.6	15.0679
1294.35	-0.94556
1297.11	17.041
1299.86	13.0275
1302.61	1.0141
1305.36	13.0007
1308.11	-1.01277
1310.86	12.9738
1313.61	24.9604
1316.36	8.94697
1319.1	0.933581
1321.85	-5.0798
1324.59	10.9068
1327.33	2.89348
1330.08	6.88014
1332.82	14.8668
1335.56	6.85352
1338.3	4.84024
1341.04	-9.17301
1343.77	26.8138
1346.51	22.8006
1349.25	14.7874
1351.98	0.774216
1354.71	6.76109
1357.45	-3.25201
1360.18	8.73493
1362.91	14.7219
1365.64	6.70889
1368.37	8.69593
1371.09	0.683007
1373.82	6.67012
1376.54	-1.34272
1379.27	8.64447
1381.99	-7.3683
1384.72	8.61897
1387.44	-3.3937
1390.16	4.59366
1392.88	-3.41893
1395.6	-5.43147
1398.31	12.556
1401.03	-1.4564
1403.75	18.5312
1406.46	14.5189
1409.18	0.506594
1411.89	14.4944
1414.6	4.4822
1417.31	16.4701
1420.02	14.458
1422.73	4.44605
1425.44	18.4341
1428.15	12.4223
1430.85	2.41045
1433.56	6.39872
1436.26	8.38705
1438.97	8.37545
1441.67	-5.63608
1444.37	-1.64754
1447.07	14.3411
1449.77	6.32975
1452.47	12.3185
1455.16	4.30734
1457.86	16.2962
1460.56	6.28523
1463.25	8.2743
1465.94	14.2634
1468.64	16.2527
1471.33	2.24198
1474.02	10.2314
1476.71	0.220847
1479.4	6.21041
1482.09	4.20006
1484.77	18.1898
1487.46	2.17962
1490.14	-1.83046
1492.83	2.15955
1495.51	18.1497
1498.19	-5.86015
1500.87	-3.86985
1503.55	-5.87947
1506.23	8.11102
1508.91	10.1016
1511.59	14.0923
1514.27	14.0831
1516.94	18.074
1519.62	4.06496
1522.29	8.05605
1524.96	-7.95274
1527.63	10.0386
1530.3	-1.97002
1532.97	16.0215
1535.64	6.01314
1538.31	12.0049
1540.98	9.99675
1543.64	7.98873
1546.31	7.98082
1548.97	15.973
1551.63	9.96534
1554.3	7.95778
1556.96	9.95034
1559.62	-0.0569841
1562.28	1.93582
1564.94	23.9287
1567.59	13.9218
1570.25	15.915
1572.9	15.9082
1575.56	7.90167
1578.21	13.8952
1580.86	1.8889
1583.52	-2.11729
1586.17	15.8767
1588.82	7.87072
1591.47	7.86493
1594.11	11.8593
1596.76	1.85375
1599.41	11.8484
1602.05	3.84311
1604.69	7.838
1607.34	3.83303
1609.98	3.8282
1612.62	5.82351
1615.26	9.81896
1617.9	-0.185438
1620.54	5.8103
1623.18	3.80619
1625.81	1.80223
1628.45	1.79841
1631.08	7.79475
1633.72	25.7912
1636.35	9.78787
1638.98	11.7847
1641.61	15.7816
1644.24	9.77869
1646.87	-0.224064
1649.5	19.7733
1652.13	3.77091
1654.75	7.76863
1657.38	21.7665
1660	5.76455
1662.63	7.76275
1665.25	11.7611
1667.87	3.75965
1670.49	27.7583
1673.11	11.7572
1675.73	17.7562
1678.35	7.75541
1680.96	7.75478
1683.58	1.75431
1686.19	1.75401
1688.81	-8.24612
1691.42	9.75392
1694.03	5.75414
1696.64	7.75453
1699.25	1.7551
1701.87	5.75584
1704.47	17.7568
1707.08	-0.242137
1709.69	5.75914
1712.29	15.7606
1714.9	3.76224
1717.5	9.76406
1720.1	21.7661
1722.71	9.76825
1725.31	21.7706
1727.91	-6.22681
1730.51	11.7759
1733.1	19.7789
1735.7	9.78199
1738.3	13.7853
1740.89	11.7888
1743.49	5.7925
1746.08	3.79638
1748.67	19.8005
1751.26	7.80474
1753.86	11.8092
1756.45	-6.18613
1759.03	11.8187
1761.62	7.8238
1764.21	7.82906
1766.8	9.83452
1769.38	-2.15983
1771.97	5.84604
1774.55	21.8521
1777.13	9.85837
1779.71	13.8648
1782.29	31.8715
1784.87	5.87841
1787.45	7.8855
1790.03	23.8928
1792.61	1.90031
1795.18	11.908
1797.76	5.91596
1800.33	7.92409
1802.9	17.9324
1805.48	9.94101
1808.05	11.9498
1810.62	3.95879
1813.19	13.968
1815.76	-0.0225697
1818.33	11.9871
1820.89	9.99695
1823.46	8.00703
1826.02	14.0173
1828.59	12.0279
1831.15	-1.9614
1833.71	6.04958
1836.27	10.0608
1838.84	-1.92781
1841.39	4.08384
1843.95	18.0957
1846.51	16.1078
1849.07	0.120128
1851.62	8.13269
1854.18	8.14547
1856.73	14.1585
1859.29	8.17174
1861.84	14.1852
1864.39	10.1989
1866.94	10.2129
1869.49	6.22706
1872.04	10.2415
1874.59	12.2561
1877.13	12.271
1879.68	14.2861
1882.22	12.3015
1884.77	2.31712
1887.31	24.333
1889.85	4.34905
1892.39	22.3654
1894.93	6.38195
1897.47	4.39878
1900.01	14.4158
1902.55	14.4331
1905.09	14.4507
1907.62	10.4685
1910.16	8.48654
1912.69	16.5048
1915.22	4.52339
1917.76	2.54218
1920.29	0.561231
1922.82	24.5805
1925.35	24.6001
1927.88	14.6199
1930.4	12.6399
1932.93	2.66025
1935.46	6.68082
1937.98	6.70165
1940.51	12.7227
1943.03	6.74408
1945.55	-5.23433
1948.07	24.7875
1950.59	32.8096
1953.11	26.832
1955.63	4.85467
1958.15	-5.12243
1960.67	-1.09927
1963.18	-3.07584
1965.7	22.9479
1968.21	14.9718
1970.73	-1.00395
1973.24	5.02055
1975.75	19.0453
1978.26	7.07034
1980.77	-2.90437
1983.28	29.1212
1985.79	25.1471
1988.29	15.1732
1990.8	13.1996
1993.31	5.22621
1995.81	13.2531
1998.31	15.2803
