100.093	13.8411
103.274	5.93901
106.457	10.0363
109.636	10.1329
112.817	12.2288
115.994	12.324
119.172	16.4185
122.347	2.51227
125.521	-1.39464
128.696	22.6978
131.868	16.7895
135.039	22.8806
138.209	6.97096
141.379	9.06071
144.547	15.1497
147.713	-0.761916
150.879	19.3258
154.043	-0.587212
157.206	5.49914
160.368	13.5848
163.529	-4.33012
166.689	1.75427
169.848	13.838
173.006	-0.0789131
176.163	-3.99648
179.316	2.08526
182.471	6.16641
185.625	16.2469
188.777	12.3268
191.927	4.40598
195.077	4.48458
198.224	16.5625
201.372	10.6399
204.52	14.7166
207.664	12.7926
210.809	8.8681
213.95	6.94292
217.091	15.0171
220.233	11.0907
223.372	7.16372
226.509	7.23608
229.648	19.3079
232.784	3.37905
235.918	1.4496
239.051	1.51956
242.186	11.589
245.317	-2.34227
248.447	3.72591
251.577	17.7935
254.705	17.8605
257.832	-0.0730861
260.958	5.99275
264.083	24.058
267.204	30.1226
270.327	16.1867
273.449	2.25027
276.57	12.3132
279.69	-13.6244
282.806	30.4374
285.924	4.49867
289.04	10.5594
292.154	-1.38052
295.268	12.6791
298.379	20.7381
301.492	12.7965
304.601	0.854432
307.711	8.91182
310.818	12.9686
313.924	-0.975122
317.031	9.08064
320.135	13.1358
323.238	21.1905
326.34	9.24458
329.443	9.29819
332.543	19.3512
335.642	7.40377
338.74	19.4558
341.836	25.5073
344.932	9.55822
348.027	11.6087
351.12	21.6586
354.213	1.708
357.302	15.7569
360.393	25.8053
363.482	7.85316
366.57	-2.09946
369.656	7.94739
372.742	9.99378
375.827	10.0397
378.91	16.085
381.993	6.12992
385.073	8.17429
388.154	10.2182
391.232	18.2616
394.311	8.30455
397.387	18.347
400.462	2.38894
403.536	14.4304
406.611	4.47144
409.683	20.512
412.754	8.55202
415.824	16.5916
418.893	6.63073
421.961	26.6694
425.027	14.7076
428.093	-1.25469
431.158	-3.21742
434.222	10.8194
437.284	6.85576
440.346	12.8917
443.407	0.927123
446.464	10.9621
449.523	6.99668
452.581	25.0308
455.635	7.06445
458.691	21.0977
461.743	17.1305
464.797	11.1628
467.847	9.19475
470.899	9.22625
473.947	1.2573
476.994	17.2879
480.043	11.3181
483.088	19.3479
486.133	-4.62272
489.176	21.4062
492.22	15.4348
495.262	13.4629
498.302	11.4906
501.341	33.5178
504.38	9.54471
507.417	1.57118
510.453	9.59724
513.487	17.6229
516.521	17.6481
519.554	5.673
522.586	11.6975
525.616	1.72152
528.646	17.7452
531.675	1.76848
534.701	23.7914
537.729	-0.186124
540.753	9.83599
543.778	9.85773
546.8	-2.12092
549.821	-0.0999481
552.844	-0.0793399
555.863	11.9409
558.881	9.96073
561.898	9.9802
564.916	13.9993
567.932	18.0181
570.946	-9.96356
573.959	14.0545
576.971	12.0721
579.982	-5.9106
582.993	4.10634
586	-1.87709
589.008	10.1391
592.015	0.155019
595.022	18.1705
598.025	10.1857
601.029	20.2006
604.032	18.215
607.033	-9.77081
610.034	-1.757
613.032	0.25646
616.032	-3.7304
619.028	6.28239
622.023	2.29485
625.018	6.30698
628.013	2.31879
631.005	12.3303
633.997	12.3414
636.987	8.35225
639.977	2.36276
642.965	-3.62705
645.952	10.3828
648.939	10.3924
651.924	0.401627
654.909	2.41056
657.892	22.4192
660.873	4.42749
663.854	6.4355
666.835	8.44321
669.813	0.450604
672.791	8.45771
675.767	10.4645
678.743	16.471
681.717	8.47722
684.692	4.48313
687.664	10.4888
690.634	16.4941
693.606	20.4991
696.575	12.5039
699.543	14.5084
702.51	2.51257
705.475	4.51648
708.44	16.5201
711.404	-5.47653
714.367	12.5265
717.329	12.5294
720.29	0.531893
723.25	30.5342
726.207	14.5362
729.166	6.53789
732.123	12.5394
735.077	12.5406
738.032	8.5415
740.984	-3.45782
743.938	12.5426
746.888	14.5428
749.839	20.5427
752.788	18.5424
755.735	12.5418
758.682	28.5409
761.627	8.53985
764.574	16.5385
767.517	30.5369
770.46	8.53513
773.402	2.53308
776.342	12.5308
779.282	16.5283
782.219	14.5255
785.157	12.5225
788.094	10.5193
791.029	14.5158
793.962	18.5121
796.896	12.5082
799.828	14.5041
802.76	28.4997
805.689	18.4951
808.619	0.490305
811.546	6.48528
814.473	16.48
817.4	-3.52541
820.324	24.4689
823.248	16.463
826.17	10.457
829.092	-1.54934
832.012	12.4442
834.932	2.43745
837.851	26.4305
840.768	24.4234
843.685	20.4161
846.599	14.4086
849.514	6.4009
852.428	8.39299
855.339	24.3849
858.251	20.3766
861.16	22.3681
864.07	20.3595
866.978	12.3506
869.884	10.3416
872.792	12.3324
875.696	16.323
878.599	6.31337
881.502	2.30361
884.404	4.29367
887.304	14.2836
890.204	20.2733
893.103	12.2628
896.001	12.2522
898.898	12.2414
901.794	22.2304
904.689	-7.78075
907.581	6.20795
910.474	8.19649
913.364	10.1849
916.256	10.1731
919.144	2.16114
922.034	16.149
924.92	18.1368
927.808	8.12436
930.693	6.1118
933.576	12.0991
936.459	22.0862
939.341	10.0732
942.222	30.0601
945.102	10.0468
947.981	8.03333
950.859	20.0197
953.737	8.00602
956.613	-6.00784
959.488	13.9782
962.361	9.96403
965.235	23.9498
968.105	-0.0646365
970.977	-2.07917
973.846	17.9062
976.716	11.8914
979.583	1.87647
982.449	15.8614
985.316	9.84626
988.18	5.83098
991.043	17.8156
993.906	17.8001
996.767	13.7844
999.628	7.76866
1002.49	15.7528
1005.35	1.73681
1008.2	9.72071
1011.06	3.70451
1013.91	21.6882
1016.77	5.67177
1019.62	13.6552
1022.48	1.63861
1025.33	15.6219
1028.18	15.605
1031.03	13.5881
1033.87	11.5711
1036.72	13.5539
1039.57	19.5367
1042.41	17.5194
1045.26	3.50199
1048.1	23.4845
1050.94	31.4669
1053.78	11.4492
1056.62	11.4314
1059.46	5.41358
1062.3	15.3956
1065.14	-6.62237
1067.97	5.35952
1070.81	21.3413
1073.64	17.3231
1076.47	-0.695258
1079.31	23.2863
1082.14	11.2678
1084.97	11.2493
1087.8	13.2306
1090.63	35.2119
1093.45	23.1932
1096.28	9.17432
1099.1	27.1554
1101.93	-2.86356
1104.75	15.1174
1107.57	21.0983
1110.39	9.07914
1113.21	3.05993
1116.03	7.04065
1118.85	27.0213
1121.66	1.00193
1124.48	0.982485
1127.3	12.963
1130.11	24.9434
1132.92	10.9239
1135.73	8.90421
1138.54	8.88452
1141.35	4.86479
1144.16	4.84499
1146.97	8.82517
1149.78	12.8053
1152.58	8.7854
1155.39	4.76545
1158.19	20.7455
1161	16.7254
1163.8	2.70539
1166.6	6.6853
1169.4	0.665164
1172.2	14.645
1174.99	2.62482
1177.79	4.60461
1180.59	6.58437
1183.38	-1.43589
1186.17	18.5438
1188.97	14.5235
1191.76	2.50315
1194.55	6.48279
1197.34	14.4624
1200.13	16.442
1202.92	14.4216
1205.7	8.40116
1208.49	10.3807
1211.27	4.36024
1214.06	-9.66023
1216.84	14.3193
1219.62	-1.70121
1222.4	6.27828
1225.18	10.2578
1227.96	4.23726
1230.74	14.2167
1233.51	-7.8038
1236.29	38.1757
1239.06	14.1551
1241.84	-3.86538
1244.61	16.1141
1247.38	10.0936
1250.15	10.073
1252.92	10.0525
1255.69	8.03201
1258.46	8.01152
1261.23	3.99102
1263.99	-2.02946
1266.76	25.9501
1269.52	11.9296
1272.28	-6.09084
1275.05	17.8887
1277.81	1.8683
1280.57	11.8479
1283.33	3.82752
1286.08	7.80715
1288.84	9.78681
1291.6	7.76649
1294.35	9.74619
1297.11	15.7259
1299.86	11.7057
1302.61	5.68545
1305.36	9.66526
1308.11	3.64509
1310.86	13.625
1313.61	3.60486
1316.36	-2.41522
1319.1	17.5647
1321.85	5.54474
1324.59	9.52478
1327.33	7.50485
1330.08	5.48495
1332.82	5.4651
1335.56	21.4453
1338.3	9.42551
1341.04	3.40579
1343.77	11.3861
1346.51	9.36647
1349.25	19.3469
1351.98	3.32733
1354.71	1.30783
1357.45	1.28838
1360.18	21.269
1362.91	15.2496
1365.64	3.23034
1368.37	11.2111
1371.09	9.19192
1373.82	5.17279
1376.54	9.15373
1379.27	11.1347
1381.99	5.11576
1384.72	-12.9031
1387.44	13.078
1390.16	9.05926
1392.88	1.04056
1395.6	1.02192
1398.31	3.00335
1401.03	18.9848
1403.75	4.96641
1406.46	14.948
1409.18	8.92974
1411.89	20.9115
1414.6	14.8934
1417.31	12.8753
1420.02	2.85728
1422.73	0.839343
1425.44	12.8215
1428.15	-5.19628
1430.85	6.78602
1433.56	2.7684
1436.26	10.7509
1438.97	8.73341
1441.67	-5.28395
1444.37	6.69876
1447.07	4.68156
1449.77	4.66445
1452.47	16.6474
1455.16	12.6305
1457.86	8.61363
1460.56	-5.40313
1463.25	26.5802
1465.94	-7.43637
1468.64	10.5471
1471.33	-3.46924
1474.02	8.51446
1476.71	10.4983
1479.4	0.482166
1482.09	16.4662
1484.77	12.4503
1487.46	10.4345
1490.14	0.418777
1492.83	12.4032
1495.51	8.38769
1498.19	2.3723
1500.87	6.35703
1503.55	8.34185
1506.23	10.3268
1508.91	6.31183
1511.59	10.297
1514.27	26.2822
1516.94	12.2676
1519.62	6.2531
1522.29	8.2387
1524.96	0.224414
1527.63	12.2102
1530.3	2.19619
1532.97	14.1823
1535.64	-1.83157
1538.31	12.1547
1540.98	14.1412
1543.64	18.1277
1546.31	26.1144
1548.97	18.1012
1551.63	2.08807
1554.3	16.0751
1556.96	0.0622694
1559.62	6.04956
1562.28	2.03698
1564.94	-1.97547
1567.59	24.0122
1570.25	12
1572.9	-2.01205
1575.56	15.976
1578.21	-0.0357644
1580.86	-8.04743
1583.52	13.941
1586.17	17.9297
1588.82	7.91841
1591.47	5.9073
1594.11	7.89633
1596.76	9.8855
1599.41	23.8748
1602.05	15.8643
1604.69	11.8538
1607.34	11.8436
1609.98	-2.16654
1612.62	21.8235
1615.26	1.81366
1617.9	15.804
1620.54	5.79445
1623.18	13.7851
1625.81	1.77584
1628.45	5.76676
1631.08	17.7578
1633.72	9.74905
1636.35	9.74043
1638.98	11.732
1641.61	9.72365
1644.24	3.71549
1646.87	9.70749
1649.5	5.69965
1652.13	-6.30803
1654.75	-2.31556
1657.38	3.67708
1660	-0.330121
1662.63	3.66284
1665.25	3.65596
1667.87	-4.35075
1670.49	1.64271
1673.11	3.63633
1675.73	-2.36989
1678.35	3.62406
1680.96	3.61819
1683.58	9.61248
1686.19	9.60694
1688.81	3.60157
1691.42	-8.40363
1694.03	11.5913
1696.64	7.5865
1699.25	9.58182
1701.87	1.57732
1704.47	17.573
1707.08	15.5688
1709.69	15.5649
1712.29	-2.43892
1714.9	21.5575
1717.5	9.55404
1720.1	-0.449219
1722.71	-4.45229
1725.31	3.54482
1727.91	-0.457884
1730.51	21.5396
1733.1	7.53726
1735.7	3.53511
1738.3	-6.46686
1740.89	9.53137
1743.49	11.5298
1746.08	3.52838
1748.67	15.5272
1751.26	3.52615
1753.86	15.5253
1756.45	13.5247
1759.03	-6.47576
1761.62	13.524
1764.21	5.52394
1766.8	15.5241
1769.38	13.5244
1771.97	9.52495
1774.55	23.5257
1777.13	-8.47339
1779.71	-0.47226
1782.29	21.5291
1784.87	1.5306
1787.45	15.5323
1790.03	7.53426
1792.61	-4.4636
1795.18	19.5387
1797.76	7.54128
1800.33	1.54403
1802.9	25.547
1805.48	7.55015
1808.05	9.55352
1810.62	13.5571
1813.19	11.5609
1815.76	7.56488
1818.33	-2.43091
1820.89	-2.42649
1823.46	13.5781
1826.02	17.583
1828.59	19.588
1831.15	-4.40668
1833.71	5.5988
1836.27	3.60451
1838.84	13.6104
1841.39	11.6166
1843.95	3.62292
1846.51	11.6295
1849.07	13.6363
1851.62	5.64329
1854.18	15.6505
1856.73	15.658
1859.29	5.66566
1861.84	23.6736
1864.39	17.6817
1866.94	7.69003
1869.49	5.69861
1872.04	-2.29259
1874.59	7.71643
1877.13	17.7257
1879.68	11.7352
1882.22	7.74487
1884.77	19.7548
1887.31	13.765
1889.85	15.7754
1892.39	5.78601
1894.93	19.7969
1897.47	11.808
1900.01	9.8193
1902.55	15.8309
1905.09	5.84266
1907.62	5.8547
1910.16	25.867
1912.69	7.87947
1915.22	15.8922
1917.76	7.90519
1920.29	11.9184
1922.82	17.9319
1925.35	19.9456
1927.88	15.9595
1930.4	11.9737
1932.93	11.9881
1935.46	10.0028
1937.98	16.0177
1940.51	0.0328741
1943.03	12.0483
1945.55	2.06392
1948.07	22.0798
1950.59	2.09595
1953.11	20.1123
1955.63	0.128979
1958.15	8.14586
1960.67	12.163
1963.18	18.1804
1965.7	4.19801
1968.21	16.2159
1970.73	10.234
1973.24	2.25244
1975.75	6.27107
1978.26	16.29
1980.77	10.3091
1983.28	14.3285
1985.79	4.3482
1988.29	14.3681
1990.8	14.3883
1993.31	-5.59126
1995.81	14.4294
1998.31	2.45037
