100.093	20.7188
103.274	12.8209
106.457	20.9223
109.636	9.02311
112.817	19.1234
115.994	3.22292
119.172	13.3219
122.347	7.42031
125.521	1.51807
128.696	21.6153
131.868	17.7119
135.039	9.80782
138.209	17.9032
141.379	11.998
144.547	6.09224
147.713	16.1858
150.879	4.27887
154.043	6.37132
157.206	14.4632
160.368	4.55447
163.529	8.64518
166.689	40.7353
169.848	2.82488
173.006	-1.08613
176.163	9.0023
179.316	5.0901
182.471	-8.8226
185.625	9.26414
188.777	9.35032
191.927	5.43588
195.077	17.521
198.224	13.6054
201.372	13.6894
204.52	11.7728
207.664	11.8556
210.809	13.9379
213.95	-1.98036
217.091	18.1008
220.233	0.18153
223.372	8.26164
226.509	18.3412
229.648	6.42031
232.784	0.498826
235.918	32.5768
239.051	16.6543
242.186	4.73126
245.317	12.8077
248.447	10.8836
251.577	26.9589
254.705	9.03379
257.832	7.10814
260.958	3.18197
264.083	27.2553
267.204	15.3281
270.327	19.4004
273.449	15.4722
276.57	1.54346
279.69	-4.38574
282.806	19.6845
285.924	15.7543
289.04	3.82363
292.154	1.8924
295.268	3.96072
298.379	2.02851
301.492	16.0959
304.601	8.16269
307.711	0.229069
310.818	18.2949
313.924	16.3603
317.031	12.4252
320.135	30.4897
323.238	10.5536
326.34	22.6171
329.443	2.68017
332.543	8.74271
335.642	20.8048
338.74	16.8664
341.836	8.92756
344.932	0.988258
348.027	-6.9515
351.12	11.1083
354.213	9.1676
357.302	9.22644
360.393	3.28486
363.482	11.3428
366.57	-2.59963
369.656	9.45741
372.742	13.5141
375.827	-4.42975
378.91	9.62598
381.993	21.6813
385.073	-2.26385
388.154	21.7906
391.232	11.8446
394.311	1.89818
397.387	-2.04869
400.462	16.004
403.536	2.05629
406.611	-3.89182
409.683	2.15961
412.754	22.2106
415.824	6.26122
418.893	0.311407
421.961	24.3612
425.027	-1.58947
428.093	-3.54052
431.158	8.50802
434.222	22.5562
437.284	2.60388
440.346	-3.34879
443.407	24.6981
446.464	10.7446
449.523	14.7908
452.581	8.83649
455.635	12.8818
458.691	4.92674
461.743	14.9713
464.797	15.0154
467.847	-0.940816
470.899	7.10258
473.947	-10.8544
476.994	13.1882
480.043	-6.76959
483.088	9.27226
486.133	-4.68628
489.176	17.3548
492.22	17.3956
495.262	7.43591
498.302	21.4759
501.341	5.51551
504.38	11.5548
507.417	-2.40636
510.453	1.63216
513.487	5.67029
516.521	7.70809
519.554	15.7455
522.586	5.78262
525.616	9.81933
528.646	17.8557
531.675	1.89174
534.701	-2.07261
537.729	7.96273
540.753	-2.00231
543.778	-7.96766
546.8	10.0666
549.821	14.1006
552.844	6.13418
555.863	8.16744
558.881	14.2004
561.898	12.233
564.916	8.26524
567.932	6.29718
570.946	12.3288
573.959	4.36005
576.971	12.391
579.982	2.42163
582.993	0.451933
586	0.481896
589.008	14.5116
592.015	6.54091
595.022	6.56994
598.025	4.59863
601.029	2.62704
604.032	0.655132
607.033	4.6829
610.034	12.7104
613.032	8.73752
616.032	6.76439
619.028	4.79094
622.023	16.8172
625.018	4.84312
628.013	18.8688
631.005	4.89414
633.997	8.91919
636.987	2.94395
639.977	12.9684
642.965	8.9926
645.952	23.0165
648.939	9.0401
651.924	9.06342
654.909	3.08645
657.892	-10.8908
660.873	3.13166
663.854	19.1539
666.835	7.17577
669.813	9.1974
672.791	9.21876
675.767	9.23984
678.743	5.26066
681.717	5.2812
684.692	5.30148
687.664	19.3215
690.634	-0.658781
693.606	9.36071
696.575	7.37992
699.543	17.3989
702.51	5.41756
705.475	15.436
708.44	7.45417
711.404	13.4721
714.367	7.48976
717.329	3.50718
720.29	13.5243
723.25	19.5413
726.207	9.55793
729.166	3.57435
732.123	9.59054
735.077	11.6065
738.032	3.62216
740.984	13.6376
743.938	25.6528
746.888	9.66781
749.839	9.68255
752.788	17.6971
755.735	17.7113
758.682	15.7254
761.627	1.73919
764.574	-2.24722
767.517	9.76614
770.46	3.77927
773.402	19.7922
776.342	9.80487
779.282	25.8173
782.219	9.82957
785.157	19.8416
788.094	11.8534
791.029	15.865
793.962	13.8764
796.896	9.88757
799.828	9.89852
802.76	3.90927
805.689	9.91981
808.619	15.9302
811.546	9.94028
814.473	11.9502
817.4	7.95993
820.324	11.9695
823.248	7.97877
826.17	11.9879
829.092	25.9968
832.012	18.0056
834.932	16.0141
837.851	24.0224
840.768	12.0306
843.685	18.0386
846.599	28.0463
849.514	0.0539227
852.428	8.06133
855.339	12.0685
858.251	30.0756
861.16	6.08243
864.07	2.08911
866.978	34.0956
869.884	8.10192
872.792	12.1081
875.696	18.114
878.599	8.11983
881.502	8.12545
884.404	16.1309
887.304	2.13618
890.204	12.1413
893.103	30.1462
896.001	26.151
898.898	16.1556
901.794	8.1601
904.689	6.1644
907.581	6.16853
910.474	14.1725
913.364	6.17632
916.256	12.18
919.144	6.1835
922.034	12.1869
924.92	16.1901
927.808	16.1931
930.693	8.19601
933.576	8.19877
936.459	16.2014
939.341	20.2038
942.222	-3.79385
945.102	-1.79167
947.981	22.2104
950.859	12.2123
953.737	18.214
956.613	4.21563
959.488	14.2171
962.361	14.2185
965.235	-5.78033
968.105	10.2208
970.977	4.2217
973.846	2.22252
976.716	12.2232
979.583	12.2238
982.449	4.22421
985.316	4.22452
988.18	18.2247
991.043	-7.77523
993.906	14.2247
996.767	16.2245
999.628	10.2242
1002.49	10.2238
1005.35	6.2233
1008.2	6.22266
1011.06	0.221899
1013.91	14.221
1016.77	6.22005
1019.62	22.219
1022.48	4.21776
1025.33	14.2165
1028.18	14.215
1031.03	8.21352
1033.87	10.2119
1036.72	14.2102
1039.57	8.20834
1042.41	8.20642
1045.26	8.20439
1048.1	26.2023
1050.94	22.2
1053.78	16.1977
1056.62	-3.80468
1059.46	18.1928
1062.3	8.19022
1065.14	26.1875
1067.97	12.1848
1070.81	-1.8181
1073.64	12.1789
1076.47	28.1759
1079.31	4.17279
1082.14	14.1696
1084.97	18.1663
1087.8	4.16293
1090.63	-13.8405
1093.45	8.15596
1096.28	20.1524
1099.1	10.1487
1101.93	16.1449
1104.75	10.1411
1107.57	2.13718
1110.39	8.13321
1113.21	20.1292
1116.03	4.12505
1118.85	16.1209
1121.66	8.11661
1124.48	-3.88771
1127.3	18.1079
1130.11	10.1035
1132.92	-1.90105
1135.73	8.09438
1138.54	16.0898
1141.35	16.0851
1144.16	24.0803
1146.97	8.0755
1149.78	0.0706409
1152.58	12.0657
1155.39	6.06076
1158.19	6.05573
1161	-1.94934
1163.8	14.0455
1166.6	12.0404
1169.4	10.0351
1172.2	2.02986
1174.99	8.02455
1177.79	16.0192
1180.59	16.0138
1183.38	10.0083
1186.17	18.0028
1188.97	21.9973
1191.76	-6.00825
1194.55	-2.01386
1197.34	1.98049
1200.13	-2.02519
1202.92	9.9691
1205.7	21.9633
1208.49	15.9576
1211.27	13.9517
1214.06	5.9459
1216.84	5.94003
1219.62	7.93412
1222.4	13.9282
1225.18	-0.0777682
1227.96	17.9162
1230.74	9.91024
1233.51	13.9042
1236.29	7.89815
1239.06	29.8921
1241.84	-6.11402
1244.61	15.8799
1247.38	-2.12627
1250.15	-10.1324
1252.92	17.8614
1255.69	7.85523
1258.46	13.849
1261.23	5.84282
1263.99	7.83661
1266.76	11.8304
1269.52	1.82413
1272.28	7.81788
1275.05	7.81162
1277.81	7.80535
1280.57	11.7991
1283.33	13.7928
1286.08	-0.213475
1288.84	1.78024
1291.6	15.774
1294.35	11.7677
1297.11	13.7614
1299.86	1.7551
1302.61	13.7488
1305.36	7.74254
1308.11	19.7363
1310.86	21.73
1313.61	-0.27627
1316.36	3.71747
1319.1	17.7112
1321.85	13.705
1324.59	15.6988
1327.33	17.6925
1330.08	11.6863
1332.82	3.68013
1335.56	-4.32605
1338.3	13.6678
1341.04	9.66164
1343.77	3.65551
1346.51	7.6494
1349.25	15.6433
1351.98	5.63723
1354.71	17.6312
1357.45	-4.37486
1360.18	3.61913
1362.91	9.61314
1365.64	19.6072
1368.37	3.60124
1371.09	15.5953
1373.82	13.5894
1376.54	7.58359
1379.27	-4.42223
1381.99	5.57197
1384.72	13.5662
1387.44	13.5605
1390.16	19.5548
1392.88	15.5491
1395.6	13.5435
1398.31	19.5379
1401.03	19.5323
1403.75	1.52681
1406.46	3.52132
1409.18	1.51588
1411.89	11.5105
1414.6	5.50511
1417.31	13.4998
1420.02	9.49452
1422.73	-2.51071
1425.44	13.4841
1428.15	9.47896
1430.85	13.4739
1433.56	19.4688
1436.26	15.4638
1438.97	21.4589
1441.67	11.454
1444.37	19.4491
1447.07	13.4443
1449.77	9.43959
1452.47	7.4349
1455.16	13.4303
1457.86	5.42569
1460.56	3.42116
1463.25	1.4167
1465.94	1.41229
1468.64	1.40795
1471.33	1.40366
1474.02	-0.600568
1476.71	15.3953
1479.4	21.3912
1482.09	1.38713
1484.77	3.38315
1487.46	11.3792
1490.14	5.3754
1492.83	-8.62838
1495.51	3.36791
1498.19	5.36427
1500.87	21.3607
1503.55	15.3572
1506.23	7.35377
1508.91	7.35042
1511.59	3.34713
1514.27	5.34392
1516.94	-6.65922
1519.62	7.33772
1522.29	13.3347
1524.96	11.3318
1527.63	1.329
1530.3	11.3262
1532.97	7.32357
1535.64	1.32098
1538.31	17.3185
1540.98	7.31604
1543.64	1.3137
1546.31	9.31144
1548.97	3.30926
1551.63	-10.6928
1554.3	11.3052
1556.96	17.3032
1559.62	19.3014
1562.28	13.2997
1564.94	11.298
1567.59	3.29644
1570.25	13.295
1572.9	11.2936
1575.56	7.29229
1578.21	-6.7089
1580.86	13.29
1583.52	1.28899
1586.17	1.28808
1588.82	1.28726
1591.47	13.2865
1594.11	5.28592
1596.76	9.2854
1599.41	-4.71502
1602.05	3.28466
1604.69	7.28443
1607.34	9.28432
1609.98	11.2843
1612.62	13.2844
1615.26	-6.71542
1617.9	13.2849
1620.54	17.2853
1623.18	9.28578
1625.81	9.2864
1628.45	11.2871
1631.08	7.28796
1633.72	5.2889
1636.35	15.29
1638.98	9.29111
1641.61	7.29239
1644.24	15.2938
1646.87	5.29528
1649.5	5.29689
1652.13	7.29862
1654.75	3.30047
1657.38	7.30243
1660	13.3045
1662.63	17.3067
1665.25	3.30902
1667.87	9.31145
1670.49	9.31401
1673.11	15.3167
1675.73	23.3195
1678.35	3.3224
1680.96	25.3254
1683.58	3.3286
1686.19	7.33189
1688.81	-2.6647
1691.42	-2.66116
1694.03	7.34251
1696.64	7.3463
1699.25	3.35022
1701.87	13.3543
1704.47	-8.64155
1707.08	7.36276
1709.69	3.3672
1712.29	3.37177
1714.9	11.3765
1717.5	3.38131
1720.1	7.38628
1722.71	7.39139
1725.31	-0.603375
1727.91	11.402
1730.51	17.4075
1733.1	5.41316
1735.7	29.4189
1738.3	3.42487
1740.89	13.4309
1743.49	3.43714
1746.08	13.4435
1748.67	11.45
1751.26	11.4566
1753.86	3.46336
1756.45	-2.52973
1759.03	3.47732
1761.62	19.4845
1764.21	-8.50813
1766.8	1.49936
1769.38	5.507
1771.97	17.5148
1774.55	15.5227
1777.13	1.5308
1779.71	7.53903
1782.29	15.5474
1784.87	13.5559
1787.45	17.5646
1790.03	-0.426543
1792.61	-6.41755
1795.18	7.59158
1797.76	17.6009
1800.33	9.61033
1802.9	-0.380071
1805.48	3.62969
1808.05	13.6396
1810.62	3.64967
1813.19	3.6599
1815.76	1.67029
1818.33	17.6808
1820.89	15.6916
1823.46	19.7024
1826.02	9.71345
1828.59	5.72463
1831.15	15.736
1833.71	13.7475
1836.27	7.75918
1838.84	9.77102
1841.39	13.783
1843.95	17.7952
1846.51	5.80753
1849.07	7.82003
1851.62	11.8327
1854.18	-0.154455
1856.73	-6.14145
1859.29	5.87173
1861.84	9.88507
1864.39	11.8986
1866.94	5.91228
1869.49	-10.0739
1872.04	1.94016
1874.59	11.9544
1877.13	3.96874
1879.68	11.9833
1882.22	7.99801
1884.77	2.01291
1887.31	6.02798
1889.85	18.0432
1892.39	6.05865
1894.93	6.07425
1897.47	16.09
1900.01	6.106
1902.55	8.12214
1905.09	16.1385
1907.62	6.15496
1910.16	14.1716
1912.69	0.188499
1915.22	12.2055
1917.76	-3.77723
1920.29	14.2402
1922.82	14.2578
1925.35	16.2756
1927.88	-5.70648
1930.4	10.3117
1932.93	16.33
1935.46	6.34852
1937.98	4.36723
1940.51	24.3861
1943.03	12.4052
1945.55	16.4245
1948.07	14.4439
1950.59	-9.53641
1953.11	6.48344
1955.63	10.5035
1958.15	2.5237
1960.67	20.5441
1963.18	16.5647
1965.7	12.5855
1968.21	14.6065
1970.73	14.6277
1973.24	8.64911
1975.75	14.6707
1978.26	2.69247
1980.77	8.71444
1983.28	12.7366
1985.79	16.759
1988.29	0.781549
1990.8	8.80433
1993.31	4.82729
1995.81	12.8505
1998.31	10.8738
