100.093	12.9568
103.274	19.033
106.457	21.1089
109.636	-0.815689
112.817	15.2594
115.994	21.334
119.172	7.40834
122.347	-2.51779
125.521	3.5557
128.696	-2.37114
131.868	3.70158
135.039	1.77392
138.209	3.84588
141.379	17.9175
144.547	9.98872
147.713	8.05954
150.879	6.13
154.043	10.2001
157.206	4.26978
160.368	-3.6609
163.529	4.40806
166.689	22.4767
169.848	6.54487
173.006	18.6127
176.163	6.68019
179.316	16.7473
182.471	8.81401
185.625	12.8804
188.777	6.94641
191.927	3.01202
195.077	7.07732
198.224	1.1422
201.372	1.20678
204.52	17.271
207.664	23.3348
210.809	13.3983
213.95	9.4614
217.091	-0.475852
220.233	-0.413418
223.372	13.6486
226.509	27.7103
229.648	3.77168
232.784	19.8327
235.918	7.89331
239.051	-4.0464
242.186	12.0136
245.317	16.0732
248.447	12.1324
251.577	10.1913
254.705	22.2499
257.832	10.3081
260.958	10.366
264.083	10.4235
267.204	12.4807
270.327	10.5376
273.449	8.59408
276.57	10.6503
279.69	10.7061
282.806	24.7616
285.924	18.8168
289.04	-5.12836
292.154	10.9261
295.268	16.9803
298.379	13.0341
301.492	-2.91234
304.601	15.1408
307.711	3.1937
310.818	-0.753788
313.924	7.2984
317.031	15.3503
320.135	5.40184
323.238	15.4531
326.34	13.504
329.443	11.5546
332.543	17.6048
335.642	-0.345243
338.74	3.70438
341.836	9.75368
344.932	3.80267
348.027	9.85134
351.12	5.8997
354.213	9.94774
357.302	11.9954
360.393	12.0429
363.482	14.09
366.57	8.13678
369.656	-3.81676
372.742	10.2294
375.827	12.2753
378.91	12.3208
381.993	14.3661
385.073	12.411
388.154	16.4557
391.232	18.5
394.311	-9.45591
397.387	2.58782
400.462	8.63125
403.536	4.67438
406.611	16.7172
409.683	14.7598
412.754	10.802
415.824	12.8439
418.893	6.8856
421.961	6.92695
425.027	26.968
428.093	7.00878
431.158	-2.95074
434.222	13.0895
437.284	1.12936
440.346	7.16897
443.407	19.2083
446.464	21.2473
449.523	-0.71394
452.581	17.3245
455.635	-8.63731
458.691	7.40059
461.743	9.43818
464.797	15.4755
467.847	11.5126
470.899	-0.450666
473.947	19.5858
476.994	21.622
480.043	11.658
483.088	7.6936
486.133	19.729
489.176	23.7641
492.22	5.79891
495.262	7.83345
498.302	15.8677
501.341	-2.09826
504.38	9.93547
507.417	29.9689
510.453	-1.99786
513.487	-9.96495
516.521	12.0677
519.554	12.1001
522.586	4.13224
525.616	2.16409
528.646	24.1957
531.675	-5.77297
534.701	6.25809
537.729	-1.71109
540.753	2.31945
543.778	10.3497
546.8	14.3798
549.821	18.4095
552.844	-3.56095
555.863	-1.5317
558.881	8.4973
561.898	14.526
564.916	14.5545
567.932	-3.41722
570.946	10.6108
573.959	0.638487
576.971	6.66597
579.982	4.6932
582.993	8.72018
586	6.74689
589.008	6.77338
592.015	8.79962
595.022	14.8256
598.025	6.85134
601.029	6.87685
604.032	18.9021
607.033	22.9271
610.034	8.95189
613.032	14.9764
616.032	3.00071
619.028	13.0247
622.023	25.0485
625.018	1.07211
628.013	3.09546
631.005	13.1185
633.997	3.14141
636.987	7.16403
639.977	1.18642
642.965	11.2086
645.952	7.23049
648.939	27.2522
651.924	5.27364
654.909	15.2949
657.892	9.31588
660.873	19.3366
663.854	21.3572
666.835	13.3775
669.813	-2.60242
672.791	3.41744
675.767	7.43707
678.743	13.4565
681.717	9.47567
684.692	7.49464
687.664	15.5134
690.634	3.5319
693.606	5.55021
696.575	19.5683
699.543	5.58615
702.51	5.60379
705.475	9.62121
708.44	13.6384
711.404	9.65541
714.367	15.6722
717.329	-2.31124
720.29	1.70511
723.25	7.72125
726.207	13.7372
729.166	9.75288
732.123	15.7684
735.077	13.7837
738.032	19.7987
740.984	9.81362
743.938	11.8283
746.888	11.8427
749.839	23.857
752.788	17.871
755.735	3.88488
758.682	7.89851
761.627	7.91194
764.574	9.92518
767.517	21.9382
770.46	11.951
773.402	7.96366
776.342	7.97608
779.282	15.9883
782.219	18.0003
785.157	12.0122
788.094	18.0238
791.029	20.0352
793.962	16.0465
796.896	14.0575
799.828	8.06837
802.76	12.079
805.689	10.0895
808.619	24.0998
811.546	20.1099
814.473	0.119743
817.4	16.1294
820.324	14.139
823.248	28.1483
826.17	8.15742
829.092	20.1664
832.012	12.1751
834.932	6.18371
837.851	22.1921
840.768	14.2003
843.685	8.20833
846.599	4.21617
849.514	26.2238
852.428	14.2313
855.339	20.2386
858.251	12.2457
861.16	18.2527
864.07	14.2594
866.978	12.266
869.884	22.2724
872.792	20.2786
875.696	8.28466
878.599	4.29053
881.502	14.2962
884.404	8.30176
887.304	12.3071
890.204	22.3123
893.103	18.3173
896.001	20.3221
898.898	20.3268
901.794	20.3313
904.689	14.3356
907.581	6.33976
910.474	10.3438
913.364	6.34757
916.256	-1.64877
919.144	6.35471
922.034	14.358
924.92	0.361193
927.808	14.3642
930.693	10.367
933.576	6.36968
936.459	16.3722
939.341	10.3745
942.222	12.3767
945.102	12.3787
947.981	20.3806
950.859	10.3823
953.737	22.3838
956.613	10.3852
959.488	-1.61353
962.361	8.38754
965.235	20.3885
968.105	10.3892
970.977	16.3898
973.846	14.3903
976.716	-1.60941
979.583	4.39074
982.449	8.39074
985.316	16.3906
988.18	18.3903
991.043	14.3898
993.906	8.38923
996.767	4.38848
999.628	14.3876
1002.49	0.386532
1005.35	22.3853
1008.2	0.383999
1011.06	10.3825
1013.91	4.38088
1016.77	12.3791
1019.62	-7.62281
1022.48	20.3751
1025.33	10.3729
1028.18	12.3706
1031.03	24.3681
1033.87	-5.63453
1036.72	10.3627
1039.57	18.3598
1042.41	12.3567
1045.26	8.35357
1048.1	16.3502
1050.94	14.3468
1053.78	4.34319
1056.62	8.33946
1059.46	8.3356
1062.3	6.3316
1065.14	18.3275
1067.97	26.3232
1070.81	6.3188
1073.64	0.314269
1076.47	-5.69039
1079.31	10.3048
1082.14	12.2999
1084.97	12.2948
1087.8	-1.71035
1090.63	8.28434
1093.45	2.2789
1096.28	10.2733
1099.1	10.2676
1101.93	2.26182
1104.75	-1.74412
1107.57	14.2498
1110.39	12.2436
1113.21	22.2373
1116.03	8.23085
1118.85	14.2243
1121.66	4.2176
1124.48	10.2108
1127.3	14.2039
1130.11	0.196814
1132.92	8.18965
1135.73	4.18236
1138.54	6.17495
1141.35	14.1674
1144.16	4.15978
1146.97	26.152
1149.78	10.1441
1152.58	-1.86384
1155.39	4.12806
1158.19	8.11983
1161	6.1115
1163.8	10.1031
1166.6	12.0945
1169.4	4.08581
1172.2	6.07703
1174.99	6.06813
1177.79	4.05912
1180.59	10.05
1183.38	8.04078
1186.17	12.0314
1188.97	22.022
1191.76	0.0124473
1194.55	6.00279
1197.34	9.99302
1200.13	9.98315
1202.92	9.97317
1205.7	-0.0369108
1208.49	9.9529
1211.27	-6.0574
1214.06	13.9322
1216.84	29.9217
1219.62	1.91111
1222.4	9.90041
1225.18	5.8896
1227.96	3.8787
1230.74	-0.132311
1233.51	11.8566
1236.29	5.84538
1239.06	7.83408
1241.84	1.82268
1244.61	19.8112
1247.38	11.7996
1250.15	-10.2121
1252.92	9.77611
1255.69	9.76422
1258.46	7.75225
1261.23	13.7402
1263.99	-12.272
1266.76	-2.28426
1269.52	9.70339
1272.28	1.69095
1275.05	-6.32159
1277.81	-4.33422
1280.57	9.65307
1283.33	3.64026
1286.08	5.62736
1288.84	-2.38563
1291.6	5.60129
1294.35	7.58813
1297.11	11.5749
1299.86	3.56154
1302.61	11.5481
1305.36	-2.4654
1308.11	7.521
1310.86	-8.49268
1313.61	13.4936
1316.36	3.4797
1319.1	9.46577
1321.85	23.4518
1324.59	-2.56234
1327.33	5.42348
1330.08	5.40921
1332.82	9.39487
1335.56	19.3804
1338.3	5.36594
1341.04	25.3514
1343.77	3.33669
1346.51	7.32196
1349.25	9.30713
1351.98	7.29224
1354.71	1.27726
1357.45	11.2622
1360.18	5.24709
1362.91	7.23188
1365.64	9.21661
1368.37	13.2013
1371.09	3.18583
1373.82	1.17033
1376.54	3.15477
1379.27	23.1391
1381.99	9.12341
1384.72	3.10761
1387.44	-6.90824
1390.16	9.07583
1392.88	1.05983
1395.6	7.04376
1398.31	19.0276
1401.03	3.01142
1403.75	-1.00485
1406.46	16.9788
1409.18	16.9624
1411.89	12.9459
1414.6	-3.07064
1417.31	14.9128
1420.02	4.89609
1422.73	-1.12066
1425.44	14.8625
1428.15	0.845675
1430.85	-7.17126
1433.56	10.8117
1436.26	6.79469
1438.97	0.777571
1441.67	12.7604
1444.37	2.74315
1447.07	8.72585
1449.77	16.7085
1452.47	0.69107
1455.16	4.67359
1457.86	12.656
1460.56	0.638444
1463.25	12.6208
1465.94	0.603078
1468.64	6.5853
1471.33	18.5675
1474.02	10.5496
1476.71	14.5317
1479.4	16.5137
1482.09	6.49561
1484.77	6.47751
1487.46	14.4593
1490.14	8.44114
1492.83	6.42288
1495.51	-13.5954
1498.19	4.38619
1500.87	-1.63222
1503.55	12.3493
1506.23	2.33078
1508.91	-1.68779
1511.59	-3.70641
1514.27	8.27492
1516.94	10.2562
1519.62	2.23743
1522.29	6.21861
1524.96	0.199751
1527.63	22.1808
1530.3	10.1619
1532.97	2.14288
1535.64	14.1238
1538.31	10.1047
1540.98	14.0856
1543.64	12.0664
1546.31	-3.95281
1548.97	10.0279
1551.63	2.0086
1554.3	13.9892
1556.96	5.96983
1559.62	7.95039
1562.28	-2.06909
1564.94	3.91138
1567.59	7.89182
1570.25	13.8722
1572.9	7.85256
1575.56	-0.167129
1578.21	7.81316
1580.86	-2.20661
1583.52	1.77358
1586.17	-2.24625
1588.82	1.73386
1591.47	9.71395
1594.11	9.69401
1596.76	11.674
1599.41	3.654
1602.05	13.6339
1604.69	5.61385
1607.34	25.5937
1609.98	17.5736
1612.62	19.5534
1615.26	7.53313
1617.9	-2.48712
1620.54	1.49258
1623.18	9.47227
1625.81	13.4519
1628.45	7.43152
1631.08	9.41111
1633.72	1.39066
1636.35	27.3702
1638.98	5.34967
1641.61	5.32914
1644.24	1.30857
1646.87	7.28797
1649.5	5.26735
1652.13	3.24671
1654.75	-0.773976
1657.38	5.20533
1660	9.18459
1662.63	17.1638
1665.25	-0.856952
1667.87	9.12224
1670.49	1.10142
1673.11	3.08056
1675.73	21.0597
1678.35	17.0388
1680.96	-2.98215
1683.58	-5.00309
1686.19	8.97593
1688.81	16.9549
1691.42	16.9339
1694.03	10.9129
1696.64	16.8918
1699.25	4.87075
1701.87	4.84964
1704.47	14.8285
1707.08	8.80739
1709.69	8.78624
1712.29	20.7651
1714.9	4.74387
1717.5	2.72266
1720.1	4.70143
1722.71	18.6802
1725.31	6.65893
1727.91	10.6376
1730.51	14.6164
1733.1	12.595
1735.7	8.57371
1738.3	0.552369
1740.89	6.53102
1743.49	-3.49035
1746.08	4.48826
1748.67	4.46686
1751.26	12.4455
1753.86	0.424041
1756.45	8.4026
1759.03	-1.61884
1761.62	2.3597
1764.21	6.33823
1766.8	2.31676
1769.38	10.2953
1771.97	6.27376
1774.55	8.25225
1777.13	8.23073
1779.71	4.2092
1782.29	4.18768
1784.87	16.1661
1787.45	12.1446
1790.03	4.12302
1792.61	4.10145
1795.18	0.079878
1797.76	10.0583
1800.33	10.0367
1802.9	8.01511
1805.48	19.9935
1808.05	-4.02808
1810.62	3.95031
1813.19	13.9287
1815.76	-0.092928
1818.33	-0.114553
1820.89	7.86382
1823.46	15.8422
1826.02	1.82056
1828.59	7.79894
1831.15	-0.222691
1833.71	1.75566
1836.27	17.734
1838.84	11.7124
1841.39	13.6908
1843.95	-6.33088
1846.51	1.64747
1849.07	11.6258
1851.62	11.6042
1854.18	3.58257
1856.73	19.5609
1859.29	5.5393
1861.84	3.51767
1864.39	13.496
1866.94	1.47441
1869.49	3.45279
1872.04	9.43117
1874.59	17.4096
1877.13	3.38794
1879.68	-4.63365
1882.22	17.3447
1884.77	-4.67686
1887.31	3.30156
1889.85	13.28
1892.39	9.25839
1894.93	9.23683
1897.47	7.21525
1900.01	15.1937
1902.55	9.17214
1905.09	-0.849404
1907.62	19.1291
1910.16	5.10754
1912.69	11.086
1915.22	9.06451
1917.76	1.04302
1920.29	-0.978483
1922.82	5.00004
1925.35	10.9786
1927.88	4.95711
1930.4	2.93566
1932.93	-1.08578
1935.46	-1.1072
1937.98	2.87138
1940.51	6.84998
1943.03	8.82858
1945.55	0.807218
1948.07	-1.21415
1950.59	2.76451
1953.11	6.74316
1955.63	-3.27816
1958.15	8.70054
1960.67	6.67925
1963.18	12.658
1965.7	18.6367
1968.21	0.615461
1970.73	-1.40577
1973.24	14.573
1975.75	20.5518
1978.26	6.53063
1980.77	14.5095
1983.28	-9.51168
1985.79	0.467194
1988.29	2.44609
1990.8	20.425
1993.31	-1.59609
1995.81	-1.61715
1998.31	10.3618
