100.093	3.80712
103.274	21.8304
106.457	3.85343
109.636	39.8763
112.817	21.8989
115.994	9.92138
119.172	21.9436
122.347	11.9657
125.521	3.98754
128.696	18.0092
131.868	16.0307
135.039	-1.94808
138.209	12.073
141.379	22.0939
144.547	22.1145
147.713	2.13501
150.879	2.15529
154.043	12.1754
157.206	0.19528
160.368	6.21499
163.529	6.2345
166.689	2.25383
169.848	-1.72703
173.006	30.2919
176.163	16.3107
179.316	16.3292
182.471	6.34761
185.625	26.3658
188.777	20.3838
191.927	26.4016
195.077	-5.58073
198.224	18.4367
201.372	-1.54601
204.52	14.4711
207.664	22.488
210.809	8.50469
213.95	6.52123
217.091	10.5376
220.233	12.5538
223.372	10.5697
226.509	10.5856
229.648	-1.3988
232.784	-3.38334
235.918	18.6319
239.051	10.647
242.186	12.662
245.317	8.67673
248.447	2.6913
251.577	20.7057
254.705	10.7199
257.832	2.73399
260.958	2.74787
264.083	-1.23842
267.204	-5.22489
270.327	16.7885
273.449	16.8017
276.57	-7.1853
279.69	18.8276
282.806	32.8402
285.924	-3.14724
289.04	22.8651
292.154	10.8773
295.268	14.8893
298.379	0.901164
301.492	12.9129
304.601	12.9244
307.711	14.9357
310.818	2.94692
313.924	6.95795
317.031	18.9688
320.135	2.97953
323.238	10.9901
326.34	9.00045
329.443	15.0107
332.543	9.02074
335.642	-2.96935
338.74	17.0404
341.836	19.05
344.932	-0.940594
348.027	9.06868
351.12	11.0778
354.213	23.0868
357.302	9.09555
360.393	-0.895795
363.482	19.1127
366.57	19.121
369.656	7.12923
372.742	3.13727
375.827	17.1452
378.91	15.1529
381.993	7.16047
385.073	3.16789
388.154	9.17518
391.232	23.1823
394.311	-4.81071
397.387	17.1961
400.462	-0.79719
403.536	23.2093
406.611	25.2157
409.683	13.222
412.754	15.2281
415.824	-0.765955
418.893	-4.76014
421.961	3.24552
425.027	17.251
428.093	13.2564
431.158	15.2617
434.222	27.2668
437.284	19.2717
440.346	17.2765
443.407	7.28121
446.464	3.28574
449.523	-2.70987
452.581	19.2944
455.635	17.2985
458.691	25.3025
461.743	13.3063
464.797	3.31004
467.847	27.3136
470.899	3.31704
473.947	5.32034
476.994	11.3235
480.043	21.3265
483.088	7.32943
486.133	15.3322
489.176	5.33482
492.22	19.3373
495.262	1.33969
498.302	7.34192
501.341	5.34403
504.38	3.346
507.417	7.34785
510.453	-6.65043
513.487	13.3512
516.521	21.3526
519.554	7.35395
522.586	5.35515
525.616	1.35623
528.646	25.3572
531.675	3.35801
534.701	17.3587
537.729	-18.6407
540.753	19.3597
543.778	3.36007
546.8	13.3603
549.821	29.3604
552.844	23.3603
555.863	3.36017
558.881	13.3599
561.898	17.3595
564.916	9.35896
567.932	5.35832
570.946	7.35756
573.959	13.3567
576.971	17.3557
579.982	5.35457
582.993	5.35334
586	-10.648
589.008	7.35052
592.015	13.3489
595.022	21.3472
598.025	3.34543
601.029	17.3435
604.032	15.3415
607.033	11.3393
610.034	9.33705
613.032	7.33467
616.032	-12.6678
619.028	-6.67042
622.023	-4.67314
625.018	5.32404
628.013	27.3211
631.005	-2.68194
633.997	7.31491
636.987	25.3116
639.977	1.30828
642.965	9.3048
645.952	5.30122
648.939	17.2975
651.924	-6.70627
654.909	9.28982
657.892	-0.714186
660.873	5.2817
663.854	3.27748
666.835	21.2732
669.813	5.26873
672.791	15.2642
675.767	15.2596
678.743	5.25483
681.717	5.25
684.692	-2.75494
687.664	19.24
690.634	19.2349
693.606	-6.77036
696.575	25.2243
699.543	17.2189
702.51	5.21333
705.475	11.2077
708.44	5.20196
711.404	21.1961
714.367	3.1902
717.329	19.1842
720.29	19.1781
723.25	7.17184
726.207	7.16553
729.166	13.1591
732.123	15.1526
735.077	-6.85397
738.032	-0.860655
740.984	-0.867432
743.938	13.1257
746.888	1.11873
749.839	23.1117
752.788	1.10453
755.735	9.09729
758.682	13.09
761.627	19.0825
764.574	5.07504
767.517	7.06744
770.46	33.0598
773.402	23.052
776.342	13.0441
779.282	21.0362
782.219	9.02814
785.157	25.02
788.094	5.01181
791.029	13.0035
793.962	4.99514
796.896	20.9867
799.828	14.9781
802.76	22.9695
805.689	20.9608
808.619	14.952
811.546	12.9431
814.473	12.9341
817.4	20.9251
820.324	16.916
823.248	18.9068
826.17	24.8975
829.092	12.8881
832.012	30.8787
834.932	12.8691
837.851	10.8595
840.768	8.84984
843.685	12.8401
846.599	26.8302
849.514	4.82032
852.428	36.8103
855.339	12.8003
858.251	10.7901
861.16	-5.22011
864.07	18.7696
866.978	2.75922
869.884	14.7488
872.792	16.7382
875.696	30.7277
878.599	6.71699
881.502	12.7062
884.404	14.6954
887.304	14.6846
890.204	14.6736
893.103	10.6626
896.001	-9.34854
898.898	8.64029
901.794	2.62905
904.689	6.61774
907.581	14.6064
910.474	-1.40509
913.364	8.5834
916.256	6.57181
919.144	24.5602
922.034	12.5484
924.92	2.53666
927.808	10.5248
930.693	24.5129
933.576	12.5009
936.459	16.4888
939.341	16.4767
942.222	2.46455
945.102	8.45231
947.981	24.44
950.859	10.4276
953.737	2.41519
956.613	6.40269
959.488	18.3901
962.361	22.3775
965.235	10.3648
968.105	20.3521
970.977	6.33927
973.846	6.32641
976.716	10.3135
979.583	2.3005
982.449	10.2875
985.316	8.27434
988.18	16.2612
991.043	14.248
993.906	20.2347
996.767	32.2213
999.628	8.20795
1002.49	14.1945
1005.35	2.18099
1008.2	8.16743
1011.06	-1.84618
1013.91	2.14014
1016.77	22.1264
1019.62	4.11263
1022.48	4.09879
1025.33	16.0849
1028.18	12.071
1031.03	14.057
1033.87	20.0429
1036.72	12.0288
1039.57	26.0146
1042.41	0.000441657
1045.26	19.9862
1048.1	5.97188
1050.94	23.9575
1053.78	1.94311
1056.62	7.92865
1059.46	3.91413
1062.3	21.8996
1065.14	13.885
1067.97	9.87032
1070.81	7.85562
1073.64	7.84086
1076.47	17.8261
1079.31	21.8112
1082.14	21.7963
1084.97	25.7814
1087.8	19.7664
1090.63	19.7514
1093.45	11.7363
1096.28	11.7212
1099.1	7.70601
1101.93	21.6908
1104.75	27.6755
1107.57	27.6602
1110.39	1.64491
1113.21	27.6295
1116.03	7.6141
1118.85	5.59863
1121.66	-6.41687
1124.48	11.5676
1127.3	11.552
1130.11	15.5363
1132.92	27.5207
1135.73	15.505
1138.54	7.48921
1141.35	13.4734
1144.16	3.45757
1146.97	19.4417
1149.78	3.42579
1152.58	19.4099
1155.39	9.39386
1158.19	19.3778
1161	13.3618
1163.8	27.3457
1166.6	7.32955
1169.4	3.31337
1172.2	-2.70283
1174.99	3.28092
1177.79	21.2646
1180.59	1.24834
1183.38	17.232
1186.17	11.2156
1188.97	-2.80081
1191.76	13.1827
1194.55	21.1663
1197.34	1.14975
1200.13	3.1332
1202.92	23.1166
1205.7	13.1
1208.49	9.08337
1211.27	-8.93331
1214.06	7.04999
1216.84	17.0333
1219.62	9.01649
1222.4	22.9997
1225.18	-3.01713
1227.96	8.96601
1230.74	4.94912
1233.51	12.9322
1236.29	10.9153
1239.06	14.8983
1241.84	-3.1187
1244.61	-1.13573
1247.38	10.8472
1250.15	14.8301
1252.92	-1.18696
1255.69	20.7959
1258.46	12.7787
1261.23	22.7616
1263.99	-3.25565
1266.76	12.7271
1269.52	6.70986
1272.28	0.692575
1275.05	2.67526
1277.81	2.65793
1280.57	24.6406
1283.33	28.6232
1286.08	14.6058
1288.84	6.58836
1291.6	8.57092
1294.35	22.5534
1297.11	-7.46404
1299.86	20.5184
1302.61	6.50091
1305.36	14.4834
1308.11	-11.5342
1310.86	0.448186
1313.61	26.4306
1316.36	-5.58707
1319.1	-3.60472
1321.85	16.3776
1324.59	8.35992
1327.33	14.3422
1330.08	16.3245
1332.82	14.3067
1335.56	-3.71104
1338.3	-1.72882
1341.04	18.2534
1343.77	20.2356
1346.51	0.21774
1349.25	0.199886
1351.98	20.182
1354.71	-3.83586
1357.45	6.14625
1360.18	20.1283
1362.91	-1.88959
1365.64	10.0925
1368.37	14.0745
1371.09	6.05655
1373.82	-1.96143
1376.54	12.0206
1379.27	-3.99743
1381.99	-0.0154525
1384.72	17.9665
1387.44	9.94847
1390.16	3.93041
1392.88	7.91235
1395.6	-4.10574
1398.31	9.87617
1401.03	25.8581
1403.75	13.84
1406.46	9.82183
1409.18	17.8037
1411.89	3.78556
1414.6	13.7674
1417.31	11.7493
1420.02	-2.26892
1422.73	17.7129
1425.44	23.6947
1428.15	13.6765
1430.85	7.65831
1433.56	7.64011
1436.26	15.6219
1438.97	19.6037
1441.67	21.5854
1444.37	1.5672
1447.07	21.549
1449.77	5.53071
1452.47	19.5125
1455.16	13.4942
1457.86	3.47593
1460.56	-6.54235
1463.25	-0.560626
1465.94	13.4211
1468.64	7.40281
1471.33	13.3845
1474.02	-0.633765
1476.71	1.34795
1479.4	7.32964
1482.09	11.3113
1484.77	23.293
1487.46	7.27474
1490.14	17.2564
1492.83	17.2381
1495.51	19.2198
1498.19	25.2015
1500.87	15.1832
1503.55	-6.83512
1506.23	15.1466
1508.91	3.12826
1511.59	3.10994
1514.27	-4.90837
1516.94	19.0733
1519.62	-6.945
1522.29	11.0367
1524.96	3.01838
1527.63	3.00008
1530.3	2.98177
1532.97	10.9635
1535.64	2.94516
1538.31	30.9269
1540.98	8.90858
1543.64	12.8903
1546.31	2.872
1548.97	6.8537
1551.63	6.83543
1554.3	2.81714
1556.96	-3.20113
1559.62	20.7806
1562.28	14.7623
1564.94	2.74409
1567.59	6.72583
1570.25	20.7076
1572.9	10.6893
1575.56	8.6711
1578.21	12.6529
1580.86	8.63465
1583.52	12.6164
1586.17	4.59822
1588.82	14.58
1591.47	0.561823
1594.11	10.5436
1596.76	18.5255
1599.41	20.5073
1602.05	8.48913
1604.69	6.47098
1607.34	20.4528
1609.98	6.43469
1612.62	14.4166
1615.26	14.3984
1617.9	0.38034
1620.54	20.3622
1623.18	12.3442
1625.81	18.3261
1628.45	28.308
1631.08	8.28996
1633.72	4.27192
1636.35	6.25389
1638.98	16.2359
1641.61	6.21786
1644.24	4.19986
1646.87	8.18187
1649.5	34.1639
1652.13	16.1459
1654.75	18.128
1657.38	10.1101
1660	20.0921
1662.63	12.0742
1665.25	10.0563
1667.87	0.0384685
1670.49	-1.97939
1673.11	12.0028
1675.73	15.9849
1678.35	7.96711
1680.96	11.9493
1683.58	13.9315
1686.19	17.9137
1688.81	-4.10401
1691.42	27.8783
1694.03	17.8605
1696.64	13.8428
1699.25	9.82514
1701.87	13.8075
1704.47	23.7898
1707.08	9.77217
1709.69	-14.2455
1712.29	9.73694
1714.9	7.71936
1717.5	21.7018
1720.1	15.6842
1722.71	9.66672
1725.31	9.64921
1727.91	21.6317
1730.51	19.6143
1733.1	9.5968
1735.7	3.57936
1738.3	11.562
1740.89	1.54456
1743.49	23.5272
1746.08	9.50984
1748.67	-6.50749
1751.26	11.4752
1753.86	5.45792
1756.45	11.4406
1759.03	7.42341
1761.62	9.40618
1764.21	3.38899
1766.8	-0.628187
1769.38	13.3547
1771.97	23.3375
1774.55	9.32041
1777.13	23.3033
1779.71	19.2863
1782.29	17.2692
1784.87	11.2522
1787.45	15.2352
1790.03	7.21826
1792.61	15.2013
1795.18	19.1844
1797.76	11.1675
1800.33	-4.84937
1802.9	1.13379
1805.48	13.117
1808.05	25.1002
1810.62	5.08341
1813.19	15.0667
1815.76	9.04995
1818.33	-0.966741
1820.89	5.01659
1823.46	4.99996
1826.02	12.9834
1828.59	0.966774
1831.15	10.9502
1833.71	12.9337
1836.27	12.9172
1838.84	24.9007
1841.39	18.8843
1843.95	6.86786
1846.51	14.8515
1849.07	28.8351
1851.62	12.8188
1854.18	6.80249
1856.73	0.786228
1859.29	-1.23002
1861.84	18.7538
1864.39	26.7376
1866.94	6.72144
1869.49	14.7053
1872.04	2.68923
1874.59	22.6732
1877.13	16.6571
1879.68	4.64114
1882.22	-5.37483
1884.77	10.6092
1887.31	8.59333
1889.85	2.57746
1892.39	2.56162
1894.93	12.5458
1897.47	8.53003
1900.01	10.5143
1902.55	12.4986
1905.09	8.48289
1907.62	6.46725
1910.16	0.451641
1912.69	10.4361
1915.22	16.4205
1917.76	14.405
1920.29	22.3895
1922.82	20.3741
1925.35	4.35866
1927.88	-9.65672
1930.4	2.32794
1932.93	12.3126
1935.46	16.2974
1937.98	18.2821
1940.51	8.26692
1943.03	18.2518
1945.55	18.2366
1948.07	-5.77847
1950.59	12.2065
1953.11	2.19145
1955.63	12.1765
1958.15	2.16152
1960.67	8.1466
1963.18	2.13173
1965.7	16.1169
1968.21	24.1021
1970.73	22.0873
1973.24	-3.92741
1975.75	10.0579
1978.26	8.04325
1980.77	0.0286359
1983.28	28.0141
1985.79	15.9995
1988.29	25.985
1990.8	21.9706
1993.31	19.9561
1995.81	-8.05825
1998.31	3.92741
