100.093	13.6944
103.274	29.6907
106.457	31.6871
109.636	19.6836
112.817	21.6803
115.994	29.6771
119.172	29.674
122.347	13.671
125.521	19.6682
128.696	17.6654
131.868	17.6628
135.039	13.6603
138.209	11.6579
141.379	5.65559
144.547	23.6534
147.713	9.65136
150.879	3.64941
154.043	13.6476
157.206	-2.35415
160.368	9.64423
163.529	25.6427
166.689	15.6413
169.848	19.64
173.006	13.6388
176.163	3.63776
179.316	25.6368
182.471	7.63591
185.625	-0.36486
188.777	11.6345
191.927	15.6339
195.077	5.63345
198.224	15.6331
201.372	19.6328
204.52	11.6327
207.664	11.6326
210.809	5.63265
213.95	15.6328
217.091	11.633
220.233	19.6334
223.372	-4.36622
226.509	13.6343
229.648	21.6349
232.784	13.6356
235.918	3.63643
239.051	9.63732
242.186	13.6383
245.317	7.63939
248.447	13.6406
251.577	7.64181
254.705	19.6432
257.832	11.6446
260.958	15.6461
264.083	-6.35227
267.204	29.6494
270.327	15.6512
273.449	9.65308
276.57	13.655
279.69	5.65707
282.806	5.65918
285.924	15.6614
289.04	-2.33633
292.154	15.666
295.268	19.6685
298.379	1.67101
301.492	23.6736
304.601	13.6763
307.711	13.6791
310.818	21.6819
313.924	3.68483
317.031	23.6878
320.135	27.6909
323.238	-4.30596
326.34	25.6973
329.443	5.70055
332.543	5.70392
335.642	3.70736
338.74	15.7109
341.836	3.71445
344.932	9.71811
348.027	5.72183
351.12	9.72562
354.213	5.72948
357.302	15.7334
360.393	15.7374
363.482	7.74148
366.57	13.7456
369.656	15.7498
372.742	15.7541
375.827	-0.241606
378.91	1.76278
381.993	-10.2328
385.073	9.77175
388.154	-0.223666
391.232	5.78097
394.311	15.7857
397.387	3.79044
400.462	23.7953
403.536	3.80014
406.611	-4.19492
409.683	-2.18992
412.754	11.8151
415.824	29.8202
418.893	19.8254
421.961	9.83063
425.027	5.83591
428.093	-0.158754
431.158	-6.15337
434.222	1.85207
437.284	-2.14243
440.346	3.86311
443.407	11.8687
446.464	1.87436
449.523	13.8801
452.581	7.88581
455.635	5.8916
458.691	7.89745
461.743	3.90334
464.797	-6.09072
467.847	1.91527
470.899	25.9213
473.947	11.9274
476.994	9.93351
480.043	17.9397
483.088	-2.0541
486.133	9.95215
489.176	13.9585
492.22	11.9648
495.262	9.97119
498.302	-4.02239
501.341	5.98408
504.38	1.99059
507.417	25.9971
510.453	-1.99628
513.487	4.01035
516.521	-3.98299
519.554	8.02371
522.586	12.0304
525.616	-5.96278
528.646	14.044
531.675	4.05088
534.701	16.0578
537.729	24.0647
540.753	20.0716
543.778	2.0786
546.8	10.0856
549.821	16.0927
552.844	6.09973
555.863	4.10684
558.881	4.11398
561.898	2.12114
564.916	12.1283
567.932	8.13557
570.946	6.14282
573.959	2.1501
576.971	0.157411
579.982	18.1647
582.993	12.1721
586	-1.82051
589.008	20.1869
592.015	22.1943
595.022	-1.7982
598.025	2.20928
601.029	6.21679
604.032	-9.77568
607.033	4.23187
610.034	-7.76055
613.032	6.24704
616.032	2.25466
619.028	4.26229
622.023	-5.73006
625.018	14.2776
628.013	8.28531
631.005	4.29301
633.997	6.30074
636.987	2.30848
639.977	0.316239
642.965	14.324
645.952	2.3318
648.939	6.33961
651.924	8.34743
654.909	14.3553
657.892	8.36311
660.873	10.371
663.854	2.37884
666.835	6.38672
669.813	4.39461
672.791	16.4025
675.767	6.41043
678.743	8.41836
681.717	-1.57371
684.692	4.43424
687.664	20.4422
690.634	14.4501
693.606	2.45811
696.575	8.46609
699.543	4.47407
702.51	2.48205
705.475	8.49004
708.44	0.498038
711.404	22.506
714.367	-1.48596
717.329	-3.47795
720.29	32.5301
723.25	0.538079
726.207	20.5461
729.166	8.55411
732.123	6.56213
735.077	14.5701
738.032	10.5782
740.984	14.5862
743.938	12.5942
746.888	-1.39778
749.839	12.6102
752.788	6.61825
755.735	10.6263
758.682	20.6343
761.627	8.64226
764.574	6.65027
767.517	12.6583
770.46	0.666253
773.402	24.6742
776.342	16.6822
779.282	4.69019
782.219	6.69815
785.157	8.70611
788.094	6.71406
791.029	20.722
793.962	12.7299
796.896	4.73786
799.828	14.7458
802.76	16.7537
805.689	24.7616
808.619	6.76946
811.546	8.77733
814.473	-5.21481
817.4	16.793
820.324	10.8009
823.248	6.8087
826.17	6.8165
829.092	14.8243
832.012	16.8321
834.932	24.8398
837.851	6.8476
840.768	8.85533
843.685	10.8631
846.599	6.87075
849.514	16.8784
852.428	8.8861
855.339	18.8937
858.251	-9.09862
861.16	16.909
864.07	22.9166
866.978	12.9242
869.884	2.93171
872.792	22.9392
875.696	14.9468
878.599	4.95424
881.502	8.96171
884.404	26.9692
887.304	2.97658
890.204	18.984
893.103	10.9914
896.001	10.9987
898.898	1.00604
901.794	11.0133
904.689	13.0206
907.581	9.02787
910.474	-6.9649
913.364	11.0423
916.256	1.04948
919.144	5.05662
922.034	13.0637
924.92	1.07083
927.808	5.0779
930.693	19.0849
933.576	1.09193
936.459	21.0989
939.341	11.1059
942.222	9.11276
945.102	5.11965
947.981	25.1265
950.859	-4.86668
953.737	19.1401
956.613	17.1469
959.488	17.1536
962.361	19.1603
965.235	9.16693
968.105	9.17355
970.977	23.1801
973.846	5.18669
976.716	13.1932
979.583	5.19969
982.449	-4.79387
985.316	7.21254
988.18	5.21891
991.043	13.2252
993.906	9.23154
996.767	17.2378
999.628	5.24402
1002.49	3.2502
1005.35	3.25635
1008.2	13.2625
1011.06	17.2685
1013.91	11.2745
1016.77	15.2805
1019.62	19.2865
1022.48	19.2924
1025.33	-2.70179
1028.18	29.304
1031.03	15.3098
1033.87	21.3155
1036.72	19.3212
1039.57	-0.673145
1042.41	7.33245
1045.26	17.338
1048.1	17.3435
1050.94	23.349
1053.78	9.3544
1056.62	11.3598
1059.46	3.36509
1062.3	7.37037
1065.14	11.3756
1067.97	15.3808
1070.81	5.38592
1073.64	9.39101
1076.47	5.39605
1079.31	23.401
1082.14	11.406
1084.97	13.4109
1087.8	9.41572
1090.63	23.4205
1093.45	-2.57475
1096.28	-0.570063
1099.1	17.4346
1101.93	3.43916
1104.75	3.4437
1107.57	3.44818
1110.39	7.45261
1113.21	13.457
1116.03	11.4613
1118.85	21.4656
1121.66	3.46978
1124.48	3.47395
1127.3	9.47805
1130.11	7.4821
1132.92	13.4861
1135.73	9.49003
1138.54	13.4939
1141.35	-6.50227
1144.16	13.5015
1146.97	13.5052
1149.78	7.50886
1152.58	3.51246
1155.39	11.516
1158.19	13.5195
1161	5.52289
1163.8	7.52624
1166.6	25.5295
1169.4	15.5328
1172.2	5.53596
1174.99	5.53908
1177.79	9.54213
1180.59	25.5451
1183.38	7.54806
1186.17	11.5509
1188.97	-4.44626
1191.76	-2.44351
1194.55	3.55917
1197.34	1.56179
1200.13	11.5643
1202.92	9.56684
1205.7	1.56926
1208.49	9.57162
1211.27	-0.426077
1214.06	9.57615
1216.84	-0.421679
1219.62	17.5804
1222.4	-0.417545
1225.18	17.5844
1227.96	19.5863
1230.74	11.5882
1233.51	15.5899
1236.29	9.59162
1239.06	15.5932
1241.84	11.5948
1244.61	21.5963
1247.38	7.59772
1250.15	13.5991
1252.92	1.60036
1255.69	5.60157
1258.46	11.6027
1261.23	3.60378
1263.99	9.60478
1266.76	5.60571
1269.52	-4.39343
1272.28	1.60735
1275.05	23.6081
1277.81	-0.391292
1280.57	5.60928
1283.33	17.6098
1286.08	7.61019
1288.84	3.61054
1291.6	-0.389189
1294.35	13.611
1297.11	5.61113
1299.86	21.6112
1302.61	9.61116
1305.36	7.61105
1308.11	7.61087
1310.86	15.6106
1313.61	15.6103
1316.36	11.6099
1319.1	-0.390604
1321.85	11.6088
1324.59	9.60819
1327.33	17.6075
1330.08	17.6067
1332.82	-2.3942
1335.56	-2.39515
1338.3	13.6038
1341.04	15.6027
1343.77	-2.39849
1346.51	13.6002
1349.25	9.59889
1351.98	17.5975
1354.71	-2.40406
1357.45	7.59435
1360.18	3.59267
1362.91	9.59091
1365.64	9.58907
1368.37	-8.41285
1371.09	3.58514
1373.82	11.5831
1376.54	9.58088
1379.27	9.57863
1381.99	11.5763
1384.72	13.5739
1387.44	9.57136
1390.16	1.56877
1392.88	7.56609
1395.6	1.56333
1398.31	11.5605
1401.03	7.55755
1403.75	3.55454
1406.46	11.5514
1409.18	25.5482
1411.89	7.54496
1414.6	23.5416
1417.31	25.5381
1420.02	11.5346
1422.73	-2.46902
1425.44	7.52727
1428.15	7.52346
1430.85	13.5196
1433.56	-6.48441
1436.26	5.51152
1438.97	9.50736
1441.67	1.50311
1444.37	7.49878
1447.07	3.49435
1449.77	17.4898
1452.47	13.4852
1455.16	-2.51948
1457.86	7.47572
1460.56	3.47084
1463.25	-2.53414
1465.94	13.4608
1468.64	9.45564
1471.33	7.45039
1474.02	15.445
1476.71	9.4396
1479.4	5.43407
1482.09	7.42844
1484.77	-0.577274
1487.46	9.41691
1490.14	7.41101
1492.83	21.405
1495.51	17.3989
1498.19	-0.607283
1500.87	11.3864
1503.55	17.3801
1506.23	1.37357
1508.91	-2.633
1511.59	5.36033
1514.27	17.3536
1516.94	9.3467
1519.62	-6.66026
1522.29	-0.667317
1524.96	19.3255
1527.63	9.31828
1530.3	7.31093
1532.97	21.3035
1535.64	23.2959
1538.31	15.2883
1540.98	5.28054
1543.64	5.2727
1546.31	-0.735244
1548.97	15.2567
1551.63	-2.75143
1554.3	15.2403
1556.96	11.232
1559.62	25.2235
1562.28	9.215
1564.94	7.20635
1567.59	23.1976
1570.25	23.1888
1572.9	5.17981
1575.56	1.17075
1578.21	-6.8384
1580.86	15.1523
1583.52	13.143
1586.17	3.13353
1588.82	21.124
1591.47	15.1143
1594.11	13.1045
1596.76	5.09465
1599.41	17.0847
1602.05	-6.92541
1604.69	3.0644
1607.34	13.0541
1609.98	-0.956295
1612.62	11.0332
1615.26	11.0226
1617.9	9.01188
1620.54	23.0011
1623.18	-7.00986
1625.81	14.9791
1628.45	8.96797
1631.08	14.9567
1633.72	14.9454
1636.35	10.9339
1638.98	6.92235
1641.61	-1.08932
1644.24	12.8989
1646.87	12.887
1649.5	0.875009
1652.13	18.8629
1654.75	4.85069
1657.38	0.838374
1660	10.8259
1662.63	-1.1866
1665.25	22.8007
1667.87	4.78799
1670.49	10.7751
1673.11	-1.23786
1675.73	10.7491
1678.35	4.73585
1680.96	6.72254
1683.58	4.70912
1686.19	22.6956
1688.81	10.6819
1691.42	-5.33181
1694.03	6.65432
1696.64	18.6403
1699.25	4.62626
1701.87	0.612048
1704.47	12.5977
1707.08	10.5833
1709.69	8.56877
1712.29	12.5541
1714.9	2.53934
1717.5	10.5245
1720.1	14.5095
1722.71	2.49436
1725.31	24.4791
1727.91	10.4638
1730.51	-1.55164
1733.1	10.4328
1735.7	14.4171
1738.3	14.4013
1740.89	22.3854
1743.49	-1.63062
1746.08	4.35324
1748.67	2.33698
1751.26	6.32062
1753.86	16.3041
1756.45	12.2875
1759.03	12.2708
1761.62	2.25396
1764.21	24.237
1766.8	4.21994
1769.38	4.20275
1771.97	16.1854
1774.55	10.168
1777.13	12.1505
1779.71	10.1328
1782.29	6.11504
1784.87	2.09714
1787.45	8.07912
1790.03	28.061
1792.61	14.0427
1795.18	-3.97563
1797.76	18.0059
1800.33	19.9873
1802.9	-0.0314611
1805.48	5.94969
1808.05	13.9307
1810.62	11.9116
1813.19	-6.10758
1815.76	5.87309
1818.33	1.85363
1820.89	9.83405
1823.46	23.8144
1826.02	13.7945
1828.59	25.7746
1831.15	21.7546
1833.71	3.73438
1836.27	1.71408
1838.84	9.69366
1841.39	25.6731
1843.95	19.6524
1846.51	13.6316
1849.07	9.61075
1851.62	21.5897
1854.18	11.5685
1856.73	5.54727
1859.29	15.5259
1861.84	5.50433
1864.39	3.48268
1866.94	17.4609
1869.49	7.439
1872.04	3.41697
1874.59	9.39482
1877.13	11.3725
1879.68	-2.64984
1882.22	5.32764
1884.77	7.30498
1887.31	7.28222
1889.85	13.2593
1892.39	11.2363
1894.93	3.21315
1897.47	13.1899
1900.01	9.16646
1902.55	3.14293
1905.09	19.1193
1907.62	15.0955
1910.16	13.0716
1912.69	-2.95243
1915.22	1.0234
1917.76	10.9991
1920.29	6.9747
1922.82	22.9502
1925.35	-3.07452
1927.88	12.9007
1930.4	8.87576
1932.93	0.850712
1935.46	2.82553
1937.98	-1.19978
1940.51	14.7748
1943.03	8.74921
1945.55	4.72352
1948.07	16.6977
1950.59	2.67175
1953.11	16.6457
1955.63	14.6194
1958.15	4.59311
1960.67	10.5666
1963.18	4.54004
1965.7	-5.48669
1968.21	10.4864
1970.73	-5.54054
1973.24	12.4323
1975.75	2.40509
1978.26	10.3777
1980.77	-5.64981
1983.28	0.322539
1985.79	16.2948
1988.29	12.2669
1990.8	12.2388
1993.31	-1.78935
1995.81	8.18235
1998.31	6.15393
