100.093	15.5017
103.274	17.5779
106.457	-0.346442
109.636	15.7286
112.817	13.8031
115.994	5.87705
119.172	3.95046
122.347	16.0233
125.521	4.09553
128.696	4.16728
131.868	8.23844
135.039	28.309
138.209	18.3791
141.379	18.4487
144.547	-5.48232
147.713	8.58613
150.879	18.654
154.043	18.7214
157.206	-1.21173
160.368	12.8546
163.529	12.9204
166.689	20.9857
169.848	7.0504
173.006	23.1146
176.163	1.17832
179.316	17.2415
182.471	9.30414
185.625	3.36631
188.777	13.428
191.927	9.48906
195.077	7.5497
198.224	11.6098
201.372	11.6694
204.52	27.7285
207.664	-0.212861
210.809	13.8453
213.95	-6.09712
217.091	7.95999
220.233	16.0166
223.372	12.0728
226.509	22.1284
229.648	8.18363
232.784	10.2383
235.918	12.2925
239.051	12.3462
242.186	0.399525
245.317	22.4523
248.447	6.50461
251.577	14.5564
254.705	-5.39219
257.832	18.6587
260.958	6.70915
264.083	18.7591
267.204	22.8086
270.327	16.8577
273.449	6.90626
276.57	18.9544
279.69	5.00211
282.806	7.04932
285.924	3.09612
289.04	9.14248
292.154	13.1884
295.268	9.23382
298.379	17.2788
301.492	-2.6766
304.601	9.36752
307.711	5.41124
310.818	17.4545
313.924	7.49732
317.031	19.5397
320.135	9.58171
323.238	-2.37674
326.34	5.66438
329.443	17.7051
332.543	13.7454
335.642	7.78526
338.74	23.8247
341.836	9.86374
344.932	5.90237
348.027	-0.0594169
351.12	17.9784
354.213	8.01579
357.302	20.0528
360.393	6.08936
363.482	10.1256
366.57	2.16136
369.656	18.1967
372.742	12.2317
375.827	-3.73365
378.91	0.300554
381.993	10.3344
385.073	22.3678
388.154	18.4009
391.232	8.43353
394.311	16.4658
397.387	-3.50228
400.462	18.5292
403.536	12.5604
406.611	10.5912
409.683	6.62155
412.754	0.651576
415.824	8.68123
418.893	10.7105
421.961	20.7394
425.027	12.768
428.093	18.7962
431.158	2.82403
434.222	10.8515
437.284	-1.12137
440.346	4.9054
443.407	-3.06819
446.464	0.957855
449.523	0.983569
452.581	11.0089
455.635	-2.96606
458.691	-4.94138
461.743	21.0829
464.797	7.10693
467.847	1.13057
470.899	11.1539
473.947	-6.82315
476.994	7.19949
480.043	7.2218
483.088	11.2438
486.133	7.26542
489.176	5.28674
492.22	15.3077
495.262	3.32841
498.302	-0.651237
501.341	11.3688
504.38	19.3885
507.417	9.4079
510.453	3.42698
513.487	5.44573
516.521	9.46419
519.554	7.48234
522.586	11.5002
525.616	5.5177
528.646	7.53493
531.675	3.55186
534.701	7.56847
537.729	11.5848
540.753	3.60081
543.778	13.6165
546.8	5.63198
549.821	-8.35289
552.844	15.662
555.863	17.6765
558.881	15.6908
561.898	5.70477
564.916	19.7185
567.932	15.7319
570.946	-0.254974
573.959	15.7579
576.971	15.7705
579.982	5.78276
582.993	5.79478
586	25.8065
589.008	17.818
592.015	5.82922
595.022	-2.15983
598.025	11.8508
601.029	19.8613
604.032	-2.1286
607.033	3.88129
610.034	1.89091
613.032	21.9003
616.032	11.9094
619.028	23.9182
622.023	7.92684
625.018	3.93519
628.013	7.94329
631.005	-0.0488627
633.997	11.9587
636.987	13.9661
639.977	11.9732
642.965	1.98007
645.952	-0.0133017
648.939	3.99309
651.924	-0.000763933
654.909	12.0051
657.892	6.01083
660.873	4.01627
663.854	12.0215
666.835	8.02647
669.813	12.0312
672.791	16.0357
675.767	10.04
678.743	4.04413
681.717	26.048
684.692	10.0516
687.664	-1.94497
690.634	12.0582
693.606	14.0612
696.575	16.064
699.543	10.0665
702.51	12.0689
705.475	4.07099
708.44	18.0729
711.404	-1.92537
714.367	4.07614
717.329	12.0774
720.29	22.0785
723.25	14.0794
726.207	-1.91986
729.166	14.0806
732.123	8.08094
735.077	0.0810523
738.032	16.081
740.984	6.08069
743.938	18.0802
746.888	14.0796
749.839	10.0787
752.788	18.0777
755.735	16.0765
758.682	16.0751
761.627	8.07348
764.574	10.0717
767.517	18.0698
770.46	16.0677
773.402	12.0654
776.342	2.06288
779.282	10.0602
782.219	14.0574
785.157	34.0544
788.094	12.0513
791.029	2.04795
793.962	6.04446
796.896	18.0408
799.828	6.03698
802.76	10.033
805.689	16.0289
808.619	14.0246
811.546	12.0201
814.473	16.0155
817.4	18.0107
820.324	0.00577777
823.248	8.0007
826.17	7.99547
829.092	23.9901
832.012	5.98457
834.932	17.9789
837.851	11.9731
840.768	7.96712
843.685	17.961
846.599	9.95477
849.514	3.94838
852.428	7.94186
855.339	15.9352
858.251	19.9284
861.16	9.92147
864.07	9.91441
866.978	25.9072
869.884	3.89989
872.792	3.89243
875.696	-0.115148
878.599	15.8771
881.502	9.86931
884.404	11.8614
887.304	17.8533
890.204	9.84508
893.103	-0.16324
896.001	11.8283
898.898	-10.1802
901.794	7.8111
904.689	1.80231
907.581	15.7934
910.474	13.7844
913.364	9.77529
916.256	21.7661
919.144	5.75673
922.034	9.74728
924.92	3.73774
927.808	-2.27192
930.693	1.71833
933.576	9.70848
936.459	15.6985
939.341	13.6885
942.222	15.6783
945.102	19.6681
947.981	11.6577
950.859	-0.352699
953.737	11.6368
956.613	11.6262
959.488	7.61545
962.361	-10.3953
965.235	-0.406231
968.105	9.5828
970.977	21.5717
973.846	11.5606
976.716	11.5494
979.583	5.5381
982.449	3.52672
985.316	3.51526
988.18	9.50372
991.043	15.4921
993.906	15.4804
996.767	17.4687
999.628	3.45684
1002.49	7.44494
1005.35	11.433
1008.2	3.42093
1011.06	13.4088
1013.91	5.39665
1016.77	7.38441
1019.62	-2.62789
1022.48	15.3597
1025.33	3.34733
1028.18	3.33484
1031.03	-0.677702
1033.87	13.3097
1036.72	7.29704
1039.57	-4.71567
1042.41	11.2716
1045.26	29.2587
1048.1	3.24587
1050.94	13.233
1053.78	17.22
1056.62	9.20696
1059.46	13.1939
1062.3	11.1808
1065.14	11.1676
1067.97	11.1544
1070.81	15.1412
1073.64	-0.872086
1076.47	13.1146
1079.31	5.10123
1082.14	-6.91216
1084.97	19.0744
1087.8	19.0609
1090.63	13.0474
1093.45	5.0339
1096.28	7.02033
1099.1	5.00674
1101.93	8.99311
1104.75	12.9795
1107.57	10.9658
1110.39	16.9521
1113.21	-5.06167
1116.03	16.9246
1118.85	10.9108
1121.66	2.897
1124.48	0.883172
1127.3	10.8693
1130.11	16.8555
1132.92	2.8416
1135.73	4.82771
1138.54	2.81381
1141.35	10.7999
1144.16	4.78595
1146.97	8.77201
1149.78	10.7581
1152.58	8.7441
1155.39	-7.26987
1158.19	8.71615
1161	6.70216
1163.8	10.6882
1166.6	4.67419
1169.4	0.660188
1172.2	14.6462
1174.99	0.632195
1177.79	2.6182
1180.59	14.6042
1183.38	-5.40978
1186.17	6.57623
1188.97	-1.43775
1191.76	-3.45173
1194.55	0.534302
1197.34	2.52034
1200.13	8.50639
1202.92	12.4924
1205.7	-5.52148
1208.49	-1.5354
1211.27	4.45069
1214.06	2.43681
1216.84	4.42293
1219.62	10.4091
1222.4	10.3952
1225.18	2.38141
1227.96	6.36761
1230.74	8.35382
1233.51	12.3401
1236.29	10.3263
1239.06	12.3126
1241.84	0.298927
1244.61	4.28526
1247.38	16.2716
1250.15	2.25803
1252.92	10.2444
1255.69	8.2309
1258.46	10.2174
1261.23	12.2039
1263.99	22.1904
1266.76	-5.82298
1269.52	6.16364
1272.28	18.1503
1275.05	16.137
1277.81	-3.87629
1280.57	2.11048
1283.33	14.0973
1286.08	2.08413
1288.84	16.071
1291.6	6.05795
1294.35	10.0449
1297.11	2.03196
1299.86	12.019
1302.61	12.0061
1305.36	17.9933
1308.11	-6.01949
1310.86	7.96777
1313.61	11.9551
1316.36	5.94244
1319.1	-0.0701372
1321.85	13.9173
1324.59	17.9049
1327.33	15.8924
1330.08	-4.11992
1332.82	9.86777
1335.56	15.8555
1338.3	3.84334
1341.04	-2.16878
1343.77	13.8191
1346.51	15.8071
1349.25	17.7952
1351.98	5.78333
1354.71	-4.22848
1357.45	11.7598
1360.18	7.7481
1362.91	-0.263514
1365.64	-8.27505
1368.37	13.7135
1371.09	5.70208
1373.82	7.69075
1376.54	1.6795
1379.27	7.66832
1381.99	5.65721
1384.72	5.64617
1387.44	-2.36478
1390.16	7.62434
1392.88	21.6135
1395.6	27.6028
1398.31	19.5922
1401.03	1.58162
1403.75	11.5711
1406.46	1.56074
1409.18	11.5504
1411.89	1.5402
1414.6	9.53005
1417.31	-4.48
1420.02	9.51003
1422.73	7.50014
1425.44	9.49035
1428.15	11.4806
1430.85	-6.52897
1433.56	1.46152
1436.26	25.4521
1438.97	9.44275
1441.67	-6.56649
1444.37	7.42436
1447.07	15.4153
1449.77	3.40636
1452.47	3.3975
1455.16	1.38874
1457.86	1.38008
1460.56	9.37152
1463.25	19.3631
1465.94	-0.645286
1468.64	7.34646
1471.33	-0.661687
1474.02	15.3303
1476.71	9.32233
1479.4	5.31449
1482.09	9.30677
1484.77	3.29915
1487.46	-12.7084
1490.14	3.28424
1492.83	11.2769
1495.51	13.2698
1498.19	1.2627
1500.87	3.25575
1503.55	7.24891
1506.23	13.2422
1508.91	7.23558
1511.59	9.22908
1514.27	17.2227
1516.94	-2.78355
1519.62	25.2103
1522.29	15.2043
1524.96	3.19838
1527.63	5.1926
1530.3	1.18694
1532.97	5.18141
1535.64	19.176
1538.31	13.1707
1540.98	11.1655
1543.64	15.1605
1546.31	19.1556
1548.97	7.15082
1551.63	11.1462
1554.3	9.14164
1556.96	3.13724
1559.62	13.133
1562.28	11.1288
1564.94	3.12484
1567.59	9.12098
1570.25	17.1172
1572.9	3.11364
1575.56	5.11018
1578.21	11.1068
1580.86	1.10366
1583.52	3.1006
1586.17	3.09769
1588.82	15.0949
1591.47	-0.907724
1594.11	7.08978
1596.76	11.0874
1599.41	-0.914784
1602.05	17.0831
1604.69	-0.918778
1607.34	17.0794
1609.98	9.07781
1612.62	7.07632
1615.26	5.07498
1617.9	5.07378
1620.54	-0.927266
1623.18	21.0718
1625.81	15.0711
1628.45	1.07049
1631.08	11.07
1633.72	11.0698
1636.35	3.06961
1638.98	5.06962
1641.61	23.0698
1644.24	3.07011
1646.87	5.07059
1649.5	1.07122
1652.13	1.07201
1654.75	1.07296
1657.38	1.07407
1660	7.07534
1662.63	29.0768
1665.25	13.0783
1667.87	7.0801
1670.49	3.08201
1673.11	9.08408
1675.73	15.0863
1678.35	7.08872
1680.96	1.09128
1683.58	11.094
1686.19	1.09691
1688.81	13.1
1691.42	1.10321
1694.03	9.10661
1696.64	3.11018
1699.25	19.1139
1701.87	1.11784
1704.47	11.1219
1707.08	19.1262
1709.69	7.1306
1712.29	7.1352
1714.9	-4.86003
1717.5	-2.85508
1720.1	3.15004
1722.71	3.15534
1725.31	3.16082
1727.91	9.16648
1730.51	9.17231
1733.1	9.17832
1735.7	1.18451
1738.3	-0.809122
1740.89	1.19743
1743.49	3.20416
1746.08	5.21108
1748.67	5.21817
1751.26	17.2255
1753.86	7.23292
1756.45	13.2406
1759.03	19.2484
1761.62	11.2564
1764.21	3.26463
1766.8	5.27302
1769.38	17.2816
1771.97	9.29038
1774.55	-4.70066
1777.13	11.3085
1779.71	7.31783
1782.29	11.3274
1784.87	17.3371
1787.45	15.347
1790.03	9.3571
1792.61	3.36741
1795.18	9.3779
1797.76	15.3886
1800.33	-8.60052
1802.9	13.4106
1805.48	5.42184
1808.05	15.4333
1810.62	21.445
1813.19	5.45687
1815.76	11.4689
1818.33	1.48123
1820.89	19.4937
1823.46	7.50637
1826.02	19.5193
1828.59	11.5323
1831.15	13.5456
1833.71	13.5591
1836.27	-2.42721
1838.84	25.5867
1841.39	17.6008
1843.95	5.6151
1846.51	19.6296
1849.07	-2.35567
1851.62	5.65926
1854.18	1.6744
1856.73	21.6897
1859.29	9.7053
1861.84	19.7211
1864.39	-0.262962
1866.94	5.75323
1869.49	-2.23037
1872.04	11.7862
1874.59	-2.19693
1877.13	17.8201
1879.68	13.8374
1882.22	23.8548
1884.77	1.87252
1887.31	17.8904
1889.85	15.9085
1892.39	1.92686
1894.93	-0.0545911
1897.47	7.96419
1900.01	9.98318
1902.55	-1.99762
1905.09	4.02181
1907.62	8.04146
1910.16	12.0613
1912.69	22.0814
1915.22	0.101733
1917.76	10.1223
1920.29	22.143
1922.82	0.164007
1925.35	2.18522
1927.88	22.2067
1930.4	10.2283
1932.93	18.2502
1935.46	12.2723
1937.98	18.2946
1940.51	12.3172
1943.03	8.34001
1945.55	12.363
1948.07	-5.61371
1950.59	-3.59024
1953.11	4.43348
1955.63	2.45742
1958.15	-1.51841
1960.67	16.506
1963.18	2.53064
1965.7	14.5555
1968.21	6.58062
1970.73	14.606
1973.24	2.63154
1975.75	8.65734
1978.26	8.6834
1980.77	8.70967
1983.28	-5.2638
1985.79	12.763
1988.29	20.7899
1990.8	14.8172
1993.31	8.84466
1995.81	4.87237
1998.31	0.900307
