100.093	32.8852
103.274	14.8718
106.457	18.8586
109.636	20.8458
112.817	6.83311
115.994	14.8207
119.172	24.8086
122.347	16.7967
125.521	24.7851
128.696	18.7737
131.868	14.7626
135.039	28.7517
138.209	20.7411
141.379	24.7307
144.547	-1.27948
147.713	6.71061
150.879	14.7009
154.043	18.6915
157.206	28.6823
160.368	14.6733
163.529	6.66462
166.689	6.65612
169.848	22.6479
173.006	14.6398
176.163	12.632
179.316	10.6244
182.471	14.6171
185.625	-1.39004
188.777	-1.39694
191.927	2.59638
195.077	-1.41008
198.224	12.5837
201.372	2.57765
204.52	-3.42815
207.664	14.5663
210.809	28.5609
213.95	2.55572
217.091	24.5508
220.233	2.54602
223.372	6.54149
226.509	24.5372
229.648	14.533
232.784	16.5291
235.918	16.5254
239.051	8.5219
242.186	22.5186
245.317	12.5155
248.447	2.51258
251.577	26.5099
254.705	8.50735
257.832	8.50502
260.958	14.5029
264.083	14.501
267.204	4.49921
270.327	4.49766
273.449	14.4963
276.57	14.4951
279.69	12.4941
282.806	18.4933
285.924	16.4927
289.04	24.4922
292.154	-1.50803
295.268	0.491881
298.379	14.492
301.492	12.4922
304.601	-1.50731
307.711	26.4933
310.818	12.4941
313.924	10.4951
317.031	22.4962
320.135	14.4975
323.238	14.499
326.34	12.5006
329.443	10.5024
332.543	8.50441
335.642	12.5065
338.74	10.5088
341.836	22.5113
344.932	18.5139
348.027	20.5167
351.12	0.51964
354.213	10.5227
357.302	16.526
360.393	20.5294
363.482	12.5329
366.57	8.53664
369.656	10.5405
372.742	2.5445
375.827	12.5486
378.91	26.5529
381.993	22.5574
385.073	6.56198
388.154	16.5667
391.232	6.57158
394.311	2.5766
397.387	0.581754
400.462	12.587
403.536	8.59247
406.611	0.598044
409.683	14.6037
412.754	2.60958
415.824	4.61555
418.893	10.6216
421.961	12.6279
425.027	10.6342
428.093	0.640722
431.158	8.64734
434.222	10.6541
437.284	10.6609
440.346	16.6679
443.407	24.675
446.464	8.68227
449.523	16.6896
452.581	16.6971
455.635	0.704684
458.691	10.7124
461.743	6.72021
464.797	12.7281
467.847	0.736195
470.899	-3.25564
473.947	12.7526
476.994	8.76101
480.043	8.76951
483.088	6.77811
486.133	8.78681
489.176	8.79562
492.22	14.8045
495.262	22.8136
498.302	0.822685
501.341	10.8319
504.38	26.8412
507.417	4.85066
510.453	12.8602
513.487	14.8698
516.521	10.8795
519.554	6.88931
522.586	22.8992
525.616	2.90921
528.646	8.9193
531.675	10.9295
534.701	6.93974
537.729	20.9501
540.753	6.96053
543.778	12.9711
546.8	8.98168
549.821	8.99237
552.844	9.00316
555.863	11.014
558.881	19.025
561.898	-4.96402
564.916	17.0471
567.932	13.0583
570.946	-0.930477
573.959	-4.91915
576.971	5.09226
579.982	1.10374
582.993	-12.8847
586	-12.8731
589.008	3.13861
592.015	23.1504
595.022	5.16221
598.025	15.1741
601.029	7.18608
604.032	11.1981
607.033	15.2102
610.034	-0.777629
613.032	7.23459
616.032	3.24688
619.028	13.2592
622.023	13.2716
625.018	11.2841
628.013	11.2966
631.005	5.30918
633.997	-4.67819
636.987	11.3345
639.977	1.34723
642.965	13.36
645.952	3.37287
648.939	3.38576
651.924	19.3987
654.909	13.4117
657.892	-0.575264
660.873	9.43781
663.854	5.45095
666.835	15.4641
669.813	23.4773
672.791	7.4906
675.767	23.5039
678.743	15.5172
681.717	3.53063
684.692	3.54405
687.664	-18.4425
690.634	1.571
693.606	13.5845
696.575	1.5981
699.543	-0.388296
702.51	3.62534
705.475	3.639
708.44	1.6527
711.404	3.66642
714.367	1.68018
717.329	7.69397
720.29	9.70778
723.25	15.7216
726.207	-0.264526
729.166	19.7494
732.123	9.76328
735.077	-0.222793
738.032	13.7912
740.984	11.8051
743.938	5.81914
746.888	-4.16685
749.839	7.84719
752.788	17.8612
755.735	19.8753
758.682	25.8894
761.627	15.9035
764.574	11.9176
767.517	23.9317
770.46	25.9458
773.402	13.96
776.342	7.97414
779.282	15.9883
782.219	16.0025
785.157	16.0167
788.094	2.03084
791.029	14.045
793.962	16.0592
796.896	2.07342
799.828	24.0876
802.76	0.101821
805.689	14.116
808.619	14.1302
811.546	12.1444
814.473	10.1586
817.4	2.17283
820.324	20.187
823.248	10.2012
826.17	0.215393
829.092	8.22957
832.012	8.24374
834.932	12.2579
837.851	30.2721
840.768	16.2862
843.685	8.30035
846.599	16.3145
849.514	14.3286
852.428	18.3427
855.339	22.3568
858.251	10.3708
861.16	20.3849
864.07	18.3989
866.978	22.4129
869.884	8.42694
872.792	22.4409
875.696	14.4549
878.599	20.4688
881.502	8.48276
884.404	4.49666
887.304	-7.48946
890.204	4.52439
893.103	8.53822
896.001	6.55202
898.898	14.5658
901.794	18.5796
904.689	12.5933
907.581	14.607
910.474	16.6206
913.364	12.6343
916.256	2.64786
919.144	8.66142
922.034	6.67497
924.92	8.68846
927.808	4.70194
930.693	14.7154
933.576	2.72876
936.459	-3.25788
939.341	4.75544
942.222	2.76872
945.102	4.78197
947.981	2.79517
950.859	10.8083
953.737	4.82146
956.613	10.8345
959.488	2.84758
962.361	8.86056
965.235	4.87351
968.105	6.88641
970.977	16.8993
973.846	18.9121
976.716	-1.07517
979.583	10.9375
982.449	6.9502
985.316	12.9628
988.18	2.97538
991.043	14.9879
993.906	3.00034
996.767	11.0127
999.628	7.02509
1002.49	23.0374
1005.35	1.04962
1008.2	5.0618
1011.06	21.0739
1013.91	1.08599
1016.77	15.098
1019.62	3.10994
1022.48	3.12183
1025.33	1.13366
1028.18	7.14543
1031.03	19.1571
1033.87	-6.83124
1036.72	-0.819655
1039.57	21.1919
1042.41	5.2033
1045.26	17.2147
1048.1	3.22599
1050.94	15.2372
1053.78	9.24841
1056.62	11.2595
1059.46	17.2706
1062.3	9.28154
1065.14	1.29243
1067.97	5.30325
1070.81	27.314
1073.64	11.3247
1076.47	-0.664713
1079.31	7.34582
1082.14	13.3563
1084.97	-2.63334
1087.8	11.377
1090.63	13.3872
1093.45	13.3973
1096.28	9.40739
1099.1	9.41738
1101.93	19.4273
1104.75	13.4371
1107.57	11.4469
1110.39	1.45652
1113.21	5.46609
1116.03	-8.52441
1118.85	7.485
1121.66	9.49432
1124.48	9.50356
1127.3	9.51271
1130.11	3.52178
1132.92	19.5308
1135.73	3.53964
1138.54	5.54843
1141.35	11.5571
1144.16	1.56576
1146.97	17.5743
1149.78	13.5827
1152.58	5.59106
1155.39	3.5993
1158.19	7.60746
1161	17.6155
1163.8	19.6235
1166.6	15.6313
1169.4	7.63912
1172.2	19.6468
1174.99	13.6544
1177.79	-6.33816
1180.59	11.6692
1183.38	19.6765
1186.17	3.68366
1188.97	19.6907
1191.76	11.6977
1194.55	7.70458
1197.34	3.71134
1200.13	9.718
1202.92	17.7246
1205.7	3.73101
1208.49	13.7374
1211.27	11.7436
1214.06	13.7497
1216.84	3.75575
1219.62	7.76166
1222.4	3.76747
1225.18	7.77316
1227.96	9.77875
1230.74	13.7842
1233.51	7.78959
1236.29	11.7948
1239.06	19.8
1241.84	9.805
1244.61	-6.19009
1247.38	3.81471
1250.15	5.81938
1252.92	19.8239
1255.69	21.8284
1258.46	7.83272
1261.23	23.8369
1263.99	5.84103
1266.76	-2.155
1269.52	17.8489
1272.28	5.85259
1275.05	5.85621
1277.81	-0.140302
1280.57	15.8631
1283.33	9.86631
1286.08	3.86944
1288.84	-2.12756
1291.6	5.87531
1294.35	13.8781
1297.11	7.88069
1299.86	-10.1168
1302.61	7.88556
1305.36	7.8878
1308.11	7.88991
1310.86	-8.1081
1313.61	-0.106244
1316.36	-0.104515
1319.1	15.8971
1321.85	-2.10145
1324.59	17.8999
1327.33	-0.098917
1330.08	3.90215
1332.82	-2.09691
1335.56	17.9039
1338.3	9.90456
1341.04	1.90509
1343.77	5.90549
1346.51	17.9057
1349.25	13.9059
1351.98	9.90586
1354.71	7.90571
1357.45	7.90542
1360.18	11.905
1362.91	7.90442
1365.64	15.9037
1368.37	13.9029
1371.09	15.9019
1373.82	9.90074
1376.54	-6.10054
1379.27	7.89805
1381.99	7.89648
1384.72	15.8948
1387.44	1.89293
1390.16	13.8909
1392.88	13.8888
1395.6	-4.1135
1398.31	11.8841
1401.03	9.88149
1403.75	7.87876
1406.46	-6.12412
1409.18	19.8729
1411.89	-0.130318
1414.6	13.8664
1417.31	5.86288
1420.02	17.8593
1422.73	9.85547
1425.44	9.85154
1428.15	3.84746
1430.85	15.8432
1433.56	21.8388
1436.26	11.8343
1438.97	15.8296
1441.67	9.82473
1444.37	5.81972
1447.07	5.81456
1449.77	7.80923
1452.47	3.80375
1455.16	3.79811
1457.86	5.79232
1460.56	5.78636
1463.25	7.78024
1465.94	15.774
1468.64	11.7675
1471.33	9.76094
1474.02	13.7542
1476.71	23.7473
1479.4	23.7402
1482.09	29.7329
1484.77	3.72552
1487.46	-0.282053
1490.14	25.7102
1492.83	17.7023
1495.51	17.6942
1498.19	7.686
1500.87	3.67761
1503.55	-0.33096
1506.23	-0.339697
1508.91	-6.3486
1511.59	5.64233
1514.27	13.6331
1516.94	7.62369
1519.62	7.6141
1522.29	7.60436
1524.96	1.59444
1527.63	9.58435
1530.3	1.57408
1532.97	15.5636
1535.64	25.553
1538.31	7.54226
1540.98	7.53131
1543.64	23.5202
1546.31	15.5089
1548.97	1.49739
1551.63	9.48574
1554.3	9.47391
1556.96	13.4619
1559.62	23.4497
1562.28	1.43736
1564.94	1.42483
1567.59	13.4121
1570.25	25.3992
1572.9	9.38614
1575.56	5.37288
1578.21	13.3595
1580.86	15.3458
1583.52	7.33203
1586.17	-4.68194
1588.82	15.3039
1591.47	-0.710445
1594.11	15.275
1596.76	7.26033
1599.41	15.2454
1602.05	19.2304
1604.69	1.2151
1607.34	5.19965
1609.98	9.18402
1612.62	13.1682
1615.26	13.1522
1617.9	7.13601
1620.54	7.11962
1623.18	11.1031
1625.81	17.0863
1628.45	17.0694
1631.08	5.05224
1633.72	5.03492
1636.35	11.0174
1638.98	-5.00029
1641.61	26.9818
1644.24	28.9637
1646.87	-1.05455
1649.5	-11.073
1652.13	16.9083
1654.75	10.8895
1657.38	2.87044
1660	4.85119
1662.63	2.83176
1665.25	18.8121
1667.87	6.7923
1670.49	-1.22771
1673.11	2.75208
1675.73	-3.26833
1678.35	4.71106
1680.96	10.6903
1683.58	16.6693
1686.19	-1.35194
1688.81	6.62666
1691.42	10.6051
1694.03	12.5833
1696.64	16.5613
1699.25	8.53909
1701.87	6.51669
1704.47	4.49409
1707.08	10.4713
1709.69	4.4483
1712.29	16.4251
1714.9	4.4017
1717.5	6.37811
1720.1	-1.6457
1722.71	2.33028
1725.31	10.3061
1727.91	14.2816
1730.51	-7.74297
1733.1	14.2322
1735.7	4.20717
1738.3	8.18193
1740.89	22.1565
1743.49	10.1308
1746.08	14.105
1748.67	4.07891
1751.26	20.0526
1753.86	10.0262
1756.45	-0.000533732
1759.03	9.97258
1761.62	-0.0545381
1764.21	7.91815
1766.8	1.89063
1769.38	23.8629
1771.97	9.83494
1774.55	7.80678
1777.13	29.7784
1779.71	27.7498
1782.29	1.72105
1784.87	5.69204
1787.45	21.6628
1790.03	13.6334
1792.61	5.60374
1795.18	-4.42611
1797.76	11.5438
1800.33	29.5135
1802.9	11.483
1805.48	17.4523
1808.05	-2.57863
1810.62	7.39022
1813.19	1.35885
1815.76	1.32727
1818.33	3.29546
1820.89	7.26343
1823.46	17.2312
1826.02	17.1987
1828.59	5.16608
1831.15	15.1332
1833.71	-2.89993
1836.27	9.06675
1838.84	7.0332
1841.39	12.9994
1843.95	4.96544
1846.51	10.9312
1849.07	-5.10319
1851.62	16.8621
1854.18	4.82726
1856.73	-5.20782
1859.29	4.75684
1861.84	6.72131
1864.39	22.6855
1866.94	6.64954
1869.49	-1.38667
1872.04	10.5769
1874.59	4.54022
1877.13	4.50333
1879.68	6.46624
1882.22	-1.57111
1884.77	8.39132
1887.31	8.35354
1889.85	10.3155
1892.39	22.2773
1894.93	14.2388
1897.47	2.2001
1900.01	18.1612
1902.55	0.122022
1905.09	16.0826
1907.62	0.0430244
1910.16	12.0032
1912.69	7.96313
1915.22	1.92282
1917.76	-4.11769
1920.29	7.84153
1922.82	3.80055
1925.35	5.75931
1927.88	7.71786
1930.4	1.67619
1932.93	3.63427
1935.46	3.59212
1937.98	1.54974
1940.51	1.50712
1943.03	-2.53573
1945.55	9.42121
1948.07	21.3779
1950.59	-2.66565
1953.11	9.29055
1955.63	17.2465
1958.15	-4.7977
1960.67	1.15782
1963.18	23.1131
1965.7	3.06814
1968.21	3.02295
1970.73	12.9775
1973.24	12.9318
1975.75	2.88596
1978.26	-1.1602
1980.77	4.79344
1983.28	4.74681
1985.79	2.69996
1988.29	16.6529
1990.8	12.6055
1993.31	-7.44204
1995.81	0.510147
1998.31	18.4621
