100.093	22.7802
103.274	10.8232
106.457	22.8659
109.636	8.90817
112.817	6.95015
115.994	-1.00824
119.172	1.03306
122.347	13.074
125.521	-2.8854
128.696	17.1549
131.868	9.19483
135.039	3.23443
138.209	19.2737
141.379	11.3127
144.547	3.35128
147.713	23.3896
150.879	15.4275
154.043	13.4652
157.206	13.5025
160.368	5.53948
163.529	5.57616
166.689	1.61251
169.848	-10.3515
173.006	1.68427
176.163	5.71968
179.316	-2.24526
182.471	-2.21048
185.625	7.82399
188.777	15.8582
191.927	11.892
195.077	23.9255
198.224	21.9587
201.372	15.9917
204.52	4.02429
207.664	6.0566
210.809	10.0886
213.95	8.12032
217.091	2.15173
220.233	6.18285
223.372	14.2137
226.509	6.24418
229.648	4.27442
232.784	-1.69565
235.918	10.334
239.051	14.3633
242.186	-5.60758
245.317	10.4212
248.447	20.4497
251.577	0.477876
254.705	8.50579
257.832	2.53343
260.958	20.5608
264.083	-1.41215
267.204	14.6146
270.327	2.64114
273.449	4.66738
276.57	12.6933
279.69	14.719
282.806	2.74444
285.924	6.76958
289.04	8.79446
292.154	18.819
295.268	4.84338
298.379	8.86744
301.492	8.89124
304.601	6.91476
307.711	28.938
310.818	2.96104
313.924	6.98377
317.031	17.0063
320.135	17.0285
323.238	-4.94956
326.34	15.0721
329.443	7.09361
332.543	-6.88519
335.642	11.1357
338.74	7.15644
341.836	19.1769
344.932	29.1971
348.027	1.21701
351.12	-2.76329
354.213	-2.74384
357.302	17.2753
360.393	5.29431
363.482	5.31303
366.57	19.3315
369.656	-2.65027
372.742	1.36772
375.827	1.38548
378.91	23.403
381.993	11.4203
385.073	1.43732
388.154	23.4541
391.232	15.4707
394.311	11.4871
397.387	5.50318
400.462	17.5191
403.536	9.53472
406.611	-0.449837
409.683	-4.43463
412.754	21.5803
415.824	5.5951
418.893	11.6096
421.961	15.624
425.027	5.63805
428.093	3.65192
431.158	15.6656
434.222	23.679
437.284	-2.30776
440.346	5.70525
443.407	21.718
446.464	9.73062
449.523	11.743
452.581	-4.24485
455.635	-2.23291
458.691	7.77884
461.743	7.79037
464.797	1.8017
467.847	7.81282
470.899	-0.176262
473.947	11.8344
476.994	-0.155041
480.043	5.85528
483.088	9.86539
486.133	15.8753
489.176	7.88501
492.22	3.89454
495.262	11.9039
498.302	1.91299
501.341	11.9219
504.38	-6.06934
507.417	7.93921
510.453	-2.05242
513.487	3.95574
516.521	9.96373
519.554	3.97152
522.586	13.9791
525.616	3.98656
528.646	7.9938
531.675	16.0009
534.701	-5.99227
537.729	20.0144
540.753	18.0209
543.778	-5.97272
546.8	2.03344
549.821	2.03942
552.844	-1.95478
555.863	6.05085
558.881	-7.94369
561.898	20.0616
564.916	8.06671
567.932	4.07165
570.946	12.0764
573.959	16.081
576.971	0.0854554
579.982	6.08972
582.993	6.09383
586	0.0977616
589.008	-3.89846
592.015	10.1051
595.022	4.1086
598.025	10.1119
601.029	20.115
604.032	-3.88201
607.033	-1.8792
610.034	6.12345
613.032	8.12595
616.032	-3.8717
619.028	-3.86951
622.023	12.1325
625.018	28.1344
628.013	6.13615
631.005	18.1377
633.997	4.13917
636.987	16.1405
639.977	4.1416
642.965	10.1426
645.952	4.14344
648.939	6.14415
651.924	2.14471
654.909	-11.8549
657.892	10.1454
660.873	-3.85446
663.854	10.1455
666.835	10.1454
669.813	12.1451
672.791	4.14471
675.767	8.14416
678.743	4.14348
681.717	4.14266
684.692	10.1417
687.664	2.14063
690.634	14.1394
693.606	20.1381
696.575	2.1366
699.543	24.135
702.51	6.13327
705.475	4.13141
708.44	6.12943
711.404	22.1273
714.367	0.125103
717.329	0.122752
720.29	8.12028
723.25	10.1177
726.207	10.115
729.166	10.1121
732.123	8.10919
735.077	16.1061
738.032	8.10294
740.984	6.09965
743.938	22.0962
746.888	8.0927
749.839	8.08906
752.788	10.0853
755.735	8.08145
758.682	18.0775
761.627	18.0734
764.574	14.0692
767.517	14.0649
770.46	8.06051
773.402	4.056
776.342	4.05139
779.282	22.0467
782.219	14.0419
785.157	14.0369
788.094	10.0319
791.029	8.02679
793.962	2.02157
796.896	20.0162
799.828	-1.98917
802.76	18.0053
805.689	13.9997
808.619	7.99399
811.546	11.9882
814.473	21.9823
817.4	9.97631
820.324	17.9702
823.248	9.96407
826.17	5.95781
829.092	-2.04854
832.012	9.94502
834.932	9.9385
837.851	13.9319
840.768	25.9252
843.685	19.9184
846.599	11.9116
849.514	9.9046
852.428	23.8976
855.339	11.8905
858.251	3.88327
861.16	13.876
864.07	13.8686
866.978	17.8612
869.884	27.8537
872.792	1.84613
875.696	27.8385
878.599	9.83074
881.502	31.8229
884.404	13.8151
887.304	33.8071
890.204	9.79908
893.103	13.791
896.001	15.7828
898.898	9.77458
901.794	9.76628
904.689	1.75791
907.581	13.7495
910.474	-4.25903
913.364	11.7324
916.256	15.7238
919.144	-0.284922
922.034	-4.29368
924.92	3.6975
927.808	7.68861
930.693	19.6797
933.576	13.6707
936.459	7.66161
939.341	-2.3475
942.222	13.6433
945.102	21.6341
947.981	7.6248
950.859	9.61546
953.737	13.6061
956.613	11.5966
959.488	21.5871
962.361	11.5776
965.235	-0.432048
968.105	-8.4417
970.977	11.5486
973.846	-2.46116
976.716	19.529
979.583	11.5192
982.449	13.5093
985.316	11.4994
988.18	-0.510624
991.043	5.47935
993.906	15.4693
996.767	25.4592
999.628	3.44901
1002.49	13.4388
1005.35	23.4286
1008.2	23.4183
1011.06	5.40798
1013.91	11.3976
1016.77	9.38723
1019.62	5.37681
1022.48	5.36634
1025.33	17.3559
1028.18	27.3453
1031.03	11.3347
1033.87	11.3242
1036.72	5.31352
1039.57	27.3029
1042.41	3.29216
1045.26	1.28144
1048.1	5.27069
1050.94	5.25991
1053.78	11.2491
1056.62	15.2383
1059.46	19.2274
1062.3	7.21651
1065.14	23.2056
1067.97	17.1947
1070.81	3.18371
1073.64	7.17272
1076.47	-12.8383
1079.31	7.15069
1082.14	-2.86035
1084.97	-4.87142
1087.8	3.11749
1090.63	11.1064
1093.45	5.09527
1096.28	5.08413
1099.1	29.073
1101.93	7.06181
1104.75	-2.94938
1107.57	15.0394
1110.39	1.02821
1113.21	15.017
1116.03	9.00575
1118.85	6.99449
1121.66	2.98324
1124.48	18.972
1127.3	4.96069
1130.11	2.94939
1132.92	12.9381
1135.73	18.9268
1138.54	18.9155
1141.35	14.9042
1144.16	0.892844
1146.97	-11.1185
1149.78	4.87019
1152.58	2.85886
1155.39	0.847523
1158.19	2.83618
1161	-3.17516
1163.8	6.81351
1166.6	18.8022
1169.4	-1.20918
1172.2	8.77949
1174.99	4.76815
1177.79	14.7568
1180.59	16.7455
1183.38	24.7342
1186.17	2.72284
1188.97	16.7115
1191.76	8.70021
1194.55	-3.31109
1197.34	6.67762
1200.13	14.6663
1202.92	6.65505
1205.7	10.6438
1208.49	16.6325
1211.27	10.6213
1214.06	8.61003
1216.84	-7.4012
1219.62	6.58759
1222.4	14.5764
1225.18	12.5652
1227.96	26.554
1230.74	6.54287
1233.51	20.5317
1236.29	-1.4794
1239.06	2.5095
1241.84	4.4984
1244.61	-11.5127
1247.38	16.4763
1250.15	8.46525
1252.92	0.454228
1255.69	4.44323
1258.46	8.43226
1261.23	12.4213
1263.99	2.41038
1266.76	10.3995
1269.52	6.38859
1272.28	2.37774
1275.05	20.3669
1277.81	10.3561
1280.57	0.345315
1283.33	10.3346
1286.08	4.32383
1288.84	8.31314
1291.6	2.30246
1294.35	8.29182
1297.11	6.28122
1299.86	-5.72937
1302.61	10.2601
1305.36	2.24957
1308.11	-1.76092
1310.86	24.2286
1313.61	14.2182
1316.36	0.207821
1319.1	6.19747
1321.85	-7.81284
1324.59	8.17688
1327.33	26.1666
1330.08	6.15643
1332.82	16.1463
1335.56	18.1361
1338.3	16.126
1341.04	-1.88401
1343.77	6.10597
1346.51	4.096
1349.25	2.08607
1351.98	22.0762
1354.71	24.0663
1357.45	-3.94348
1360.18	4.04676
1362.91	4.03704
1365.64	2.02737
1368.37	-3.98226
1371.09	8.00816
1373.82	9.99862
1376.54	13.9891
1379.27	17.9797
1381.99	15.9703
1384.72	1.96095
1387.44	19.9517
1390.16	27.9424
1392.88	7.93321
1395.6	15.9241
1398.31	1.91496
1401.03	9.90592
1403.75	-14.1031
1406.46	21.888
1409.18	1.8791
1411.89	21.8703
1414.6	5.86149
1417.31	11.8528
1420.02	13.8441
1422.73	15.8355
1425.44	25.8269
1428.15	17.8184
1430.85	11.81
1433.56	13.8016
1436.26	5.79329
1438.97	19.785
1441.67	19.7768
1444.37	9.76869
1447.07	7.76061
1449.77	3.75259
1452.47	15.7446
1455.16	7.73673
1457.86	15.7289
1460.56	11.7211
1463.25	23.7134
1465.94	31.7058
1468.64	3.69821
1471.33	7.6907
1474.02	23.6833
1476.71	13.6759
1479.4	-14.3314
1482.09	9.66133
1484.77	21.6542
1487.46	19.6471
1490.14	5.64002
1492.83	23.633
1495.51	3.62615
1498.19	21.6193
1500.87	5.61258
1503.55	15.6059
1506.23	3.59928
1508.91	17.5928
1511.59	11.5863
1514.27	9.5799
1516.94	13.5736
1519.62	1.56734
1522.29	17.5612
1524.96	11.5551
1527.63	9.54908
1530.3	9.54314
1532.97	-2.46272
1535.64	11.5315
1538.31	23.5258
1540.98	17.5202
1543.64	9.51463
1546.31	9.50917
1548.97	11.5038
1551.63	7.49848
1554.3	7.49326
1556.96	5.48812
1559.62	9.48306
1562.28	13.4781
1564.94	21.4732
1567.59	17.4684
1570.25	7.46366
1572.9	15.459
1575.56	5.45446
1578.21	19.45
1580.86	9.44561
1583.52	5.44131
1586.17	25.4371
1588.82	13.433
1591.47	9.42895
1594.11	13.425
1596.76	11.4211
1599.41	21.4174
1602.05	15.4137
1604.69	-4.58989
1607.34	11.4066
1609.98	1.4032
1612.62	13.3999
1615.26	1.39666
1617.9	15.3935
1620.54	3.3905
1623.18	7.38755
1625.81	3.3847
1628.45	15.3819
1631.08	15.3793
1633.72	-4.62328
1636.35	13.3742
1638.98	-0.628126
1641.61	11.3696
1644.24	7.36742
1646.87	15.3653
1649.5	1.36335
1652.13	15.3615
1654.75	27.3597
1657.38	13.358
1660	17.3564
1662.63	13.3549
1665.25	13.3535
1667.87	3.35223
1670.49	-10.649
1673.11	5.34996
1675.73	-4.65102
1678.35	9.3481
1680.96	11.3473
1683.58	3.34665
1686.19	23.3461
1688.81	15.3456
1691.42	19.3453
1694.03	-0.654997
1696.64	7.34485
1699.25	9.34481
1701.87	3.34488
1704.47	15.345
1707.08	3.34533
1709.69	17.3457
1712.29	1.34621
1714.9	15.3468
1717.5	-0.652475
1720.1	17.3483
1722.71	13.3493
1725.31	1.35032
1727.91	3.35148
1730.51	7.35274
1733.1	21.3541
1735.7	25.3556
1738.3	25.3572
1740.89	15.3589
1743.49	5.36074
1746.08	19.3627
1748.67	23.3647
1751.26	9.3669
1753.86	17.3692
1756.45	5.37158
1759.03	25.3741
1761.62	5.37673
1764.21	15.3795
1766.8	21.3823
1769.38	19.3853
1771.97	3.38841
1774.55	1.39163
1777.13	21.395
1779.71	-6.60158
1782.29	23.402
1784.87	21.4057
1787.45	9.40949
1790.03	1.41342
1792.61	9.41747
1795.18	19.4216
1797.76	17.4259
1800.33	5.43036
1802.9	11.4349
1805.48	3.43956
1808.05	25.4443
1810.62	27.4492
1813.19	-4.54572
1815.76	1.45944
1818.33	-2.53528
1820.89	3.47013
1823.46	15.4757
1826.02	13.4813
1828.59	19.4871
1831.15	23.493
1833.71	19.499
1836.27	25.5052
1838.84	19.5115
1841.39	13.5179
1843.95	23.5245
1846.51	15.5311
1849.07	7.53793
1851.62	19.5449
1854.18	47.5519
1856.73	19.5591
1859.29	1.56644
1861.84	17.5739
1864.39	19.5815
1866.94	13.5892
1869.49	17.597
1872.04	9.60503
1874.59	9.61314
1877.13	1.62139
1879.68	1.62976
1882.22	19.6383
1884.77	23.6469
1887.31	9.6557
1889.85	11.6646
1892.39	-0.326328
1894.93	39.6829
1897.47	-0.307817
1900.01	11.7016
1902.55	-4.28877
1905.09	11.721
1907.62	11.7308
1910.16	19.7408
1912.69	17.751
1915.22	19.7613
1917.76	3.77168
1920.29	19.7822
1922.82	15.7929
1925.35	17.8038
1927.88	-0.185244
1930.4	3.82587
1932.93	19.8371
1935.46	27.8485
1937.98	31.8601
1940.51	9.87175
1943.03	11.8836
1945.55	17.8955
1948.07	-4.09235
1950.59	21.9199
1953.11	5.93229
1955.63	13.9448
1958.15	17.9575
1960.67	15.9703
1963.18	9.9833
1965.7	27.9964
1968.21	20.0097
1970.73	18.0231
1973.24	10.0366
1975.75	16.0503
1978.26	22.0642
1980.77	22.0782
1983.28	16.0923
1985.79	10.1066
1988.29	12.121
1990.8	-3.8644
1993.31	12.1503
1995.81	10.1652
1998.31	12.1802
