100.093	19.6371
103.274	15.7223
106.457	15.8069
109.636	17.8908
112.817	9.97425
115.994	30.057
119.172	2.13923
122.347	22.2208
125.521	6.3018
128.696	22.3823
131.868	16.4621
135.039	20.5413
138.209	18.62
141.379	6.69809
144.547	16.7756
147.713	2.85251
150.879	-3.07114
154.043	23.0046
157.206	5.07985
160.368	13.1545
163.529	15.2286
166.689	17.3021
169.848	9.37506
173.006	-2.55254
176.163	21.5193
179.316	5.59055
182.471	-0.33871
185.625	-2.26852
188.777	3.80112
191.927	-4.12983
195.077	9.93873
198.224	12.0067
201.372	6.07417
204.52	22.1411
207.664	-1.79254
210.809	18.2733
213.95	2.33861
217.091	16.4034
220.233	8.46765
223.372	10.5314
226.509	8.59454
229.648	4.65725
232.784	18.7194
235.918	16.781
239.051	18.8421
242.186	8.90278
245.317	14.9629
248.447	15.0224
251.577	-0.918484
254.705	13.1401
257.832	13.1981
260.958	3.25571
264.083	9.31277
267.204	15.3693
270.327	23.4254
273.449	19.4809
276.57	1.53602
279.69	19.5906
282.806	27.6447
285.924	15.6983
289.04	-2.24856
292.154	3.80406
295.268	15.8562
298.379	17.9079
301.492	27.9591
304.601	12.0098
307.711	18.0601
310.818	2.10986
313.924	4.15916
317.031	16.208
320.135	2.25639
323.238	18.3043
326.34	10.3517
329.443	12.3988
332.543	16.4453
335.642	14.4914
338.74	8.53697
341.836	2.58214
344.932	12.6269
348.027	10.6711
351.12	4.71495
354.213	12.7583
357.302	16.8012
360.393	6.84373
363.482	22.8858
366.57	28.9274
369.656	4.96857
372.742	-2.99067
375.827	13.0496
378.91	13.0895
381.993	3.12898
385.073	11.168
388.154	1.20661
391.232	5.24477
394.311	11.2825
397.387	17.3199
400.462	11.3568
403.536	3.39329
406.611	1.42939
409.683	7.46507
412.754	3.50033
415.824	-8.46481
418.893	17.5696
421.961	13.6037
425.027	19.6373
428.093	9.67058
431.158	29.7034
434.222	-4.26413
437.284	9.76792
440.346	13.7996
443.407	1.83085
446.464	17.8617
449.523	19.8922
452.581	11.9223
455.635	9.952
458.691	11.9813
461.743	12.0103
464.797	12.0388
467.847	-1.93297
470.899	2.09485
473.947	10.1223
476.994	6.14933
480.043	8.17604
483.088	6.20235
486.133	14.2283
489.176	-3.74611
492.22	10.2791
495.262	12.304
498.302	4.32848
501.341	14.3526
504.38	14.3764
507.417	6.39983
510.453	0.4229
513.487	10.4456
516.521	14.468
519.554	16.49
522.586	-3.48833
525.616	4.53299
528.646	0.553976
531.675	14.5746
534.701	0.59491
537.729	12.6149
540.753	18.6345
543.778	2.65378
546.8	18.6727
549.821	22.6913
552.844	2.70964
555.863	6.7276
558.881	18.7452
561.898	-9.23747
564.916	12.7795
567.932	24.7962
570.946	20.8125
573.959	10.8285
576.971	18.8442
579.982	28.8596
582.993	2.87469
586	-9.11056
589.008	8.90389
592.015	-3.08197
595.022	-15.0681
598.025	12.9454
601.029	8.9586
604.032	12.9715
607.033	12.9841
610.034	8.99645
613.032	9.00846
616.032	-2.97982
619.028	13.0316
622.023	-8.95727
625.018	13.0536
628.013	13.0641
631.005	9.07438
633.997	7.08435
636.987	7.09404
639.977	13.1034
642.965	21.1126
645.952	15.1214
648.939	-6.87004
651.924	23.1382
654.909	13.1462
657.892	1.15398
660.873	17.1614
663.854	7.16862
666.835	7.17553
669.813	3.18218
672.791	11.1886
675.767	7.19467
678.743	19.2005
681.717	15.2061
684.692	3.21144
687.664	1.21651
690.634	15.2213
693.606	7.22587
696.575	13.2302
699.543	5.23421
702.51	11.238
705.475	29.2415
708.44	9.24484
711.404	23.2479
714.367	23.2507
717.329	3.25325
720.29	13.2556
723.25	9.25763
726.207	29.2595
729.166	15.2611
732.123	5.26242
735.077	3.26354
738.032	11.2644
740.984	5.26508
743.938	21.2655
746.888	11.2657
749.839	-4.73433
752.788	23.2654
755.735	13.2649
758.682	13.2642
761.627	3.26328
764.574	11.2621
767.517	5.26076
770.46	19.2592
773.402	17.2574
776.342	25.2553
779.282	13.2531
782.219	11.2507
785.157	13.248
788.094	13.2451
791.029	-2.75794
793.962	7.23878
796.896	9.23529
799.828	25.2316
802.76	21.2277
805.689	27.2236
808.619	9.21932
811.546	-0.78517
814.473	5.21014
817.4	15.2053
820.324	11.2002
823.248	-0.805089
826.17	5.18945
829.092	9.1838
832.012	21.178
834.932	-2.82806
837.851	15.1657
840.768	21.1593
843.685	13.1527
846.599	11.146
849.514	23.139
852.428	5.13193
855.339	23.1246
858.251	13.1172
861.16	15.1095
864.07	5.10169
866.978	35.0937
869.884	13.0855
872.792	17.0772
875.696	5.06871
878.599	11.06
881.502	3.05121
884.404	11.0422
887.304	17.0331
890.204	15.0237
893.103	-0.985739
896.001	11.0046
898.898	20.9948
901.794	12.9849
904.689	8.97477
907.581	20.9645
910.474	12.9541
913.364	4.94354
916.256	8.93283
919.144	18.922
922.034	2.91096
924.92	18.8998
927.808	2.88851
930.693	14.8771
933.576	12.8655
936.459	12.8538
939.341	20.8419
942.222	12.8299
945.102	10.8178
947.981	10.8055
950.859	14.7931
953.737	4.78057
956.613	14.7679
959.488	2.75511
962.361	2.74219
965.235	4.72913
968.105	12.716
970.977	6.70264
973.846	2.68922
976.716	6.67566
979.583	4.66199
982.449	6.6482
985.316	-1.36571
988.18	10.6203
991.043	14.6061
993.906	20.5919
996.767	4.57748
999.628	24.563
1002.49	10.5484
1005.35	8.53368
1008.2	10.5189
1011.06	28.5039
1013.91	6.48891
1016.77	14.4738
1019.62	22.4585
1022.48	12.4432
1025.33	2.42775
1028.18	8.4122
1031.03	14.3966
1033.87	8.38082
1036.72	12.365
1039.57	8.34903
1042.41	12.333
1045.26	-7.68312
1048.1	14.3007
1050.94	14.2844
1053.78	20.268
1056.62	18.2515
1059.46	24.2349
1062.3	14.2182
1065.14	18.2015
1067.97	6.18468
1070.81	14.1678
1073.64	6.15078
1076.47	-3.86628
1079.31	28.1166
1082.14	16.0993
1084.97	10.082
1087.8	20.0646
1090.63	10.0472
1093.45	10.0297
1096.28	6.01207
1099.1	17.9944
1101.93	3.97665
1104.75	-2.04116
1107.57	15.941
1110.39	5.92301
1113.21	3.90501
1116.03	21.8869
1118.85	9.8688
1121.66	7.8506
1124.48	7.83234
1127.3	3.81402
1130.11	7.79564
1132.92	11.7772
1135.73	1.75872
1138.54	15.7402
1141.35	31.7216
1144.16	5.70291
1146.97	23.6842
1149.78	3.66545
1152.58	3.64666
1155.39	1.6278
1158.19	1.60889
1161	-0.410058
1163.8	13.571
1166.6	3.55191
1169.4	13.5328
1172.2	11.5137
1174.99	13.4945
1177.79	19.4753
1180.59	11.4561
1183.38	15.4368
1186.17	13.4175
1188.97	13.3981
1191.76	3.37876
1194.55	5.35934
1197.34	1.33989
1200.13	11.3204
1202.92	21.3009
1205.7	-4.71864
1208.49	17.2618
1211.27	17.2422
1214.06	-8.77744
1216.84	17.2029
1219.62	11.1832
1222.4	-2.83646
1225.18	13.1438
1227.96	1.12409
1230.74	7.10432
1233.51	19.0845
1236.29	13.0648
1239.06	19.0449
1241.84	9.02512
1244.61	9.00527
1247.38	4.98542
1250.15	6.96556
1252.92	8.94568
1255.69	2.92579
1258.46	-1.0941
1261.23	8.88598
1263.99	0.866077
1266.76	16.8461
1269.52	14.8262
1272.28	20.8063
1275.05	8.78636
1277.81	-1.23357
1280.57	14.7465
1283.33	6.72655
1286.08	8.70662
1288.84	-1.31332
1291.6	6.66675
1294.35	16.6468
1297.11	34.6269
1299.86	4.60698
1302.61	6.58706
1305.36	-5.43284
1308.11	4.54726
1310.86	16.5274
1313.61	-1.49249
1316.36	2.48764
1319.1	0.467789
1321.85	10.448
1324.59	18.4281
1327.33	2.40832
1330.08	-9.61147
1332.82	20.3688
1335.56	26.349
1338.3	-1.67075
1341.04	10.3095
1343.77	20.2898
1346.51	-11.7298
1349.25	22.2505
1351.98	2.2309
1354.71	32.2113
1357.45	6.19172
1360.18	2.17217
1362.91	4.15264
1365.64	0.133148
1368.37	10.1137
1371.09	8.09425
1373.82	8.07485
1376.54	0.0554927
1379.27	2.03615
1381.99	10.0168
1384.72	-0.00242185
1387.44	11.9784
1390.16	17.9592
1392.88	15.94
1395.6	-2.07912
1398.31	23.9018
1401.03	3.88278
1403.75	5.86379
1406.46	13.8448
1409.18	13.8259
1411.89	3.80705
1414.6	3.78823
1417.31	11.7695
1420.02	1.75074
1422.73	5.73206
1425.44	-0.286576
1428.15	7.69485
1430.85	5.67632
1433.56	9.65784
1436.26	5.63941
1438.97	3.62104
1441.67	5.60273
1444.37	19.5845
1447.07	19.5663
1449.77	3.54811
1452.47	7.53002
1455.16	19.512
1457.86	11.494
1460.56	7.47608
1463.25	33.4582
1465.94	-0.559558
1468.64	17.4227
1471.33	5.40505
1474.02	5.38744
1476.71	7.36991
1479.4	17.3524
1482.09	-0.66497
1484.77	17.3177
1487.46	9.30043
1490.14	5.28323
1492.83	15.2661
1495.51	13.2491
1498.19	25.2321
1500.87	-2.78483
1503.55	17.1983
1506.23	-0.81844
1508.91	3.16488
1511.59	7.14826
1514.27	17.1317
1516.94	11.1153
1519.62	11.0989
1522.29	-0.917394
1524.96	19.0664
1527.63	13.0503
1530.3	-0.965795
1532.97	3.01823
1535.64	9.00235
1538.31	0.986542
1540.98	0.970833
1543.64	8.9552
1546.31	-7.06034
1548.97	18.9242
1551.63	10.9088
1554.3	2.89355
1556.96	-7.12163
1559.62	18.8633
1562.28	4.84827
1564.94	6.83336
1567.59	8.81854
1570.25	10.8038
1572.9	12.7892
1575.56	-3.22536
1578.21	14.7602
1580.86	4.74587
1583.52	-1.26838
1586.17	-1.28252
1588.82	12.7034
1591.47	12.6895
1594.11	-3.32435
1596.76	16.6619
1599.41	-3.35172
1602.05	0.634741
1604.69	12.6213
1607.34	14.608
1609.98	4.59476
1612.62	8.58165
1615.26	2.56864
1617.9	8.55574
1620.54	8.54295
1623.18	12.5303
1625.81	8.5177
1628.45	-1.49476
1631.08	8.4929
1633.72	-7.51933
1636.35	0.468545
1638.98	18.4565
1641.61	0.444645
1644.24	8.43287
1646.87	6.4212
1649.5	4.40966
1652.13	18.3982
1654.75	12.3869
1657.38	-3.62426
1660	2.36467
1662.63	18.3537
1665.25	8.34289
1667.87	8.33219
1670.49	10.3216
1673.11	0.31115
1675.73	-1.69918
1678.35	16.2906
1680.96	22.2805
1683.58	2.27057
1686.19	-1.73926
1688.81	34.251
1691.42	12.2415
1694.03	12.232
1696.64	6.2227
1699.25	18.2135
1701.87	4.20446
1704.47	16.1955
1707.08	2.18676
1709.69	0.178101
1712.29	10.1696
1714.9	30.1612
1717.5	8.15295
1720.1	14.1448
1722.71	14.1369
1725.31	14.129
1727.91	16.1213
1730.51	12.1138
1733.1	12.1063
1735.7	36.099
1738.3	10.0919
1740.89	-1.91509
1743.49	22.0781
1746.08	20.0713
1748.67	-3.93523
1751.26	18.0583
1753.86	4.05206
1756.45	18.0459
1759.03	12.0399
1761.62	4.03409
1764.21	8.0284
1766.8	12.0229
1769.38	22.0175
1771.97	6.01221
1774.55	-3.99289
1777.13	-1.99783
1779.71	1.99737
1782.29	-4.00727
1784.87	3.98824
1787.45	13.9839
1790.03	11.9797
1792.61	5.9757
1795.18	5.97183
1797.76	1.96811
1800.33	-6.03544
1802.9	9.96116
1805.48	5.95791
1808.05	5.95483
1810.62	11.9519
1813.19	5.94914
1815.76	13.9465
1818.33	1.94409
1820.89	13.9418
1823.46	21.9397
1826.02	23.9377
1828.59	13.9359
1831.15	9.93432
1833.71	21.9329
1836.27	5.93156
1838.84	1.93043
1841.39	5.92947
1843.95	19.9287
1846.51	-4.07195
1849.07	17.9276
1851.62	15.9273
1854.18	21.9272
1856.73	13.9272
1859.29	-4.07255
1861.84	7.92784
1864.39	9.92841
1866.94	1.92915
1869.49	21.9301
1872.04	21.9311
1874.59	-2.06759
1877.13	17.9338
1879.68	13.9355
1882.22	17.9372
1884.77	-0.0607923
1887.31	11.9413
1889.85	13.9437
1892.39	3.94617
1894.93	9.94885
1897.47	7.95171
1900.01	27.9548
1902.55	3.95797
1905.09	21.9614
1907.62	3.96496
1910.16	7.96873
1912.69	1.97268
1915.22	13.9768
1917.76	17.9811
1920.29	7.98564
1922.82	15.9903
1925.35	19.9952
1927.88	2.00027
1930.4	22.0055
1932.93	0.0109622
1935.46	12.0166
1937.98	2.02241
1940.51	6.02841
1943.03	20.0346
1945.55	12.041
1948.07	-1.95242
1950.59	6.05435
1953.11	8.06131
1955.63	12.0685
1958.15	12.0758
1960.67	6.08336
1963.18	8.0911
1965.7	6.09903
1968.21	8.10716
1970.73	14.1155
1973.24	10.124
1975.75	6.13272
1978.26	8.14164
1980.77	18.1508
1983.28	6.16007
1985.79	18.1696
1988.29	16.1793
1990.8	-3.81078
1993.31	12.1993
1995.81	4.20965
1998.31	-1.77984
