100.093	33.1667
103.274	31.0835
106.457	21.0009
109.636	26.9191
112.817	12.8381
115.994	42.7578
119.172	36.6783
122.347	32.5995
125.521	8.52148
128.696	20.4441
131.868	16.3676
135.039	44.2917
138.209	26.2166
141.379	6.1422
144.547	24.0685
147.713	19.9956
150.879	19.9233
154.043	15.8518
157.206	-8.21902
160.368	13.7109
163.529	21.6414
166.689	9.57271
169.848	17.5047
173.006	9.43733
176.163	15.3707
179.316	21.3047
182.471	21.2394
185.625	19.1748
188.777	17.1109
191.927	-2.95236
195.077	10.985
198.224	24.9231
201.372	-1.13815
204.52	28.8012
207.664	18.7413
210.809	24.682
213.95	26.6233
217.091	20.5653
220.233	10.508
223.372	22.4513
226.509	28.3952
229.648	8.3397
232.784	18.2849
235.918	4.23071
239.051	16.1771
242.186	22.1242
245.317	18.0718
248.447	14.0201
251.577	17.969
254.705	19.9185
257.832	15.8686
260.958	9.81935
264.083	-14.2293
267.204	9.7226
270.327	33.6751
273.449	37.6282
276.57	23.5819
279.69	3.5361
282.806	7.49097
285.924	11.4464
289.04	9.40237
292.154	17.359
295.268	17.3161
298.379	-2.7262
301.492	19.2321
304.601	13.1909
307.711	7.15027
310.818	21.1102
313.924	13.0707
317.031	29.0317
320.135	14.9933
323.238	10.9555
326.34	6.91812
329.443	10.8813
332.543	12.845
335.642	4.80931
338.74	10.7741
341.836	12.7394
344.932	24.7053
348.027	6.67161
351.12	2.63848
354.213	8.60586
357.302	14.5738
360.393	6.54217
363.482	4.51108
366.57	12.4805
369.656	8.4504
372.742	4.42079
375.827	22.3917
378.91	12.3631
381.993	6.33493
385.073	-1.6927
388.154	14.2801
391.232	0.253445
394.311	8.22722
397.387	0.201493
400.462	14.1762
403.536	10.1514
406.611	2.12709
409.683	8.10321
412.754	14.0798
415.824	2.05684
418.893	6.03434
421.961	10.0123
425.027	3.99067
428.093	11.9695
431.158	17.9488
434.222	3.92849
437.284	31.9086
440.346	1.88923
443.407	7.87024
446.464	11.8517
449.523	9.83356
452.581	9.81586
455.635	7.79858
458.691	35.7817
461.743	7.76525
464.797	9.7492
467.847	15.7336
470.899	13.7183
473.947	7.70352
476.994	17.6891
480.043	-0.324928
483.088	-4.33855
486.133	-2.35179
489.176	19.6354
492.22	-0.377096
495.262	15.6108
498.302	3.59914
501.341	15.5878
504.38	7.5769
507.417	7.56634
510.453	-2.44385
513.487	-14.4537
516.521	-6.46311
519.554	11.5278
522.586	3.51907
525.616	9.5107
528.646	23.5027
531.675	11.495
534.701	-2.51227
537.729	-2.51923
540.753	7.47416
543.778	7.46788
546.8	3.46196
549.821	5.45637
552.844	9.45111
555.863	9.44619
558.881	5.44159
561.898	21.4373
564.916	5.43339
567.932	5.42977
570.946	19.4265
573.959	-0.576505
576.971	11.4208
579.982	5.41848
582.993	9.41644
586	7.41471
589.008	3.41328
592.015	-4.58785
595.022	3.41133
598.025	7.4108
601.029	-0.589434
604.032	15.4106
607.033	9.41098
610.034	1.41161
613.032	-4.58746
616.032	7.41374
619.028	5.41523
622.023	-4.58301
625.018	1.41903
628.013	7.42135
631.005	9.42393
633.997	5.42678
636.987	3.4299
639.977	25.4333
642.965	5.43692
645.952	1.44082
648.939	9.44498
651.924	7.44939
654.909	7.45405
657.892	3.45896
660.873	7.46411
663.854	-0.530484
666.835	11.4752
669.813	13.481
672.791	-4.51284
675.767	5.49351
678.743	7.5001
681.717	-10.4931
684.692	9.51396
687.664	15.5212
690.634	11.5287
693.606	7.53644
696.575	5.54437
699.543	15.5525
702.51	7.56087
705.475	15.5694
708.44	29.5782
711.404	3.58721
714.367	13.5964
717.329	5.6058
720.29	17.6154
723.25	-0.374808
726.207	19.6352
729.166	3.64536
732.123	5.65573
735.077	19.6663
738.032	15.677
740.984	11.688
743.938	15.6991
746.888	15.7104
749.839	13.7218
752.788	13.7335
755.735	15.7453
758.682	1.75728
761.627	-12.2306
764.574	5.78176
767.517	3.79424
770.46	19.8069
773.402	7.81969
776.342	7.83266
779.282	9.84578
782.219	13.859
785.157	19.8725
788.094	19.886
791.029	5.89975
793.962	9.91361
796.896	21.9276
799.828	3.94175
802.76	11.956
805.689	11.9704
808.619	11.985
811.546	17.9997
814.473	6.01448
817.4	4.02942
820.324	14.0445
823.248	0.059664
826.17	26.075
829.092	4.09039
832.012	10.1059
834.932	18.1216
837.851	22.1373
840.768	6.15322
843.685	14.1692
846.599	0.18528
849.514	-1.79853
852.428	4.21777
855.339	24.2342
858.251	8.25065
861.16	-1.73277
864.07	-1.71609
866.978	14.3007
869.884	6.31753
872.792	10.3345
875.696	8.35151
878.599	2.36862
881.502	16.3858
884.404	14.4031
887.304	16.4204
890.204	16.4379
893.103	10.4554
896.001	-1.52708
898.898	10.4906
901.794	12.5083
904.689	-3.47396
907.581	24.5439
910.474	6.56176
913.364	14.5797
916.256	14.5977
919.144	6.61577
922.034	2.63389
924.92	0.652049
927.808	12.6703
930.693	-1.31147
933.576	8.70683
936.459	26.7252
939.341	20.7436
942.222	14.762
945.102	-7.21955
947.981	-7.20105
950.859	8.81749
953.737	14.8361
956.613	-9.14535
959.488	10.8733
962.361	6.89191
965.235	6.91059
968.105	2.92927
970.977	-3.05202
973.846	-1.03329
976.716	16.9855
979.583	1.00421
982.449	-0.977023
985.316	21.0418
988.18	-8.93945
991.043	1.07934
993.906	5.09814
996.767	13.1169
999.628	21.1357
1002.49	9.15455
1005.35	23.1733
1008.2	9.19214
1011.06	11.2109
1013.91	-0.770303
1016.77	17.2485
1019.62	7.26722
1022.48	23.286
1025.33	23.3047
1028.18	5.32339
1031.03	-0.657925
1033.87	7.36074
1036.72	-4.62061
1039.57	7.398
1042.41	15.4166
1045.26	-0.564852
1048.1	1.45368
1050.94	3.47218
1053.78	3.49064
1056.62	23.5091
1059.46	9.52746
1062.3	9.54582
1065.14	23.5641
1067.97	17.5824
1070.81	11.6006
1073.64	19.6188
1076.47	5.6369
1079.31	9.65498
1082.14	1.673
1084.97	11.691
1087.8	15.7089
1090.63	11.7267
1093.45	11.7445
1096.28	11.7623
1099.1	9.77996
1101.93	15.7976
1104.75	9.81512
1107.57	9.8326
1110.39	11.85
1113.21	3.86734
1116.03	9.8846
1118.85	7.9018
1121.66	-2.08109
1124.48	11.9359
1127.3	11.9529
1130.11	-4.03022
1132.92	9.98657
1135.73	6.00327
1138.54	4.01989
1141.35	4.03642
1144.16	6.05288
1146.97	18.0692
1149.78	4.08549
1152.58	14.1016
1155.39	0.11771
1158.19	14.1337
1161	8.14955
1163.8	22.1653
1166.6	16.181
1169.4	6.19655
1172.2	6.212
1174.99	4.22735
1177.79	12.2426
1180.59	20.2577
1183.38	-3.72728
1186.17	12.2876
1188.97	-3.69759
1191.76	6.31707
1194.55	8.33162
1197.34	-1.65396
1200.13	14.3603
1202.92	4.37452
1205.7	6.38857
1208.49	-3.5975
1211.27	16.4163
1214.06	26.43
1216.84	14.4435
1219.62	8.45689
1222.4	8.47016
1225.18	-5.51671
1227.96	-7.50373
1230.74	18.5091
1233.51	18.5218
1236.29	16.5344
1239.06	12.5468
1241.84	-7.4409
1244.61	8.57123
1247.38	6.58321
1250.15	2.59503
1252.92	-1.39329
1255.69	4.61823
1258.46	8.62959
1261.23	4.6408
1263.99	6.65185
1266.76	8.66275
1269.52	4.67347
1272.28	22.684
1275.05	4.69444
1277.81	4.70468
1280.57	-1.28525
1283.33	10.7246
1286.08	0.734375
1288.84	2.74393
1291.6	14.7533
1294.35	2.76253
1297.11	18.7716
1299.86	14.7804
1302.61	6.78909
1305.36	6.79758
1308.11	14.8059
1310.86	22.814
1313.61	16.822
1316.36	18.8297
1319.1	16.8373
1321.85	12.8447
1324.59	10.8519
1327.33	2.85885
1330.08	18.8657
1332.82	12.8723
1335.56	8.87867
1338.3	8.88489
1341.04	8.89089
1343.77	14.8967
1346.51	22.9023
1349.25	12.9077
1351.98	-3.08708
1354.71	18.9179
1357.45	24.9227
1360.18	12.9273
1362.91	12.9316
1365.64	0.935787
1368.37	18.9397
1371.09	8.94345
1373.82	8.94695
1376.54	4.95024
1379.27	18.9533
1381.99	4.95616
1384.72	10.9588
1387.44	10.9612
1390.16	16.9634
1392.88	10.9653
1395.6	10.967
1398.31	6.96854
1401.03	10.9698
1403.75	18.9708
1406.46	16.9716
1409.18	4.97221
1411.89	6.97254
1414.6	2.97264
1417.31	12.9725
1420.02	22.9721
1422.73	12.9715
1425.44	16.9706
1428.15	6.96951
1430.85	22.9682
1433.56	16.9666
1436.26	2.96471
1438.97	18.9626
1441.67	10.9603
1444.37	10.9577
1447.07	18.9548
1449.77	18.9517
1452.47	-1.05164
1455.16	12.9447
1457.86	12.9409
1460.56	6.93673
1463.25	10.9323
1465.94	-1.07232
1468.64	8.92276
1471.33	10.9176
1474.02	36.9121
1476.71	0.906413
1479.4	14.9004
1482.09	2.89417
1484.77	18.8877
1487.46	-7.11914
1490.14	14.8738
1492.83	6.86645
1495.51	0.858826
1498.19	12.8509
1500.87	20.8428
1503.55	10.8343
1506.23	14.8256
1508.91	6.81656
1511.59	28.8073
1514.27	16.7977
1516.94	2.78781
1519.62	-1.22235
1522.29	14.7672
1524.96	10.7565
1527.63	22.7455
1530.3	12.7341
1532.97	-5.27746
1535.64	0.710642
1538.31	-1.30155
1540.98	30.686
1543.64	18.6732
1546.31	-1.33991
1548.97	12.6467
1551.63	2.63301
1554.3	10.619
1556.96	16.6047
1559.62	22.5901
1562.28	8.57523
1564.94	2.56002
1567.59	2.5445
1570.25	14.5287
1572.9	-5.48747
1575.56	10.4961
1578.21	16.4793
1580.86	18.4622
1583.52	22.4448
1586.17	20.4271
1588.82	26.4091
1591.47	0.390772
1594.11	0.372113
1596.76	2.35313
1599.41	22.3338
1602.05	6.3142
1604.69	14.2942
1607.34	2.27397
1609.98	18.2534
1612.62	24.2324
1615.26	8.21117
1617.9	24.1896
1620.54	18.1677
1623.18	18.1454
1625.81	-3.87718
1628.45	4.09991
1631.08	22.0767
1633.72	14.0531
1636.35	4.02915
1638.98	4.00488
1641.61	19.9803
1644.24	17.9553
1646.87	7.93004
1649.5	3.9044
1652.13	9.87844
1654.75	15.8521
1657.38	7.82546
1660	13.7984
1662.63	15.7711
1665.25	9.74336
1667.87	3.71531
1670.49	9.6869
1673.11	-0.341861
1675.73	15.629
1678.35	5.59955
1680.96	-0.430278
1683.58	-10.4604
1686.19	23.509
1688.81	11.4781
1691.42	7.44686
1694.03	13.4152
1696.64	15.3833
1699.25	-2.64908
1701.87	13.3182
1704.47	17.2851
1707.08	5.2517
1709.69	17.2179
1712.29	21.1837
1714.9	3.14918
1717.5	9.11429
1720.1	5.079
1722.71	21.0433
1725.31	7.00733
1727.91	28.9709
1730.51	-3.06584
1733.1	-9.10298
1735.7	10.8595
1738.3	6.82157
1740.89	8.78329
1743.49	6.74463
1746.08	22.7056
1748.67	16.6662
1751.26	14.6264
1753.86	-7.41382
1756.45	24.5456
1759.03	14.5047
1761.62	4.46329
1764.21	0.421571
1766.8	0.37946
1769.38	16.337
1771.97	20.294
1774.55	4.25074
1777.13	22.2071
1779.71	6.16298
1782.29	-1.88147
1784.87	4.07366
1787.45	18.0284
1790.03	17.9828
1792.61	-0.0633203
1795.18	7.89024
1797.76	1.84337
1800.33	1.79612
1802.9	11.7485
1805.48	7.70042
1808.05	5.65196
1810.62	7.60309
1813.19	17.5538
1815.76	9.50414
1818.33	11.454
1820.89	15.4035
1823.46	11.3527
1826.02	-12.6987
1828.59	13.2496
1831.15	23.1975
1833.71	7.14494
1836.27	-2.90801
1838.84	3.03862
1841.39	8.98484
1843.95	2.93064
1846.51	10.876
1849.07	8.82101
1851.62	12.7655
1854.18	0.709657
1856.73	8.65338
1859.29	2.59665
1861.84	2.53953
1864.39	10.482
1866.94	14.424
1869.49	0.365567
1872.04	-1.69326
1874.59	2.24748
1877.13	8.18779
1879.68	6.12771
1882.22	16.0672
1884.77	16.0062
1887.31	7.9448
1889.85	1.88294
1892.39	13.8207
1894.93	15.758
1897.47	9.69485
1900.01	5.63129
1902.55	15.5673
1905.09	13.5029
1907.62	9.43798
1910.16	23.3727
1912.69	21.3069
1915.22	7.24074
1917.76	-0.825858
1920.29	11.107
1922.82	9.03955
1925.35	20.9716
1927.88	12.9032
1930.4	12.8344
1932.93	-9.23493
1935.46	6.69533
1937.98	20.6252
1940.51	-3.44548
1943.03	6.48343
1945.55	16.4119
1948.07	2.33995
1950.59	14.2675
1953.11	8.19464
1955.63	20.1213
1958.15	6.04757
1960.67	11.9733
1963.18	17.8987
1965.7	3.82351
1968.21	7.74791
1970.73	7.67185
1973.24	11.5953
1975.75	-0.481612
1978.26	3.44093
1980.77	7.36307
1983.28	1.28469
1985.79	3.2059
1988.29	11.1266
1990.8	1.04686
1993.31	-5.03334
1995.81	24.886
1998.31	18.8049
