100.093	-0.317463
103.274	41.7322
106.457	9.78164
109.636	7.83083
112.817	7.87981
115.994	1.92852
119.172	13.977
122.347	8.02527
125.521	-1.92672
128.696	2.12109
131.868	16.1686
135.039	24.2159
138.209	24.263
141.379	14.3099
144.547	12.3565
147.713	10.403
150.879	36.4491
154.043	-1.50493
157.206	0.540792
160.368	-1.41371
163.529	20.6316
166.689	12.6766
169.848	12.7214
173.006	6.76605
176.163	10.8104
179.316	4.85457
182.471	2.89851
185.625	8.94224
188.777	8.98574
191.927	-4.97099
195.077	15.0721
198.224	1.11491
201.372	5.15756
204.52	11.2
207.664	-2.75783
210.809	13.2842
213.95	7.32594
217.091	17.3675
220.233	17.4089
223.372	-0.550012
226.509	-4.50909
229.648	23.5317
232.784	7.57216
235.918	-2.38755
239.051	3.65255
242.186	7.69246
245.317	3.73214
248.447	11.7716
251.577	17.8109
254.705	3.84996
257.832	1.88883
260.958	19.9275
264.083	5.96597
267.204	10.0042
270.327	10.0423
273.449	8.08015
276.57	20.1178
279.69	14.1553
282.806	14.1925
285.924	6.22963
289.04	8.26652
292.154	12.3032
295.268	4.33969
298.379	4.37597
301.492	6.41208
304.601	12.448
307.711	6.48371
310.818	14.5192
313.924	4.55456
317.031	10.5897
320.135	10.6247
323.238	10.6594
326.34	20.694
329.443	8.72843
332.543	4.76263
335.642	-1.20334
338.74	10.8305
341.836	14.8641
344.932	4.89762
348.027	-1.06909
351.12	6.96402
354.213	14.9969
357.302	23.0297
360.393	9.06224
363.482	17.0946
366.57	-8.87316
369.656	19.1588
372.742	7.19071
375.827	-0.777612
378.91	13.2539
381.993	13.2852
385.073	3.31634
388.154	3.34732
391.232	13.3781
394.311	9.40875
397.387	3.4392
400.462	-2.53052
403.536	-2.50042
406.611	13.5295
409.683	3.55931
412.754	5.58891
415.824	-4.38166
418.893	1.64761
421.961	11.6767
425.027	5.70564
428.093	9.73442
431.158	13.763
434.222	11.7915
437.284	-6.18026
440.346	3.84786
443.407	3.87581
446.464	-6.09641
449.523	3.93122
452.581	13.9587
455.635	17.986
458.691	0.0131464
461.743	10.0401
464.797	18.067
467.847	12.0936
470.899	2.12016
473.947	8.14652
476.994	-3.82728
480.043	16.1988
483.088	6.22467
486.133	16.2504
489.176	12.276
492.22	8.30145
495.262	6.32674
498.302	8.35187
501.341	8.37686
504.38	16.4017
507.417	12.4264
510.453	-7.54908
513.487	2.47529
516.521	12.4995
519.554	20.5236
522.586	4.54759
525.616	-5.42862
528.646	2.59505
531.675	2.61857
534.701	8.64193
537.729	14.6652
540.753	-3.31176
543.778	8.71119
546.8	10.734
549.821	26.7566
552.844	4.77918
555.863	-1.19845
558.881	16.8238
561.898	14.8459
564.916	2.86787
567.932	-7.1103
570.946	18.9114
573.959	8.93295
576.971	14.9544
579.982	2.97566
582.993	8.99681
586	17.0178
589.008	9.03871
592.015	23.0595
595.022	-6.91991
598.025	5.10057
601.029	9.12093
604.032	13.1412
607.033	17.1613
610.034	15.1812
613.032	7.20107
616.032	-6.7792
619.028	15.2404
622.023	9.25984
625.018	3.27917
628.013	-0.701613
631.005	5.31747
633.997	11.3364
636.987	3.35526
639.977	13.374
642.965	11.3926
645.952	-0.588967
648.939	11.4294
651.924	7.44761
654.909	15.4657
657.892	7.4837
660.873	21.5016
663.854	9.51931
666.835	1.53695
669.813	-6.44555
672.791	21.5719
675.767	-0.410876
678.743	7.60629
681.717	1.62333
684.692	1.64027
687.664	23.6571
690.634	-0.326211
693.606	7.69039
696.575	1.70687
699.543	11.7232
702.51	1.73948
705.475	-2.24437
708.44	-0.228339
711.404	7.78758
714.367	9.8034
717.329	9.81911
720.29	13.8347
723.25	9.8502
726.207	1.86557
729.166	5.88085
732.123	7.89602
735.077	5.91108
738.032	17.926
740.984	-6.0591
743.938	15.9557
746.888	1.97029
749.839	11.9848
752.788	15.9993
755.735	34.0136
758.682	10.0279
761.627	8.04199
764.574	26.056
767.517	14.07
770.46	6.08381
773.402	-1.90245
776.342	4.11119
779.282	6.12474
782.219	4.13818
785.157	18.1515
788.094	10.1648
791.029	-3.82205
793.962	20.191
796.896	8.20398
799.828	8.21685
802.76	10.2296
805.689	10.2423
808.619	4.25492
811.546	8.26742
814.473	-1.72018
817.4	8.29215
820.324	28.3044
823.248	14.3165
826.17	12.3286
829.092	0.340531
832.012	22.3524
834.932	14.3642
837.851	6.37589
840.768	0.3875
843.685	12.399
846.599	20.4105
849.514	8.42181
852.428	20.4331
855.339	12.4443
858.251	6.45537
861.16	-7.53362
864.07	8.47731
866.978	14.4882
869.884	20.4989
872.792	12.5096
875.696	6.52022
878.599	20.5307
881.502	14.5412
884.404	18.5516
887.304	8.56184
890.204	6.57205
893.103	14.5822
896.001	16.5922
898.898	6.60221
901.794	-1.3879
904.689	-1.37807
907.581	0.631669
910.474	-1.35866
913.364	14.6509
916.256	8.66046
919.144	18.6699
922.034	12.6793
924.92	4.68858
927.808	10.6978
930.693	-1.29303
933.576	20.7161
936.459	4.72507
939.341	20.734
942.222	2.74288
945.102	4.75169
947.981	10.7604
950.859	14.7691
953.737	-7.22231
956.613	0.786218
959.488	8.79468
962.361	16.8031
965.235	-3.18859
968.105	6.81967
970.977	4.82787
973.846	0.835997
976.716	16.8441
979.583	20.8521
982.449	10.86
985.316	16.8679
988.18	24.8757
991.043	10.8835
993.906	12.8911
996.767	14.8988
999.628	8.90635
1002.49	10.9139
1005.35	30.9213
1008.2	6.92869
1011.06	10.936
1013.91	0.943288
1016.77	24.9505
1019.62	10.9577
1022.48	18.9648
1025.33	18.9718
1028.18	10.9788
1031.03	20.9857
1033.87	10.9926
1036.72	0.999392
1039.57	1.00615
1042.41	9.01286
1045.26	17.0195
1048.1	15.0261
1050.94	15.0327
1053.78	9.03915
1056.62	21.0456
1059.46	21.052
1062.3	15.0583
1065.14	-0.935386
1067.97	13.0709
1070.81	3.07704
1073.64	15.0832
1076.47	31.0893
1079.31	17.0953
1082.14	13.1013
1084.97	23.1072
1087.8	5.11314
1090.63	15.119
1093.45	25.1248
1096.28	27.1306
1099.1	5.13626
1101.93	13.1419
1104.75	11.1476
1107.57	9.15313
1110.39	3.15866
1113.21	3.16415
1116.03	13.1696
1118.85	13.175
1121.66	19.1804
1124.48	1.18568
1127.3	3.19095
1130.11	-4.80381
1132.92	13.2014
1135.73	7.20653
1138.54	5.21165
1141.35	11.2167
1144.16	19.2218
1146.97	1.22676
1149.78	21.2317
1152.58	17.2366
1155.39	-2.75849
1158.19	13.2464
1161	1.25117
1163.8	9.25594
1166.6	15.2607
1169.4	7.26538
1172.2	31.27
1174.99	-0.725326
1177.79	7.27927
1180.59	11.2838
1183.38	15.2884
1186.17	3.29286
1188.97	11.2973
1191.76	-8.69825
1194.55	23.3061
1197.34	9.31051
1200.13	23.3148
1202.92	7.31915
1205.7	5.32342
1208.49	13.3277
1211.27	19.3319
1214.06	-0.663932
1216.84	1.34023
1219.62	7.34435
1222.4	3.34845
1225.18	13.3525
1227.96	15.3566
1230.74	1.36059
1233.51	5.36457
1236.29	15.3685
1239.06	7.37248
1241.84	5.37639
1244.61	3.38028
1247.38	7.38414
1250.15	15.388
1252.92	11.3918
1255.69	21.3956
1258.46	15.3994
1261.23	3.4031
1263.99	9.40682
1266.76	9.41052
1269.52	17.4142
1272.28	-2.58215
1275.05	3.42149
1277.81	13.4251
1280.57	11.4287
1283.33	-0.567724
1286.08	5.43583
1288.84	9.43937
1291.6	5.44289
1294.35	-0.553614
1297.11	3.44987
1299.86	-6.54667
1302.61	1.45678
1305.36	3.4602
1308.11	9.46362
1310.86	19.467
1313.61	5.47039
1316.36	9.47376
1319.1	-2.52289
1321.85	5.48044
1324.59	17.4838
1327.33	17.4871
1330.08	1.49036
1332.82	-8.50636
1335.56	7.4969
1338.3	21.5002
1341.04	19.5034
1343.77	21.5066
1346.51	3.50984
1349.25	19.513
1351.98	3.51623
1354.71	3.51942
1357.45	9.52259
1360.18	13.5258
1362.91	9.52891
1365.64	15.5321
1368.37	15.5352
1371.09	17.5383
1373.82	17.5414
1376.54	33.5445
1379.27	9.54764
1381.99	17.5507
1384.72	7.55383
1387.44	11.5569
1390.16	3.55999
1392.88	19.5631
1395.6	-2.43388
1398.31	3.56918
1401.03	19.5722
1403.75	25.5753
1406.46	17.5783
1409.18	15.5814
1411.89	19.5844
1414.6	13.5874
1417.31	-2.40952
1420.02	11.5935
1422.73	21.5965
1425.44	-4.40044
1428.15	-0.397418
1430.85	13.6056
1433.56	-2.39137
1436.26	15.6116
1438.97	3.61467
1441.67	17.6177
1444.37	15.6207
1447.07	5.62373
1449.77	15.6268
1452.47	1.62978
1455.16	7.6328
1457.86	17.6358
1460.56	11.6389
1463.25	23.6419
1465.94	-0.355069
1468.64	23.648
1471.33	11.651
1474.02	5.65406
1476.71	13.6571
1479.4	3.66017
1482.09	17.6632
1484.77	9.66629
1487.46	25.6694
1490.14	15.6724
1492.83	-2.32448
1495.51	13.6786
1498.19	5.68171
1500.87	7.68481
1503.55	9.68792
1506.23	13.691
1508.91	9.69416
1511.59	11.6973
1514.27	13.7004
1516.94	5.70359
1519.62	11.7067
1522.29	13.7099
1524.96	5.7131
1527.63	7.71629
1530.3	-6.28051
1532.97	23.7227
1535.64	5.72592
1538.31	3.72915
1540.98	13.7324
1543.64	-4.26435
1546.31	17.7389
1548.97	5.7422
1551.63	11.7455
1554.3	11.7488
1556.96	-0.247876
1559.62	7.75546
1562.28	15.7588
1564.94	-2.23783
1567.59	-6.23446
1570.25	15.7689
1572.9	13.7723
1575.56	9.77576
1578.21	9.7792
1580.86	1.78265
1583.52	3.78612
1586.17	15.7896
1588.82	17.7931
1591.47	-10.2034
1594.11	-6.19983
1596.76	29.8037
1599.41	15.8073
1602.05	1.81089
1604.69	15.8145
1607.34	7.81813
1609.98	-6.17822
1612.62	13.8254
1615.26	9.82913
1617.9	15.8328
1620.54	9.83657
1623.18	13.8403
1625.81	29.8441
1628.45	7.84787
1631.08	3.85168
1633.72	3.85552
1636.35	7.85937
1638.98	3.86325
1641.61	15.8671
1644.24	-6.12893
1646.87	5.87501
1649.5	19.879
1652.13	3.88297
1654.75	21.887
1657.38	15.891
1660	1.89509
1662.63	11.8992
1665.25	7.9033
1667.87	17.9074
1670.49	31.9116
1673.11	15.9158
1675.73	13.92
1678.35	-0.0757529
1680.96	9.92852
1683.58	19.9328
1686.19	11.9371
1688.81	9.94148
1691.42	15.9459
1694.03	23.9503
1696.64	-0.0453023
1699.25	3.95916
1701.87	33.9636
1704.47	13.9682
1707.08	17.9727
1709.69	19.9773
1712.29	9.9819
1714.9	17.9865
1717.5	13.9912
1720.1	13.9959
1722.71	-7.99937
1725.31	6.00539
1727.91	8.01018
1730.51	14.015
1733.1	10.0199
1735.7	4.02474
1738.3	4.02966
1740.89	10.0346
1743.49	12.0396
1746.08	-3.95539
1748.67	10.0497
1751.26	24.0547
1753.86	16.0599
1756.45	4.06501
1759.03	10.0702
1761.62	18.0754
1764.21	6.08066
1766.8	8.08595
1769.38	14.0913
1771.97	16.0966
1774.55	12.102
1777.13	10.1075
1779.71	14.1129
1782.29	12.1184
1784.87	4.12396
1787.45	30.1295
1790.03	24.1352
1792.61	6.1408
1795.18	-3.85351
1797.76	12.1522
1800.33	18.158
1802.9	22.1638
1805.48	24.1696
1808.05	14.1755
1810.62	16.1814
1813.19	8.18738
1815.76	8.19338
1818.33	16.1994
1820.89	6.2055
1823.46	16.2116
1826.02	6.21777
1828.59	4.22397
1831.15	18.2302
1833.71	-1.76351
1836.27	8.24282
1838.84	6.24918
1841.39	14.2556
1843.95	42.262
1846.51	16.2685
1849.07	18.2751
1851.62	8.28163
1854.18	20.2882
1856.73	22.2949
1859.29	14.3016
1861.84	6.30836
1864.39	18.3152
1866.94	2.32199
1869.49	-5.67113
1872.04	8.3358
1874.59	18.3428
1877.13	16.3498
1879.68	8.35684
1882.22	-13.6361
1884.77	12.3711
1887.31	-1.62171
1889.85	18.3855
1892.39	32.3928
1894.93	18.4002
1897.47	4.40755
1900.01	-3.58503
1902.55	22.4225
1905.09	16.43
1907.62	2.43755
1910.16	10.4452
1912.69	0.452831
1915.22	2.46055
1917.76	14.4683
1920.29	14.4761
1922.82	16.484
1925.35	18.4919
1927.88	14.4999
1930.4	4.50787
1932.93	12.5159
1935.46	2.52404
1937.98	20.5322
1940.51	16.5404
1943.03	10.5487
1945.55	8.55698
1948.07	16.5653
1950.59	12.5738
1953.11	8.58222
1955.63	26.5907
1958.15	16.5993
1960.67	18.6079
1963.18	10.6166
1965.7	8.62532
1968.21	26.6341
1970.73	20.6429
1973.24	28.6518
1975.75	0.660742
1978.26	12.6697
1980.77	8.67877
1983.28	2.68788
1985.79	22.697
1988.29	6.70623
1990.8	14.7155
1993.31	12.7248
1995.81	18.7342
1998.31	18.7436
