100.093	11.7314
103.274	11.7457
106.457	13.7599
109.636	-0.225979
112.817	19.788
115.994	-4.19813
119.172	11.8156
122.347	13.8293
125.521	3.84279
128.696	13.8562
131.868	17.8695
135.039	9.8827
138.209	15.8958
141.379	31.9088
144.547	5.92161
147.713	7.93436
150.879	13.947
154.043	7.95953
157.206	17.972
160.368	-0.0157322
163.529	1.99648
166.689	0.00857693
169.848	6.02057
173.006	12.0325
176.163	6.04424
179.316	-1.94409
182.471	12.0675
185.625	14.079
188.777	16.0903
191.927	8.10157
195.077	2.11273
198.224	2.12378
201.372	16.1347
204.52	8.14559
207.664	14.1563
210.809	8.16698
213.95	6.17752
217.091	8.18796
220.233	-1.80169
223.372	26.2085
226.509	8.21869
229.648	10.2287
232.784	16.2387
235.918	6.24854
239.051	18.2583
242.186	10.268
245.317	0.277512
248.447	14.287
251.577	4.29634
254.705	-3.69439
257.832	18.3148
260.958	6.32387
264.083	16.3329
267.204	16.3417
270.327	16.3505
273.449	30.3593
276.57	2.36787
279.69	12.3764
282.806	0.384825
285.924	12.3932
289.04	14.4014
292.154	22.4096
295.268	20.4176
298.379	14.4256
301.492	14.4335
304.601	2.4413
307.711	6.44902
310.818	18.4566
313.924	6.46417
317.031	8.47162
320.135	16.479
323.238	20.4862
326.34	18.4934
329.443	10.5005
332.543	8.50755
335.642	24.5145
338.74	12.5213
341.836	14.5281
344.932	22.5348
348.027	-5.45864
351.12	-1.45213
354.213	4.5543
357.302	22.5606
360.393	-7.4331
363.482	-1.42692
366.57	14.5792
369.656	-7.4148
372.742	2.59114
375.827	12.597
378.91	-9.39723
381.993	10.6085
385.073	-3.38591
388.154	4.61964
391.232	8.6251
394.311	2.63048
397.387	16.6358
400.462	-1.35898
403.536	6.64617
406.611	-3.34875
409.683	4.65625
412.754	24.6612
415.824	16.666
418.893	0.670798
421.961	4.6755
425.027	16.6801
428.093	4.68468
431.158	4.68916
434.222	0.693561
437.284	2.69789
440.346	4.70216
443.407	4.70634
446.464	14.7105
449.523	-5.28549
452.581	4.71848
455.635	8.72238
458.691	18.7262
461.743	16.73
464.797	0.733675
467.847	10.7373
470.899	10.7409
473.947	10.7443
476.994	14.7478
480.043	6.75112
483.088	10.7544
486.133	12.7576
489.176	6.76077
492.22	16.7639
495.262	0.766873
498.302	12.7698
501.341	16.7727
504.38	6.77554
507.417	24.7783
510.453	-15.219
513.487	14.7836
516.521	6.78618
519.554	18.7887
522.586	8.79113
525.616	6.79351
528.646	-3.20418
531.675	26.7981
534.701	8.80027
537.729	2.8024
540.753	4.80447
543.778	16.8065
546.8	14.8084
549.821	6.81032
552.844	-1.18784
555.863	-3.18607
558.881	4.81564
561.898	36.8173
564.916	6.81889
567.932	20.8204
570.946	6.82191
573.959	10.8233
576.971	0.824706
579.982	-11.174
582.993	22.8273
586	0.828472
589.008	0.829616
592.015	6.83071
595.022	6.83174
598.025	10.8327
601.029	6.83365
604.032	-3.16548
607.033	-5.16466
610.034	8.8361
613.032	6.83682
616.032	-1.16252
619.028	4.83809
622.023	6.83864
625.018	6.83915
628.013	-1.1604
631.005	-1.16
633.997	8.84036
636.987	-7.15934
639.977	10.8409
642.965	16.8411
645.952	12.8413
648.939	8.84137
651.924	8.84143
654.909	-3.15856
657.892	18.8414
660.873	0.84131
663.854	-3.15882
666.835	20.841
669.813	12.8408
672.791	16.8405
675.767	16.8402
678.743	6.8398
681.717	-5.16061
684.692	2.83893
687.664	8.83843
690.634	2.83788
693.606	4.83729
696.575	8.83666
699.543	10.836
702.51	0.835258
705.475	12.8345
708.44	16.8337
711.404	12.8328
714.367	2.83194
717.329	0.831011
720.29	0.830036
723.25	0.82902
726.207	14.828
729.166	6.82687
732.123	10.8257
735.077	6.82455
738.032	2.82333
740.984	6.82208
743.938	26.8208
746.888	16.8194
749.839	-3.18193
752.788	24.8167
755.735	14.8152
758.682	8.81373
761.627	6.8122
764.574	2.81064
767.517	12.809
770.46	10.8074
773.402	8.80574
776.342	14.804
779.282	18.8023
782.219	2.80052
785.157	12.7987
788.094	10.7969
791.029	14.795
793.962	12.7931
796.896	18.7911
799.828	26.7891
802.76	6.78713
805.689	2.78508
808.619	18.783
811.546	28.7809
814.473	6.77874
817.4	8.77657
820.324	22.7744
823.248	26.7721
826.17	10.7699
829.092	10.7676
832.012	18.7652
834.932	20.7629
837.851	8.76047
840.768	8.75805
843.685	22.7556
846.599	22.7531
849.514	20.7506
852.428	10.7481
855.339	8.74552
858.251	36.7429
861.16	4.74031
864.07	2.73767
866.978	14.735
869.884	18.7323
872.792	8.72957
875.696	18.7268
878.599	4.72404
881.502	14.7212
884.404	14.7184
887.304	14.7156
890.204	20.7127
893.103	2.70977
896.001	12.7068
898.898	10.7039
901.794	6.70092
904.689	6.69792
907.581	8.6949
910.474	22.6919
913.364	6.68879
916.256	12.6857
919.144	12.6826
922.034	22.6795
924.92	18.6763
927.808	16.6731
930.693	18.6699
933.576	10.6667
936.459	-3.33653
939.341	14.6602
942.222	-1.34307
945.102	18.6536
947.981	10.6503
950.859	6.64697
953.737	8.64361
956.613	22.6402
959.488	0.636844
962.361	12.6334
965.235	10.63
968.105	8.62656
970.977	6.62309
973.846	12.6196
976.716	14.6161
979.583	12.6126
982.449	8.60906
985.316	4.60551
988.18	4.60195
991.043	2.59837
993.906	2.59477
996.767	4.59116
999.628	4.58753
1002.49	6.58389
1005.35	4.58024
1008.2	2.57657
1011.06	4.57289
1013.91	26.5692
1016.77	-1.43452
1019.62	6.56176
1022.48	12.558
1025.33	6.55428
1028.18	-5.44949
1031.03	-1.45326
1033.87	8.54296
1036.72	-1.46084
1039.57	28.5353
1042.41	12.5315
1045.26	-7.4723
1048.1	12.5239
1050.94	2.52001
1053.78	8.51614
1056.62	16.5123
1059.46	16.5084
1062.3	8.5045
1065.14	-1.4994
1067.97	8.49669
1070.81	16.4928
1073.64	8.48884
1076.47	-7.51509
1079.31	14.481
1082.14	-3.52298
1084.97	24.4731
1087.8	10.4691
1090.63	10.4651
1093.45	20.4611
1096.28	16.4571
1099.1	14.4532
1101.93	20.4492
1104.75	10.4452
1107.57	6.44114
1110.39	0.437121
1113.21	-5.5669
1116.03	10.4291
1118.85	6.42504
1121.66	24.421
1124.48	8.41696
1127.3	28.4129
1130.11	12.4089
1132.92	14.4048
1135.73	20.4008
1138.54	-3.6033
1141.35	-3.60736
1144.16	8.38857
1146.97	2.3845
1149.78	6.38043
1152.58	12.3764
1155.39	6.37229
1158.19	-7.63179
1161	10.3641
1163.8	0.360055
1166.6	12.356
1169.4	30.3519
1172.2	2.34781
1174.99	12.3437
1177.79	6.33965
1180.59	2.33557
1183.38	14.3315
1186.17	18.3274
1188.97	-5.67667
1191.76	12.3192
1194.55	-1.68483
1197.34	12.3111
1200.13	6.30702
1202.92	18.3029
1205.7	4.29888
1208.49	0.294808
1211.27	14.2907
1214.06	20.2867
1216.84	10.2826
1219.62	6.27856
1222.4	-9.72549
1225.18	8.27046
1227.96	12.2664
1230.74	22.2624
1233.51	0.258327
1236.29	10.2543
1239.06	10.2503
1241.84	-1.75376
1244.61	-7.75778
1247.38	6.2382
1250.15	0.234196
1252.92	-3.76981
1255.69	4.22619
1258.46	6.2222
1261.23	14.2182
1263.99	12.2142
1266.76	4.21026
1269.52	14.2063
1272.28	6.20234
1275.05	0.198389
1277.81	0.194446
1280.57	6.19051
1283.33	6.18658
1286.08	16.1827
1288.84	22.1788
1291.6	0.174846
1294.35	6.17095
1297.11	18.1671
1299.86	16.1632
1302.61	0.159322
1305.36	18.1555
1308.11	12.1516
1310.86	20.1478
1313.61	6.14395
1316.36	10.1401
1319.1	24.1363
1321.85	10.1325
1324.59	12.1287
1327.33	12.125
1330.08	0.121203
1332.82	6.11745
1335.56	16.1137
1338.3	10.11
1341.04	10.1063
1343.77	0.10256
1346.51	16.0989
1349.25	0.0951883
1351.98	8.09152
1354.71	18.0879
1357.45	8.08423
1360.18	2.0806
1362.91	6.07698
1365.64	12.0734
1368.37	12.0698
1371.09	12.0662
1373.82	8.06267
1376.54	10.0591
1379.27	4.0556
1381.99	-7.94791
1384.72	10.0486
1387.44	4.0451
1390.16	22.0416
1392.88	4.03818
1395.6	8.03475
1398.31	12.0313
1401.03	16.0279
1403.75	22.0245
1406.46	-1.97884
1409.18	4.01781
1411.89	16.0145
1414.6	6.01115
1417.31	16.0078
1420.02	8.00456
1422.73	4.00129
1425.44	3.99804
1428.15	3.99481
1430.85	17.9916
1433.56	7.9884
1436.26	11.9852
1438.97	7.98206
1441.67	17.9789
1444.37	-4.0242
1447.07	19.9727
1449.77	21.9696
1452.47	9.96655
1455.16	3.96351
1457.86	15.9605
1460.56	7.95748
1463.25	15.9545
1465.94	15.9515
1468.64	7.9486
1471.33	11.9457
1474.02	15.9428
1476.71	7.9399
1479.4	7.93704
1482.09	7.9342
1484.77	-0.0686098
1487.46	3.9286
1490.14	-4.07417
1492.83	3.92308
1495.51	19.9204
1498.19	-0.0823511
1500.87	7.91497
1503.55	-0.087689
1506.23	31.9097
1508.91	11.9071
1511.59	11.9045
1514.27	25.9019
1516.94	-8.10063
1519.62	11.8969
1522.29	7.89436
1524.96	3.89189
1527.63	-0.110555
1530.3	15.887
1532.97	13.8846
1535.64	1.88226
1538.31	9.87991
1540.98	21.8776
1543.64	15.8753
1546.31	-0.126973
1548.97	11.8708
1551.63	5.86856
1554.3	13.8664
1556.96	15.8642
1559.62	1.86206
1562.28	13.86
1564.94	7.85786
1567.59	1.8558
1570.25	-8.14623
1572.9	-8.14824
1575.56	9.84978
1578.21	3.84783
1580.86	23.8459
1583.52	13.844
1586.17	15.8421
1588.82	7.8403
1591.47	7.83849
1594.11	5.83671
1596.76	11.835
1599.41	7.83323
1602.05	-0.168471
1604.69	-0.17014
1607.34	13.8282
1609.98	1.82661
1612.62	15.825
1615.26	9.82348
1617.9	15.822
1620.54	-6.17954
1623.18	-6.181
1625.81	-0.182431
1628.45	11.8162
1631.08	13.8148
1633.72	-0.186543
1636.35	5.81215
1638.98	3.81087
1641.61	3.80962
1644.24	-2.19159
1646.87	-0.19278
1649.5	9.80607
1652.13	11.8049
1654.75	9.80385
1657.38	5.8028
1660	3.80177
1662.63	13.8008
1665.25	-2.20018
1667.87	-0.201112
1670.49	7.79799
1673.11	7.79713
1675.73	7.7963
1678.35	9.7955
1680.96	3.79474
1683.58	-6.20599
1686.19	1.79331
1688.81	11.7926
1691.42	13.792
1694.03	1.79142
1696.64	11.7909
1699.25	-4.20966
1701.87	11.7898
1704.47	7.78938
1707.08	9.78896
1709.69	-0.211427
1712.29	15.7882
1714.9	1.7879
1717.5	17.7876
1720.1	1.78737
1722.71	-0.212843
1725.31	13.787
1727.91	3.78684
1730.51	-2.21326
1733.1	19.7867
1735.7	21.7866
1738.3	11.7866
1740.89	11.7867
1743.49	7.78675
1746.08	17.7869
1748.67	5.78702
1751.26	11.7872
1753.86	3.78743
1756.45	-2.21231
1759.03	25.788
1761.62	5.78833
1764.21	7.7887
1766.8	7.78911
1769.38	13.7896
1771.97	-6.20995
1774.55	9.79058
1777.13	11.7911
1779.71	17.7917
1782.29	17.7924
1784.87	3.79307
1787.45	21.7938
1790.03	-0.205453
1792.61	17.7953
1795.18	1.79618
1797.76	5.79706
1800.33	13.798
1802.9	3.79893
1805.48	9.79992
1808.05	5.80096
1810.62	11.802
1813.19	-0.196852
1815.76	15.8043
1818.33	3.8055
1820.89	3.80674
1823.46	15.808
1826.02	9.80933
1828.59	13.8107
1831.15	11.8121
1833.71	9.81353
1836.27	17.815
1838.84	9.81653
1841.39	-4.1819
1843.95	9.8197
1846.51	7.82135
1849.07	13.823
1851.62	17.8248
1854.18	7.82655
1856.73	3.82836
1859.29	7.83022
1861.84	15.8321
1864.39	13.8341
1866.94	7.83605
1869.49	11.8381
1872.04	-6.15985
1874.59	3.84227
1877.13	13.8444
1879.68	7.84663
1882.22	1.84887
1884.77	3.85116
1887.31	17.8535
1889.85	17.8559
1892.39	27.8583
1894.93	11.8608
1897.47	23.8633
1900.01	23.8658
1902.55	9.86841
1905.09	-2.12895
1907.62	-8.12627
1910.16	15.8765
1912.69	17.8792
1915.22	13.8821
1917.76	17.8849
1920.29	-2.11217
1922.82	5.89079
1925.35	1.89379
1927.88	13.8968
1930.4	17.8999
1932.93	5.90306
1935.46	11.9062
1937.98	5.90948
1940.51	19.9128
1943.03	23.9161
1945.55	17.9194
1948.07	5.92285
1950.59	11.9263
1953.11	9.92982
1955.63	11.9334
1958.15	1.93698
1960.67	13.9406
1963.18	3.94432
1965.7	-2.05194
1968.21	13.9518
1970.73	3.95568
1973.24	-8.04043
1975.75	1.9635
1978.26	5.96748
1980.77	25.9715
1983.28	9.97558
1985.79	7.9797
1988.29	-6.01613
1990.8	27.9881
1993.31	13.9924
1995.81	3.99667
1998.31	10.001
