100.093	15.9167
103.274	8.027
106.457	10.1367
109.636	10.2457
112.817	2.35417
115.994	4.46193
119.172	12.5691
122.347	10.6757
125.521	2.78156
128.696	0.886917
131.868	8.99159
135.039	13.0956
138.209	-0.800905
141.379	3.302
144.547	5.40424
147.713	19.5059
150.879	7.6069
154.043	5.70733
157.206	9.80716
160.368	11.9064
163.529	8.00504
166.689	14.1031
169.848	10.2005
173.006	2.29742
176.163	2.3937
179.316	2.48934
182.471	-3.41554
185.625	8.679
188.777	8.77296
191.927	-9.13372
195.077	-7.04091
198.224	5.05126
201.372	7.14293
204.52	7.23403
207.664	3.3245
210.809	3.41447
213.95	-0.496187
217.091	3.5926
220.233	7.68088
223.372	17.7686
226.509	-0.144335
229.648	13.9423
232.784	10.0283
235.918	-3.88624
239.051	18.1987
242.186	24.2831
245.317	0.366922
248.447	0.450206
251.577	18.533
254.705	8.61516
257.832	4.69683
260.958	16.778
264.083	-1.14143
267.204	-1.06141
270.327	3.01814
273.449	13.0972
276.57	11.1757
279.69	11.2536
282.806	21.331
285.924	15.408
289.04	-6.51563
292.154	5.56022
295.268	1.63561
298.379	1.71043
301.492	5.7848
304.601	7.8586
307.711	7.93195
310.818	16.0047
313.924	18.077
317.031	2.14889
320.135	16.2202
323.238	10.291
326.34	12.3613
329.443	16.4311
332.543	2.50046
335.642	10.5693
338.74	16.6376
341.836	10.7055
344.932	6.77285
348.027	14.8397
351.12	2.90615
354.213	10.9721
357.302	7.03748
360.393	9.10246
363.482	-4.83304
366.57	5.23099
369.656	17.2945
372.742	15.3576
375.827	5.42022
378.91	9.48234
381.993	3.54403
385.073	-8.39477
388.154	11.666
391.232	7.72628
394.311	19.7861
397.387	13.8455
400.462	9.90442
403.536	25.9629
406.611	-3.97907
409.683	2.0785
412.754	-1.86438
415.824	10.1923
418.893	-5.75147
421.961	10.3043
425.027	-5.64032
428.093	-1.5854
431.158	4.46908
434.222	8.52313
437.284	12.5767
440.346	8.62994
443.407	2.68269
446.464	-5.26501
449.523	0.786895
452.581	6.83838
455.635	12.8894
458.691	-3.05996
461.743	18.9902
464.797	11.04
467.847	15.0894
470.899	7.13836
473.947	3.18689
476.994	7.23501
480.043	5.28276
483.088	13.3301
486.133	21.377
489.176	1.42346
492.22	7.46959
495.262	7.51528
498.302	17.5606
501.341	15.6055
504.38	15.65
507.417	17.6941
510.453	5.7378
513.487	-0.218899
516.521	1.82404
519.554	1.86659
522.586	3.90875
525.616	3.95051
528.646	-0.0080966
531.675	10.0329
534.701	2.07353
537.729	2.11379
540.753	6.15365
543.778	10.1932
546.8	-5.76774
549.821	12.271
552.844	14.3094
555.863	4.3474
558.881	16.385
561.898	0.422304
564.916	2.45923
567.932	16.4958
570.946	16.532
573.959	8.56779
576.971	10.6033
579.982	8.63837
582.993	0.673127
586	2.70751
589.008	6.74157
592.015	16.7753
595.022	14.8086
598.025	12.8416
601.029	8.87429
604.032	2.90661
607.033	2.93857
610.034	-5.02979
613.032	5.00149
616.032	19.0325
619.028	13.0631
622.023	13.0933
625.018	-4.87671
628.013	7.15292
631.005	9.1822
633.997	11.2112
636.987	5.23978
639.977	-2.73191
642.965	11.2961
645.952	11.3237
648.939	9.35106
651.924	9.37808
654.909	9.40478
657.892	1.43116
660.873	7.45721
663.854	5.48297
666.835	-2.49158
669.813	13.5335
672.791	21.5584
675.767	7.58286
678.743	21.6071
681.717	11.631
684.692	9.65457
687.664	1.67786
690.634	7.70085
693.606	11.7236
696.575	23.7459
699.543	15.768
702.51	15.7898
705.475	5.81136
708.44	9.83258
711.404	9.85351
714.367	13.8742
717.329	3.89451
720.29	5.91457
723.25	11.9344
726.207	9.95385
729.166	-0.0269306
732.123	-2.00799
735.077	12.0107
738.032	24.029
740.984	18.0471
743.938	6.06498
746.888	2.08253
749.839	-15.9002
752.788	16.1168
755.735	14.1336
758.682	16.15
761.627	6.16625
764.574	10.1822
767.517	8.19789
770.46	20.2133
773.402	14.2285
776.342	8.24337
779.282	12.258
782.219	20.2724
785.157	18.2865
788.094	6.3004
791.029	22.314
793.962	8.32739
796.896	20.3405
799.828	10.3534
802.76	4.36602
805.689	-3.6216
808.619	2.39054
811.546	8.40243
814.473	20.4141
817.4	24.4255
820.324	12.4367
823.248	14.4476
826.17	14.4583
829.092	16.4688
832.012	8.479
834.932	18.489
837.851	12.4988
840.768	16.5083
843.685	12.5176
846.599	8.5267
849.514	18.5356
852.428	16.5442
855.339	22.5526
858.251	12.5608
861.16	12.5688
864.07	12.5765
866.978	10.584
869.884	22.5914
872.792	18.5985
875.696	8.60534
878.599	22.612
881.502	4.61848
884.404	12.6247
887.304	22.6308
890.204	4.63661
893.103	30.6422
896.001	22.6477
898.898	12.6529
901.794	-1.34209
904.689	-1.33727
907.581	16.6673
910.474	14.6718
913.364	22.676
916.256	10.68
919.144	10.6839
922.034	14.6875
924.92	16.6909
927.808	4.6942
930.693	10.6973
933.576	14.7001
936.459	4.70284
939.341	4.70534
942.222	4.70766
945.102	8.7098
947.981	12.7118
950.859	16.7135
953.737	28.7151
956.613	16.7165
959.488	10.7178
962.361	4.71885
965.235	2.71974
968.105	12.7205
970.977	14.721
973.846	8.72136
976.716	10.7216
979.583	10.7216
982.449	14.7215
985.316	-7.27884
988.18	-5.2793
991.043	14.7201
993.906	10.7193
996.767	4.71832
999.628	-1.2828
1002.49	18.7159
1005.35	6.7145
1008.2	8.71291
1011.06	6.71117
1013.91	-1.29073
1016.77	16.7072
1019.62	8.70501
1022.48	12.7027
1025.33	14.7002
1028.18	8.6975
1031.03	10.6947
1033.87	-1.30825
1036.72	22.6887
1039.57	28.6854
1042.41	2.68205
1045.26	14.6785
1048.1	20.6749
1050.94	10.6711
1053.78	22.6671
1056.62	4.66306
1059.46	8.65885
1062.3	18.6545
1065.14	4.65003
1067.97	10.6454
1070.81	14.6407
1073.64	4.6358
1076.47	14.6308
1079.31	0.625672
1082.14	20.6204
1084.97	0.615034
1087.8	8.60953
1090.63	16.6039
1093.45	-1.40185
1096.28	28.5923
1099.1	-1.41371
1101.93	12.5802
1104.75	6.57395
1107.57	6.5676
1110.39	2.56114
1113.21	-1.44543
1116.03	14.5479
1118.85	14.5411
1121.66	8.53417
1124.48	4.52714
1127.3	-1.47999
1130.11	-1.48723
1132.92	18.5054
1135.73	16.498
1138.54	10.4904
1141.35	36.4828
1144.16	18.475
1146.97	-1.53287
1149.78	8.45917
1152.58	8.45111
1155.39	10.4429
1158.19	6.43469
1161	0.426331
1163.8	6.41789
1166.6	10.4093
1169.4	8.4007
1172.2	18.392
1174.99	4.38315
1177.79	12.3742
1180.59	0.365253
1183.38	8.35617
1186.17	14.347
1188.97	10.3377
1191.76	2.3284
1194.55	18.319
1197.34	8.30946
1200.13	-9.70012
1202.92	10.2902
1205.7	8.28046
1208.49	10.2706
1211.27	8.26073
1214.06	12.2508
1216.84	-3.7593
1219.62	18.2306
1222.4	2.22036
1225.18	8.21009
1227.96	16.1997
1230.74	10.1893
1233.51	8.17884
1236.29	22.1683
1239.06	12.1577
1241.84	2.14699
1244.61	0.136236
1247.38	10.1254
1250.15	24.1145
1252.92	10.1036
1255.69	14.0926
1258.46	-1.91845
1261.23	14.0704
1263.99	6.05925
1266.76	-7.95199
1269.52	-5.96328
1272.28	10.0254
1275.05	8.01397
1277.81	14.0025
1280.57	-4.00899
1283.33	9.97945
1286.08	3.96785
1288.84	19.9562
1291.6	21.9445
1294.35	-0.0672727
1297.11	-4.07907
1299.86	15.9091
1302.61	17.8972
1305.36	21.8853
1308.11	-2.12671
1310.86	7.86127
1313.61	1.84922
1316.36	9.83712
1319.1	7.82498
1321.85	3.81281
1324.59	3.8006
1327.33	7.78835
1330.08	13.7761
1332.82	17.7638
1335.56	7.75141
1338.3	1.73902
1341.04	7.72662
1343.77	3.71417
1346.51	7.70171
1349.25	13.6892
1351.98	7.67668
1354.71	3.66412
1357.45	13.6515
1360.18	15.6389
1362.91	7.6263
1365.64	13.6137
1368.37	21.601
1371.09	17.5883
1373.82	7.57557
1376.54	-2.43716
1379.27	13.5501
1381.99	-8.46268
1384.72	19.5245
1387.44	7.51173
1390.16	1.49891
1392.88	1.48608
1395.6	11.4732
1398.31	17.4604
1401.03	3.44752
1403.75	3.43464
1406.46	11.4217
1409.18	7.40885
1411.89	7.39595
1414.6	17.383
1417.31	5.37013
1420.02	1.35721
1422.73	7.34428
1425.44	11.3313
1428.15	15.3184
1430.85	-0.694516
1433.56	3.29256
1436.26	7.27962
1438.97	1.26669
1441.67	15.2538
1444.37	1.24084
1447.07	15.2279
1449.77	11.215
1452.47	13.2021
1455.16	7.18917
1457.86	3.17627
1460.56	7.16338
1463.25	-2.84951
1465.94	1.13762
1468.64	3.12475
1471.33	5.11191
1474.02	7.09906
1476.71	9.08624
1479.4	7.07342
1482.09	1.06062
1484.77	1.04784
1487.46	5.03507
1490.14	19.0223
1492.83	15.0096
1495.51	14.9969
1498.19	-3.01582
1500.87	16.9715
1503.55	6.95886
1506.23	6.94622
1508.91	16.9336
1511.59	0.921031
1514.27	4.90848
1516.94	14.8959
1519.62	-5.11657
1522.29	12.871
1524.96	10.8585
1527.63	4.84608
1530.3	6.83368
1532.97	24.8213
1535.64	-1.19102
1538.31	12.7967
1540.98	0.78441
1543.64	12.7722
1546.31	12.76
1548.97	10.7478
1551.63	0.735673
1554.3	0.723572
1556.96	6.71152
1559.62	26.6995
1562.28	4.68752
1564.94	12.6756
1567.59	16.6637
1570.25	6.65181
1572.9	12.64
1575.56	6.62822
1578.21	-1.38351
1580.86	0.604802
1583.52	14.5932
1586.17	28.5816
1588.82	-5.42999
1591.47	6.55851
1594.11	14.5471
1596.76	4.53565
1599.41	16.5243
1602.05	2.51299
1604.69	4.50173
1607.34	16.4905
1609.98	6.47938
1612.62	-5.53172
1615.26	4.45724
1617.9	14.4463
1620.54	2.43532
1623.18	-7.57556
1625.81	8.41362
1628.45	18.4029
1631.08	16.3922
1633.72	2.38152
1636.35	12.3709
1638.98	6.36041
1641.61	-3.65005
1644.24	18.3396
1646.87	8.32922
1649.5	6.31894
1652.13	2.30874
1654.75	14.2986
1657.38	2.28852
1660	6.2785
1662.63	16.2686
1665.25	26.2587
1667.87	8.24888
1670.49	0.239144
1673.11	14.2295
1675.73	-5.78012
1678.35	-1.78964
1680.96	16.2009
1683.58	18.1915
1686.19	4.18222
1688.81	14.173
1691.42	10.1638
1694.03	16.1548
1696.64	0.145752
1699.25	20.1368
1701.87	2.12797
1704.47	2.11921
1707.08	4.11052
1709.69	4.1019
1712.29	8.09337
1714.9	8.08492
1717.5	-1.92344
1720.1	0.0682762
1722.71	6.06007
1725.31	12.052
1727.91	-3.95608
1730.51	0.0359802
1733.1	6.02812
1735.7	24.0203
1738.3	8.01266
1740.89	14.0051
1743.49	-8.00245
1746.08	15.9901
1748.67	15.9828
1751.26	-0.0244366
1753.86	23.9684
1756.45	17.9614
1759.03	9.9544
1761.62	19.9475
1764.21	15.9408
1766.8	13.9341
1769.38	25.9275
1771.97	5.92099
1774.55	17.9146
1777.13	-0.0916962
1779.71	1.90211
1782.29	13.896
1784.87	5.89001
1787.45	7.88411
1790.03	11.8783
1792.61	1.87261
1795.18	1.86702
1797.76	15.8615
1800.33	7.85613
1802.9	-0.149157
1805.48	17.8457
1808.05	7.84058
1810.62	17.8356
1813.19	3.83074
1815.76	21.826
1818.33	13.8213
1820.89	5.81679
1823.46	27.8124
1826.02	-0.191974
1828.59	7.80381
1831.15	1.79971
1833.71	5.79571
1836.27	19.7918
1838.84	29.7881
1841.39	23.7844
1843.95	21.7809
1846.51	9.77743
1849.07	17.7741
1851.62	15.7709
1854.18	-2.23216
1856.73	1.76487
1859.29	7.76202
1861.84	23.7593
1864.39	11.7567
1866.94	1.75419
1869.49	1.75182
1872.04	15.7496
1874.59	-12.2526
1877.13	3.74542
1879.68	15.7435
1882.22	19.7418
1884.77	9.74012
1887.31	19.7386
1889.85	7.73721
1892.39	-8.26406
1894.93	11.7348
1897.47	1.73378
1900.01	13.7329
1902.55	13.7321
1905.09	19.7315
1907.62	11.731
1910.16	37.7306
1912.69	7.73035
1915.22	21.7302
1917.76	5.73024
1920.29	5.73038
1922.82	17.7307
1925.35	21.7311
1927.88	17.7316
1930.4	3.73228
1932.93	13.7331
1935.46	7.73403
1937.98	-6.26489
1940.51	13.7363
1943.03	5.73767
1945.55	7.73916
1948.07	29.7408
1950.59	11.7425
1953.11	11.7444
1955.63	9.74648
1958.15	13.7487
1960.67	5.75098
1963.18	17.7534
1965.7	3.75604
1968.21	11.7588
1970.73	1.76167
1973.24	5.7647
1975.75	11.7679
1978.26	17.7712
1980.77	3.77464
1983.28	25.7782
1985.79	7.782
1988.29	-4.21411
1990.8	3.78994
1993.31	11.7941
1995.81	-0.201531
1998.31	9.80295
