100.093	-0.711832
103.274	25.313
106.457	17.3379
109.636	17.3626
112.817	33.3873
115.994	15.412
119.172	15.4366
122.347	5.46111
125.521	11.4856
128.696	5.51002
131.868	21.5344
135.039	-4.4413
138.209	21.583
141.379	9.60716
144.547	15.6313
147.713	9.65539
150.879	1.67942
154.043	9.7034
157.206	25.7273
160.368	5.75118
163.529	15.775
166.689	-2.20127
169.848	9.82242
173.006	13.8461
176.163	1.86964
179.316	5.89314
182.471	1.91661
185.625	7.94002
188.777	1.96337
191.927	7.98665
195.077	2.00989
198.224	8.03305
201.372	14.0562
204.52	0.0792463
207.664	14.1022
210.809	10.1252
213.95	-1.85192
217.091	6.1709
220.233	2.19368
223.372	10.2164
226.509	18.239
229.648	0.261648
232.784	6.28418
235.918	-3.69334
239.051	-3.67092
242.186	2.35146
245.317	8.37377
248.447	4.39601
251.577	18.4182
254.705	8.44034
257.832	20.4624
260.958	18.4844
264.083	2.50638
267.204	14.5283
270.327	16.5501
273.449	12.5719
276.57	2.59362
279.69	10.6153
282.806	8.63687
285.924	6.65842
289.04	2.67991
292.154	12.7013
295.268	22.7227
298.379	12.744
301.492	26.7653
304.601	20.7864
307.711	8.80758
310.818	12.8286
313.924	8.84966
317.031	2.87062
320.135	20.8915
323.238	-7.08767
326.34	8.93311
329.443	24.9538
332.543	8.97448
335.642	10.9951
338.74	17.0156
341.836	11.0361
344.932	25.0565
348.027	1.07685
351.12	9.09715
354.213	7.11738
357.302	7.13755
360.393	-6.84234
363.482	11.1777
366.57	19.1977
369.656	15.2176
372.742	1.23752
375.827	11.2573
378.91	15.2771
381.993	7.29678
385.073	1.3164
388.154	19.336
391.232	15.3555
394.311	25.3749
397.387	5.39432
400.462	-6.58635
403.536	21.4329
406.611	11.4521
409.683	15.4713
412.754	1.49035
415.824	-4.49063
418.893	9.52834
421.961	23.5472
425.027	13.5661
428.093	-0.415144
431.158	1.60357
434.222	5.62223
437.284	-4.35917
440.346	19.6594
443.407	15.6778
446.464	7.69624
449.523	7.7146
452.581	9.73289
455.635	3.75111
458.691	9.76928
461.743	-6.21262
464.797	11.8054
467.847	13.8234
470.899	1.84132
473.947	7.85918
476.994	1.87697
480.043	-0.105292
483.088	7.91238
486.133	11.93
489.176	9.94753
492.22	-0.0349773
495.262	13.9824
498.302	7.9998
501.341	10.0171
504.38	4.03434
507.417	20.0515
510.453	12.0686
513.487	10.0857
516.521	0.102659
519.554	18.1196
522.586	2.13645
525.616	4.15325
528.646	18.17
531.675	10.1867
534.701	22.2033
537.729	20.2198
540.753	2.23631
543.778	18.2527
546.8	4.2691
549.821	28.2854
552.844	16.3016
555.863	-3.68219
558.881	10.3339
561.898	0.349966
564.916	8.36596
567.932	14.3819
570.946	12.3977
573.959	-3.58646
576.971	2.42927
579.982	0.44494
582.993	12.4605
586	24.4761
589.008	6.49157
592.015	-5.49301
595.022	8.52234
598.025	4.53763
601.029	6.55286
604.032	6.56803
607.033	10.5831
610.034	4.59816
613.032	18.6131
616.032	0.628048
619.028	14.6429
622.023	6.65767
625.018	4.67239
628.013	-3.31295
631.005	-1.29836
633.997	4.71617
636.987	8.73063
639.977	14.745
642.965	-5.24063
645.952	4.77364
648.939	0.787854
651.924	-1.198
654.909	-3.18392
657.892	0.830103
660.873	6.84405
663.854	22.8579
666.835	-5.12823
669.813	12.8855
672.791	14.8992
675.767	-3.08714
678.743	8.92643
681.717	-5.06007
684.692	8.95338
687.664	0.966753
690.634	6.98006
693.606	0.993317
696.575	19.0065
699.543	23.0196
702.51	5.03267
705.475	5.04566
708.44	7.05859
711.404	15.0714
714.367	1.08425
717.329	11.097
720.29	13.1096
723.25	1.12225
726.207	3.13479
729.166	5.14726
732.123	11.1597
735.077	7.17201
738.032	5.1843
740.984	29.1965
743.938	1.20866
746.888	3.22075
749.839	5.23277
752.788	3.24473
755.735	9.25661
758.682	21.2684
761.627	13.2802
764.574	3.2919
767.517	23.3035
770.46	17.3151
773.402	13.3266
776.342	11.338
779.282	9.34941
782.219	23.3607
785.157	13.3719
788.094	15.3831
791.029	11.3942
793.962	19.4053
796.896	-4.58374
799.828	7.42717
802.76	19.438
805.689	9.44881
808.619	17.4595
811.546	7.47018
814.473	15.4808
817.4	5.49129
820.324	27.5017
823.248	9.51214
826.17	-12.4775
829.092	-4.46728
832.012	23.5429
834.932	11.553
837.851	9.56311
840.768	-0.426887
843.685	19.583
846.599	21.5929
849.514	7.60271
852.428	17.6125
855.339	11.6221
858.251	5.63172
861.16	1.64126
864.07	19.6507
866.978	19.6601
869.884	9.66948
872.792	19.6788
875.696	19.688
878.599	-0.30289
881.502	9.70619
884.404	11.7152
887.304	19.7241
890.204	9.73302
893.103	7.74184
896.001	17.7506
898.898	9.75927
901.794	17.7679
904.689	9.77644
907.581	7.78492
910.474	9.79334
913.364	25.8017
916.256	-4.19002
919.144	5.8182
922.034	-2.17365
924.92	11.8344
927.808	19.8425
930.693	5.85042
933.576	3.8583
936.459	9.86613
939.341	-2.12612
942.222	15.8816
945.102	7.88919
947.981	1.89675
950.859	17.9042
953.737	13.9117
956.613	13.919
959.488	-2.07368
962.361	21.9335
965.235	15.9407
968.105	5.94779
970.977	15.9548
973.846	11.9618
976.716	-4.03132
979.583	5.9755
982.449	3.98226
985.316	7.98896
988.18	9.99558
991.043	-1.99786
993.906	6.00864
996.767	16.0151
999.628	-9.97857
1002.49	6.02772
1005.35	16.034
1008.2	20.0401
1011.06	6.0462
1013.91	4.05223
1016.77	10.0582
1019.62	8.06409
1022.48	22.0699
1025.33	20.0757
1028.18	6.08137
1031.03	2.087
1033.87	4.09256
1036.72	8.09805
1039.57	22.1035
1042.41	10.1088
1045.26	28.1141
1048.1	22.1194
1050.94	12.1245
1053.78	4.12961
1056.62	12.1346
1059.46	12.1396
1062.3	14.1445
1065.14	14.1493
1067.97	12.1541
1070.81	14.1588
1073.64	4.16339
1076.47	12.1679
1079.31	16.1724
1082.14	18.1769
1084.97	22.1812
1087.8	2.18551
1090.63	16.1897
1093.45	18.1939
1096.28	10.198
1099.1	16.202
1101.93	26.206
1104.75	18.2098
1107.57	8.21366
1110.39	12.2174
1113.21	14.2211
1116.03	4.22472
1118.85	4.22827
1121.66	16.2318
1124.48	4.23517
1127.3	16.2385
1130.11	14.2418
1132.92	16.245
1135.73	18.2482
1138.54	12.2513
1141.35	-7.74573
1144.16	22.2572
1146.97	14.2601
1149.78	0.26291
1152.58	-11.7343
1155.39	6.26833
1158.19	8.27094
1161	6.27349
1163.8	8.27596
1166.6	14.2784
1169.4	2.28072
1172.2	18.283
1174.99	10.2852
1177.79	16.2873
1180.59	10.2894
1183.38	6.29142
1186.17	6.29336
1188.97	10.2952
1191.76	2.29703
1194.55	8.29877
1197.34	2.30044
1200.13	14.302
1202.92	20.3036
1205.7	-1.69496
1208.49	4.30644
1211.27	12.3078
1214.06	8.30904
1216.84	0.310235
1219.62	8.31136
1222.4	2.31243
1225.18	0.313422
1227.96	6.31435
1230.74	16.3152
1233.51	20.316
1236.29	10.3167
1239.06	2.31739
1241.84	8.31798
1244.61	16.3185
1247.38	-7.68104
1250.15	8.31934
1252.92	4.31966
1255.69	0.319918
1258.46	8.3201
1261.23	10.3202
1263.99	-1.67973
1266.76	14.3203
1269.52	10.3202
1272.28	0.32002
1275.05	14.3198
1277.81	10.3195
1280.57	2.31916
1283.33	-9.68126
1286.08	-3.68175
1288.84	10.3177
1291.6	12.3171
1294.35	6.31638
1297.11	12.3156
1299.86	10.3148
1302.61	12.3139
1305.36	14.3129
1308.11	6.3119
1310.86	14.3108
1313.61	2.30964
1316.36	16.3084
1319.1	4.30711
1321.85	8.30574
1324.59	4.30431
1327.33	8.30281
1330.08	10.3012
1332.82	16.2996
1335.56	10.2979
1338.3	14.2961
1341.04	14.2943
1343.77	6.29237
1346.51	12.2904
1349.25	0.288355
1351.98	-7.71376
1354.71	6.28407
1357.45	0.281821
1360.18	6.27951
1362.91	-3.72287
1365.64	20.2747
1368.37	18.2722
1371.09	26.2696
1373.82	18.2669
1376.54	4.26421
1379.27	8.26142
1381.99	8.25857
1384.72	0.255647
1387.44	18.2527
1390.16	4.2496
1392.88	2.24648
1395.6	10.2433
1398.31	18.24
1401.03	2.2367
1403.75	16.2333
1406.46	4.22984
1409.18	6.22631
1411.89	0.222716
1414.6	8.21905
1417.31	24.2153
1420.02	-7.78848
1422.73	2.20765
1425.44	10.2037
1428.15	8.19972
1430.85	12.1956
1433.56	-1.80849
1436.26	10.1873
1438.97	18.183
1441.67	8.17869
1444.37	4.17428
1447.07	4.16981
1449.77	2.16526
1452.47	4.16065
1455.16	0.155974
1457.86	4.15123
1460.56	6.14641
1463.25	18.1415
1465.94	12.1366
1468.64	26.1316
1471.33	16.1265
1474.02	8.12133
1476.71	10.1161
1479.4	4.11083
1482.09	22.1055
1484.77	14.1001
1487.46	12.0946
1490.14	8.08901
1492.83	24.0834
1495.51	16.0777
1498.19	10.0719
1500.87	14.0661
1503.55	-11.9398
1506.23	18.0543
1508.91	16.0482
1511.59	16.0421
1514.27	18.036
1516.94	16.0297
1519.62	10.0234
1522.29	14.0171
1524.96	14.0106
1527.63	8.00414
1530.3	5.99757
1532.97	25.9909
1535.64	21.9842
1538.31	-0.022539
1540.98	-4.02937
1543.64	5.96372
1546.31	15.9567
1548.97	3.94971
1551.63	19.9426
1554.3	3.93542
1556.96	9.92818
1559.62	21.9209
1562.28	9.9135
1564.94	7.90605
1567.59	23.8985
1570.25	-10.109
1572.9	17.8833
1575.56	-0.124402
1578.21	11.8678
1580.86	21.86
1583.52	27.8521
1586.17	-2.15593
1588.82	9.83602
1591.47	17.8279
1594.11	19.8197
1596.76	-4.18853
1599.41	5.80315
1602.05	7.79476
1604.69	11.7863
1607.34	7.77778
1609.98	13.7692
1612.62	3.76054
1615.26	3.75181
1617.9	3.74302
1620.54	5.73416
1623.18	-0.274759
1625.81	5.71624
1628.45	5.70719
1631.08	17.6981
1633.72	5.68887
1636.35	13.6796
1638.98	23.6703
1641.61	11.6609
1644.24	-0.348579
1646.87	-6.35811
1649.5	7.63229
1652.13	7.62263
1654.75	3.6129
1657.38	11.6031
1660	17.5932
1662.63	11.5833
1665.25	11.5733
1667.87	19.5632
1670.49	13.5531
1673.11	-12.4571
1675.73	13.5326
1678.35	1.5223
1680.96	3.51189
1683.58	19.5014
1686.19	1.49089
1688.81	13.4803
1691.42	5.46962
1694.03	23.4589
1696.64	13.4481
1699.25	13.4372
1701.87	15.4263
1704.47	3.41526
1707.08	9.40419
1709.69	11.3931
1712.29	17.3818
1714.9	15.3706
1717.5	5.35924
1720.1	3.34783
1722.71	17.3364
1725.31	9.32482
1727.91	3.31321
1730.51	5.30154
1733.1	1.2898
1735.7	7.27799
1738.3	25.2661
1740.89	7.25417
1743.49	13.2422
1746.08	17.2301
1748.67	9.21795
1751.26	27.2057
1753.86	-2.80653
1756.45	-14.8189
1759.03	13.1687
1761.62	19.1562
1764.21	3.1437
1766.8	13.1311
1769.38	17.1184
1771.97	-2.89433
1774.55	-0.907134
1777.13	17.08
1779.71	-4.93295
1782.29	15.054
1784.87	19.041
1787.45	11.0278
1790.03	17.0146
1792.61	-0.998654
1795.18	4.98801
1797.76	-1.0254
1800.33	12.9611
1802.9	18.9476
1805.48	2.93398
1808.05	0.920307
1810.62	12.9066
1813.19	2.89276
1815.76	10.8789
1818.33	-1.13506
1820.89	4.85093
1823.46	-1.16313
1826.02	6.82272
1828.59	-1.19148
1831.15	0.794254
1833.71	26.7799
1836.27	-11.2345
1838.84	14.751
1841.39	18.7365
1843.95	0.721897
1846.51	10.7072
1849.07	12.6925
1851.62	6.67769
1854.18	4.66282
1856.73	16.6479
1859.29	14.6329
1861.84	2.61782
1864.39	8.60269
1866.94	10.5875
1869.49	10.5722
1872.04	14.5569
1874.59	22.5415
1877.13	20.526
1879.68	14.5105
1882.22	0.494909
1884.77	2.47924
1887.31	14.4635
1889.85	12.4477
1892.39	4.43187
1894.93	6.41594
1897.47	0.399944
1900.01	20.3839
1902.55	12.3678
1905.09	18.3516
1907.62	10.3353
1910.16	10.319
1912.69	22.3026
1915.22	16.2862
1917.76	2.26965
1920.29	8.25305
1922.82	16.2364
1925.35	30.2197
1927.88	14.2029
1930.4	8.18606
1932.93	4.16914
1935.46	-7.84784
1937.98	2.13512
1940.51	8.118
1943.03	10.1008
1945.55	6.08359
1948.07	8.06628
1950.59	10.0489
1953.11	12.0315
1955.63	10.014
1958.15	9.99639
1960.67	1.97876
1963.18	3.96106
1965.7	5.94329
1968.21	9.92545
1970.73	13.9076
1973.24	25.8896
1975.75	1.87156
1978.26	15.8535
1980.77	1.83531
1983.28	17.8171
1985.79	-10.2012
1988.29	9.78043
1990.8	3.762
1993.31	13.7435
1995.81	9.72496
1998.31	17.7064
