100.093	17.6824
103.274	11.7156
106.457	15.7486
109.636	7.78121
112.817	17.8136
115.994	15.8457
119.172	27.8775
122.347	13.909
125.521	-0.0597422
128.696	1.97123
131.868	18.0019
135.039	8.0323
138.209	10.0624
141.379	28.0923
144.547	0.121835
147.713	6.15112
150.879	8.18014
154.043	20.2089
157.206	8.23736
160.368	2.26556
163.529	10.2935
166.689	-1.67885
169.848	6.34855
173.006	22.3757
176.163	20.4026
179.316	0.429136
182.471	10.4555
185.625	10.4816
188.777	26.5074
191.927	-1.46708
195.077	10.5582
198.224	12.5832
201.372	18.608
204.52	14.6326
207.664	28.6568
210.809	10.6808
213.95	14.7046
217.091	16.7281
220.233	8.75138
223.372	16.7744
226.509	24.7971
229.648	0.819675
232.784	8.84194
235.918	10.864
239.051	22.8857
242.186	-1.09271
245.317	16.9286
248.447	10.9496
251.577	18.9705
254.705	8.99103
257.832	9.01137
260.958	11.0315
264.083	-4.94866
267.204	21.071
270.327	-2.90965
273.449	31.1095
276.57	17.1285
279.69	3.14716
282.806	-2.83438
285.924	7.18387
289.04	5.20189
292.154	3.21967
295.268	21.2372
298.379	1.25457
301.492	13.2717
304.601	13.2886
307.711	19.3053
310.818	13.3217
313.924	19.3379
317.031	25.3539
320.135	15.3697
323.238	11.3853
326.34	23.4007
329.443	9.41582
332.543	13.4307
335.642	17.4455
338.74	17.46
341.836	23.4743
344.932	25.4884
348.027	17.5022
351.12	13.5159
354.213	15.5294
357.302	5.54262
360.393	13.5557
363.482	-0.431479
366.57	27.5812
369.656	9.59361
372.742	13.6059
375.827	11.6179
378.91	21.6297
381.993	3.64138
385.073	11.6528
388.154	5.66408
391.232	11.6751
394.311	21.686
397.387	5.69666
400.462	7.70713
403.536	27.7174
406.611	17.7275
409.683	11.7374
412.754	15.7471
415.824	-2.24335
418.893	11.766
421.961	11.7751
425.027	15.7841
428.093	21.7929
431.158	17.8015
434.222	15.8099
437.284	11.8182
440.346	15.8262
443.407	5.83409
446.464	5.84179
449.523	-0.150687
452.581	9.85666
455.635	11.8638
458.691	7.87082
461.743	11.8776
464.797	23.8843
467.847	-2.10924
470.899	9.89707
473.947	-6.0968
476.994	5.90916
480.043	9.91496
483.088	-4.07941
486.133	9.92605
489.176	7.93134
492.22	23.9365
495.262	5.94144
498.302	9.94624
501.341	9.95088
504.38	9.95536
507.417	11.9597
510.453	9.96384
513.487	17.9678
516.521	-2.02832
519.554	19.9754
522.586	19.9789
525.616	1.98227
528.646	11.9855
531.675	3.98856
534.701	5.99147
537.729	3.99423
540.753	7.99684
543.778	-4.0007
546.8	12.0016
549.821	20.0038
552.844	24.0058
555.863	20.0077
558.881	6.00939
561.898	6.01096
564.916	6.0124
567.932	0.013692
570.946	14.0148
573.959	-1.98415
576.971	0.0167161
579.982	8.01744
582.993	10.018
586	10.0185
589.008	-1.9812
592.015	12.019
595.022	20.019
598.025	-5.98108
601.029	-5.98131
604.032	0.0183314
607.033	2.01784
610.034	8.01721
613.032	16.0165
616.032	6.01557
619.028	0.0145618
622.023	2.01342
625.018	18.0122
628.013	-5.98924
631.005	0.0092353
633.997	10.0076
636.987	8.00582
639.977	16.0039
642.965	8.00191
645.952	-0.000224947
648.939	13.9975
651.924	-0.00486052
654.909	3.99264
657.892	-0.00997311
660.873	-4.0127
663.854	21.9844
666.835	15.9815
669.813	15.9784
672.791	1.9752
675.767	1.9719
678.743	15.9685
681.717	-2.03506
684.692	21.9613
687.664	1.95754
690.634	19.9537
693.606	3.9497
696.575	3.94562
699.543	23.9414
702.51	9.93714
705.475	7.93274
708.44	13.9282
711.404	11.9236
714.367	17.9189
717.329	13.9141
720.29	9.90918
723.25	11.9042
726.207	9.89904
729.166	17.8938
732.123	1.8885
735.077	11.8831
738.032	3.87758
740.984	3.87197
743.938	25.8663
746.888	11.8605
749.839	13.8546
752.788	3.84858
755.735	11.8425
758.682	9.83634
761.627	1.83007
764.574	13.8237
767.517	17.8173
770.46	23.8107
773.402	9.80412
776.342	3.79741
779.282	5.79062
782.219	17.7837
785.157	15.7768
788.094	19.7697
791.029	19.7626
793.962	-0.244623
796.896	15.7481
799.828	27.7407
802.76	13.7332
805.689	15.7257
808.619	19.7181
811.546	21.7104
814.473	7.7026
817.4	11.6947
820.324	15.6868
823.248	11.6788
826.17	3.67072
829.092	19.6626
832.012	5.65434
834.932	7.64603
837.851	19.6377
840.768	15.6292
843.685	9.62069
846.599	27.6121
849.514	11.6035
852.428	17.5947
855.339	-0.414063
858.251	-0.422926
861.16	3.56815
864.07	7.55915
866.978	19.5501
869.884	1.54098
872.792	23.5318
875.696	7.52254
878.599	11.5132
881.502	11.5039
884.404	9.49443
887.304	13.4849
890.204	11.4754
893.103	19.4658
896.001	9.45609
898.898	9.44637
901.794	21.4366
904.689	3.42674
907.581	-6.58316
910.474	23.4069
913.364	-4.60311
916.256	-0.613175
919.144	17.3767
922.034	13.3665
924.92	13.3563
927.808	1.34606
930.693	11.3357
933.576	-0.674615
936.459	-4.68503
939.341	1.30451
942.222	9.294
945.102	7.28344
947.981	-0.727161
950.859	17.2622
953.737	9.25149
956.613	9.24076
959.488	17.23
962.361	7.21915
965.235	5.20828
968.105	19.1974
970.977	23.1864
973.846	7.17544
976.716	11.1644
979.583	7.15335
982.449	13.1422
985.316	15.1311
988.18	1.11991
991.043	25.1087
993.906	1.09745
996.767	5.08616
999.628	11.0748
1002.49	5.06348
1005.35	5.05209
1008.2	7.04067
1011.06	15.0292
1013.91	17.0177
1016.77	13.0062
1019.62	8.99467
1022.48	4.98309
1025.33	4.97149
1028.18	10.9599
1031.03	12.9482
1033.87	-1.06349
1036.72	0.924793
1039.57	16.9131
1042.41	12.9013
1045.26	12.8895
1048.1	10.8777
1050.94	16.8659
1053.78	12.854
1056.62	2.84212
1059.46	24.8302
1062.3	20.8183
1065.14	-1.19365
1067.97	6.79439
1070.81	28.7824
1073.64	18.7704
1076.47	8.75839
1079.31	24.7464
1082.14	10.7343
1084.97	-7.27777
1087.8	12.7101
1090.63	22.6981
1093.45	10.6859
1096.28	6.67382
1099.1	34.6617
1101.93	-7.35047
1104.75	0.637363
1107.57	14.6252
1110.39	6.613
1113.21	8.60081
1116.03	8.5886
1118.85	-1.42361
1121.66	12.5642
1124.48	4.55194
1127.3	0.539703
1130.11	10.5275
1132.92	8.51521
1135.73	4.50295
1138.54	2.4907
1141.35	22.4784
1144.16	6.46616
1146.97	8.45389
1149.78	-1.55839
1152.58	10.4293
1155.39	4.41707
1158.19	8.40479
1161	14.3925
1163.8	6.38023
1166.6	16.368
1169.4	6.35567
1172.2	12.3434
1174.99	4.33112
1177.79	18.3189
1180.59	-7.6934
1183.38	10.2943
1186.17	6.28207
1188.97	12.2698
1191.76	2.25758
1194.55	0.245339
1197.34	18.2331
1200.13	10.2209
1202.92	-1.79134
1205.7	-5.80354
1208.49	18.1843
1211.27	6.17207
1214.06	8.15989
1216.84	10.1477
1219.62	10.1356
1222.4	0.123412
1225.18	8.11128
1227.96	14.0992
1230.74	6.08705
1233.51	10.075
1236.29	16.0629
1239.06	8.05081
1241.84	14.0388
1244.61	10.0267
1247.38	6.01471
1250.15	6.00272
1252.92	13.9907
1255.69	1.97877
1258.46	1.96683
1261.23	17.9549
1263.99	-8.057
1266.76	21.9311
1269.52	19.9192
1272.28	-2.0926
1275.05	13.8956
1277.81	5.88378
1280.57	-0.127998
1283.33	13.8602
1286.08	7.84852
1288.84	17.8368
1291.6	9.82513
1294.35	9.81347
1297.11	9.80185
1299.86	19.7902
1302.61	7.77866
1305.36	1.76712
1308.11	19.7556
1310.86	21.7441
1313.61	9.73264
1316.36	-4.2788
1319.1	-0.290201
1321.85	1.69843
1324.59	7.68708
1327.33	1.67577
1330.08	17.6645
1332.82	21.6532
1335.56	5.64202
1338.3	11.6308
1341.04	31.6197
1343.77	13.6086
1346.51	13.5975
1349.25	3.58646
1351.98	17.5755
1354.71	19.5645
1357.45	5.55355
1360.18	5.54265
1362.91	-0.468217
1365.64	1.52096
1368.37	13.5102
1371.09	5.49943
1373.82	3.48873
1376.54	13.4781
1379.27	1.46744
1381.99	5.45686
1384.72	15.4463
1387.44	19.4358
1390.16	3.42536
1392.88	7.41495
1395.6	23.4046
1398.31	5.39425
1401.03	21.384
1403.75	1.37373
1406.46	11.3635
1409.18	13.3534
1411.89	-2.65672
1414.6	9.33323
1417.31	15.3232
1420.02	27.3133
1422.73	7.30335
1425.44	7.29349
1428.15	-0.716324
1430.85	25.2739
1433.56	11.2642
1436.26	7.25453
1438.97	5.24491
1441.67	25.2354
1444.37	13.2258
1447.07	13.2164
1449.77	7.20697
1452.47	23.1976
1455.16	11.1883
1457.86	19.1791
1460.56	9.16988
1463.25	-4.83926
1465.94	1.15166
1468.64	13.1426
1471.33	19.1337
1474.02	9.12474
1476.71	19.1159
1479.4	-10.8929
1482.09	5.09834
1484.77	-0.910344
1487.46	5.08103
1490.14	5.07246
1492.83	19.064
1495.51	13.0555
1498.19	-2.95288
1500.87	17.0388
1503.55	1.03053
1506.23	-0.977674
1508.91	7.01419
1511.59	13.0061
1514.27	6.99809
1516.94	-1.00986
1519.62	18.9822
1522.29	18.9744
1524.96	4.96667
1527.63	14.959
1530.3	2.95134
1532.97	12.9438
1535.64	-1.06372
1538.31	14.9288
1540.98	12.9215
1543.64	16.9142
1546.31	2.90696
1548.97	10.8998
1551.63	16.8927
1554.3	14.8857
1556.96	0.878735
1559.62	8.87185
1562.28	0.865041
1564.94	4.8583
1567.59	2.85163
1570.25	4.84503
1572.9	-3.1615
1575.56	26.832
1578.21	6.82567
1580.86	0.819359
1583.52	6.81312
1586.17	8.80696
1588.82	10.8009
1591.47	2.79486
1594.11	-7.21107
1596.76	8.78307
1599.41	-5.22272
1602.05	4.77157
1604.69	4.76594
1607.34	12.7604
1609.98	20.7549
1612.62	2.74951
1615.26	4.74418
1617.9	-1.26106
1620.54	4.73378
1623.18	2.72869
1625.81	20.7237
1628.45	8.71876
1631.08	-3.28608
1633.72	16.7092
1636.35	4.70448
1638.98	6.69988
1641.61	6.69536
1644.24	6.69092
1646.87	2.68657
1649.5	20.6823
1652.13	6.67812
1654.75	0.674013
1657.38	2.67
1660	10.6661
1662.63	10.6622
1665.25	-13.3415
1667.87	-1.34523
1670.49	8.65118
1673.11	6.64768
1675.73	8.64426
1678.35	8.64093
1680.96	2.63769
1683.58	12.6345
1686.19	6.63147
1688.81	4.62849
1691.42	0.625605
1694.03	6.6228
1696.64	8.6201
1699.25	10.6175
1701.87	4.61495
1704.47	18.6125
1707.08	24.6102
1709.69	0.60791
1712.29	12.6057
1714.9	10.6037
1717.5	2.6017
1720.1	-5.40019
1722.71	4.59802
1725.31	2.59632
1727.91	-1.40528
1730.51	10.5932
1733.1	12.5918
1735.7	6.59047
1738.3	4.58925
1740.89	-13.4119
1743.49	8.58709
1746.08	0.586149
1748.67	4.58531
1751.26	18.5846
1753.86	2.58392
1756.45	20.5834
1759.03	22.5829
1761.62	18.5826
1764.21	8.58232
1766.8	18.5822
1769.38	8.58211
1771.97	2.58216
1774.55	14.5823
1777.13	20.5826
1779.71	14.5829
1782.29	18.5833
1784.87	12.5839
1787.45	24.5845
1790.03	10.5853
1792.61	-3.41384
1795.18	18.5871
1797.76	14.5882
1800.33	6.58934
1802.9	-5.40939
1805.48	12.592
1808.05	0.59346
1810.62	20.595
1813.19	4.59673
1815.76	20.5985
1818.33	-1.39958
1820.89	12.6024
1823.46	6.60453
1826.02	30.6067
1828.59	8.60907
1831.15	12.6115
1833.71	16.614
1836.27	10.6167
1838.84	16.6194
1841.39	6.6223
1843.95	4.62527
1846.51	6.62835
1849.07	0.63154
1851.62	14.6348
1854.18	22.6382
1856.73	16.6418
1859.29	-3.3546
1861.84	14.6491
1864.39	2.65299
1866.94	14.657
1869.49	12.661
1872.04	18.6652
1874.59	6.66952
1877.13	20.6739
1879.68	12.6785
1882.22	20.6831
1884.77	-1.31216
1887.31	8.69271
1889.85	-1.30231
1892.39	16.7028
1894.93	10.708
1897.47	-7.28668
1900.01	12.7188
1902.55	8.72431
1905.09	6.72998
1907.62	2.73577
1910.16	12.7417
1912.69	14.7477
1915.22	6.75383
1917.76	8.76009
1920.29	8.76646
1922.82	0.772951
1925.35	22.7796
1927.88	22.7863
1930.4	16.7931
1932.93	6.8001
1935.46	4.80718
1937.98	10.8144
1940.51	14.8217
1943.03	4.82916
1945.55	16.8367
1948.07	4.84441
1950.59	20.8522
1953.11	16.8601
1955.63	2.86819
1958.15	4.87636
1960.67	-1.11535
1963.18	22.8931
1965.7	16.9016
1968.21	10.9103
1970.73	16.9191
1973.24	8.92796
1975.75	14.937
1978.26	8.94615
1980.77	10.9554
1983.28	14.9648
1985.79	16.9744
1988.29	20.984
1990.8	14.9938
1993.31	-2.99629
1995.81	1.01374
1998.31	5.02389
