100.093	7.14661
103.274	11.1534
106.457	19.1604
109.636	13.1675
112.817	17.1748
115.994	9.18215
119.172	23.1897
122.347	9.19731
125.521	7.20509
128.696	17.213
131.868	13.2211
135.039	27.2292
138.209	9.23753
141.379	7.24597
144.547	11.2545
147.713	-0.73678
150.879	21.272
154.043	19.281
157.206	13.29
160.368	-0.700774
163.529	7.30854
166.689	1.31797
169.848	25.3275
173.006	23.3372
176.163	-10.653
179.316	11.3569
182.471	5.36692
185.625	23.3771
188.777	9.38732
191.927	-2.60231
195.077	13.4082
198.224	3.41878
201.372	21.4295
204.52	23.4403
207.664	9.45125
210.809	11.4623
213.95	9.47344
217.091	29.4847
220.233	3.49607
223.372	17.5075
226.509	7.51912
229.648	13.5308
232.784	1.54259
235.918	9.55448
239.051	21.5665
242.186	1.57857
245.317	9.59076
248.447	19.6031
251.577	3.61544
254.705	11.6279
257.832	13.6405
260.958	9.6532
264.083	13.666
267.204	15.6788
270.327	17.6918
273.449	11.7049
276.57	1.71802
279.69	9.73126
282.806	1.74459
285.924	5.75801
289.04	21.7715
292.154	-4.21488
295.268	13.7988
298.379	13.8126
301.492	15.8264
304.601	11.8404
307.711	7.85441
310.818	17.8685
313.924	11.8827
317.031	19.897
320.135	-2.08867
323.238	7.92577
326.34	-12.0597
329.443	13.9549
332.543	19.9695
335.642	17.9843
338.74	15.9991
341.836	10.014
344.932	22.029
348.027	10.044
351.12	10.0592
354.213	6.07434
357.302	4.0896
360.393	14.1049
363.482	18.1203
366.57	14.1358
369.656	12.1513
372.742	2.16696
375.827	12.1826
378.91	18.1984
381.993	0.214186
385.073	10.2301
388.154	-11.754
391.232	14.262
394.311	22.2781
397.387	10.2942
400.462	2.31035
403.536	8.32659
406.611	-5.6571
409.683	4.35926
412.754	12.3757
415.824	10.3921
418.893	20.4087
421.961	16.4253
425.027	12.4419
428.093	6.4586
431.158	16.4753
434.222	-1.50785
437.284	12.509
440.346	10.5259
443.407	0.54287
446.464	20.5599
449.523	6.57692
452.581	12.594
455.635	14.6112
458.691	0.62837
461.743	2.64561
464.797	8.6629
467.847	0.680225
470.899	-5.30239
473.947	4.71502
476.994	14.7325
480.043	6.74999
483.088	4.76753
486.133	4.78511
489.176	8.80273
492.22	20.8204
495.262	18.8381
498.302	14.8558
501.341	6.87362
504.38	-1.10857
507.417	2.90927
510.453	16.9272
513.487	14.9451
516.521	20.963
519.554	8.981
522.586	10.999
525.616	11.017
528.646	-0.964874
531.675	5.05324
534.701	7.07136
537.729	17.0895
540.753	7.10771
543.778	7.12594
546.8	-0.855826
549.821	-2.83756
552.844	9.18074
555.863	-0.800944
558.881	7.21739
561.898	1.23576
564.916	27.2542
567.932	9.27256
570.946	3.29099
573.959	-0.690559
576.971	11.3279
579.982	7.3464
582.993	9.36491
586	-6.61658
589.008	3.40197
592.015	1.42053
595.022	3.43911
598.025	13.4577
601.029	9.4763
604.032	5.49492
607.033	-2.48646
610.034	-2.46781
613.032	-0.449162
616.032	9.56951
619.028	-2.41182
622.023	-6.39314
625.018	5.62555
628.013	1.64427
631.005	9.66298
633.997	5.68169
636.987	17.7004
639.977	25.7191
642.965	5.73788
645.952	9.75662
648.939	1.77537
651.924	23.7941
654.909	-4.18713
657.892	3.83163
660.873	5.85038
663.854	3.86914
666.835	9.8879
669.813	5.90664
672.791	5.9254
675.767	-8.05585
678.743	-6.03709
681.717	15.9817
684.692	8.0004
687.664	12.0191
690.634	2.03787
693.606	4.05661
696.575	6.07534
699.543	-5.90595
702.51	22.1128
705.475	16.1315
708.44	-5.84984
711.404	4.16885
714.367	4.18753
717.329	22.2062
720.29	2.22485
723.25	28.2435
726.207	10.2621
729.166	16.2807
732.123	12.2994
735.077	12.3179
738.032	8.33653
740.984	18.3551
743.938	-3.62636
746.888	10.3922
749.839	6.41069
752.788	16.4292
755.735	-1.55234
758.682	6.46612
761.627	26.4846
764.574	26.503
767.517	10.5214
770.46	10.5398
773.402	10.5581
776.342	10.5765
779.282	18.5948
782.219	10.6131
785.157	0.631357
788.094	4.64961
791.029	10.6678
793.962	16.686
796.896	4.70419
799.828	-3.27767
802.76	22.7404
805.689	14.7585
808.619	12.7766
811.546	14.7946
814.473	0.812624
817.4	18.8306
820.324	22.8485
823.248	12.8665
826.17	20.8843
829.092	8.90218
832.012	0.919991
834.932	16.9378
837.851	24.9555
840.768	14.9732
843.685	20.9909
846.599	9.00855
849.514	9.02616
852.428	13.0437
855.339	11.0613
858.251	7.07876
861.16	-0.903791
864.07	21.1136
866.978	11.131
869.884	25.1483
872.792	1.16565
875.696	15.1829
878.599	7.20012
881.502	27.2173
884.404	7.23442
887.304	-0.748487
890.204	7.26856
893.103	23.2856
896.001	23.3025
898.898	11.3194
901.794	5.3363
904.689	7.35313
907.581	5.36989
910.474	9.38662
913.364	17.4033
916.256	15.4199
919.144	13.4365
922.034	5.45305
924.92	13.4695
927.808	17.486
930.693	5.50235
933.576	13.5187
936.459	17.535
939.341	11.5512
942.222	-2.43265
945.102	1.58347
947.981	-6.40046
950.859	1.61555
953.737	-2.36849
956.613	21.6474
959.488	7.66326
962.361	7.67905
965.235	3.69478
968.105	21.7105
970.977	3.72607
973.846	7.74163
976.716	11.7571
979.583	5.77257
982.449	7.78795
985.316	23.8033
988.18	5.81854
991.043	7.83373
993.906	11.8489
996.767	11.8639
999.628	1.87896
1002.49	15.8939
1005.35	7.90879
1008.2	9.92362
1011.06	17.9384
1013.91	17.9531
1016.77	13.9677
1019.62	23.9822
1022.48	3.99674
1025.33	14.0112
1028.18	20.0255
1031.03	10.0398
1033.87	18.054
1036.72	14.0682
1039.57	6.08227
1042.41	20.0963
1045.26	12.1102
1048.1	6.12409
1050.94	26.1379
1053.78	6.15162
1056.62	2.16528
1059.46	10.1789
1062.3	6.19238
1065.14	14.2058
1067.97	18.2192
1070.81	4.23246
1073.64	24.2457
1076.47	-1.74119
1079.31	-3.72813
1082.14	4.28486
1084.97	14.2978
1087.8	4.3106
1090.63	6.32335
1093.45	6.33603
1096.28	12.3486
1099.1	0.361141
1101.93	16.3736
1104.75	2.38594
1107.57	10.3982
1110.39	14.4104
1113.21	4.42253
1116.03	2.43456
1118.85	22.4465
1121.66	8.45839
1124.48	20.4702
1127.3	18.4819
1130.11	10.4935
1132.92	0.505031
1135.73	10.5165
1138.54	8.52784
1141.35	8.53912
1144.16	10.5503
1146.97	-5.43857
1149.78	16.5724
1152.58	10.5834
1155.39	10.5942
1158.19	20.605
1161	4.61564
1163.8	8.62622
1166.6	6.63671
1169.4	4.64711
1172.2	10.6574
1174.99	2.66764
1177.79	16.6778
1180.59	12.6878
1183.38	-3.30226
1186.17	-1.2924
1188.97	14.7174
1191.76	16.727
1194.55	-3.26341
1197.34	8.74607
1200.13	12.7555
1202.92	2.76474
1205.7	6.77393
1208.49	14.783
1211.27	18.792
1214.06	-7.19907
1216.84	12.8097
1219.62	-3.18155
1222.4	-3.17294
1225.18	2.83558
1227.96	8.84399
1230.74	12.8523
1233.51	2.86053
1236.29	6.86865
1239.06	8.87666
1241.84	0.884581
1244.61	-5.1076
1247.38	16.9001
1250.15	10.9077
1252.92	-5.08476
1255.69	10.9226
1258.46	24.93
1261.23	0.937155
1263.99	14.9443
1266.76	18.9513
1269.52	-7.04186
1272.28	18.9649
1275.05	12.9716
1277.81	6.97818
1280.57	8.98465
1283.33	-3.00898
1286.08	26.9973
1288.84	5.00342
1291.6	7.00947
1294.35	5.0154
1297.11	1.02122
1299.86	5.02694
1302.61	9.03255
1305.36	-4.96195
1308.11	1.04344
1310.86	15.0487
1313.61	15.0539
1316.36	7.05895
1319.1	15.0639
1321.85	13.0687
1324.59	17.0735
1327.33	-2.92193
1330.08	-2.91743
1332.82	5.08695
1335.56	9.09123
1338.3	3.09539
1341.04	13.0994
1343.77	13.1034
1346.51	5.10717
1349.25	15.1109
1351.98	17.1145
1354.71	9.11793
1357.45	9.12128
1360.18	13.1245
1362.91	11.1276
1365.64	7.13064
1368.37	9.13353
1371.09	11.1363
1373.82	-0.861058
1376.54	5.14147
1379.27	9.14388
1381.99	17.1462
1384.72	7.14835
1387.44	1.1504
1390.16	13.1523
1392.88	7.15414
1395.6	9.15583
1398.31	15.1574
1401.03	13.1588
1403.75	-8.83983
1406.46	11.1614
1409.18	3.16245
1411.89	-8.8366
1414.6	-0.835765
1417.31	3.16494
1420.02	13.1655
1422.73	3.16599
1425.44	13.1663
1428.15	3.16653
1430.85	-0.833382
1433.56	7.16658
1436.26	7.16641
1438.97	3.16612
1441.67	3.1657
1444.37	3.16515
1447.07	7.16447
1449.77	11.1637
1452.47	3.16274
1455.16	17.1617
1457.86	25.1605
1460.56	19.1592
1463.25	15.1577
1465.94	-6.84384
1468.64	15.1544
1471.33	19.1526
1474.02	9.15065
1476.71	7.14855
1479.4	19.1463
1482.09	21.144
1484.77	13.1415
1487.46	7.13884
1490.14	-4.86391
1492.83	13.1332
1495.51	9.13017
1498.19	11.127
1500.87	11.1237
1503.55	9.1203
1506.23	23.1167
1508.91	13.1131
1511.59	11.1092
1514.27	9.10526
1516.94	5.10116
1519.62	23.0969
1522.29	5.09256
1524.96	-2.91195
1527.63	15.0834
1530.3	7.07862
1532.97	11.0737
1535.64	1.06865
1538.31	3.06345
1540.98	-4.94188
1543.64	1.05265
1546.31	13.047
1548.97	-4.95871
1551.63	15.0354
1554.3	-0.970625
1556.96	27.0232
1559.62	15.0169
1562.28	11.0105
1564.94	11.0039
1567.59	6.99713
1570.25	0.990259
1572.9	4.98324
1575.56	10.9761
1578.21	4.96879
1580.86	0.961349
1583.52	10.9538
1586.17	14.946
1588.82	-3.06184
1591.47	4.93015
1594.11	0.921995
1596.76	8.91369
1599.41	22.9052
1602.05	12.8967
1604.69	-9.11208
1607.34	12.879
1609.98	24.87
1612.62	2.86083
1615.26	26.8515
1617.9	4.84205
1620.54	4.83243
1623.18	-1.17733
1625.81	0.812761
1628.45	24.8027
1631.08	2.79251
1633.72	16.7822
1636.35	6.77166
1638.98	2.76101
1641.61	10.7502
1644.24	12.7393
1646.87	0.728168
1649.5	4.71692
1652.13	12.7055
1654.75	8.69398
1657.38	16.6823
1660	16.6704
1662.63	14.6584
1665.25	8.64629
1667.87	16.634
1670.49	8.62154
1673.11	18.6089
1675.73	12.5962
1678.35	4.58327
1680.96	10.5702
1683.58	4.557
1686.19	8.54363
1688.81	10.5301
1691.42	2.51644
1694.03	12.5026
1696.64	16.4886
1699.25	-9.52551
1701.87	20.4602
1704.47	10.4457
1707.08	22.4311
1709.69	8.41638
1712.29	0.401464
1714.9	12.3864
1717.5	4.37117
1720.1	8.35579
1722.71	-3.65976
1725.31	8.32455
1727.91	24.3087
1730.51	4.29269
1733.1	4.27652
1735.7	16.2602
1738.3	10.2437
1740.89	16.2271
1743.49	-9.78974
1746.08	24.1933
1748.67	10.1762
1751.26	16.1589
1753.86	10.1415
1756.45	20.1239
1759.03	6.10611
1761.62	8.08818
1764.21	12.0701
1766.8	16.0519
1769.38	10.0335
1771.97	22.0149
1774.55	-2.00382
1777.13	13.9773
1779.71	7.95824
1782.29	5.93905
1784.87	9.91967
1787.45	19.9001
1790.03	17.8804
1792.61	-10.1394
1795.18	1.84056
1797.76	5.82037
1800.33	17.8
1802.9	23.7795
1805.48	15.7588
1808.05	1.73799
1810.62	13.717
1813.19	3.69581
1815.76	-6.32553
1818.33	11.653
1820.89	19.6313
1823.46	19.6095
1826.02	13.5875
1828.59	23.5653
1831.15	23.543
1833.71	3.52048
1836.27	5.49782
1838.84	13.475
1841.39	-2.54801
1843.95	11.4288
1846.51	9.40549
1849.07	15.382
1851.62	19.3583
1854.18	11.3345
1856.73	21.3105
1859.29	7.28631
1861.84	3.26198
1864.39	1.23747
1866.94	-2.78722
1869.49	17.1879
1872.04	17.1629
1874.59	19.1377
1877.13	9.11237
1879.68	5.08686
1882.22	17.0612
1884.77	9.03528
1887.31	7.00925
1889.85	12.983
1892.39	6.95665
1894.93	28.9301
1897.47	20.9034
1900.01	12.8765
1902.55	6.84941
1905.09	28.8222
1907.62	-1.20524
1910.16	22.7672
1912.69	16.7394
1915.22	14.7115
1917.76	12.6834
1920.29	18.6551
1922.82	12.6267
1925.35	12.598
1927.88	20.5692
1930.4	18.5403
1932.93	22.5111
1935.46	14.4818
1937.98	4.45232
1940.51	0.42265
1943.03	24.3928
1945.55	14.3628
1948.07	14.3326
1950.59	-3.69776
1953.11	16.2717
1955.63	18.241
1958.15	22.2101
1960.67	4.17901
1963.18	16.1478
1965.7	8.11634
1968.21	0.0847345
1970.73	20.053
1973.24	18.021
1975.75	11.9889
1978.26	7.95655
1980.77	1.92408
1983.28	11.8914
1985.79	15.8586
1988.29	-6.17445
1990.8	19.7923
1993.31	11.759
1995.81	9.7254
1998.31	9.69168
