100.093	16.1468
103.274	6.1584
106.457	26.1701
109.636	14.1819
112.817	26.1937
115.994	18.2056
119.172	16.2176
122.347	10.2296
125.521	0.24163
128.696	4.25376
131.868	22.2659
135.039	20.2782
138.209	-1.70951
141.379	12.3029
144.547	6.31527
147.713	24.3277
150.879	12.3403
154.043	2.35283
157.206	24.3655
160.368	4.37815
163.529	12.3909
166.689	12.4037
169.848	8.41652
173.006	2.42941
176.163	22.4424
179.316	20.4553
182.471	0.468377
185.625	10.4815
188.777	18.4946
191.927	18.5078
195.077	6.52102
198.224	12.5343
201.372	0.547618
204.52	22.561
207.664	2.5744
210.809	12.5879
213.95	20.6014
217.091	12.6149
220.233	22.6285
223.372	4.64212
226.509	-7.34421
229.648	20.6695
232.784	-3.31675
235.918	14.697
239.051	16.7109
242.186	22.7248
245.317	16.7387
248.447	18.7526
251.577	14.7666
254.705	18.7806
257.832	16.7947
260.958	12.8088
264.083	16.8229
267.204	16.837
270.327	10.8512
273.449	16.8655
276.57	14.8797
279.69	6.89404
282.806	-11.0916
285.924	14.9227
289.04	4.93711
292.154	4.95153
295.268	10.966
298.379	30.9805
301.492	0.994973
304.601	7.00951
307.711	15.0241
310.818	17.0387
313.924	11.0533
317.031	5.06794
320.135	25.0826
323.238	7.09731
326.34	9.11203
329.443	17.1268
332.543	13.1416
335.642	21.1563
338.74	17.1712
341.836	17.186
344.932	9.20087
348.027	1.21575
351.12	-0.769342
354.213	13.2456
357.302	19.2605
360.393	17.2755
363.482	25.2905
366.57	23.3055
369.656	17.3205
372.742	17.3355
375.827	3.35059
378.91	5.36566
381.993	3.38075
385.073	1.39585
388.154	1.41098
391.232	15.4261
394.311	9.44126
397.387	1.45642
400.462	17.4716
403.536	5.48677
406.611	3.50198
409.683	7.51719
412.754	11.5324
415.824	17.5476
418.893	17.5629
421.961	17.5781
425.027	29.5934
428.093	5.60867
431.158	1.62395
434.222	9.63924
437.284	3.65454
440.346	-4.33015
443.407	7.68516
446.464	21.7005
449.523	9.71579
452.581	7.73112
455.635	11.7464
458.691	-2.23821
461.743	7.77712
464.797	5.79247
467.847	-0.192184
470.899	7.82317
473.947	3.83852
476.994	5.85387
480.043	-4.13077
483.088	3.88458
486.133	-2.10007
489.176	23.9153
492.22	5.93065
495.262	1.946
498.302	19.9614
501.341	27.9767
504.38	-6.00795
507.417	0.00739557
510.453	14.0227
513.487	8.03807
516.521	-7.9466
519.554	26.0687
522.586	4.08406
525.616	4.09937
528.646	4.11469
531.675	18.13
534.701	18.1453
537.729	-1.83941
540.753	10.1759
543.778	8.19115
546.8	2.20641
549.821	14.2217
552.844	4.23692
555.863	6.25216
558.881	14.2674
561.898	4.2826
564.916	8.29782
567.932	0.313012
570.946	-1.6718
573.959	4.34337
576.971	12.3585
579.982	10.3737
582.993	14.3888
586	-5.59608
589.008	6.41902
592.015	4.43411
595.022	14.4492
598.025	10.4642
601.029	-7.52072
604.032	16.4943
607.033	-1.49068
610.034	4.52431
613.032	6.53928
616.032	4.55424
619.028	2.56917
622.023	14.5841
625.018	14.599
628.013	-3.38613
631.005	12.6287
633.997	16.6436
636.987	12.6584
639.977	-1.32683
642.965	6.68794
645.952	6.7027
648.939	6.71742
651.924	0.732131
654.909	14.7468
657.892	-7.23853
660.873	8.7761
663.854	14.7907
666.835	8.8053
669.813	4.81985
672.791	0.834392
675.767	14.8489
678.743	-3.13662
681.717	0.877829
684.692	10.8923
687.664	0.906656
690.634	-1.07898
693.606	4.93537
696.575	8.94968
699.543	12.964
702.51	6.97822
705.475	4.99244
708.44	7.00664
711.404	3.0208
714.367	13.0349
717.329	11.049
720.29	17.0631
723.25	-0.92286
726.207	9.09114
729.166	9.10511
732.123	13.1191
735.077	-4.86705
738.032	19.1468
740.984	5.16065
743.938	9.17445
746.888	9.18821
749.839	13.2019
752.788	13.2156
755.735	3.22929
758.682	9.24291
761.627	11.2565
764.574	11.27
767.517	9.28355
770.46	-0.702986
773.402	1.31044
776.342	9.32383
779.282	11.3372
782.219	11.3505
785.157	5.36376
788.094	17.377
791.029	17.3902
793.962	13.4033
796.896	21.4164
799.828	15.4295
802.76	19.4425
805.689	15.4555
808.619	23.4685
811.546	21.4813
814.473	11.4942
817.4	15.507
820.324	13.5198
823.248	13.5325
826.17	7.54516
829.092	13.5578
832.012	7.57037
834.932	27.5829
837.851	13.5954
840.768	11.6078
843.685	5.62024
846.599	11.6326
849.514	13.6449
852.428	5.65715
855.339	-0.330653
858.251	11.6815
861.16	17.6936
864.07	13.7057
866.978	19.7177
869.884	21.7296
872.792	15.7415
875.696	15.7534
878.599	15.7652
881.502	9.77695
884.404	3.78865
887.304	15.8003
890.204	-0.188102
893.103	7.82344
896.001	5.83493
898.898	9.84637
901.794	1.85776
904.689	17.8691
907.581	21.8804
910.474	7.89158
913.364	-0.0972547
916.256	1.91386
919.144	13.9249
922.034	3.93591
924.92	9.94685
927.808	-4.04226
930.693	17.9686
933.576	5.97934
936.459	-0.00995145
939.341	4.0007
942.222	6.0113
945.102	6.02184
947.981	8.03232
950.859	10.0427
953.737	10.0531
956.613	4.0634
959.488	16.0736
962.361	8.08382
965.235	8.09394
968.105	8.104
970.977	10.114
973.846	-3.87607
976.716	-3.8662
979.583	4.14361
982.449	2.15336
985.316	4.16305
988.18	12.1727
991.043	12.1822
993.906	6.19172
996.767	20.2011
999.628	10.2105
1002.49	-5.78019
1005.35	16.229
1008.2	14.2382
1011.06	6.24732
1013.91	-1.74364
1016.77	20.2653
1019.62	2.27424
1022.48	32.2831
1025.33	6.29185
1028.18	6.30056
1031.03	14.3092
1033.87	10.3178
1036.72	4.32626
1039.57	14.3347
1042.41	10.3431
1045.26	6.35134
1048.1	6.35957
1050.94	12.3677
1053.78	14.3758
1056.62	2.38382
1059.46	10.3918
1062.3	4.39964
1065.14	2.40743
1067.97	14.4152
1070.81	14.4228
1073.64	16.4304
1076.47	8.43792
1079.31	-3.55464
1082.14	6.45272
1084.97	24.46
1087.8	12.4672
1090.63	12.4744
1093.45	10.4815
1096.28	20.4885
1099.1	14.4954
1101.93	10.5022
1104.75	6.509
1107.57	-1.4843
1110.39	2.52233
1113.21	6.52887
1116.03	14.5353
1118.85	0.541736
1121.66	8.54805
1124.48	4.55429
1127.3	10.5605
1130.11	0.566541
1132.92	4.57255
1135.73	16.5785
1138.54	4.58432
1141.35	-3.4099
1144.16	22.5958
1146.97	4.60141
1149.78	8.60694
1152.58	16.6124
1155.39	18.6178
1158.19	16.6231
1161	-1.37173
1163.8	4.6334
1166.6	8.63846
1169.4	6.64343
1172.2	14.6483
1174.99	10.6531
1177.79	12.6578
1180.59	12.6625
1183.38	6.66705
1186.17	18.6715
1188.97	0.675923
1191.76	14.6802
1194.55	10.6845
1197.34	2.6886
1200.13	4.69266
1202.92	8.69664
1205.7	8.70053
1208.49	8.70433
1211.27	12.7081
1214.06	20.7117
1216.84	-3.28477
1219.62	8.7187
1222.4	16.7221
1225.18	26.7254
1227.96	6.72857
1230.74	2.73169
1233.51	4.73472
1236.29	2.73766
1239.06	8.74051
1241.84	14.7433
1244.61	-3.25404
1247.38	4.74855
1250.15	6.75105
1252.92	20.7535
1255.69	-1.24421
1258.46	-5.24198
1261.23	8.76017
1263.99	20.7622
1266.76	2.76419
1269.52	16.7661
1272.28	18.7679
1275.05	-1.23045
1277.81	-3.22885
1280.57	-1.22734
1283.33	12.7741
1286.08	-5.22459
1288.84	4.77665
1291.6	2.77779
1294.35	10.7788
1297.11	26.7798
1299.86	8.78067
1302.61	8.78145
1305.36	8.78213
1308.11	10.7827
1310.86	-3.21679
1313.61	0.783608
1316.36	10.7839
1319.1	14.7841
1321.85	6.78424
1324.59	2.78426
1327.33	22.7842
1330.08	12.784
1332.82	12.7838
1335.56	0.783397
1338.3	8.78294
1341.04	4.78239
1343.77	2.78174
1346.51	10.781
1349.25	14.7802
1351.98	18.7792
1354.71	-5.22182
1357.45	10.777
1360.18	-5.22418
1362.91	10.7745
1365.64	8.77306
1368.37	12.7715
1371.09	10.7699
1373.82	18.7682
1376.54	12.7664
1379.27	4.76444
1381.99	18.7624
1384.72	20.7603
1387.44	2.75808
1390.16	0.75576
1392.88	12.7533
1395.6	4.75082
1398.31	22.7482
1401.03	12.7455
1403.75	4.74265
1406.46	-5.26027
1409.18	12.7367
1411.89	2.73357
1414.6	2.73034
1417.31	-3.27299
1420.02	2.72358
1422.73	14.72
1425.44	0.716399
1428.15	8.71266
1430.85	10.7088
1433.56	2.70486
1436.26	10.7008
1438.97	8.69665
1441.67	6.69239
1444.37	10.688
1447.07	20.6836
1449.77	4.67899
1452.47	10.6743
1455.16	-3.33047
1457.86	16.6646
1460.56	12.6596
1463.25	4.65455
1465.94	8.64935
1468.64	8.64403
1471.33	12.6386
1474.02	8.63309
1476.71	12.6275
1479.4	6.62173
1482.09	0.615888
1484.77	20.6099
1487.46	6.60388
1490.14	4.59772
1492.83	8.59145
1495.51	-1.41493
1498.19	8.57858
1500.87	0.571987
1503.55	26.5653
1506.23	14.5585
1508.91	4.55155
1511.59	10.5445
1514.27	8.53738
1516.94	16.5301
1519.62	-1.47723
1522.29	10.5153
1524.96	12.5077
1527.63	2.50004
1530.3	4.49224
1532.97	-1.51566
1535.64	6.47632
1538.31	-5.53181
1540.98	-1.54005
1543.64	16.4516
1546.31	0.443139
1548.97	6.43456
1551.63	8.42588
1554.3	14.4171
1556.96	12.4082
1559.62	14.3992
1562.28	10.39
1564.94	4.38077
1567.59	20.3714
1570.25	8.36195
1572.9	4.35236
1575.56	2.34266
1578.21	-1.66714
1580.86	4.32293
1583.52	4.31289
1586.17	14.3027
1588.82	8.29247
1591.47	0.282093
1594.11	8.2716
1596.76	14.261
1599.41	6.25027
1602.05	2.23943
1604.69	0.22848
1607.34	22.2174
1609.98	8.20623
1612.62	12.1949
1615.26	6.18351
1617.9	4.17198
1620.54	14.1603
1623.18	14.1486
1625.81	14.1367
1628.45	2.1247
1631.08	-1.88741
1633.72	8.10036
1636.35	12.088
1638.98	2.07555
1641.61	10.063
1644.24	26.0503
1646.87	12.0375
1649.5	-1.97548
1652.13	8.01148
1654.75	-8.0017
1657.38	7.98502
1660	17.9716
1662.63	-14.0419
1665.25	5.94444
1667.87	13.9307
1670.49	19.9168
1673.11	-2.0972
1675.73	3.88868
1678.35	9.87444
1680.96	19.8601
1683.58	3.84562
1686.19	21.831
1688.81	13.8163
1691.42	9.80146
1694.03	5.7865
1696.64	29.7714
1699.25	11.7562
1701.87	5.7409
1704.47	11.7255
1707.08	3.7099
1709.69	11.6942
1712.29	5.67841
1714.9	21.6625
1717.5	15.6464
1720.1	1.63027
1722.71	5.61398
1725.31	-4.40243
1727.91	1.58103
1730.51	7.56437
1733.1	7.5476
1735.7	3.53069
1738.3	17.5137
1740.89	17.4965
1743.49	9.47924
1746.08	9.46185
1748.67	11.4443
1751.26	7.42669
1753.86	-0.591076
1756.45	17.391
1759.03	7.37302
1761.62	7.35488
1764.21	1.33662
1766.8	-4.68176
1769.38	5.29974
1771.97	3.28109
1774.55	11.2623
1777.13	11.2434
1779.71	11.2244
1782.29	3.20531
1784.87	11.1861
1787.45	23.1667
1790.03	7.14716
1792.61	7.12752
1795.18	15.1078
1797.76	13.0879
1800.33	3.06786
1802.9	17.0477
1805.48	3.02746
1808.05	3.00707
1810.62	26.9865
1813.19	8.9659
1815.76	8.94513
1818.33	4.92422
1820.89	2.90319
1823.46	14.882
1826.02	-5.13924
1828.59	2.83936
1831.15	14.8178
1833.71	12.7962
1836.27	6.77437
1838.84	0.752448
1841.39	6.7304
1843.95	6.70823
1846.51	16.6859
1849.07	18.6635
1851.62	-11.3591
1854.18	18.6182
1856.73	18.5954
1859.29	8.57248
1861.84	6.54941
1864.39	20.5262
1866.94	12.5029
1869.49	12.4794
1872.04	16.4558
1874.59	0.43209
1877.13	8.40824
1879.68	0.384269
1882.22	0.360152
1884.77	-5.66409
1887.31	0.311544
1889.85	18.287
1892.39	12.2624
1894.93	10.2377
1897.47	20.2127
1900.01	18.1877
1902.55	8.16257
1905.09	-1.86271
1907.62	12.1119
1910.16	2.08634
1912.69	8.06065
1915.22	-1.96516
1917.76	12.0089
1920.29	9.98282
1922.82	1.95662
1925.35	13.9303
1927.88	1.90381
1930.4	15.8772
1932.93	-2.14952
1935.46	7.82362
1937.98	3.79662
1940.51	-2.23051
1943.03	7.74222
1945.55	-0.285161
1948.07	3.6873
1950.59	-0.340347
1953.11	9.63185
1955.63	13.6039
1958.15	15.5759
1960.67	9.54768
1963.18	15.5194
1965.7	1.4909
1968.21	23.4623
1970.73	13.4336
1973.24	15.4047
1975.75	7.37573
1978.26	9.34659
1980.77	7.31734
1983.28	3.28793
1985.79	7.25841
1988.29	5.22875
1990.8	7.19893
1993.31	1.169
1995.81	5.13893
1998.31	11.1087
