100.093	21.8926
103.274	23.9018
106.457	27.9109
109.636	21.9201
112.817	23.9292
115.994	29.9382
119.172	23.9472
122.347	15.9562
125.521	9.96515
128.696	9.97406
131.868	13.9829
135.039	21.9918
138.209	4.00056
141.379	12.0093
144.547	4.01805
147.713	20.0267
150.879	6.03541
154.043	32.044
157.206	0.0526162
160.368	14.0612
163.529	12.0697
166.689	2.07818
169.848	12.0866
173.006	10.095
176.163	8.10343
179.316	2.11178
182.471	12.1201
185.625	8.12838
188.777	14.1366
191.927	10.1449
195.077	18.153
198.224	-5.83881
201.372	8.16931
204.52	10.1774
207.664	10.1855
210.809	18.1935
213.95	-9.79852
217.091	14.2094
220.233	-1.78262
223.372	16.2253
226.509	8.23315
229.648	14.241
232.784	8.24881
235.918	10.2566
239.051	18.2643
242.186	16.2721
245.317	14.2798
248.447	14.2874
251.577	24.295
254.705	10.3026
257.832	4.31022
260.958	18.3178
264.083	2.32529
267.204	20.3328
270.327	14.3402
273.449	12.3477
276.57	4.35507
279.69	26.3624
282.806	12.3698
285.924	2.37712
289.04	10.3844
292.154	10.3917
295.268	10.3989
298.379	2.40614
301.492	12.4133
304.601	2.42049
307.711	18.4276
310.818	12.4347
313.924	2.44182
317.031	8.44888
320.135	22.4559
323.238	8.46291
326.34	20.4699
329.443	-1.52314
332.543	18.4838
335.642	6.4907
338.74	0.497579
341.836	20.5044
344.932	8.51127
348.027	6.51809
351.12	8.52487
354.213	18.5316
357.302	16.5384
360.393	6.54509
363.482	2.55179
366.57	20.5585
369.656	14.5651
372.742	24.5717
375.827	12.5783
378.91	20.5849
381.993	0.591472
385.073	-1.40199
388.154	18.6045
391.232	-1.38899
394.311	14.6175
397.387	0.623937
400.462	-5.36964
403.536	16.6368
406.611	14.6432
409.683	10.6495
412.754	14.6559
415.824	8.6622
418.893	12.6685
421.961	10.6748
425.027	12.6811
428.093	-3.3127
431.158	12.6935
434.222	24.6997
437.284	18.7059
440.346	6.71209
443.407	0.718237
446.464	2.72436
449.523	20.7305
452.581	14.7366
455.635	10.7426
458.691	-5.2513
461.743	8.75474
464.797	10.7608
467.847	-1.23324
470.899	0.77275
473.947	12.7787
476.994	8.78467
480.043	6.7906
483.088	-3.20348
486.133	2.80242
489.176	16.8083
492.22	12.8142
495.262	10.82
498.302	0.825853
501.341	16.8317
504.38	16.8375
507.417	10.8433
510.453	16.849
513.487	6.85478
516.521	6.86052
519.554	4.86625
522.586	2.87196
525.616	0.877652
528.646	16.8833
531.675	6.889
534.701	-5.10535
537.729	16.9003
540.753	8.90591
543.778	10.9115
546.8	6.91711
549.821	0.922694
552.844	2.92826
555.863	0.933818
558.881	16.9394
561.898	8.94489
564.916	-3.0496
567.932	-3.04409
570.946	4.96139
573.959	6.96687
576.971	22.9723
579.982	2.97779
582.993	-1.01677
586	16.9887
589.008	2.99407
592.015	8.99948
595.022	1.00487
598.025	1.01025
601.029	23.0156
604.032	7.02098
607.033	13.0263
610.034	-10.9683
613.032	15.037
616.032	7.04231
619.028	5.04762
622.023	13.0529
625.018	9.0582
628.013	-2.93652
631.005	1.06874
633.997	21.074
636.987	1.07924
639.977	11.0845
642.965	7.08971
645.952	15.0949
648.939	7.10013
651.924	-0.894665
654.909	-0.889473
657.892	5.11571
660.873	1.12088
663.854	-2.87395
666.835	19.1312
669.813	1.13636
672.791	17.1415
675.767	17.1466
678.743	3.15176
681.717	11.1569
684.692	11.162
687.664	-0.832907
690.634	19.1722
693.606	9.17728
696.575	11.1824
699.543	9.18744
702.51	5.19251
705.475	5.19757
708.44	19.2026
711.404	7.20768
714.367	7.21272
717.329	3.21776
720.29	13.2228
723.25	13.2278
726.207	1.23284
729.166	15.2379
732.123	1.24287
735.077	9.24787
738.032	17.2529
740.984	11.2579
743.938	1.26285
746.888	5.26784
749.839	5.27282
752.788	9.2778
755.735	-0.717234
758.682	9.28773
761.627	15.2927
764.574	3.29766
767.517	15.3026
770.46	7.30757
773.402	15.3125
776.342	11.3175
779.282	13.3224
782.219	17.3273
785.157	1.33227
788.094	5.33721
791.029	11.3421
793.962	7.34706
796.896	19.352
799.828	-2.64309
802.76	9.36183
805.689	9.36674
808.619	5.37166
811.546	9.37657
814.473	-2.61852
817.4	15.3864
820.324	9.3913
823.248	1.39621
826.17	11.4011
829.092	11.406
832.012	15.4109
834.932	21.4158
837.851	15.4207
840.768	29.4256
843.685	21.4305
846.599	7.43542
849.514	1.44032
852.428	3.44521
855.339	7.45011
858.251	27.455
861.16	5.4599
864.07	19.4648
866.978	9.4697
869.884	7.4746
872.792	19.4795
875.696	9.4844
878.599	1.4893
881.502	-4.5058
884.404	15.4991
887.304	29.504
890.204	1.50891
893.103	3.51381
896.001	13.5187
898.898	-6.47637
901.794	17.5285
904.689	5.53345
907.581	3.53836
910.474	13.5433
913.364	13.5482
916.256	5.55312
919.144	13.558
922.034	9.56296
924.92	7.56789
927.808	7.57282
930.693	5.57775
933.576	13.5827
936.459	9.58763
939.341	9.59257
942.222	7.59751
945.102	17.6025
947.981	1.60741
950.859	11.6124
953.737	7.61733
956.613	7.62229
959.488	11.6273
962.361	7.63223
965.235	21.6372
968.105	13.6422
970.977	9.64716
973.846	5.65215
976.716	9.65714
979.583	21.6621
982.449	15.6671
985.316	21.6721
988.18	9.67716
991.043	13.6822
993.906	5.68719
996.767	-0.307782
999.628	13.6972
1002.49	23.7023
1005.35	1.70733
1008.2	23.7124
1011.06	13.7174
1013.91	15.7225
1016.77	7.72756
1019.62	7.73263
1022.48	5.73771
1025.33	-2.25721
1028.18	11.7479
1031.03	-0.247021
1033.87	11.7581
1036.72	7.7632
1039.57	13.7683
1042.41	5.77344
1045.26	9.77857
1048.1	9.7837
1050.94	5.78885
1053.78	-4.206
1056.62	5.79916
1059.46	19.8043
1062.3	13.8095
1065.14	7.81469
1067.97	1.81988
1070.81	11.8251
1073.64	9.83029
1076.47	17.8355
1079.31	5.84072
1082.14	3.84595
1084.97	11.8512
1087.8	7.85644
1090.63	5.8617
1093.45	23.867
1096.28	15.8722
1099.1	11.8775
1101.93	15.8828
1104.75	3.88812
1107.57	5.89343
1110.39	13.8987
1113.21	1.90407
1116.03	9.90941
1118.85	5.91476
1121.66	13.9201
1124.48	-4.07451
1127.3	1.93086
1130.11	11.9363
1132.92	-4.05835
1135.73	-2.05294
1138.54	1.95247
1141.35	9.9579
1144.16	17.9633
1146.97	11.9688
1149.78	7.97425
1152.58	3.97972
1155.39	-0.0148011
1158.19	-4.00931
1161	-12.0038
1163.8	16.0017
1166.6	4.00723
1169.4	16.0128
1172.2	4.01832
1174.99	10.0239
1177.79	0.0294464
1180.59	4.03503
1183.38	8.04062
1186.17	0.0462287
1188.97	10.0518
1191.76	6.05747
1194.55	14.0631
1197.34	-3.93123
1200.13	4.07444
1202.92	12.0801
1205.7	-3.9142
1208.49	8.09151
1211.27	8.09722
1214.06	-3.89705
1216.84	0.108693
1219.62	2.11444
1222.4	12.1202
1225.18	14.126
1227.96	8.13178
1230.74	12.1376
1233.51	12.1434
1236.29	6.14925
1239.06	4.15509
1241.84	2.16095
1244.61	12.1668
1247.38	10.1727
1250.15	4.17861
1252.92	0.184527
1255.69	0.190458
1258.46	-3.8036
1261.23	4.20236
1263.99	6.20833
1266.76	4.21431
1269.52	12.2203
1272.28	14.2263
1275.05	-1.76764
1277.81	16.2384
1280.57	0.24446
1283.33	18.2505
1286.08	-5.74338
1288.84	4.26273
1291.6	22.2688
1294.35	2.27498
1297.11	10.2811
1299.86	12.2873
1302.61	4.29347
1305.36	6.29966
1308.11	4.30588
1310.86	12.3121
1313.61	6.31834
1316.36	24.3246
1319.1	0.330875
1321.85	12.3372
1324.59	6.34347
1327.33	0.34979
1330.08	10.3561
1332.82	-3.63752
1335.56	2.36885
1338.3	8.37524
1341.04	14.3816
1343.77	24.3881
1346.51	8.3945
1349.25	10.401
1351.98	14.4074
1354.71	4.41391
1357.45	0.420415
1360.18	8.42694
1362.91	12.4335
1365.64	-5.55997
1368.37	20.4466
1371.09	6.4532
1373.82	-1.5402
1376.54	6.46642
1379.27	4.47307
1381.99	10.4797
1384.72	18.4864
1387.44	10.4931
1390.16	10.4998
1392.88	12.5066
1395.6	16.5133
1398.31	16.5201
1401.03	8.52686
1403.75	12.5337
1406.46	10.5405
1409.18	0.547328
1411.89	16.5542
1414.6	0.561067
1417.31	10.568
1420.02	0.574877
1422.73	14.5818
1425.44	26.5888
1428.15	6.59574
1430.85	-11.3973
1433.56	8.60974
1436.26	12.6168
1438.97	2.62382
1441.67	4.63089
1444.37	12.638
1447.07	8.64508
1449.77	14.6522
1452.47	-1.34064
1455.16	10.6665
1457.86	6.67371
1460.56	-17.3191
1463.25	2.68814
1465.94	4.69538
1468.64	16.7027
1471.33	18.7099
1474.02	10.7172
1476.71	-3.27543
1479.4	16.7319
1482.09	14.7393
1484.77	10.7467
1487.46	0.754077
1490.14	4.76151
1492.83	20.769
1495.51	12.7764
1498.19	16.7839
1500.87	8.79142
1503.55	6.79896
1506.23	14.8065
1508.91	16.8141
1511.59	6.82168
1514.27	18.8293
1516.94	4.83693
1519.62	12.8446
1522.29	8.85227
1524.96	4.85998
1527.63	-1.1323
1530.3	12.8754
1532.97	16.8832
1535.64	0.891
1538.31	26.8988
1540.98	2.90664
1543.64	16.9145
1546.31	4.92237
1548.97	10.9303
1551.63	0.938188
1554.3	12.9461
1556.96	16.9541
1559.62	20.9621
1562.28	0.970091
1564.94	8.97812
1567.59	4.98618
1570.25	-1.00575
1572.9	-2.99765
1575.56	11.0105
1578.21	1.01862
1580.86	5.02679
1583.52	1.03498
1586.17	19.0432
1588.82	23.0514
1591.47	11.0597
1594.11	-0.932031
1596.76	-4.92373
1599.41	9.0846
1602.05	23.093
1604.69	9.10133
1607.34	1.10973
1609.98	-2.88185
1612.62	11.1266
1615.26	5.13507
1617.9	19.1436
1620.54	23.1521
1623.18	1.16062
1625.81	7.16919
1628.45	11.1778
1631.08	19.1864
1633.72	9.19502
1636.35	13.2037
1638.98	5.21237
1641.61	21.2211
1644.24	5.22981
1646.87	17.2386
1649.5	27.2474
1652.13	21.2562
1654.75	15.265
1657.38	1.27384
1660	23.2827
1662.63	7.29163
1665.25	7.30056
1667.87	15.3095
1670.49	-10.6815
1673.11	27.3275
1675.73	5.33653
1678.35	11.3456
1680.96	5.35466
1683.58	13.3638
1686.19	11.3729
1688.81	11.3821
1691.42	17.3912
1694.03	7.40044
1696.64	11.4097
1699.25	-0.581079
1701.87	13.4282
1704.47	17.4375
1707.08	3.44685
1709.69	13.4562
1712.29	19.4656
1714.9	19.475
1717.5	11.4844
1720.1	9.4939
1722.71	17.5034
1725.31	1.5129
1727.91	13.5224
1730.51	13.532
1733.1	11.5416
1735.7	-0.448778
1738.3	15.5609
1740.89	5.57054
1743.49	3.58023
1746.08	11.59
1748.67	3.59971
1751.26	-2.39052
1753.86	-0.380711
1756.45	29.6291
1759.03	9.63898
1761.62	7.64886
1764.21	1.65877
1766.8	1.66871
1769.38	13.6787
1771.97	15.6887
1774.55	13.6987
1777.13	13.7087
1779.71	11.7188
1782.29	1.7289
1784.87	9.73903
1787.45	9.74919
1790.03	11.7594
1792.61	9.76958
1795.18	9.77981
1797.76	17.7901
1800.33	13.8004
1802.9	21.8107
1805.48	-0.178969
1808.05	19.8314
1810.62	11.8418
1813.19	11.8522
1815.76	13.8627
1818.33	9.87319
1820.89	-0.116299
1823.46	17.8942
1826.02	3.90481
1828.59	7.91541
1831.15	3.92603
1833.71	13.9367
1836.27	13.9474
1838.84	19.9581
1841.39	29.9688
1843.95	7.97958
1846.51	5.99038
1849.07	4.0012
1851.62	20.0121
1854.18	0.0229373
1856.73	4.03384
1859.29	-3.95521
1861.84	2.05575
1864.39	16.0667
1866.94	10.0778
1869.49	-3.91118
1872.04	8.09991
1874.59	12.111
1877.13	6.12216
1879.68	16.1333
1882.22	6.14452
1884.77	14.1557
1887.31	10.167
1889.85	6.17829
1892.39	14.1896
1894.93	22.2009
1897.47	8.21232
1900.01	12.2237
1902.55	8.23515
1905.09	12.2466
1907.62	4.2581
1910.16	10.2696
1912.69	12.2812
1915.22	12.2928
1917.76	28.3044
1920.29	-3.684
1922.82	10.3277
1925.35	16.3394
1927.88	-1.64891
1930.4	12.3628
1932.93	12.3746
1935.46	4.38645
1937.98	14.3983
1940.51	12.4102
1943.03	18.4221
1945.55	14.434
1948.07	10.446
1950.59	20.458
1953.11	22.47
1955.63	20.4821
1958.15	-13.5058
1960.67	12.5063
1963.18	8.51843
1965.7	12.5306
1968.21	4.54282
1970.73	8.55506
1973.24	14.5673
1975.75	0.579635
1978.26	12.592
1980.77	6.60433
1983.28	10.6167
1985.79	12.6292
1988.29	16.6416
1990.8	16.6541
1993.31	12.6666
1995.81	12.6792
1998.31	12.6917
