100.093	14.2263
103.274	16.242
106.457	12.2576
109.636	26.2733
112.817	30.2889
115.994	16.3045
119.172	10.3202
122.347	18.3358
125.521	16.3513
128.696	24.3669
131.868	18.3825
135.039	30.398
138.209	22.4136
141.379	18.4291
144.547	16.4446
147.713	20.4601
150.879	16.4756
154.043	8.49111
157.206	24.5066
160.368	4.52202
163.529	-7.46254
166.689	12.5529
169.848	4.56829
173.006	20.5837
176.163	12.5991
179.316	12.6144
182.471	0.629786
185.625	8.64513
188.777	16.6605
191.927	12.6758
195.077	2.69105
198.224	18.7063
201.372	16.7216
204.52	12.7368
207.664	6.75206
210.809	14.7673
213.95	20.7825
217.091	8.79766
220.233	20.8128
223.372	8.82798
226.509	0.84311
229.648	-1.14176
232.784	14.8733
235.918	22.8884
239.051	14.9035
242.186	2.91854
245.317	-1.06643
248.447	2.94858
251.577	16.9636
254.705	8.97856
257.832	24.9935
260.958	9.00846
264.083	15.0234
267.204	9.03829
270.327	27.0532
273.449	23.0681
276.57	1.0829
279.69	21.0977
282.806	17.1125
285.924	13.1273
289.04	11.1421
292.154	13.1569
295.268	13.1716
298.379	19.1863
301.492	7.20103
304.601	19.2157
307.711	-0.76964
310.818	3.24499
313.924	35.2596
317.031	21.2742
320.135	11.2888
323.238	7.30333
326.34	5.31787
329.443	9.33239
332.543	11.3469
335.642	5.36135
338.74	3.3758
341.836	5.39022
344.932	21.4046
348.027	-2.58099
351.12	23.4334
354.213	7.44772
357.302	11.462
360.393	17.4763
363.482	15.4906
366.57	-0.495142
369.656	5.51908
372.742	17.5333
375.827	17.5475
378.91	19.5616
381.993	-2.42423
385.073	5.58988
388.154	-4.39602
391.232	3.61804
394.311	-2.36791
397.387	13.6461
400.462	11.6601
403.536	11.6741
406.611	17.688
409.683	-4.29806
412.754	5.71584
415.824	7.72972
418.893	13.7436
421.961	-6.24261
425.027	19.7712
428.093	-0.215033
431.158	19.7987
434.222	3.81245
437.284	1.82615
440.346	-6.16018
443.407	11.8535
446.464	9.86709
449.523	-0.119308
452.581	1.89427
455.635	9.90781
458.691	-0.0786696
461.743	1.93482
464.797	23.9483
467.847	9.96173
470.899	9.97515
473.947	5.98853
476.994	10.0019
480.043	12.0152
483.088	6.02853
486.133	6.04181
489.176	30.0551
492.22	10.0683
495.262	24.0815
498.302	0.094657
501.341	4.1078
504.38	-3.87909
507.417	0.133999
510.453	0.147058
513.487	22.1601
516.521	2.17308
519.554	-7.81394
522.586	6.199
525.616	12.2119
528.646	4.2248
531.675	6.23767
534.701	10.2505
537.729	10.2633
540.753	12.2761
543.778	4.28881
546.8	8.30152
549.821	22.3142
552.844	14.3269
555.863	10.3395
558.881	-5.64793
561.898	-1.63537
564.916	10.3772
567.932	8.38967
570.946	-7.59786
573.959	24.4146
576.971	6.427
579.982	12.4394
582.993	12.4517
586	14.464
589.008	-11.5237
592.015	6.4886
595.022	6.50083
598.025	18.513
601.029	4.52518
604.032	-1.46268
607.033	4.54942
610.034	12.5615
613.032	6.57353
616.032	-5.41446
619.028	-3.40249
622.023	-5.39055
625.018	14.6214
628.013	2.63324
631.005	4.64508
633.997	14.6569
636.987	8.66867
639.977	4.68042
642.965	4.69214
645.952	12.7038
648.939	2.71547
651.924	14.7271
654.909	6.73867
657.892	6.75022
660.873	8.76173
663.854	-1.22678
666.835	22.7847
669.813	2.79608
672.791	12.8075
675.767	10.8188
678.743	2.83013
681.717	6.8414
684.692	6.85265
687.664	10.8639
690.634	14.875
693.606	-7.11381
696.575	-5.10271
699.543	24.9084
702.51	8.9194
705.475	4.93041
708.44	16.9414
711.404	12.9523
714.367	16.9632
717.329	-1.02592
720.29	18.9849
723.25	10.9957
726.207	19.0065
729.166	11.0172
732.123	-0.972134
735.077	5.03851
738.032	21.0491
740.984	25.0597
743.938	13.0703
746.888	7.08076
749.839	7.09123
752.788	23.1017
755.735	13.1121
758.682	19.1224
761.627	17.1327
764.574	7.14304
767.517	13.1533
770.46	25.1635
773.402	3.17368
776.342	3.18382
779.282	19.1939
782.219	21.204
785.157	3.21402
788.094	15.224
791.029	5.23397
793.962	11.2439
796.896	-4.74624
799.828	1.2636
802.76	31.2734
805.689	13.2832
808.619	5.2929
811.546	15.3026
814.473	17.3122
817.4	5.32185
820.324	-0.668576
823.248	7.34096
826.17	21.3505
829.092	15.3599
832.012	9.36934
834.932	3.37872
837.851	21.3881
840.768	13.3974
843.685	15.4066
846.599	17.4159
849.514	7.42504
852.428	13.4342
855.339	5.44329
858.251	7.45236
861.16	7.46139
864.07	13.4704
866.978	13.4793
869.884	17.4882
872.792	15.4971
875.696	19.5059
878.599	7.51473
881.502	1.52348
884.404	-0.467815
887.304	7.54085
890.204	1.54948
893.103	13.5581
896.001	5.56662
898.898	7.57513
901.794	21.5836
904.689	5.59202
907.581	13.6004
910.474	7.60875
913.364	9.61705
916.256	13.6253
919.144	7.63354
922.034	15.6417
924.92	5.64986
927.808	5.65796
930.693	13.666
933.576	1.67403
936.459	3.682
939.341	3.68993
942.222	23.6978
945.102	7.70566
947.981	1.71347
950.859	1.72123
953.737	1.72896
956.613	17.7366
959.488	21.7443
962.361	7.75187
965.235	5.75942
968.105	25.7669
970.977	13.7744
973.846	1.78182
976.716	13.7892
979.583	7.79655
982.449	7.80384
985.316	13.8111
988.18	9.81831
991.043	-2.17452
993.906	23.8326
996.767	11.8397
999.628	5.84672
1002.49	7.85372
1005.35	13.8607
1008.2	3.86758
1011.06	15.8744
1013.91	9.88127
1016.77	1.88805
1019.62	-2.10522
1022.48	13.9015
1025.33	11.9081
1028.18	13.9147
1031.03	1.92128
1033.87	5.92779
1036.72	5.93426
1039.57	3.94069
1042.41	21.9471
1045.26	13.9534
1048.1	35.9597
1050.94	11.9659
1053.78	7.97215
1056.62	23.9783
1059.46	13.9844
1062.3	13.9905
1065.14	11.9965
1067.97	-7.9975
1070.81	4.00844
1073.64	14.0143
1076.47	2.02017
1079.31	10.026
1082.14	24.0317
1084.97	26.0374
1087.8	-1.9569
1090.63	4.04872
1093.45	8.05429
1096.28	-1.94018
1099.1	22.0653
1101.93	0.0707398
1104.75	12.0761
1107.57	8.08148
1110.39	12.0868
1113.21	14.092
1116.03	-1.90277
1118.85	6.1024
1121.66	2.10751
1124.48	-13.8874
1127.3	-5.8824
1130.11	6.12258
1132.92	6.12751
1135.73	20.1324
1138.54	12.1372
1141.35	10.142
1144.16	4.14676
1146.97	10.1515
1149.78	-5.84389
1152.58	10.1607
1155.39	6.16527
1158.19	22.1698
1161	2.17424
1163.8	12.1787
1166.6	26.183
1169.4	16.1873
1172.2	8.19162
1174.99	14.1958
1177.79	4.20003
1180.59	10.2042
1183.38	6.20824
1186.17	-11.7877
1188.97	2.21627
1191.76	-1.77979
1194.55	18.2241
1197.34	8.22795
1200.13	16.2318
1202.92	0.235501
1205.7	2.2392
1208.49	-3.75714
1211.27	-1.75354
1214.06	4.25002
1216.84	4.25353
1219.62	0.256994
1222.4	4.26041
1225.18	12.2638
1227.96	10.2671
1230.74	-1.72964
1233.51	6.27358
1236.29	12.2768
1239.06	-5.72012
1241.84	24.2829
1244.61	8.28598
1247.38	2.28895
1250.15	6.29188
1252.92	8.29476
1255.69	4.29759
1258.46	4.30037
1261.23	2.3031
1263.99	-7.69421
1266.76	6.30842
1269.52	2.31101
1272.28	12.3135
1275.05	4.31603
1277.81	0.318464
1280.57	-1.67915
1283.33	4.32319
1286.08	16.3255
1288.84	2.32772
1291.6	4.32991
1294.35	-3.66795
1297.11	4.33414
1299.86	6.33618
1302.61	8.33817
1305.36	4.34011
1308.11	14.342
1310.86	6.34384
1313.61	0.345629
1316.36	4.34737
1319.1	0.34906
1321.85	14.3507
1324.59	12.3523
1327.33	10.3538
1330.08	14.3553
1332.82	16.3568
1335.56	8.35815
1338.3	2.35949
1341.04	12.3608
1343.77	2.36201
1346.51	16.3632
1349.25	8.36433
1351.98	6.36542
1354.71	-7.63355
1357.45	14.3674
1360.18	2.36837
1362.91	6.36925
1365.64	10.3701
1368.37	12.3709
1371.09	8.37159
1373.82	20.3723
1376.54	16.3729
1379.27	12.3735
1381.99	6.37399
1384.72	16.3745
1387.44	-3.62511
1390.16	16.3753
1392.88	12.3756
1395.6	24.3758
1398.31	-13.6239
1401.03	16.3762
1403.75	8.37634
1406.46	4.3764
1409.18	8.37641
1411.89	2.37636
1414.6	8.37627
1417.31	10.3761
1420.02	8.37593
1422.73	-3.62432
1425.44	8.37538
1428.15	8.37502
1430.85	8.37462
1433.56	10.3742
1436.26	22.3736
1438.97	20.3731
1441.67	18.3725
1444.37	-1.62819
1447.07	2.37109
1449.77	10.3703
1452.47	14.3695
1455.16	10.3686
1457.86	4.36769
1460.56	4.36671
1463.25	-9.63432
1465.94	6.36459
1468.64	8.36345
1471.33	6.36226
1474.02	-3.63898
1476.71	4.35972
1479.4	12.3584
1482.09	0.356971
1484.77	-1.64448
1487.46	10.354
1490.14	16.3524
1492.83	0.350834
1495.51	16.3492
1498.19	4.34745
1500.87	16.3457
1503.55	6.34385
1506.23	14.342
1508.91	10.34
1511.59	2.33805
1514.27	8.33601
1516.94	14.3339
1519.62	12.3318
1522.29	18.3296
1524.96	26.3273
1527.63	8.32502
1530.3	14.3227
1532.97	18.3202
1535.64	-7.68222
1538.31	-5.68474
1540.98	4.31269
1543.64	2.31006
1546.31	4.30738
1548.97	12.3046
1551.63	-3.69814
1554.3	12.299
1556.96	0.296121
1559.62	12.2932
1562.28	14.2902
1564.94	20.2871
1567.59	8.284
1570.25	10.2808
1572.9	6.27761
1575.56	12.2743
1578.21	2.27101
1580.86	24.2676
1583.52	-1.73581
1586.17	2.2607
1588.82	12.2572
1591.47	16.2536
1594.11	-3.7501
1596.76	24.2462
1599.41	20.2424
1602.05	12.2386
1604.69	18.2347
1607.34	8.23082
1609.98	6.22684
1612.62	2.2228
1615.26	6.21871
1617.9	6.21457
1620.54	0.210369
1623.18	10.2061
1625.81	16.2018
1628.45	2.19744
1631.08	0.193027
1633.72	16.1886
1636.35	6.18403
1638.98	16.1794
1641.61	-7.82519
1644.24	10.1701
1646.87	8.16537
1649.5	12.1606
1652.13	18.1557
1654.75	10.1508
1657.38	-3.85417
1660	14.1408
1662.63	10.1357
1665.25	2.13059
1667.87	8.12541
1670.49	-5.87984
1673.11	8.11486
1675.73	6.10951
1678.35	14.1041
1680.96	10.0986
1683.58	16.0931
1686.19	6.08754
1688.81	6.08191
1691.42	4.07622
1694.03	6.07048
1696.64	-1.93532
1699.25	4.05883
1701.87	6.05292
1704.47	8.04696
1707.08	-3.95906
1709.69	4.03486
1712.29	20.0287
1714.9	8.02254
1717.5	4.0163
1720.1	-3.99
1722.71	12.0036
1725.31	9.99724
1727.91	17.9908
1730.51	7.98425
1733.1	15.9777
1735.7	15.971
1738.3	3.96435
1740.89	3.9576
1743.49	13.9508
1746.08	5.94394
1748.67	-6.06297
1751.26	15.9301
1753.86	5.92304
1756.45	-2.08405
1759.03	5.90882
1761.62	7.90162
1764.21	15.8944
1766.8	5.88707
1769.38	19.8797
1771.97	-8.12772
1774.55	-2.13519
1777.13	9.85727
1779.71	5.84968
1782.29	9.84204
1784.87	7.83434
1787.45	17.8266
1790.03	1.81877
1792.61	13.8109
1795.18	13.803
1797.76	5.79499
1800.33	9.78695
1802.9	-0.221146
1805.48	-4.2293
1808.05	1.76249
1810.62	-2.24577
1813.19	21.7459
1815.76	7.73752
1818.33	15.7291
1820.89	5.72059
1823.46	25.712
1826.02	9.70343
1828.59	-0.305227
1831.15	1.68605
1833.71	7.67727
1836.27	-0.331559
1838.84	9.65955
1841.39	11.6506
1843.95	15.6416
1846.51	11.6325
1849.07	5.62342
1851.62	11.6142
1854.18	19.605
1856.73	5.59573
1859.29	5.58638
1861.84	21.577
1864.39	13.5675
1866.94	9.55799
1869.49	5.54842
1872.04	1.53879
1874.59	7.5291
1877.13	7.51936
1879.68	13.5096
1882.22	13.4997
1884.77	5.48978
1887.31	21.4798
1889.85	5.46977
1892.39	-2.54032
1894.93	13.4495
1897.47	1.43933
1900.01	11.4291
1902.55	17.4188
1905.09	7.40838
1907.62	17.3979
1910.16	11.3875
1912.69	7.37691
1915.22	-4.6337
1917.76	11.3556
1920.29	3.34492
1922.82	21.3341
1925.35	19.3233
1927.88	1.31242
1930.4	15.3015
1932.93	-2.70954
1935.46	23.2794
1937.98	15.2683
1940.51	1.25709
1943.03	5.24585
1945.55	13.2346
1948.07	17.2232
1950.59	1.2118
1953.11	-0.799676
1955.63	5.1888
1958.15	5.17722
1960.67	-4.83442
1963.18	11.1539
1965.7	-2.85788
1968.21	3.13031
1970.73	13.1184
1973.24	21.1065
1975.75	1.09452
1978.26	-4.91753
1980.77	-0.929628
1983.28	17.0582
1985.79	-0.954011
1988.29	5.03371
1990.8	13.0214
1993.31	1.00898
1995.81	8.99653
1998.31	8.98403
