100.093	9.19865
103.274	1.24974
106.457	11.3006
109.636	17.351
112.817	13.4012
115.994	13.4511
119.172	11.5007
122.347	5.55001
125.521	9.59899
128.696	17.6477
131.868	3.69608
135.039	11.7442
138.209	15.792
141.379	19.8395
144.547	-4.11332
147.713	27.9336
150.879	7.98021
154.043	24.0265
157.206	12.0726
160.368	16.1183
163.529	12.1638
166.689	18.2089
169.848	6.25382
173.006	20.2984
176.163	6.34273
179.316	12.3867
182.471	8.43046
185.625	10.4739
188.777	10.5171
191.927	10.56
195.077	-1.39742
198.224	12.6449
201.372	2.68694
204.52	0.728715
207.664	10.7702
210.809	12.8114
213.95	18.8523
217.091	10.893
220.233	-1.06662
223.372	6.97348
226.509	3.0133
229.648	11.0529
232.784	11.0922
235.918	11.1312
239.051	25.1699
242.186	17.2084
245.317	7.24664
248.447	3.28458
251.577	9.32226
254.705	21.3597
257.832	11.3968
260.958	-0.566296
264.083	15.4703
267.204	-6.49334
270.327	11.5428
273.449	7.5786
276.57	-4.38583
279.69	9.64949
282.806	9.68453
285.924	9.71933
289.04	17.7539
292.154	9.78815
295.268	19.8222
298.379	5.85595
301.492	-8.11053
304.601	23.9227
307.711	5.95575
310.818	9.9885
313.924	4.02101
317.031	4.05328
320.135	20.0853
323.238	26.117
326.34	14.1485
329.443	8.17983
332.543	12.2108
335.642	16.2416
338.74	6.27214
341.836	16.3024
344.932	20.3325
348.027	18.3623
351.12	18.3918
354.213	8.42114
357.302	4.4502
360.393	22.479
363.482	12.5076
366.57	8.536
369.656	14.5641
372.742	0.591996
375.827	14.6197
378.91	10.6471
381.993	6.67424
385.073	16.7012
388.154	8.7279
391.232	6.75437
394.311	18.7806
397.387	16.8066
400.462	8.83242
403.536	-1.14202
406.611	-7.11668
409.683	16.9084
412.754	14.9333
415.824	8.95794
418.893	-11.0176
421.961	7.00656
425.027	11.0305
428.093	1.05429
431.158	11.0778
434.222	15.1011
437.284	23.1242
440.346	17.1471
443.407	13.1697
446.464	19.1922
449.523	-0.785633
452.581	-4.76364
455.635	11.2581
458.691	5.27969
461.743	19.301
464.797	19.3222
467.847	9.34307
470.899	-8.63622
473.947	15.3843
476.994	-2.59546
480.043	3.42461
483.088	1.44446
486.133	25.4641
489.176	-0.516463
492.22	1.50278
495.262	15.5218
498.302	5.54061
501.341	1.55921
504.38	7.57761
507.417	11.5958
510.453	5.6138
513.487	11.6316
516.521	3.64917
519.554	11.6666
522.586	5.68374
525.616	7.70072
528.646	5.7175
531.675	1.73409
534.701	1.75046
537.729	11.7667
540.753	9.78264
543.778	7.79843
546.8	7.81403
549.821	15.8294
552.844	17.8446
555.863	11.8596
558.881	17.8745
561.898	3.88908
564.916	-4.09648
567.932	1.91777
570.946	-4.06818
573.959	23.9457
576.971	5.95935
579.982	11.9728
582.993	13.9861
586	7.99923
589.008	20.0122
592.015	10.0249
595.022	2.03745
598.025	14.0498
601.029	20.062
604.032	8.074
607.033	24.0858
610.034	-1.90255
613.032	8.1089
616.032	8.12017
619.028	8.13126
622.023	-1.85783
625.018	16.1529
628.013	-1.83653
631.005	10.1738
633.997	2.18404
636.987	16.1941
639.977	6.20392
642.965	12.2136
645.952	18.2231
648.939	14.2324
651.924	0.241576
654.909	18.2506
657.892	12.2594
660.873	8.268
663.854	2.27647
666.835	14.2848
669.813	10.2929
672.791	20.3009
675.767	12.3087
678.743	12.3163
681.717	14.3237
684.692	0.331037
687.664	2.33816
690.634	14.3451
693.606	18.3519
696.575	4.35856
699.543	22.365
702.51	14.3713
705.475	16.3775
708.44	14.3835
711.404	12.3893
714.367	18.395
717.329	0.400479
720.29	8.40583
723.25	14.411
726.207	14.4161
729.166	18.4209
732.123	8.42565
735.077	10.4302
738.032	22.4346
740.984	6.43888
743.938	4.44298
746.888	8.44693
749.839	18.4507
752.788	10.4544
755.735	-1.54214
758.682	6.4612
761.627	10.4644
764.574	8.46744
767.517	18.4703
770.46	10.4731
773.402	24.4757
776.342	4.47812
779.282	20.4804
782.219	22.4826
785.157	12.4846
788.094	22.4865
791.029	-1.51182
793.962	20.4898
796.896	6.4912
799.828	8.49249
802.76	16.4936
805.689	20.4947
808.619	16.4955
811.546	22.4963
814.473	8.49684
817.4	8.49729
820.324	14.4976
823.248	28.4978
826.17	12.4978
829.092	18.4977
832.012	10.4975
834.932	20.4971
837.851	0.496595
840.768	4.49595
843.685	12.4952
846.599	32.4943
849.514	32.4932
852.428	6.49205
855.339	20.4907
858.251	4.48931
861.16	14.4877
864.07	22.486
866.978	22.4842
869.884	28.4823
872.792	34.4802
875.696	16.478
878.599	12.4756
881.502	-1.52683
884.404	14.4706
887.304	8.46786
890.204	16.465
893.103	16.4621
896.001	2.45896
898.898	12.4557
901.794	16.4524
904.689	6.44895
907.581	16.4454
910.474	24.4417
913.364	8.43785
916.256	18.4339
919.144	4.42985
922.034	22.4257
924.92	2.42137
927.808	6.41695
930.693	8.41241
933.576	16.4078
936.459	18.403
939.341	10.3981
942.222	26.3931
945.102	-5.612
947.981	0.382775
950.859	18.3774
953.737	16.372
956.613	16.3664
959.488	2.36073
962.361	4.35494
965.235	28.349
968.105	14.343
970.977	0.336909
973.846	18.3307
976.716	18.3243
979.583	8.31789
982.449	10.3113
985.316	10.3047
988.18	4.2979
991.043	2.29102
993.906	12.284
996.767	14.277
999.628	-1.73024
1002.49	12.2625
1005.35	-7.74494
1008.2	8.24755
1011.06	6.23995
1013.91	18.2322
1016.77	4.22443
1019.62	22.2165
1022.48	22.2085
1025.33	24.2004
1028.18	14.1922
1031.03	6.18387
1033.87	8.17546
1036.72	18.1669
1039.57	12.1583
1042.41	22.1496
1045.26	8.14084
1048.1	8.13194
1050.94	8.12295
1053.78	26.1139
1056.62	4.10468
1059.46	16.0954
1062.3	12.086
1065.14	2.07657
1067.97	16.067
1070.81	10.0574
1073.64	26.0476
1076.47	12.0378
1079.31	8.02787
1082.14	2.01786
1084.97	26.0077
1087.8	7.99756
1090.63	17.9873
1093.45	5.97691
1096.28	13.9665
1099.1	-2.04409
1101.93	21.9453
1104.75	31.9346
1107.57	11.9238
1110.39	5.91286
1113.21	7.9019
1116.03	7.89083
1118.85	17.8797
1121.66	19.8685
1124.48	3.85715
1127.3	-10.1542
1130.11	19.8343
1132.92	17.8227
1135.73	17.8111
1138.54	3.79938
1141.35	15.7876
1144.16	7.77569
1146.97	9.76374
1149.78	21.7517
1152.58	3.73959
1155.39	5.7274
1158.19	1.71512
1161	-0.297225
1163.8	21.6904
1166.6	29.6779
1169.4	11.6653
1172.2	15.6526
1174.99	17.6399
1177.79	-10.3729
1180.59	-0.385776
1183.38	7.60128
1186.17	11.5883
1188.97	5.57516
1191.76	15.562
1194.55	5.54876
1197.34	11.5354
1200.13	13.5221
1202.92	7.50862
1205.7	19.4951
1208.49	1.48151
1211.27	15.4679
1214.06	-4.54587
1216.84	11.4403
1219.62	15.4265
1222.4	15.4125
1225.18	3.39855
1227.96	23.3845
1230.74	-0.629641
1233.51	-4.64383
1236.29	17.3419
1239.06	9.32759
1241.84	25.3132
1244.61	3.29875
1247.38	21.2842
1250.15	-12.7303
1252.92	21.255
1255.69	7.24032
1258.46	9.22557
1261.23	-0.789259
1263.99	1.19586
1266.76	11.1809
1269.52	19.1659
1272.28	5.15085
1275.05	-4.86427
1277.81	15.1205
1280.57	9.10531
1283.33	-4.90999
1286.08	23.0747
1288.84	15.0593
1291.6	1.04378
1294.35	7.02826
1297.11	9.01269
1299.86	10.9971
1302.61	8.98136
1305.36	24.9656
1308.11	22.9498
1310.86	0.93398
1313.61	6.91808
1316.36	-3.09788
1319.1	-9.11388
1321.85	4.87006
1324.59	14.8539
1327.33	10.8378
1330.08	0.821575
1332.82	10.8053
1335.56	6.789
1338.3	4.77264
1341.04	6.75623
1343.77	16.7398
1346.51	18.7233
1349.25	6.70671
1351.98	6.69012
1354.71	6.67346
1357.45	14.6568
1360.18	6.64003
1362.91	20.6232
1365.64	10.6064
1368.37	-1.41047
1371.09	16.5726
1373.82	8.55564
1376.54	6.53864
1379.27	10.5216
1381.99	4.50449
1384.72	18.4873
1387.44	8.47017
1390.16	12.4529
1392.88	0.435686
1395.6	-1.58162
1398.31	22.401
1401.03	14.3837
1403.75	10.3662
1406.46	14.3488
1409.18	24.3313
1411.89	-3.68629
1414.6	6.29613
1417.31	10.2785
1420.02	10.2609
1422.73	10.2432
1425.44	-7.77457
1428.15	12.2077
1430.85	2.18987
1433.56	6.17204
1436.26	2.15416
1438.97	8.13625
1441.67	28.1183
1444.37	-1.89966
1447.07	12.0823
1449.77	8.06429
1452.47	4.04621
1455.16	-1.9719
1457.86	8.00996
1460.56	3.99179
1463.25	9.97358
1465.94	9.95535
1468.64	5.93708
1471.33	11.9188
1474.02	1.90046
1476.71	3.88211
1479.4	15.8637
1482.09	5.8453
1484.77	7.82686
1487.46	1.8084
1490.14	1.7899
1492.83	9.77137
1495.51	3.75282
1498.19	-2.26576
1500.87	15.7156
1503.55	3.69701
1506.23	17.6783
1508.91	5.65967
1511.59	-8.35905
1514.27	11.6222
1516.94	-8.39653
1519.62	3.58469
1522.29	5.56588
1524.96	11.5471
1527.63	15.5282
1530.3	1.50934
1532.97	21.4904
1535.64	3.47153
1538.31	25.4526
1540.98	11.4336
1543.64	15.4147
1546.31	13.3957
1548.97	17.3766
1551.63	13.3576
1554.3	1.33854
1556.96	5.31947
1559.62	11.3004
1562.28	17.2813
1564.94	7.26213
1567.59	5.24299
1570.25	1.22382
1572.9	7.20463
1575.56	1.18543
1578.21	11.1662
1580.86	1.14699
1583.52	-8.87226
1586.17	17.1085
1588.82	3.0892
1591.47	7.06991
1594.11	13.0506
1596.76	11.0313
1599.41	7.01196
1602.05	-3.00738
1604.69	8.97326
1607.34	-3.04611
1609.98	14.9345
1612.62	4.91511
1615.26	24.8957
1617.9	2.87629
1620.54	-3.14315
1623.18	6.83742
1625.81	-9.18204
1628.45	4.79851
1631.08	6.77904
1633.72	14.7596
1636.35	2.74008
1638.98	18.7206
1641.61	8.70109
1644.24	-3.31843
1646.87	4.66205
1649.5	8.64252
1652.13	14.623
1654.75	4.60346
1657.38	12.5839
1660	14.5644
1662.63	10.5448
1665.25	6.52524
1667.87	8.50567
1670.49	12.4861
1673.11	2.46653
1675.73	8.44695
1678.35	0.42736
1680.96	22.4078
1683.58	10.3882
1686.19	4.36859
1688.81	16.349
1691.42	6.3294
1694.03	14.3098
1696.64	18.2902
1699.25	4.2706
1701.87	14.251
1704.47	2.23138
1707.08	16.2118
1709.69	6.19218
1712.29	8.17257
1714.9	10.153
1717.5	2.13337
1720.1	0.113767
1722.71	8.09416
1725.31	0.0745713
1727.91	0.0549685
1730.51	8.03538
1733.1	26.0158
1735.7	1.9962
1738.3	13.9766
1740.89	3.95703
1743.49	3.93746
1746.08	5.91788
1748.67	7.89831
1751.26	13.8788
1753.86	-0.140803
1756.45	13.8396
1759.03	13.8201
1761.62	9.80055
1764.21	11.781
1766.8	1.7615
1769.38	1.74198
1771.97	7.72245
1774.55	9.70295
1777.13	13.6834
1779.71	1.66396
1782.29	-4.35552
1784.87	5.62501
1787.45	3.60554
1790.03	3.58609
1792.61	27.5666
1795.18	5.5472
1797.76	7.52777
1800.33	-0.491644
1802.9	9.48895
1805.48	-0.530441
1808.05	9.45018
1810.62	1.4308
1813.19	13.4114
1815.76	3.39209
1818.33	19.3727
1820.89	5.35342
1823.46	-2.66588
1826.02	11.3148
1828.59	-6.70447
1831.15	9.27627
1833.71	11.257
1836.27	15.2378
1838.84	-0.781466
1841.39	7.19932
1843.95	7.18012
1846.51	9.16094
1849.07	3.14178
1851.62	11.1226
1854.18	11.1035
1856.73	7.08437
1859.29	-4.93474
1861.84	3.04618
1864.39	3.02712
1866.94	13.0081
1869.49	-1.01097
1872.04	12.97
1874.59	10.951
1877.13	-3.06796
1879.68	4.91309
1882.22	-11.1059
1884.77	2.87522
1887.31	8.85633
1889.85	10.8374
1892.39	10.8186
1894.93	10.7997
1897.47	-1.21908
1900.01	2.76212
1902.55	-3.25666
1905.09	14.7246
1907.62	10.7059
1910.16	10.6871
1912.69	2.66846
1915.22	10.6498
1917.76	12.6311
1920.29	10.6125
1922.82	8.59392
1925.35	2.57534
1927.88	6.55679
1930.4	-5.46173
1932.93	22.5198
1935.46	4.50129
1937.98	6.48283
1940.51	2.4644
1943.03	10.446
1945.55	24.4276
1948.07	0.409266
1950.59	8.39095
1953.11	0.372639
1955.63	14.3544
1958.15	4.33613
1960.67	2.31791
1963.18	10.2997
1965.7	16.2816
1968.21	14.2634
1970.73	0.245304
1973.24	6.22722
1975.75	0.209176
1978.26	4.19115
1980.77	0.173159
1983.28	8.15519
1985.79	14.1373
1988.29	14.1194
1990.8	4.10147
1993.31	20.0836
1995.81	-11.9342
1998.31	-1.95197
