100.093	1.82166
103.274	-0.0763365
106.457	-1.97479
109.636	16.1262
112.817	-1.77332
115.994	8.32659
119.172	10.4261
122.347	-1.47507
125.521	4.62329
128.696	6.7212
131.868	2.81854
135.039	4.91536
138.209	-0.988323
141.379	13.1075
144.547	1.20285
147.713	11.2976
150.879	1.39194
154.043	7.48573
157.206	7.57902
160.368	9.67181
163.529	9.76411
166.689	-4.14409
169.848	-0.0527782
173.006	10.038
176.163	18.1284
179.316	2.21815
182.471	10.3075
185.625	4.39636
188.777	-3.51525
191.927	8.57259
195.077	6.66001
198.224	16.7469
201.372	-1.16664
204.52	2.91935
207.664	11.0048
210.809	-4.91015
213.95	1.17436
217.091	3.2584
220.233	3.34204
223.372	9.42515
226.509	3.5078
229.648	11.59
232.784	13.6718
235.918	19.753
239.051	11.8338
242.186	-0.0857757
245.317	5.99412
248.447	8.07355
251.577	8.15254
254.705	6.23108
257.832	8.30916
260.958	12.3868
264.083	4.46399
267.204	4.54069
270.327	16.617
273.449	2.69286
276.57	10.7683
279.69	16.8433
282.806	6.91777
285.924	26.9919
289.04	15.0656
292.154	3.13876
295.268	9.21157
298.379	9.28391
301.492	-0.644134
304.601	5.42735
307.711	7.49846
310.818	-2.43091
313.924	13.6393
317.031	13.7091
320.135	3.77852
323.238	3.84748
326.34	27.916
329.443	7.98419
332.543	8.0519
335.642	8.11921
338.74	6.1861
341.836	12.2526
344.932	12.3187
348.027	-9.61567
351.12	0.449596
354.213	6.51446
357.302	0.578878
360.393	12.6429
363.482	12.7066
366.57	-5.23013
369.656	14.8327
372.742	4.89518
375.827	0.957262
378.91	13.0189
381.993	-0.919782
385.073	13.1411
388.154	-0.798381
391.232	9.26172
394.311	3.32148
397.387	3.38081
400.462	9.43977
403.536	21.4983
406.611	3.55658
409.683	13.6144
412.754	5.67184
415.824	-0.271094
418.893	1.7856
421.961	15.8419
425.027	-0.102118
428.093	7.95347
431.158	-1.99131
434.222	-3.93646
437.284	0.118029
440.346	0.172154
443.407	10.2259
446.464	16.2793
449.523	22.3323
452.581	10.385
455.635	14.4373
458.691	-3.51071
461.743	0.540873
464.797	16.5921
467.847	0.643027
470.899	-5.3064
473.947	4.74378
476.994	10.7936
480.043	12.8432
483.088	14.8923
486.133	2.94111
489.176	8.98958
492.22	5.03774
495.262	7.08553
498.302	13.133
501.341	-0.819903
504.38	13.2269
507.417	21.2733
510.453	-4.68056
513.487	13.3652
516.521	17.4107
519.554	3.45578
522.586	13.5006
525.616	-0.454972
528.646	1.58918
531.675	15.633
534.701	1.67649
537.729	5.71967
540.753	19.7625
543.778	7.80506
546.8	5.84727
549.821	-6.11084
552.844	13.9308
555.863	5.97203
558.881	4.01298
561.898	2.05363
564.916	2.09399
567.932	10.134
570.946	14.1737
573.959	14.2132
576.971	-1.74772
579.982	-5.70891
582.993	-5.6704
586	-1.63221
589.008	6.4057
592.015	20.4433
595.022	10.4806
598.025	0.517639
601.029	4.55437
604.032	4.59081
607.033	8.62694
610.034	18.6628
613.032	2.69835
616.032	2.73363
619.028	6.76861
622.023	2.8033
625.018	0.837704
628.013	-9.12815
631.005	26.9057
633.997	-5.06074
636.987	18.9725
639.977	9.00556
642.965	7.03829
645.952	7.07075
648.939	1.10294
651.924	3.13485
654.909	7.16649
657.892	-0.802137
660.873	3.22895
663.854	13.2598
666.835	11.2903
669.813	7.32063
672.791	9.35068
675.767	7.38043
678.743	1.40995
681.717	3.43919
684.692	5.46818
687.664	7.4969
690.634	9.52536
693.606	17.5536
696.575	3.58154
699.543	3.60924
702.51	19.6367
705.475	15.6639
708.44	9.69083
711.404	11.7175
714.367	1.74399
717.329	9.77019
720.29	5.79615
723.25	5.82187
726.207	5.84733
729.166	1.87256
732.123	3.89755
735.077	1.92229
738.032	21.9468
740.984	11.9711
743.938	21.9951
746.888	14.0189
749.839	4.04247
752.788	32.0658
755.735	10.0889
758.682	12.1118
761.627	16.1344
764.574	16.1568
767.517	10.179
770.46	18.201
773.402	26.2227
776.342	20.2442
779.282	12.2655
782.219	4.28654
785.157	2.30739
788.094	24.328
791.029	12.3484
793.962	12.3686
796.896	14.3886
799.828	6.40833
802.76	2.42788
805.689	10.4472
808.619	24.4663
811.546	4.48524
814.473	14.5039
817.4	18.5224
820.324	6.54072
823.248	22.5588
826.17	16.5767
829.092	-7.40567
832.012	8.6118
834.932	0.629061
837.851	6.64613
840.768	18.663
843.685	30.6797
846.599	16.6961
849.514	14.7124
852.428	4.72847
855.339	18.7444
858.251	14.76
861.16	20.7755
864.07	10.7908
866.978	4.80596
869.884	8.82088
872.792	22.8356
875.696	14.8502
878.599	8.86455
881.502	8.87873
884.404	4.89273
887.304	14.9065
890.204	-1.07982
893.103	4.93363
896.001	22.9469
898.898	0.960009
901.794	6.97293
904.689	24.9857
907.581	0.998239
910.474	7.01064
913.364	13.0229
916.256	13.0349
919.144	15.0468
922.034	13.0585
924.92	7.07003
927.808	5.08141
930.693	5.09261
933.576	1.10364
936.459	15.1145
939.341	3.12523
942.222	3.13577
945.102	3.14616
947.981	1.15638
950.859	11.1664
953.737	13.1764
956.613	15.1861
959.488	1.19569
962.361	13.2051
965.235	23.2144
968.105	23.2235
970.977	5.2325
973.846	15.2413
976.716	-0.750007
979.583	27.2585
982.449	9.26688
985.316	5.27511
988.18	13.2832
991.043	11.2911
993.906	-6.7011
996.767	7.30654
999.628	3.31404
1002.49	7.3214
1005.35	11.3286
1008.2	13.3357
1011.06	-0.657378
1013.91	11.3494
1016.77	13.3561
1019.62	11.3626
1022.48	13.369
1025.33	15.3753
1028.18	23.3814
1031.03	9.38736
1033.87	15.3932
1036.72	-4.60105
1039.57	3.40455
1042.41	9.41002
1045.26	1.41536
1048.1	-6.57943
1050.94	13.4257
1053.78	13.4306
1056.62	13.4355
1059.46	17.4402
1062.3	-8.55522
1065.14	19.4493
1067.97	7.45361
1070.81	11.4578
1073.64	15.462
1076.47	5.46596
1079.31	5.46984
1082.14	15.4736
1084.97	19.4773
1087.8	1.4808
1090.63	11.4842
1093.45	17.4875
1096.28	19.4907
1099.1	-0.506166
1101.93	-2.50318
1104.75	13.4997
1107.57	11.5025
1110.39	9.50513
1113.21	11.5077
1116.03	-0.489866
1118.85	9.51248
1121.66	11.5147
1124.48	7.51687
1127.3	7.51891
1130.11	11.5209
1132.92	11.5227
1135.73	-0.475557
1138.54	5.52609
1141.35	17.5276
1144.16	15.5291
1146.97	-4.46954
1149.78	13.5317
1152.58	3.5329
1155.39	7.53398
1158.19	1.53497
1161	13.5359
1163.8	7.53667
1166.6	-0.462605
1169.4	1.53803
1172.2	9.53857
1174.99	17.539
1177.79	-0.460592
1180.59	19.5397
1183.38	3.5399
1186.17	5.54003
1188.97	5.54007
1191.76	9.54003
1194.55	15.5399
1197.34	9.53971
1200.13	-0.460563
1202.92	11.5391
1205.7	-0.461349
1208.49	1.53814
1211.27	7.53756
1214.06	5.53691
1216.84	9.53618
1219.62	5.53537
1222.4	1.5345
1225.18	-2.46645
1227.96	1.53254
1230.74	11.5315
1233.51	-2.4697
1236.29	1.52908
1239.06	7.5278
1241.84	11.5264
1244.61	13.525
1247.38	-0.476458
1250.15	7.522
1252.92	1.52039
1255.69	5.51872
1258.46	5.51699
1261.23	1.5152
1263.99	-4.48666
1266.76	17.5114
1269.52	11.5095
1272.28	-2.49256
1275.05	5.50536
1277.81	15.5032
1280.57	11.501
1283.33	1.49879
1286.08	11.4965
1288.84	23.4941
1291.6	9.49174
1294.35	9.48929
1297.11	17.4868
1299.86	-0.515759
1302.61	9.48164
1305.36	15.479
1308.11	7.4763
1310.86	5.47356
1313.61	-4.52922
1316.36	1.46795
1319.1	1.46508
1321.85	9.46217
1324.59	15.4592
1327.33	5.45621
1330.08	17.4532
1332.82	11.4501
1335.56	15.447
1338.3	15.4438
1341.04	1.44063
1343.77	9.4374
1346.51	-4.56586
1349.25	5.43084
1351.98	11.4275
1354.71	15.4241
1357.45	7.42073
1360.18	-0.582702
1362.91	13.4138
1365.64	13.4103
1368.37	-2.59319
1371.09	5.40326
1373.82	7.39967
1376.54	-0.603934
1379.27	15.3924
1381.99	11.3888
1384.72	19.3851
1387.44	13.3814
1390.16	11.3776
1392.88	11.3739
1395.6	-8.62992
1398.31	13.3663
1401.03	17.3624
1403.75	9.3586
1406.46	7.35473
1409.18	13.3509
1411.89	1.34695
1414.6	-2.65697
1417.31	7.33909
1420.02	15.3351
1422.73	23.3312
1425.44	9.32719
1428.15	21.3232
1430.85	11.3192
1433.56	7.31516
1436.26	9.31112
1438.97	7.30708
1441.67	7.30303
1444.37	5.29896
1447.07	19.2949
1449.77	3.29081
1452.47	3.28672
1455.16	7.28262
1457.86	19.2785
1460.56	11.2744
1463.25	5.2703
1465.94	1.26619
1468.64	-0.737934
1471.33	5.25795
1474.02	21.2538
1476.71	11.2497
1479.4	-0.754431
1482.09	9.24144
1484.77	17.2373
1487.46	15.2332
1490.14	3.22908
1492.83	15.225
1495.51	11.2208
1498.19	-2.78327
1500.87	5.21263
1503.55	9.20853
1506.23	15.2044
1508.91	15.2004
1511.59	11.1963
1514.27	-2.8078
1516.94	11.1881
1519.62	13.1841
1522.29	9.18005
1524.96	9.17602
1527.63	-0.828004
1530.3	19.168
1532.97	19.164
1535.64	17.16
1538.31	3.15605
1540.98	7.1521
1543.64	7.14816
1546.31	17.1442
1548.97	3.14034
1551.63	3.13645
1554.3	11.1326
1556.96	13.1287
1559.62	19.1249
1562.28	13.1211
1564.94	3.11731
1567.59	1.11354
1570.25	7.10979
1572.9	7.10607
1575.56	13.1024
1578.21	5.09869
1580.86	13.095
1583.52	15.0914
1586.17	19.0878
1588.82	11.0842
1591.47	1.08069
1594.11	3.07717
1596.76	17.0737
1599.41	13.0702
1602.05	13.0668
1604.69	5.06338
1607.34	7.06
1609.98	-0.943337
1612.62	5.05335
1615.26	3.05007
1617.9	5.04683
1620.54	-0.956379
1623.18	13.0404
1625.81	7.0373
1628.45	5.0342
1631.08	15.0311
1633.72	-4.9719
1636.35	25.0251
1638.98	3.02215
1641.61	5.01923
1644.24	-2.98365
1646.87	3.01351
1649.5	11.0107
1652.13	27.008
1654.75	13.0052
1657.38	1.00256
1660	12.9999
1662.63	14.9973
1665.25	2.9948
1667.87	12.9923
1670.49	-3.01015
1673.11	0.987438
1675.73	2.98508
1678.35	4.98276
1680.96	10.9805
1683.58	10.9783
1686.19	8.9761
1688.81	12.974
1691.42	6.97191
1694.03	4.96988
1696.64	14.9679
1699.25	4.96599
1701.87	4.96412
1704.47	2.96231
1707.08	4.96055
1709.69	12.9588
1712.29	0.957185
1714.9	14.9556
1717.5	18.954
1720.1	10.9526
1722.71	14.9511
1725.31	-3.05025
1727.91	18.9484
1730.51	10.9472
1733.1	0.945976
1735.7	10.9448
1738.3	16.9438
1740.89	10.9427
1743.49	0.941777
1746.08	6.94088
1748.67	-3.05995
1751.26	12.9393
1753.86	6.93856
1756.45	18.9379
1759.03	6.93734
1761.62	8.93682
1764.21	8.93637
1766.8	12.936
1769.38	16.9357
1771.97	18.9354
1774.55	18.9352
1777.13	12.9351
1779.71	6.93506
1782.29	-5.06491
1784.87	8.93518
1787.45	6.93534
1790.03	12.9356
1792.61	16.9359
1795.18	-5.06375
1797.76	12.9367
1800.33	2.93721
1802.9	20.9378
1805.48	14.9385
1808.05	8.93921
1810.62	8.94003
1813.19	2.94092
1815.76	12.9419
1818.33	2.94293
1820.89	10.9441
1823.46	14.9452
1826.02	4.94652
1828.59	-1.05212
1831.15	12.9493
1833.71	4.95082
1836.27	4.95242
1838.84	6.95409
1841.39	14.9558
1843.95	0.957677
1846.51	6.95959
1849.07	-1.03841
1851.62	0.963676
1854.18	4.96584
1856.73	16.9681
1859.29	0.970427
1861.84	8.97285
1864.39	18.9753
1866.94	-1.02206
1869.49	4.98062
1872.04	10.9834
1874.59	2.98623
1877.13	12.9892
1879.68	16.9922
1882.22	4.99532
1884.77	0.998522
1887.31	17.0018
1889.85	17.0052
1892.39	7.00868
1894.93	5.01225
1897.47	-0.984093
1900.01	15.0197
1902.55	-4.9765
1905.09	1.02744
1907.62	17.0315
1910.16	-4.96441
1912.69	11.0398
1915.22	11.0441
1917.76	15.0485
1920.29	-0.946953
1922.82	9.05765
1925.35	3.06235
1927.88	7.06715
1930.4	17.072
1932.93	13.077
1935.46	15.0821
1937.98	-2.91268
1940.51	17.0926
1943.03	1.098
1945.55	-6.89651
1948.07	-0.890918
1950.59	17.1148
1953.11	3.12057
1955.63	11.1265
1958.15	9.13247
1960.67	3.13857
1963.18	11.1448
1965.7	19.1511
1968.21	11.1575
1970.73	3.16403
1973.24	3.17066
1975.75	-2.82261
1978.26	15.1842
1980.77	15.1912
1983.28	5.19823
1985.79	17.2054
1988.29	11.2127
1990.8	-0.779957
1993.31	11.2275
1995.81	9.23513
1998.31	17.2428
