100.093	13.8583
103.274	27.8646
106.457	23.871
109.636	45.8774
112.817	17.8839
115.994	19.8904
119.172	23.897
122.347	21.9037
125.521	25.9104
128.696	15.9172
131.868	3.92406
135.039	29.931
138.209	9.93793
141.379	17.9449
144.547	17.952
147.713	9.95915
150.879	11.9663
154.043	3.97358
157.206	19.9809
160.368	1.98822
163.529	1.99563
166.689	12.0031
169.848	22.0106
173.006	-15.9819
176.163	30.0258
179.316	26.0334
182.471	4.04113
185.625	8.04889
188.777	22.0567
191.927	14.0646
195.077	14.0725
198.224	14.0804
201.372	30.0884
204.52	16.0965
207.664	10.1045
210.809	28.1127
213.95	18.1209
217.091	4.12909
220.233	16.1374
223.372	26.1457
226.509	4.15402
229.648	14.1624
232.784	18.1709
235.918	10.1793
239.051	6.18785
242.186	-1.80359
245.317	14.205
248.447	14.2136
251.577	18.2223
254.705	24.231
257.832	8.23978
260.958	8.24857
264.083	30.2574
267.204	22.2662
270.327	8.27514
273.449	14.2841
276.57	8.29303
279.69	10.302
282.806	0.31105
285.924	20.3201
289.04	26.3292
292.154	-1.66167
295.268	18.3475
298.379	12.3567
301.492	-5.63411
304.601	12.3751
307.711	20.3844
310.818	10.3937
313.924	0.40304
317.031	12.4124
320.135	8.42179
323.238	8.4312
326.34	6.44063
329.443	6.4501
332.543	8.45959
335.642	18.4691
338.74	2.47864
341.836	12.4882
344.932	22.4978
348.027	8.50739
351.12	10.517
354.213	10.5267
357.302	8.53634
360.393	4.54603
363.482	2.55575
366.57	4.56548
369.656	12.5752
372.742	10.585
375.827	16.5948
378.91	2.60459
381.993	26.6144
385.073	10.6243
388.154	10.6341
391.232	-3.35602
394.311	8.65387
397.387	10.6638
400.462	-1.32631
403.536	6.68361
406.611	10.6936
409.683	0.703519
412.754	20.7135
415.824	14.7235
418.893	26.7335
421.961	-1.25654
425.027	12.7535
428.093	12.7635
431.158	20.7735
434.222	4.78358
437.284	4.79364
440.346	16.8037
443.407	4.81377
446.464	0.823841
449.523	4.83393
452.581	16.844
455.635	20.8541
458.691	14.8642
461.743	18.8743
464.797	14.8844
467.847	-7.10545
470.899	12.9047
473.947	8.91479
476.994	2.92491
480.043	0.935046
483.088	4.94517
486.133	-1.0447
489.176	-3.03456
492.22	6.97558
495.262	-7.01429
498.302	6.99584
501.341	9.00598
504.38	25.0161
507.417	5.02624
510.453	21.0364
513.487	-0.953512
516.521	21.0566
519.554	13.0667
522.586	15.0769
525.616	9.08696
528.646	19.0971
531.675	5.10718
534.701	-2.88273
537.729	13.1274
540.753	11.1374
543.778	1.14753
546.8	11.1576
549.821	13.1677
552.844	1.17772
555.863	3.18776
558.881	17.1978
561.898	-0.792172
564.916	13.2179
567.932	3.22786
570.946	-2.76214
573.959	7.24785
576.971	7.25783
579.982	19.2678
582.993	13.2777
586	-0.712321
589.008	3.29761
592.015	-2.69248
595.022	11.3174
598.025	-0.672694
601.029	1.33718
604.032	5.34704
607.033	3.35687
610.034	13.3667
613.032	15.3765
616.032	13.3863
619.028	9.39608
622.023	-6.59417
625.018	15.4156
628.013	17.4253
631.005	1.43499
633.997	15.4447
636.987	17.4543
639.977	7.46398
642.965	3.47361
645.952	11.4832
648.939	3.49279
651.924	-2.49765
654.909	7.51189
657.892	7.52141
660.873	3.5309
663.854	15.5404
666.835	3.54982
669.813	3.55924
672.791	11.5686
675.767	-10.422
678.743	9.58736
681.717	21.5967
684.692	15.606
687.664	-2.38475
690.634	5.6245
693.606	1.63372
696.575	7.64291
699.543	23.6521
702.51	1.66121
705.475	13.6703
708.44	3.67939
711.404	5.68844
714.367	-2.30254
717.329	-4.29355
720.29	1.71541
723.25	9.72434
726.207	17.7332
729.166	-2.2579
732.123	3.75093
735.077	1.75973
738.032	-4.2315
740.984	3.77724
743.938	23.7859
746.888	9.79461
749.839	9.80325
752.788	1.81185
755.735	29.8204
758.682	15.8289
761.627	-6.16256
764.574	13.8459
767.517	7.85432
770.46	-0.137289
773.402	13.8711
776.342	15.8794
779.282	-0.112351
782.219	15.8959
785.157	-0.0959187
788.094	11.9122
791.029	13.9204
793.962	9.92844
796.896	1.93649
799.828	9.94448
802.76	17.9524
805.689	7.96037
808.619	27.9682
811.546	17.9761
814.473	9.98388
817.4	21.9916
820.324	7.99934
823.248	26.007
826.17	10.0146
829.092	4.02222
832.012	14.0298
834.932	14.0372
837.851	16.0447
840.768	26.0521
843.685	24.0595
846.599	14.0668
849.514	12.074
852.428	2.08125
855.339	0.0884225
858.251	-1.90445
861.16	6.10263
864.07	12.1097
866.978	16.1166
869.884	8.12357
872.792	14.1305
875.696	16.1373
878.599	10.1441
881.502	6.15082
884.404	4.15751
887.304	2.16415
890.204	6.17073
893.103	10.1773
896.001	22.1838
898.898	2.19019
901.794	8.19657
904.689	6.2029
907.581	24.2092
910.474	22.2154
913.364	30.2216
916.256	10.2277
919.144	2.23374
922.034	4.23975
924.92	6.2457
927.808	4.2516
930.693	6.25744
933.576	-1.73677
936.459	16.269
939.341	16.2746
942.222	2.28026
945.102	10.2858
947.981	10.2913
950.859	12.2968
953.737	-1.69783
956.613	6.3075
959.488	-3.68723
962.361	14.318
965.235	8.32314
968.105	2.32824
970.977	16.3333
973.846	-3.66174
976.716	4.34317
979.583	18.348
982.449	4.35283
985.316	0.357564
988.18	20.3622
991.043	16.3668
993.906	6.3714
996.767	18.3759
999.628	14.3803
1002.49	-1.61532
1005.35	10.389
1008.2	20.3932
1011.06	14.3974
1013.91	16.4015
1016.77	8.40554
1019.62	16.4095
1022.48	8.41343
1025.33	6.41728
1028.18	12.4211
1031.03	6.42478
1033.87	24.4284
1036.72	10.432
1039.57	20.4355
1042.41	10.439
1045.26	-1.55763
1048.1	8.44569
1050.94	24.4489
1053.78	10.4521
1056.62	2.45523
1059.46	4.45827
1062.3	18.4612
1065.14	-7.53585
1067.97	-5.53301
1070.81	4.46975
1073.64	20.4724
1076.47	30.4751
1079.31	14.4776
1082.14	0.480113
1084.97	16.4825
1087.8	4.48487
1090.63	18.4871
1093.45	32.4893
1096.28	22.4915
1099.1	14.4935
1101.93	16.4955
1104.75	22.4974
1107.57	14.4992
1110.39	2.50099
1113.21	14.5027
1116.03	6.50428
1118.85	-5.49418
1121.66	20.5073
1124.48	10.5087
1127.3	6.50998
1130.11	8.51122
1132.92	4.51238
1135.73	0.513459
1138.54	6.51447
1141.35	14.5154
1144.16	4.51625
1146.97	16.517
1149.78	24.5177
1152.58	4.51835
1155.39	14.5189
1158.19	14.5194
1161	8.51974
1163.8	8.52005
1166.6	6.52028
1169.4	0.520431
1172.2	8.5205
1174.99	4.52049
1177.79	12.5204
1180.59	14.5202
1183.38	12.52
1186.17	18.5197
1188.97	12.5192
1191.76	8.51875
1194.55	0.518171
1197.34	12.5175
1200.13	0.516775
1202.92	14.516
1205.7	14.5151
1208.49	4.51406
1211.27	14.513
1214.06	8.51184
1216.84	-1.48939
1219.62	8.50929
1222.4	14.5079
1225.18	16.5064
1227.96	-1.49518
1230.74	12.5032
1233.51	16.5014
1236.29	14.4996
1239.06	6.49768
1241.84	16.4957
1244.61	6.4936
1247.38	6.49142
1250.15	14.4892
1252.92	20.4868
1255.69	8.48439
1258.46	8.48187
1261.23	4.47927
1263.99	10.4766
1266.76	12.4738
1269.52	2.47092
1272.28	6.46797
1275.05	16.4649
1277.81	10.4618
1280.57	6.45856
1283.33	-1.54475
1286.08	2.45184
1288.84	2.44835
1291.6	20.4448
1294.35	6.4411
1297.11	6.43733
1299.86	14.4335
1302.61	10.4295
1305.36	2.4255
1308.11	12.4214
1310.86	6.41715
1313.61	-3.58716
1316.36	16.4084
1319.1	14.4039
1321.85	16.3994
1324.59	6.39468
1327.33	2.38991
1330.08	18.385
1332.82	8.38008
1335.56	12.375
1338.3	-9.63012
1341.04	8.36465
1343.77	4.35931
1346.51	8.35388
1349.25	12.3484
1351.98	2.34274
1354.71	24.337
1357.45	12.3312
1360.18	14.3253
1362.91	-5.68069
1365.64	8.31322
1368.37	8.30702
1371.09	-1.69926
1373.82	-5.70565
1376.54	2.28787
1379.27	2.28129
1381.99	6.27462
1384.72	0.267842
1387.44	10.261
1390.16	6.254
1392.88	14.2469
1395.6	10.2398
1398.31	10.2325
1401.03	-1.77485
1403.75	12.2177
1406.46	0.210126
1409.18	12.2025
1411.89	12.1947
1414.6	16.1868
1417.31	20.1789
1420.02	20.1708
1422.73	2.16268
1425.44	20.1544
1428.15	8.14606
1430.85	6.1376
1433.56	18.129
1436.26	6.12037
1438.97	-7.88839
1441.67	8.10275
1444.37	8.09378
1447.07	28.0847
1449.77	8.07554
1452.47	2.06627
1455.16	8.05689
1457.86	8.04741
1460.56	8.03782
1463.25	14.0281
1465.94	0.0183512
1468.64	6.00846
1471.33	5.99846
1474.02	11.9884
1476.71	-6.02184
1479.4	7.96784
1482.09	5.95743
1484.77	-4.05309
1487.46	3.93629
1490.14	5.92556
1492.83	7.91473
1495.51	11.9038
1498.19	7.89274
1500.87	3.8816
1503.55	3.87034
1506.23	13.859
1508.91	7.8475
1511.59	19.8359
1514.27	-0.175755
1516.94	3.81246
1519.62	9.80056
1522.29	17.7886
1524.96	1.77644
1527.63	25.7642
1530.3	9.7519
1532.97	17.7395
1535.64	3.72692
1538.31	7.71426
1540.98	-0.298493
1543.64	3.68863
1546.31	9.67566
1548.97	11.6626
1551.63	5.64938
1554.3	5.63607
1556.96	7.62265
1559.62	21.6091
1562.28	3.5955
1564.94	11.5818
1567.59	21.5679
1570.25	-6.44607
1572.9	17.5399
1575.56	19.5257
1578.21	25.5114
1580.86	-8.50304
1583.52	5.48243
1586.17	3.4678
1588.82	11.4531
1591.47	5.4382
1594.11	-0.576762
1596.76	11.4082
1599.41	13.393
1602.05	3.37767
1604.69	3.36225
1607.34	11.3467
1609.98	3.33107
1612.62	9.31531
1615.26	17.2994
1617.9	9.28346
1620.54	3.26736
1623.18	9.25116
1625.81	-0.765173
1628.45	1.21839
1631.08	3.20184
1633.72	-2.81482
1636.35	5.1684
1638.98	15.1515
1641.61	7.13449
1644.24	15.1174
1646.87	-0.899882
1649.5	5.08276
1652.13	9.06529
1654.75	-0.9523
1657.38	11.03
1660	11.0122
1662.63	2.99425
1665.25	12.9762
1667.87	6.95802
1670.49	0.939735
1673.11	-7.07867
1675.73	-5.09718
1678.35	8.88418
1680.96	0.865424
1683.58	16.8466
1686.19	14.8276
1688.81	14.8085
1691.42	-3.21076
1694.03	10.7699
1696.64	24.7504
1699.25	10.7309
1701.87	12.7112
1704.47	20.6914
1707.08	4.67142
1709.69	-5.34863
1712.29	-1.3688
1714.9	10.6109
1717.5	10.5905
1720.1	10.57
1722.71	30.5493
1725.31	8.52856
1727.91	2.50767
1730.51	6.48667
1733.1	6.46554
1735.7	8.44429
1738.3	10.4229
1740.89	4.40143
1743.49	0.379825
1746.08	0.358094
1748.67	8.33624
1751.26	0.314281
1753.86	24.2922
1756.45	0.269964
1759.03	6.24764
1761.62	26.2252
1764.21	6.2026
1766.8	0.179904
1769.38	14.1571
1771.97	4.13413
1774.55	10.1111
1777.13	18.0879
1779.71	-7.93544
1782.29	8.04114
1784.87	12.0176
1787.45	19.9939
1790.03	13.9701
1792.61	-0.053836
1795.18	5.92212
1797.76	25.8979
1800.33	11.8736
1802.9	3.84923
1805.48	13.8247
1808.05	9.80002
1810.62	5.77523
1813.19	7.75031
1815.76	1.72527
1818.33	11.7001
1820.89	5.6748
1823.46	-0.350601
1826.02	23.6239
1828.59	-2.40181
1831.15	5.57241
1833.71	-0.453516
1836.27	13.5204
1838.84	-2.50572
1841.39	11.468
1843.95	15.4416
1846.51	5.41503
1849.07	11.3884
1851.62	13.3616
1854.18	23.3347
1856.73	5.30762
1859.29	21.2804
1861.84	5.25314
1864.39	7.22572
1866.94	3.19816
1869.49	-2.82952
1872.04	11.1427
1874.59	13.1147
1877.13	13.0867
1879.68	9.05851
1882.22	-4.96982
1884.77	25.0017
1887.31	14.9732
1889.85	8.94447
1892.39	12.9156
1894.93	6.8867
1897.47	8.85761
1900.01	8.8284
1902.55	6.79906
1905.09	16.7696
1907.62	-3.26
1910.16	0.710291
1912.69	16.6804
1915.22	4.65044
1917.76	-1.37965
1920.29	4.59009
1922.82	4.55973
1925.35	4.52922
1927.88	10.4986
1930.4	8.46785
1932.93	10.437
1935.46	2.40595
1937.98	-3.6252
1940.51	4.34352
1943.03	2.31211
1945.55	-1.71942
1948.07	12.2489
1950.59	10.2171
1953.11	4.18518
1955.63	8.15313
1958.15	10.1209
1960.67	6.08863
1963.18	10.0562
1965.7	12.0236
1968.21	3.99089
1970.73	-2.04195
1973.24	-2.07494
1975.75	7.89197
1978.26	7.85873
1980.77	-4.17463
1983.28	15.7919
1985.79	1.75823
1988.29	1.72447
1990.8	-0.309442
1993.31	5.65653
1995.81	-0.377629
1998.31	3.5881
