100.093	35.7492
103.274	23.8273
106.457	-0.0949727
109.636	1.98242
112.817	10.0595
115.994	6.1363
119.172	14.2128
122.347	6.28891
125.521	12.3647
128.696	4.44027
131.868	8.51545
135.039	10.5903
138.209	2.66486
141.379	16.7392
144.547	18.8131
147.713	4.8867
150.879	30.96
154.043	13.033
157.206	23.1057
160.368	-6.82194
163.529	11.2501
166.689	31.3219
169.848	-8.60666
173.006	11.4645
176.163	15.5353
179.316	15.6058
182.471	23.676
185.625	3.74595
188.777	-2.18443
191.927	11.8848
195.077	-4.04615
198.224	8.02252
201.372	10.0909
204.52	2.15903
207.664	10.2268
210.809	6.2943
213.95	6.36146
217.091	-1.57168
220.233	12.4949
223.372	12.5612
226.509	14.6272
229.648	0.692874
232.784	6.75825
235.918	2.82333
239.051	12.8881
242.186	22.9526
245.317	1.01684
248.447	11.0807
251.577	9.14435
254.705	5.20767
257.832	25.2707
260.958	39.3334
264.083	5.39587
267.204	-0.542021
270.327	11.5198
273.449	15.5814
276.57	11.6427
279.69	1.7037
282.806	15.7644
285.924	-2.17521
289.04	11.8849
292.154	5.94473
295.268	8.0043
298.379	-11.9365
301.492	14.1225
304.601	20.1812
307.711	18.2396
310.818	6.29773
313.924	18.3556
317.031	22.4131
320.135	10.4704
323.238	-1.47262
326.34	16.5841
329.443	16.6405
332.543	18.6967
335.642	18.7525
338.74	2.80813
341.836	16.8634
344.932	16.9185
348.027	4.97322
351.12	11.0277
354.213	13.0819
357.302	1.1358
360.393	-0.810549
363.482	7.24283
366.57	3.29594
369.656	23.3487
372.742	1.4013
375.827	19.4536
378.91	17.5056
381.993	23.5573
385.073	11.6088
388.154	5.65997
391.232	7.71088
394.311	7.76155
397.387	17.8119
400.462	17.862
403.536	7.91185
406.611	17.9615
409.683	-3.98925
412.754	28.0598
415.824	14.1086
418.893	8.15706
421.961	-5.7947
425.027	20.2533
428.093	-3.699
431.158	28.3484
434.222	18.3956
437.284	24.4426
440.346	20.4892
443.407	22.5356
446.464	8.58176
449.523	2.62765
452.581	4.67328
455.635	14.7186
458.691	-1.23627
461.743	4.80855
464.797	4.85315
467.847	2.89746
470.899	6.94154
473.947	10.9853
476.994	11.0289
480.043	-2.9278
483.088	5.11524
486.133	-0.841981
489.176	7.20055
492.22	17.2429
495.262	13.2849
498.302	29.3266
501.341	7.36817
504.38	25.4094
507.417	7.45046
510.453	13.4912
513.487	5.53172
516.521	21.572
519.554	1.61202
522.586	25.6518
525.616	7.69129
528.646	15.7306
531.675	3.76961
534.701	5.80837
537.729	13.8469
540.753	11.8852
543.778	1.92324
546.8	11.961
549.821	13.9986
552.844	16.0359
555.863	16.0729
558.881	10.1098
561.898	-1.85367
564.916	6.18268
567.932	-1.78123
570.946	10.2546
573.959	8.29023
576.971	8.3256
579.982	16.3607
582.993	14.3956
586	2.43025
589.008	16.4647
592.015	8.49885
595.022	8.53279
598.025	12.5665
601.029	26.6
604.032	0.633186
607.033	-13.3338
610.034	4.69893
613.032	4.73145
616.032	14.7637
619.028	8.79579
622.023	14.8276
625.018	4.85919
628.013	6.89056
631.005	2.92168
633.997	-1.04743
636.987	2.98322
639.977	7.01365
642.965	15.0439
645.952	-4.92618
648.939	19.1036
651.924	27.1331
654.909	-2.83763
657.892	3.19143
660.873	1.22024
663.854	15.2488
666.835	5.27723
669.813	5.30537
672.791	7.3333
675.767	31.361
678.743	1.38847
681.717	19.4157
684.692	-4.55725
687.664	13.4695
690.634	11.4961
693.606	19.5225
696.575	5.54862
699.543	5.57453
702.51	11.6002
705.475	1.6257
708.44	9.65095
711.404	17.676
714.367	-0.299208
717.329	-4.27461
720.29	23.7498
723.25	-4.22607
726.207	5.79785
729.166	5.82158
732.123	23.8451
735.077	-4.13163
738.032	17.8915
740.984	11.9143
743.938	13.937
746.888	21.9594
749.839	27.9816
752.788	32.0036
755.735	12.0254
758.682	10.0469
761.627	20.0683
764.574	14.0895
767.517	0.110406
770.46	16.1311
773.402	6.15165
776.342	14.172
779.282	22.1921
782.219	10.2119
785.157	16.2316
788.094	26.2511
791.029	16.2703
793.962	24.2894
796.896	4.30825
799.828	34.3269
802.76	24.3453
805.689	18.3635
808.619	18.3816
811.546	24.3994
814.473	2.41699
817.4	-5.56559
820.324	38.4516
823.248	14.4686
826.17	14.4854
829.092	0.501997
832.012	32.5184
834.932	24.5346
837.851	14.5506
840.768	12.5664
843.685	14.5819
846.599	18.5973
849.514	16.6125
852.428	12.6275
855.339	20.6423
858.251	10.6569
861.16	16.6713
864.07	30.6855
866.978	18.6995
869.884	6.71327
872.792	12.7269
875.696	14.7403
878.599	16.7535
881.502	16.7665
884.404	12.7793
887.304	14.792
890.204	10.8044
893.103	24.8166
896.001	14.8287
898.898	-3.15947
901.794	6.8522
904.689	30.8637
907.581	14.8749
910.474	12.886
913.364	14.8969
916.256	8.90763
919.144	2.91814
922.034	20.9285
924.92	20.9386
927.808	10.9486
930.693	20.9583
933.576	22.9679
936.459	22.9773
939.341	-1.01354
942.222	4.99547
945.102	23.0043
947.981	11.0129
950.859	3.02138
953.737	23.0296
956.613	13.0377
959.488	23.0456
962.361	13.0533
965.235	21.0609
968.105	3.0682
970.977	23.0754
973.846	7.08234
976.716	-0.910857
979.583	-2.90424
982.449	13.1022
985.316	-6.89156
988.18	19.1145
991.043	15.1204
993.906	23.1261
996.767	5.13165
999.628	9.137
1002.49	15.1422
1005.35	25.1472
1008.2	35.152
1011.06	13.1566
1013.91	13.1611
1016.77	9.16537
1019.62	23.1695
1022.48	11.1734
1025.33	11.1772
1028.18	5.18076
1031.03	23.1842
1033.87	9.18739
1036.72	15.1905
1039.57	23.1933
1042.41	25.196
1045.26	9.19858
1048.1	25.2009
1050.94	17.2031
1053.78	-0.79484
1056.62	11.207
1059.46	11.2087
1062.3	9.21019
1065.14	5.21153
1067.97	11.2127
1070.81	11.2137
1073.64	7.21451
1076.47	13.2152
1079.31	21.2157
1082.14	17.216
1084.97	5.21613
1087.8	13.2161
1090.63	1.21593
1093.45	15.2156
1096.28	31.2151
1099.1	-6.78561
1101.93	13.2135
1104.75	19.2125
1107.57	13.2113
1110.39	11.21
1113.21	17.2085
1116.03	17.2068
1118.85	5.20498
1121.66	15.203
1124.48	1.20082
1127.3	19.1985
1130.11	-2.80399
1132.92	13.1934
1135.73	15.1906
1138.54	15.1876
1141.35	9.18445
1144.16	11.1812
1146.97	-0.822295
1149.78	17.1741
1152.58	5.17032
1155.39	-6.83361
1158.19	15.1623
1161	7.15805
1163.8	1.15365
1166.6	5.14908
1169.4	13.1444
1172.2	5.13949
1174.99	19.1344
1177.79	15.1293
1180.59	7.12391
1183.38	9.11841
1186.17	5.11275
1188.97	29.1069
1191.76	11.101
1194.55	-6.90515
1197.34	-2.91142
1200.13	15.0821
1202.92	21.0756
1205.7	13.0688
1208.49	25.0619
1211.27	17.0549
1214.06	1.04772
1216.84	3.04037
1219.62	19.0329
1222.4	1.02523
1225.18	13.0174
1227.96	11.0095
1230.74	1.0014
1233.51	-3.00684
1236.29	4.98476
1239.06	12.9762
1241.84	8.96753
1244.61	8.95869
1247.38	12.9497
1250.15	20.9406
1252.92	26.9313
1255.69	10.9219
1258.46	12.9123
1261.23	4.90257
1263.99	-3.10729
1266.76	-7.11731
1269.52	8.87254
1272.28	20.8622
1275.05	6.85178
1277.81	18.8412
1280.57	14.8305
1283.33	16.8196
1286.08	6.80857
1288.84	-3.2026
1291.6	6.78609
1294.35	2.77464
1297.11	-3.23694
1299.86	6.75133
1302.61	12.7395
1305.36	12.7274
1308.11	16.7153
1310.86	6.70299
1313.61	8.69056
1316.36	4.67798
1319.1	-5.33473
1321.85	-1.34758
1324.59	2.63943
1327.33	20.6263
1330.08	4.61303
1332.82	2.59963
1335.56	14.5861
1338.3	24.5724
1341.04	18.5586
1343.77	16.5446
1346.51	20.5306
1349.25	0.516326
1351.98	12.502
1354.71	10.4875
1357.45	8.47284
1360.18	0.458082
1362.91	18.4432
1365.64	0.428144
1368.37	12.413
1371.09	10.3977
1373.82	10.3822
1376.54	10.3667
1379.27	6.35099
1381.99	16.3352
1384.72	8.3192
1387.44	26.3031
1390.16	6.28688
1392.88	2.27053
1395.6	18.254
1398.31	6.23743
1401.03	-5.77931
1403.75	12.2038
1406.46	10.1868
1409.18	0.169671
1411.89	10.1524
1414.6	6.13502
1417.31	8.11751
1420.02	6.09986
1422.73	10.0821
1425.44	14.0642
1428.15	6.04617
1430.85	2.02801
1433.56	8.00973
1436.26	5.99132
1438.97	15.9728
1441.67	11.9541
1444.37	17.9354
1447.07	11.9165
1449.77	9.89742
1452.47	23.8783
1455.16	3.85899
1457.86	25.8396
1460.56	23.8201
1463.25	15.8004
1465.94	3.78064
1468.64	13.7607
1471.33	17.7407
1474.02	11.7206
1476.71	-10.2997
1479.4	-4.32005
1482.09	19.6594
1484.77	9.63883
1487.46	-0.381911
1490.14	11.5972
1492.83	1.57624
1495.51	-6.44486
1498.19	7.53392
1500.87	17.5126
1503.55	3.49113
1506.23	11.4695
1508.91	7.44786
1511.59	5.42604
1514.27	-2.59588
1516.94	7.38208
1519.62	3.3599
1522.29	7.33762
1524.96	15.3152
1527.63	19.2927
1530.3	9.27009
1532.97	5.24734
1535.64	13.2245
1538.31	7.20151
1540.98	9.17843
1543.64	3.15522
1546.31	23.1319
1548.97	13.1085
1551.63	7.08494
1554.3	11.0613
1556.96	1.03751
1559.62	41.0136
1562.28	-5.01037
1564.94	-7.03447
1567.59	0.941311
1570.25	12.917
1572.9	18.8925
1575.56	4.86798
1578.21	2.84333
1580.86	2.81855
1583.52	16.7937
1586.17	0.768673
1588.82	12.7436
1591.47	10.7184
1594.11	8.69304
1596.76	-5.33239
1599.41	10.6421
1602.05	18.6164
1604.69	6.59067
1607.34	-5.43519
1609.98	12.5388
1612.62	2.51276
1615.26	10.4866
1617.9	6.46029
1620.54	6.43388
1623.18	30.4074
1625.81	8.38077
1628.45	12.3541
1631.08	32.3272
1633.72	8.30033
1636.35	12.2733
1638.98	14.2462
1641.61	20.2189
1644.24	14.1916
1646.87	8.16413
1649.5	-1.86342
1652.13	-1.89106
1654.75	2.08118
1657.38	16.0533
1660	4.02536
1662.63	23.9973
1665.25	-4.03087
1667.87	27.9409
1670.49	-4.08749
1673.11	7.88404
1675.73	5.85547
1678.35	5.8268
1680.96	9.79803
1683.58	3.76918
1686.19	13.7402
1688.81	9.71113
1691.42	15.682
1694.03	-0.347304
1696.64	5.62334
1699.25	19.5939
1701.87	-0.435694
1704.47	17.5347
1707.08	3.5049
1709.69	3.47504
1712.29	9.44509
1714.9	5.41504
1717.5	5.38491
1720.1	15.3547
1722.71	9.32432
1725.31	17.2939
1727.91	-2.73664
1730.51	21.2327
1733.1	5.20203
1735.7	5.1712
1738.3	3.14029
1740.89	-2.89071
1743.49	27.0782
1746.08	21.047
1748.67	-0.984286
1751.26	16.9844
1753.86	-1.04712
1756.45	12.9213
1759.03	20.8897
1761.62	2.8579
1764.21	16.8261
1766.8	14.7941
1769.38	4.76212
1771.97	-1.27001
1774.55	-5.30222
1777.13	-1.33452
1779.71	24.6331
1782.29	14.6006
1784.87	12.5681
1787.45	2.53539
1790.03	14.5027
1792.61	4.46981
1795.18	14.4369
1797.76	2.40386
1800.33	8.37076
1802.9	6.33757
1805.48	10.3043
1808.05	2.27093
1810.62	14.2375
1813.19	8.20392
1815.76	14.1703
1818.33	18.1366
1820.89	-1.89726
1823.46	6.06886
1826.02	0.0348736
1828.59	4.00082
1831.15	3.96668
1833.71	9.93242
1836.27	5.8981
1838.84	19.8637
1841.39	1.82921
1843.95	3.79463
1846.51	21.76
1849.07	7.72524
1851.62	-0.309596
1854.18	-0.344518
1856.73	11.6205
1859.29	7.58541
1861.84	9.55025
1864.39	-12.485
1866.94	9.47967
1869.49	11.4443
1872.04	7.40877
1874.59	3.37319
1877.13	5.33754
1879.68	15.3018
1882.22	5.26599
1884.77	7.23008
1887.31	5.19412
1889.85	11.158
1892.39	-2.87809
1894.93	21.0857
1897.47	11.0494
1900.01	-6.98699
1902.55	6.97655
1905.09	12.94
1907.62	4.90339
1910.16	14.8667
1912.69	6.82993
1915.22	2.79307
1917.76	8.75616
1920.29	2.71913
1922.82	-7.31794
1925.35	12.6449
1927.88	8.60764
1930.4	16.5703
1932.93	4.53294
1935.46	2.49547
1937.98	-1.54208
1940.51	6.42029
1943.03	10.3826
1945.55	4.34483
1948.07	-1.69303
1950.59	-1.73094
1953.11	0.231044
1955.63	10.193
1958.15	2.15484
1960.67	2.11662
1963.18	10.0783
1965.7	26.04
1968.21	8.00151
1970.73	7.96298
1973.24	-0.0756147
1975.75	21.8857
1978.26	7.84699
1980.77	9.8082
1983.28	1.7693
1985.79	13.7304
1988.29	-4.30866
1990.8	1.65222
1993.31	-4.38695
1995.81	5.57381
1998.31	11.5345
