100.093	10.8342
103.274	16.883
106.457	12.9315
109.636	6.97984
112.817	5.02792
115.994	3.07573
119.172	5.12334
122.347	25.1707
125.521	5.21777
128.696	9.26467
131.868	35.3113
135.039	17.3577
138.209	19.4038
141.379	-6.5502
144.547	11.4955
147.713	5.54095
150.879	21.5862
154.043	-2.36883
157.206	19.6759
160.368	19.7205
163.529	-4.23524
166.689	13.8088
169.848	3.85268
173.006	3.89629
176.163	15.9397
179.316	27.9828
182.471	12.0257
185.625	10.0684
188.777	-5.88908
191.927	10.1532
195.077	2.19518
198.224	18.237
201.372	4.27854
204.52	16.3199
207.664	0.361015
210.809	10.4019
213.95	20.4426
217.091	-9.51695
220.233	20.5233
223.372	18.5633
226.509	6.6031
229.648	12.6427
232.784	10.682
235.918	6.72118
239.051	0.760099
242.186	24.7988
245.317	8.83731
248.447	20.8756
251.577	8.91364
254.705	18.9515
257.832	8.98911
260.958	27.0265
264.083	17.0637
267.204	-4.8993
270.327	3.13748
273.449	23.174
276.57	17.2104
279.69	11.2466
282.806	7.28247
285.924	7.31821
289.04	17.3537
292.154	25.389
295.268	17.4241
298.379	13.459
301.492	9.4937
304.601	13.5282
307.711	1.56245
310.818	3.59651
313.924	5.63036
317.031	-0.335966
320.135	3.69748
323.238	7.73073
326.34	9.76377
329.443	-8.20337
332.543	3.82927
335.642	7.86171
338.74	7.89395
341.836	7.92599
344.932	-4.04217
348.027	-6.01052
351.12	22.0209
354.213	4.05217
357.302	6.0832
360.393	4.11406
363.482	12.1447
366.57	22.1752
369.656	6.20543
372.742	4.23551
375.827	10.2654
378.91	6.29506
381.993	10.3246
385.073	8.35384
388.154	12.3829
391.232	0.411849
394.311	6.44058
397.387	4.4691
400.462	-1.50257
403.536	10.5256
406.611	-13.4465
409.683	-3.41869
412.754	8.60888
415.824	2.63627
418.893	6.66348
421.961	10.6905
425.027	22.7173
428.093	10.744
431.158	-9.22957
434.222	10.7967
437.284	10.8228
440.346	18.8487
443.407	8.87444
446.464	16.9
449.523	12.9253
452.581	2.95051
455.635	6.97549
458.691	5.00031
461.743	-2.97506
464.797	-2.9506
467.847	1.07366
470.899	-4.90223
473.947	3.12168
476.994	3.14541
480.043	5.16898
483.088	-6.80764
486.133	23.2156
489.176	13.2386
492.22	-2.73855
495.262	3.28413
498.302	3.30663
501.341	9.32896
504.38	-0.648881
507.417	9.3731
510.453	5.39491
513.487	9.41654
516.521	-2.56199
519.554	9.4593
522.586	7.48043
525.616	5.50137
528.646	-4.47784
531.675	-0.457222
534.701	5.56321
537.729	7.5835
540.753	11.6036
543.778	11.6235
546.8	9.64331
549.821	5.66291
552.844	9.68236
555.863	3.70163
558.881	5.72073
561.898	-2.26033
564.916	3.75846
567.932	3.77707
570.946	9.79552
573.959	13.8138
576.971	7.83193
579.982	17.8499
582.993	1.8677
586	1.88533
589.008	1.90281
592.015	3.92013
595.022	25.9373
598.025	-2.04572
601.029	1.97113
604.032	9.98781
607.033	6.00433
610.034	4.0207
613.032	0.0369065
616.032	16.053
619.028	10.0689
622.023	8.08459
625.018	20.1002
628.013	14.1156
631.005	4.13088
633.997	4.146
636.987	4.16097
639.977	2.17578
642.965	10.1904
645.952	10.2049
648.939	-5.78069
651.924	8.23351
654.909	24.2476
657.892	14.2615
660.873	4.27522
663.854	0.288824
666.835	8.30228
669.813	14.3156
672.791	6.32874
675.767	18.3417
678.743	10.3546
681.717	-1.63268
684.692	14.3799
687.664	12.3923
690.634	-5.59542
693.606	8.41672
696.575	-1.5713
699.543	10.4405
702.51	4.45224
705.475	6.46379
708.44	18.4752
711.404	8.48646
714.367	-1.50241
717.329	16.5086
720.29	4.51941
723.25	6.53011
726.207	24.5407
729.166	4.55109
732.123	4.56137
735.077	4.5715
738.032	0.581502
740.984	6.59136
743.938	14.6011
746.888	2.61067
749.839	6.62012
752.788	6.62943
755.735	-5.3614
758.682	2.64763
761.627	-3.34347
764.574	-3.3347
767.517	2.67394
770.46	-3.31757
773.402	-3.30921
776.342	8.69902
779.282	14.7071
782.219	20.7151
785.157	14.7229
788.094	20.7306
791.029	18.7382
793.962	2.7456
796.896	12.7529
799.828	26.7601
802.76	10.7671
805.689	26.774
808.619	20.7808
811.546	10.7875
814.473	20.794
817.4	12.8004
820.324	12.8067
823.248	6.81282
826.17	18.8188
829.092	26.8247
832.012	14.8305
834.932	8.83613
837.851	20.8416
840.768	10.847
843.685	8.85229
846.599	10.8574
849.514	18.8624
852.428	6.86734
855.339	16.8721
858.251	26.8768
861.16	12.8813
864.07	34.8857
866.978	-1.11004
869.884	16.8941
872.792	26.8982
875.696	14.9021
878.599	2.90588
881.502	0.909554
884.404	14.9131
887.304	22.9166
890.204	4.91988
893.103	12.9231
896.001	-11.0738
898.898	-1.07086
901.794	6.932
904.689	16.9347
907.581	4.93735
910.474	12.9399
913.364	20.9422
916.256	8.94452
919.144	12.9467
922.034	10.9487
924.92	-1.04934
927.808	20.9525
930.693	14.9542
933.576	20.9558
936.459	0.95726
939.341	20.9586
942.222	12.9599
945.102	4.96103
947.981	8.96207
950.859	6.96299
953.737	8.9638
956.613	6.96451
959.488	12.9651
962.361	20.9656
965.235	12.966
968.105	-3.03377
970.977	10.9664
973.846	8.96645
976.716	2.96639
979.583	8.96623
982.449	16.966
985.316	16.9656
988.18	14.9651
991.043	24.9645
993.906	0.963839
996.767	4.96304
999.628	10.9621
1002.49	10.9611
1005.35	-3.03996
1008.2	20.9588
1011.06	10.9575
1013.91	4.9561
1016.77	-3.04542
1019.62	8.95296
1022.48	20.9512
1025.33	8.94942
1028.18	10.9475
1031.03	12.9455
1033.87	8.94335
1036.72	0.941123
1039.57	12.9388
1042.41	10.9364
1045.26	16.9339
1048.1	6.93124
1050.94	14.9285
1053.78	0.925707
1056.62	-3.07721
1059.46	16.9198
1062.3	-1.08332
1065.14	8.91348
1067.97	4.91018
1070.81	26.9068
1073.64	8.9033
1076.47	8.89971
1079.31	18.896
1082.14	20.8923
1084.97	-5.11161
1087.8	14.8844
1090.63	20.8804
1093.45	22.8762
1096.28	14.872
1099.1	14.8677
1101.93	4.86324
1104.75	-5.14128
1107.57	18.8541
1110.39	14.8494
1113.21	4.84463
1116.03	22.8398
1118.85	2.83478
1121.66	-7.17027
1124.48	20.8246
1127.3	8.81935
1130.11	14.814
1132.92	4.80861
1135.73	10.8031
1138.54	-1.20248
1141.35	14.7918
1144.16	12.7861
1146.97	16.7802
1149.78	8.7743
1152.58	14.7683
1155.39	8.76217
1158.19	2.75598
1161	8.7497
1163.8	14.7433
1166.6	-1.26311
1169.4	6.73036
1172.2	0.723748
1174.99	0.717048
1177.79	2.71027
1180.59	-3.29659
1183.38	10.6965
1186.17	8.68943
1188.97	18.6823
1191.76	8.67513
1194.55	16.6679
1197.34	16.6605
1200.13	0.65307
1202.92	2.64555
1205.7	12.638
1208.49	2.63029
1211.27	16.6225
1214.06	-1.38529
1216.84	20.6068
1219.62	18.5988
1222.4	-1.40926
1225.18	14.5826
1227.96	6.57437
1230.74	6.56607
1233.51	16.5577
1236.29	16.5492
1239.06	12.5407
1241.84	-3.46789
1244.61	18.5234
1247.38	10.5147
1250.15	4.50584
1252.92	-1.50306
1255.69	8.48796
1258.46	14.4789
1261.23	10.4698
1263.99	16.4606
1266.76	12.4513
1269.52	10.442
1272.28	6.43254
1275.05	-5.57696
1277.81	4.41348
1280.57	16.4038
1283.33	-5.60586
1286.08	2.38436
1288.84	10.3745
1291.6	22.3646
1294.35	0.354599
1297.11	22.3445
1299.86	6.33441
1302.61	4.32421
1305.36	12.314
1308.11	10.3036
1310.86	10.2932
1313.61	14.2827
1316.36	18.2722
1319.1	22.2616
1321.85	16.2509
1324.59	20.2402
1327.33	8.22937
1330.08	4.21849
1332.82	20.2076
1335.56	-1.80346
1338.3	2.18547
1341.04	10.1743
1343.77	12.1631
1346.51	10.1519
1349.25	6.14053
1351.98	-1.87086
1354.71	0.117679
1357.45	10.1062
1360.18	14.0946
1362.91	2.08292
1365.64	-1.92879
1368.37	8.05944
1371.09	14.0476
1373.82	6.0357
1376.54	32.0238
1379.27	6.01173
1381.99	11.9996
1384.72	-16.0125
1387.44	5.9753
1390.16	7.96304
1392.88	5.95072
1395.6	15.9383
1398.31	17.9259
1401.03	1.91339
1403.75	-8.09916
1406.46	15.8882
1409.18	15.8755
1411.89	11.8628
1414.6	25.85
1417.31	17.8372
1420.02	-0.175739
1422.73	7.8113
1425.44	23.7983
1428.15	15.7852
1430.85	11.7721
1433.56	19.7589
1436.26	11.7456
1438.97	15.7323
1441.67	1.71899
1444.37	21.7056
1447.07	21.6921
1449.77	5.67861
1452.47	9.66504
1455.16	17.6514
1457.86	-16.3623
1460.56	5.624
1463.25	13.6102
1465.94	3.59639
1468.64	19.5825
1471.33	9.56856
1474.02	17.5546
1476.71	3.54053
1479.4	-4.47357
1482.09	21.5123
1484.77	7.49809
1487.46	23.4838
1490.14	13.4695
1492.83	9.4552
1495.51	1.4408
1498.19	3.42636
1500.87	17.4119
1503.55	15.3973
1506.23	3.38273
1508.91	-0.63191
1511.59	13.3534
1514.27	17.3387
1516.94	3.32388
1519.62	13.309
1522.29	17.2942
1524.96	21.2792
1527.63	19.2643
1530.3	5.24925
1532.97	19.2342
1535.64	15.2191
1538.31	9.20391
1540.98	11.1887
1543.64	9.17347
1546.31	9.15819
1548.97	15.1428
1551.63	9.12747
1554.3	5.11204
1556.96	3.09657
1559.62	5.08106
1562.28	5.06551
1564.94	7.04991
1567.59	17.0343
1570.25	-2.98142
1572.9	13.0029
1575.56	12.9871
1578.21	2.97128
1580.86	2.95542
1583.52	6.93953
1586.17	18.9236
1588.82	6.90762
1591.47	-5.1084
1594.11	22.8755
1596.76	30.8595
1599.41	10.8433
1602.05	6.82714
1604.69	26.8109
1607.34	0.794671
1609.98	16.7784
1612.62	16.762
1615.26	6.74566
1617.9	8.72926
1620.54	8.71281
1623.18	10.6963
1625.81	6.6798
1628.45	-1.33676
1631.08	24.6466
1633.72	10.63
1636.35	2.61334
1638.98	4.59664
1641.61	12.5799
1644.24	6.56311
1646.87	10.5463
1649.5	10.5294
1652.13	6.51256
1654.75	8.49564
1657.38	12.4787
1660	14.4617
1662.63	10.4447
1665.25	-1.5724
1667.87	4.41051
1670.49	14.3934
1673.11	14.3762
1675.73	16.359
1678.35	8.34181
1680.96	-1.67545
1683.58	12.3073
1686.19	4.28994
1688.81	-7.72742
1691.42	8.2552
1694.03	18.2378
1696.64	6.22033
1699.25	0.202849
1701.87	-1.81467
1704.47	14.1678
1707.08	8.15022
1709.69	-5.86739
1712.29	12.115
1714.9	8.09731
1717.5	14.0796
1720.1	26.0619
1722.71	14.0441
1725.31	20.0264
1727.91	20.0086
1730.51	3.99072
1733.1	5.97286
1735.7	15.955
1738.3	17.937
1740.89	9.91909
1743.49	17.9011
1746.08	15.8831
1748.67	5.86507
1751.26	1.84703
1753.86	1.82894
1756.45	23.8108
1759.03	11.7927
1761.62	1.77452
1764.21	15.7563
1766.8	19.7381
1769.38	9.71989
1771.97	11.7016
1774.55	-2.31667
1777.13	5.66502
1779.71	9.64668
1782.29	3.62832
1784.87	7.60994
1787.45	1.59152
1790.03	9.5731
1792.61	5.55463
1795.18	-4.46384
1797.76	-4.48235
1800.33	13.4991
1802.9	13.4806
1805.48	13.462
1808.05	3.44342
1810.62	25.4248
1813.19	19.4062
1815.76	1.3875
1818.33	1.36882
1820.89	11.3501
1823.46	17.3314
1826.02	17.3127
1828.59	19.2939
1831.15	9.27512
1833.71	11.2563
1836.27	11.2375
1838.84	29.2186
1841.39	7.19978
1843.95	-2.8191
1846.51	5.16199
1849.07	17.1431
1851.62	3.12414
1854.18	17.1052
1856.73	-0.913788
1859.29	13.0672
1861.84	-0.951794
1864.39	3.02918
1866.94	21.0101
1869.49	8.99106
1872.04	30.972
1874.59	30.9529
1877.13	26.9338
1879.68	4.91465
1882.22	18.8955
1884.77	22.8763
1887.31	-1.14284
1889.85	28.838
1892.39	10.8188
1894.93	10.7995
1897.47	0.780278
1900.01	2.76102
1902.55	8.74175
1905.09	8.72247
1907.62	12.7032
1910.16	18.6839
1912.69	32.6645
1915.22	4.64519
1917.76	4.62584
1920.29	0.606462
1922.82	-1.41291
1925.35	12.5677
1927.88	-3.45172
1930.4	-3.47114
1932.93	24.5094
1935.46	14.49
1937.98	-3.52948
1940.51	24.451
1943.03	6.43156
1945.55	0.412078
1948.07	6.39257
1950.59	-1.62694
1953.11	12.3535
1955.63	16.334
1958.15	6.31444
1960.67	10.2949
1963.18	16.2753
1965.7	14.2557
1968.21	6.23615
1970.73	6.21655
1973.24	10.1969
1975.75	-3.82267
1978.26	18.1577
1980.77	12.1381
1983.28	10.1184
1985.79	28.0988
1988.29	2.0791
1990.8	-3.94058
1993.31	14.0397
1995.81	8.02005
1998.31	2.00037
