100.093	-1.8958
103.274	2.27444
106.457	14.4436
109.636	12.6115
112.817	2.77829
115.994	4.94382
119.172	3.10829
122.347	23.2715
125.521	-4.56646
128.696	7.59454
131.868	11.7543
135.039	13.9129
138.209	2.07035
141.379	2.22679
144.547	8.38199
147.713	2.53606
150.879	10.689
154.043	6.84085
157.206	2.99157
160.368	3.14119
163.529	7.2897
166.689	17.4371
169.848	-6.41657
173.006	1.72866
176.163	3.8728
179.316	12.0158
182.471	4.15775
185.625	10.2987
188.777	0.438497
191.927	-1.42282
195.077	-1.28511
198.224	18.8515
201.372	-15.0129
204.52	1.12163
207.664	7.25505
210.809	9.38753
213.95	15.5189
217.091	1.64921
220.233	1.7786
223.372	5.90687
226.509	14.0341
229.648	12.1605
232.784	4.28571
235.918	6.40994
239.051	8.53317
242.186	14.6555
245.317	0.776738
248.447	8.897
251.577	11.0163
254.705	19.1346
257.832	9.25188
260.958	17.3682
264.083	3.48361
267.204	11.5979
270.327	9.71141
273.449	23.8239
276.57	5.93546
279.69	10.0461
282.806	0.155654
285.924	22.2644
289.04	16.3722
292.154	-3.52104
295.268	18.5849
298.379	4.68983
301.492	0.793918
304.601	14.897
307.711	2.99929
310.818	7.10059
313.924	11.201
317.031	11.3005
320.135	17.3991
323.238	5.49684
326.34	17.5937
329.443	17.6897
332.543	1.78474
335.642	-0.121073
338.74	11.9722
341.836	16.0647
344.932	16.1563
348.027	20.247
351.12	18.3369
354.213	8.42593
357.302	14.5141
360.393	8.60139
363.482	28.6879
366.57	16.7736
369.656	2.85834
372.742	8.94234
375.827	11.0255
378.91	-0.892162
381.993	-6.81061
385.073	11.2701
388.154	1.35
391.232	7.42907
394.311	7.5074
397.387	7.58487
400.462	3.66156
403.536	15.7375
406.611	3.81261
409.683	9.88694
412.754	1.96049
415.824	12.0333
418.893	12.1053
421.961	-1.82347
425.027	6.24701
428.093	0.316733
431.158	6.3857
434.222	2.45392
437.284	8.52139
440.346	8.58812
443.407	8.6541
446.464	14.7193
449.523	-5.21617
452.581	10.8476
455.635	2.91064
458.691	14.973
461.743	19.0346
464.797	23.0955
467.847	11.1556
470.899	1.21513
473.947	15.2739
476.994	3.33194
480.043	-2.61067
483.088	15.446
486.133	13.502
489.176	17.5573
492.22	11.6119
495.262	23.6658
498.302	13.7191
501.341	23.7717
504.38	7.82361
507.417	7.87487
510.453	7.92546
513.487	11.9754
516.521	0.0246601
519.554	-1.9267
522.586	14.1213
525.616	10.1686
528.646	16.2153
531.675	12.2614
534.701	-11.6932
537.729	26.3516
540.753	10.3958
543.778	6.43938
546.8	6.4823
549.821	18.5246
552.844	6.56634
555.863	10.6074
558.881	12.6479
561.898	12.6878
564.916	16.7271
567.932	0.765839
570.946	0.803949
573.959	-3.15853
576.971	28.8784
579.982	6.91478
582.993	6.95056
586	8.98575
589.008	23.0204
592.015	-6.94553
595.022	7.08798
598.025	11.1209
601.029	9.15331
604.032	15.1852
607.033	11.2164
610.034	23.2472
613.032	9.27737
616.032	-6.69296
619.028	1.33615
622.023	-2.63527
625.018	11.3928
628.013	9.42033
631.005	-6.55267
633.997	23.4738
636.987	9.49978
639.977	7.52523
642.965	15.5502
645.952	5.57461
648.939	-2.40145
651.924	11.622
654.909	-6.35508
657.892	7.66737
660.873	15.6893
663.854	9.71078
666.835	7.73176
669.813	13.7523
672.791	13.7723
675.767	9.79182
678.743	1.8109
681.717	9.82951
684.692	11.8477
687.664	3.86533
690.634	11.8826
693.606	13.8993
696.575	3.91564
699.543	21.9315
702.51	13.9469
705.475	21.9619
708.44	15.9764
711.404	15.9905
714.367	22.0042
717.329	10.0174
720.29	8.03026
723.25	12.0426
726.207	16.0546
729.166	10.0662
732.123	8.07729
735.077	12.088
738.032	2.09833
740.984	2.10823
743.938	22.1177
746.888	26.1268
749.839	18.1356
752.788	14.1439
755.735	20.1518
758.682	30.1593
761.627	12.1665
764.574	18.1733
767.517	8.17968
770.46	22.1857
773.402	20.1914
776.342	0.196645
779.282	-5.79844
782.219	18.2061
785.157	20.2103
788.094	12.2142
791.029	16.2176
793.962	14.2208
796.896	6.22356
799.828	8.226
802.76	16.2281
805.689	16.2299
808.619	6.23128
811.546	8.23237
814.473	14.2331
817.4	16.2336
820.324	20.2337
823.248	30.2335
826.17	22.2329
829.092	20.2321
832.012	18.2309
834.932	12.2295
837.851	16.2277
840.768	10.2256
843.685	14.2232
846.599	20.2205
849.514	20.2176
852.428	6.21431
855.339	12.2108
858.251	28.2069
861.16	14.2028
864.07	16.1984
866.978	22.1937
869.884	18.1887
872.792	12.1835
875.696	18.178
878.599	6.17221
881.502	4.16618
884.404	12.1599
887.304	14.1533
890.204	18.1465
893.103	14.1394
896.001	22.1321
898.898	6.12457
901.794	12.1168
904.689	16.1087
907.581	14.1004
910.474	16.0919
913.364	2.08313
916.256	6.07414
919.144	12.0649
922.034	8.05547
924.92	0.0458088
927.808	22.0359
930.693	12.0258
933.576	8.01549
936.459	2.00496
939.341	9.99422
942.222	5.98327
945.102	15.9721
947.981	5.96076
950.859	-0.0507896
953.737	19.9375
956.613	9.92552
959.488	5.91338
962.361	7.90106
965.235	19.8886
968.105	7.87587
970.977	13.863
973.846	3.84995
976.716	3.83673
979.583	-0.176665
982.449	13.8098
985.316	5.79603
988.18	9.78214
991.043	17.7681
993.906	15.7539
996.767	11.7395
999.628	3.72497
1002.49	5.71028
1005.35	11.6955
1008.2	7.68048
1011.06	7.66537
1013.91	13.6501
1016.77	3.6347
1019.62	-0.380831
1022.48	15.6035
1025.33	5.5877
1028.18	9.57176
1031.03	7.55571
1033.87	13.5395
1036.72	5.52323
1039.57	17.5068
1042.41	9.49028
1045.26	-0.526371
1048.1	3.45687
1050.94	11.44
1053.78	5.42302
1056.62	13.4059
1059.46	15.3888
1062.3	15.3715
1065.14	3.35411
1067.97	-8.66336
1070.81	7.31909
1073.64	9.30143
1076.47	5.2837
1079.31	7.26587
1082.14	3.24797
1084.97	9.22998
1087.8	13.2119
1090.63	9.1938
1093.45	11.1756
1096.28	9.15732
1099.1	9.13898
1101.93	27.1206
1104.75	5.1021
1107.57	19.0836
1110.39	3.06498
1113.21	7.04634
1116.03	5.02764
1118.85	7.00889
1121.66	8.9901
1124.48	8.97126
1127.3	10.9524
1130.11	10.9334
1132.92	6.91448
1135.73	-11.1045
1138.54	10.8765
1141.35	6.85739
1144.16	10.8383
1146.97	6.81915
1149.78	4.8
1152.58	0.780843
1155.39	4.76165
1158.19	8.74243
1161	2.7232
1163.8	8.70397
1166.6	6.68472
1169.4	4.66545
1172.2	8.64619
1174.99	6.62691
1177.79	22.6076
1180.59	12.5884
1183.38	-3.4309
1186.17	8.54982
1188.97	8.53056
1191.76	4.51131
1194.55	0.492072
1197.34	-1.52716
1200.13	-1.54637
1202.92	6.43444
1205.7	8.41527
1208.49	16.3961
1211.27	16.377
1214.06	-9.64211
1216.84	12.3388
1219.62	4.31978
1222.4	6.30077
1225.18	12.2818
1227.96	2.26287
1230.74	6.24396
1233.51	8.22511
1236.29	10.2063
1239.06	2.18754
1241.84	6.16883
1244.61	8.15017
1247.38	12.1316
1250.15	10.113
1252.92	8.0945
1255.69	10.0761
1258.46	2.05769
1261.23	2.03937
1263.99	16.0211
1266.76	6.00293
1269.52	5.98482
1272.28	1.96678
1275.05	7.94881
1277.81	11.9309
1280.57	7.9131
1283.33	7.89537
1286.08	1.87772
1288.84	15.8601
1291.6	-8.15734
1294.35	-6.17473
1297.11	9.80797
1299.86	7.79076
1302.61	9.77364
1305.36	9.75662
1308.11	19.7397
1310.86	3.72288
1313.61	9.70616
1316.36	1.68954
1319.1	9.67304
1321.85	7.65664
1324.59	1.64035
1327.33	3.62418
1330.08	15.6081
1332.82	11.5922
1335.56	1.57634
1338.3	5.56064
1341.04	5.54506
1343.77	11.5296
1346.51	5.51427
1349.25	1.49907
1351.98	5.484
1354.71	13.4691
1357.45	11.4543
1360.18	11.4396
1362.91	-0.574954
1365.64	1.41066
1368.37	11.3964
1371.09	11.3823
1373.82	7.36835
1376.54	13.3545
1379.27	13.3409
1381.99	11.3274
1384.72	3.31401
1387.44	9.30082
1390.16	5.28778
1392.88	3.2749
1395.6	-0.737828
1398.31	3.24962
1401.03	9.23723
1403.75	3.225
1406.46	1.21294
1409.18	9.20106
1411.89	5.18934
1414.6	-0.822195
1417.31	9.16645
1420.02	5.15526
1422.73	11.1443
1425.44	19.1334
1428.15	1.1228
1430.85	7.11235
1433.56	5.10209
1436.26	5.09201
1438.97	-0.917876
1441.67	11.0724
1444.37	11.0629
1447.07	3.05364
1449.77	-2.95546
1452.47	9.03564
1455.16	13.0269
1457.86	15.0184
1460.56	-0.989849
1463.25	-2.99793
1465.94	2.9942
1468.64	0.986533
1471.33	2.97909
1474.02	-1.02815
1476.71	18.9648
1479.4	6.95803
1482.09	-1.04855
1484.77	10.9451
1487.46	-7.06105
1490.14	6.93304
1492.83	-3.07264
1495.51	8.92191
1498.19	10.9167
1500.87	2.91169
1503.55	12.9069
1506.23	16.9024
1508.91	-1.10188
1511.59	8.89407
1514.27	6.89027
1516.94	22.8867
1519.62	16.8834
1522.29	-7.11969
1524.96	8.87748
1527.63	0.874903
1530.3	18.8726
1532.97	10.8705
1535.64	12.8687
1538.31	4.86712
1540.98	2.86581
1543.64	14.8648
1546.31	12.864
1548.97	6.86345
1551.63	-5.1368
1554.3	8.8632
1556.96	14.8635
1559.62	0.864019
1562.28	-3.13517
1564.94	12.8659
1567.59	16.8673
1570.25	-5.13108
1572.9	10.8708
1575.56	10.873
1578.21	8.8755
1580.86	4.87825
1583.52	12.8813
1586.17	-9.11538
1588.82	-1.11177
1591.47	2.89213
1594.11	12.8963
1596.76	-5.09919
1599.41	-11.0944
1602.05	14.9107
1604.69	8.91602
1607.34	6.92169
1609.98	6.92766
1612.62	8.93392
1615.26	16.9405
1617.9	6.94737
1620.54	6.95455
1623.18	0.962038
1625.81	4.96984
1628.45	20.9779
1631.08	2.98637
1633.72	6.9951
1636.35	-4.99585
1638.98	5.01351
1641.61	7.0232
1644.24	-2.96679
1646.87	13.0435
1649.5	21.0542
1652.13	5.06515
1654.75	15.0765
1657.38	13.0881
1660	11.1
1662.63	9.11232
1665.25	7.12495
1667.87	13.1379
1670.49	7.15118
1673.11	7.16481
1675.73	-0.821231
1678.35	3.19307
1680.96	17.2077
1683.58	11.2227
1686.19	3.23802
1688.81	-0.746302
1691.42	-2.73029
1694.03	5.28609
1696.64	9.3028
1699.25	5.31986
1701.87	21.3373
1704.47	9.35507
1707.08	3.3732
1709.69	7.39169
1712.29	17.4105
1714.9	7.42974
1717.5	25.4493
1720.1	-0.530771
1722.71	11.4895
1725.31	13.5102
1727.91	-0.468789
1730.51	-0.447402
1733.1	3.57436
1735.7	23.5965
1738.3	7.61901
1740.89	-4.35812
1743.49	19.6651
1746.08	15.6888
1748.67	-0.287214
1751.26	3.73716
1753.86	13.7619
1756.45	9.7871
1759.03	1.81262
1761.62	1.83855
1764.21	7.86485
1766.8	19.8915
1769.38	5.91862
1771.97	13.9461
1774.55	15.974
1777.13	10.0022
1779.71	4.03088
1782.29	10.0599
1784.87	-3.91064
1787.45	14.1192
1790.03	0.149433
1792.61	14.1801
1795.18	-7.78888
1797.76	2.24258
1800.33	8.27443
1802.9	2.30668
1805.48	14.3393
1808.05	0.372422
1810.62	16.4059
1813.19	4.43981
1815.76	16.4741
1818.33	4.50885
1820.89	14.544
1823.46	0.579539
1826.02	18.6155
1828.59	10.6519
1831.15	2.68871
1833.71	16.726
1836.27	6.76362
1838.84	0.801694
1841.39	8.8402
1843.95	8.87913
1846.51	-1.0815
1849.07	10.9583
1851.62	-1.0015
1854.18	11.0392
1856.73	1.08023
1859.29	9.12176
1861.84	11.1637
1864.39	5.20609
1866.94	19.2489
1869.49	5.29221
1872.04	7.33591
1874.59	-0.619939
1877.13	13.4247
1879.68	13.4697
1882.22	15.5152
1884.77	3.5611
1887.31	-0.392547
1889.85	1.65429
1892.39	-2.29845
1894.93	7.74927
1897.47	7.79747
1900.01	17.8461
1902.55	13.8952
1905.09	11.9447
1907.62	1.99472
1910.16	2.04515
1912.69	14.0961
1915.22	-5.85254
1917.76	10.1993
1920.29	2.25159
1922.82	6.30434
1925.35	6.35759
1927.88	14.4113
1930.4	8.46544
1932.93	18.5201
1935.46	2.57517
1937.98	26.6307
1940.51	16.6868
1943.03	-1.25668
1945.55	0.800285
1948.07	-1.14223
1950.59	20.9157
1953.11	4.97414
1955.63	7.03302
1958.15	19.0924
1960.67	17.1522
1963.18	23.2126
1965.7	13.2734
1968.21	15.3347
1970.73	3.39652
1973.24	3.45882
1975.75	23.5216
1978.26	15.5848
1980.77	9.64856
1983.28	7.71282
1985.79	19.7775
1988.29	19.8428
1990.8	21.9085
1993.31	-0.0252836
1995.81	8.04143
1998.31	8.10859
