100.093	-0.696898
103.274	7.36023
106.457	29.4171
109.636	9.47358
112.817	13.5298
115.994	13.5857
119.172	5.64128
122.347	15.6965
125.521	15.7515
128.696	15.8062
131.868	9.86049
135.039	15.9145
138.209	1.96824
141.379	8.0217
144.547	8.07482
147.713	0.12764
150.879	16.1802
154.043	10.2324
157.206	16.2843
160.368	-3.66406
163.529	10.3873
166.689	10.4383
169.848	8.48907
173.006	4.53953
176.163	16.5897
179.316	-1.36045
182.471	2.68914
185.625	16.7384
188.777	24.7875
191.927	10.8362
195.077	-5.11538
198.224	18.9328
201.372	14.9806
204.52	3.02824
207.664	7.07554
210.809	13.1226
213.95	7.16933
217.091	3.21579
220.233	23.262
223.372	-0.692075
226.509	17.3536
229.648	5.39897
232.784	9.44407
235.918	29.4889
239.051	17.5335
242.186	1.57779
245.317	11.6218
248.447	15.6656
251.577	17.7091
254.705	7.75231
257.832	11.7953
260.958	5.838
264.083	-8.11955
267.204	11.9226
270.327	5.96455
273.449	0.0062285
276.57	12.0477
279.69	16.0888
282.806	20.1297
285.924	16.1704
289.04	16.2108
292.154	0.250908
295.268	22.2908
298.379	14.3305
301.492	14.3699
304.601	16.409
307.711	22.4479
310.818	14.4866
313.924	-5.47502
317.031	4.56317
320.135	6.60109
323.238	6.63878
326.34	16.6762
329.443	8.71345
332.543	16.7504
335.642	-5.21285
338.74	18.8236
341.836	20.8599
344.932	10.8959
348.027	6.93173
351.12	-1.03271
354.213	15.0026
357.302	17.0377
360.393	7.07258
363.482	7.10723
366.57	15.1417
369.656	11.1758
372.742	9.2098
375.827	5.24355
378.91	9.27706
381.993	13.3104
385.073	1.34342
388.154	19.3763
391.232	11.4089
394.311	3.44134
397.387	3.47353
400.462	13.5055
403.536	19.5373
406.611	9.56883
409.683	7.60017
412.754	11.6313
415.824	-0.337798
418.893	7.6929
421.961	9.7234
425.027	-2.24632
428.093	7.78376
431.158	13.8136
434.222	17.8433
437.284	3.87276
440.346	11.902
443.407	17.9311
446.464	13.9599
449.523	15.9886
452.581	8.01702
455.635	-3.95474
458.691	8.07332
461.743	16.1012
464.797	2.12884
467.847	10.1563
470.899	16.1836
473.947	10.2106
476.994	-1.76249
480.043	26.2642
483.088	4.29071
486.133	18.317
489.176	14.3431
492.22	4.36908
495.262	6.39482
498.302	10.4204
501.341	14.4458
504.38	8.47095
507.417	12.496
510.453	4.52078
513.487	10.5454
516.521	12.5699
519.554	-1.40585
522.586	-11.3817
525.616	10.6422
528.646	8.66593
531.675	0.689504
534.701	6.71289
537.729	4.73612
540.753	8.75916
543.778	20.782
546.8	-9.19526
549.821	0.827266
552.844	36.8496
555.863	4.87183
558.881	22.8938
561.898	-3.0843
564.916	2.93741
567.932	-1.04107
570.946	10.9803
573.959	-2.99851
576.971	21.0225
579.982	17.0434
582.993	3.0641
586	-8.91536
589.008	9.10504
592.015	15.1253
595.022	-0.854651
598.025	-6.83474
601.029	17.185
604.032	3.20463
607.033	9.22408
610.034	17.2434
613.032	-0.737477
616.032	3.28152
619.028	3.30036
622.023	13.3191
625.018	11.3376
628.013	7.35599
631.005	9.37424
633.997	7.39234
636.987	17.4103
639.977	3.4281
642.965	17.4458
645.952	5.46329
648.939	11.4807
651.924	1.49791
654.909	17.515
657.892	5.53197
660.873	1.54878
663.854	7.56546
666.835	15.582
669.813	11.5984
672.791	3.61468
675.767	11.6308
678.743	3.64681
681.717	3.66268
684.692	11.6784
687.664	1.69402
690.634	1.70948
693.606	17.7248
696.575	5.74004
699.543	15.7551
702.51	11.7701
705.475	3.78491
708.44	13.7996
711.404	11.8142
714.367	3.82864
717.329	11.843
720.29	5.85717
723.25	1.87126
726.207	5.88521
729.166	13.8991
732.123	-2.08722
735.077	17.9264
738.032	13.9399
740.984	7.95323
743.938	1.96648
746.888	13.9796
749.839	3.99264
752.788	6.00554
755.735	6.01833
758.682	16.031
761.627	10.0436
764.574	0.0560332
767.517	24.0684
770.46	6.08061
773.402	12.0927
776.342	2.10476
779.282	0.116667
782.219	12.1285
785.157	12.1402
788.094	10.1518
791.029	4.16325
793.962	-1.82537
796.896	8.18591
799.828	6.19709
802.76	-5.79183
805.689	12.2191
808.619	8.23003
811.546	2.24081
814.473	2.25149
817.4	10.2621
820.324	38.2726
823.248	24.2829
826.17	12.2932
829.092	16.3034
832.012	22.3136
834.932	6.32356
837.851	8.33349
840.768	10.3433
843.685	20.3531
846.599	12.3627
849.514	22.3723
852.428	18.3817
855.339	12.3911
858.251	6.40041
861.16	8.40961
864.07	6.41874
866.978	-1.57223
869.884	14.4367
872.792	22.4456
875.696	4.45438
878.599	14.4631
881.502	10.4717
884.404	0.480249
887.304	-1.51129
890.204	12.4971
893.103	8.5054
896.001	14.5136
898.898	-5.47823
901.794	22.5298
904.689	20.5378
907.581	16.5458
910.474	12.5536
913.364	10.5614
916.256	2.56908
919.144	6.5767
922.034	6.58426
924.92	4.59174
927.808	14.5992
930.693	-1.3935
933.576	8.61378
936.459	0.620985
939.341	6.62812
942.222	6.6352
945.102	14.6422
947.981	-1.35085
950.859	8.65602
953.737	20.6628
956.613	-5.33042
959.488	12.6763
962.361	16.6829
965.235	22.6895
968.105	6.69596
970.977	4.7024
973.846	10.7088
976.716	2.71511
979.583	18.7214
982.449	2.72758
985.316	20.7337
988.18	-5.26017
991.043	4.74587
993.906	-1.24815
996.767	10.7578
999.628	2.76366
1002.49	16.7695
1005.35	6.77526
1008.2	12.781
1011.06	18.7866
1013.91	12.7923
1016.77	10.7978
1019.62	6.80336
1022.48	10.8088
1025.33	16.8143
1028.18	8.81964
1031.03	12.825
1033.87	20.8303
1036.72	10.8355
1039.57	-3.1593
1042.41	-1.15415
1045.26	4.85096
1048.1	12.856
1050.94	8.86105
1053.78	6.86604
1056.62	10.871
1059.46	8.87589
1062.3	0.880757
1065.14	8.88558
1067.97	14.8904
1070.81	14.8951
1073.64	26.8998
1076.47	12.9045
1079.31	0.909157
1082.14	10.9138
1084.97	4.91834
1087.8	-1.07712
1090.63	8.92738
1093.45	4.93186
1096.28	14.9363
1099.1	-7.05929
1101.93	-1.05491
1104.75	2.94944
1107.57	4.95376
1110.39	0.958054
1113.21	28.9623
1116.03	8.96655
1118.85	10.9708
1121.66	4.97494
1124.48	16.9791
1127.3	4.98323
1130.11	2.98734
1132.92	6.99142
1135.73	6.99548
1138.54	-1.00048
1141.35	11.0035
1144.16	17.0075
1146.97	5.0115
1149.78	7.01545
1152.58	11.0194
1155.39	15.0233
1158.19	-2.97281
1161	11.0311
1163.8	15.0349
1166.6	-6.96124
1169.4	5.04258
1172.2	15.0464
1174.99	3.05019
1177.79	1.05396
1180.59	9.05773
1183.38	11.0615
1186.17	-6.93478
1188.97	5.06894
1191.76	13.0727
1194.55	-10.9236
1197.34	5.08005
1200.13	3.08374
1202.92	13.0874
1205.7	9.09107
1208.49	11.0947
1211.27	21.0984
1214.06	-12.898
1216.84	-0.894349
1219.62	3.10928
1222.4	-0.8871
1225.18	11.1165
1227.96	3.12013
1230.74	13.1237
1233.51	17.1273
1236.29	5.13095
1239.06	9.13455
1241.84	9.13814
1244.61	3.14174
1247.38	7.14534
1250.15	17.1489
1252.92	7.15253
1255.69	5.15613
1258.46	13.1597
1261.23	11.1633
1263.99	-2.83306
1266.76	7.17055
1269.52	15.1742
1272.28	11.1778
1275.05	11.1814
1277.81	11.185
1280.57	9.18865
1283.33	1.19229
1286.08	1.19593
1288.84	7.19959
1291.6	21.2032
1294.35	11.2069
1297.11	-4.78941
1299.86	9.21428
1302.61	11.218
1305.36	11.2217
1308.11	17.2254
1310.86	9.22914
1313.61	9.23288
1316.36	1.23664
1319.1	13.2404
1321.85	1.24419
1324.59	9.24799
1327.33	-2.7482
1330.08	7.25562
1332.82	9.25947
1335.56	13.2633
1338.3	19.2672
1341.04	23.2711
1343.77	7.27501
1346.51	3.27894
1349.25	-2.71711
1351.98	11.2869
1354.71	9.29084
1357.45	7.29485
1360.18	1.29888
1362.91	1.30293
1365.64	19.307
1368.37	-2.68891
1371.09	-0.684789
1373.82	5.31935
1376.54	13.3235
1379.27	9.3277
1381.99	23.3319
1384.72	5.33615
1387.44	13.3404
1390.16	-2.65529
1392.88	9.34903
1395.6	7.35337
1398.31	19.3577
1401.03	3.36214
1403.75	9.36657
1406.46	5.37103
1409.18	3.37552
1411.89	9.38004
1414.6	13.3846
1417.31	13.3892
1420.02	-0.606224
1422.73	-4.60158
1425.44	3.4031
1428.15	3.4078
1430.85	-0.587452
1433.56	11.4173
1436.26	3.42214
1438.97	3.42698
1441.67	7.43186
1444.37	17.4368
1447.07	3.44173
1449.77	13.4467
1452.47	7.45175
1455.16	7.45681
1457.86	11.4619
1460.56	11.4671
1463.25	9.47224
1465.94	13.4775
1468.64	3.48272
1471.33	17.488
1474.02	11.4934
1476.71	5.49874
1479.4	13.5042
1482.09	9.50963
1484.77	1.51514
1487.46	11.5207
1490.14	19.5263
1492.83	13.5319
1495.51	7.53761
1498.19	5.54334
1500.87	5.54911
1503.55	-0.445065
1506.23	7.5608
1508.91	9.56671
1511.59	9.57268
1514.27	-2.42132
1516.94	-2.41526
1519.62	23.5908
1522.29	-2.403
1524.96	7.6032
1527.63	-0.390546
1530.3	1.61576
1532.97	11.6221
1535.64	11.6285
1538.31	-6.36503
1540.98	3.64148
1543.64	7.64804
1546.31	7.65465
1548.97	5.66132
1551.63	3.66804
1554.3	17.6748
1556.96	21.6816
1559.62	23.6885
1562.28	3.69546
1564.94	9.70246
1567.59	5.70951
1570.25	11.7166
1572.9	13.7238
1575.56	9.731
1578.21	3.73828
1580.86	3.74562
1583.52	21.753
1586.17	1.76047
1588.82	5.76799
1591.47	9.77556
1594.11	13.7832
1596.76	13.7909
1599.41	-6.20135
1602.05	1.80647
1604.69	5.81435
1607.34	23.8223
1609.98	7.8303
1612.62	-0.161632
1615.26	15.8465
1617.9	7.8547
1620.54	7.86296
1623.18	17.8713
1625.81	13.8797
1628.45	3.88813
1631.08	11.8967
1633.72	21.9052
1636.35	11.9139
1638.98	11.9226
1641.61	7.93141
1644.24	3.94027
1646.87	-10.0508
1649.5	-0.0418068
1652.13	9.96725
1654.75	7.97639
1657.38	1.98559
1660	1.99487
1662.63	16.0042
1665.25	2.01363
1667.87	8.02312
1670.49	-9.96732
1673.11	6.04231
1675.73	18.052
1678.35	-3.93821
1680.96	0.0716398
1683.58	18.0816
1686.19	16.0916
1688.81	12.1016
1691.42	6.11178
1694.03	18.122
1696.64	16.1323
1699.25	12.1427
1701.87	14.1531
1704.47	2.16365
1707.08	12.1743
1709.69	8.18494
1712.29	8.1957
1714.9	16.2065
1717.5	6.21745
1720.1	14.2284
1722.71	0.239524
1725.31	10.2507
1727.91	0.261912
1730.51	6.27322
1733.1	4.28462
1735.7	8.2961
1738.3	16.3077
1740.89	16.3193
1743.49	8.33102
1746.08	0.342822
1748.67	16.3547
1751.26	12.3667
1753.86	6.37873
1756.45	2.39087
1759.03	8.40309
1761.62	2.4154
1764.21	14.4278
1766.8	2.44026
1769.38	24.4528
1771.97	10.4655
1774.55	-1.52178
1777.13	6.49104
1779.71	8.50395
1782.29	4.51694
1784.87	6.53003
1787.45	16.5432
1790.03	4.55646
1792.61	-1.43019
1795.18	24.5832
1797.76	6.59678
1800.33	-7.3896
1802.9	24.6241
1805.48	10.6379
1808.05	20.6518
1810.62	8.66577
1813.19	4.67985
1815.76	-1.30599
1818.33	10.7083
1820.89	8.72262
1823.46	6.73706
1826.02	6.7516
1828.59	6.76623
1831.15	18.7809
1833.71	18.7958
1836.27	18.8107
1838.84	6.82568
1841.39	22.8408
1843.95	0.855982
1846.51	14.8713
1849.07	12.8867
1851.62	20.9021
1854.18	12.9177
1856.73	4.9334
1859.29	18.9492
1861.84	16.9651
1864.39	4.98102
1866.94	6.9971
1869.49	21.0133
1872.04	19.0295
1874.59	15.0459
1877.13	23.0624
1879.68	19.0789
1882.22	19.0956
1884.77	13.1124
1887.31	21.1292
1889.85	13.1462
1892.39	17.1633
1894.93	11.1804
1897.47	11.1977
1900.01	5.2151
1902.55	19.2326
1905.09	11.2502
1907.62	23.2679
1910.16	-2.71437
1912.69	5.30353
1915.22	23.3215
1917.76	11.3396
1920.29	13.3578
1922.82	9.37615
1925.35	13.3946
1927.88	1.41309
1930.4	-2.56828
1932.93	11.4505
1935.46	7.4693
1937.98	9.48825
1940.51	21.5073
1943.03	5.52647
1945.55	1.54574
1948.07	7.56512
1950.59	13.5846
1953.11	9.60421
1955.63	13.6239
1958.15	15.6437
1960.67	9.66364
1963.18	-4.31632
1965.7	9.70382
1968.21	11.7241
1970.73	11.7444
1973.24	15.7649
1975.75	5.7855
1978.26	3.80621
1980.77	-8.17299
1983.28	15.8479
1985.79	15.869
1988.29	13.8901
1990.8	13.9114
1993.31	15.9328
1995.81	1.95425
1998.31	21.9758
