100.093	27.1009
103.274	-2.85703
106.457	17.1849
109.636	19.2265
112.817	11.268
115.994	9.30922
119.172	9.35028
122.347	11.3911
125.521	17.4317
128.696	13.4721
131.868	13.5123
135.039	-2.44767
138.209	3.59212
141.379	5.63173
144.547	9.67111
147.713	11.7103
150.879	1.74925
154.043	13.788
157.206	11.8266
160.368	3.86496
163.529	-0.0968773
166.689	3.94109
169.848	15.9789
173.006	6.01642
176.163	30.0538
179.316	-7.90907
182.471	8.1279
185.625	0.164671
188.777	0.201247
191.927	4.2376
195.077	6.27379
198.224	16.3097
201.372	6.34554
204.52	6.38114
207.664	10.4165
210.809	12.4517
213.95	14.4867
217.091	-1.47847
220.233	8.55617
223.372	16.5906
226.509	6.62482
229.648	16.6589
232.784	18.6927
235.918	-3.27361
239.051	6.75986
242.186	10.7932
245.317	16.8263
248.447	16.8592
251.577	0.89189
254.705	28.9244
257.832	22.9568
260.958	8.98894
264.083	29.0209
267.204	19.0527
270.327	11.0843
273.449	3.11573
276.57	7.14697
279.69	13.178
282.806	15.2089
285.924	-6.76041
289.04	13.2701
292.154	11.3004
295.268	9.33058
298.379	15.3605
301.492	31.3903
304.601	5.41993
307.711	15.4494
310.818	3.47862
313.924	23.5077
317.031	17.5366
320.135	13.5653
323.238	1.59385
326.34	19.6222
329.443	21.6504
332.543	23.6784
335.642	21.7063
338.74	13.7339
341.836	15.7614
344.932	17.7888
348.027	-8.18409
351.12	-4.15711
354.213	19.8697
357.302	3.89631
360.393	-0.0772212
363.482	13.9491
366.57	13.9752
369.656	8.00115
372.742	10.0269
375.827	12.0526
378.91	8.078
381.993	8.10329
385.073	8.1284
388.154	12.1534
391.232	14.1781
394.311	-1.79724
397.387	18.2272
400.462	12.2515
403.536	20.2756
406.611	16.2996
409.683	8.32336
412.754	12.347
415.824	4.37046
418.893	18.3938
421.961	6.41691
425.027	20.4399
428.093	6.46273
431.158	2.48539
434.222	12.5079
437.284	4.53025
440.346	6.55244
443.407	26.5745
446.464	12.5963
449.523	8.61805
452.581	8.63961
455.635	4.661
458.691	-15.3177
461.743	6.70333
464.797	6.72427
467.847	0.745043
470.899	14.7657
473.947	18.7861
476.994	0.806452
480.043	6.82662
483.088	18.8466
486.133	10.8665
489.176	0.886193
492.22	4.90576
495.262	18.9252
498.302	8.94442
501.341	12.9635
504.38	12.9825
507.417	1.00128
510.453	11.0199
513.487	-2.96156
516.521	11.0568
519.554	5.07502
522.586	5.09309
525.616	15.111
528.646	1.12878
531.675	15.1464
534.701	15.1639
537.729	1.18124
540.753	3.19842
543.778	21.2155
546.8	13.2324
549.821	5.24914
552.844	17.2658
555.863	9.28225
558.881	5.29858
561.898	9.31477
564.916	3.33084
567.932	13.3468
570.946	5.36252
573.959	-0.621844
576.971	15.3937
579.982	19.409
582.993	-8.57578
586	7.43929
589.008	7.45424
592.015	-6.53096
595.022	9.48371
598.025	-0.501763
601.029	9.51263
604.032	-0.473103
607.033	9.54101
610.034	3.55501
613.032	-8.43114
616.032	-2.41742
619.028	11.5962
622.023	19.6096
625.018	3.62293
628.013	9.63613
631.005	13.6492
633.997	11.6621
636.987	1.6749
639.977	1.68756
642.965	3.70009
645.952	-2.2875
648.939	11.7248
651.924	1.73691
654.909	21.7489
657.892	1.76082
660.873	17.7726
663.854	9.7842
666.835	15.7957
669.813	9.80708
672.791	13.8183
675.767	5.82945
678.743	5.84046
681.717	21.8513
684.692	9.86208
687.664	3.8727
690.634	5.8832
693.606	-0.106422
696.575	1.90383
699.543	19.914
702.51	13.924
705.475	3.93385
708.44	-0.056387
711.404	11.9533
714.367	5.96278
717.329	27.9722
720.29	7.98146
723.25	21.9906
726.207	11.9997
729.166	0.00858154
732.123	24.0174
735.077	2.02607
738.032	8.03464
740.984	0.0430846
743.938	-5.94858
746.888	14.0596
749.839	0.0677355
752.788	10.0757
755.735	16.0836
758.682	2.09133
761.627	6.09897
764.574	28.1065
767.517	20.1139
770.46	4.1212
773.402	8.12838
776.342	4.13545
779.282	12.1424
782.219	12.1492
785.157	20.156
788.094	12.1626
791.029	4.16911
793.962	12.1755
796.896	4.18179
799.828	6.18796
802.76	20.194
805.689	16.2
808.619	12.2058
811.546	16.2116
814.473	16.2172
817.4	6.22274
820.324	14.2282
823.248	12.2335
826.17	6.23866
829.092	24.2438
832.012	10.2487
834.932	2.25363
837.851	22.2584
840.768	10.2631
843.685	12.2677
846.599	6.27211
849.514	12.2765
852.428	14.2807
855.339	12.2849
858.251	6.28894
861.16	2.29288
864.07	10.2967
866.978	12.3005
869.884	-1.69589
872.792	6.30766
875.696	12.3111
878.599	6.31443
881.502	6.31767
884.404	10.3208
887.304	6.32385
890.204	14.3268
893.103	12.3296
896.001	10.3324
898.898	-1.66497
901.794	6.33757
904.689	12.34
907.581	20.3424
910.474	6.34464
913.364	10.3468
916.256	8.34886
919.144	10.3508
922.034	6.3527
924.92	10.3545
927.808	8.35617
930.693	22.3578
933.576	0.359251
936.459	6.36065
939.341	-1.63804
942.222	6.36318
945.102	0.3643
947.981	12.3653
950.859	10.3663
953.737	4.36712
956.613	8.36787
959.488	18.3685
962.361	8.36911
965.235	-1.6304
968.105	-1.63001
970.977	4.37029
973.846	26.3705
976.716	12.3706
979.583	12.3707
982.449	24.3706
985.316	12.3705
988.18	10.3703
991.043	10.3699
993.906	0.369541
996.767	8.36905
999.628	14.3685
1002.49	10.3678
1005.35	4.36707
1008.2	10.3662
1011.06	16.3653
1013.91	12.3643
1016.77	12.3632
1019.62	10.3621
1022.48	24.3608
1025.33	12.3595
1028.18	26.3581
1031.03	16.3566
1033.87	-9.64503
1036.72	22.3533
1039.57	18.3516
1042.41	12.3497
1045.26	14.3478
1048.1	4.34581
1050.94	8.34374
1053.78	14.3416
1056.62	22.3393
1059.46	10.337
1062.3	-1.66536
1065.14	8.33217
1067.97	6.32962
1070.81	8.32699
1073.64	10.3243
1076.47	-1.67851
1079.31	-5.68137
1082.14	10.3157
1084.97	4.31267
1087.8	6.30957
1090.63	-9.6936
1093.45	-5.69685
1096.28	10.2998
1099.1	12.2964
1101.93	26.293
1104.75	12.2894
1107.57	6.28579
1110.39	8.28209
1113.21	12.2783
1116.03	0.274479
1118.85	12.2706
1121.66	2.26657
1124.48	4.26251
1127.3	4.25837
1130.11	14.2542
1132.92	18.2499
1135.73	2.24553
1138.54	16.2411
1141.35	10.2366
1144.16	30.2321
1146.97	4.22742
1149.78	12.2227
1152.58	8.21794
1155.39	6.2131
1158.19	14.2082
1161	-7.7968
1163.8	18.1982
1166.6	6.19304
1169.4	14.1878
1172.2	0.182598
1174.99	6.17727
1177.79	2.17189
1180.59	0.166433
1183.38	8.16091
1186.17	12.1553
1188.97	22.1497
1191.76	-9.85605
1194.55	18.1382
1197.34	2.13231
1200.13	16.1264
1202.92	-1.87958
1205.7	10.1144
1208.49	4.10827
1211.27	8.1021
1214.06	6.09586
1216.84	0.0895635
1219.62	-1.9168
1222.4	14.0768
1225.18	6.07029
1227.96	14.0637
1230.74	0.0571356
1233.51	0.0504658
1236.29	8.04373
1239.06	16.0369
1241.84	4.03009
1244.61	18.0232
1247.38	0.0161992
1250.15	16.0092
1252.92	14.0021
1255.69	13.9949
1258.46	5.98771
1261.23	-4.01956
1263.99	5.97311
1266.76	7.96572
1269.52	5.95828
1272.28	5.95078
1275.05	11.9432
1277.81	-0.064397
1280.57	15.9279
1283.33	7.9202
1286.08	7.91242
1288.84	11.9046
1291.6	1.89667
1294.35	-0.11128
1297.11	9.88072
1299.86	1.87265
1302.61	-6.13547
1305.36	13.8564
1308.11	5.84813
1310.86	7.83985
1313.61	-0.168477
1316.36	-4.17687
1319.1	5.81469
1321.85	7.8062
1324.59	17.7977
1327.33	-6.21094
1330.08	11.7804
1332.82	13.7717
1335.56	19.763
1338.3	17.7541
1341.04	-8.2547
1343.77	-2.26361
1346.51	7.72744
1349.25	15.7184
1351.98	1.70937
1354.71	-10.2997
1357.45	5.69111
1360.18	13.6819
1362.91	9.67265
1365.64	-6.33665
1368.37	3.654
1371.09	3.6446
1373.82	1.63515
1376.54	3.62566
1379.27	11.6161
1381.99	1.60653
1384.72	13.5969
1387.44	5.58721
1390.16	9.57748
1392.88	5.56771
1395.6	1.55788
1398.31	5.54802
1401.03	5.53811
1403.75	9.52815
1406.46	15.5181
1409.18	13.5081
1411.89	9.49801
1414.6	7.48787
1417.31	23.4777
1420.02	-4.53252
1422.73	15.4572
1425.44	9.4469
1428.15	3.43655
1430.85	17.4262
1433.56	5.41572
1436.26	7.40524
1438.97	13.3947
1441.67	5.38416
1444.37	-2.62645
1447.07	13.3629
1449.77	13.3522
1452.47	13.3415
1455.16	7.33073
1457.86	9.31992
1460.56	9.30907
1463.25	5.29818
1465.94	-2.71275
1468.64	5.27628
1471.33	-0.734717
1474.02	5.25423
1476.71	9.24315
1479.4	-6.76797
1482.09	7.22087
1484.77	1.20967
1487.46	5.19844
1490.14	5.18716
1492.83	9.17585
1495.51	3.16451
1498.19	7.15312
1500.87	17.1417
1503.55	1.13025
1506.23	5.11875
1508.91	5.10723
1511.59	1.09566
1514.27	7.08406
1516.94	9.07243
1519.62	17.0608
1522.29	-0.950944
1524.96	9.03732
1527.63	-0.974453
1530.3	9.01374
1532.97	13.0019
1535.64	4.99002
1538.31	2.97812
1540.98	4.96618
1543.64	0.954205
1546.31	14.9422
1548.97	8.93016
1551.63	14.9181
1554.3	12.906
1556.96	-3.10614
1559.62	22.8817
1562.28	8.8695
1564.94	-3.14273
1567.59	10.845
1570.25	6.83272
1572.9	2.8204
1575.56	8.80805
1578.21	-1.20432
1580.86	-5.21674
1583.52	-1.22918
1586.17	2.75836
1588.82	12.7459
1591.47	4.73333
1594.11	6.72078
1596.76	10.7082
1599.41	10.6956
1602.05	2.68295
1604.69	18.6703
1607.34	4.65758
1609.98	4.64486
1612.62	6.63211
1615.26	10.6193
1617.9	12.6065
1620.54	8.5937
1623.18	6.58085
1625.81	2.56796
1628.45	20.5551
1631.08	8.54212
1633.72	-1.47083
1636.35	4.51618
1638.98	0.503175
1641.61	8.49014
1644.24	10.4771
1646.87	10.464
1649.5	10.4509
1652.13	14.4378
1654.75	14.4246
1657.38	12.4114
1660	24.3982
1662.63	8.385
1665.25	8.37175
1667.87	-1.64152
1670.49	4.34518
1673.11	10.3319
1675.73	6.31853
1678.35	10.3052
1680.96	14.2918
1683.58	4.27839
1686.19	8.26497
1688.81	8.25152
1691.42	-1.76195
1694.03	8.22456
1696.64	14.2111
1699.25	6.19753
1701.87	20.184
1704.47	-1.82959
1707.08	4.15683
1709.69	12.1432
1712.29	8.12959
1714.9	2.11594
1717.5	2.10229
1720.1	18.0886
1722.71	0.074896
1725.31	8.06118
1727.91	20.0474
1730.51	6.03369
1733.1	10.0199
1735.7	12.0061
1738.3	-4.00769
1740.89	3.97848
1743.49	1.96464
1746.08	5.95078
1748.67	3.9369
1751.26	13.923
1753.86	-0.0908948
1756.45	17.8952
1759.03	13.8812
1761.62	-0.13272
1764.21	13.8533
1766.8	7.83933
1769.38	19.8253
1771.97	7.8113
1774.55	5.79727
1777.13	9.78323
1779.71	17.7692
1782.29	3.7551
1784.87	-0.258992
1787.45	13.7269
1790.03	11.7128
1792.61	1.69866
1795.18	9.68452
1797.76	7.67036
1800.33	9.65619
1802.9	5.64202
1805.48	5.62782
1808.05	9.61362
1810.62	19.5994
1813.19	5.58517
1815.76	21.5709
1818.33	-8.44333
1820.89	1.54241
1823.46	13.5281
1826.02	9.51385
1828.59	9.49955
1831.15	-2.51475
1833.71	13.4709
1836.27	-0.543401
1838.84	5.44226
1841.39	1.42791
1843.95	-4.58644
1846.51	5.39919
1849.07	13.3848
1851.62	3.37043
1854.18	13.356
1856.73	7.34163
1859.29	1.32722
1861.84	-0.6872
1864.39	11.2984
1866.94	7.28393
1869.49	13.2695
1872.04	3.25503
1874.59	13.2406
1877.13	-0.773896
1879.68	17.2116
1882.22	23.1972
1884.77	-4.81734
1887.31	7.16817
1889.85	5.15366
1892.39	17.1392
1894.93	3.12465
1897.47	9.11012
1900.01	-0.904407
1902.55	1.08106
1905.09	13.0665
1907.62	5.05198
1910.16	21.0374
1912.69	13.0229
1915.22	5.00832
1917.76	4.99377
1920.29	18.9792
1922.82	8.96462
1925.35	12.95
1927.88	8.93546
1930.4	8.92088
1932.93	-1.0937
1935.46	0.891706
1937.98	2.87711
1940.51	-3.13749
1943.03	0.847909
1945.55	-5.16669
1948.07	8.8187
1950.59	2.8041
1953.11	10.7895
1955.63	10.7749
1958.15	-5.23974
1960.67	12.7456
1963.18	12.731
1965.7	2.71641
1968.21	14.7018
1970.73	4.68716
1973.24	2.67253
1975.75	12.6579
1978.26	8.64329
1980.77	-5.37133
1983.28	8.61403
1985.79	6.59941
1988.29	6.58479
1990.8	-3.42985
1993.31	12.5555
1995.81	18.5409
1998.31	0.526285
