100.093	8.32663
103.274	4.40111
106.457	10.4753
109.636	12.549
112.817	16.6223
115.994	34.6952
119.172	2.76783
122.347	10.84
125.521	14.9118
128.696	2.98319
131.868	21.0542
135.039	5.12482
138.209	3.19507
141.379	33.265
144.547	19.3345
147.713	5.40359
150.879	9.47233
154.043	-4.4593
157.206	21.6087
160.368	-6.32368
163.529	11.7436
166.689	15.8105
169.848	1.87697
173.006	13.9431
176.163	0.00891196
179.316	14.0743
182.471	-3.86065
185.625	6.20405
188.777	8.26839
191.927	-7.66768
195.077	-1.60406
198.224	0.459161
201.372	14.5221
204.52	-1.41538
207.664	-3.35322
210.809	6.70862
213.95	4.77008
217.091	2.83118
220.233	-3.10803
223.372	8.95238
226.509	3.01244
229.648	13.0722
232.784	7.13157
235.918	25.1906
239.051	3.24928
242.186	9.30766
245.317	25.3657
248.447	19.4233
251.577	13.4807
254.705	9.53765
257.832	9.59431
260.958	13.6506
264.083	11.7066
267.204	9.76223
270.327	5.81756
273.449	5.87255
276.57	1.92722
279.69	13.9816
282.806	26.0355
285.924	2.08922
289.04	10.1426
292.154	20.1956
295.268	20.2483
298.379	10.3007
301.492	18.3527
304.601	14.4045
307.711	4.4559
310.818	8.50699
313.924	16.5578
317.031	2.60826
320.135	6.6584
323.238	-1.29177
326.34	22.7578
329.443	-1.193
332.543	6.8559
335.642	6.90449
338.74	4.95278
341.836	21.0008
344.932	3.04843
348.027	11.0958
351.12	7.14287
354.213	11.1896
357.302	11.2361
360.393	5.28224
363.482	15.3281
366.57	7.37368
369.656	11.4189
372.742	-4.53609
375.827	13.5086
378.91	9.55295
381.993	5.59705
385.073	7.64083
388.154	9.68435
391.232	3.72755
394.311	15.7705
397.387	17.8131
400.462	13.8554
403.536	11.8975
406.611	7.9393
409.683	9.98078
412.754	8.02199
415.824	8.06291
418.893	20.1036
421.961	12.1439
425.027	-3.81599
428.093	-3.77618
431.158	14.2634
434.222	10.3026
437.284	6.34159
440.346	6.38031
443.407	-1.58125
446.464	12.4569
449.523	4.49479
452.581	26.5324
455.635	-1.43024
458.691	18.6069
461.743	14.6437
464.797	18.6802
467.847	14.7165
470.899	20.7525
473.947	0.788295
476.994	6.82379
480.043	10.859
483.088	12.894
486.133	10.9287
489.176	8.96319
492.22	4.99741
495.262	17.0314
498.302	19.0651
501.341	9.09849
504.38	5.13168
507.417	13.1646
510.453	5.1973
513.487	7.22972
516.521	15.2619
519.554	-6.70615
522.586	3.32555
525.616	11.357
528.646	19.3882
531.675	5.41914
534.701	-0.55016
537.729	-6.51968
540.753	7.51053
543.778	11.5405
546.8	5.57027
549.821	5.59977
552.844	3.62905
555.863	1.65808
558.881	27.6869
561.898	11.7154
564.916	-0.25622
567.932	15.7719
570.946	7.79974
573.959	3.82737
576.971	7.85477
579.982	9.88195
582.993	1.90889
586	7.9356
589.008	1.96209
592.015	17.9884
595.022	12.0144
598.025	-3.95979
601.029	18.0658
604.032	16.0912
607.033	0.116336
610.034	-3.85872
613.032	16.166
616.032	14.1905
619.028	4.21476
622.023	-1.76119
625.018	8.26265
628.013	16.2863
631.005	26.3097
633.997	2.33291
636.987	6.3559
639.977	12.3787
642.965	14.4013
645.952	-7.57638
648.939	-3.55423
651.924	-1.53228
654.909	16.4895
657.892	10.511
660.873	8.53232
663.854	12.5535
666.835	16.5744
669.813	8.59509
672.791	2.61562
675.767	2.63593
678.743	4.65605
681.717	0.67597
684.692	8.6957
687.664	6.71522
690.634	14.7346
693.606	10.7537
696.575	2.77263
699.543	12.7914
702.51	12.8099
705.475	14.8283
708.44	4.84647
711.404	10.8645
714.367	12.8822
717.329	10.8999
720.29	0.917278
723.25	18.9345
726.207	8.95155
729.166	8.96842
732.123	22.9851
735.077	13.0016
738.032	17.0179
740.984	-2.96597
743.938	7.04998
746.888	7.06575
749.839	1.08135
752.788	17.0968
755.735	9.11199
758.682	11.127
761.627	19.1419
764.574	29.1567
767.517	17.1712
770.46	-0.814453
773.402	15.1997
776.342	11.2138
779.282	5.22761
782.219	-6.75872
785.157	15.2548
788.094	11.2681
791.029	5.28131
793.962	9.29431
796.896	7.30716
799.828	13.3198
802.76	13.3323
805.689	5.34469
808.619	11.3569
811.546	5.36891
814.473	13.3808
817.4	11.3925
820.324	25.404
823.248	15.4154
826.17	-4.57336
829.092	15.4377
832.012	17.4486
834.932	13.4594
837.851	15.47
840.768	15.4804
843.685	15.4907
846.599	19.5009
849.514	9.51089
852.428	13.5207
855.339	11.5304
858.251	-0.460022
861.16	13.5494
864.07	9.55863
866.978	15.5677
869.884	13.5767
872.792	11.5855
875.696	15.5942
878.599	23.6027
881.502	7.61108
884.404	7.61932
887.304	15.6274
890.204	27.6354
893.103	5.6432
896.001	11.6509
898.898	13.6584
901.794	19.6658
904.689	17.6731
907.581	13.6802
910.474	17.6872
913.364	19.6941
916.256	11.7008
919.144	19.7074
922.034	9.71388
924.92	3.72022
927.808	27.7264
930.693	-4.26751
933.576	13.7384
936.459	7.74425
939.341	5.74994
942.222	9.7555
945.102	17.7609
947.981	1.76624
950.859	11.7714
953.737	17.7765
956.613	15.7814
959.488	15.7862
962.361	7.79093
965.235	13.7955
968.105	13.7999
970.977	1.80428
973.846	25.8085
976.716	7.81259
979.583	17.8166
982.449	1.82042
985.316	19.8242
988.18	9.8278
991.043	11.8313
993.906	7.83471
996.767	-2.162
999.628	9.84117
1002.49	7.84423
1005.35	13.8472
1008.2	15.85
1011.06	5.85276
1013.91	3.85538
1016.77	19.8579
1019.62	7.86031
1022.48	17.8626
1025.33	-2.1352
1028.18	3.86689
1031.03	13.8689
1033.87	5.87075
1036.72	7.87253
1039.57	-6.12579
1042.41	17.8758
1045.26	25.8773
1048.1	-0.121378
1050.94	15.8799
1053.78	7.88106
1056.62	9.88214
1059.46	9.88311
1062.3	7.88399
1065.14	15.8848
1067.97	17.8855
1070.81	5.88605
1073.64	1.88655
1076.47	15.887
1079.31	-0.112738
1082.14	11.8875
1084.97	15.8876
1087.8	11.8876
1090.63	17.8876
1093.45	7.88744
1096.28	3.88721
1099.1	11.8869
1101.93	17.8865
1104.75	9.88598
1107.57	-0.114608
1110.39	21.8847
1113.21	7.88397
1116.03	21.8831
1118.85	3.88221
1121.66	-4.1188
1124.48	17.8801
1127.3	9.87894
1130.11	1.87769
1132.92	11.8764
1135.73	15.8749
1138.54	13.8735
1141.35	-4.12811
1144.16	5.87024
1146.97	-0.131483
1149.78	9.86672
1152.58	-2.13516
1155.39	-0.137112
1158.19	17.8609
1161	-0.141241
1163.8	-0.143414
1166.6	1.85434
1169.4	21.852
1172.2	-2.15037
1174.99	23.8472
1177.79	7.84463
1180.59	11.842
1183.38	-2.16064
1186.17	-0.163378
1188.97	15.8338
1191.76	7.83094
1194.55	3.828
1197.34	17.825
1200.13	3.82192
1202.92	1.81879
1205.7	1.81559
1208.49	-2.18768
1211.27	15.809
1214.06	5.80561
1216.84	3.80216
1219.62	7.79865
1222.4	-0.204928
1225.18	7.79144
1227.96	9.78775
1230.74	-0.216
1233.51	5.78019
1236.29	9.77633
1239.06	7.77241
1241.84	13.7684
1244.61	3.7644
1247.38	17.7603
1250.15	-4.24383
1252.92	-0.248028
1255.69	13.7477
1258.46	3.74342
1261.23	5.73907
1263.99	5.73466
1266.76	19.7302
1269.52	15.7257
1272.28	-6.27885
1275.05	7.71654
1277.81	7.71189
1280.57	13.7072
1283.33	7.70244
1286.08	1.69764
1288.84	-0.307199
1291.6	11.6879
1294.35	5.68298
1297.11	13.678
1299.86	7.67299
1302.61	5.66792
1305.36	25.6628
1308.11	7.65767
1310.86	-8.34752
1313.61	1.64725
1316.36	-8.35802
1319.1	-0.363328
1321.85	19.6313
1324.59	13.6259
1327.33	5.62051
1330.08	3.61505
1332.82	7.60954
1335.56	7.60401
1338.3	-2.40157
1341.04	7.59283
1343.77	17.5872
1346.51	13.5815
1349.25	9.5758
1351.98	1.57005
1354.71	13.5643
1357.45	5.55847
1360.18	9.55263
1362.91	9.54675
1365.64	7.54085
1368.37	7.53492
1371.09	1.52896
1373.82	13.523
1376.54	17.517
1379.27	23.5109
1381.99	9.50484
1384.72	5.49874
1387.44	1.49262
1390.16	1.48647
1392.88	3.4803
1395.6	13.4741
1398.31	17.4679
1401.03	19.4616
1403.75	3.45536
1406.46	5.44907
1409.18	3.44276
1411.89	17.4364
1414.6	5.43007
1417.31	19.4237
1420.02	5.4173
1422.73	11.4109
1425.44	7.40446
1428.15	7.39801
1430.85	7.39154
1433.56	5.38506
1436.26	1.37856
1438.97	7.37204
1441.67	21.3655
1444.37	3.35896
1447.07	19.3524
1449.77	5.34583
1452.47	7.33924
1455.16	15.3326
1457.86	3.32602
1460.56	-0.680603
1463.25	9.31276
1465.94	15.3061
1468.64	3.29945
1471.33	11.2928
1474.02	9.28611
1476.71	7.27942
1479.4	11.2727
1482.09	19.266
1484.77	15.2593
1487.46	5.2526
1490.14	9.24588
1492.83	3.23915
1495.51	5.23242
1498.19	-6.77432
1500.87	1.21894
1503.55	7.21219
1506.23	9.20544
1508.91	13.1987
1511.59	7.19193
1514.27	9.18518
1516.94	11.1784
1519.62	3.17166
1522.29	7.1649
1524.96	-8.84186
1527.63	-0.848617
1530.3	9.14463
1532.97	5.13787
1535.64	5.13111
1538.31	17.1244
1540.98	9.11761
1543.64	7.11087
1546.31	15.1041
1548.97	17.0974
1551.63	13.0907
1554.3	-0.91607
1556.96	11.0772
1559.62	11.0705
1562.28	-0.936211
1564.94	11.0571
1567.59	7.0504
1570.25	19.0437
1572.9	7.03703
1575.56	29.0304
1578.21	1.02371
1580.86	5.01706
1583.52	-4.98958
1586.17	5.0038
1588.82	-1.00282
1591.47	-5.00942
1594.11	6.98399
1596.76	6.97741
1599.41	12.9708
1602.05	26.9643
1604.69	10.9578
1607.34	8.95124
1609.98	16.9447
1612.62	8.93824
1615.26	-3.06824
1617.9	4.9253
1620.54	8.91886
1623.18	14.9124
1625.81	24.906
1628.45	4.89964
1631.08	10.8933
1633.72	0.886915
1636.35	2.88058
1638.98	16.8743
1641.61	4.86798
1644.24	-5.13829
1646.87	8.85546
1649.5	8.84923
1652.13	2.84302
1654.75	8.83684
1657.38	10.8307
1660	-1.17546
1662.63	16.8184
1665.25	16.8123
1667.87	-1.19372
1670.49	4.80024
1673.11	-3.20578
1675.73	22.7882
1678.35	-5.21772
1680.96	-1.22366
1683.58	2.77044
1686.19	2.76456
1688.81	-11.2413
1691.42	12.7529
1694.03	14.7471
1696.64	8.74133
1699.25	-1.26441
1701.87	8.72989
1704.47	-3.27579
1707.08	2.71857
1709.69	8.71296
1712.29	0.707384
1714.9	8.70184
1717.5	8.69633
1720.1	12.6908
1722.71	20.6854
1725.31	6.67999
1727.91	6.67461
1730.51	14.6693
1733.1	4.66396
1735.7	20.6587
1738.3	6.65344
1740.89	16.6482
1743.49	14.6431
1746.08	8.63795
1748.67	10.6329
1751.26	8.62782
1753.86	14.6228
1756.45	10.6178
1759.03	10.6129
1761.62	2.608
1764.21	-1.39686
1766.8	14.5983
1769.38	2.59356
1771.97	6.58882
1774.55	26.5841
1777.13	-5.42052
1779.71	4.57488
1782.29	6.57032
1784.87	12.5658
1787.45	22.5613
1790.03	22.5569
1792.61	12.5525
1795.18	0.548153
1797.76	14.5439
1800.33	4.5396
1802.9	2.53539
1805.48	16.5312
1808.05	12.5271
1810.62	4.52305
1813.19	12.519
1815.76	10.5151
1818.33	14.5111
1820.89	22.5073
1823.46	12.5034
1826.02	10.4996
1828.59	0.495919
1831.15	14.4922
1833.71	4.48861
1836.27	8.48503
1838.84	10.4815
1841.39	16.478
1843.95	4.47461
1846.51	16.4712
1849.07	6.46792
1851.62	6.46466
1854.18	-5.53855
1856.73	-1.54171
1859.29	6.45518
1861.84	16.4521
1864.39	10.4491
1866.94	-1.5538
1869.49	6.44331
1872.04	24.4405
1874.59	2.43771
1877.13	20.435
1879.68	22.4323
1882.22	10.4297
1884.77	10.4272
1887.31	-1.57529
1889.85	4.42228
1892.39	6.41991
1894.93	14.4176
1897.47	4.41535
1900.01	4.41316
1902.55	-1.58897
1905.09	14.409
1907.62	8.40695
1910.16	6.40501
1912.69	18.4031
1915.22	6.40129
1917.76	4.39953
1920.29	8.39783
1922.82	16.3962
1925.35	-3.60538
1927.88	10.3931
1930.4	8.39166
1932.93	16.3903
1935.46	6.38896
1937.98	2.38771
1940.51	12.3865
1943.03	4.3854
1945.55	6.38434
1948.07	-3.61665
1950.59	10.3824
1953.11	6.38157
1955.63	10.3808
1958.15	12.3801
1960.67	6.37941
1963.18	8.37883
1965.7	20.3783
1968.21	-7.62214
1970.73	8.37748
1973.24	8.37717
1975.75	10.3769
1978.26	6.37676
1980.77	14.3767
1983.28	-7.62336
1985.79	4.37668
1988.29	8.3768
1990.8	4.37698
1993.31	6.37724
1995.81	-7.62243
1998.31	16.378
