100.093	5.84957
103.274	1.94226
106.457	12.0344
109.636	20.1259
112.817	0.21676
115.994	28.307
119.172	2.39667
122.347	0.485682
125.521	20.5741
128.696	2.66195
131.868	2.74915
135.039	4.83575
138.209	12.9218
141.379	17.0072
144.547	17.092
147.713	9.17625
150.879	13.2599
154.043	11.3429
157.206	-10.5746
160.368	-0.492731
163.529	-0.411433
166.689	11.6693
169.848	7.74943
173.006	17.829
176.163	-0.0920051
179.316	1.98637
182.471	16.0642
185.625	6.14152
188.777	2.21825
191.927	26.2944
195.077	20.37
198.224	-1.55503
201.372	4.51946
204.52	20.5934
207.664	14.6667
210.809	0.739581
213.95	8.81182
217.091	-5.11648
220.233	12.9547
223.372	-6.97466
226.509	-0.904586
229.648	7.165
232.784	-4.766
235.918	-2.69753
239.051	3.37041
242.186	17.4379
245.317	15.5048
248.447	7.57111
251.577	13.637
254.705	23.7023
257.832	7.76706
260.958	17.8313
264.083	7.89511
267.204	5.95832
270.327	14.0211
273.449	14.0833
276.57	16.145
279.69	18.2062
282.806	4.26692
285.924	2.32714
289.04	12.3869
292.154	16.446
295.268	10.5048
298.379	-1.43704
301.492	8.6207
304.601	24.6779
307.711	6.73468
310.818	16.7909
313.924	6.84668
317.031	4.90199
320.135	12.9568
323.238	1.01111
326.34	9.06496
329.443	13.1184
332.543	17.1713
335.642	11.2237
338.74	5.27566
341.836	7.32716
344.932	11.3782
348.027	1.42876
351.12	9.47887
354.213	5.52852
357.302	13.5777
360.393	5.62642
363.482	13.6747
366.57	9.72255
369.656	3.76991
372.742	11.8168
375.827	-2.13666
378.91	17.9094
381.993	7.95498
385.073	4.00012
388.154	10.0449
391.232	6.08912
394.311	4.13298
397.387	4.17638
400.462	2.21935
403.536	10.2619
406.611	-5.69596
409.683	16.3457
412.754	12.387
415.824	6.42785
418.893	-3.53172
421.961	6.50829
425.027	22.5479
428.093	12.5871
431.158	6.62584
434.222	-11.3358
437.284	16.7021
440.346	2.73969
443.407	16.7768
446.464	8.81354
449.523	2.84988
452.581	0.885813
455.635	18.9213
458.691	20.9565
461.743	-3.00881
464.797	-2.97445
467.847	11.0595
470.899	13.0931
473.947	-0.87377
476.994	7.15901
480.043	21.1914
483.088	-4.77656
486.133	3.25508
489.176	9.28634
492.22	13.3172
495.262	13.3477
498.302	-2.62212
501.341	3.40764
504.38	19.437
507.417	17.4661
510.453	1.49471
513.487	1.52299
516.521	-0.449082
519.554	-2.42151
522.586	15.6057
525.616	7.63253
528.646	11.659
531.675	9.68517
534.701	7.71095
537.729	5.73639
540.753	5.76146
543.778	1.7862
546.8	15.8106
549.821	-0.16538
552.844	-0.14167
555.863	17.8817
558.881	-0.0953006
561.898	23.9274
564.916	9.94973
567.932	13.9717
570.946	11.9934
573.959	10.0148
576.971	8.03578
579.982	14.0565
582.993	8.07683
586	6.09686
589.008	14.1166
592.015	12.136
595.022	12.155
598.025	2.1738
601.029	-3.80776
604.032	24.2104
607.033	4.22817
610.034	-1.75432
613.032	6.26286
616.032	6.27975
619.028	2.29632
622.023	8.31259
625.018	8.32855
628.013	18.3442
631.005	6.35959
633.997	4.37465
636.987	6.38942
639.977	-3.59611
642.965	20.4181
645.952	0.43196
648.939	-3.55444
651.924	8.45887
654.909	-3.52811
657.892	16.4846
660.873	16.4971
663.854	26.5092
666.835	0.52113
669.813	-7.46727
672.791	2.54406
675.767	10.5551
678.743	10.5659
681.717	10.5764
684.692	14.5866
687.664	14.5966
690.634	14.6063
693.606	8.61572
696.575	4.62488
699.543	8.63378
702.51	10.6424
705.475	22.6508
708.44	10.6589
711.404	0.666756
714.367	18.6744
717.329	2.6817
720.29	10.6888
723.25	8.69564
726.207	8.70222
729.166	-3.29143
732.123	8.71466
735.077	8.72051
738.032	14.7261
740.984	-1.26853
743.938	22.7366
746.888	16.7415
749.839	24.7461
752.788	10.7505
755.735	12.7547
758.682	6.75863
761.627	12.7623
764.574	20.7658
767.517	10.769
770.46	14.7721
773.402	6.77485
776.342	2.77742
779.282	20.7798
782.219	22.7819
785.157	20.7838
788.094	-3.21455
791.029	-7.21309
793.962	2.78815
796.896	36.7892
799.828	18.79
802.76	16.7906
805.689	14.791
808.619	22.7912
811.546	12.7912
814.473	20.7909
817.4	20.7905
820.324	12.7899
823.248	12.789
826.17	10.788
829.092	12.7867
832.012	20.7853
834.932	12.7837
837.851	6.78183
840.768	-1.22019
843.685	6.7776
846.599	18.7752
849.514	10.7726
852.428	10.7698
855.339	24.7668
858.251	18.7637
861.16	14.7604
864.07	8.75683
866.978	18.7531
869.884	-3.25075
872.792	4.74519
875.696	16.741
878.599	12.7365
881.502	12.732
884.404	16.7272
887.304	26.7223
890.204	0.71717
893.103	4.7119
896.001	4.70646
898.898	8.70086
901.794	12.6951
904.689	4.68916
907.581	6.68307
910.474	8.67682
913.364	10.6704
916.256	14.6638
919.144	16.6571
922.034	8.65022
924.92	10.6432
927.808	24.636
930.693	16.6287
933.576	6.62116
936.459	10.6135
939.341	8.60574
942.222	14.5978
945.102	10.5897
947.981	-3.4185
950.859	6.57314
953.737	14.5646
956.613	0.555987
959.488	2.5472
962.361	10.5383
965.235	14.5292
968.105	4.52004
970.977	10.5107
973.846	14.5013
976.716	2.49167
979.583	2.48196
982.449	12.4721
985.316	0.46214
988.18	16.452
991.043	14.4418
993.906	10.4315
996.767	20.421
999.628	14.4104
1002.49	-5.60027
1005.35	12.3889
1008.2	14.378
1011.06	-1.63309
1013.91	10.3557
1016.77	14.3445
1019.62	26.3331
1022.48	20.3216
1025.33	20.3099
1028.18	32.2982
1031.03	14.2864
1033.87	18.2745
1036.72	12.2624
1039.57	6.25027
1042.41	18.238
1045.26	12.2257
1048.1	18.2132
1050.94	24.2007
1053.78	10.1881
1056.62	8.17532
1059.46	24.1625
1062.3	16.1496
1065.14	18.1365
1067.97	16.1234
1070.81	16.1102
1073.64	22.097
1076.47	10.0836
1079.31	14.0701
1082.14	4.05658
1084.97	2.04294
1087.8	16.0292
1090.63	22.0154
1093.45	6.00156
1096.28	17.9876
1099.1	17.9736
1101.93	-0.0405289
1104.75	21.9453
1107.57	7.93103
1110.39	17.9167
1113.21	13.9023
1116.03	1.88781
1118.85	29.8733
1121.66	9.85866
1124.48	-0.156031
1127.3	9.82922
1130.11	1.8144
1132.92	13.7995
1135.73	5.78459
1138.54	11.7696
1141.35	13.7545
1144.16	11.7394
1146.97	15.7242
1149.78	5.70897
1152.58	-6.30632
1155.39	-4.32167
1158.19	17.6629
1161	13.6475
1163.8	5.63196
1166.6	13.6164
1169.4	9.60078
1172.2	11.5851
1174.99	1.56941
1177.79	-2.44634
1180.59	15.5379
1183.38	11.522
1186.17	13.5061
1188.97	1.49021
1191.76	11.4742
1194.55	-14.5418
1197.34	3.44219
1200.13	-0.573891
1202.92	13.41
1205.7	-0.606159
1208.49	7.37765
1211.27	9.36142
1214.06	3.34517
1216.84	-2.67112
1219.62	9.31257
1222.4	5.29622
1225.18	1.27985
1227.96	15.2635
1230.74	19.247
1233.51	-0.769423
1236.29	13.2141
1239.06	5.19761
1241.84	9.18109
1244.61	19.1646
1247.38	13.148
1250.15	-0.868571
1252.92	-0.885167
1255.69	5.09822
1258.46	1.0816
1261.23	1.06496
1263.99	9.04831
1266.76	7.03164
1269.52	15.015
1272.28	20.9983
1275.05	16.9816
1277.81	8.96489
1280.57	0.948184
1283.33	22.9315
1286.08	20.9148
1288.84	6.89803
1291.6	26.8813
1294.35	14.8646
1297.11	-1.15215
1299.86	20.8311
1302.61	18.8144
1305.36	0.797662
1308.11	0.780934
1310.86	-5.23578
1313.61	0.747511
1316.36	6.73079
1319.1	12.7141
1321.85	8.69741
1324.59	6.68073
1327.33	2.66405
1330.08	18.6474
1332.82	16.6307
1335.56	14.6141
1338.3	18.5975
1341.04	2.58088
1343.77	6.56428
1346.51	4.54771
1349.25	6.53115
1351.98	10.5146
1354.71	12.4981
1357.45	-7.5184
1360.18	4.46512
1362.91	2.44866
1365.64	16.4322
1368.37	8.41583
1371.09	14.3994
1373.82	14.3831
1376.54	6.36678
1379.27	24.3505
1381.99	10.3342
1384.72	4.31797
1387.44	-3.69823
1390.16	2.28559
1392.88	8.26945
1395.6	20.2533
1398.31	4.23727
1401.03	-1.77876
1403.75	2.20524
1406.46	20.1893
1409.18	6.17335
1411.89	8.15746
1414.6	8.14162
1417.31	12.1258
1420.02	0.110066
1422.73	18.0943
1425.44	16.0787
1428.15	2.06305
1430.85	0.0474663
1433.56	6.03194
1436.26	10.0164
1438.97	10.001
1441.67	-10.0144
1444.37	1.97029
1447.07	3.95501
1449.77	11.9398
1452.47	15.9246
1455.16	5.90947
1457.86	9.89439
1460.56	1.87937
1463.25	-2.13559
1465.94	27.8495
1468.64	19.8347
1471.33	11.8199
1474.02	1.80516
1476.71	17.7905
1479.4	3.7759
1482.09	29.7614
1484.77	-6.25311
1487.46	15.7325
1490.14	13.7181
1492.83	7.70386
1495.51	5.68965
1498.19	15.6755
1500.87	13.6614
1503.55	-12.3526
1506.23	11.6335
1508.91	15.6196
1511.59	13.6058
1514.27	17.5921
1516.94	27.5785
1519.62	7.56492
1522.29	5.55143
1524.96	9.53801
1527.63	-4.47532
1530.3	-2.48858
1532.97	15.4982
1535.64	15.4851
1538.31	-0.527891
1540.98	5.45918
1543.64	11.4463
1546.31	9.43355
1548.97	17.4209
1551.63	3.40825
1554.3	11.3957
1556.96	19.3833
1559.62	11.371
1562.28	-0.641305
1564.94	13.3465
1567.59	-0.665552
1570.25	15.3225
1572.9	19.3106
1575.56	11.2988
1578.21	1.28705
1580.86	7.27542
1583.52	3.2639
1586.17	17.2525
1588.82	17.2411
1591.47	19.2299
1594.11	11.2188
1596.76	-0.792277
1599.41	15.1968
1602.05	9.18594
1604.69	-2.8248
1607.34	13.1646
1609.98	7.15403
1612.62	5.14359
1615.26	11.1333
1617.9	5.12304
1620.54	11.1129
1623.18	1.10291
1625.81	19.093
1628.45	5.0832
1631.08	1.07351
1633.72	3.06393
1636.35	23.0545
1638.98	19.0451
1641.61	3.03585
1644.24	3.02672
1646.87	7.01769
1649.5	9.00878
1652.13	11
1654.75	-1.00869
1657.38	8.98275
1660	4.9743
1662.63	20.966
1665.25	12.9578
1667.87	6.94967
1670.49	24.9417
1673.11	10.9338
1675.73	14.9261
1678.35	20.9185
1680.96	2.91102
1683.58	-17.0963
1686.19	14.8964
1688.81	-3.11069
1691.42	16.8823
1694.03	28.8755
1696.64	10.8687
1699.25	18.8621
1701.87	12.8556
1704.47	-1.1507
1707.08	-17.1569
1709.69	8.83699
1712.29	2.83104
1714.9	4.82521
1717.5	4.81952
1720.1	20.814
1722.71	20.8085
1725.31	8.80325
1727.91	0.798098
1730.51	20.7931
1733.1	14.7882
1735.7	8.78346
1738.3	12.7789
1740.89	12.7744
1743.49	22.7701
1746.08	30.7659
1748.67	2.76184
1751.26	0.757937
1753.86	6.75418
1756.45	6.75056
1759.03	20.7471
1761.62	14.7438
1764.21	14.7406
1766.8	-3.26246
1769.38	24.7347
1771.97	16.7319
1774.55	10.7293
1777.13	6.72687
1779.71	10.7246
1782.29	8.72242
1784.87	18.7204
1787.45	16.7186
1790.03	12.7169
1792.61	10.7153
1795.18	8.71396
1797.76	14.7127
1800.33	24.7116
1802.9	10.7107
1805.48	8.70996
1808.05	20.7093
1810.62	4.70889
1813.19	16.7086
1815.76	18.7085
1818.33	6.70848
1820.89	6.70866
1823.46	16.709
1826.02	2.7095
1828.59	-1.28984
1831.15	18.711
1833.71	4.71198
1836.27	4.71313
1838.84	20.7144
1841.39	18.7159
1843.95	16.7176
1846.51	22.7194
1849.07	6.72136
1851.62	16.7235
1854.18	12.7258
1856.73	22.7283
1859.29	0.730959
1861.84	22.7338
1864.39	24.7368
1866.94	18.7399
1869.49	28.7433
1872.04	2.74678
1874.59	30.7505
1877.13	10.7543
1879.68	20.7583
1882.22	10.7625
1884.77	14.7669
1887.31	20.7715
1889.85	-1.2238
1892.39	8.78111
1894.93	12.7862
1897.47	2.79145
1900.01	20.7969
1902.55	22.8025
1905.09	14.8083
1907.62	6.8143
1910.16	18.8205
1912.69	22.8268
1915.22	8.83333
1917.76	22.84
1920.29	0.84693
1922.82	16.854
1925.35	16.8613
1927.88	6.86872
1930.4	24.8763
1932.93	8.88417
1935.46	12.8922
1937.98	14.9004
1940.51	12.9087
1943.03	10.9173
1945.55	10.9261
1948.07	22.935
1950.59	22.9442
1953.11	34.9535
1955.63	4.96302
1958.15	10.9727
1960.67	12.9826
1963.18	-5.00726
1965.7	-8.99697
1968.21	21.0135
1970.73	3.02421
1973.24	23.0351
1975.75	17.0462
1978.26	19.0574
1980.77	11.0689
1983.28	25.0806
1985.79	-6.90757
1988.29	17.1045
1990.8	15.1168
1993.31	9.12922
1995.81	3.14188
1998.31	17.1547
