100.093	13.2059
103.274	29.2936
106.457	21.3807
109.636	27.467
112.817	17.5528
115.994	21.6378
119.172	-4.27781
122.347	9.80588
125.521	37.8889
128.696	7.97135
131.868	4.05308
135.039	4.13416
138.209	10.2146
141.379	8.29443
144.547	6.37358
147.713	10.4521
150.879	8.52995
154.043	24.6072
157.206	14.6838
160.368	2.75977
163.529	16.8351
166.689	20.9099
169.848	14.984
173.006	35.0574
176.163	19.1303
179.316	7.20254
182.471	5.27419
185.625	-4.65477
188.777	9.41567
191.927	19.4855
195.077	9.5547
198.224	19.6233
201.372	7.69134
204.52	13.7588
207.664	9.82562
210.809	23.8919
213.95	19.9575
217.091	18.0226
220.233	18.0871
223.372	2.15106
226.509	18.2144
229.648	2.27721
232.784	12.3394
235.918	8.40105
239.051	10.4621
242.186	24.5227
245.317	0.582618
248.447	6.64201
251.577	12.7009
254.705	14.7591
257.832	8.81689
260.958	14.8741
264.083	24.9307
267.204	2.98681
270.327	-4.95762
273.449	9.09742
276.57	9.15192
279.69	31.2059
282.806	11.2593
285.924	7.31222
289.04	11.3646
292.154	11.4164
295.268	25.4678
298.379	7.5186
301.492	27.5689
304.601	5.6187
307.711	7.668
310.818	-2.28324
313.924	5.76502
317.031	7.81281
320.135	15.8601
323.238	7.90682
326.34	-0.0469148
329.443	13.9989
332.543	10.0442
335.642	8.08897
338.74	10.1333
341.836	10.1771
344.932	10.2205
348.027	10.2633
351.12	8.30572
354.213	14.3476
357.302	4.38906
360.393	6.43004
363.482	0.470557
366.57	-9.48939
369.656	16.5502
372.742	6.5893
375.827	0.627978
378.91	10.6662
381.993	10.7039
385.073	10.7412
388.154	16.7781
391.232	16.8145
394.311	-3.14952
397.387	6.886
400.462	-15.0789
403.536	24.9557
406.611	4.98996
409.683	-4.97627
412.754	13.0571
415.824	21.09
418.893	11.1225
421.961	7.15458
425.027	15.1862
428.093	13.2175
431.158	3.24829
434.222	9.2787
437.284	7.3087
440.346	19.3383
443.407	13.3675
446.464	19.3962
449.523	1.42461
452.581	13.4526
455.635	11.4801
458.691	11.5073
461.743	-0.465901
464.797	5.5605
467.847	9.58649
470.899	21.6121
473.947	19.6373
476.994	11.6622
480.043	13.6866
483.088	1.71073
486.133	13.7344
489.176	15.7578
492.22	-0.219254
495.262	-4.19666
498.302	9.82556
501.341	11.8474
504.38	17.8689
507.417	15.8901
510.453	17.9108
513.487	1.93124
516.521	-6.04869
519.554	11.971
522.586	11.9904
525.616	0.00940007
528.646	2.02807
531.675	14.0464
534.701	2.06438
537.729	0.0820255
540.753	2.09932
543.778	8.1163
546.8	24.1329
549.821	2.14923
552.844	2.16521
555.863	-3.81914
558.881	8.19618
561.898	4.21118
564.916	18.2259
567.932	2.24023
570.946	4.25427
573.959	12.268
576.971	2.28141
579.982	6.29452
582.993	-5.69268
586	6.3198
589.008	14.332
592.015	18.3439
595.022	8.35546
598.025	-1.63326
601.029	8.37773
604.032	0.388426
607.033	8.39882
610.034	6.40894
613.032	-5.58124
616.032	28.4283
619.028	4.43755
622.023	24.4465
625.018	10.4552
628.013	10.4636
631.005	0.471763
633.997	4.47962
636.987	12.4872
639.977	8.49453
642.965	0.501585
645.952	18.5084
648.939	12.5149
651.924	4.52115
654.909	0.52715
657.892	22.5329
660.873	26.5384
663.854	6.5436
666.835	16.5486
669.813	6.5533
672.791	-1.44222
675.767	0.562007
678.743	2.56599
681.717	10.5697
684.692	2.57324
687.664	24.5765
690.634	2.57952
693.606	12.5823
696.575	4.58487
699.543	0.587194
702.51	12.5893
705.475	10.5912
708.44	4.5928
711.404	18.5942
714.367	20.5954
717.329	16.5964
720.29	6.59715
723.25	24.5977
726.207	12.598
729.166	22.5981
732.123	-3.40197
735.077	10.5977
738.032	18.5972
740.984	14.5965
743.938	22.5956
746.888	18.5944
749.839	8.59313
752.788	24.5916
755.735	4.58989
758.682	2.58798
761.627	14.5859
764.574	6.58358
767.517	-5.4189
770.46	10.5784
773.402	14.5756
776.342	6.57254
779.282	10.5693
782.219	2.56592
785.157	24.5623
788.094	6.55859
791.029	10.5547
793.962	16.5506
796.896	6.5463
799.828	2.54186
802.76	18.5373
805.689	8.53248
808.619	22.5275
811.546	8.52245
814.473	4.51719
817.4	16.5118
820.324	12.5062
823.248	8.50048
826.17	12.4946
829.092	8.48857
832.012	6.48238
834.932	24.4761
837.851	30.4696
840.768	12.463
843.685	8.4562
846.599	26.4493
849.514	-5.55775
852.428	20.4351
855.339	20.4278
858.251	8.4203
861.16	6.41272
864.07	10.405
866.978	16.3972
869.884	14.3892
872.792	4.3811
875.696	18.3729
878.599	30.3645
881.502	0.35608
884.404	6.3475
887.304	6.3388
890.204	22.33
893.103	10.3211
896.001	10.312
898.898	12.3029
901.794	12.2936
904.689	12.2842
907.581	0.274766
910.474	20.2652
913.364	24.2555
916.256	2.24573
919.144	14.2359
922.034	10.2259
924.92	20.2158
927.808	6.20563
930.693	4.19537
933.576	8.18503
936.459	-1.82541
939.341	10.1641
942.222	6.15345
945.102	2.14275
947.981	6.13197
950.859	16.1211
953.737	4.11016
956.613	10.0991
959.488	8.08804
962.361	-1.92312
965.235	6.06563
968.105	18.0543
970.977	26.0429
973.846	10.0315
976.716	20.0199
979.583	14.0084
982.449	7.99671
985.316	7.98499
988.18	17.9732
991.043	3.96139
993.906	21.9495
996.767	11.9375
999.628	7.92554
1002.49	-2.08651
1005.35	13.9014
1008.2	-6.11078
1011.06	13.877
1013.91	1.86476
1016.77	11.8525
1019.62	17.8401
1022.48	13.8277
1025.33	19.8153
1028.18	5.80284
1031.03	-0.20966
1033.87	7.7778
1036.72	-0.234778
1039.57	19.7526
1042.41	15.74
1045.26	9.72731
1048.1	17.7146
1050.94	1.70188
1053.78	17.6891
1056.62	11.6763
1059.46	13.6635
1062.3	17.6507
1065.14	1.63789
1067.97	13.625
1070.81	21.6122
1073.64	-0.400745
1076.47	13.5864
1079.31	11.5734
1082.14	1.5605
1084.97	21.5476
1087.8	15.5346
1090.63	3.52165
1093.45	13.5087
1096.28	13.4957
1099.1	13.4828
1101.93	7.46978
1104.75	11.4568
1107.57	9.44384
1110.39	15.4309
1113.21	7.41792
1116.03	17.405
1118.85	7.39201
1121.66	-0.620921
1124.48	13.3661
1127.3	5.35323
1130.11	5.34032
1132.92	3.32744
1135.73	5.31456
1138.54	11.3017
1141.35	19.2889
1144.16	-0.723958
1146.97	13.2632
1149.78	5.25047
1152.58	7.23773
1155.39	-4.775
1158.19	1.2123
1161	-8.80038
1163.8	-2.81301
1166.6	3.17437
1169.4	-0.838209
1172.2	7.14925
1174.99	-2.86326
1177.79	27.1243
1180.59	5.11183
1183.38	3.09943
1186.17	21.0871
1188.97	5.07476
1191.76	3.06248
1194.55	3.05025
1197.34	5.03807
1200.13	15.0259
1202.92	27.0138
1205.7	11.0018
1208.49	4.98982
1211.27	6.97788
1214.06	8.96601
1216.84	8.95418
1219.62	-5.05759
1222.4	16.9307
1225.18	4.91904
1227.96	2.90745
1230.74	2.89591
1233.51	0.884436
1236.29	10.873
1239.06	6.86169
1241.84	2.85041
1244.61	6.8392
1247.38	12.8281
1250.15	14.817
1252.92	-11.194
1255.69	16.7951
1258.46	8.78423
1261.23	0.773449
1263.99	-1.23725
1266.76	8.75213
1269.52	20.7416
1272.28	-1.26887
1275.05	2.72075
1277.81	-1.28955
1280.57	12.7002
1283.33	14.6901
1286.08	10.6801
1288.84	0.670116
1291.6	22.6603
1294.35	2.65048
1297.11	0.640799
1299.86	12.6312
1302.61	24.6217
1305.36	6.61231
1308.11	24.603
1310.86	4.5938
1313.61	10.5847
1316.36	-5.42432
1319.1	-5.43322
1321.85	6.55797
1324.59	6.54927
1327.33	12.5407
1330.08	4.53219
1332.82	22.5238
1335.56	14.5155
1338.3	18.5074
1341.04	-5.50069
1343.77	2.49136
1346.51	2.48354
1349.25	8.47582
1351.98	8.46822
1354.71	6.46074
1357.45	6.45337
1360.18	-3.55387
1362.91	8.439
1365.64	2.43199
1368.37	8.42511
1371.09	6.41835
1373.82	14.4117
1376.54	4.40521
1379.27	12.3988
1381.99	22.3926
1384.72	4.38645
1387.44	16.3805
1390.16	10.3746
1392.88	18.3689
1395.6	6.36327
1398.31	20.3578
1401.03	20.3525
1403.75	18.3473
1406.46	0.342241
1409.18	-1.66267
1411.89	18.3326
1414.6	0.327934
1417.31	14.3235
1420.02	14.3191
1422.73	2.31491
1425.44	24.3109
1428.15	-1.69304
1430.85	6.3032
1433.56	2.2996
1436.26	2.29614
1438.97	14.2928
1441.67	0.289688
1444.37	4.28669
1447.07	18.2838
1449.77	10.2812
1452.47	8.27863
1455.16	-3.72374
1457.86	18.274
1460.56	8.27199
1463.25	6.2701
1465.94	0.268373
1468.64	2.26681
1471.33	6.26541
1474.02	14.2642
1476.71	6.2631
1479.4	-5.7378
1482.09	18.2615
1484.77	-5.7391
1487.46	4.26051
1490.14	2.26028
1492.83	-9.73976
1495.51	4.26036
1498.19	12.2607
1500.87	6.26114
1503.55	20.2618
1506.23	6.26262
1508.91	2.26363
1511.59	0.264819
1514.27	4.26619
1516.94	0.267741
1519.62	4.26948
1522.29	4.2714
1524.96	12.2735
1527.63	6.27579
1530.3	4.27827
1532.97	16.2809
1535.64	8.28379
1538.31	4.28683
1540.98	-13.7099
1543.64	2.2935
1546.31	16.2971
1548.97	-1.69907
1551.63	10.3049
1554.3	2.30915
1556.96	12.3135
1559.62	16.3181
1562.28	14.3229
1564.94	14.3279
1567.59	8.33315
1570.25	2.33855
1572.9	6.34415
1575.56	4.34996
1578.21	2.35597
1580.86	14.3622
1583.52	10.3686
1586.17	4.37525
1588.82	14.3821
1591.47	14.3891
1594.11	6.3964
1596.76	16.4039
1599.41	2.41156
1602.05	10.4195
1604.69	14.4276
1607.34	8.4359
1609.98	6.44444
1612.62	14.4532
1615.26	6.46218
1617.9	6.47138
1620.54	10.4808
1623.18	0.49043
1625.81	0.500294
1628.45	10.5104
1631.08	-1.47932
1633.72	26.5312
1636.35	0.541959
1638.98	10.5529
1641.61	16.5641
1644.24	8.57558
1646.87	8.58725
1649.5	8.59915
1652.13	6.61127
1654.75	14.6236
1657.38	12.6362
1660	-3.35096
1662.63	12.6621
1665.25	10.6754
1667.87	-5.31108
1670.49	2.70268
1673.11	4.71668
1675.73	4.73093
1678.35	0.745407
1680.96	16.7601
1683.58	-3.22492
1686.19	0.790292
1688.81	16.8057
1691.42	2.82143
1694.03	10.8374
1696.64	4.85355
1699.25	4.86997
1701.87	-3.11334
1704.47	12.9036
1707.08	-9.07925
1709.69	14.9382
1712.29	8.95585
1714.9	-11.0262
1717.5	18.9919
1720.1	5.01038
1722.71	3.02906
1725.31	3.048
1727.91	23.0672
1730.51	23.0866
1733.1	15.1063
1735.7	-4.87367
1738.3	13.1466
1740.89	1.16703
1743.49	3.18778
1746.08	9.20879
1748.67	15.2301
1751.26	5.25158
1753.86	23.2734
1756.45	17.2955
1759.03	-0.682227
1761.62	19.3404
1764.21	7.36323
1766.8	-0.613645
1769.38	11.4097
1771.97	15.4334
1774.55	5.45737
1777.13	7.48158
1779.71	13.5061
1782.29	13.5308
1784.87	19.5558
1787.45	-2.41886
1790.03	7.6067
1792.61	7.63256
1795.18	-4.34132
1797.76	9.6851
1800.33	5.71178
1802.9	9.73874
1805.48	9.76598
1808.05	19.7935
1810.62	7.82131
1813.19	11.8494
1815.76	5.87777
1818.33	13.9064
1820.89	5.93538
1823.46	11.9646
1826.02	7.99411
1828.59	36.0239
1831.15	12.054
1833.71	22.0844
1836.27	14.115
1838.84	2.14596
1841.39	12.1772
1843.95	22.2087
1846.51	0.240554
1849.07	8.27265
1851.62	2.30507
1854.18	16.3378
1856.73	2.37076
1859.29	2.40407
1861.84	10.4376
1864.39	20.4715
1866.94	20.5057
1869.49	10.5402
1872.04	18.575
1874.59	8.61006
1877.13	22.6454
1879.68	4.68111
1882.22	20.7171
1884.77	14.7534
1887.31	6.78997
1889.85	10.8269
1892.39	6.86407
1894.93	14.9016
1897.47	12.9394
1900.01	-5.0225
1902.55	7.01593
1905.09	9.05466
1907.62	17.0937
1910.16	1.13303
1912.69	3.1727
1915.22	19.2127
1917.76	5.25295
1920.29	23.2936
1922.82	3.33446
1925.35	23.3757
1927.88	5.41723
1930.4	3.45908
1932.93	7.50125
1935.46	15.5437
1937.98	13.5865
1940.51	17.6297
1943.03	27.6731
1945.55	9.71684
1948.07	13.7609
1950.59	25.8053
1953.11	31.85
1955.63	21.8951
1958.15	-0.0595659
1960.67	11.9861
1963.18	16.0321
1965.7	18.0785
1968.21	22.1251
1970.73	22.1721
1973.24	10.2194
1975.75	2.26704
1978.26	18.315
1980.77	10.3633
1983.28	16.4119
1985.79	-9.53913
1988.29	22.5101
1990.8	18.5598
1993.31	4.60972
1995.81	22.66
1998.31	14.7106
