100.093	6.93464
103.274	9.10222
106.457	-0.731229
109.636	7.43408
112.817	19.5984
115.994	15.7614
119.172	-4.07653
122.347	8.08429
125.521	0.243999
128.696	10.4027
131.868	2.5602
135.039	-3.2834
138.209	2.8719
141.379	5.02621
144.547	15.1793
147.713	1.33137
150.879	-10.5177
154.043	5.63221
157.206	7.78102
160.368	3.92876
163.529	2.07544
166.689	-7.77894
169.848	6.36562
173.006	-1.49086
176.163	4.6516
179.316	0.792927
182.471	-1.06669
185.625	3.07266
188.777	15.211
191.927	3.34816
195.077	13.4844
198.224	7.61958
201.372	11.7538
204.52	3.88702
207.664	10.0191
210.809	16.1503
213.95	10.2805
217.091	12.4096
220.233	10.5378
223.372	10.6649
226.509	22.7911
229.648	8.91634
232.784	19.0405
235.918	13.1638
239.051	11.286
242.186	9.4074
245.317	11.5277
248.447	13.6471
251.577	5.76552
254.705	1.88299
257.832	23.9995
260.958	6.11509
264.083	12.2297
267.204	2.34337
270.327	6.45615
273.449	12.568
276.57	10.6789
279.69	8.78893
282.806	18.898
285.924	23.0061
289.04	7.1134
292.154	15.2197
295.268	3.32516
298.379	9.42966
301.492	15.5333
304.601	5.63605
307.711	15.738
310.818	25.8389
313.924	15.939
317.031	12.0382
320.135	0.136556
323.238	4.23401
326.34	10.3306
329.443	12.4264
332.543	8.52128
335.642	12.6153
338.74	8.70848
341.836	34.8008
344.932	16.8923
348.027	18.983
351.12	11.0728
354.213	9.16175
357.302	1.24985
360.393	11.3372
363.482	1.42369
366.57	9.50939
369.656	3.59421
372.742	9.67828
375.827	9.76155
378.91	11.844
381.993	11.9256
385.073	0.00643227
388.154	2.08651
391.232	16.1657
394.311	14.2442
397.387	6.32191
400.462	8.3988
403.536	14.4749
406.611	18.5503
409.683	2.62489
412.754	-3.30129
415.824	22.7718
418.893	18.8441
421.961	-3.0844
425.027	8.98639
428.093	3.05644
431.158	-2.87425
434.222	19.1943
437.284	11.2621
440.346	23.3292
443.407	-4.6044
446.464	-6.53881
449.523	9.52611
452.581	-0.409695
455.635	21.6537
458.691	1.71651
461.743	7.77853
464.797	13.8399
467.847	21.9005
470.899	15.9604
473.947	12.0197
476.994	14.0782
480.043	10.1361
483.088	12.1932
486.133	4.24966
489.176	16.3055
492.22	8.3606
495.262	6.41504
498.302	-9.53119
501.341	2.52191
504.38	16.5744
507.417	0.626138
510.453	4.67726
513.487	18.7277
516.521	12.7775
519.554	-3.17329
522.586	22.8752
525.616	4.9231
528.646	14.9704
531.675	21.017
534.701	-0.937049
537.729	7.10832
540.753	7.15303
543.778	9.19716
546.8	15.2406
549.821	-0.716502
552.844	15.3258
555.863	7.36742
558.881	15.4085
561.898	7.4489
564.916	17.4888
567.932	3.52802
570.946	1.56667
573.959	3.60474
576.971	5.64222
579.982	13.6791
582.993	13.7154
586	17.7512
589.008	15.7863
592.015	5.82093
595.022	17.855
598.025	15.8884
601.029	17.9213
604.032	5.95367
607.033	29.9854
610.034	4.01669
613.032	-13.9526
616.032	12.0775
619.028	10.1071
622.023	10.1362
625.018	12.1647
628.013	-3.80732
631.005	18.2201
633.997	2.24705
636.987	10.2735
639.977	-5.70067
642.965	14.3247
645.952	10.3495
648.939	16.3739
651.924	14.3977
654.909	2.42103
657.892	6.44385
660.873	8.46615
663.854	-5.51203
666.835	18.5093
669.813	2.53012
672.791	14.5505
675.767	10.5703
678.743	8.5897
681.717	18.6086
684.692	14.627
687.664	0.644952
690.634	18.6624
693.606	20.6794
696.575	-1.30403
699.543	24.712
702.51	26.7277
705.475	4.74282
708.44	14.7575
711.404	18.7718
714.367	20.7856
717.329	12.799
720.29	8.81189
723.25	28.8244
726.207	-1.16359
729.166	10.848
732.123	0.859216
735.077	26.87
738.032	4.8803
740.984	2.89021
743.938	10.8997
746.888	18.9088
749.839	22.9174
752.788	8.92568
755.735	8.93353
758.682	-3.05904
761.627	12.948
764.574	18.9546
767.517	8.96087
770.46	22.9667
773.402	26.9722
776.342	12.9772
779.282	8.98192
782.219	12.9862
785.157	18.9901
788.094	22.9937
791.029	26.9968
793.962	20.9996
796.896	9.00205
799.828	5.00411
802.76	17.0058
805.689	13.0071
808.619	29.0081
811.546	13.0087
814.473	9.009
817.4	15.0089
820.324	15.0085
823.248	11.0077
826.17	11.0066
829.092	19.0051
832.012	7.00335
834.932	13.0012
837.851	8.99877
840.768	12.996
843.685	36.9929
846.599	12.9894
849.514	4.98568
852.428	14.9816
855.339	24.9772
858.251	14.9725
861.16	16.9675
864.07	14.9622
866.978	18.9566
869.884	22.9506
872.792	6.9444
875.696	32.9379
878.599	24.9311
881.502	2.92395
884.404	28.9165
887.304	16.9089
890.204	12.9009
893.103	18.8926
896.001	2.8841
898.898	8.87529
901.794	6.86621
904.689	16.8569
907.581	-1.15277
910.474	14.8373
913.364	0.827192
916.256	10.8168
919.144	0.806102
922.034	-3.20483
924.92	10.784
927.808	10.7725
930.693	8.76086
933.576	6.74893
936.459	20.7368
939.341	14.7243
942.222	2.71169
945.102	16.6988
947.981	6.68567
950.859	-5.32769
953.737	18.6587
956.613	10.6449
959.488	-5.36913
962.361	20.6166
965.235	2.60214
968.105	18.5875
970.977	0.572536
973.846	24.5574
976.716	4.54208
979.583	2.52655
982.449	10.5108
985.316	16.4949
988.18	18.4787
991.043	12.4624
993.906	18.4458
996.767	20.4291
999.628	18.4122
1002.49	0.395073
1005.35	6.37778
1008.2	8.3603
1011.06	-3.65735
1013.91	16.3248
1016.77	20.3068
1019.62	14.2886
1022.48	-1.72976
1025.33	16.2517
1028.18	14.233
1031.03	8.21416
1033.87	-5.80486
1036.72	18.176
1039.57	14.1566
1042.41	-3.86288
1045.26	6.11747
1048.1	14.0977
1050.94	6.07773
1053.78	16.0576
1056.62	22.0374
1059.46	8.01701
1062.3	19.9965
1065.14	17.9758
1067.97	15.9551
1070.81	-0.0658631
1073.64	21.9131
1076.47	17.8919
1079.31	17.8706
1082.14	17.8492
1084.97	15.8276
1087.8	3.80594
1090.63	7.78415
1093.45	15.7623
1096.28	5.74024
1099.1	15.7181
1101.93	9.69588
1104.75	3.67354
1107.57	3.6511
1110.39	5.62855
1113.21	11.6059
1116.03	21.5832
1118.85	19.5603
1121.66	5.53742
1124.48	21.5144
1127.3	19.4913
1130.11	5.46809
1132.92	9.44482
1135.73	21.4215
1138.54	15.398
1141.35	1.37452
1144.16	5.35092
1146.97	19.3273
1149.78	7.30352
1152.58	17.2797
1155.39	23.2559
1158.19	15.2319
1161	3.20792
1163.8	3.18387
1166.6	13.1598
1169.4	-6.86443
1172.2	5.11135
1174.99	9.08707
1177.79	13.0627
1180.59	1.03837
1183.38	3.01395
1186.17	4.98947
1188.97	-1.03503
1191.76	8.94042
1194.55	10.9158
1197.34	6.89121
1200.13	8.86656
1202.92	0.841867
1205.7	8.81717
1208.49	6.79242
1211.27	8.76764
1214.06	12.7429
1216.84	6.71804
1219.62	-3.30678
1222.4	6.66836
1225.18	6.6435
1227.96	2.61863
1230.74	0.593725
1233.51	12.5688
1236.29	18.5439
1239.06	-1.48098
1241.84	28.4941
1244.61	6.46919
1247.38	6.44427
1250.15	6.41937
1252.92	10.3945
1255.69	-5.63045
1258.46	10.3447
1261.23	0.319785
1263.99	10.2949
1266.76	10.2701
1269.52	14.2452
1272.28	10.2204
1275.05	12.1956
1277.81	10.1708
1280.57	20.1461
1283.33	4.12135
1286.08	-5.90334
1288.84	18.072
1291.6	12.0473
1294.35	24.0227
1297.11	-10.0018
1299.86	7.97365
1302.61	15.9492
1305.36	7.92471
1308.11	-0.0997007
1310.86	13.8759
1313.61	5.85164
1316.36	1.82736
1319.1	3.80315
1321.85	11.779
1324.59	-4.24511
1327.33	11.7308
1330.08	5.70684
1332.82	-0.317089
1335.56	7.65904
1338.3	13.6352
1341.04	5.6115
1343.77	11.5878
1346.51	1.56422
1349.25	19.5407
1351.98	7.51723
1354.71	5.49383
1357.45	5.47053
1360.18	11.4473
1362.91	7.42414
1365.64	15.4011
1368.37	13.3781
1371.09	1.35518
1373.82	9.33237
1376.54	15.3097
1379.27	19.287
1381.99	11.2645
1384.72	13.242
1387.44	1.21969
1390.16	1.19743
1392.88	5.17529
1395.6	13.1532
1398.31	7.13129
1401.03	1.10945
1403.75	3.08771
1406.46	1.06607
1409.18	11.0446
1411.89	3.02316
1414.6	13.0019
1417.31	12.9807
1420.02	10.9596
1422.73	2.9387
1425.44	14.9179
1428.15	-1.10281
1430.85	2.87661
1433.56	4.85617
1436.26	6.83584
1438.97	6.81565
1441.67	8.7956
1444.37	10.7757
1447.07	6.75588
1449.77	8.73623
1452.47	6.71671
1455.16	14.6973
1457.86	22.6781
1460.56	-1.34101
1463.25	14.64
1465.94	18.6212
1468.64	20.6026
1471.33	10.5841
1474.02	8.5657
1476.71	-1.4525
1479.4	12.5294
1482.09	-1.48846
1484.77	10.4938
1487.46	6.47623
1490.14	10.4588
1492.83	4.44155
1495.51	14.4245
1498.19	6.40753
1500.87	4.39077
1503.55	-1.62582
1506.23	-7.64225
1508.91	4.34151
1511.59	16.3254
1514.27	2.30953
1516.94	4.29381
1519.62	14.2783
1522.29	12.2629
1524.96	0.24771
1527.63	12.2327
1530.3	14.2179
1532.97	8.20326
1535.64	0.188816
1538.31	14.1746
1540.98	14.1605
1543.64	6.14663
1546.31	12.133
1548.97	20.1195
1551.63	-3.89381
1554.3	-7.9069
1556.96	14.0802
1559.62	6.06754
1562.28	20.0551
1564.94	18.0428
1567.59	14.0307
1570.25	20.0189
1572.9	2.0072
1575.56	23.9958
1578.21	1.98453
1580.86	-0.0264873
1583.52	-4.03729
1586.17	-0.0478707
1588.82	-2.05824
1591.47	11.9316
1594.11	21.9217
1596.76	7.91199
1599.41	9.90252
1602.05	9.89327
1604.69	3.88424
1607.34	9.87545
1609.98	9.86688
1612.62	5.85854
1615.26	9.85044
1617.9	-0.157422
1620.54	9.83494
1623.18	3.82755
1625.81	3.8204
1628.45	17.8135
1631.08	15.8068
1633.72	-8.19962
1636.35	-0.2058
1638.98	-4.21174
1641.61	5.78257
1644.24	-0.222874
1646.87	9.77193
1649.5	-0.233009
1652.13	13.7623
1654.75	7.75787
1657.38	9.7537
1660	13.7498
1662.63	3.74611
1665.25	-2.25729
1667.87	15.7396
1670.49	15.7367
1673.11	-6.26592
1675.73	13.7317
1678.35	9.72965
1680.96	11.7278
1683.58	-2.2737
1686.19	13.725
1688.81	7.72403
1691.42	-0.276693
1694.03	7.72286
1696.64	21.7227
1699.25	1.72279
1701.87	11.7232
1704.47	7.72384
1707.08	-0.275214
1709.69	7.72602
1712.29	15.7275
1714.9	5.72933
1717.5	5.73142
1720.1	9.7338
1722.71	23.7365
1725.31	3.73942
1727.91	11.7427
1730.51	1.74621
1733.1	23.7501
1735.7	1.75419
1738.3	13.7586
1740.89	5.76335
1743.49	1.76839
1746.08	5.77372
1748.67	5.77936
1751.26	15.7853
1753.86	9.79155
1756.45	-0.201899
1759.03	17.805
1761.62	11.8121
1764.21	9.81961
1766.8	7.82741
1769.38	-6.16449
1771.97	17.8439
1774.55	3.85267
1777.13	5.86173
1779.71	17.8711
1782.29	-0.119213
1784.87	17.8908
1787.45	5.90114
1790.03	17.9118
1792.61	19.9228
1795.18	9.93408
1797.76	1.94572
1800.33	3.95768
1802.9	-0.030035
1805.48	-6.01741
1808.05	5.99554
1810.62	22.0088
1813.19	26.0224
1815.76	2.0364
1818.33	12.0507
1820.89	6.06533
1823.46	18.0803
1826.02	-3.90439
1828.59	14.1113
1831.15	20.1272
1833.71	12.1436
1836.27	8.16027
1838.84	12.1773
1841.39	2.19467
1843.95	4.2124
1846.51	8.23047
1849.07	14.2489
1851.62	6.26767
1854.18	24.2868
1856.73	6.30628
1859.29	6.32613
1861.84	4.34632
1864.39	2.36687
1866.94	10.3878
1869.49	10.4091
1872.04	4.43069
1874.59	8.45269
1877.13	2.47505
1879.68	-5.50224
1882.22	-11.4791
1884.77	12.5443
1887.31	2.56813
1889.85	16.5923
1892.39	14.6169
1894.93	-1.35818
1897.47	4.66714
1900.01	10.6928
1902.55	4.71887
1905.09	-1.25469
1907.62	4.77211
1910.16	0.799286
1912.69	10.8269
1915.22	12.8548
1917.76	8.88312
1920.29	14.9118
1922.82	14.9409
1925.35	14.9704
1927.88	13.0003
1930.4	15.0305
1932.93	11.0612
1935.46	1.09218
1937.98	7.1236
1940.51	19.1554
1943.03	-4.81239
1945.55	7.22019
1948.07	-2.74682
1950.59	-0.713447
1953.11	19.3203
1955.63	13.3545
1958.15	-0.610923
1960.67	5.42405
1963.18	21.4594
1965.7	19.4952
1968.21	1.53137
1970.73	5.56795
1973.24	7.60494
1975.75	11.6423
1978.26	11.6801
1980.77	5.71831
1983.28	11.7569
1985.79	9.79595
1988.29	15.8354
1990.8	15.8752
1993.31	9.9155
1995.81	5.95617
1998.31	1.99723
