100.093	4.76399
103.274	2.86654
106.457	6.96832
109.636	15.0692
112.817	-0.830722
115.994	15.2685
119.172	13.3669
122.347	11.4644
125.521	1.56114
128.696	15.6571
131.868	29.7522
135.039	9.84641
138.209	7.93985
141.379	6.03255
144.547	-5.87563
147.713	4.21539
150.879	4.30562
154.043	6.39505
157.206	0.48368
160.368	20.5715
163.529	8.65858
166.689	0.744854
169.848	-3.16965
173.006	10.9151
176.163	-1.001
179.316	5.08212
182.471	13.1645
185.625	9.24615
188.777	-4.67297
191.927	-2.59291
195.077	9.48645
198.224	11.565
201.372	7.64286
204.52	13.72
207.664	9.79628
210.809	29.8719
213.95	3.94675
217.091	6.02085
220.233	16.0943
223.372	8.16692
226.509	24.2388
229.648	10.3101
232.784	10.3806
235.918	20.4503
239.051	10.5194
242.186	14.5878
245.317	4.6554
248.447	10.7223
251.577	18.7886
254.705	14.8541
257.832	10.9189
260.958	14.9831
264.083	15.0465
267.204	9.10925
270.327	13.1713
273.449	21.2327
276.57	21.2935
279.69	17.3535
282.806	15.4129
285.924	9.47159
289.04	-2.47037
292.154	5.58698
295.268	1.64371
298.379	5.69974
301.492	5.75516
304.601	7.80988
307.711	19.864
310.818	15.9174
313.924	11.9702
317.031	4.02242
320.135	16.0739
323.238	6.12482
326.34	-7.82493
329.443	10.2247
332.543	8.27373
335.642	16.3221
338.74	10.3699
341.836	22.417
344.932	10.4635
348.027	14.5095
351.12	16.5548
354.213	-1.40052
357.302	8.64355
360.393	14.6871
363.482	18.73
366.57	6.77227
369.656	8.81396
372.742	10.8551
375.827	12.8956
378.91	12.9356
381.993	20.975
385.073	-4.98625
388.154	17.052
391.232	11.0896
394.311	11.1267
397.387	11.1632
400.462	13.1991
403.536	25.2345
406.611	11.2694
409.683	21.3036
412.754	-0.662677
415.824	7.37048
418.893	13.4031
421.961	15.4352
425.027	-2.53331
428.093	-12.5023
431.158	7.52813
434.222	3.55804
437.284	1.58743
440.346	3.61628
443.407	19.6446
446.464	13.6724
449.523	-6.30031
452.581	1.72646
455.635	13.7527
458.691	21.7784
461.743	-4.19635
464.797	23.8284
467.847	-14.1474
470.899	15.8763
473.947	-0.100499
476.994	13.9222
480.043	17.9444
483.088	3.96615
486.133	9.98738
489.176	12.0081
492.22	10.0284
495.262	10.0482
498.302	14.0675
501.341	10.0863
504.38	2.10466
507.417	4.12254
510.453	18.14
513.487	6.15689
516.521	16.1734
519.554	16.1894
522.586	8.20496
525.616	6.22006
528.646	2.23472
531.675	8.24892
534.701	10.2627
537.729	14.276
540.753	10.2888
543.778	12.3013
546.8	8.31325
549.821	14.3248
552.844	32.3359
555.863	10.3466
558.881	0.356849
561.898	16.3667
564.916	6.37609
567.932	4.38507
570.946	18.3936
573.959	4.40179
576.971	12.4095
579.982	16.4169
582.993	32.4238
586	18.4303
589.008	8.43639
592.015	2.4421
595.022	4.44741
598.025	0.452316
601.029	12.4568
604.032	34.461
607.033	0.464696
610.034	16.468
613.032	8.47101
616.032	14.4736
619.028	12.4758
622.023	22.4776
625.018	20.4791
628.013	2.48016
631.005	12.4809
633.997	10.4812
636.987	14.4812
639.977	12.4808
642.965	8.48006
645.952	26.479
648.939	-1.52251
651.924	12.4757
654.909	20.4735
657.892	10.471
660.873	-5.53186
663.854	4.46493
666.835	8.46139
669.813	6.4575
672.791	0.45328
675.767	2.44872
678.743	10.4438
681.717	10.4386
684.692	8.43306
687.664	8.42719
690.634	20.421
693.606	20.4145
696.575	6.40764
699.543	14.4005
702.51	-3.60698
705.475	16.3852
708.44	24.3771
711.404	22.3688
714.367	22.36
717.329	28.351
720.29	30.3417
723.25	0.332131
726.207	12.3222
729.166	16.312
732.123	2.30155
735.077	12.2908
738.032	12.2797
740.984	14.2684
743.938	14.2567
746.888	34.2448
749.839	14.2326
752.788	20.2202
755.735	32.2074
758.682	20.1944
761.627	4.18113
764.574	12.1676
767.517	10.1538
770.46	6.13968
773.402	-3.87466
776.342	30.1107
779.282	16.0959
782.219	20.0808
785.157	6.06542
788.094	14.0498
791.029	18.0339
793.962	10.0178
796.896	10.0015
799.828	5.98489
802.76	11.9681
805.689	13.951
808.619	17.9337
811.546	13.9161
814.473	11.8984
817.4	11.8804
820.324	21.8621
823.248	21.8437
826.17	3.82502
829.092	11.8061
832.012	21.787
834.932	1.76768
837.851	11.7481
840.768	11.7284
843.685	13.7084
846.599	13.6882
849.514	15.6679
852.428	19.6473
855.339	15.6265
858.251	19.6055
861.16	21.5843
864.07	5.56293
866.978	5.54136
869.884	7.51959
872.792	15.4976
875.696	1.47548
878.599	11.4532
881.502	17.4306
884.404	13.4079
887.304	7.38507
890.204	5.36201
893.103	13.3388
896.001	11.3154
898.898	21.2918
901.794	11.268
904.689	3.24412
907.581	-0.77995
910.474	21.1958
913.364	-4.8286
916.256	3.14683
919.144	3.12211
922.034	23.0972
924.92	15.0722
927.808	29.047
930.693	17.0217
933.576	24.9962
936.459	8.97054
939.341	8.94476
942.222	6.91884
945.102	0.892783
947.981	-3.13342
950.859	22.8402
953.737	8.81377
956.613	24.7872
959.488	10.7604
962.361	-1.26643
965.235	8.70657
968.105	-9.32054
970.977	14.6522
973.846	2.62486
976.716	4.59736
979.583	12.5698
982.449	4.54206
985.316	0.514211
988.18	28.4863
991.043	12.4582
993.906	16.4301
996.767	0.401792
999.628	6.37342
1002.49	8.34494
1005.35	-1.68364
1008.2	14.2877
1011.06	14.2589
1013.91	18.23
1016.77	28.2011
1019.62	6.17202
1022.48	14.1429
1025.33	12.1136
1028.18	-9.91569
1031.03	8.05491
1033.87	8.02543
1036.72	-0.00415748
1039.57	17.9662
1042.41	1.93647
1045.26	-0.0933295
1048.1	17.8768
1050.94	11.8468
1053.78	21.8168
1056.62	5.78673
1059.46	7.75657
1062.3	-0.273655
1065.14	-0.303925
1067.97	-0.334278
1070.81	23.6353
1073.64	9.60485
1076.47	5.57434
1079.31	7.54376
1082.14	9.51314
1084.97	19.4824
1087.8	5.45172
1090.63	21.4209
1093.45	19.3901
1096.28	21.3593
1099.1	21.3284
1101.93	23.2974
1104.75	17.2664
1107.57	-2.76461
1110.39	13.2043
1113.21	23.1732
1116.03	1.14211
1118.85	9.11094
1121.66	11.0798
1124.48	11.0485
1127.3	9.01731
1130.11	4.98603
1132.92	-1.04525
1135.73	16.9234
1138.54	28.8921
1141.35	6.86079
1144.16	-9.17059
1146.97	0.79804
1149.78	2.76666
1152.58	6.73528
1155.39	2.70387
1158.19	8.67246
1161	28.641
1163.8	14.6096
1166.6	10.5782
1169.4	-1.45323
1172.2	20.5154
1174.99	8.48392
1177.79	18.4525
1180.59	14.4211
1183.38	24.3897
1186.17	-11.6417
1188.97	14.3269
1191.76	2.29556
1194.55	2.2642
1197.34	14.2329
1200.13	14.2015
1202.92	0.170222
1205.7	14.139
1208.49	4.10768
1211.27	2.07644
1214.06	6.04523
1216.84	-1.98597
1219.62	7.98288
1222.4	1.95174
1225.18	9.92065
1227.96	-0.110416
1230.74	3.85854
1233.51	13.8275
1236.29	3.79658
1239.06	17.7657
1241.84	5.73478
1244.61	3.70394
1247.38	1.67315
1250.15	21.6424
1252.92	-10.3883
1255.69	1.58104
1258.46	7.55045
1261.23	13.5199
1263.99	7.48939
1266.76	9.45893
1269.52	21.4286
1272.28	-0.601778
1275.05	11.3679
1277.81	5.33772
1280.57	-0.692432
1283.33	27.2775
1286.08	1.24745
1288.84	1.21749
1291.6	7.18759
1294.35	5.15777
1297.11	15.128
1299.86	13.0983
1302.61	9.06873
1305.36	19.0392
1308.11	1.00974
1310.86	-5.01963
1313.61	2.95108
1316.36	18.9219
1319.1	10.8927
1321.85	20.8637
1324.59	22.8347
1327.33	8.80583
1330.08	14.777
1332.82	2.74834
1335.56	12.7197
1338.3	14.6912
1341.04	12.6628
1343.77	16.6345
1346.51	2.60623
1349.25	18.5781
1351.98	14.5501
1354.71	14.5221
1357.45	6.49429
1360.18	22.4666
1362.91	16.4389
1365.64	2.41141
1368.37	2.384
1371.09	20.3567
1373.82	8.32951
1376.54	14.3025
1379.27	6.27548
1381.99	26.2486
1384.72	0.221891
1387.44	2.19529
1390.16	16.1688
1392.88	16.1424
1395.6	12.1161
1398.31	16.09
1401.03	22.064
1403.75	6.03814
1406.46	10.0124
1409.18	7.98674
1411.89	1.96125
1414.6	5.93588
1417.31	9.91066
1420.02	9.88556
1422.73	1.86059
1425.44	-2.16424
1428.15	7.81108
1430.85	3.78651
1433.56	9.76211
1436.26	21.7378
1438.97	11.7137
1441.67	7.68973
1444.37	5.6659
1447.07	11.6422
1449.77	23.6187
1452.47	3.59528
1455.16	9.57203
1457.86	23.5489
1460.56	13.526
1463.25	9.50322
1465.94	11.4806
1468.64	19.4581
1471.33	9.43582
1474.02	15.4137
1476.71	29.3917
1479.4	7.36984
1482.09	5.34818
1484.77	19.3267
1487.46	5.30536
1490.14	1.28419
1492.83	33.2632
1495.51	27.2424
1498.19	9.22171
1500.87	15.2012
1503.55	-4.81908
1506.23	5.16078
1508.91	-8.85917
1511.59	13.121
1514.27	23.1014
1516.94	1.08202
1519.62	-4.93723
1522.29	3.04371
1524.96	3.02484
1527.63	21.0061
1530.3	16.9876
1532.97	6.96932
1535.64	28.9512
1538.31	10.9332
1540.98	2.9155
1543.64	12.8979
1546.31	6.88057
1548.97	18.8634
1551.63	2.84642
1554.3	-5.17036
1556.96	8.81306
1559.62	10.7967
1562.28	10.7805
1564.94	14.7645
1567.59	4.74873
1570.25	28.7332
1572.9	2.71778
1575.56	-7.29738
1578.21	4.68767
1580.86	14.6729
1583.52	4.65837
1586.17	4.64405
1588.82	12.6299
1591.47	0.616021
1594.11	-1.39767
1596.76	14.5889
1599.41	10.5756
1602.05	24.5626
1604.69	14.5497
1607.34	-3.46287
1609.98	12.5248
1612.62	2.51259
1615.26	0.500651
1617.9	-11.5111
1620.54	6.47745
1623.18	4.4662
1625.81	16.4552
1628.45	2.44436
1631.08	-9.56622
1633.72	10.4234
1636.35	10.4133
1638.98	24.4035
1641.61	8.39381
1644.24	8.3844
1646.87	12.3752
1649.5	6.36629
1652.13	6.3576
1654.75	12.3491
1657.38	2.34093
1660	26.3329
1662.63	6.32522
1665.25	0.31773
1667.87	8.31049
1670.49	18.3035
1673.11	6.29675
1675.73	4.29025
1678.35	14.284
1680.96	-3.72201
1683.58	6.27225
1686.19	2.26675
1688.81	14.2615
1691.42	-7.74348
1694.03	18.2518
1696.64	6.24731
1699.25	14.2431
1701.87	-3.76087
1704.47	2.23543
1707.08	2.23199
1709.69	-1.77118
1712.29	8.2259
1714.9	0.223251
1717.5	16.2209
1720.1	16.2187
1722.71	36.2169
1725.31	10.2153
1727.91	12.214
1730.51	4.21295
1733.1	-11.7878
1735.7	8.21167
1738.3	0.211442
1740.89	8.21149
1743.49	12.2118
1746.08	4.2124
1748.67	-3.78673
1751.26	10.2144
1753.86	10.2159
1756.45	4.21756
1759.03	4.21955
1761.62	14.2218
1764.21	10.2244
1766.8	10.2272
1769.38	2.23034
1771.97	16.2337
1774.55	22.2374
1777.13	4.24143
1779.71	10.2457
1782.29	-3.74974
1784.87	12.2551
1787.45	8.26026
1790.03	12.2657
1792.61	10.2714
1795.18	18.2774
1797.76	32.2838
1800.33	24.2904
1802.9	10.2973
1805.48	6.30451
1808.05	8.31202
1810.62	0.319828
1813.19	18.3279
1815.76	12.3364
1818.33	4.34507
1820.89	4.35409
1823.46	16.3634
1826.02	18.373
1828.59	16.383
1831.15	10.3932
1833.71	26.4038
1836.27	14.4146
1838.84	12.4258
1841.39	14.4373
1843.95	12.4491
1846.51	6.46119
1849.07	18.4736
1851.62	-7.51365
1854.18	30.4994
1856.73	12.5128
1859.29	22.5265
1861.84	10.5405
1864.39	8.55477
1866.94	8.56942
1869.49	22.5844
1872.04	10.5997
1874.59	22.6153
1877.13	16.6312
1879.68	0.647446
1882.22	0.664028
1884.77	22.6809
1887.31	10.6982
1889.85	0.715729
1892.39	6.73361
1894.93	18.7518
1897.47	16.7704
1900.01	8.78926
1902.55	0.808471
1905.09	0.828016
1907.62	14.8479
1910.16	20.8681
1912.69	6.88865
1915.22	26.9095
1917.76	-1.06925
1920.29	14.9523
1922.82	10.9742
1925.35	2.99645
1927.88	5.01902
1930.4	7.04194
1932.93	13.0652
1935.46	17.0888
1937.98	17.1128
1940.51	3.13704
1943.03	5.16168
1945.55	5.18666
1948.07	9.21199
1950.59	9.23766
1953.11	-8.7363
1955.63	7.29006
1958.15	7.31678
1960.67	13.3439
1963.18	3.37128
1965.7	21.3991
1968.21	7.42719
1970.73	-2.54432
1973.24	23.4845
1975.75	27.5137
1978.26	19.5433
1980.77	-0.426823
1983.28	19.6035
1985.79	11.6341
1988.29	17.6651
1990.8	11.6964
1993.31	9.72813
1995.81	3.7602
1998.31	13.7926
