100.093	19.149
103.274	21.1846
106.457	-2.77979
109.636	19.2557
112.817	5.29111
115.994	5.32641
119.172	-0.638349
122.347	7.39678
125.521	23.4318
128.696	5.4668
131.868	19.5017
135.039	13.5365
138.209	25.5711
141.379	19.6058
144.547	13.6403
147.713	9.67473
150.879	7.70907
154.043	3.74333
157.206	3.7775
160.368	13.8116
163.529	11.8456
166.689	7.87948
169.848	7.91329
173.006	7.94702
176.163	11.9807
179.316	-3.9858
182.471	-1.95234
185.625	14.081
188.777	20.1143
191.927	22.1475
195.077	2.18061
198.224	18.2136
201.372	12.2465
204.52	28.2794
207.664	12.3121
210.809	8.3448
213.95	-3.62264
217.091	4.40982
220.233	4.44223
223.372	20.4745
226.509	-1.49328
229.648	14.5389
232.784	6.57088
235.918	-1.39719
239.051	10.6347
242.186	6.66643
245.317	12.6981
248.447	18.7297
251.577	0.761167
254.705	22.7926
257.832	10.8239
260.958	8.85509
264.083	-1.11378
267.204	12.9172
270.327	-3.05181
273.449	24.9791
276.57	1.00982
279.69	5.0405
282.806	9.07107
285.924	17.1016
289.04	13.132
292.154	9.16228
295.268	15.1925
298.379	19.2226
301.492	5.25268
304.601	23.2826
307.711	9.31249
310.818	11.3422
313.924	21.3719
317.031	23.4015
320.135	15.431
323.238	3.46039
326.34	21.4897
329.443	15.5189
332.543	11.548
335.642	13.5771
338.74	7.60602
341.836	-6.36513
344.932	-2.33637
348.027	13.6923
351.12	11.7209
354.213	19.7494
357.302	1.77774
360.393	9.80604
363.482	13.8343
366.57	15.8624
369.656	9.89039
372.742	15.9183
375.827	13.9462
378.91	21.9739
381.993	18.0016
385.073	0.0291236
388.154	14.0566
391.232	8.08397
394.311	-1.88873
397.387	20.1385
400.462	0.16555
403.536	18.1926
406.611	14.2195
409.683	8.2463
412.754	14.273
415.824	10.2997
418.893	2.3262
421.961	14.3527
425.027	8.37901
428.093	8.40528
431.158	-3.56855
434.222	4.45753
437.284	16.4835
440.346	20.5094
443.407	2.53522
446.464	2.56092
449.523	0.586535
452.581	-1.38794
455.635	12.6375
458.691	4.66282
461.743	10.6881
464.797	4.71321
467.847	16.7383
470.899	4.76322
473.947	-1.21192
476.994	6.81285
480.043	14.8375
483.088	16.8621
486.133	16.8866
489.176	6.911
492.22	14.9353
495.262	2.95953
498.302	10.9836
501.341	5.00767
504.38	17.0316
507.417	15.0554
510.453	-4.92082
513.487	3.10281
516.521	-14.8736
519.554	9.14983
522.586	-2.8268
525.616	15.1965
528.646	9.21964
531.675	13.2427
534.701	1.26571
537.729	13.2886
540.753	3.3114
543.778	-0.665885
546.8	9.35672
549.821	15.3792
552.844	5.40166
555.863	1.42399
558.881	9.44621
561.898	-2.53165
564.916	-2.50959
567.932	7.51235
570.946	9.53421
573.959	-2.44404
576.971	-0.422371
579.982	3.5992
582.993	25.6207
586	9.64205
589.008	1.66333
592.015	9.68453
595.022	5.70563
598.025	9.72662
601.029	7.74753
604.032	11.7683
607.033	3.78905
610.034	19.8097
613.032	3.8302
616.032	13.8506
619.028	17.871
622.023	9.8912
625.018	1.91134
628.013	9.9314
631.005	11.9514
633.997	11.9712
636.987	3.99097
639.977	2.01064
642.965	18.0302
645.952	6.04969
648.939	12.0691
651.924	10.0884
654.909	4.10755
657.892	10.1266
660.873	-1.85436
663.854	6.16455
666.835	4.18336
669.813	16.2021
672.791	34.2207
675.767	-7.7608
678.743	0.257636
681.717	18.276
684.692	10.2942
687.664	6.31234
690.634	-3.66962
693.606	6.34833
696.575	16.3662
699.543	-3.61607
702.51	22.4016
705.475	12.4192
708.44	2.43662
711.404	10.454
714.367	4.47127
717.329	12.4884
720.29	14.5055
723.25	10.5225
726.207	16.5394
729.166	4.5562
732.123	0.572907
735.077	14.5895
738.032	-1.39399
740.984	6.62242
743.938	4.63874
746.888	2.65495
749.839	4.67108
752.788	8.6871
755.735	22.703
758.682	4.71886
761.627	16.7346
764.574	10.7502
767.517	20.7658
770.46	14.7812
773.402	12.7966
776.342	4.81183
779.282	14.827
782.219	18.842
785.157	20.857
788.094	14.8719
791.029	14.8867
793.962	16.9013
796.896	8.91591
799.828	6.93038
802.76	12.9448
805.689	2.95906
808.619	6.97326
811.546	12.9873
814.473	23.0013
817.4	5.01525
820.324	9.02905
823.248	19.0428
826.17	23.0564
829.092	25.0699
832.012	3.0833
834.932	11.0966
837.851	11.1098
840.768	11.123
843.685	17.136
846.599	-4.85106
849.514	21.1618
852.428	15.1745
855.339	19.1872
858.251	3.1997
861.16	3.21215
864.07	3.2245
866.978	21.2368
869.884	1.24891
872.792	-0.739023
875.696	9.27294
878.599	3.2848
881.502	13.2966
884.404	21.3082
887.304	15.3198
890.204	25.3313
893.103	5.34268
896.001	1.35396
898.898	-2.63485
901.794	21.3762
904.689	-0.612762
907.581	3.39813
910.474	13.4089
913.364	-0.580374
916.256	3.43023
919.144	3.44074
922.034	15.4511
924.92	11.4615
927.808	5.47168
930.693	7.48179
933.576	11.4918
936.459	17.5017
939.341	9.51156
942.222	9.52129
945.102	3.53092
947.981	5.54045
950.859	19.5499
953.737	9.55923
956.613	21.5685
959.488	-6.42238
962.361	9.58666
965.235	11.5956
968.105	5.60446
970.977	3.61322
973.846	11.6219
976.716	9.63044
979.583	7.6389
982.449	-8.35274
985.316	9.65553
988.18	-2.3363
991.043	3.67177
993.906	25.6797
996.767	17.6876
999.628	-2.3046
1002.49	3.70309
1005.35	-4.28933
1008.2	5.71816
1011.06	13.7255
1013.91	5.73284
1016.77	1.74004
1019.62	19.7471
1022.48	13.7541
1025.33	1.76103
1028.18	21.7678
1031.03	3.77455
1033.87	11.7812
1036.72	3.78767
1039.57	7.79408
1042.41	15.8004
1045.26	-8.19338
1048.1	-0.187261
1050.94	21.8188
1053.78	7.82469
1056.62	13.8305
1059.46	9.83625
1062.3	9.84189
1065.14	3.84742
1067.97	17.8529
1070.81	11.8582
1073.64	3.86344
1076.47	-0.131414
1079.31	9.87364
1082.14	19.8786
1084.97	-6.11656
1087.8	15.8882
1090.63	1.89285
1093.45	23.8974
1096.28	3.90187
1099.1	11.9062
1101.93	13.9105
1104.75	-16.0853
1107.57	11.9187
1110.39	5.92272
1113.21	13.9266
1116.03	7.93037
1118.85	27.934
1121.66	-6.06237
1124.48	5.94112
1127.3	-0.0554966
1130.11	25.9478
1132.92	-2.04901
1135.73	15.9541
1138.54	9.95708
1141.35	5.95997
1144.16	-12.0372
1146.97	7.96548
1149.78	1.96809
1152.58	19.9706
1155.39	-2.027
1158.19	13.9753
1161	1.97753
1163.8	15.9796
1166.6	1.98167
1169.4	-0.016407
1172.2	9.98542
1174.99	7.98714
1177.79	-2.01123
1180.59	11.9903
1183.38	9.99174
1186.17	5.99307
1188.97	7.99431
1191.76	-2.00455
1194.55	11.9965
1197.34	9.99744
1200.13	7.99829
1202.92	1.99904
1205.7	25.9997
1208.49	-1.99975
1211.27	2.0007
1214.06	-1.99894
1216.84	16.0013
1219.62	2.00149
1222.4	-1.99844
1225.18	4.00153
1227.96	10.0014
1230.74	0.00117045
1233.51	22.0008
1236.29	12.0004
1239.06	3.99991
1241.84	15.9993
1244.61	19.9986
1247.38	13.9978
1250.15	-0.00314628
1252.92	15.9958
1255.69	5.99474
1258.46	5.99354
1261.23	13.9922
1263.99	-2.00916
1266.76	13.9893
1269.52	5.98775
1272.28	15.9861
1275.05	3.98428
1277.81	5.98239
1280.57	25.9804
1283.33	33.9783
1286.08	29.9762
1288.84	13.9739
1291.6	-4.0285
1294.35	17.969
1297.11	7.96647
1299.86	9.9638
1302.61	-4.03896
1305.36	3.95818
1308.11	17.9552
1310.86	9.95216
1313.61	-2.05099
1316.36	-0.0542398
1319.1	3.94241
1321.85	13.939
1324.59	7.93543
1327.33	21.9318
1330.08	-4.07195
1332.82	11.9242
1335.56	21.9203
1338.3	15.9163
1341.04	-0.0878721
1343.77	9.9079
1346.51	5.90358
1349.25	13.8992
1351.98	3.89465
1354.71	27.89
1357.45	9.88532
1360.18	5.88052
1362.91	5.87561
1365.64	13.8706
1368.37	9.86551
1371.09	21.8603
1373.82	3.85501
1376.54	17.8496
1379.27	-8.15586
1381.99	7.83855
1384.72	-4.16714
1387.44	13.8271
1390.16	17.8212
1392.88	15.8152
1395.6	9.80916
1398.31	19.803
1401.03	13.7967
1403.75	-0.209636
1406.46	21.7839
1409.18	3.77734
1411.89	1.77069
1414.6	35.7639
1417.31	13.7571
1420.02	11.7501
1422.73	1.7431
1425.44	11.736
1428.15	-0.271277
1430.85	3.72139
1433.56	21.714
1436.26	1.70643
1438.97	23.6988
1441.67	17.6911
1444.37	3.68326
1447.07	9.67535
1449.77	11.6673
1452.47	15.6592
1455.16	13.651
1457.86	17.6427
1460.56	19.6343
1463.25	9.62581
1465.94	17.6172
1468.64	17.6085
1471.33	3.59975
1474.02	11.5909
1476.71	7.58188
1479.4	11.5728
1482.09	-10.4364
1484.77	7.55435
1487.46	-6.45502
1490.14	5.53552
1492.83	23.526
1495.51	-2.4837
1498.19	9.50654
1500.87	15.4967
1503.55	9.48674
1506.23	5.4767
1508.91	3.46656
1511.59	9.45632
1514.27	33.446
1516.94	15.4356
1519.62	-2.57498
1522.29	11.4144
1524.96	1.40368
1527.63	7.39286
1530.3	3.38195
1532.97	-2.62907
1535.64	17.3598
1538.31	3.34862
1540.98	-0.662673
1543.64	7.32593
1546.31	3.31444
1548.97	7.30285
1551.63	15.2912
1554.3	5.27938
1556.96	3.2675
1559.62	11.2555
1562.28	13.2435
1564.94	15.2313
1567.59	15.219
1570.25	23.2067
1572.9	13.1942
1575.56	11.1817
1578.21	13.169
1580.86	11.1563
1583.52	17.1434
1586.17	-0.869503
1588.82	-8.88254
1591.47	21.1043
1594.11	19.0911
1596.76	11.0778
1599.41	-0.935622
1602.05	17.0509
1604.69	1.03726
1607.34	7.02355
1609.98	15.0098
1612.62	2.99585
1615.26	12.9819
1617.9	2.96778
1620.54	6.95359
1623.18	18.9393
1625.81	10.9249
1628.45	2.91046
1631.08	8.8959
1633.72	8.88124
1636.35	16.8665
1638.98	4.85162
1641.61	4.83667
1644.24	18.8216
1646.87	20.8065
1649.5	6.79124
1652.13	12.7759
1654.75	24.7605
1657.38	6.74497
1660	8.72934
1662.63	6.71363
1665.25	18.6978
1667.87	12.6819
1670.49	8.66591
1673.11	8.64981
1675.73	-1.36638
1678.35	14.6173
1680.96	-3.39905
1683.58	12.5845
1686.19	12.5679
1688.81	4.55123
1691.42	6.53447
1694.03	14.5176
1696.64	10.5007
1699.25	12.4836
1701.87	6.46645
1704.47	2.44921
1707.08	4.43188
1709.69	12.4144
1712.29	10.3969
1714.9	8.3793
1717.5	8.36159
1720.1	10.3438
1722.71	10.3259
1725.31	12.3079
1727.91	-1.71023
1730.51	8.27158
1733.1	2.2533
1735.7	22.2349
1738.3	14.2164
1740.89	18.1979
1743.49	8.1792
1746.08	4.16044
1748.67	12.1416
1751.26	4.12264
1753.86	-1.8964
1756.45	-3.91555
1759.03	10.0652
1761.62	4.04589
1764.21	0.0264708
1766.8	16.007
1769.38	1.98735
1771.97	11.9676
1774.55	11.9478
1777.13	15.9279
1779.71	3.90794
1782.29	3.88787
1784.87	7.86769
1787.45	5.84741
1790.03	3.82705
1792.61	3.80658
1795.18	5.78603
1797.76	17.7654
1800.33	13.7446
1802.9	15.7238
1805.48	5.70286
1808.05	17.6818
1810.62	21.6607
1813.19	11.6395
1815.76	19.6182
1818.33	-2.40323
1820.89	13.5753
1823.46	21.5537
1826.02	19.532
1828.59	17.5102
1831.15	17.4883
1833.71	-0.533639
1836.27	5.4443
1838.84	-0.577854
1841.39	-0.600103
1843.95	17.3776
1846.51	13.3551
1849.07	7.33259
1851.62	15.31
1854.18	21.2872
1856.73	-0.735569
1859.29	1.24152
1861.84	17.2185
1864.39	13.1954
1866.94	1.17223
1869.49	19.149
1872.04	11.1256
1874.59	11.1021
1877.13	-2.92145
1879.68	9.05491
1882.22	9.03115
1884.77	11.0073
1887.31	6.98338
1889.85	4.95934
1892.39	6.93523
1894.93	16.911
1897.47	-3.1133
1900.01	6.8623
1902.55	12.8378
1905.09	16.8132
1907.62	2.78853
1910.16	14.7638
1912.69	-5.2611
1915.22	8.71394
1917.76	2.68889
1920.29	-7.33626
1922.82	0.638505
1925.35	10.6132
1927.88	6.58774
1930.4	-9.43777
1932.93	8.53662
1935.46	8.51091
1937.98	-1.51489
1940.51	4.45922
1943.03	4.43324
1945.55	0.407174
1948.07	12.381
1950.59	2.35475
1953.11	-1.67161
1955.63	10.3019
1958.15	10.2754
1960.67	0.248787
1963.18	20.2221
1965.7	16.1953
1968.21	18.1683
1970.73	16.1413
1973.24	20.1142
1975.75	18.0871
1978.26	4.05979
1980.77	0.0324277
1983.28	22.005
1985.79	9.97741
1988.29	15.9498
1990.8	7.92201
1993.31	19.8942
1995.81	1.86626
1998.31	19.8383
