100.093	41.3587
103.274	13.4482
106.457	21.5372
109.636	9.62561
112.817	27.7135
115.994	25.8007
119.172	19.8874
122.347	21.9734
125.521	8.05893
128.696	16.1439
131.868	8.22828
135.039	10.3121
138.209	10.3953
141.379	10.4781
144.547	-3.43983
147.713	8.64174
150.879	2.72275
154.043	18.8032
157.206	10.8831
160.368	6.96248
163.529	1.0413
166.689	25.1196
169.848	15.1973
173.006	13.2745
176.163	5.35113
179.316	9.42719
182.471	13.5028
185.625	13.5778
188.777	-6.34767
191.927	11.7263
195.077	-4.20028
198.224	5.8726
201.372	17.945
204.52	8.01689
207.664	-5.91179
210.809	14.1591
213.95	12.2293
217.091	6.29911
220.233	14.3684
223.372	0.437162
226.509	12.5054
229.648	0.573178
232.784	-1.35959
235.918	16.7071
239.051	4.77335
242.186	8.83912
245.317	12.9043
248.447	6.96908
251.577	19.0333
254.705	1.09706
257.832	15.1603
260.958	11.2231
264.083	-0.714641
267.204	21.3471
270.327	-0.591576
273.449	9.46925
276.57	1.5296
279.69	15.5895
282.806	15.6488
285.924	15.7078
289.04	13.7662
292.154	-6.17585
295.268	5.88166
298.379	11.9387
301.492	21.9952
304.601	0.051325
307.711	8.10698
310.818	0.162136
313.924	6.21684
317.031	0.271114
320.135	22.3249
323.238	10.3782
326.34	18.4311
329.443	4.48359
332.543	4.53558
335.642	4.58712
338.74	2.63822
341.836	24.6889
344.932	-7.26091
348.027	2.78887
351.12	8.83821
354.213	14.8871
357.302	10.9356
360.393	4.98359
363.482	7.0312
366.57	17.0784
369.656	3.1251
372.742	-2.82858
375.827	3.21733
378.91	7.26278
381.993	3.30784
385.073	3.35245
388.154	9.39668
391.232	15.4405
394.311	13.4839
397.387	13.5268
400.462	7.56936
403.536	11.6115
406.611	9.65326
409.683	11.6946
412.754	5.73551
415.824	7.77603
418.893	-4.18384
421.961	13.8559
425.027	7.89521
428.093	21.9341
431.158	-4.02732
434.222	8.01083
437.284	4.04858
440.346	16.086
443.407	4.12293
446.464	6.1595
449.523	0.195717
452.581	18.2315
455.635	4.26697
458.691	12.302
461.743	12.3367
464.797	6.37103
467.847	-5.59504
470.899	2.43853
473.947	-1.52829
476.994	2.50452
480.043	14.537
483.088	12.5691
486.133	8.60077
489.176	-15.3679
492.22	14.6631
495.262	14.6938
498.302	2.72403
501.341	14.7539
504.38	18.7835
507.417	12.8127
510.453	8.84156
513.487	10.87
516.521	4.8982
519.554	0.926009
522.586	-3.04653
525.616	16.9806
528.646	23.0073
531.675	11.0338
534.701	9.05986
537.729	11.0856
540.753	-4.88897
543.778	-0.863886
546.8	1.16085
549.821	15.1853
552.844	-4.79065
555.863	-4.7669
558.881	9.25652
561.898	15.2796
564.916	-0.697602
567.932	19.3248
570.946	3.34697
573.959	7.36878
576.971	7.39027
579.982	13.4114
582.993	1.4323
586	5.45284
589.008	25.4731
592.015	11.493
595.022	3.5126
598.025	3.5319
601.029	13.5509
604.032	11.5696
607.033	5.58797
610.034	9.60606
613.032	3.62384
616.032	11.6413
619.028	13.6585
622.023	7.6754
625.018	-0.30801
628.013	-0.2917
631.005	13.7243
633.997	9.74003
636.987	17.7555
639.977	15.7706
642.965	-8.21454
645.952	23.8
648.939	7.81432
651.924	19.8283
654.909	3.84206
657.892	-2.14449
660.873	27.8687
663.854	7.88157
666.835	3.89419
669.813	-2.09346
672.791	13.9186
675.767	11.9304
678.743	7.94196
681.717	3.95322
684.692	5.96423
687.664	13.975
690.634	5.98544
693.606	5.99566
696.575	12.0056
699.543	4.0153
702.51	2.02474
705.475	16.0339
708.44	2.04284
711.404	4.05152
714.367	14.0599
717.329	22.0681
720.29	14.076
723.25	12.0837
726.207	14.0911
729.166	12.0983
732.123	4.10524
735.077	10.1119
738.032	14.1184
740.984	16.1246
743.938	24.1306
746.888	-1.86368
749.839	28.1418
752.788	6.14709
755.735	30.1521
758.682	6.15692
761.627	18.1615
764.574	18.1658
767.517	22.17
770.46	6.17385
773.402	12.1775
776.342	2.18096
779.282	16.1842
782.219	8.18718
785.157	12.19
788.094	10.1925
791.029	12.1949
793.962	10.197
796.896	8.19891
799.828	16.2006
802.76	12.2021
805.689	2.20338
808.619	10.2045
811.546	22.2053
814.473	24.206
817.4	24.2064
820.324	18.2067
823.248	22.2067
826.17	26.2066
829.092	12.2062
832.012	14.2056
834.932	18.2049
837.851	16.2039
840.768	14.2028
843.685	26.2015
846.599	30.1999
849.514	26.1982
852.428	32.1963
855.339	14.1942
858.251	-1.80809
861.16	18.1894
864.07	12.1868
866.978	8.18394
869.884	16.1809
872.792	12.1777
875.696	18.1743
878.599	20.1708
881.502	16.167
884.404	18.1631
887.304	4.15902
890.204	14.1548
893.103	-5.84968
896.001	14.1457
898.898	22.1409
901.794	16.136
904.689	14.1309
907.581	16.1256
910.474	22.1201
913.364	12.1145
916.256	10.1088
919.144	-1.89716
922.034	6.09674
924.92	-13.9095
927.808	-1.91592
930.693	16.0775
933.576	-1.92921
936.459	0.0639175
939.341	10.0569
942.222	-5.95029
945.102	10.0424
947.981	14.0349
950.859	10.0273
953.737	24.0195
956.613	16.0116
959.488	14.0035
962.361	3.9953
965.235	11.9869
968.105	1.97845
970.977	7.96982
973.846	11.961
976.716	5.95213
979.583	-4.05691
982.449	15.9339
985.316	15.9246
988.18	17.9151
991.043	15.9056
993.906	19.8959
996.767	15.886
999.628	19.876
1002.49	7.86595
1005.35	7.85572
1008.2	11.8454
1011.06	17.8349
1013.91	11.8243
1016.77	9.81359
1019.62	21.8028
1022.48	7.7918
1025.33	19.7807
1028.18	13.7695
1031.03	9.75823
1033.87	9.74682
1036.72	17.7353
1039.57	15.7236
1042.41	21.7119
1045.26	19.7
1048.1	13.688
1050.94	1.67594
1053.78	9.66374
1056.62	5.65144
1059.46	15.639
1062.3	-0.373479
1065.14	13.6139
1067.97	-0.398801
1070.81	21.5884
1073.64	21.5755
1076.47	1.56246
1079.31	9.54935
1082.14	13.5361
1084.97	21.5228
1087.8	13.5095
1090.63	11.496
1093.45	1.48239
1096.28	15.4687
1099.1	15.455
1101.93	13.4411
1104.75	3.42717
1107.57	29.4131
1110.39	7.39904
1113.21	1.38485
1116.03	1.37058
1118.85	9.35621
1121.66	15.3418
1124.48	13.3273
1127.3	15.3127
1130.11	1.29798
1132.92	13.2832
1135.73	11.2684
1138.54	21.2535
1141.35	-0.761481
1144.16	9.22346
1146.97	15.2083
1149.78	5.19314
1152.58	19.1779
1155.39	25.1625
1158.19	11.1471
1161	13.1317
1163.8	7.11615
1166.6	-2.89945
1169.4	11.0849
1172.2	11.0692
1174.99	7.05337
1177.79	-6.96248
1180.59	3.02162
1183.38	23.0057
1186.17	22.9896
1188.97	12.9735
1191.76	4.95741
1194.55	10.9412
1197.34	8.92497
1200.13	26.9087
1202.92	4.89232
1205.7	-3.12407
1208.49	8.85948
1211.27	14.843
1214.06	0.826438
1216.84	8.80984
1219.62	-5.20679
1222.4	22.7765
1225.18	-1.24021
1227.96	14.743
1230.74	16.7262
1233.51	24.7094
1236.29	6.69246
1239.06	8.67553
1241.84	12.6586
1244.61	10.6416
1247.38	14.6245
1250.15	8.60744
1252.92	34.5903
1255.69	4.57317
1258.46	28.556
1261.23	0.538781
1263.99	-9.47845
1266.76	6.50427
1269.52	20.487
1272.28	18.4697
1275.05	-7.54771
1277.81	4.43491
1280.57	-3.58249
1283.33	0.400083
1286.08	16.3826
1288.84	12.3652
1291.6	-9.65234
1294.35	6.33015
1297.11	10.3126
1299.86	-1.70493
1302.61	10.2775
1305.36	2.25991
1308.11	18.2423
1310.86	16.2247
1313.61	0.207069
1316.36	-1.81058
1319.1	6.17177
1321.85	0.154102
1324.59	4.13643
1327.33	8.11874
1330.08	12.101
1332.82	-7.91665
1335.56	22.0656
1338.3	8.04792
1341.04	20.0302
1343.77	20.0125
1346.51	19.9948
1349.25	5.97703
1351.98	1.95931
1354.71	-8.05842
1357.45	3.92385
1360.18	5.90613
1362.91	5.88839
1365.64	7.87067
1368.37	19.853
1371.09	-4.16476
1373.82	5.81754
1376.54	5.79985
1379.27	7.78215
1381.99	17.7645
1384.72	11.7468
1387.44	15.7291
1390.16	7.71147
1392.88	13.6938
1395.6	1.67619
1398.31	7.65858
1401.03	5.64098
1403.75	9.6234
1406.46	5.60582
1409.18	19.5883
1411.89	13.5707
1414.6	7.55321
1417.31	7.53572
1420.02	5.51824
1422.73	15.5008
1425.44	5.48334
1428.15	19.4659
1430.85	9.44854
1433.56	15.4312
1436.26	9.41384
1438.97	7.39653
1441.67	11.3792
1444.37	15.362
1447.07	17.3448
1449.77	13.3276
1452.47	15.3104
1455.16	1.29325
1457.86	15.2761
1460.56	15.2591
1463.25	17.242
1465.94	7.22502
1468.64	15.208
1471.33	3.19111
1474.02	5.17421
1476.71	3.15735
1479.4	1.14051
1482.09	15.1237
1484.77	15.107
1487.46	21.0903
1490.14	3.07362
1492.83	-0.943001
1495.51	7.04042
1498.19	-6.97612
1500.87	11.0074
1503.55	0.990952
1506.23	-1.02545
1508.91	2.9582
1511.59	4.94189
1514.27	8.92564
1516.94	4.90944
1519.62	14.8933
1522.29	0.877167
1524.96	-7.13889
1527.63	12.8451
1530.3	10.8292
1532.97	8.81327
1535.64	6.79742
1538.31	4.78163
1540.98	16.7659
1543.64	10.7502
1546.31	10.7346
1548.97	14.7191
1551.63	14.7036
1554.3	-5.31187
1556.96	4.67275
1559.62	2.65744
1562.28	8.64218
1564.94	6.62699
1567.59	14.6119
1570.25	-1.4032
1572.9	12.5818
1575.56	10.5669
1578.21	10.552
1580.86	14.5372
1583.52	2.52247
1586.17	20.5078
1588.82	16.4932
1591.47	12.4787
1594.11	10.4642
1596.76	16.4499
1599.41	8.43556
1602.05	20.4213
1604.69	24.4072
1607.34	4.39308
1609.98	14.3791
1612.62	4.36513
1615.26	6.35126
1617.9	-5.66251
1620.54	10.3238
1623.18	26.3102
1625.81	0.29661
1628.45	18.2831
1631.08	10.2698
1633.72	2.25646
1636.35	4.24324
1638.98	12.2301
1641.61	16.2171
1644.24	10.2041
1646.87	18.1912
1649.5	0.178395
1652.13	16.1657
1654.75	4.15306
1657.38	-1.85947
1660	10.1281
1662.63	16.1157
1665.25	6.10344
1667.87	14.0913
1670.49	18.0792
1673.11	4.06718
1675.73	-3.94473
1678.35	2.04346
1680.96	18.0317
1683.58	18.0201
1686.19	-5.9914
1688.81	17.9972
1691.42	7.98583
1694.03	13.9746
1696.64	9.96345
1699.25	-2.04758
1701.87	7.94147
1704.47	21.9306
1707.08	3.91989
1709.69	9.90925
1712.29	-4.10129
1714.9	15.8883
1717.5	-6.12206
1720.1	9.86771
1722.71	9.85758
1725.31	15.8476
1727.91	-0.16235
1730.51	-0.172154
1733.1	7.81815
1735.7	-6.19145
1738.3	5.79907
1740.89	-4.21031
1743.49	-2.21958
1746.08	11.7713
1748.67	7.76222
1751.26	19.7533
1753.86	-0.255532
1756.45	3.73576
1759.03	9.72716
1761.62	1.71868
1764.21	7.71031
1766.8	3.70206
1769.38	-2.30607
1771.97	11.6859
1774.55	3.678
1777.13	9.67022
1779.71	1.66255
1782.29	9.65501
1784.87	23.6476
1787.45	19.6403
1790.03	17.6331
1792.61	1.62601
1795.18	3.61907
1797.76	15.6122
1800.33	11.6055
1802.9	9.59897
1805.48	11.5925
1808.05	9.5862
1810.62	3.58
1813.19	15.5739
1815.76	15.568
1818.33	3.56215
1820.89	5.55646
1823.46	15.5509
1826.02	9.54546
1828.59	5.54016
1831.15	7.53498
1833.71	3.52994
1836.27	3.52502
1838.84	-0.479756
1841.39	13.5156
1843.95	17.5111
1846.51	19.5067
1849.07	15.5025
1851.62	-2.50166
1854.18	25.4944
1856.73	11.4905
1859.29	21.4868
1861.84	15.4833
1864.39	9.47982
1866.94	-4.52347
1869.49	7.47338
1872.04	-0.529633
1874.59	9.46749
1877.13	3.46476
1879.68	-8.53783
1882.22	9.45972
1884.77	-2.54259
1887.31	21.4552
1889.85	3.45323
1892.39	1.45135
1894.93	7.44962
1897.47	7.44803
1900.01	13.4466
1902.55	17.4453
1905.09	11.4441
1907.62	3.44314
1910.16	7.44228
1912.69	5.44158
1915.22	5.44102
1917.76	3.44061
1920.29	15.4403
1922.82	3.44024
1925.35	23.4403
1927.88	3.44048
1930.4	1.44082
1932.93	11.4413
1935.46	-2.55803
1937.98	11.4428
1940.51	17.4437
1943.03	-10.5552
1945.55	19.4461
1948.07	13.4475
1950.59	23.4491
1953.11	15.4509
1955.63	19.4527
1958.15	5.4548
1960.67	9.45701
1963.18	3.45938
1965.7	17.4619
1968.21	-6.53541
1970.73	17.4674
1973.24	13.4705
1975.75	13.4736
1978.26	19.477
1980.77	5.48044
1983.28	9.4841
1985.79	5.48792
1988.29	-8.50809
1990.8	13.4961
1993.31	17.5004
1995.81	17.5048
1998.31	3.50949
