100.093	24.2923
103.274	22.3107
106.457	16.3291
109.636	14.3476
112.817	12.3661
115.994	12.3847
119.172	22.4033
122.347	12.4219
125.521	16.4405
128.696	24.4592
131.868	8.47794
135.039	18.4967
138.209	16.5155
141.379	-1.46573
144.547	0.553097
147.713	2.57195
150.879	-1.40916
154.043	18.6098
157.206	26.6287
160.368	8.64765
163.529	4.66664
166.689	2.68565
169.848	14.7047
173.006	4.72375
176.163	10.7428
179.316	4.76192
182.471	-1.21896
185.625	-1.19982
188.777	2.81935
191.927	14.8385
195.077	16.8577
198.224	6.87692
201.372	28.8962
204.52	-1.0846
207.664	24.9347
210.809	22.9539
213.95	14.9732
217.091	0.992515
220.233	15.0118
223.372	17.0312
226.509	13.0505
229.648	-2.93015
232.784	11.0892
235.918	7.10857
239.051	13.1279
242.186	5.14734
245.317	21.1667
248.447	17.1861
251.577	13.2055
254.705	15.2249
257.832	17.2444
260.958	7.26378
264.083	11.2832
267.204	17.3026
270.327	11.3221
273.449	5.34149
276.57	7.36093
279.69	23.3804
282.806	17.3998
285.924	11.4192
289.04	15.4387
292.154	15.4581
295.268	-2.52247
298.379	5.49695
301.492	17.5164
304.601	9.53579
307.711	9.55521
310.818	11.5746
313.924	11.594
317.031	11.6134
320.135	13.6328
323.238	19.6522
326.34	15.6715
329.443	19.6909
332.543	7.71028
335.642	21.7296
338.74	11.749
341.836	13.7683
344.932	-4.21241
348.027	27.8069
351.12	7.82617
354.213	-0.154555
357.302	-2.13531
360.393	17.8839
363.482	11.9032
366.57	9.92238
369.656	13.9416
372.742	9.96075
375.827	17.9799
378.91	19.9991
381.993	14.0182
385.073	14.0373
388.154	14.0564
391.232	-7.92457
394.311	16.0945
397.387	8.11349
400.462	16.1325
403.536	10.1515
406.611	8.17042
409.683	-7.81065
412.754	14.2083
415.824	6.22713
418.893	6.24599
421.961	6.26481
425.027	0.283613
428.093	8.30239
431.158	0.321135
434.222	4.33985
437.284	6.35855
440.346	6.37721
443.407	24.3958
446.464	0.414432
449.523	8.433
452.581	24.4515
455.635	16.47
458.691	20.4885
461.743	14.507
464.797	-3.47464
467.847	4.54373
470.899	2.56207
473.947	2.58037
476.994	12.5986
480.043	4.61687
483.088	24.6351
486.133	-3.34679
489.176	6.67132
492.22	14.6894
495.262	-3.29255
498.302	10.7254
501.341	10.7434
504.38	4.76132
507.417	22.7792
510.453	-5.20296
513.487	6.81482
516.521	6.83258
519.554	10.8503
522.586	12.868
525.616	18.8856
528.646	14.9031
531.675	10.9207
534.701	8.93816
537.729	16.9556
540.753	4.97298
543.778	8.99033
546.8	13.0076
549.821	-8.97513
552.844	23.0421
555.863	1.05922
558.881	9.07632
561.898	11.0934
564.916	13.1104
567.932	11.1273
570.946	13.1442
573.959	13.1611
576.971	-6.82215
579.982	3.19459
582.993	27.2113
586	17.2279
589.008	-2.75553
592.015	9.26099
595.022	1.27746
598.025	3.29385
601.029	11.3102
604.032	-0.673494
607.033	11.3427
610.034	9.35892
613.032	-4.62497
616.032	15.3911
619.028	5.40709
622.023	-0.57697
625.018	25.4389
628.013	21.4547
631.005	9.47049
633.997	-2.51382
636.987	19.5018
639.977	-4.48262
642.965	9.53289
645.952	11.5483
648.939	11.5637
651.924	5.57902
654.909	1.59427
657.892	17.6095
660.873	15.6246
663.854	5.63962
666.835	17.6546
669.813	19.6695
672.791	9.68436
675.767	13.6991
678.743	5.71385
681.717	1.72848
684.692	13.7431
687.664	5.75755
690.634	3.77198
693.606	-2.21366
696.575	5.80063
699.543	19.8148
702.51	3.82898
705.475	-2.15695
708.44	9.85704
711.404	5.87096
714.367	-4.11519
717.329	15.8986
720.29	-6.08772
723.25	5.9259
726.207	7.93944
729.166	27.9529
732.123	13.9663
735.077	-2.02039
738.032	13.9929
740.984	10.006
743.938	8.01909
746.888	12.0321
749.839	8.04501
752.788	4.05785
755.735	12.0706
758.682	-1.91672
761.627	6.09588
764.574	20.1084
767.517	24.1208
770.46	0.133181
773.402	10.1454
776.342	16.1576
779.282	6.16973
782.219	12.1817
785.157	14.1937
788.094	14.2055
791.029	28.2173
793.962	6.22896
796.896	12.2405
799.828	18.252
802.76	20.2635
805.689	2.27479
808.619	8.28603
811.546	12.2972
814.473	16.3082
817.4	8.31921
820.324	14.3301
823.248	16.3409
826.17	14.3516
829.092	12.3622
832.012	8.37272
834.932	8.38315
837.851	-3.60652
840.768	24.4037
843.685	16.4139
846.599	10.4239
849.514	18.4339
852.428	22.4438
855.339	10.4535
858.251	18.4632
861.16	38.4728
864.07	8.4823
866.978	4.49169
869.884	10.501
872.792	22.5102
875.696	6.51929
878.599	-3.47171
881.502	4.5372
884.404	18.546
887.304	18.5547
890.204	22.5633
893.103	26.5718
896.001	-1.41975
898.898	2.58857
901.794	16.5968
904.689	14.6049
907.581	18.6129
910.474	26.6208
913.364	20.6286
916.256	2.63631
919.144	12.6439
922.034	20.6514
924.92	-1.34121
927.808	12.6661
930.693	20.6733
933.576	14.6803
936.459	2.68731
939.341	16.6942
942.222	12.7009
945.102	8.7076
947.981	2.71415
950.859	0.720592
953.737	10.7269
956.613	22.7332
959.488	14.7393
962.361	6.74528
965.235	-5.24881
968.105	4.75698
970.977	14.7627
973.846	16.7682
976.716	2.7737
979.583	10.779
982.449	12.7843
985.316	8.78942
988.18	16.7944
991.043	12.7993
993.906	8.80414
996.767	10.8088
999.628	8.81339
1002.49	0.817846
1005.35	16.8222
1008.2	20.8264
1011.06	-3.16947
1013.91	16.8345
1016.77	12.8384
1019.62	8.84218
1022.48	-1.15417
1025.33	20.8494
1028.18	20.8528
1031.03	18.8561
1033.87	0.859271
1036.72	12.8623
1039.57	2.86529
1042.41	16.8681
1045.26	14.8708
1048.1	14.8734
1050.94	22.8759
1053.78	14.8783
1056.62	12.8805
1059.46	10.8826
1062.3	6.88461
1065.14	18.8865
1067.97	14.8882
1070.81	14.8899
1073.64	18.8914
1076.47	16.8928
1079.31	14.894
1082.14	16.8952
1084.97	20.8962
1087.8	20.8971
1090.63	10.8979
1093.45	4.89852
1096.28	14.899
1099.1	16.8994
1101.93	18.8997
1104.75	8.89987
1107.57	26.8999
1110.39	4.89979
1113.21	2.89956
1116.03	0.899206
1118.85	12.8987
1121.66	14.8981
1124.48	4.89738
1127.3	10.8965
1130.11	14.8955
1132.92	14.8944
1135.73	8.89315
1138.54	20.8918
1141.35	10.8903
1144.16	18.8886
1146.97	8.88686
1149.78	4.88497
1152.58	8.88294
1155.39	16.8808
1158.19	6.87849
1161	8.87607
1163.8	12.8735
1166.6	14.8708
1169.4	18.868
1172.2	-1.13494
1174.99	2.86198
1177.79	22.8588
1180.59	6.85541
1183.38	-1.14807
1186.17	-1.15169
1188.97	4.84456
1191.76	14.8407
1194.55	10.8367
1197.34	6.83249
1200.13	0.828202
1202.92	10.8238
1205.7	12.8192
1208.49	4.81451
1211.27	8.80967
1214.06	2.8047
1216.84	24.7996
1219.62	14.7943
1222.4	16.7889
1225.18	22.7834
1227.96	8.77776
1230.74	6.77196
1233.51	-1.23398
1236.29	12.7599
1239.06	20.7537
1241.84	12.7474
1244.61	14.7409
1247.38	10.7342
1250.15	6.72744
1252.92	8.72052
1255.69	-3.28655
1258.46	-1.29375
1261.23	2.6989
1263.99	16.6914
1266.76	2.68379
1269.52	-19.324
1272.28	20.6681
1275.05	16.66
1277.81	6.65184
1280.57	4.6435
1283.33	12.635
1286.08	12.6264
1288.84	16.6176
1291.6	8.60868
1294.35	8.59961
1297.11	20.5904
1299.86	8.58104
1302.61	26.5715
1305.36	18.5619
1308.11	2.55209
1310.86	16.5422
1313.61	14.5321
1316.36	14.5218
1319.1	-1.48855
1321.85	6.50092
1324.59	8.49025
1327.33	10.4794
1330.08	28.4684
1332.82	24.4573
1335.56	26.4461
1338.3	2.43463
1341.04	26.4231
1343.77	4.41135
1346.51	8.39949
1349.25	12.3875
1351.98	10.3753
1354.71	12.363
1357.45	6.35051
1360.18	0.337898
1362.91	4.32512
1365.64	10.3122
1368.37	4.29913
1371.09	8.2859
1373.82	8.27252
1376.54	12.259
1379.27	6.24532
1381.99	8.23148
1384.72	14.2175
1387.44	-7.79665
1390.16	28.1891
1392.88	10.1746
1395.6	10.16
1398.31	14.1452
1401.03	8.13034
1403.75	6.11527
1406.46	12.1
1409.18	20.0847
1411.89	14.0691
1414.6	-5.94655
1417.31	-3.96239
1420.02	16.0216
1422.73	6.00545
1425.44	1.98914
1428.15	15.9727
1430.85	13.956
1433.56	9.93927
1436.26	5.92232
1438.97	-0.0947725
1441.67	9.88797
1444.37	9.87056
1447.07	-0.147007
1449.77	17.8353
1452.47	11.8174
1455.16	17.7993
1457.86	13.7811
1460.56	7.76275
1463.25	-0.255784
1465.94	5.72554
1468.64	9.70669
1471.33	9.68769
1474.02	1.66851
1476.71	7.64919
1479.4	15.6297
1482.09	5.61005
1484.77	15.5902
1487.46	11.5703
1490.14	1.55013
1492.83	15.5298
1495.51	5.50938
1498.19	13.4888
1500.87	7.46798
1503.55	5.44703
1506.23	9.42592
1508.91	5.40465
1511.59	-0.616791
1514.27	1.36162
1516.94	15.3399
1519.62	11.3179
1522.29	5.29583
1524.96	15.2736
1527.63	21.2512
1530.3	19.2286
1532.97	25.2058
1535.64	5.18291
1538.31	13.1598
1540.98	-4.86341
1543.64	11.1132
1546.31	13.0896
1548.97	25.0659
1551.63	-4.95805
1554.3	5.01786
1556.96	20.9936
1559.62	22.9692
1562.28	8.94464
1564.94	8.9199
1567.59	12.895
1570.25	10.8699
1572.9	16.8447
1575.56	18.8192
1578.21	12.7937
1580.86	4.7679
1583.52	2.74197
1586.17	22.7159
1588.82	4.68962
1591.47	-1.3368
1594.11	10.6366
1596.76	-11.3902
1599.41	22.5829
1602.05	0.555805
1604.69	18.5285
1607.34	10.5011
1609.98	12.4735
1612.62	6.44567
1615.26	16.4177
1617.9	-1.61042
1620.54	-5.63873
1623.18	16.3328
1625.81	2.30415
1628.45	12.2753
1631.08	-1.75364
1633.72	-3.78279
1636.35	12.1879
1638.98	2.15837
1641.61	6.1287
1644.24	2.09884
1646.87	6.06882
1649.5	22.0386
1652.13	4.00826
1654.75	-6.02229
1657.38	9.94701
1660	7.9161
1662.63	11.885
1665.25	-0.146204
1667.87	13.8224
1670.49	-2.20919
1673.11	1.75905
1675.73	13.7271
1678.35	19.695
1680.96	7.66271
1683.58	7.63027
1686.19	3.59762
1688.81	17.5648
1691.42	23.5318
1694.03	17.4986
1696.64	7.46532
1699.25	3.43181
1701.87	7.3981
1704.47	9.36424
1707.08	3.33019
1709.69	9.29597
1712.29	17.2616
1714.9	-2.77301
1717.5	-10.8077
1720.1	-2.84268
1722.71	23.1222
1725.31	7.08693
1727.91	11.0515
1730.51	-0.984179
1733.1	12.98
1735.7	2.94399
1738.3	-3.09218
1740.89	28.8715
1743.49	6.83493
1746.08	-5.20179
1748.67	20.7613
1751.26	4.72427
1753.86	16.687
1756.45	-5.35043
1759.03	8.61197
1761.62	0.574165
1764.21	6.5362
1766.8	12.4981
1769.38	-7.54026
1771.97	4.42121
1774.55	2.38252
1777.13	4.34364
1779.71	10.3046
1782.29	0.265374
1784.87	12.226
1787.45	8.18635
1790.03	4.14659
1792.61	12.1066
1795.18	2.06649
1797.76	14.0261
1800.33	-4.01435
1802.9	1.94497
1805.48	17.9041
1808.05	-6.13695
1810.62	3.82182
1813.19	9.7804
1815.76	13.7388
1818.33	13.697
1820.89	7.65503
1823.46	1.6129
1826.02	5.57055
1828.59	9.52805
1831.15	9.48536
1833.71	-4.55755
1836.27	17.3994
1838.84	3.35614
1841.39	1.31271
1843.95	-0.73091
1846.51	1.22528
1849.07	5.18132
1851.62	5.13714
1854.18	21.0928
1856.73	9.04824
1859.29	-0.996499
1861.84	6.9586
1864.39	8.91351
1866.94	18.8682
1869.49	10.8227
1872.04	12.7771
1874.59	12.7313
1877.13	0.685227
1879.68	14.639
1882.22	6.59264
1884.77	-3.45396
1887.31	12.4993
1889.85	6.45232
1892.39	14.4052
1894.93	4.35788
1897.47	10.3103
1900.01	8.26264
1902.55	8.21475
1905.09	4.16668
1907.62	6.11841
1910.16	12.07
1912.69	0.0213415
1915.22	15.9725
1917.76	13.9235
1920.29	1.87429
1922.82	13.8249
1925.35	3.77532
1927.88	3.72556
1930.4	17.6756
1932.93	-6.37452
1935.46	7.57515
1937.98	3.52463
1940.51	15.4739
1943.03	1.42301
1945.55	21.3719
1948.07	3.32066
1950.59	9.26922
1953.11	5.21754
1955.63	13.1657
1958.15	15.1137
1960.67	15.0615
1963.18	1.00908
1965.7	-3.04353
1968.21	-3.09632
1970.73	4.8507
1973.24	4.79752
1975.75	0.744187
1978.26	0.690621
1980.77	8.6369
1983.28	4.58295
1985.79	-3.47116
1988.29	0.47454
1990.8	6.42001
1993.31	8.36532
1995.81	8.31043
1998.31	6.25539
