100.093	6.63044
103.274	2.73102
106.457	24.831
109.636	12.9302
112.817	9.02882
115.994	29.1267
119.172	-4.77605
122.347	27.3205
125.521	1.41634
128.696	5.5116
131.868	21.6061
135.039	1.70002
138.209	3.79324
141.379	15.8859
144.547	3.97779
147.713	8.06907
150.879	8.15969
154.043	14.2497
157.206	-3.66098
160.368	4.42773
163.529	8.5158
166.689	6.60324
169.848	2.69005
173.006	2.77623
176.163	14.8618
179.316	10.9467
182.471	13.031
185.625	13.1147
188.777	-2.80222
191.927	3.2802
195.077	-4.63793
198.224	19.4433
201.372	27.5239
204.52	5.60399
207.664	-6.31661
210.809	11.7623
213.95	-0.159528
217.091	13.9181
220.233	1.99519
223.372	10.0716
226.509	18.1475
229.648	8.22285
232.784	20.2976
235.918	8.3717
239.051	-3.55474
242.186	14.5183
245.317	6.59072
248.447	8.66258
251.577	0.73388
254.705	24.8046
257.832	0.874793
260.958	20.9444
264.083	23.0135
267.204	13.082
270.327	5.14993
273.449	7.21735
276.57	7.28424
279.69	19.3506
282.806	17.4163
285.924	21.4816
289.04	15.5463
292.154	3.6105
295.268	17.6742
298.379	1.73728
301.492	11.7999
304.601	13.862
307.711	9.92355
310.818	15.9846
313.924	16.0451
317.031	-7.89487
320.135	-1.83538
323.238	10.2236
326.34	24.2821
329.443	10.3401
332.543	0.397584
335.642	18.4546
338.74	6.51106
341.836	8.56705
344.932	8.62256
348.027	6.67757
351.12	12.7321
354.213	18.7862
357.302	6.83969
360.393	2.89278
363.482	6.94539
366.57	6.99753
369.656	-4.95083
372.742	13.1004
375.827	5.1511
378.91	-6.79866
381.993	-8.74886
385.073	27.3005
388.154	5.34935
391.232	-0.602254
394.311	15.4457
397.387	1.49322
400.462	3.54027
403.536	11.5869
406.611	23.6331
409.683	-6.32121
412.754	5.72407
415.824	17.7689
418.893	11.8133
421.961	-0.142707
425.027	7.90084
428.093	5.94396
431.158	1.98665
434.222	-1.97108
437.284	10.0708
440.346	0.11219
443.407	4.1532
446.464	0.19377
449.523	2.23395
452.581	6.27373
455.635	2.31307
458.691	12.352
461.743	2.39056
464.797	8.42871
467.847	-7.53356
470.899	16.5038
473.947	2.54074
476.994	16.5773
480.043	2.61347
483.088	4.64923
486.133	-3.31539
489.176	14.7196
492.22	4.75425
495.262	2.78849
498.302	2.82235
501.341	-1.14417
504.38	8.88894
507.417	4.92168
510.453	8.95405
513.487	12.986
516.521	9.01767
519.554	5.04895
522.586	7.07986
525.616	7.1104
528.646	13.1406
531.675	-2.82955
534.701	13.1999
537.729	11.2291
540.753	13.2578
543.778	7.2863
546.8	9.31438
549.821	-0.657868
552.844	-0.630442
555.863	13.3966
558.881	1.42336
561.898	5.44976
564.916	11.4759
567.932	3.50159
570.946	-6.47299
573.959	7.5521
576.971	5.57686
579.982	7.60131
582.993	3.62543
586	-0.350773
589.008	7.67272
592.015	19.6959
595.022	-6.28123
598.025	1.74132
601.029	-0.236426
604.032	7.78552
607.033	21.8072
610.034	13.8285
613.032	-2.15047
616.032	3.87028
619.028	19.8907
622.023	3.91087
625.018	9.93073
628.013	23.9503
631.005	-8.0304
633.997	15.9886
636.987	-5.99269
639.977	20.0257
642.965	6.04389
645.952	4.06177
648.939	18.0794
651.924	-1.9033
654.909	16.1138
657.892	-1.86945
660.873	6.14706
663.854	10.1633
666.835	8.1793
669.813	6.19502
672.791	18.2105
675.767	8.22569
678.743	2.24065
681.717	-3.74466
684.692	2.26979
687.664	8.28398
690.634	4.29793
693.606	10.3116
696.575	8.32508
699.543	8.33829
702.51	36.3513
705.475	10.364
708.44	6.37648
711.404	8.38874
714.367	4.40076
717.329	12.4126
720.29	-1.57588
723.25	14.4355
726.207	0.446557
729.166	22.4574
732.123	20.4681
735.077	10.4785
738.032	22.4888
740.984	6.49877
743.938	12.5086
746.888	8.51814
749.839	10.5275
752.788	18.5367
755.735	6.54561
758.682	16.5543
761.627	-3.43711
764.574	2.57123
767.517	16.5794
770.46	14.5873
773.402	6.59504
776.342	12.6026
779.282	12.6099
782.219	12.6171
785.157	4.62406
788.094	18.6308
791.029	10.6374
793.962	6.64386
796.896	16.6501
799.828	18.6561
802.76	8.66201
805.689	8.6677
808.619	4.67322
811.546	6.67856
814.473	8.68373
817.4	14.6887
820.324	20.6936
823.248	14.6982
826.17	20.7027
829.092	10.7071
832.012	22.7112
834.932	16.7153
837.851	12.7191
840.768	16.7228
843.685	30.7264
846.599	18.7298
849.514	10.733
852.428	14.7361
855.339	2.73904
858.251	26.7418
861.16	18.7445
864.07	10.747
866.978	30.7494
869.884	22.7516
872.792	-1.2463
875.696	10.7557
878.599	0.75748
881.502	22.7592
884.404	26.7607
887.304	10.7622
890.204	16.7635
893.103	12.7646
896.001	0.76569
898.898	4.76662
901.794	16.7674
904.689	8.76812
907.581	12.7687
910.474	14.7691
913.364	4.76948
916.256	4.76971
919.144	16.7698
922.034	-1.23017
924.92	4.76973
927.808	10.7695
930.693	8.76921
933.576	2.76879
936.459	0.768277
939.341	4.76766
942.222	20.7669
945.102	0.766131
947.981	0.765224
950.859	2.76422
953.737	0.763129
956.613	32.7619
959.488	6.76067
962.361	2.75931
965.235	-3.24213
968.105	0.756338
970.977	6.75473
973.846	6.75303
976.716	10.7513
979.583	12.7494
982.449	6.74748
985.316	-3.25452
988.18	6.74341
991.043	14.7413
993.906	-5.26095
996.767	12.7368
999.628	18.7344
1002.49	20.732
1005.35	2.72951
1008.2	12.727
1011.06	16.7244
1013.91	20.7217
1016.77	18.719
1019.62	8.7162
1022.48	14.7134
1025.33	16.7105
1028.18	4.70754
1031.03	2.70455
1033.87	10.7015
1036.72	6.69843
1039.57	16.6953
1042.41	-1.30788
1045.26	6.68891
1048.1	20.6856
1050.94	12.6823
1053.78	-1.32099
1056.62	10.6756
1059.46	8.67222
1062.3	14.6688
1065.14	12.6653
1067.97	4.6618
1070.81	18.6583
1073.64	4.65469
1076.47	10.6511
1079.31	6.64748
1082.14	12.6438
1084.97	12.6402
1087.8	20.6365
1090.63	16.6328
1093.45	0.629064
1096.28	0.625325
1099.1	10.6216
1101.93	10.6178
1104.75	10.614
1107.57	-3.38977
1110.39	8.60643
1113.21	16.6026
1116.03	6.5988
1118.85	8.59498
1121.66	22.5912
1124.48	0.587326
1127.3	12.5835
1130.11	6.57967
1132.92	0.575841
1135.73	2.57202
1138.54	8.5682
1141.35	26.5644
1144.16	4.56058
1146.97	2.55678
1149.78	8.55299
1152.58	10.5492
1155.39	14.5454
1158.19	18.5417
1161	8.53796
1163.8	-5.46576
1166.6	8.53054
1169.4	10.5269
1172.2	-1.4768
1174.99	12.5196
1177.79	6.51595
1180.59	16.5124
1183.38	-3.4912
1186.17	12.5053
1188.97	16.5018
1191.76	0.498276
1194.55	4.49483
1197.34	-3.50858
1200.13	8.48804
1202.92	12.4847
1205.7	2.48139
1208.49	10.4781
1211.27	2.47489
1214.06	-7.5283
1216.84	8.46856
1219.62	-1.53454
1222.4	-7.5376
1225.18	4.45938
1227.96	10.4564
1230.74	-1.5465
1233.51	2.45063
1236.29	4.44782
1239.06	6.44505
1241.84	4.44234
1244.61	2.43969
1247.38	10.4371
1250.15	6.43455
1252.92	6.43206
1255.69	2.42964
1258.46	6.42728
1261.23	4.42498
1263.99	12.4227
1266.76	22.4206
1269.52	16.4185
1272.28	16.4164
1275.05	14.4145
1277.81	8.41256
1280.57	4.41073
1283.33	0.408979
1286.08	6.4073
1288.84	16.4057
1291.6	8.40416
1294.35	6.40271
1297.11	4.40133
1299.86	10.4
1302.61	8.39882
1305.36	18.3977
1308.11	-3.60336
1310.86	6.39568
1313.61	10.3948
1316.36	14.394
1319.1	10.3933
1321.85	10.3927
1324.59	-9.60783
1327.33	4.39174
1330.08	6.3914
1332.82	2.39116
1335.56	8.39101
1338.3	-1.60904
1341.04	24.391
1343.77	0.391152
1346.51	22.3914
1349.25	-9.60826
1351.98	-3.60781
1354.71	12.3927
1357.45	6.3934
1360.18	-15.6058
1362.91	14.395
1365.64	0.396013
1368.37	0.3971
1371.09	2.3983
1373.82	16.3996
1376.54	22.401
1379.27	-3.59743
1381.99	-3.59578
1384.72	16.406
1387.44	4.40787
1390.16	6.40988
1392.88	16.412
1395.6	-5.58576
1398.31	16.4166
1401.03	20.4191
1403.75	16.4217
1406.46	2.42445
1409.18	6.42732
1411.89	4.43031
1414.6	10.4334
1417.31	6.43668
1420.02	14.4401
1422.73	8.44357
1425.44	10.4472
1428.15	2.451
1430.85	8.45491
1433.56	-1.54104
1436.26	6.46316
1438.97	8.46748
1441.67	-3.52805
1444.37	12.4766
1447.07	10.4813
1449.77	16.4862
1452.47	14.4912
1455.16	16.4964
1457.86	2.50174
1460.56	-7.49279
1463.25	4.51283
1465.94	8.5186
1468.64	-3.47547
1471.33	-1.4694
1474.02	2.53682
1476.71	4.5432
1479.4	20.5497
1482.09	-1.44358
1484.77	-1.43674
1487.46	18.5703
1490.14	4.57743
1492.83	2.58475
1495.51	20.5922
1498.19	6.59987
1500.87	12.6077
1503.55	4.61564
1506.23	10.6238
1508.91	10.6321
1511.59	-1.35946
1514.27	2.64917
1516.94	4.65797
1519.62	4.66695
1522.29	10.6761
1524.96	-1.31459
1527.63	12.6949
1530.3	0.704557
1532.97	14.7144
1535.64	6.72441
1538.31	12.7346
1540.98	18.745
1543.64	20.7555
1546.31	12.7662
1548.97	6.77714
1551.63	6.78823
1554.3	20.7995
1556.96	18.811
1559.62	4.8226
1562.28	24.8344
1564.94	14.8464
1567.59	8.85863
1570.25	0.871022
1572.9	2.8836
1575.56	6.89637
1578.21	6.90933
1580.86	-3.07752
1583.52	8.93583
1586.17	16.9494
1588.82	18.9631
1591.47	12.977
1594.11	4.99116
1596.76	7.00549
1599.41	-0.979986
1602.05	1.03474
1604.69	-2.95033
1607.34	33.0648
1609.98	23.0801
1612.62	9.09567
1615.26	5.11141
1617.9	15.1274
1620.54	5.14351
1623.18	5.15986
1625.81	11.1764
1628.45	21.1932
1631.08	3.2102
1633.72	-2.7726
1636.35	-0.755194
1638.98	1.26243
1641.61	5.28027
1644.24	5.29832
1646.87	3.31659
1649.5	11.3351
1652.13	-0.646225
1654.75	7.3727
1657.38	3.39183
1660	11.4112
1662.63	11.4308
1665.25	15.4506
1667.87	31.4706
1670.49	3.49086
1673.11	9.51133
1675.73	21.532
1678.35	13.553
1680.96	7.57411
1683.58	31.5955
1686.19	-0.382904
1688.81	1.63894
1691.42	13.661
1694.03	15.6833
1696.64	9.70584
1699.25	-4.2714
1701.87	21.7516
1704.47	15.7748
1707.08	9.79832
1709.69	9.82202
1712.29	15.846
1714.9	-6.12984
1717.5	5.89457
1720.1	19.9192
1722.71	11.9441
1725.31	9.96928
1727.91	13.9947
1730.51	16.0203
1733.1	4.04617
1735.7	0.0723033
1738.3	16.0987
1740.89	10.1253
1743.49	4.15214
1746.08	24.1792
1748.67	20.2066
1751.26	8.2342
1753.86	24.2621
1756.45	8.29018
1759.03	8.31853
1761.62	8.34715
1764.21	2.37601
1766.8	18.4051
1769.38	-1.5655
1771.97	12.4642
1774.55	10.494
1777.13	12.5242
1779.71	8.5546
1782.29	0.585256
1784.87	12.6162
1787.45	8.64738
1790.03	2.67882
1792.61	-5.28945
1795.18	10.7425
1797.76	4.77477
1800.33	2.80727
1802.9	10.84
1805.48	20.8731
1808.05	2.90637
1810.62	18.9399
1813.19	18.9738
1815.76	13.0079
1818.33	7.0423
1820.89	23.077
1823.46	17.1119
1826.02	13.1471
1828.59	15.1825
1831.15	17.2183
1833.71	3.25431
1836.27	7.2906
1838.84	1.32717
1841.39	13.364
1843.95	13.4011
1846.51	27.4386
1849.07	27.4762
1851.62	13.5142
1854.18	11.5524
1856.73	17.591
1859.29	9.62978
1861.84	13.6689
1864.39	21.7082
1866.94	11.7479
1869.49	13.7879
1872.04	15.8281
1874.59	15.8686
1877.13	21.9094
1879.68	7.95047
1882.22	15.9919
1884.77	14.0335
1887.31	-3.92451
1889.85	4.11775
1892.39	16.1603
1894.93	18.2031
1897.47	12.2463
1900.01	12.2897
1902.55	22.3334
1905.09	16.3774
1907.62	6.4217
1910.16	6.46628
1912.69	12.5112
1915.22	16.5564
1917.76	24.6019
1920.29	20.6477
1922.82	18.6938
1925.35	16.7402
1927.88	18.7869
1930.4	18.8339
1932.93	-3.11884
1935.46	12.9288
1937.98	-5.02333
1940.51	17.0249
1943.03	5.07341
1945.55	11.1222
1948.07	-2.82864
1950.59	13.2208
1953.11	23.2705
1955.63	7.32058
1958.15	15.3709
1960.67	1.4216
1963.18	23.4726
1965.7	-0.476127
1968.21	5.57548
1970.73	17.6274
1973.24	1.67964
1975.75	19.7322
1978.26	13.785
1980.77	-6.16181
1983.28	17.8917
1985.79	13.9455
1988.29	23.9996
1990.8	24.0541
1993.31	0.108829
1995.81	6.16391
1998.31	16.2193
