100.093	21.7689
103.274	7.92352
106.457	4.07727
109.636	12.2299
112.817	4.38164
115.994	6.53227
119.172	22.682
122.347	4.83063
125.521	12.9783
128.696	9.12501
131.868	13.2707
135.039	1.41535
138.209	11.559
141.379	5.70187
144.547	-6.15638
147.713	1.9844
150.879	6.12422
154.043	10.2631
157.206	6.40097
160.368	-9.46208
163.529	14.6739
166.689	8.80895
169.848	-3.05694
173.006	5.07622
176.163	-0.791561
179.316	9.33964
182.471	11.47
185.625	3.59943
188.777	-2.27206
191.927	-4.14456
195.077	7.98212
198.224	2.10779
201.372	2.23264
204.52	10.3566
207.664	6.47954
210.809	2.60168
213.95	-1.27715
217.091	24.8431
220.233	-1.03742
223.372	-0.918922
226.509	13.1987
229.648	23.3155
232.784	11.4314
235.918	-2.45364
239.051	13.6605
242.186	11.7738
245.317	-2.1138
248.447	-0.00226699
251.577	10.1084
254.705	6.21824
257.832	2.32721
260.958	8.43534
264.083	12.5426
267.204	4.64901
270.327	10.7546
273.449	34.8594
276.57	12.9634
279.69	5.06649
282.806	5.16872
285.924	9.27021
289.04	3.37088
292.154	5.47067
295.268	-0.430288
298.379	1.66789
301.492	13.7653
304.601	7.86189
307.711	-4.04227
310.818	8.05271
313.924	6.1469
317.031	-1.75963
320.135	8.33299
323.238	0.424833
326.34	24.5159
329.443	0.606245
332.543	22.6958
335.642	22.7845
338.74	16.8725
341.836	6.95972
344.932	11.0462
348.027	23.1319
351.12	19.2169
354.213	-0.698935
357.302	9.38447
360.393	15.4672
363.482	-0.450827
366.57	7.63042
369.656	11.7109
372.742	9.79065
375.827	1.86971
378.91	1.94798
381.993	28.0256
385.073	4.10242
388.154	4.1786
391.232	0.254008
394.311	0.328761
397.387	4.40276
400.462	2.47605
403.536	18.5486
406.611	16.6206
409.683	8.6918
412.754	12.7623
415.824	4.83214
418.893	-3.09872
421.961	2.96974
425.027	11.0375
428.093	-0.895373
431.158	13.1711
434.222	11.2368
437.284	17.3019
440.346	19.3664
443.407	13.4301
446.464	-0.506796
449.523	11.5557
452.581	15.6175
455.635	-2.32141
458.691	7.73911
461.743	11.7989
464.797	13.8582
467.847	-0.0832792
470.899	9.97468
473.947	18.032
476.994	10.0886
480.043	12.1447
483.088	4.20011
486.133	18.2549
489.176	16.3091
492.22	6.36268
495.262	24.4156
498.302	14.468
501.341	12.5197
504.38	4.57085
507.417	12.6214
510.453	8.67133
513.487	-1.27936
516.521	12.7694
519.554	12.8176
522.586	6.86515
525.616	12.9121
528.646	6.95853
531.675	1.00438
534.701	7.04961
537.729	1.09431
540.753	17.1384
543.778	-2.81803
546.8	5.22494
549.821	9.26735
552.844	7.30923
555.863	3.35053
558.881	5.39127
561.898	-2.56853
564.916	1.47115
567.932	9.51025
570.946	15.5488
573.959	-6.41315
576.971	11.6243
579.982	-2.3387
582.993	1.69773
586	15.7336
589.008	15.769
592.015	5.80385
595.022	-0.161812
598.025	21.872
601.029	13.9053
604.032	-10.0619
607.033	13.9704
610.034	8.00214
613.032	14.0334
616.032	0.0641787
619.028	16.0944
622.023	8.12421
625.018	12.1535
628.013	20.1823
631.005	14.2106
633.997	20.2384
636.987	6.26572
639.977	16.2926
642.965	16.319
645.952	16.3449
648.939	18.3703
651.924	4.39525
654.909	6.41974
657.892	6.44378
660.873	16.4673
663.854	18.4904
666.835	6.5131
669.813	-1.46471
672.791	18.557
675.767	6.57834
678.743	-5.4008
681.717	20.6196
684.692	16.6396
687.664	16.6591
690.634	12.6782
693.606	8.69686
696.575	6.71509
699.543	10.7329
702.51	20.7503
705.475	18.7672
708.44	6.78375
711.404	16.7999
714.367	10.8156
717.329	2.83085
720.29	14.8457
723.25	10.8602
726.207	6.87425
729.166	18.8879
732.123	10.9012
735.077	18.914
738.032	14.9265
740.984	24.9386
743.938	34.9503
746.888	10.9615
749.839	12.9725
752.788	0.982977
755.735	12.9931
758.682	17.0029
761.627	21.0123
764.574	25.0213
767.517	9.02993
770.46	15.0382
773.402	13.0461
776.342	-2.94634
779.282	-6.93915
782.219	11.0677
785.157	19.0741
788.094	5.08026
791.029	23.086
793.962	17.0914
796.896	23.0965
799.828	7.10122
802.76	17.1056
805.689	25.1096
808.619	17.1133
811.546	11.1167
814.473	33.1197
817.4	17.1224
820.324	11.1248
823.248	17.1269
826.17	11.1286
829.092	5.13
832.012	13.1311
834.932	15.1319
837.851	17.1323
840.768	13.1325
843.685	3.1323
846.599	11.1318
849.514	13.131
852.428	17.13
855.339	17.1286
858.251	17.1269
861.16	9.12493
864.07	15.1227
866.978	11.1201
869.884	11.1173
872.792	21.1141
875.696	27.1107
878.599	15.107
881.502	21.103
884.404	9.09877
887.304	21.0942
890.204	13.0894
893.103	15.0844
896.001	1.07901
898.898	23.0734
901.794	13.0675
904.689	21.0614
907.581	33.055
910.474	11.0483
913.364	23.0414
916.256	21.0342
919.144	21.0268
922.034	13.0192
924.92	1.01125
927.808	9.00309
930.693	18.9947
933.576	10.9861
936.459	4.97718
939.341	4.96807
942.222	14.9587
945.102	6.94915
947.981	16.9393
950.859	-7.07069
953.737	20.919
956.613	24.9086
959.488	20.8979
962.361	16.8869
965.235	22.8758
968.105	10.8645
970.977	12.8529
973.846	6.84112
976.716	2.82913
979.583	20.8169
982.449	16.8046
985.316	6.79196
988.18	24.7792
991.043	10.7662
993.906	10.753
996.767	26.7396
999.628	6.72604
1002.49	-1.28772
1005.35	2.69833
1008.2	8.6842
1011.06	16.6699
1013.91	20.6554
1016.77	20.6407
1019.62	2.62586
1022.48	14.6108
1025.33	16.5956
1028.18	18.5803
1031.03	2.56472
1033.87	18.549
1036.72	6.53314
1039.57	18.5171
1042.41	16.5009
1045.26	26.4846
1048.1	12.4681
1050.94	12.4514
1053.78	16.4346
1056.62	16.4176
1059.46	2.40048
1062.3	16.3832
1065.14	12.3658
1067.97	-3.65174
1070.81	30.3306
1073.64	14.3127
1076.47	4.29478
1079.31	12.2767
1082.14	30.2584
1084.97	-3.75994
1087.8	12.2216
1090.63	24.203
1093.45	12.1842
1096.28	16.1653
1099.1	14.1463
1101.93	4.12723
1104.75	12.108
1107.57	18.0887
1110.39	6.06919
1113.21	22.0496
1116.03	22.0299
1118.85	6.01015
1121.66	13.9903
1124.48	3.97026
1127.3	15.9502
1130.11	-2.07004
1132.92	13.9097
1135.73	1.88928
1138.54	1.86879
1141.35	23.8482
1144.16	3.82752
1146.97	-6.19324
1149.78	17.7859
1152.58	15.765
1155.39	7.74397
1158.19	23.7229
1161	7.70168
1163.8	17.6804
1166.6	15.6591
1169.4	9.63768
1172.2	-4.3838
1174.99	1.59464
1177.79	25.573
1180.59	23.5513
1183.38	3.52959
1186.17	-0.492233
1188.97	-4.51411
1191.76	11.464
1194.55	5.44196
1197.34	3.41991
1200.13	1.3978
1202.92	3.37564
1205.7	-0.646557
1208.49	17.3312
1211.27	17.3089
1214.06	5.28653
1216.84	11.2641
1219.62	21.2417
1222.4	1.21921
1225.18	11.1967
1227.96	7.17415
1230.74	3.15156
1233.51	11.1289
1236.29	3.10629
1239.06	-6.91639
1241.84	9.0609
1244.61	11.0382
1247.38	7.0154
1250.15	-1.00737
1252.92	-9.03017
1255.69	4.947
1258.46	24.9242
1261.23	16.9013
1263.99	16.8784
1266.76	14.8556
1269.52	8.83266
1272.28	2.80977
1275.05	4.78684
1277.81	4.76393
1280.57	4.74101
1283.33	14.7181
1286.08	14.6952
1288.84	-9.32775
1291.6	-13.3507
1294.35	12.6264
1297.11	26.6035
1299.86	10.5806
1302.61	16.5577
1305.36	6.53484
1308.11	-3.48804
1310.86	14.4891
1313.61	18.4663
1316.36	-3.55655
1319.1	4.42066
1321.85	4.39788
1324.59	10.3751
1327.33	4.35239
1330.08	12.3297
1332.82	22.307
1335.56	12.2843
1338.3	10.2617
1341.04	10.2391
1343.77	22.2166
1346.51	18.1941
1349.25	14.1716
1351.98	6.14915
1354.71	12.1267
1357.45	12.1044
1360.18	4.08207
1362.91	24.0598
1365.64	18.0376
1368.37	16.0154
1371.09	5.99325
1373.82	-0.028828
1376.54	11.9492
1379.27	3.92719
1381.99	-2.09473
1384.72	5.8834
1387.44	9.86161
1390.16	11.8399
1392.88	-0.1818
1395.6	-6.20342
1398.31	9.77504
1401.03	9.75356
1403.75	-4.26785
1406.46	3.7108
1409.18	21.6895
1411.89	7.66833
1414.6	9.6472
1417.31	13.6262
1420.02	21.6052
1422.73	13.5843
1425.44	13.5635
1428.15	17.5428
1430.85	3.5221
1433.56	1.50155
1436.26	11.4811
1438.97	5.46068
1441.67	23.4404
1444.37	11.4202
1447.07	7.40007
1449.77	-6.61996
1452.47	9.36012
1455.16	13.3403
1457.86	19.3206
1460.56	19.3009
1463.25	13.2814
1465.94	9.26196
1468.64	-2.75737
1471.33	3.22341
1474.02	3.20429
1476.71	19.1853
1479.4	-0.833611
1482.09	7.14761
1484.77	7.12894
1487.46	5.11038
1490.14	9.09194
1492.83	-0.926387
1495.51	9.0554
1498.19	3.03731
1500.87	7.01936
1503.55	7.00151
1506.23	0.983783
1508.91	-5.03381
1511.59	2.94872
1514.27	-1.06862
1516.94	0.914175
1519.62	12.8971
1522.29	18.8801
1524.96	8.86333
1527.63	0.846648
1530.3	18.8301
1532.97	10.8137
1535.64	8.79743
1538.31	2.7813
1540.98	14.7653
1543.64	14.7495
1546.31	6.73379
1548.97	14.7182
1551.63	6.70283
1554.3	2.68757
1556.96	8.67247
1559.62	8.65752
1562.28	6.64272
1564.94	20.6281
1567.59	-1.38642
1570.25	6.59924
1572.9	12.5851
1575.56	18.571
1578.21	4.55719
1580.86	-7.4565
1583.52	20.53
1586.17	12.5166
1588.82	4.50339
1591.47	16.4904
1594.11	24.4775
1596.76	2.4648
1599.41	12.4523
1602.05	-3.56008
1604.69	2.42774
1607.34	18.4157
1609.98	8.4039
1612.62	6.39225
1615.26	0.380778
1617.9	14.3695
1620.54	6.35838
1623.18	-1.65255
1625.81	0.336702
1628.45	14.3261
1631.08	18.3158
1633.72	6.30559
1636.35	10.2956
1638.98	14.2858
1641.61	14.2762
1644.24	4.26675
1646.87	4.25752
1649.5	16.2485
1652.13	20.2396
1654.75	2.23101
1657.38	10.2226
1660	14.2143
1662.63	0.206287
1665.25	6.19845
1667.87	6.19081
1670.49	6.18339
1673.11	6.17616
1675.73	10.1691
1678.35	10.1623
1680.96	-1.84426
1683.58	20.1494
1686.19	8.14319
1688.81	8.13722
1691.42	12.1315
1694.03	30.1259
1696.64	20.1206
1699.25	-3.88446
1701.87	18.1107
1704.47	4.10601
1707.08	4.10158
1709.69	18.0974
1712.29	6.09338
1714.9	12.0896
1717.5	12.0861
1720.1	6.08277
1722.71	0.0796941
1725.31	12.0768
1727.91	6.07423
1730.51	2.07184
1733.1	12.0697
1735.7	4.06777
1738.3	8.06608
1740.89	-7.93536
1743.49	14.0634
1746.08	20.0625
1748.67	6.06173
1751.26	-1.93876
1753.86	20.061
1756.45	28.061
1759.03	4.06123
1761.62	18.0617
1764.21	24.0625
1766.8	12.0634
1769.38	16.0647
1771.97	6.06615
1774.55	8.06788
1777.13	0.0698695
1779.71	2.07211
1782.29	14.0746
1784.87	22.0773
1787.45	22.0804
1790.03	26.0836
1792.61	14.0871
1795.18	10.0909
1797.76	2.09497
1800.33	6.09927
1802.9	12.1038
1805.48	6.10867
1808.05	14.1138
1810.62	6.11913
1813.19	-11.8752
1815.76	4.13067
1818.33	8.13684
1820.89	2.14328
1823.46	6.14999
1826.02	14.157
1828.59	6.16424
1831.15	-3.82823
1833.71	14.1796
1836.27	8.18767
1838.84	2.19603
1841.39	14.2047
1843.95	14.2136
1846.51	22.2228
1849.07	12.2323
1851.62	20.2421
1854.18	8.25212
1856.73	-1.73754
1859.29	8.27309
1861.84	14.284
1864.39	2.2952
1866.94	12.3067
1869.49	6.31847
1872.04	12.3305
1874.59	8.34291
1877.13	-1.64443
1879.68	6.36851
1882.22	-1.61824
1884.77	-5.60469
1887.31	2.40915
1889.85	10.4233
1892.39	-1.56227
1894.93	2.45246
1897.47	18.4675
1900.01	6.48285
1902.55	22.4985
1905.09	12.5144
1907.62	-9.46931
1910.16	12.5472
1912.69	6.56412
1915.22	18.5813
1917.76	2.59877
1920.29	18.6166
1922.82	6.63467
1925.35	14.6531
1927.88	6.67182
1930.4	18.6909
1932.93	16.7102
1935.46	8.72989
1937.98	6.74988
1940.51	12.7702
1943.03	22.7908
1945.55	2.81175
1948.07	0.833022
1950.59	14.8546
1953.11	2.87652
1955.63	-7.10126
1958.15	18.9213
1960.67	12.9442
1963.18	4.96737
1965.7	0.990904
1968.21	-0.985235
1970.73	15.039
1973.24	11.0635
1975.75	21.0883
1978.26	19.1135
1980.77	7.139
1983.28	7.16486
1985.79	11.191
1988.29	13.2175
1990.8	21.2444
1993.31	5.27158
1995.81	13.2991
1998.31	-4.67305
