100.093	10.0475
103.274	20.1271
106.457	2.20604
109.636	6.2842
112.817	18.3617
115.994	-1.56157
119.172	10.5145
122.347	10.5898
125.521	8.66441
128.696	0.738361
131.868	10.8116
135.039	28.8841
138.209	-7.04412
141.379	1.02705
144.547	-2.90252
147.713	3.16723
150.879	19.2363
154.043	9.30468
157.206	1.37239
160.368	25.4394
163.529	15.5058
166.689	11.5715
169.848	-0.363482
173.006	-4.29911
176.163	5.7646
179.316	15.8276
182.471	5.89001
185.625	27.9518
188.777	0.0128583
191.927	0.0732731
195.077	0.133086
198.224	28.1922
201.372	14.2508
204.52	18.3087
207.664	8.36589
210.809	18.4225
213.95	4.47851
217.091	8.53387
220.233	6.58864
223.372	14.6428
226.509	22.6963
229.648	24.7492
232.784	-1.19852
235.918	2.85316
239.051	12.9042
242.186	18.9547
245.317	9.00462
248.447	21.0539
251.577	11.1026
254.705	7.15069
257.832	21.1982
260.958	7.24513
264.083	15.2915
267.204	7.33721
270.327	23.3824
273.449	11.427
276.57	21.4711
279.69	23.5145
282.806	1.55743
285.924	15.5998
289.04	3.64157
292.154	1.68277
295.268	11.7235
298.379	7.76355
301.492	19.8031
304.601	19.8421
307.711	17.8806
310.818	19.9185
313.924	3.9559
317.031	3.99277
320.135	8.02907
323.238	20.0648
326.34	6.10009
329.443	10.1348
332.543	12.169
335.642	16.2027
338.74	14.2359
341.836	4.26852
344.932	0.300647
348.027	-5.66773
351.12	22.3634
354.213	22.394
357.302	12.4241
360.393	8.45367
363.482	12.4828
366.57	24.5114
369.656	10.5395
372.742	10.5671
375.827	20.5943
378.91	2.62089
381.993	10.6471
385.073	2.67274
388.154	16.698
391.232	16.7227
394.311	14.7469
397.387	14.7707
400.462	10.794
403.536	8.81688
406.611	10.8393
409.683	14.8612
412.754	0.882679
415.824	-1.09631
418.893	-1.07575
421.961	12.9444
425.027	8.96403
428.093	18.9832
431.158	7.00202
434.222	11.0204
437.284	1.03825
440.346	-4.94429
443.407	5.07274
446.464	13.0893
449.523	-10.8945
452.581	5.12123
455.635	5.13654
458.691	11.1514
461.743	21.1659
464.797	13.18
467.847	13.1936
470.899	15.2068
473.947	1.21966
476.994	9.23207
480.043	9.24409
483.088	13.2557
486.133	-0.733099
489.176	3.27771
492.22	3.28813
495.262	9.29815
498.302	9.30778
501.341	13.317
504.38	11.3259
507.417	21.3344
510.453	15.3425
513.487	15.3502
516.521	7.3575
519.554	3.36446
522.586	13.3711
525.616	19.3773
528.646	-0.61687
531.675	17.3886
534.701	1.39375
537.729	17.3985
540.753	13.4029
543.778	13.407
546.8	23.4107
549.821	15.414
552.844	7.41702
555.863	21.4197
558.881	9.42198
561.898	3.42394
564.916	-2.57443
567.932	13.4269
570.946	17.4278
573.959	11.4284
576.971	13.4287
579.982	21.4287
582.993	-2.57169
586	11.4276
589.008	29.4266
592.015	-0.574726
595.022	23.4236
598.025	3.42166
601.029	-2.58062
604.032	17.4168
607.033	13.4139
610.034	11.4107
613.032	5.40717
616.032	17.4034
619.028	9.39925
622.023	-8.60516
625.018	7.39013
628.013	15.3851
631.005	1.37984
633.997	23.3743
636.987	-0.631608
639.977	17.3622
642.965	9.3558
645.952	13.3491
648.939	-2.65791
651.924	11.3348
654.909	7.32727
657.892	19.3195
660.873	-0.688628
663.854	-0.696985
666.835	15.2944
669.813	15.2855
672.791	9.27636
675.767	7.26696
678.743	7.25729
681.717	13.2474
684.692	7.2372
687.664	3.22677
690.634	19.2161
693.606	23.2052
696.575	7.19401
699.543	25.1826
702.51	11.171
705.475	17.1591
708.44	17.1469
711.404	-2.86541
714.367	13.122
717.329	21.1092
720.29	13.0961
723.25	11.0828
726.207	21.0693
729.166	-6.94438
732.123	25.0417
735.077	11.0275
738.032	15.0131
740.984	10.9985
743.938	0.983723
746.888	14.9687
749.839	12.9535
752.788	18.938
755.735	18.9224
758.682	4.90658
761.627	12.8905
764.574	8.87429
767.517	22.8579
770.46	8.84122
773.402	12.8244
776.342	14.8074
779.282	14.7902
782.219	2.7728
785.157	10.7552
788.094	6.73747
791.029	0.719526
793.962	30.7014
796.896	10.6831
799.828	6.66466
802.76	16.646
805.689	18.6272
808.619	16.6082
811.546	0.589061
814.473	14.5697
817.4	22.5503
820.324	30.5306
823.248	12.5108
826.17	18.4909
829.092	16.4707
832.012	-7.54952
834.932	24.4301
837.851	24.4095
840.768	16.3888
843.685	16.3679
846.599	18.3469
849.514	14.3257
852.428	24.3044
855.339	2.28299
858.251	10.2614
861.16	38.2397
864.07	2.21785
866.978	30.1959
869.884	24.1738
872.792	16.1515
875.696	26.1292
878.599	26.1067
881.502	14.0841
884.404	8.06137
887.304	24.0385
890.204	14.0156
893.103	21.9925
896.001	35.9693
898.898	15.946
901.794	3.92255
904.689	1.89902
907.581	15.8754
910.474	7.85166
913.364	3.82783
916.256	5.80388
919.144	23.7798
922.034	1.7557
924.92	-8.26853
927.808	1.70713
930.693	13.6827
933.576	7.65821
936.459	15.6336
939.341	-6.39107
942.222	37.5842
945.102	15.5593
947.981	11.5344
950.859	17.5093
953.737	27.4842
956.613	13.4591
959.488	5.43381
962.361	23.4085
965.235	21.3831
968.105	29.3576
970.977	1.3321
973.846	5.30651
976.716	17.2808
979.583	17.2551
982.449	9.22934
985.316	7.20348
988.18	25.1776
991.043	11.1516
993.906	3.1256
996.767	7.09953
999.628	7.07341
1002.49	3.04724
1005.35	15.021
1008.2	18.9948
1011.06	16.9685
1013.91	2.9421
1016.77	2.9157
1019.62	10.8893
1022.48	14.8628
1025.33	10.8363
1028.18	6.80975
1031.03	8.78318
1033.87	12.7566
1036.72	24.7299
1039.57	20.7033
1042.41	14.6766
1045.26	18.6499
1048.1	4.62312
1050.94	10.5964
1053.78	-7.43042
1056.62	12.5428
1059.46	4.51595
1062.3	14.4891
1065.14	-3.53772
1067.97	6.43541
1070.81	2.40855
1073.64	4.38166
1076.47	-5.64521
1079.31	16.3279
1082.14	16.301
1084.97	0.274079
1087.8	2.24718
1090.63	10.2203
1093.45	4.19339
1096.28	14.1665
1099.1	16.1396
1101.93	10.1127
1104.75	8.08584
1107.57	22.059
1110.39	-1.96788
1113.21	16.0053
1116.03	15.9785
1118.85	7.95163
1121.66	7.92485
1124.48	17.8981
1127.3	3.87132
1130.11	9.84457
1132.92	19.8179
1135.73	23.7912
1138.54	13.7645
1141.35	-0.262099
1144.16	-4.28872
1146.97	7.68471
1149.78	7.65817
1152.58	3.63169
1155.39	13.6052
1158.19	11.5788
1161	7.55238
1163.8	5.52604
1166.6	17.4997
1169.4	17.4734
1172.2	5.44722
1174.99	13.421
1177.79	5.3949
1180.59	9.36882
1183.38	5.34279
1186.17	17.3168
1188.97	3.29087
1191.76	-0.735005
1194.55	15.2392
1197.34	15.2134
1200.13	7.18771
1202.92	15.1621
1205.7	5.13649
1208.49	17.111
1211.27	13.0855
1214.06	19.0601
1216.84	5.03479
1219.62	9.00955
1222.4	16.9844
1225.18	2.95925
1227.96	20.9342
1230.74	0.909238
1233.51	16.8844
1236.29	20.8595
1239.06	10.8348
1241.84	8.81016
1244.61	2.78558
1247.38	2.76109
1250.15	0.736697
1252.92	18.7124
1255.69	-15.3119
1258.46	-7.336
1261.23	-1.36007
1263.99	16.616
1266.76	10.5921
1269.52	20.5683
1272.28	12.5446
1275.05	4.52104
1277.81	8.49755
1280.57	14.4742
1283.33	0.450872
1286.08	24.4277
1288.84	2.40459
1291.6	26.3816
1294.35	10.3587
1297.11	-5.66403
1299.86	10.3133
1302.61	6.29075
1305.36	6.26831
1308.11	16.246
1310.86	14.2238
1313.61	-3.79833
1316.36	10.1797
1319.1	10.1578
1321.85	2.13607
1324.59	6.11444
1327.33	-5.90706
1330.08	8.07155
1332.82	8.05029
1335.56	16.0292
1338.3	-3.99186
1341.04	17.9873
1343.77	3.96652
1346.51	21.9459
1349.25	17.9254
1351.98	15.9051
1354.71	7.88483
1357.45	5.86475
1360.18	17.8448
1362.91	9.82498
1365.64	5.80531
1368.37	9.78578
1371.09	17.7664
1373.82	3.74714
1376.54	5.72804
1379.27	3.70908
1381.99	1.69027
1384.72	11.6716
1387.44	-4.3469
1390.16	15.6347
1392.88	3.61652
1395.6	11.5985
1398.31	23.5806
1401.03	9.5628
1403.75	3.54521
1406.46	7.52777
1409.18	17.5105
1411.89	15.4934
1414.6	15.4764
1417.31	7.45963
1420.02	15.443
1422.73	5.42653
1425.44	11.4102
1428.15	5.39411
1430.85	21.3781
1433.56	21.3623
1436.26	21.3467
1438.97	-0.668727
1441.67	15.316
1444.37	3.3009
1447.07	13.286
1449.77	11.2712
1452.47	21.2566
1455.16	11.2423
1457.86	13.228
1460.56	1.214
1463.25	7.20015
1465.94	5.18649
1468.64	-8.827
1471.33	15.1597
1474.02	7.1466
1476.71	15.1337
1479.4	7.12094
1482.09	19.1084
1484.77	-2.90394
1487.46	9.0839
1490.14	7.07194
1492.83	7.06017
1495.51	13.0486
1498.19	33.0372
1500.87	-2.97395
1503.55	1.01508
1506.23	19.0043
1508.91	-3.00627
1511.59	10.9834
1514.27	2.97319
1516.94	0.963226
1519.62	20.9535
1522.29	6.94392
1524.96	0.934577
1527.63	8.92545
1530.3	2.91652
1532.97	6.90781
1535.64	-1.10068
1538.31	12.891
1540.98	10.883
1543.64	-3.12489
1546.31	12.8675
1548.97	6.86006
1551.63	4.85286
1554.3	10.8459
1556.96	12.8391
1559.62	28.8326
1562.28	10.8263
1564.94	16.8202
1567.59	8.81433
1570.25	18.8087
1572.9	4.80328
1575.56	12.7981
1578.21	2.79315
1580.86	-3.21157
1583.52	2.78394
1586.17	14.7797
1588.82	4.77566
1591.47	14.7719
1594.11	2.76832
1596.76	6.76501
1599.41	4.76193
1602.05	-3.2409
1604.69	4.7565
1607.34	22.7541
1609.98	16.752
1612.62	10.7501
1615.26	18.7485
1617.9	12.7471
1620.54	2.746
1623.18	0.745107
1625.81	10.7445
1628.45	18.7441
1631.08	16.7439
1633.72	14.744
1636.35	22.7444
1638.98	0.744997
1641.61	6.74586
1644.24	22.747
1646.87	22.7484
1649.5	-3.25001
1652.13	8.75187
1654.75	12.754
1657.38	0.756429
1660	-3.2409
1662.63	10.762
1665.25	0.765219
1667.87	18.7687
1670.49	12.7724
1673.11	2.77638
1675.73	4.78063
1678.35	20.7851
1680.96	2.78994
1683.58	0.794988
1686.19	14.8003
1688.81	2.80591
1691.42	20.8118
1694.03	2.81792
1696.64	-5.17566
1699.25	8.83103
1701.87	-3.162
1704.47	20.8452
1707.08	12.8528
1709.69	8.86055
1712.29	-1.13137
1714.9	10.877
1717.5	8.88562
1720.1	4.89455
1722.71	6.90375
1725.31	6.91324
1727.91	16.923
1730.51	10.9331
1733.1	-1.05659
1735.7	-3.04595
1738.3	2.96497
1740.89	2.97618
1743.49	2.98768
1746.08	6.99947
1748.67	5.01155
1751.26	-0.976078
1753.86	19.0366
1756.45	19.0496
1759.03	17.0628
1761.62	13.0764
1764.21	3.09022
1766.8	3.10437
1769.38	3.11882
1771.97	15.1336
1774.55	9.14862
1777.13	5.16398
1779.71	9.17963
1782.29	-4.80442
1784.87	7.21184
1787.45	15.2284
1790.03	9.24527
1792.61	3.26246
1795.18	23.2799
1797.76	13.2977
1800.33	-4.68416
1802.9	3.33424
1805.48	-0.647034
1808.05	17.372
1810.62	15.3913
1813.19	13.411
1815.76	3.43099
1818.33	17.4513
1820.89	17.4719
1823.46	23.4928
1826.02	19.514
1828.59	-0.464403
1831.15	-18.4425
1833.71	3.57967
1836.27	19.6022
1838.84	9.62502
1841.39	5.64818
1843.95	7.67167
1846.51	-4.30453
1849.07	13.7196
1851.62	7.74405
1854.18	1.76884
1856.73	-0.206057
1859.29	11.8194
1861.84	3.84515
1864.39	5.87124
1866.94	15.8977
1869.49	-4.07557
1872.04	3.95152
1874.59	13.9789
1877.13	12.0067
1879.68	16.0348
1882.22	-7.93681
1884.77	8.09195
1887.31	4.12104
1889.85	6.15048
1892.39	22.1802
1894.93	8.21034
1897.47	2.2408
1900.01	24.2716
1902.55	2.30271
1905.09	20.3342
1907.62	12.366
1910.16	16.3981
1912.69	18.4306
1915.22	12.4635
1917.76	6.49665
1920.29	14.5302
1922.82	10.5641
1925.35	18.5983
1927.88	8.63288
1930.4	2.6678
1932.93	6.70307
1935.46	18.7387
1937.98	12.7747
1940.51	14.811
1943.03	18.8477
1945.55	-3.1153
1948.07	24.9221
1950.59	24.9598
1953.11	10.9979
1955.63	15.0364
1958.15	13.0752
1960.67	11.1144
1963.18	3.15388
1965.7	9.19376
1968.21	13.234
1970.73	13.2746
1973.24	9.31559
1975.75	11.3569
1978.26	11.3986
1980.77	-0.559364
1983.28	11.4831
1985.79	7.52584
1988.29	13.569
1990.8	7.61252
1993.31	27.6564
1995.81	17.7006
1998.31	15.7452
