100.093	2.46673
103.274	10.4948
106.457	10.5229
109.636	4.55071
112.817	28.5784
115.994	4.60603
119.172	4.63351
122.347	14.6608
125.521	18.688
128.696	12.7151
131.868	6.74203
135.039	0.768822
138.209	20.7955
141.379	12.822
144.547	10.8484
147.713	10.8747
150.879	2.90086
154.043	24.9269
157.206	20.9528
160.368	8.97852
163.529	15.0041
166.689	11.0296
169.848	-0.944988
173.006	13.0803
176.163	-4.89463
179.316	17.1303
182.471	11.1552
185.625	-6.82007
188.777	1.20453
191.927	5.229
195.077	5.25335
198.224	5.27756
201.372	9.30166
204.52	21.3256
207.664	15.3495
210.809	13.3732
213.95	-4.60322
217.091	15.4202
220.233	11.4436
223.372	25.4668
226.509	33.4899
229.648	5.51287
232.784	5.53571
235.918	19.5584
239.051	5.58103
242.186	13.6035
245.317	25.6259
248.447	9.6481
251.577	-2.32979
254.705	9.69219
257.832	17.7141
260.958	13.7358
264.083	11.7574
267.204	-0.221084
270.327	19.8003
273.449	7.82156
276.57	3.84271
279.69	-0.136268
282.806	25.8846
285.924	21.9054
289.04	13.9261
292.154	19.9466
295.268	-2.03296
298.379	-2.01266
301.492	18.0075
304.601	12.0276
307.711	8.04756
310.818	24.0674
313.924	22.0871
317.031	-5.89328
320.135	24.1262
323.238	18.1456
326.34	18.1648
329.443	18.184
332.543	0.202979
335.642	24.2219
338.74	12.2407
341.836	-1.74065
344.932	6.27791
348.027	8.29635
351.12	8.31469
354.213	20.3329
357.302	16.351
360.393	20.369
363.482	22.3869
366.57	12.4046
369.656	10.4223
372.742	-1.56018
375.827	6.45725
378.91	10.4746
381.993	18.4918
385.073	6.50885
388.154	8.52584
391.232	24.5427
394.311	0.559468
397.387	-3.42389
400.462	0.592643
403.536	16.6091
406.611	2.62539
409.683	-7.35841
412.754	18.6577
415.824	4.67368
418.893	12.6896
421.961	12.7053
425.027	8.72099
428.093	4.73654
431.158	10.752
434.222	8.76732
437.284	16.7826
440.346	4.79768
443.407	-3.1873
446.464	10.8276
449.523	6.8424
452.581	-13.1429
455.635	12.8717
458.691	12.8862
461.743	12.9005
464.797	-1.08518
467.847	0.928978
470.899	18.943
473.947	16.957
476.994	8.97085
480.043	8.9846
483.088	24.9982
486.133	15.0118
489.176	25.0252
492.22	-4.96145
495.262	19.0518
498.302	3.0649
501.341	7.07793
504.38	13.0908
507.417	5.10366
510.453	7.11638
513.487	9.12899
516.521	17.1415
519.554	3.15391
522.586	19.1662
525.616	1.17843
528.646	9.19054
531.675	11.2025
534.701	3.21445
537.729	9.22626
540.753	3.23796
543.778	-0.75043
546.8	7.26107
549.821	1.27248
552.844	-8.71621
555.863	9.295
558.881	3.30611
561.898	1.31712
564.916	9.32804
567.932	15.3389
570.946	17.3496
573.959	9.3602
576.971	13.3707
579.982	5.38115
582.993	11.3915
586	9.40171
589.008	-4.58816
592.015	-0.578115
595.022	-4.56817
598.025	9.44168
601.029	-4.54857
604.032	13.4611
607.033	15.4706
610.034	3.48012
613.032	13.4895
616.032	9.49877
619.028	11.508
622.023	3.51704
625.018	-2.47397
628.013	3.53494
631.005	3.54375
633.997	19.5525
636.987	7.56108
639.977	1.56961
642.965	13.578
645.952	5.58639
648.939	-8.40535
651.924	-0.397194
654.909	15.6109
657.892	23.6189
660.873	-0.373267
663.854	13.6345
666.835	7.64223
669.813	13.6498
672.791	1.65736
675.767	9.66479
678.743	3.67214
681.717	9.67939
684.692	7.68655
687.664	-0.306381
690.634	5.7006
693.606	7.7075
696.575	3.7143
699.543	17.721
702.51	5.72764
705.475	13.7342
708.44	1.74063
711.404	7.74699
714.367	9.75326
717.329	11.7595
720.29	21.7656
723.25	9.77156
726.207	3.77749
729.166	9.78333
732.123	11.7891
735.077	23.7947
738.032	19.8003
740.984	1.80582
743.938	11.8112
746.888	13.8165
749.839	15.8218
752.788	5.82694
755.735	3.832
758.682	13.837
761.627	7.84188
764.574	11.8467
767.517	5.85142
770.46	9.85607
773.402	17.8606
776.342	15.8651
779.282	19.8695
782.219	7.87381
785.157	17.878
788.094	17.8822
791.029	13.8862
793.962	25.8902
796.896	-4.10588
799.828	13.8979
802.76	21.9017
805.689	7.90532
808.619	17.9089
811.546	1.91238
814.473	21.9158
817.4	21.9191
820.324	3.92237
823.248	9.92553
826.17	31.9286
829.092	1.93162
832.012	17.9345
834.932	5.93739
837.851	1.94016
840.768	9.94285
843.685	19.9455
846.599	13.948
849.514	15.9504
852.428	1.9528
855.339	11.9551
858.251	15.9573
861.16	9.95944
864.07	21.9615
866.978	23.9635
869.884	7.96539
872.792	11.9672
875.696	13.969
878.599	21.9706
881.502	5.97223
884.404	27.9737
887.304	-4.02482
890.204	11.9766
893.103	9.97784
896.001	17.9791
898.898	19.9802
901.794	23.9813
904.689	5.98224
907.581	3.98315
910.474	-0.0160114
913.364	9.98475
916.256	3.98544
919.144	13.9861
922.034	9.98659
924.92	13.9871
927.808	11.9874
930.693	15.9878
933.576	17.988
936.459	13.9882
939.341	27.9883
942.222	7.9883
945.102	-2.01175
947.981	11.9881
950.859	9.98793
953.737	11.9877
956.613	13.9873
959.488	5.98691
962.361	15.9864
965.235	7.98588
968.105	1.98525
970.977	11.9846
973.846	15.9838
976.716	3.98295
979.583	13.982
982.449	11.9811
985.316	25.98
988.18	13.9789
991.043	5.9777
993.906	5.97644
996.767	7.97511
999.628	17.9737
1002.49	9.97224
1005.35	13.9707
1008.2	7.9691
1011.06	13.9674
1013.91	7.96568
1016.77	17.9639
1019.62	-2.03802
1022.48	-0.0399656
1025.33	19.958
1028.18	9.95593
1031.03	13.9538
1033.87	-0.0484397
1036.72	5.94927
1039.57	11.9469
1042.41	-8.0555
1045.26	11.942
1048.1	-0.0605466
1050.94	3.93683
1053.78	23.9341
1056.62	9.93139
1059.46	-0.0714298
1062.3	11.9257
1065.14	5.92273
1067.97	-2.08028
1070.81	9.91664
1073.64	1.91349
1076.47	7.91028
1079.31	15.907
1082.14	3.90366
1084.97	7.90025
1087.8	19.8968
1090.63	9.89325
1093.45	-0.110349
1096.28	17.886
1099.1	11.8823
1101.93	11.8785
1104.75	3.87462
1107.57	7.87071
1110.39	19.8667
1113.21	11.8627
1116.03	7.85858
1118.85	-2.14559
1121.66	-0.149813
1124.48	5.84589
1127.3	25.8415
1130.11	15.8371
1132.92	-8.16735
1135.73	-0.171888
1138.54	9.82351
1141.35	11.8189
1144.16	-2.18587
1146.97	3.80934
1149.78	7.8045
1152.58	11.7996
1155.39	19.7946
1158.19	13.7896
1161	-2.21548
1163.8	-0.22062
1166.6	9.77417
1169.4	11.7689
1172.2	1.76359
1174.99	-0.2418
1177.79	7.75276
1180.59	15.7473
1183.38	-0.258301
1186.17	19.7361
1188.97	7.7304
1191.76	1.72466
1194.55	-2.28113
1197.34	21.713
1200.13	-6.29289
1202.92	7.70114
1205.7	15.6951
1208.49	-12.311
1211.27	19.6829
1214.06	-0.323309
1216.84	5.67043
1219.62	-0.335875
1222.4	9.65775
1225.18	3.65133
1227.96	-2.35515
1230.74	9.63831
1233.51	9.63171
1236.29	1.62507
1239.06	17.6184
1241.84	11.6116
1244.61	5.60478
1247.38	11.5979
1250.15	-0.409016
1252.92	13.584
1255.69	15.577
1258.46	11.5699
1261.23	5.56272
1263.99	7.55552
1266.76	9.54826
1269.52	11.541
1272.28	13.5336
1275.05	5.52617
1277.81	-4.4813
1280.57	7.51118
1283.33	19.5036
1286.08	5.49597
1288.84	-0.511719
1291.6	-0.519458
1294.35	13.4728
1297.11	9.46491
1299.86	-2.54299
1302.61	-2.55094
1305.36	17.4411
1308.11	9.43301
1310.86	13.4249
1313.61	9.41675
1316.36	5.40854
1319.1	5.40028
1321.85	-0.608032
1324.59	11.3836
1327.33	11.3752
1330.08	5.36673
1332.82	3.35821
1335.56	9.34964
1338.3	5.34102
1341.04	7.33236
1343.77	19.3236
1346.51	-0.685125
1349.25	17.3061
1351.98	23.2972
1354.71	3.28827
1357.45	19.2793
1360.18	-4.72971
1362.91	17.2612
1365.64	9.2521
1368.37	3.24294
1371.09	21.2337
1373.82	15.2245
1376.54	3.21516
1379.27	11.2058
1381.99	-0.803611
1384.72	5.18693
1387.44	3.17743
1390.16	-2.83212
1392.88	29.1583
1395.6	17.1486
1398.31	9.13894
1401.03	9.1292
1403.75	7.11941
1406.46	9.10957
1409.18	9.09969
1411.89	23.0898
1414.6	21.0798
1417.31	23.0698
1420.02	15.0597
1422.73	11.0496
1425.44	13.0394
1428.15	5.02921
1430.85	3.01895
1433.56	1.00865
1436.26	16.9983
1438.97	14.9879
1441.67	6.97748
1444.37	6.967
1447.07	16.9565
1449.77	16.9459
1452.47	22.9353
1455.16	12.9246
1457.86	14.9139
1460.56	14.9032
1463.25	16.8924
1465.94	2.88154
1468.64	12.8707
1471.33	2.85973
1474.02	8.84876
1476.71	24.8377
1479.4	6.82669
1482.09	12.8156
1484.77	4.80445
1487.46	4.79326
1490.14	28.782
1492.83	2.77076
1495.51	4.75944
1498.19	6.74808
1500.87	12.7367
1503.55	8.72524
1506.23	4.71376
1508.91	-7.29777
1511.59	0.69066
1514.27	18.6791
1516.94	0.667403
1519.62	2.6557
1522.29	2.64397
1524.96	-11.3678
1527.63	0.620376
1530.3	10.6085
1532.97	0.596616
1535.64	20.5847
1538.31	14.5727
1540.98	-1.43933
1543.64	6.54861
1546.31	-3.46349
1548.97	12.5244
1551.63	-5.48782
1554.3	2.49995
1556.96	8.48769
1559.62	18.4754
1562.28	12.4631
1564.94	-7.54933
1567.59	-1.56175
1570.25	12.4258
1572.9	0.413289
1575.56	26.4007
1578.21	4.38818
1580.86	-1.62444
1583.52	8.3629
1586.17	8.35021
1588.82	0.337476
1591.47	-5.67529
1594.11	2.3119
1596.76	2.29906
1599.41	22.2862
1602.05	14.2733
1604.69	14.2603
1607.34	14.2473
1609.98	6.23427
1612.62	14.2212
1615.26	4.20808
1617.9	16.1949
1620.54	10.1818
1623.18	12.1685
1625.81	12.1553
1628.45	12.142
1631.08	-3.87133
1633.72	-1.8847
1636.35	8.1019
1638.98	2.08847
1641.61	6.07499
1644.24	8.06148
1646.87	-1.95206
1649.5	10.0344
1652.13	6.02075
1654.75	4.00709
1657.38	17.9934
1660	5.97968
1662.63	3.96593
1665.25	-4.04787
1667.87	-0.0616923
1670.49	7.92445
1673.11	21.9106
1675.73	5.89662
1678.35	5.88266
1680.96	1.86866
1683.58	5.85463
1686.19	17.8406
1688.81	5.82646
1691.42	13.8123
1694.03	11.7982
1696.64	-0.216039
1699.25	15.7697
1701.87	5.75545
1704.47	19.7412
1707.08	13.7268
1709.69	5.71245
1712.29	17.6981
1714.9	5.68362
1717.5	7.66916
1720.1	23.6547
1722.71	13.6401
1725.31	3.62557
1727.91	13.611
1730.51	19.5963
1733.1	11.5817
1735.7	5.56699
1738.3	9.55227
1740.89	-6.46248
1743.49	7.52273
1746.08	7.50791
1748.67	19.4931
1751.26	5.47819
1753.86	-4.53672
1756.45	3.44833
1759.03	9.43337
1761.62	19.4184
1764.21	-2.59667
1766.8	9.38827
1769.38	31.3732
1771.97	9.35804
1774.55	3.34289
1777.13	19.3277
1779.71	1.31248
1782.29	15.2972
1784.87	15.282
1787.45	9.26666
1790.03	9.25133
1792.61	-4.76404
1795.18	11.2206
1797.76	5.20515
1800.33	13.1897
1802.9	9.17422
1805.48	3.15871
1808.05	9.14317
1810.62	3.1276
1813.19	21.112
1815.76	7.09638
1818.33	-2.91928
1820.89	-2.93496
1823.46	9.04934
1826.02	11.0336
1828.59	11.0178
1831.15	11.002
1833.71	-9.01379
1836.27	0.970367
1838.84	-1.04551
1841.39	16.9386
1843.95	-1.07734
1846.51	22.9067
1849.07	14.8907
1851.62	16.8747
1854.18	6.85866
1856.73	6.8426
1859.29	4.8265
1861.84	6.81038
1864.39	-3.20576
1866.94	12.7781
1869.49	-1.23814
1872.04	10.7456
1874.59	8.72938
1877.13	8.7131
1879.68	6.69681
1882.22	10.6805
1884.77	12.6641
1887.31	12.6477
1889.85	6.63133
1892.39	-1.3851
1894.93	20.5984
1897.47	18.582
1900.01	2.56545
1902.55	10.5489
1905.09	14.5324
1907.62	4.51578
1910.16	-1.50082
1912.69	12.4825
1915.22	6.46588
1917.76	14.4492
1920.29	26.4325
1922.82	2.41577
1925.35	16.399
1927.88	12.3822
1930.4	4.36543
1932.93	10.3486
1935.46	18.3318
1937.98	6.31488
1940.51	16.298
1943.03	0.28106
1945.55	-3.73588
1948.07	24.2472
1950.59	18.2302
1953.11	6.21315
1955.63	10.1961
1958.15	24.1791
1960.67	8.16198
1963.18	18.1449
1965.7	18.1277
1968.21	-1.88941
1970.73	10.0934
1973.24	14.0762
1975.75	0.0590097
1978.26	10.0418
1980.77	0.0245092
1983.28	12.0072
1985.79	5.98992
1988.29	5.97259
1990.8	13.9552
1993.31	-0.0621376
1995.81	17.9205
1998.31	1.90307
