100.093	34.2601
103.274	8.35031
106.457	-11.5599
109.636	10.5294
112.817	8.61835
115.994	0.706774
119.172	10.7948
122.347	8.88235
125.521	4.96945
128.696	11.0562
131.868	-2.85759
135.039	19.2282
138.209	-2.68644
141.379	15.3985
144.547	11.483
147.713	21.5671
150.879	3.65076
154.043	9.73398
157.206	3.81677
160.368	5.89914
163.529	19.9811
166.689	6.06261
169.848	-1.85628
173.006	4.2244
176.163	-1.69533
179.316	4.38448
182.471	-3.53608
185.625	10.5429
188.777	12.6216
191.927	6.69971
195.077	-1.22249
198.224	14.8548
201.372	8.93182
204.52	21.0084
207.664	1.08452
210.809	5.16029
213.95	5.23561
217.091	7.31053
220.233	5.3851
223.372	13.4592
226.509	11.5329
229.648	5.60633
232.784	3.67926
235.918	-0.24819
239.051	17.824
242.186	13.8958
245.317	5.96716
248.447	0.0381456
251.577	2.10875
254.705	24.179
257.832	10.2488
260.958	-5.68174
264.083	2.38733
267.204	12.456
270.327	14.5243
273.449	22.5922
276.57	-5.3402
279.69	14.727
282.806	22.7938
285.924	12.8602
289.04	12.9263
292.154	8.99193
295.268	-0.942736
298.379	11.1222
301.492	13.1868
304.601	13.251
307.711	7.31486
310.818	7.37832
313.924	9.44143
317.031	3.50422
320.135	19.5666
323.238	13.6286
326.34	3.69032
329.443	9.75168
332.543	11.8126
335.642	-6.12674
338.74	1.93353
341.836	9.99344
344.932	22.053
348.027	18.1122
351.12	8.1711
354.213	8.22962
357.302	12.2878
360.393	4.34561
363.482	2.40311
366.57	2.46027
369.656	14.517
372.742	28.5735
375.827	18.6297
378.91	12.6854
381.993	-1.25909
385.073	10.796
388.154	6.85083
391.232	4.90527
394.311	10.9594
397.387	-2.98681
400.462	1.06665
403.536	7.11978
406.611	7.17262
409.683	9.2251
412.754	15.2773
415.824	17.3291
418.893	23.3806
421.961	7.4318
425.027	13.4827
428.093	5.53324
431.158	-14.4165
434.222	13.6334
437.284	15.683
440.346	-0.267666
443.407	9.78133
446.464	19.83
449.523	1.87835
452.581	3.92641
455.635	-6.02586
458.691	12.0216
461.743	14.0687
464.797	6.11555
467.847	-1.83793
470.899	0.208306
473.947	0.254216
476.994	4.29983
480.043	10.3452
483.088	4.39019
486.133	18.4349
489.176	6.47934
492.22	6.5235
495.262	30.5673
498.302	12.6109
501.341	14.6541
504.38	8.69712
507.417	2.7398
510.453	8.7822
513.487	8.82428
516.521	6.86611
519.554	4.90765
522.586	6.94891
525.616	-3.01014
528.646	21.0306
531.675	13.071
534.701	9.11109
537.729	15.151
540.753	9.19052
543.778	1.22983
546.8	5.26884
549.821	3.30758
552.844	9.34607
555.863	3.38427
558.881	7.4222
561.898	11.4599
564.916	9.49728
567.932	13.5344
570.946	7.57126
573.959	19.6079
576.971	11.6442
579.982	-6.31974
582.993	3.71607
586	13.7516
589.008	5.78689
592.015	15.8219
595.022	5.85669
598.025	17.8912
601.029	11.9255
604.032	13.9595
607.033	17.9932
610.034	2.02671
613.032	-1.94006
616.032	14.0929
619.028	8.12568
622.023	18.1582
625.018	4.1904
628.013	4.22242
631.005	4.25417
633.997	14.2857
636.987	-9.68306
639.977	14.348
642.965	-7.62126
645.952	2.40928
648.939	-5.56042
651.924	-1.53035
654.909	-1.50052
657.892	20.5291
660.873	14.5584
663.854	0.587534
666.835	12.6164
669.813	14.6451
672.791	14.6735
675.767	-3.29832
678.743	10.7296
681.717	-5.24263
684.692	6.78489
687.664	0.812164
690.634	4.83921
693.606	8.86605
696.575	2.89266
699.543	0.919036
702.51	4.9452
705.475	2.97113
708.44	8.99685
711.404	19.0224
714.367	13.0476
717.329	9.07271
720.29	19.0976
723.25	9.12221
726.207	7.14662
729.166	19.1708
732.123	9.19484
735.077	13.2186
738.032	1.2422
740.984	11.2656
743.938	17.2887
746.888	21.3117
749.839	15.3344
752.788	3.35697
755.735	-2.6207
758.682	5.40143
761.627	17.4234
764.574	19.4451
767.517	3.46663
770.46	13.488
773.402	9.50909
776.342	13.53
779.282	3.55076
782.219	9.57129
785.157	9.59163
788.094	-0.388212
791.029	17.6318
793.962	-8.34849
796.896	11.6711
799.828	-2.30954
802.76	17.7097
805.689	1.72866
808.619	13.7475
811.546	3.76612
814.473	9.78456
817.4	3.80283
820.324	9.82091
823.248	9.8388
826.17	19.8565
829.092	5.87404
832.012	3.89139
834.932	1.90856
837.851	3.92555
840.768	13.9424
843.685	5.95901
846.599	1.97546
849.514	-4.00825
852.428	24.0079
855.339	14.0238
858.251	16.0396
861.16	2.05516
864.07	18.0706
866.978	18.0858
869.884	2.10093
872.792	8.11586
875.696	0.130605
878.599	-1.85481
881.502	0.159608
884.404	12.1739
887.304	2.18795
890.204	0.201885
893.103	28.2157
896.001	8.22926
898.898	8.24271
901.794	16.256
904.689	12.2691
907.581	24.2821
910.474	8.29491
913.364	10.3076
916.256	4.32008
919.144	2.33242
922.034	12.3446
924.92	12.3567
927.808	16.3686
930.693	2.3803
933.576	-3.60811
936.459	12.4033
939.341	0.414628
942.222	-5.57422
945.102	14.4368
947.981	0.447632
950.859	20.4583
953.737	12.4689
956.613	14.4793
959.488	16.4896
962.361	2.49975
965.235	6.50975
968.105	14.5196
970.977	12.5293
973.846	6.53891
976.716	14.5484
979.583	8.55766
982.449	16.5668
985.316	-5.42413
988.18	0.584773
991.043	8.59354
993.906	0.602178
996.767	22.6107
999.628	4.61906
1002.49	6.6273
1005.35	4.63542
1008.2	32.6434
1011.06	20.6513
1013.91	0.658988
1016.77	28.6666
1019.62	10.6741
1022.48	16.6814
1025.33	14.6887
1028.18	-1.30423
1031.03	8.70275
1033.87	12.7096
1036.72	16.7164
1039.57	12.723
1042.41	10.7295
1045.26	10.7359
1048.1	8.74215
1050.94	0.748303
1053.78	8.75434
1056.62	4.76026
1059.46	16.7661
1062.3	12.7718
1065.14	14.7773
1067.97	10.7828
1070.81	8.78817
1073.64	6.79342
1076.47	8.79856
1079.31	6.80359
1082.14	4.80851
1084.97	6.81332
1087.8	14.818
1090.63	4.82263
1093.45	4.82713
1096.28	16.8315
1099.1	16.8358
1101.93	-1.16001
1104.75	12.8441
1107.57	-1.15195
1110.39	22.8519
1113.21	10.8557
1116.03	0.859393
1118.85	6.86298
1121.66	22.8665
1124.48	12.8698
1127.3	-5.12686
1130.11	18.8763
1132.92	4.87944
1135.73	4.88245
1138.54	8.88536
1141.35	6.88818
1144.16	10.8909
1146.97	-5.10645
1149.78	14.8961
1152.58	16.8986
1155.39	12.9009
1158.19	-3.09679
1161	-1.09459
1163.8	12.9075
1166.6	-1.09046
1169.4	12.9115
1172.2	4.91332
1174.99	10.9151
1177.79	14.9168
1180.59	6.91838
1183.38	8.9199
1186.17	16.9213
1188.97	0.922699
1191.76	0.923979
1194.55	16.9252
1197.34	4.9263
1200.13	14.9273
1202.92	8.92832
1205.7	2.92921
1208.49	-7.06997
1211.27	6.93077
1214.06	14.9314
1216.84	6.93203
1219.62	16.9326
1222.4	2.933
1225.18	-5.06662
1227.96	6.93369
1230.74	-1.06607
1233.51	6.9341
1236.29	10.9342
1239.06	6.93423
1241.84	6.9342
1244.61	-3.0659
1247.38	6.93393
1250.15	10.9337
1252.92	8.93341
1255.69	6.93305
1258.46	-7.06738
1261.23	2.93214
1263.99	2.93159
1266.76	10.931
1269.52	10.9303
1272.28	4.92959
1275.05	18.9288
1277.81	-1.07204
1280.57	0.927053
1283.33	8.92609
1286.08	12.9251
1288.84	6.924
1291.6	10.9229
1294.35	-7.07831
1297.11	6.92046
1299.86	6.91917
1302.61	-1.08217
1305.36	8.91644
1308.11	8.91499
1310.86	6.9135
1313.61	22.912
1316.36	16.9104
1319.1	-7.09129
1321.85	10.907
1324.59	6.90529
1327.33	6.9035
1330.08	14.9017
1332.82	0.899794
1335.56	10.8979
1338.3	18.8959
1341.04	18.8939
1343.77	12.8918
1346.51	12.8898
1349.25	-7.11238
1351.98	18.8854
1354.71	6.88323
1357.45	14.881
1360.18	4.87867
1362.91	8.87634
1365.64	8.87397
1368.37	8.87156
1371.09	8.86911
1373.82	-3.13337
1376.54	8.86412
1379.27	16.8616
1381.99	18.859
1384.72	10.8564
1387.44	8.8537
1390.16	0.851019
1392.88	12.8483
1395.6	14.8456
1398.31	14.8428
1401.03	12.84
1403.75	6.83713
1406.46	14.8343
1409.18	0.83137
1411.89	2.82845
1414.6	10.8255
1417.31	2.82253
1420.02	-3.18048
1422.73	14.8165
1425.44	-7.18655
1428.15	12.8104
1430.85	6.80728
1433.56	2.80416
1436.26	16.801
1438.97	14.7978
1441.67	6.79466
1444.37	-5.20854
1447.07	12.7882
1449.77	0.784991
1452.47	-1.21827
1455.16	14.7784
1457.86	10.7751
1460.56	2.77183
1463.25	16.7685
1465.94	22.7652
1468.64	-1.23821
1471.33	2.75841
1474.02	22.755
1476.71	-1.24838
1479.4	10.7482
1482.09	6.74477
1484.77	14.7413
1487.46	10.7379
1490.14	2.73441
1492.83	6.73094
1495.51	2.72745
1498.19	12.724
1500.87	0.720461
1503.55	2.71695
1506.23	2.71344
1508.91	0.709914
1511.59	26.7064
1514.27	14.7029
1516.94	12.6993
1519.62	-5.30423
1522.29	10.6922
1524.96	14.6887
1527.63	10.6851
1530.3	14.6816
1532.97	26.678
1535.64	-3.32556
1538.31	6.67088
1540.98	8.66732
1543.64	2.66376
1546.31	12.6602
1548.97	0.656648
1551.63	2.65309
1554.3	8.64954
1556.96	28.646
1559.62	4.64245
1562.28	14.6389
1564.94	-3.36463
1567.59	2.63184
1570.25	-1.37169
1572.9	4.62479
1575.56	8.62128
1578.21	6.61777
1580.86	14.6143
1583.52	4.61078
1586.17	4.60731
1588.82	20.6038
1591.47	18.6004
1594.11	12.5969
1596.76	2.59349
1599.41	2.59006
1602.05	0.586642
1604.69	-3.41676
1607.34	26.5798
1609.98	2.57647
1612.62	12.5731
1615.26	6.56976
1617.9	0.566428
1620.54	0.56311
1623.18	-1.44019
1625.81	12.5565
1628.45	24.5533
1631.08	18.55
1633.72	6.54678
1636.35	12.5436
1638.98	-1.45963
1641.61	2.5372
1644.24	-1.46596
1646.87	12.5309
1649.5	14.5278
1652.13	14.5247
1654.75	2.52164
1657.38	12.5186
1660	12.5156
1662.63	16.5126
1665.25	10.5096
1667.87	12.5066
1670.49	8.50372
1673.11	22.5008
1675.73	18.4979
1678.35	8.4951
1680.96	6.49228
1683.58	6.48949
1686.19	0.48672
1688.81	12.484
1691.42	8.48128
1694.03	16.4786
1696.64	2.47595
1699.25	10.4733
1701.87	2.47074
1704.47	6.46819
1707.08	0.465664
1709.69	16.4632
1712.29	16.4607
1714.9	18.4583
1717.5	12.4559
1720.1	6.45354
1722.71	-3.54879
1725.31	14.4489
1727.91	6.44667
1730.51	8.44446
1733.1	8.44228
1735.7	12.4401
1738.3	16.438
1740.89	8.43596
1743.49	20.4339
1746.08	20.4319
1748.67	16.43
1751.26	6.42807
1753.86	20.4262
1756.45	4.42437
1759.03	12.4226
1761.62	22.4208
1764.21	14.4191
1766.8	6.41745
1769.38	18.4158
1771.97	8.41425
1774.55	4.41272
1777.13	14.4112
1779.71	16.4098
1782.29	18.4084
1784.87	4.40702
1787.45	12.4057
1790.03	18.4044
1792.61	16.4032
1795.18	16.4021
1797.76	0.400936
1800.33	18.3999
1802.9	12.3988
1805.48	10.3979
1808.05	4.39693
1810.62	8.39606
1813.19	18.3952
1815.76	14.3945
1818.33	0.393725
1820.89	22.3931
1823.46	6.39243
1826.02	18.3919
1828.59	0.391343
1831.15	10.3909
1833.71	14.3905
1836.27	18.3901
1838.84	8.38981
1841.39	6.38957
1843.95	4.38938
1846.51	4.38924
1849.07	6.38916
1851.62	8.38914
1854.18	28.3892
1856.73	0.389265
1859.29	14.3894
1861.84	6.38962
1864.39	6.38989
1866.94	8.39022
1869.49	8.3906
1872.04	12.391
1874.59	-3.60845
1877.13	16.3921
1879.68	14.3927
1882.22	-7.60657
1884.77	0.394185
1887.31	-3.605
1889.85	6.39587
1892.39	-3.60319
1894.93	10.3978
1897.47	20.3989
1900.01	-1.59999
1902.55	18.4012
1905.09	-9.59753
1907.62	0.403794
1910.16	6.40519
1912.69	20.4066
1915.22	18.4082
1917.76	2.40976
1920.29	22.4114
1922.82	20.4131
1925.35	-5.58506
1927.88	0.416807
1930.4	20.4187
1932.93	10.4207
1935.46	16.4228
1937.98	8.42496
1940.51	16.4272
1943.03	10.4295
1945.55	-5.56819
1948.07	10.4342
1950.59	10.4367
1953.11	12.4393
1955.63	8.44195
1958.15	10.4447
1960.67	4.44746
1963.18	0.450325
1965.7	16.4533
1968.21	12.4563
1970.73	12.4594
1973.24	10.4625
1975.75	14.4658
1978.26	2.46909
1980.77	8.47248
1983.28	-1.52405
1985.79	22.4795
1988.29	0.483125
1990.8	22.4868
1993.31	18.4906
1995.81	6.49447
1998.31	10.4984
