100.093	14.2229
103.274	-1.74845
106.457	6.28018
109.636	12.3088
112.817	6.33745
115.994	12.3661
119.172	10.3948
122.347	4.42341
125.521	14.4521
128.696	16.4808
131.868	10.5094
135.039	6.53811
138.209	16.5668
141.379	8.5955
144.547	-5.37581
147.713	24.6529
150.879	-1.31842
154.043	4.71028
157.206	16.739
160.368	10.7677
163.529	-1.2036
166.689	-3.17489
169.848	8.85382
173.006	4.88254
176.163	2.91125
179.316	-1.06006
182.471	-3.03135
185.625	6.99736
188.777	1.02607
191.927	7.05476
195.077	1.08347
198.224	15.1122
201.372	7.14085
204.52	13.1695
207.664	-0.801777
210.809	9.22691
213.95	11.2556
217.091	9.28424
220.233	-0.687084
223.372	5.34157
226.509	29.3702
229.648	19.3989
232.784	9.4275
235.918	15.4561
239.051	11.4847
242.186	7.51338
245.317	9.54198
248.447	9.57057
251.577	3.59916
254.705	9.62773
257.832	5.6563
260.958	15.6849
264.083	5.7134
267.204	1.74192
270.327	-4.22956
273.449	9.79896
276.57	-0.172541
279.69	21.8559
282.806	15.8844
285.924	11.9129
289.04	13.9413
292.154	-6.03026
295.268	-4.00184
298.379	14.0266
301.492	14.0549
304.601	6.08331
307.711	8.11167
310.818	2.14
313.924	6.16831
317.031	22.1966
320.135	16.2249
323.238	10.2532
326.34	12.2814
329.443	8.30966
332.543	12.3379
335.642	14.3661
338.74	8.39424
341.836	4.42239
344.932	14.4505
348.027	12.4786
351.12	12.5067
354.213	10.5348
357.302	18.5628
360.393	14.5909
363.482	14.6189
366.57	12.6469
369.656	-1.32519
372.742	0.702749
375.827	6.73067
378.91	12.7585
381.993	-5.21358
385.073	4.81425
388.154	12.8421
391.232	8.86985
394.311	2.89762
397.387	6.92535
400.462	30.9531
403.536	2.98074
406.611	-0.991593
409.683	-0.963968
412.754	-8.93637
415.824	3.0912
418.893	-8.88126
421.961	11.1463
425.027	5.17375
428.093	9.20121
431.158	5.22863
434.222	-8.74397
437.284	5.28341
440.346	9.31075
443.407	3.33806
446.464	-0.634683
449.523	13.3926
452.581	5.41978
455.635	3.44695
458.691	3.47411
461.743	1.50121
464.797	19.5283
467.847	7.55534
470.899	5.58236
473.947	7.60933
476.994	-8.36373
480.043	7.66319
483.088	-0.309938
486.133	-0.283103
489.176	1.7437
492.22	9.77048
495.262	3.79721
498.302	9.8239
501.341	-0.149443
504.38	11.8772
507.417	7.90376
510.453	15.9303
513.487	11.9568
516.521	25.9833
519.554	6.0097
522.586	4.0361
525.616	-1.93757
528.646	8.08875
531.675	12.115
534.701	10.1412
537.729	6.16744
540.753	16.1936
543.778	0.2197
546.8	4.24576
549.821	28.2718
552.844	2.29777
555.863	6.3237
558.881	-1.6504
561.898	18.3754
564.916	4.40127
567.932	0.427034
570.946	6.45275
573.959	8.47843
576.971	-3.49593
579.982	2.52966
582.993	6.5552
586	8.58069
589.008	20.6061
592.015	18.6316
595.022	2.65692
598.025	-3.31778
601.029	0.707492
604.032	10.7327
607.033	-11.2421
610.034	-1.21699
613.032	6.80808
616.032	2.83312
619.028	2.8581
622.023	6.88302
625.018	-3.0921
628.013	0.932743
631.005	0.957523
633.997	10.9823
636.987	3.00693
639.977	15.0316
642.965	15.0561
645.952	-2.91932
648.939	1.10516
651.924	17.1296
654.909	13.154
657.892	17.1783
660.873	7.20255
663.854	15.2268
666.835	3.25094
669.813	13.275
672.791	3.29911
675.767	11.3231
678.743	5.34707
681.717	-6.62904
684.692	-0.605193
687.664	7.41859
690.634	11.4423
693.606	5.466
696.575	-2.51038
699.543	15.5132
702.51	9.53669
705.475	13.5601
708.44	1.58354
711.404	15.6069
714.367	-2.36984
717.329	-0.346618
720.29	7.67655
723.25	1.69966
726.207	1.7227
729.166	13.7457
732.123	-0.231368
735.077	1.7915
738.032	21.8143
740.984	9.83706
743.938	-0.140236
746.888	7.88239
749.839	-0.0950246
752.788	7.92748
755.735	11.9499
758.682	13.9723
761.627	13.9946
764.574	4.01693
767.517	10.0391
770.46	22.0613
773.402	2.08336
776.342	-5.89462
779.282	16.1273
782.219	4.14922
785.157	-1.82895
788.094	16.1928
791.029	-3.78547
793.962	2.23616
796.896	-1.74226
799.828	2.27924
802.76	14.3007
805.689	10.3221
808.619	0.343385
811.546	4.36463
814.473	20.3858
817.4	14.4069
820.324	24.428
823.248	4.44896
826.17	12.4699
829.092	20.4907
832.012	6.51151
834.932	16.5322
837.851	14.5529
840.768	-1.42654
843.685	22.594
846.599	12.6144
849.514	24.6348
852.428	12.6551
855.339	12.6753
858.251	22.6955
861.16	4.71559
864.07	12.7356
866.978	10.7556
869.884	20.7755
872.792	10.7953
875.696	18.815
878.599	12.8347
881.502	-1.1457
884.404	-1.12616
887.304	4.8933
890.204	16.9127
893.103	8.932
896.001	0.95125
898.898	2.97042
901.794	12.9895
904.689	7.00856
907.581	9.0275
910.474	1.04639
913.364	15.0652
916.256	7.08393
919.144	17.1026
922.034	3.12117
924.92	7.13967
927.808	5.15812
930.693	-0.823526
933.576	7.19476
936.459	5.21296
939.341	5.2311
942.222	-4.75085
945.102	1.26714
947.981	7.28504
950.859	11.3029
953.737	7.32063
956.613	7.33831
959.488	15.3559
962.361	11.3734
965.235	17.3909
968.105	-0.591772
970.977	11.4255
973.846	5.44273
976.716	9.45986
979.583	19.4769
982.449	5.49388
985.316	13.5108
988.18	5.5276
991.043	7.54434
993.906	19.561
996.767	13.5776
999.628	-2.40593
1002.49	23.6105
1005.35	17.6268
1008.2	-6.35692
1011.06	17.6592
1013.91	5.67534
1016.77	5.69136
1019.62	9.70729
1022.48	11.7231
1025.33	21.7389
1028.18	-12.2454
1031.03	13.7702
1033.87	21.7857
1036.72	5.80116
1039.57	11.8165
1042.41	9.83178
1045.26	29.847
1048.1	9.86208
1050.94	13.8771
1053.78	-4.10796
1056.62	15.9069
1059.46	-0.0783303
1062.3	-4.06364
1065.14	19.951
1067.97	-0.0345262
1070.81	5.9799
1073.64	25.9943
1076.47	16.0085
1079.31	2.02269
1082.14	26.0368
1084.97	6.05079
1087.8	14.0647
1090.63	10.0785
1093.45	10.0923
1096.28	14.1059
1099.1	-5.88049
1101.93	2.13299
1104.75	24.1464
1107.57	4.15971
1110.39	22.1729
1113.21	2.18606
1116.03	16.1991
1118.85	14.2121
1121.66	18.2249
1124.48	8.23772
1127.3	0.250414
1130.11	-3.73698
1132.92	2.27554
1135.73	12.288
1138.54	4.3003
1141.35	20.3125
1144.16	12.3247
1146.97	12.3368
1149.78	6.34876
1152.58	8.36064
1155.39	18.3724
1158.19	14.3841
1161	0.395762
1163.8	10.4073
1166.6	16.4187
1169.4	-3.56994
1172.2	-3.55869
1174.99	16.4525
1177.79	12.4635
1180.59	16.4745
1183.38	16.4854
1186.17	22.4962
1188.97	8.50689
1191.76	16.5175
1194.55	6.52801
1197.34	12.5384
1200.13	-1.45124
1202.92	24.559
1205.7	2.56912
1208.49	8.57917
1211.27	8.58913
1214.06	2.59898
1216.84	6.60875
1219.62	20.6184
1222.4	8.628
1225.18	0.637475
1227.96	-5.35314
1230.74	20.6562
1233.51	10.6653
1236.29	8.67445
1239.06	2.68345
1241.84	16.6924
1244.61	24.7012
1247.38	14.7099
1250.15	6.71851
1252.92	10.727
1255.69	4.73547
1258.46	12.7438
1261.23	8.75204
1263.99	6.76017
1266.76	-1.23178
1269.52	18.7762
1272.28	12.784
1275.05	8.79176
1277.81	24.7994
1280.57	28.807
1283.33	-3.18558
1286.08	12.8218
1288.84	28.829
1291.6	2.8362
1294.35	18.8433
1297.11	6.85022
1299.86	2.85709
1302.61	24.8639
1305.36	6.87052
1308.11	10.8771
1310.86	12.8836
1313.61	10.8899
1316.36	20.8962
1319.1	22.9024
1321.85	0.908428
1324.59	4.9144
1327.33	14.9203
1330.08	10.926
1332.82	8.9317
1335.56	-3.06274
1338.3	8.94273
1341.04	10.9481
1343.77	2.95335
1346.51	6.95851
1349.25	6.96357
1351.98	14.9685
1354.71	2.97339
1357.45	14.9781
1360.18	2.98279
1362.91	2.98734
1365.64	10.9918
1368.37	12.9961
1371.09	7.00038
1373.82	9.00451
1376.54	11.0085
1379.27	5.01248
1381.99	9.01631
1384.72	25.02
1387.44	3.02366
1390.16	21.0272
1392.88	9.0306
1395.6	11.0339
1398.31	19.0371
1401.03	3.04022
1403.75	9.04322
1406.46	-4.95388
1409.18	9.04891
1411.89	21.0516
1414.6	15.0542
1417.31	7.05665
1420.02	3.05902
1422.73	1.06128
1425.44	-8.93655
1428.15	11.0655
1430.85	3.06745
1433.56	7.06929
1436.26	17.071
1438.97	-2.92734
1441.67	17.0742
1444.37	9.07561
1447.07	-8.92308
1449.77	7.07812
1452.47	13.0792
1455.16	7.08022
1457.86	-2.9189
1460.56	-6.91812
1463.25	7.08255
1465.94	13.0831
1468.64	23.0836
1471.33	21.0839
1474.02	9.08417
1476.71	5.0843
1479.4	-2.91567
1482.09	13.0842
1484.77	11.0841
1487.46	5.08376
1490.14	7.08335
1492.83	-0.917162
1495.51	17.0822
1498.19	-2.91852
1500.87	15.0806
1503.55	9.07969
1506.23	9.07863
1508.91	11.0775
1511.59	17.0762
1514.27	-6.9252
1516.94	-6.92669
1519.62	25.0717
1522.29	13.07
1524.96	11.0682
1527.63	15.0662
1530.3	1.06418
1532.97	11.062
1535.64	17.0598
1538.31	13.0574
1540.98	3.05489
1543.64	-8.94771
1546.31	15.0496
1548.97	21.0468
1551.63	3.04383
1554.3	9.04079
1556.96	21.0376
1559.62	27.0344
1562.28	9.031
1564.94	11.0275
1567.59	9.02391
1570.25	-6.9798
1572.9	19.0164
1575.56	21.0124
1578.21	7.0084
1580.86	3.00424
1583.52	21
1586.17	6.99558
1588.82	-1.00892
1591.47	20.9865
1594.11	16.9818
1596.76	10.9769
1599.41	12.972
1602.05	16.9669
1604.69	10.9617
1607.34	4.95645
1609.98	22.9511
1612.62	4.94554
1615.26	20.9399
1617.9	18.9342
1620.54	8.92831
1623.18	14.9223
1625.81	10.9163
1628.45	12.9101
1631.08	8.90376
1633.72	8.89733
1636.35	22.8908
1638.98	8.88414
1641.61	-3.12263
1644.24	-1.12951
1646.87	0.863489
1649.5	14.8564
1652.13	18.8491
1654.75	2.84181
1657.38	14.8343
1660	8.82677
1662.63	14.8191
1665.25	6.81128
1667.87	14.8034
1670.49	8.79533
1673.11	6.78718
1675.73	0.778909
1678.35	14.7705
1680.96	16.762
1683.58	18.7534
1686.19	10.7447
1688.81	0.735835
1691.42	10.7269
1694.03	8.71779
1696.64	0.708597
1699.25	-1.30071
1701.87	12.6899
1704.47	8.68031
1707.08	16.6706
1709.69	16.6609
1712.29	6.65096
1714.9	16.6409
1717.5	16.6308
1720.1	12.6206
1722.71	12.6102
1725.31	14.5997
1727.91	16.5891
1730.51	20.5784
1733.1	22.5676
1735.7	16.5566
1738.3	12.5455
1740.89	10.5343
1743.49	12.523
1746.08	14.5116
1748.67	8.50006
1751.26	2.4884
1753.86	2.47661
1756.45	16.4647
1759.03	4.45269
1761.62	12.4406
1764.21	12.4283
1766.8	12.4159
1769.38	22.4034
1771.97	16.3908
1774.55	18.3781
1777.13	12.3652
1779.71	20.3523
1782.29	18.3392
1784.87	16.326
1787.45	12.3126
1790.03	20.2992
1792.61	14.2856
1795.18	6.27192
1797.76	12.2581
1800.33	4.24418
1802.9	8.23014
1805.48	6.21597
1808.05	4.20168
1810.62	10.1873
1813.19	10.1727
1815.76	14.1581
1818.33	18.1433
1820.89	8.12843
1823.46	-3.88658
1826.02	4.09829
1828.59	0.083041
1831.15	18.0677
1833.71	20.0522
1836.27	6.03656
1838.84	8.02082
1841.39	20.005
1843.95	-0.0110106
1846.51	11.9729
1849.07	3.95668
1851.62	5.94033
1854.18	5.92387
1856.73	15.9073
1859.29	-2.10942
1861.84	19.8738
1864.39	9.85681
1866.94	3.83973
1869.49	-4.17746
1872.04	17.8052
1874.59	9.78778
1877.13	21.7702
1879.68	19.7526
1882.22	13.7347
1884.77	7.71682
1887.31	7.69878
1889.85	15.6806
1892.39	11.6623
1894.93	17.6439
1897.47	9.62536
1900.01	19.6067
1902.55	35.5879
1905.09	9.56901
1907.62	7.54998
1910.16	27.5308
1912.69	17.5116
1915.22	21.4922
1917.76	23.4727
1920.29	21.453
1922.82	1.43324
1925.35	13.4133
1927.88	17.3933
1930.4	1.3732
1932.93	-8.64706
1935.46	15.3326
1937.98	15.3121
1940.51	5.29142
1943.03	7.27066
1945.55	9.24979
1948.07	11.2288
1950.59	-0.79233
1953.11	13.1864
1955.63	3.16504
1958.15	-8.85645
1960.67	27.1219
1963.18	17.1002
1965.7	9.07832
1968.21	3.05632
1970.73	3.0342
1973.24	5.01196
1975.75	14.9896
1978.26	16.9671
1980.77	6.9445
1983.28	2.92175
1985.79	-3.10111
1988.29	24.8759
1990.8	8.85278
1993.31	-3.17046
1995.81	10.8062
1998.31	18.7827
