100.093	6.01628
103.274	26.0698
106.457	20.123
109.636	20.176
112.817	12.2288
115.994	10.2813
119.172	0.333557
122.347	6.38557
125.521	10.4373
128.696	2.48891
131.868	8.5402
135.039	16.5913
138.209	-9.35793
141.379	10.6927
144.547	6.74302
147.713	14.7931
150.879	-3.15701
154.043	-3.10738
157.206	4.94202
160.368	2.99118
163.529	7.04011
166.689	-0.911197
169.848	11.1373
173.006	1.18549
176.163	17.2335
179.316	11.2812
182.471	15.3288
185.625	5.37606
188.777	3.42314
191.927	19.47
195.077	15.5166
198.224	-4.43707
201.372	17.6091
204.52	9.65503
207.664	25.7007
210.809	5.74619
213.95	3.79141
217.091	11.8364
220.233	19.8812
223.372	13.9258
226.509	9.97011
229.648	10.0143
232.784	10.0581
235.918	20.1018
239.051	4.14526
242.186	24.1885
245.317	6.23152
248.447	24.2743
251.577	-1.68313
254.705	10.3592
257.832	8.40135
260.958	4.44327
264.083	-1.51503
267.204	20.5264
270.327	18.5677
273.449	10.6087
276.57	6.64958
279.69	14.6902
282.806	4.73059
285.924	16.7708
289.04	14.8108
292.154	0.850521
295.268	22.8901
298.379	10.9294
301.492	24.9685
304.601	3.00746
307.711	5.04618
310.818	9.08467
313.924	25.1229
317.031	1.16104
320.135	7.19891
323.238	19.2366
326.34	1.27402
329.443	7.31129
332.543	19.3483
335.642	15.3852
338.74	5.42181
341.836	5.45824
344.932	7.49446
348.027	7.53049
351.12	-0.433689
354.213	-8.39807
357.302	29.6373
360.393	3.67255
363.482	-0.292432
366.57	7.74239
369.656	7.77699
372.742	7.81141
375.827	9.84564
378.91	5.87964
381.993	-2.08653
385.073	23.9471
388.154	5.98052
391.232	-1.98626
394.311	18.0468
397.387	24.0796
400.462	0.112257
403.536	14.1447
406.611	-1.82303
409.683	10.209
412.754	-5.7591
415.824	10.2726
418.893	14.3041
421.961	4.33535
425.027	10.3665
428.093	6.39737
431.158	6.4281
434.222	0.458632
437.284	12.489
440.346	14.5191
443.407	10.5491
446.464	0.578883
449.523	0.608484
452.581	14.6379
455.635	-9.33289
458.691	8.69616
461.743	18.725
464.797	0.753676
467.847	6.78215
470.899	14.8105
473.947	2.83857
476.994	2.8665
480.043	14.8943
483.088	0.921834
486.133	0.94922
489.176	8.97643
492.22	15.0035
495.262	3.03032
498.302	7.05699
501.341	21.0835
504.38	7.10979
507.417	9.13593
510.453	5.16189
513.487	-2.81234
516.521	1.21326
519.554	13.2387
522.586	7.26396
525.616	-4.71098
528.646	5.31393
531.675	19.3387
534.701	1.36322
537.729	3.38761
540.753	-4.58819
543.778	17.4359
546.8	-0.540283
549.821	17.4834
552.844	9.50694
555.863	-6.46971
558.881	3.55347
561.898	-0.423515
564.916	-0.400657
567.932	-2.37798
570.946	7.64453
573.959	-6.33313
576.971	1.68904
579.982	17.7111
582.993	9.73289
586	13.7546
589.008	7.77607
592.015	15.7974
595.022	9.8186
598.025	-0.16039
601.029	3.86047
604.032	1.88116
607.033	17.9017
610.034	1.92205
613.032	5.94225
616.032	11.9623
619.028	9.98218
622.023	6.00189
625.018	-3.97855
628.013	0.0408597
631.005	0.0600987
633.997	8.07918
636.987	-1.9019
639.977	2.11687
642.965	2.13548
645.952	6.15393
648.939	-3.82777
651.924	16.1904
654.909	2.20835
657.892	10.2262
660.873	-5.75615
663.854	16.2614
666.835	4.27874
669.813	4.29595
672.791	10.313
675.767	4.32991
678.743	14.3467
681.717	-5.63673
684.692	0.379729
687.664	8.39603
690.634	6.41217
693.606	14.4282
696.575	14.444
699.543	6.45973
702.51	12.4753
705.475	10.4907
708.44	2.50594
711.404	22.521
714.367	0.536005
717.329	18.5508
720.29	10.5655
723.25	16.58
726.207	8.59438
729.166	-3.39138
732.123	6.62271
735.077	0.636645
738.032	2.65045
740.984	10.6641
743.938	20.6776
746.888	-3.30902
749.839	14.7042
752.788	20.7173
755.735	0.730243
758.682	6.74304
761.627	2.75571
764.574	10.7682
767.517	14.7806
770.46	6.79286
773.402	8.80497
776.342	16.8169
779.282	6.82877
782.219	4.84045
785.157	20.852
788.094	6.86343
791.029	10.8747
793.962	10.8858
796.896	16.8969
799.828	16.9077
802.76	4.91847
805.689	8.92908
808.619	8.93955
811.546	12.9499
814.473	2.96009
817.4	6.97016
820.324	4.9801
823.248	16.9899
826.17	20.9996
829.092	15.0091
832.012	15.0185
834.932	3.02781
837.851	1.03697
840.768	9.04599
843.685	11.0549
846.599	-0.936359
849.514	13.0723
852.428	29.0808
855.339	19.0892
858.251	7.09742
861.16	25.1055
864.07	7.11354
866.978	5.12141
869.884	17.1292
872.792	13.1368
875.696	11.1443
878.599	3.15164
881.502	1.15889
884.404	21.166
887.304	11.173
890.204	21.1799
893.103	25.1866
896.001	19.1933
898.898	5.19978
901.794	13.2062
904.689	9.21243
907.581	7.21857
910.474	-4.7754
913.364	19.2305
916.256	25.2363
919.144	15.2419
922.034	11.2475
924.92	17.2529
927.808	11.2582
930.693	7.26342
933.576	1.26849
936.459	17.2734
939.341	19.2783
942.222	11.283
945.102	9.28762
947.981	7.29211
950.859	11.2965
953.737	-2.69926
956.613	17.3049
959.488	-0.691079
962.361	13.3128
965.235	7.31664
968.105	9.32033
970.977	-0.67609
973.846	13.3274
976.716	1.33073
979.583	19.334
982.449	-4.6629
985.316	21.3401
988.18	15.343
991.043	-8.65417
993.906	15.3485
996.767	27.3511
999.628	17.3536
1002.49	3.35592
1005.35	-0.641825
1008.2	19.3603
1011.06	9.36235
1013.91	19.3643
1016.77	11.3661
1019.62	19.3678
1022.48	-4.63057
1025.33	3.37093
1028.18	9.37233
1031.03	9.37362
1033.87	5.3748
1036.72	21.3759
1039.57	13.3769
1042.41	13.3777
1045.26	3.3785
1048.1	19.3792
1050.94	5.37973
1053.78	9.38019
1056.62	3.38055
1059.46	13.3808
1062.3	5.38096
1065.14	-2.61898
1067.97	11.381
1070.81	29.3808
1073.64	13.3806
1076.47	1.38023
1079.31	-4.62022
1082.14	11.3792
1084.97	11.3786
1087.8	7.37784
1090.63	25.377
1093.45	7.37606
1096.28	1.37503
1099.1	27.3739
1101.93	13.3727
1104.75	1.37133
1107.57	9.36991
1110.39	5.36839
1113.21	-2.63323
1116.03	15.3651
1118.85	9.36325
1121.66	3.36136
1124.48	-4.64064
1127.3	17.3573
1130.11	13.3551
1132.92	7.35282
1135.73	1.35045
1138.54	1.34799
1141.35	11.3454
1144.16	-2.65721
1146.97	13.3401
1149.78	13.3372
1152.58	15.3343
1155.39	15.3313
1158.19	7.3282
1161	13.325
1163.8	11.3217
1166.6	5.31837
1169.4	21.3149
1172.2	9.31136
1174.99	5.30773
1177.79	11.304
1180.59	13.3002
1183.38	7.2963
1186.17	5.29231
1188.97	25.2882
1191.76	-0.715914
1194.55	15.2798
1197.34	15.2755
1200.13	15.2711
1202.92	1.2666
1205.7	1.26201
1208.49	7.25734
1211.27	13.2526
1214.06	9.24775
1216.84	15.2428
1219.62	5.23783
1222.4	17.2327
1225.18	21.2276
1227.96	5.22231
1230.74	17.217
1233.51	11.2116
1236.29	5.20606
1239.06	-0.799517
1241.84	23.1948
1244.61	15.1891
1247.38	13.1833
1250.15	1.17736
1252.92	1.17138
1255.69	13.1653
1258.46	5.15918
1261.23	9.15296
1263.99	3.14667
1266.76	15.1403
1269.52	5.13384
1272.28	19.1273
1275.05	9.1207
1277.81	17.114
1280.57	-2.89275
1283.33	15.1004
1286.08	5.0935
1288.84	1.08651
1291.6	7.07945
1294.35	17.0723
1297.11	17.0651
1299.86	9.05781
1302.61	15.0504
1305.36	13.043
1308.11	5.03549
1310.86	11.0279
1313.61	13.0203
1316.36	7.01252
1319.1	25.0047
1321.85	4.99685
1324.59	12.9889
1327.33	20.9809
1330.08	12.9728
1332.82	18.9646
1335.56	-1.0436
1338.3	12.9481
1341.04	10.9397
1343.77	18.9313
1346.51	0.92277
1349.25	16.9142
1351.98	6.90554
1354.71	10.8968
1357.45	-7.11197
1360.18	30.8792
1362.91	-1.12976
1365.64	14.8613
1368.37	26.8522
1371.09	12.8431
1373.82	6.83388
1376.54	16.8246
1379.27	8.81529
1381.99	4.8059
1384.72	12.7964
1387.44	2.78692
1390.16	4.77733
1392.88	-1.23232
1395.6	4.75796
1398.31	22.7482
1401.03	4.73834
1403.75	18.7284
1406.46	20.7184
1409.18	10.7084
1411.89	-7.30169
1414.6	2.68815
1417.31	2.67793
1420.02	14.6676
1422.73	12.6573
1425.44	-5.35312
1428.15	8.63642
1430.85	16.6259
1433.56	6.61529
1436.26	10.6046
1438.97	-5.40608
1441.67	0.583149
1444.37	-1.42768
1447.07	10.5614
1449.77	20.5505
1452.47	10.5395
1455.16	12.5284
1457.86	16.5173
1460.56	6.50608
1463.25	24.4948
1465.94	10.4835
1468.64	-5.52783
1471.33	6.46076
1474.02	24.4493
1476.71	2.43776
1479.4	-1.57383
1482.09	10.4145
1484.77	-1.59717
1487.46	6.39108
1490.14	2.37927
1492.83	6.36741
1495.51	6.35549
1498.19	12.3435
1500.87	4.3315
1503.55	-3.68058
1506.23	18.3073
1508.91	10.2951
1511.59	16.2829
1514.27	18.2706
1516.94	18.2582
1519.62	22.2458
1522.29	2.23337
1524.96	6.22087
1527.63	6.20831
1530.3	22.1957
1532.97	0.183051
1535.64	20.1703
1538.31	18.1576
1540.98	14.1448
1543.64	16.1319
1546.31	2.11902
1548.97	14.1061
1551.63	0.0930509
1554.3	12.08
1556.96	6.06689
1559.62	20.0537
1562.28	-7.95947
1564.94	16.0273
1567.59	16.014
1570.25	2.00064
1572.9	-6.01276
1575.56	27.9738
1578.21	21.9603
1580.86	17.9468
1583.52	13.9332
1586.17	3.91958
1588.82	-6.0941
1591.47	5.89218
1594.11	9.87842
1596.76	-0.135384
1599.41	5.85076
1602.05	1.83687
1604.69	7.82292
1607.34	15.8089
1609.98	-10.2051
1612.62	5.78082
1615.26	7.7667
1617.9	7.75255
1620.54	1.73834
1623.18	9.72409
1625.81	1.7098
1628.45	15.6955
1631.08	19.6811
1633.72	25.6667
1636.35	7.65222
1638.98	3.63772
1641.61	19.6232
1644.24	9.6086
1646.87	13.594
1649.5	13.5793
1652.13	9.56461
1654.75	19.5499
1657.38	15.5351
1660	17.5203
1662.63	1.5054
1665.25	19.4905
1667.87	19.4755
1670.49	9.46057
1673.11	-0.554444
1675.73	15.4305
1678.35	7.41541
1680.96	7.40027
1683.58	11.3851
1686.19	19.3699
1688.81	21.3547
1691.42	15.3394
1694.03	3.32406
1696.64	19.3087
1699.25	7.29332
1701.87	-2.72211
1704.47	9.26243
1707.08	11.2469
1709.69	-2.76859
1712.29	-0.784162
1714.9	13.2002
1717.5	1.18461
1720.1	9.16893
1722.71	17.1532
1725.31	13.1375
1727.91	23.1217
1730.51	-0.894086
1733.1	17.0901
1735.7	21.0742
1738.3	7.05829
1740.89	-6.95764
1743.49	13.0264
1746.08	9.01038
1748.67	8.99435
1751.26	26.9783
1753.86	24.9622
1756.45	0.946058
1759.03	8.9299
1761.62	22.9137
1764.21	-3.10251
1766.8	-3.11876
1769.38	14.865
1771.97	4.84864
1774.55	10.8323
1777.13	16.8159
1779.71	10.7995
1782.29	10.7831
1784.87	6.76664
1787.45	10.7501
1790.03	12.7336
1792.61	18.7171
1795.18	10.7005
1797.76	12.6839
1800.33	14.6673
1802.9	24.6506
1805.48	8.63395
1808.05	8.61724
1810.62	22.6005
1813.19	12.5837
1815.76	10.5669
1818.33	6.55012
1820.89	-3.46673
1823.46	14.5164
1826.02	24.4995
1828.59	22.4826
1831.15	4.46565
1833.71	22.4487
1836.27	16.4317
1838.84	20.4147
1841.39	8.39761
1843.95	8.38054
1846.51	8.36345
1849.07	4.34634
1851.62	22.3292
1854.18	10.312
1856.73	-1.70516
1859.29	2.27762
1861.84	10.2604
1864.39	0.243141
1866.94	8.22585
1869.49	4.20855
1872.04	-1.80877
1874.59	14.1739
1877.13	4.15652
1879.68	10.1391
1882.22	-3.87828
1884.77	10.1043
1887.31	16.0868
1889.85	-3.93064
1892.39	6.05188
1894.93	22.0344
1897.47	4.01682
1900.01	11.9993
1902.55	7.9817
1905.09	9.96411
1907.62	-2.05351
1910.16	9.92887
1912.69	1.91122
1915.22	5.89354
1917.76	15.8759
1920.29	1.85815
1922.82	7.84043
1925.35	9.82268
1927.88	11.8049
1930.4	1.78715
1932.93	7.76935
1935.46	11.7515
1937.98	-0.266295
1940.51	17.7159
1943.03	-0.30201
1945.55	5.68012
1948.07	7.66222
1950.59	13.6443
1953.11	15.6264
1955.63	-2.39157
1958.15	3.59047
1960.67	1.5725
1963.18	-4.44549
1965.7	13.5365
1968.21	13.5185
1970.73	-0.499556
1973.24	21.4824
1975.75	-0.535666
1978.26	15.4462
1980.77	3.42816
1983.28	7.41005
1985.79	-2.60807
1988.29	15.3738
1990.8	15.3556
1993.31	7.33748
1995.81	11.3193
1998.31	17.3011
