100.093	21.9868
103.274	10.0103
106.457	28.0335
109.636	4.05664
112.817	28.0796
115.994	8.10239
119.172	16.125
122.347	12.1475
125.521	22.1698
128.696	8.19201
131.868	24.214
135.039	18.2359
138.209	20.2576
141.379	2.27918
144.547	-3.69941
147.713	8.32185
150.879	2.34296
154.043	12.3639
157.206	10.3847
160.368	12.4054
163.529	24.4259
166.689	2.44632
169.848	0.466554
173.006	14.4866
176.163	12.5066
179.316	16.5264
182.471	28.5461
185.625	-3.43442
188.777	14.585
191.927	16.6042
195.077	6.6233
198.224	6.64225
201.372	-5.33892
204.52	10.6798
207.664	10.6983
210.809	6.71674
213.95	16.735
217.091	20.7532
220.233	24.7712
223.372	-7.21094
226.509	22.8068
229.648	6.82443
232.784	18.8419
235.918	4.85926
239.051	2.87649
242.186	16.8936
245.317	4.91056
248.447	10.9274
251.577	0.944121
254.705	16.9607
257.832	10.9772
260.958	18.9935
264.083	21.0097
267.204	21.0258
270.327	13.0418
273.449	5.05764
276.57	9.07337
279.69	13.089
282.806	7.10445
285.924	17.1198
289.04	17.1351
292.154	11.1502
295.268	1.16522
298.379	11.1801
301.492	29.1949
304.601	9.20956
307.711	-0.775885
310.818	9.23855
313.924	25.2529
317.031	19.2671
320.135	7.28118
323.238	13.2952
326.34	-10.691
329.443	5.32282
332.543	15.3365
335.642	21.35
338.74	3.36346
341.836	-2.62321
344.932	5.39002
348.027	7.40314
351.12	5.41616
354.213	13.4291
357.302	5.44186
360.393	9.45457
363.482	9.46717
366.57	21.4797
369.656	15.4921
372.742	5.50435
375.827	11.5166
378.91	15.5286
381.993	1.54064
385.073	15.5525
388.154	17.5643
391.232	21.576
394.311	3.58764
397.387	-2.40086
400.462	13.6105
403.536	3.62187
406.611	19.6331
409.683	19.6442
412.754	1.65526
415.824	15.6662
418.893	-0.322947
421.961	9.68781
425.027	3.69848
428.093	7.70907
431.158	13.7196
434.222	9.72996
437.284	3.74028
440.346	1.75051
443.407	15.7606
446.464	9.7707
449.523	9.78067
452.581	9.79055
455.635	5.80035
458.691	-4.18993
461.743	11.8197
464.797	5.82925
467.847	1.83871
470.899	13.8481
473.947	5.8574
476.994	-12.1334
480.043	15.8758
483.088	17.8848
486.133	1.89382
489.176	5.90273
492.22	19.9116
495.262	23.9203
498.302	3.929
501.341	9.9376
504.38	9.94613
507.417	13.9546
510.453	9.96297
513.487	5.97127
516.521	-0.0204985
519.554	11.9877
522.586	7.99576
525.616	20.0038
528.646	0.0117214
531.675	12.0196
534.701	4.02741
537.729	20.0352
540.753	6.04282
543.778	0.0504294
546.8	2.05797
549.821	-17.9346
552.844	12.0728
555.863	-9.91982
558.881	4.08746
561.898	12.0947
564.916	4.10182
567.932	14.1089
570.946	-1.88408
573.959	0.122884
576.971	12.1298
579.982	-1.86338
582.993	8.1434
586	8.15011
589.008	8.15677
592.015	4.16337
595.022	16.1699
598.025	6.1764
601.029	8.18283
604.032	-1.8108
607.033	-5.80449
610.034	14.2018
613.032	2.20797
616.032	2.21412
619.028	12.2202
622.023	12.2263
625.018	12.2322
628.013	4.23819
631.005	6.24408
633.997	0.24991
636.987	-5.74431
639.977	22.2614
642.965	26.2671
645.952	-9.72725
648.939	14.2783
651.924	6.28388
654.909	14.2894
657.892	-3.70518
660.873	8.30021
663.854	8.30557
666.835	16.3109
669.813	2.31614
672.791	10.3214
675.767	-1.67347
678.743	10.3317
681.717	-1.66325
684.692	-3.6582
687.664	-3.6532
690.634	8.35177
693.606	4.35669
696.575	2.36157
699.543	18.3664
702.51	20.3712
705.475	6.37599
708.44	16.3807
711.404	0.385403
714.367	22.3901
717.329	8.39467
720.29	12.3993
723.25	-1.5962
726.207	6.4083
729.166	18.4128
732.123	0.417221
735.077	14.4216
738.032	8.426
740.984	14.4303
743.938	-3.56535
746.888	22.4389
749.839	26.4432
752.788	10.4474
755.735	-1.54843
758.682	14.4557
761.627	12.4599
764.574	6.46396
767.517	20.468
770.46	10.4721
773.402	10.4761
776.342	12.4801
779.282	28.484
782.219	4.48796
785.157	14.4919
788.094	6.49576
791.029	16.4996
793.962	12.5035
796.896	12.5073
799.828	16.5111
802.76	12.5148
805.689	4.51858
808.619	14.5223
811.546	18.526
814.473	8.52969
817.4	10.5334
820.324	12.537
823.248	14.5406
826.17	8.54423
829.092	18.5478
832.012	10.5514
834.932	10.5549
837.851	8.55847
840.768	16.562
843.685	16.5655
846.599	-3.43102
849.514	18.5725
852.428	6.57592
855.339	8.57936
858.251	12.5828
861.16	14.5862
864.07	0.589613
866.978	6.593
869.884	18.5964
872.792	12.5998
875.696	14.6031
878.599	10.6065
881.502	8.6098
884.404	2.61313
887.304	4.61644
890.204	0.619755
893.103	18.6231
896.001	4.62635
898.898	24.6296
901.794	22.6329
904.689	10.6362
907.581	8.63946
910.474	8.64272
913.364	8.64598
916.256	8.64923
919.144	18.6525
922.034	16.6557
924.92	18.659
927.808	14.6622
930.693	12.6654
933.576	18.6687
936.459	0.671899
939.341	6.67513
942.222	-3.32164
945.102	2.68159
947.981	6.68481
950.859	6.68804
953.737	16.6913
956.613	16.6945
959.488	6.69774
962.361	12.701
965.235	6.70421
968.105	0.707451
970.977	16.7107
973.846	12.7139
976.716	12.7172
979.583	18.7205
982.449	4.72371
985.316	10.727
988.18	4.73025
991.043	16.7335
993.906	10.7368
996.767	14.7401
999.628	14.7434
1002.49	18.7467
1005.35	2.75004
1008.2	18.7534
1011.06	2.7567
1013.91	2.76005
1016.77	12.7634
1019.62	6.76676
1022.48	-5.22986
1025.33	4.77353
1028.18	8.77693
1031.03	4.78034
1033.87	2.78376
1036.72	6.7872
1039.57	8.79064
1042.41	2.79411
1045.26	8.79758
1048.1	20.8011
1050.94	6.80458
1053.78	-5.1919
1056.62	6.81164
1059.46	8.81519
1062.3	8.81876
1065.14	8.82234
1067.97	6.82595
1070.81	6.82957
1073.64	10.8332
1076.47	0.83686
1079.31	-3.15946
1082.14	-3.15577
1084.97	-3.15206
1087.8	16.8517
1090.63	2.85543
1093.45	8.8592
1096.28	20.863
1099.1	22.8668
1101.93	2.87065
1104.75	10.8745
1107.57	8.8784
1110.39	14.8823
1113.21	2.88623
1116.03	12.8902
1118.85	4.89416
1121.66	10.8982
1124.48	14.9022
1127.3	0.906235
1130.11	2.91031
1132.92	-5.08559
1135.73	-11.0815
1138.54	-1.07731
1141.35	6.92688
1144.16	4.93109
1146.97	10.9353
1149.78	16.9396
1152.58	0.943878
1155.39	12.9482
1158.19	-7.04745
1161	14.9569
1163.8	6.96134
1166.6	2.96578
1169.4	10.9703
1172.2	12.9748
1174.99	16.9793
1177.79	18.9839
1180.59	12.9885
1183.38	2.99308
1186.17	4.99774
1188.97	3.00244
1191.76	17.0072
1194.55	3.01193
1197.34	5.01672
1200.13	11.0216
1202.92	11.0264
1205.7	11.0313
1208.49	15.0363
1211.27	9.04123
1214.06	1.04623
1216.84	5.05128
1219.62	11.0564
1222.4	11.0615
1225.18	11.0666
1227.96	9.07183
1230.74	5.07707
1233.51	11.0823
1236.29	3.08765
1239.06	17.093
1241.84	23.0984
1244.61	1.10381
1247.38	9.10928
1250.15	7.11479
1252.92	3.12034
1255.69	9.12594
1258.46	19.1316
1261.23	9.13725
1263.99	-10.857
1266.76	-4.85127
1269.52	9.15453
1272.28	9.16037
1275.05	3.16627
1277.81	11.1722
1280.57	7.17818
1283.33	9.1842
1286.08	7.19027
1288.84	21.1964
1291.6	17.2025
1294.35	-0.791249
1297.11	-0.785001
1299.86	13.2213
1302.61	17.2276
1305.36	-0.765966
1308.11	7.24048
1310.86	13.247
1313.61	-0.746505
1316.36	-6.73992
1319.1	17.2667
1321.85	5.2734
1324.59	11.2801
1327.33	1.28691
1330.08	7.29374
1332.82	11.3006
1335.56	17.3076
1338.3	9.31454
1341.04	1.32157
1343.77	11.3287
1346.51	7.33579
1349.25	5.34298
1351.98	-2.64978
1354.71	5.35752
1357.45	11.3649
1360.18	5.37227
1362.91	11.3797
1365.64	11.3872
1368.37	7.3948
1371.09	17.4024
1373.82	7.41009
1376.54	11.4178
1379.27	11.4256
1381.99	9.43344
1384.72	11.4413
1387.44	1.44929
1390.16	5.45731
1392.88	1.46537
1395.6	15.4735
1398.31	1.48168
1401.03	21.4899
1403.75	7.49821
1406.46	1.50657
1409.18	1.51499
1411.89	21.5235
1414.6	13.532
1417.31	1.54059
1420.02	15.5492
1422.73	27.558
1425.44	-4.43327
1428.15	21.5756
1430.85	3.58446
1433.56	-0.406582
1436.26	-8.39756
1438.97	7.61152
1441.67	-4.37934
1444.37	9.62987
1447.07	-2.36086
1449.77	19.6485
1452.47	-0.342136
1455.16	5.66732
1457.86	13.6768
1460.56	23.6864
1463.25	1.69609
1465.94	17.7058
1468.64	17.7156
1471.33	1.72543
1474.02	9.73535
1476.71	21.7453
1479.4	17.7554
1482.09	5.76549
1484.77	5.77566
1487.46	7.78591
1490.14	15.7962
1492.83	15.8066
1495.51	-0.182951
1498.19	-2.17243
1500.87	11.8381
1503.55	23.8488
1506.23	9.85953
1508.91	7.87031
1511.59	-2.11882
1514.27	25.8921
1516.94	25.9031
1519.62	9.91418
1522.29	13.9253
1524.96	7.93653
1527.63	7.94781
1530.3	11.9592
1532.97	19.9706
1535.64	5.98209
1538.31	7.99366
1540.98	12.0053
1543.64	14.017
1546.31	-3.9712
1548.97	4.04066
1551.63	0.0525916
1554.3	2.0646
1556.96	10.0767
1559.62	22.0888
1562.28	-7.89893
1564.94	10.1134
1567.59	20.1257
1570.25	20.1382
1572.9	-1.84927
1575.56	10.1633
1578.21	10.176
1580.86	22.1888
1583.52	6.20161
1586.17	8.21452
1588.82	4.22751
1591.47	14.2406
1594.11	-11.7463
1596.76	-3.73307
1599.41	0.280224
1602.05	6.2936
1604.69	12.3071
1607.34	6.32059
1609.98	28.3342
1612.62	4.34789
1615.26	10.3617
1617.9	14.3755
1620.54	6.38944
1623.18	8.40344
1625.81	14.4175
1628.45	4.4317
1631.08	24.4459
1633.72	12.4603
1636.35	16.4747
1638.98	10.4892
1641.61	14.5038
1644.24	0.518418
1646.87	16.5332
1649.5	8.54798
1652.13	4.56288
1654.75	6.57787
1657.38	20.5929
1660	-1.3919
1662.63	2.62333
1665.25	26.6387
1667.87	18.6541
1670.49	12.6696
1673.11	26.6851
1675.73	18.7008
1678.35	8.71653
1680.96	6.73236
1683.58	18.7483
1686.19	16.7643
1688.81	14.7804
1691.42	6.79652
1694.03	16.8128
1696.64	8.82912
1699.25	-9.15445
1701.87	4.86208
1704.47	10.8787
1707.08	10.8954
1709.69	12.9122
1712.29	0.92902
1714.9	16.946
1717.5	10.963
1720.1	16.9801
1722.71	-7.00263
1725.31	1.01468
1727.91	-2.96792
1730.51	17.0496
1733.1	13.0671
1735.7	21.0848
1738.3	9.10257
1740.89	13.1204
1743.49	11.1384
1746.08	5.15638
1748.67	1.17451
1751.26	3.19271
1753.86	19.211
1756.45	25.2294
1759.03	5.24789
1761.62	11.2665
1764.21	5.28513
1766.8	-2.69611
1769.38	23.3227
1771.97	17.3417
1774.55	7.36073
1777.13	15.3799
1779.71	13.3991
1782.29	15.4184
1784.87	21.4378
1787.45	7.45732
1790.03	3.47692
1792.61	13.4966
1795.18	7.5164
1797.76	-2.46371
1800.33	13.5563
1802.9	29.5763
1805.48	-4.4035
1808.05	3.61677
1810.62	21.6371
1813.19	5.65759
1815.76	15.6781
1818.33	7.69879
1820.89	21.7195
1823.46	3.74037
1826.02	25.7613
1828.59	3.78235
1831.15	3.80348
1833.71	15.8247
1836.27	15.846
1838.84	17.8675
1841.39	17.889
1843.95	27.9106
1846.51	17.9323
1849.07	-2.04586
1851.62	13.9761
1854.18	19.9981
1856.73	12.0202
1859.29	-3.95759
1861.84	-3.93528
1864.39	16.0871
1866.94	10.1097
1869.49	4.13226
1872.04	12.155
1874.59	18.1778
1877.13	4.20071
1879.68	12.2237
1882.22	4.24683
1884.77	18.2701
1887.31	18.2934
1889.85	-1.68321
1892.39	12.3403
1894.93	14.3639
1897.47	20.3877
1900.01	14.4115
1902.55	16.4354
1905.09	-5.54055
1907.62	26.4836
1910.16	0.507813
1912.69	4.53216
1915.22	16.5566
1917.76	12.5811
1920.29	16.6058
1922.82	14.6306
1925.35	30.6554
1927.88	10.6804
1930.4	10.7055
1932.93	10.7306
1935.46	16.7559
1937.98	16.7813
1940.51	14.8068
1943.03	14.8324
1945.55	10.8581
1948.07	20.8839
1950.59	0.909766
1953.11	18.9358
1955.63	16.9619
1958.15	2.98813
1960.67	9.01446
1963.18	1.04089
1965.7	9.06744
1968.21	11.0941
1970.73	19.1209
1973.24	-4.85227
1975.75	23.1747
1978.26	21.2018
1980.77	7.22896
1983.28	11.2563
1985.79	13.2837
1988.29	17.3112
1990.8	9.33881
1993.31	13.3665
1995.81	15.3944
1998.31	19.4223
