100.093	11.4551
103.274	9.52911
106.457	5.60274
109.636	3.67593
112.817	-6.25123
115.994	17.8212
119.172	3.89319
122.347	7.96479
125.521	2.03599
128.696	10.1068
131.868	0.177264
135.039	14.2473
138.209	2.31693
141.379	14.3862
144.547	-1.54491
147.713	0.523566
150.879	20.5917
154.043	-3.34063
157.206	-1.27329
160.368	10.7937
163.529	8.86023
166.689	10.9264
169.848	-9.00775
173.006	-2.9423
176.163	13.1228
179.316	25.1874
182.471	11.2518
185.625	19.3157
188.777	5.37932
191.927	25.4425
195.077	13.5054
198.224	1.56783
201.372	3.62997
204.52	5.69175
207.664	5.75313
210.809	7.81418
213.95	13.8748
217.091	5.93515
220.233	-2.00486
223.372	20.0547
226.509	10.114
229.648	0.172918
232.784	0.231464
235.918	4.28966
239.051	8.34751
242.186	26.4051
245.317	16.4622
248.447	14.519
251.577	26.5755
254.705	4.63165
257.832	2.68744
260.958	8.7429
264.083	6.79803
267.204	6.85278
270.327	4.90723
273.449	22.9613
276.57	19.0151
279.69	13.0686
282.806	3.12169
285.924	1.17449
289.04	9.22696
292.154	17.2791
295.268	-2.6691
298.379	7.38237
301.492	23.4335
304.601	15.4844
307.711	7.53491
310.818	11.5851
313.924	13.635
317.031	19.6846
320.135	1.7338
323.238	-0.217271
326.34	11.8313
329.443	5.87968
332.543	17.9277
335.642	7.97537
338.74	6.02275
341.836	6.06983
344.932	2.1166
348.027	12.1631
351.12	12.2092
354.213	8.2551
357.302	4.30063
360.393	0.345899
363.482	2.39087
366.57	2.43554
369.656	14.4799
372.742	12.524
375.827	16.5678
378.91	20.6112
381.993	10.6544
385.073	18.6973
388.154	10.74
391.232	-7.21772
394.311	16.8243
397.387	2.86609
400.462	20.9076
403.536	12.9487
406.611	12.9897
409.683	11.0303
412.754	7.07063
415.824	17.1107
418.893	3.15048
421.961	7.18999
425.027	17.2292
428.093	21.2682
431.158	-0.693106
434.222	17.3453
437.284	7.38347
440.346	3.42136
443.407	5.45898
446.464	5.49631
449.523	7.5334
452.581	-2.42978
455.635	3.60676
458.691	-2.35694
461.743	23.6791
464.797	3.71485
467.847	11.7504
470.899	11.7856
473.947	9.8206
476.994	5.85533
480.043	3.88984
483.088	-12.0759
486.133	9.95803
489.176	-0.00824372
492.22	10.0253
495.262	10.0585
498.302	0.0914568
501.341	16.1242
504.38	-1.84332
507.417	0.188921
510.453	-5.77908
513.487	-5.74734
516.521	6.28418
519.554	14.3155
522.586	14.3465
525.616	8.37729
528.646	14.4079
531.675	6.43819
534.701	14.4683
537.729	14.4981
540.753	10.5277
543.778	4.55715
546.8	0.586298
549.821	14.6152
552.844	8.64394
555.863	12.6724
558.881	2.70066
561.898	4.72868
564.916	12.7565
567.932	10.7841
570.946	6.81142
573.959	10.8386
576.971	12.8655
579.982	12.8922
582.993	12.9186
586	0.944889
589.008	12.9709
592.015	4.99677
595.022	-0.977608
598.025	-2.95222
601.029	-6.92702
604.032	3.09797
607.033	13.1227
610.034	-0.852696
613.032	15.1717
616.032	5.19581
619.028	-2.78025
622.023	7.24348
625.018	-4.73299
628.013	-2.70964
631.005	3.31349
633.997	13.3364
636.987	-4.64085
639.977	9.38168
642.965	9.40402
645.952	1.42616
648.939	3.44811
651.924	7.46986
654.909	7.49142
657.892	-2.48721
660.873	1.53395
663.854	7.55494
666.835	7.57574
669.813	-2.40366
672.791	11.6168
675.767	-0.363014
678.743	3.65704
681.717	1.6769
684.692	1.69658
687.664	23.7161
690.634	5.73539
693.606	-0.245467
696.575	23.7735
699.543	25.7923
702.51	3.81086
705.475	1.82928
708.44	25.8475
711.404	1.8656
714.367	5.8835
717.329	3.90123
720.29	5.91879
723.25	7.93617
726.207	13.9534
729.166	5.97043
732.123	-2.01269
735.077	10.004
738.032	16.0206
740.984	14.0369
743.938	-1.94684
746.888	0.0692044
749.839	12.0851
752.788	-3.89917
755.735	12.1164
758.682	4.1318
761.627	18.147
764.574	12.1621
767.517	12.1771
770.46	10.1919
773.402	-3.79351
776.342	12.221
779.282	6.23528
782.219	18.2494
785.157	8.26346
788.094	16.2773
791.029	6.29105
793.962	2.30461
796.896	18.318
799.828	4.3313
802.76	16.3444
805.689	8.35741
808.619	4.37026
811.546	0.382954
814.473	6.39551
817.4	10.4079
820.324	12.4202
823.248	10.4323
826.17	14.4443
829.092	8.45619
832.012	-7.53209
834.932	10.4795
837.851	24.491
840.768	6.50227
843.685	0.513457
846.599	12.5245
849.514	22.5354
852.428	4.54622
855.339	24.5569
858.251	16.5674
861.16	10.5778
864.07	2.5881
866.978	30.5983
869.884	20.6083
872.792	2.61818
875.696	22.628
878.599	6.63762
881.502	12.6472
884.404	0.656568
887.304	2.66586
890.204	16.675
893.103	10.6841
896.001	-7.30696
898.898	6.70186
901.794	0.710572
904.689	24.7192
907.581	24.7276
910.474	4.73601
913.364	0.744262
916.256	24.7524
919.144	20.7604
922.034	6.76836
924.92	2.77617
927.808	16.7839
930.693	20.7915
933.576	-9.20103
936.459	14.8064
939.341	16.8136
942.222	4.82081
945.102	12.8279
947.981	18.8349
950.859	8.84173
953.737	10.8485
956.613	0.855174
959.488	-7.13825
962.361	10.8682
965.235	10.8746
968.105	14.8809
970.977	10.8871
973.846	12.8931
976.716	18.8991
979.583	12.905
982.449	8.91085
985.316	16.9166
988.18	26.9222
991.043	10.9277
993.906	10.9332
996.767	22.9385
999.628	4.9438
1002.49	18.949
1005.35	12.9541
1008.2	4.9591
1011.06	2.96403
1013.91	10.9689
1016.77	6.97363
1019.62	-1.02169
1022.48	16.9829
1025.33	8.98743
1028.18	8.99187
1031.03	16.9962
1033.87	3.0005
1036.72	9.00471
1039.57	13.0088
1042.41	13.0129
1045.26	17.0169
1048.1	13.0208
1050.94	5.02459
1053.78	29.0283
1056.62	15.032
1059.46	11.0356
1062.3	5.03917
1065.14	17.0426
1067.97	31.046
1070.81	9.04938
1073.64	19.0526
1076.47	7.05584
1079.31	11.059
1082.14	5.06204
1084.97	21.065
1087.8	1.06799
1090.63	11.0709
1093.45	1.07368
1096.28	-0.923573
1099.1	15.0791
1101.93	9.08175
1104.75	15.0843
1107.57	7.08684
1110.39	13.0893
1113.21	5.09169
1116.03	13.094
1118.85	9.09632
1121.66	-4.90145
1124.48	9.10073
1127.3	3.10285
1130.11	5.10493
1132.92	5.10695
1135.73	1.10891
1138.54	1.11083
1141.35	1.1127
1144.16	9.11452
1146.97	1.11629
1149.78	13.118
1152.58	1.11969
1155.39	9.12132
1158.19	11.1229
1161	9.12444
1163.8	23.1259
1166.6	3.12739
1169.4	-2.8712
1172.2	9.13016
1174.99	3.13149
1177.79	23.1328
1180.59	-4.86598
1183.38	7.13522
1186.17	3.13639
1188.97	9.13752
1191.76	5.13861
1194.55	7.13967
1197.34	-0.859313
1200.13	5.14167
1202.92	17.1426
1205.7	5.14354
1208.49	5.14442
1211.27	17.1453
1214.06	3.14609
1216.84	19.1469
1219.62	1.14764
1222.4	13.1484
1225.18	3.14907
1227.96	7.14974
1230.74	13.1504
1233.51	1.15101
1236.29	1.1516
1239.06	11.1522
1241.84	7.1527
1244.61	1.15322
1247.38	7.15371
1250.15	1.15418
1252.92	15.1546
1255.69	7.15506
1258.46	29.1555
1261.23	3.15585
1263.99	7.15621
1266.76	9.15656
1269.52	17.1569
1272.28	3.1572
1275.05	5.15749
1277.81	-0.84223
1280.57	11.158
1283.33	13.1583
1286.08	-8.84149
1288.84	11.1587
1291.6	9.15893
1294.35	-8.84087
1297.11	5.15931
1299.86	15.1595
1302.61	9.15964
1305.36	15.1598
1308.11	15.1599
1310.86	11.1601
1313.61	19.1602
1316.36	3.1603
1319.1	1.16041
1321.85	3.16051
1324.59	15.1606
1327.33	13.1607
1330.08	15.1608
1332.82	-2.83913
1335.56	1.16096
1338.3	13.161
1341.04	7.16111
1343.77	5.16119
1346.51	5.16127
1349.25	19.1613
1351.98	13.1614
1354.71	3.1615
1357.45	13.1616
1360.18	1.16166
1362.91	9.16175
1365.64	1.16184
1368.37	7.16193
1371.09	7.16203
1373.82	9.16213
1376.54	3.16225
1379.27	1.16236
1381.99	13.1625
1384.72	9.16262
1387.44	-2.83724
1390.16	7.16291
1392.88	9.16307
1395.6	3.16324
1398.31	19.1634
1401.03	3.16362
1403.75	17.1638
1406.46	3.16404
1409.18	7.16427
1411.89	-6.83548
1414.6	-0.835224
1417.31	7.16505
1420.02	13.1653
1422.73	5.16565
1425.44	-6.83403
1428.15	17.1663
1430.85	9.16667
1433.56	-4.83295
1436.26	7.16744
1438.97	11.1679
1441.67	9.16829
1444.37	5.16875
1447.07	15.1692
1449.77	11.1697
1452.47	9.17025
1455.16	3.17079
1457.86	23.1714
1460.56	7.17196
1463.25	23.1726
1465.94	15.1732
1468.64	5.17389
1471.33	13.1746
1474.02	-2.82469
1476.71	-6.82394
1479.4	11.1768
1482.09	15.1776
1484.77	13.1785
1487.46	1.17934
1490.14	9.18024
1492.83	11.1812
1495.51	-0.817875
1498.19	5.18312
1500.87	11.1841
1503.55	7.18519
1506.23	13.1863
1508.91	13.1874
1511.59	-0.811436
1514.27	1.18976
1516.94	19.191
1519.62	25.1923
1522.29	-6.80645
1524.96	9.19489
1527.63	17.1963
1530.3	7.19769
1532.97	19.1991
1535.64	7.20063
1538.31	7.20217
1540.98	5.20374
1543.64	17.2054
1546.31	23.207
1548.97	1.20871
1551.63	21.2105
1554.3	17.2122
1556.96	9.21407
1559.62	-4.78406
1562.28	7.21786
1564.94	15.2198
1567.59	13.2218
1570.25	15.2239
1572.9	15.226
1575.56	9.22813
1578.21	-0.769673
1580.86	5.23257
1583.52	17.2349
1586.17	-0.762793
1588.82	-0.760401
1591.47	3.24204
1594.11	5.24453
1596.76	9.24708
1599.41	9.24967
1602.05	13.2523
1604.69	13.255
1607.34	17.2578
1609.98	7.26059
1612.62	13.2634
1615.26	13.2664
1617.9	17.2693
1620.54	3.27237
1623.18	-2.72455
1625.81	15.2786
1628.45	9.28179
1631.08	15.285
1633.72	5.28836
1636.35	17.2917
1638.98	3.29516
1641.61	-0.701345
1644.24	1.30221
1646.87	-6.69418
1649.5	17.3095
1652.13	9.31323
1654.75	11.317
1657.38	7.32088
1660	13.3248
1662.63	11.3288
1665.25	15.3328
1667.87	3.33696
1670.49	3.34114
1673.11	11.3454
1675.73	5.34969
1678.35	15.3541
1680.96	13.3585
1683.58	15.363
1686.19	-0.632402
1688.81	7.37225
1691.42	3.37696
1694.03	11.3817
1696.64	11.3866
1699.25	9.39152
1701.87	7.39651
1704.47	-4.59842
1707.08	7.40671
1709.69	13.4119
1712.29	17.4172
1714.9	5.42256
1717.5	11.428
1720.1	17.4335
1722.71	15.4391
1725.31	1.4447
1727.91	25.4504
1730.51	-0.543779
1733.1	15.4621
1735.7	13.468
1738.3	23.4741
1740.89	9.48018
1743.49	-2.51364
1746.08	3.49262
1748.67	7.49896
1751.26	-0.494628
1753.86	1.51187
1756.45	7.51845
1759.03	17.5251
1761.62	7.53184
1764.21	19.5387
1766.8	9.54556
1769.38	9.55254
1771.97	7.5596
1774.55	5.56675
1777.13	9.57398
1779.71	7.58129
1782.29	23.5887
1784.87	15.5962
1787.45	7.60374
1790.03	13.6114
1792.61	17.6191
1795.18	15.627
1797.76	-2.36513
1800.33	3.64286
1802.9	13.6509
1805.48	7.65912
1808.05	1.66738
1810.62	7.67573
1813.19	5.68417
1815.76	7.6927
1818.33	1.70132
1820.89	5.71003
1823.46	13.7188
1826.02	17.7277
1828.59	5.7367
1831.15	9.74577
1833.71	7.75495
1836.27	13.7642
1838.84	25.7736
1841.39	25.783
1843.95	17.7925
1846.51	15.8022
1849.07	9.8119
1851.62	-0.178272
1854.18	9.83165
1856.73	7.84166
1859.29	11.8518
1861.84	11.862
1864.39	3.87229
1866.94	15.8827
1869.49	27.8932
1872.04	9.9038
1874.59	21.9145
1877.13	5.92529
1879.68	9.93619
1882.22	21.9472
1884.77	13.9583
1887.31	19.9695
1889.85	3.98078
1892.39	9.99218
1894.93	26.0037
1897.47	16.0153
1900.01	12.027
1902.55	24.0388
1905.09	16.0507
1907.62	18.0627
1910.16	4.07484
1912.69	20.0871
1915.22	24.0994
1917.76	20.1118
1920.29	18.1244
1922.82	20.137
1925.35	6.14978
1927.88	20.1626
1930.4	-1.8244
1932.93	-3.81133
1935.46	18.2019
1937.98	10.2151
1940.51	0.22854
1943.03	4.24205
1945.55	8.25566
1948.07	12.2694
1950.59	10.2832
1953.11	16.2972
1955.63	-1.68878
1958.15	12.3254
1960.67	-9.66034
1963.18	24.354
1965.7	28.3686
1968.21	10.3832
1970.73	8.39789
1973.24	6.41274
1975.75	10.4277
1978.26	22.4428
1980.77	6.45793
1983.28	16.4732
1985.79	8.48864
1988.29	18.5042
1990.8	8.51981
1993.31	26.5356
1995.81	4.55145
1998.31	-3.43258
