100.093	-8.04615
103.274	10.0153
106.457	18.0764
109.636	0.137148
112.817	4.19752
115.994	12.2575
119.172	8.31709
122.347	14.3763
125.521	8.43512
128.696	10.4936
131.868	6.5517
135.039	18.6094
138.209	20.6668
141.379	16.7238
144.547	4.78041
147.713	0.836664
150.879	14.8926
154.043	20.9481
157.206	-0.996754
160.368	-2.94195
163.529	13.1125
166.689	13.1666
169.848	7.22032
173.006	19.2737
176.163	11.3267
179.316	-4.62064
182.471	21.4317
185.625	-0.516354
188.777	5.53526
191.927	21.5865
195.077	17.6374
198.224	-0.312032
201.372	3.7382
204.52	9.78809
207.664	-0.162399
210.809	9.88681
213.95	5.93564
217.091	3.98413
220.233	4.03232
223.372	2.08013
226.509	8.12762
229.648	14.1748
232.784	16.2216
235.918	0.268092
239.051	16.3142
242.186	10.3601
245.317	16.4056
248.447	0.45075
251.577	24.4956
254.705	18.5401
257.832	14.5843
260.958	12.6282
264.083	22.6717
267.204	6.71489
270.327	14.7578
273.449	12.8004
276.57	-9.15737
279.69	2.88458
282.806	0.926183
285.924	8.9675
289.04	29.0085
292.154	11.0492
295.268	7.08955
298.379	19.1296
301.492	3.16935
304.601	9.20878
307.711	13.2479
310.818	-2.71327
313.924	21.3252
317.031	-4.63653
320.135	9.40138
323.238	17.439
326.34	17.4763
329.443	-2.4867
332.543	1.55001
335.642	7.58641
338.74	1.62252
341.836	7.65834
344.932	23.6939
348.027	5.72909
351.12	11.764
354.213	3.79867
357.302	3.833
360.393	21.8671
363.482	3.90084
366.57	9.93434
369.656	11.9675
372.742	12.0004
375.827	2.03308
378.91	4.06541
381.993	14.0975
385.073	-7.87074
388.154	2.16077
391.232	10.192
394.311	10.2229
397.387	-3.74639
400.462	2.28399
403.536	12.3141
406.611	6.34396
409.683	18.3735
412.754	4.40282
415.824	-7.56815
418.893	0.460602
421.961	-3.51091
425.027	-5.48269
428.093	10.5453
431.158	6.57295
434.222	2.60038
437.284	0.62754
440.346	2.65444
443.407	4.68108
446.464	22.7074
449.523	-3.26644
452.581	6.75942
455.635	16.785
458.691	0.810353
461.743	6.83543
464.797	18.8603
467.847	4.88484
470.899	10.9092
473.947	14.9332
476.994	4.95705
480.043	2.98063
483.088	15.0039
486.133	25.027
489.176	17.0498
492.22	7.07244
495.262	11.0948
498.302	7.11686
501.341	-0.861291
504.38	15.1603
507.417	5.18168
510.453	-2.79719
513.487	19.2237
516.521	5.24433
519.554	15.2647
522.586	27.2849
525.616	13.3049
528.646	3.32457
531.675	7.34404
534.701	15.3633
537.729	7.38229
540.753	5.40106
543.778	21.4196
546.8	-6.56207
549.821	11.456
552.844	3.47389
555.863	15.4915
558.881	-0.491068
561.898	13.5261
564.916	9.5431
567.932	1.55984
570.946	5.57636
573.959	7.59266
576.971	5.60875
579.982	-0.375387
582.993	-0.359738
586	1.65568
589.008	3.6709
592.015	3.68591
595.022	11.7007
598.025	9.71526
601.029	-8.27037
604.032	3.74378
607.033	3.75772
610.034	-4.22854
613.032	11.785
616.032	21.7983
619.028	1.8114
622.023	3.82431
625.018	1.837
628.013	3.8495
631.005	7.8618
633.997	3.87389
636.987	13.8858
639.977	9.89746
642.965	29.909
645.952	9.92025
648.939	-4.06866
651.924	-6.05776
654.909	1.95294
657.892	9.96345
660.873	5.97376
663.854	11.9839
666.835	27.9938
669.813	14.0035
672.791	22.0131
675.767	2.02244
678.743	18.0316
681.717	10.0406
684.692	0.0493876
687.664	22.058
690.634	6.06641
693.606	0.0746527
696.575	6.08271
699.543	22.0906
702.51	4.09826
705.475	8.10577
708.44	10.1131
711.404	16.1202
714.367	24.1272
717.329	-3.86599
720.29	6.14063
723.25	6.14707
726.207	6.15333
729.166	10.1594
732.123	12.1653
735.077	8.17108
738.032	10.1767
740.984	20.1821
743.938	6.18729
746.888	14.1924
749.839	26.1973
752.788	16.202
755.735	16.2065
758.682	8.21094
761.627	4.21517
764.574	-1.78077
767.517	-3.77686
770.46	28.2269
773.402	28.2305
776.342	-1.76613
779.282	18.2371
782.219	18.2402
785.157	16.2432
788.094	-11.754
791.029	18.2486
793.962	20.251
796.896	10.2534
799.828	8.25552
802.76	8.25753
805.689	30.2594
808.619	12.2611
811.546	24.2626
814.473	0.26404
817.4	12.2653
820.324	12.2664
823.248	28.2673
826.17	8.26816
829.092	20.2688
832.012	10.2693
834.932	22.2697
837.851	0.26993
840.768	26.27
843.685	10.27
846.599	2.26975
849.514	-1.73059
852.428	12.2689
855.339	18.2683
858.251	20.2676
861.16	14.2667
864.07	24.2656
866.978	12.2645
869.884	10.2631
872.792	14.2617
875.696	22.2601
878.599	14.2584
881.502	18.2566
884.404	26.2546
887.304	32.2525
890.204	2.25028
893.103	2.24792
896.001	-3.75457
898.898	2.24281
901.794	-1.75993
904.689	10.2372
907.581	14.2342
910.474	8.23108
913.364	12.2278
916.256	2.22447
919.144	6.22098
922.034	-9.78264
924.92	6.21363
927.808	8.20977
930.693	2.2058
933.576	14.2017
936.459	-1.8025
939.341	14.1932
942.222	4.18873
945.102	-1.81583
947.981	16.1795
950.859	22.1747
953.737	6.1698
956.613	-3.83522
959.488	26.1597
962.361	16.1544
965.235	16.1491
968.105	6.14361
970.977	18.138
973.846	2.13236
976.716	14.1266
979.583	12.1207
982.449	-1.88532
985.316	8.10857
988.18	22.1024
991.043	22.096
993.906	4.08963
996.767	14.0831
999.628	18.0765
1002.49	24.0698
1005.35	26.0629
1008.2	8.056
1011.06	8.04898
1013.91	0.0418535
1016.77	12.0346
1019.62	6.02731
1022.48	22.0199
1025.33	6.01239
1028.18	14.0048
1031.03	1.99708
1033.87	19.9893
1036.72	13.9814
1039.57	9.97341
1042.41	1.96534
1045.26	-2.04282
1048.1	15.9489
1050.94	11.9406
1053.78	5.93215
1056.62	21.9236
1059.46	19.915
1062.3	17.9063
1065.14	11.8975
1067.97	17.8887
1070.81	11.8797
1073.64	15.8707
1076.47	9.86157
1079.31	29.8524
1082.14	13.8431
1084.97	35.8337
1087.8	1.82426
1090.63	19.8147
1093.45	19.8051
1096.28	1.79544
1099.1	3.78568
1101.93	19.7758
1104.75	5.76591
1107.57	19.7559
1110.39	7.74584
1113.21	5.7357
1116.03	7.72548
1118.85	11.7152
1121.66	-8.29518
1124.48	-2.30562
1127.3	13.6839
1130.11	7.67328
1132.92	13.6626
1135.73	11.6519
1138.54	7.64112
1141.35	1.63026
1144.16	3.61933
1146.97	21.6083
1149.78	9.59727
1152.58	-2.41385
1155.39	15.575
1158.19	13.5637
1161	7.55237
1163.8	-0.459009
1166.6	-0.470459
1169.4	-0.481974
1172.2	-0.493541
1174.99	21.4948
1177.79	17.4831
1180.59	-6.52862
1183.38	9.45957
1186.17	-0.552305
1188.97	13.4358
1191.76	21.4238
1194.55	1.41174
1197.34	7.39964
1200.13	3.38749
1202.92	17.3753
1205.7	7.36303
1208.49	11.3507
1211.27	17.3383
1214.06	7.32592
1216.84	11.3134
1219.62	-6.69907
1222.4	9.28835
1225.18	19.2757
1227.96	1.26306
1230.74	5.25033
1233.51	17.2376
1236.29	13.2247
1239.06	-2.78812
1241.84	-0.801028
1244.61	19.186
1247.38	11.173
1250.15	11.16
1252.92	9.14688
1255.69	9.13375
1258.46	9.12058
1261.23	-0.892643
1263.99	5.0941
1266.76	11.0808
1269.52	-4.93254
1272.28	3.05408
1275.05	13.0407
1277.81	-4.9728
1280.57	1.01371
1283.33	23.0002
1286.08	-1.0134
1288.84	0.972997
1291.6	6.95935
1294.35	14.9457
1297.11	2.93197
1299.86	6.91822
1302.61	4.90444
1305.36	4.89063
1308.11	2.87678
1310.86	14.8629
1313.61	10.849
1316.36	-5.16494
1319.1	16.8211
1321.85	16.8071
1324.59	10.7931
1327.33	-1.22098
1330.08	16.7649
1332.82	12.7508
1335.56	10.7367
1338.3	4.72252
1341.04	6.70834
1343.77	8.69413
1346.51	6.67989
1349.25	24.6656
1351.98	16.6513
1354.71	14.637
1357.45	-3.37729
1360.18	12.6084
1362.91	4.59398
1365.64	6.57958
1368.37	8.56517
1371.09	12.5507
1373.82	14.5363
1376.54	2.52182
1379.27	-1.49267
1381.99	6.49282
1384.72	12.4783
1387.44	30.4638
1390.16	12.4492
1392.88	4.43464
1395.6	0.420046
1398.31	16.4054
1401.03	14.3908
1403.75	6.37621
1406.46	-5.63843
1409.18	22.3469
1411.89	12.3323
1414.6	12.3176
1417.31	6.30291
1420.02	16.2882
1422.73	8.2735
1425.44	14.2588
1428.15	8.24407
1430.85	-7.77066
1433.56	4.21461
1436.26	12.1999
1438.97	14.1851
1441.67	-1.82964
1444.37	32.1556
1447.07	8.14083
1449.77	28.1261
1452.47	12.1113
1455.16	6.09651
1457.86	8.08173
1460.56	-1.93305
1463.25	18.0522
1465.94	8.03738
1468.64	12.0226
1471.33	6.00781
1474.02	13.993
1476.71	-0.0217645
1479.4	11.9634
1482.09	5.94866
1484.77	-2.06612
1487.46	5.91911
1490.14	1.90433
1492.83	1.88956
1495.51	11.8748
1498.19	23.86
1500.87	11.8453
1503.55	1.83053
1506.23	11.8158
1508.91	3.80104
1511.59	9.78631
1514.27	21.7716
1516.94	-8.24313
1519.62	5.74216
1522.29	23.7275
1524.96	29.7128
1527.63	7.69809
1530.3	-4.31658
1532.97	29.6688
1535.64	19.6541
1538.31	3.63948
1540.98	15.6249
1543.64	-0.389748
1546.31	15.5957
1548.97	15.5811
1551.63	13.5665
1554.3	-0.44805
1556.96	17.5374
1559.62	25.5229
1562.28	-0.491612
1564.94	15.4939
1567.59	19.4794
1570.25	1.46497
1572.9	5.45053
1575.56	13.4361
1578.21	19.4217
1580.86	-2.59267
1583.52	15.393
1586.17	-0.621372
1588.82	5.3643
1591.47	3.35001
1594.11	11.3357
1596.76	15.3215
1599.41	11.3072
1602.05	11.293
1604.69	11.2788
1607.34	17.2647
1609.98	5.25055
1612.62	17.2364
1615.26	-2.77766
1617.9	-10.7917
1620.54	9.19424
1623.18	13.1802
1625.81	9.16624
1628.45	7.15229
1631.08	9.13837
1633.72	1.12447
1636.35	15.1106
1638.98	1.09675
1641.61	17.0829
1644.24	3.06916
1646.87	1.0554
1649.5	9.04168
1652.13	17.028
1654.75	9.01433
1657.38	17.0007
1660	18.9871
1662.63	4.97356
1665.25	2.96003
1667.87	4.94653
1670.49	26.9331
1673.11	12.9197
1675.73	2.90627
1678.35	4.89291
1680.96	-1.12041
1683.58	6.86632
1686.19	8.85307
1688.81	22.8399
1691.42	0.826698
1694.03	18.8136
1696.64	16.8005
1699.25	12.7874
1701.87	2.7744
1704.47	10.7614
1707.08	2.7485
1709.69	18.7356
1712.29	14.7227
1714.9	8.70994
1717.5	20.6972
1720.1	2.68445
1722.71	16.6718
1725.31	16.6591
1727.91	16.6465
1730.51	6.63397
1733.1	26.6215
1735.7	12.609
1738.3	8.59657
1740.89	4.5842
1743.49	10.5719
1746.08	6.55958
1748.67	4.54735
1751.26	12.5352
1753.86	12.523
1756.45	-7.48908
1759.03	8.49888
1761.62	4.48688
1764.21	4.47493
1766.8	6.46304
1769.38	14.4512
1771.97	0.439385
1774.55	14.4276
1777.13	-1.58406
1779.71	8.40429
1782.29	-1.60729
1784.87	16.3812
1787.45	12.3697
1790.03	12.3582
1792.61	12.3468
1795.18	-3.66448
1797.76	14.3242
1800.33	18.313
1802.9	20.3019
1805.48	20.2907
1808.05	12.2797
1810.62	12.2687
1813.19	12.2577
1815.76	12.2469
1818.33	16.236
1820.89	-1.77475
1823.46	4.21454
1826.02	2.20388
1828.59	16.1933
1831.15	20.1827
1833.71	12.1723
1836.27	20.1618
1838.84	-1.84852
1841.39	2.14118
1843.95	10.1309
1846.51	4.12076
1849.07	10.1106
1851.62	12.1006
1854.18	10.0906
1856.73	-7.91934
1859.29	14.0708
1861.84	6.06099
1864.39	20.0512
1866.94	-3.95844
1869.49	12.032
1872.04	4.0224
1874.59	0.0129191
1877.13	16.0035
1879.68	13.9942
1882.22	-10.0151
1884.77	-0.024359
1887.31	13.9665
1889.85	11.9574
1892.39	25.9484
1894.93	5.93944
1897.47	7.93055
1900.01	7.92173
1902.55	9.91299
1905.09	-2.09569
1907.62	17.8957
1910.16	1.88717
1912.69	15.8787
1915.22	13.8703
1917.76	3.86198
1920.29	31.8537
1922.82	15.8455
1925.35	21.8374
1927.88	11.8294
1930.4	11.8214
1932.93	3.81353
1935.46	23.8057
1937.98	-2.20203
1940.51	-0.209706
1943.03	17.7827
1945.55	17.7752
1948.07	21.7677
1950.59	3.76035
1953.11	-4.24695
1955.63	15.7458
1958.15	9.73868
1960.67	21.7316
1963.18	1.72462
1965.7	3.71771
1968.21	5.71087
1970.73	13.7041
1973.24	-0.302574
1975.75	-2.30917
1978.26	23.6843
1980.77	13.6779
1983.28	1.67149
1985.79	13.6652
1988.29	31.659
1990.8	-6.34713
1993.31	23.6468
1995.81	15.6409
1998.31	9.63498
