100.093	-4.47249
103.274	-4.36065
106.457	15.7504
109.636	-0.139532
112.817	7.96975
115.994	4.0781
119.172	-5.81435
122.347	8.29226
125.521	4.39802
128.696	-1.497
131.868	20.607
135.039	14.7103
138.209	0.81261
141.379	2.91419
144.547	15.0149
147.713	11.1147
150.879	-0.786276
154.043	9.31191
157.206	3.40926
160.368	3.5058
163.529	-4.39849
166.689	17.6964
169.848	15.7905
173.006	23.8838
176.163	5.97625
179.316	0.0678621
182.471	4.15873
185.625	18.2488
188.777	10.3381
191.927	0.426525
195.077	8.51423
198.224	4.6011
201.372	10.6872
204.52	8.77261
207.664	4.85714
210.809	4.94097
213.95	11.024
217.091	13.1062
220.233	-0.812267
223.372	9.26845
226.509	5.34842
229.648	11.4277
232.784	-6.49385
235.918	1.58387
239.051	17.6609
242.186	9.73714
245.317	5.81265
248.447	7.88742
251.577	-0.0385331
254.705	22.0348
257.832	-1.89262
260.958	10.1793
264.083	10.2504
267.204	6.32082
270.327	4.39055
273.449	10.4596
276.57	8.5279
279.69	6.59553
282.806	8.66241
285.924	10.7286
289.04	-3.20583
292.154	-3.14103
295.268	6.92314
298.379	4.98657
301.492	3.04937
304.601	13.1114
307.711	11.1729
310.818	9.23363
313.924	19.2937
317.031	7.35314
320.135	3.41188
323.238	9.46997
326.34	17.5274
329.443	7.58421
332.543	9.64033
335.642	13.6958
338.74	13.7506
341.836	5.80483
344.932	13.8584
348.027	-0.0886929
351.12	7.96359
354.213	2.01525
357.302	18.0662
360.393	8.11666
363.482	0.166447
366.57	18.2156
369.656	18.2641
372.742	10.3121
375.827	12.3594
378.91	20.4061
381.993	14.4522
385.073	6.49774
388.154	4.54267
391.232	10.587
394.311	0.630714
397.387	18.6738
400.462	2.71638
403.536	12.7583
406.611	10.7997
409.683	8.84053
412.754	22.8808
415.824	-9.07959
418.893	12.9595
421.961	6.99801
425.027	7.03597
428.093	9.07337
431.158	9.1102
434.222	7.14649
437.284	9.18222
440.346	9.2174
443.407	9.25203
446.464	15.2861
449.523	-6.68035
452.581	9.35266
455.635	-0.61488
458.691	5.41706
461.743	13.4485
464.797	5.47935
467.847	1.50969
470.899	15.5395
473.947	21.5688
476.994	13.5976
480.043	13.6259
483.088	13.6537
486.133	27.6809
489.176	11.7077
492.22	5.73394
495.262	5.75969
498.302	-0.215058
501.341	15.8097
504.38	13.834
507.417	-0.142263
510.453	1.88103
513.487	-0.0961854
516.521	3.92614
519.554	-4.05202
522.586	5.96935
525.616	17.9902
528.646	18.0107
531.675	26.0306
534.701	24.0501
537.729	2.06912
540.753	6.08768
543.778	12.1058
546.8	10.1234
549.821	6.14063
552.844	16.1574
555.863	2.17368
558.881	10.1895
561.898	12.2049
564.916	-9.78008
567.932	10.2345
570.946	12.2486
573.959	0.262219
576.971	14.2755
579.982	2.28827
582.993	8.30066
586	-3.68738
589.008	18.3242
592.015	16.3353
595.022	-1.65398
598.025	12.3563
601.029	16.3662
604.032	10.3757
607.033	0.384785
610.034	8.39347
613.032	8.40175
616.032	-5.59036
619.028	0.417136
622.023	16.4242
625.018	2.43095
628.013	14.4373
631.005	12.4432
633.997	8.44878
636.987	18.454
639.977	10.4588
642.965	22.4632
645.952	2.46726
648.939	14.471
651.924	8.47428
654.909	4.47724
657.892	2.47983
660.873	8.48207
663.854	16.484
666.835	12.4855
669.813	10.4867
672.791	4.48748
675.767	10.488
678.743	14.4881
681.717	10.4879
684.692	-1.51267
687.664	20.4864
690.634	-5.51478
693.606	28.4837
696.575	12.4818
699.543	16.4796
702.51	18.477
705.475	14.4742
708.44	6.47097
711.404	0.467463
714.367	14.4636
717.329	-3.54049
720.29	20.4551
723.25	8.4503
726.207	6.44524
729.166	8.43987
732.123	30.4342
735.077	16.4282
738.032	8.42196
740.984	6.4154
743.938	2.40854
746.888	18.4014
749.839	22.394
752.788	22.3862
755.735	10.3782
758.682	-9.63006
761.627	0.36137
764.574	22.3525
767.517	12.3434
770.46	22.334
773.402	4.32434
776.342	10.3144
779.282	20.3042
782.219	12.2938
785.157	6.28303
788.094	8.27205
791.029	14.2608
793.962	26.2493
796.896	16.2376
799.828	4.22557
802.76	6.21332
805.689	12.2008
808.619	10.1881
811.546	16.1751
814.473	12.1619
817.4	2.14845
820.324	18.1348
823.248	28.1208
826.17	16.1067
829.092	8.09232
832.012	22.0777
834.932	16.0629
837.851	2.04784
840.768	16.0326
843.685	14.0171
846.599	26.0014
849.514	11.9855
852.428	21.9693
855.339	23.953
858.251	11.9365
861.16	9.91971
864.07	11.9028
866.978	29.8856
869.884	13.8683
872.792	7.8507
875.696	25.833
878.599	13.815
881.502	5.79692
884.404	29.7786
887.304	29.7601
890.204	7.74143
893.103	11.7226
896.001	11.7035
898.898	9.68431
901.794	1.66491
904.689	9.64534
907.581	23.6256
910.474	19.6057
913.364	15.5856
916.256	15.5654
919.144	15.545
922.034	5.52442
924.92	7.5037
927.808	9.48281
930.693	11.4618
933.576	19.4406
936.459	3.41926
939.341	11.3978
942.222	27.3761
945.102	1.35436
947.981	5.33244
950.859	-4.68962
953.737	7.28817
956.613	5.26583
959.488	13.2434
962.361	21.2208
965.235	9.19801
968.105	3.17515
970.977	-4.84785
973.846	9.12904
976.716	15.1058
979.583	3.08243
982.449	13.059
985.316	11.0353
988.18	19.0116
991.043	8.98781
993.906	14.9639
996.767	4.93982
999.628	0.915667
1002.49	-3.1086
1005.35	20.867
1008.2	16.8426
1011.06	4.81801
1013.91	24.7933
1016.77	8.76857
1019.62	4.74373
1022.48	18.7188
1025.33	20.6937
1028.18	2.66861
1031.03	18.6434
1033.87	2.61811
1036.72	16.5927
1039.57	-3.43275
1042.41	14.5417
1045.26	18.5161
1048.1	2.49041
1050.94	-1.53536
1053.78	18.4388
1056.62	10.4129
1059.46	12.3869
1062.3	2.36086
1065.14	8.33477
1067.97	10.3086
1070.81	-1.71763
1073.64	14.2561
1076.47	12.2297
1079.31	6.20333
1082.14	6.17688
1084.97	14.1504
1087.8	0.123811
1090.63	2.09721
1093.45	4.07056
1096.28	20.0439
1099.1	20.0171
1101.93	-8.00964
1104.75	15.9635
1107.57	25.9367
1110.39	7.90979
1113.21	17.8829
1116.03	13.8559
1118.85	19.8289
1121.66	1.80193
1124.48	7.77488
1127.3	25.7478
1130.11	5.72073
1132.92	1.69362
1135.73	7.6665
1138.54	13.6394
1141.35	13.6122
1144.16	13.585
1146.97	13.5578
1149.78	5.53062
1152.58	19.5034
1155.39	7.47621
1158.19	-4.55102
1161	7.42175
1163.8	9.39454
1166.6	15.3673
1169.4	3.34006
1172.2	3.31285
1174.99	13.2856
1177.79	17.2584
1180.59	9.23121
1183.38	-0.795986
1186.17	11.1768
1188.97	5.14964
1191.76	3.12249
1194.55	11.0953
1197.34	19.0682
1200.13	-4.95889
1202.92	9.01402
1205.7	2.98698
1208.49	2.95994
1211.27	4.93292
1214.06	0.905948
1216.84	4.87898
1219.62	20.8521
1222.4	10.8252
1225.18	4.79832
1227.96	0.771508
1230.74	10.7447
1233.51	0.717974
1236.29	22.6913
1239.06	0.664615
1241.84	-9.362
1244.61	2.61143
1247.38	-3.4151
1250.15	12.5584
1252.92	16.532
1255.69	0.505637
1258.46	2.47933
1261.23	2.45306
1263.99	-3.57314
1266.76	2.4007
1269.52	-3.62538
1272.28	10.3486
1275.05	0.322625
1277.81	26.2967
1280.57	4.2709
1283.33	10.2451
1286.08	4.21944
1288.84	10.1938
1291.6	12.1683
1294.35	0.142774
1297.11	4.11738
1299.86	8.09205
1302.61	4.0668
1305.36	10.0416
1308.11	10.0165
1310.86	5.99155
1313.61	23.9666
1316.36	-2.05821
1319.1	9.91705
1321.85	19.8924
1324.59	19.8678
1327.33	3.84336
1330.08	11.819
1332.82	-6.20531
1335.56	13.7705
1338.3	1.7464
1341.04	1.72243
1343.77	7.69853
1346.51	-6.32525
1349.25	-12.3489
1351.98	-2.37251
1354.71	5.60401
1357.45	29.5807
1360.18	1.5574
1362.91	5.53425
1365.64	11.5112
1368.37	9.48831
1371.09	15.4655
1373.82	3.44283
1376.54	9.42028
1379.27	11.3978
1381.99	7.37551
1384.72	11.3533
1387.44	9.33124
1390.16	1.30928
1392.88	11.2875
1395.6	1.26577
1398.31	-4.75579
1401.03	13.2228
1403.75	-4.79851
1406.46	-6.81969
1409.18	13.1593
1411.89	9.13839
1414.6	3.11763
1417.31	-6.90297
1420.02	5.07656
1422.73	11.0562
1425.44	3.03603
1428.15	1.016
1430.85	28.9961
1433.56	-3.02364
1436.26	6.95675
1438.97	4.93731
1441.67	10.918
1444.37	-1.10112
1447.07	2.8799
1449.77	14.8611
1452.47	18.8424
1455.16	2.82388
1457.86	2.80553
1460.56	18.7873
1463.25	4.76931
1465.94	14.7515
1468.64	8.73375
1471.33	16.7162
1474.02	0.698855
1476.71	-1.31833
1479.4	10.6646
1482.09	12.6478
1484.77	16.6311
1487.46	6.61462
1490.14	4.59829
1492.83	4.58214
1495.51	18.5662
1498.19	12.5504
1500.87	12.5348
1503.55	16.5194
1506.23	8.50411
1508.91	16.4891
1511.59	0.47419
1514.27	4.45951
1516.94	8.44503
1519.62	4.43072
1522.29	4.41661
1524.96	-1.59731
1527.63	12.389
1530.3	12.3754
1532.97	0.362115
1535.64	10.349
1538.31	10.336
1540.98	-9.67668
1543.64	2.31079
1546.31	4.29847
1548.97	8.28634
1551.63	12.2744
1554.3	14.2627
1556.96	6.25121
1559.62	16.2399
1562.28	2.22883
1564.94	8.21796
1567.59	-1.7927
1570.25	4.19686
1572.9	30.1866
1575.56	12.1766
1578.21	-11.8332
1580.86	20.1572
1583.52	12.1479
1586.17	0.138753
1588.82	16.1298
1591.47	18.1212
1594.11	0.11269
1596.76	28.1045
1599.41	10.0964
1602.05	8.08866
1604.69	4.08111
1607.34	2.07379
1609.98	8.0667
1612.62	8.05984
1615.26	12.0532
1617.9	10.0468
1620.54	-1.95931
1623.18	2.03478
1625.81	-1.9709
1628.45	2.02367
1631.08	10.0185
1633.72	8.01354
1636.35	18.0088
1638.98	24.0044
1641.61	16.0002
1644.24	3.99619
1646.87	3.99247
1649.5	7.989
1652.13	5.98579
1654.75	1.98282
1657.38	15.9801
1660	7.97765
1662.63	13.9754
1665.25	5.97349
1667.87	7.9718
1670.49	9.97037
1673.11	3.96919
1675.73	-10.0317
1678.35	9.96763
1680.96	19.9672
1683.58	3.96711
1686.19	7.96725
1688.81	5.96766
1691.42	-2.03167
1694.03	15.9693
1696.64	1.97048
1699.25	-0.028035
1701.87	23.9737
1704.47	15.9757
1707.08	21.978
1709.69	-0.0193847
1712.29	1.98346
1714.9	-0.0134091
1717.5	9.98999
1720.1	19.9937
1722.71	21.9976
1725.31	-1.99812
1727.91	8.00641
1730.51	4.01122
1733.1	24.0163
1735.7	0.0216926
1738.3	-5.97264
1740.89	6.03331
1743.49	6.03955
1746.08	22.0461
1748.67	8.0529
1751.26	14.06
1753.86	2.06742
1756.45	16.0751
1759.03	20.0831
1761.62	14.0914
1764.21	8.09998
1766.8	10.1089
1769.38	14.118
1771.97	14.1275
1774.55	4.13731
1777.13	4.14739
1779.71	18.1578
1782.29	6.16846
1784.87	6.17946
1787.45	38.1908
1790.03	10.2024
1792.61	6.21428
1795.18	6.2265
1797.76	10.239
1800.33	0.251877
1802.9	2.26503
1805.48	10.2785
1808.05	4.29227
1810.62	4.30637
1813.19	0.32078
1815.76	-1.66449
1818.33	14.3506
1820.89	2.36592
1823.46	16.3816
1826.02	12.3976
1828.59	6.41392
1831.15	6.43056
1833.71	0.447541
1836.27	14.4648
1838.84	18.4824
1841.39	12.5004
1843.95	10.5187
1846.51	8.53726
1849.07	14.5562
1851.62	4.57544
1854.18	6.59503
1856.73	2.61494
1859.29	8.6352
1861.84	22.6558
1864.39	-9.32331
1866.94	22.698
1869.49	20.7195
1872.04	10.7415
1874.59	16.7637
1877.13	20.7863
1879.68	2.80927
1882.22	8.83256
1884.77	6.85619
1887.31	6.88015
1889.85	0.904469
1892.39	12.9291
1894.93	16.9541
1897.47	-9.02053
1900.01	9.00516
1902.55	19.0312
1905.09	17.0576
1907.62	7.08433
1910.16	9.11141
1912.69	27.1389
1915.22	13.1667
1917.76	15.1948
1920.29	11.2233
1922.82	7.25214
1925.35	15.2814
1927.88	11.3109
1930.4	9.34085
1932.93	3.37113
1935.46	3.40177
1937.98	-4.56722
1940.51	15.4641
1943.03	19.4959
1945.55	-4.47206
1948.07	9.5604
1950.59	7.5932
1953.11	25.6264
1955.63	15.6599
1958.15	23.6938
1960.67	3.72811
1963.18	-6.23725
1965.7	11.7978
1968.21	5.83315
1970.73	13.8689
1973.24	5.90505
1975.75	13.9415
1978.26	-0.0215863
1980.77	-1.98435
1983.28	0.0532848
1985.79	4.09127
1988.29	10.1296
1990.8	12.1684
1993.31	12.2075
1995.81	8.24705
1998.31	14.2869
