100.093	1.40844
103.274	11.5081
106.457	25.6073
109.636	19.7058
112.817	7.80387
115.994	3.90127
119.172	13.9982
122.347	18.0944
125.521	20.1901
128.696	14.2853
131.868	6.37991
135.039	16.4739
138.209	8.5674
141.379	26.6604
144.547	16.7527
147.713	-1.15546
150.879	6.9358
154.043	1.02651
157.206	21.1167
160.368	19.2063
163.529	5.29539
166.689	25.3839
169.848	3.47194
173.006	9.55941
176.163	5.64635
179.316	3.7327
182.471	1.81858
185.625	9.90392
188.777	19.9887
191.927	16.073
195.077	4.15676
198.224	-3.76004
201.372	8.32269
204.52	14.4049
207.664	-1.51344
210.809	6.56774
213.95	22.6484
217.091	12.7285
220.233	0.808136
223.372	16.8872
226.509	4.96583
229.648	1.04397
232.784	7.12156
235.918	-0.801345
239.051	9.27525
242.186	-8.6486
245.317	15.427
248.447	13.5021
251.577	11.5767
254.705	1.65088
257.832	29.7245
260.958	15.7977
264.083	1.87037
267.204	1.94252
270.327	0.0142422
273.449	22.0855
276.57	6.15625
279.69	28.2265
282.806	10.2963
285.924	0.365663
289.04	10.4345
292.154	8.50291
295.268	16.5709
298.379	2.63829
301.492	24.7053
304.601	6.77182
307.711	18.8379
310.818	8.90352
313.924	12.9687
317.031	27.0334
320.135	-2.90236
323.238	21.1614
326.34	9.22477
329.443	1.28771
332.543	1.35016
335.642	-0.587838
338.74	11.4737
341.836	3.53485
344.932	9.59554
348.027	-2.34421
351.12	7.7156
354.213	31.775
357.302	11.8339
360.393	19.8924
363.482	-2.0495
366.57	18.0082
369.656	14.0654
372.742	2.12219
375.827	12.1786
378.91	12.2345
381.993	-3.70993
385.073	10.3452
388.154	10.3999
391.232	18.4542
394.311	6.50808
397.387	-9.43847
400.462	12.6146
403.536	8.66721
406.611	-3.28052
409.683	8.77131
412.754	2.82274
415.824	8.87376
418.893	2.92439
421.961	18.9746
425.027	9.02446
428.093	13.0739
431.158	27.1229
434.222	3.17161
437.284	7.21988
440.346	5.26776
443.407	13.3153
446.464	3.36233
449.523	5.40906
452.581	1.45541
455.635	-2.49865
458.691	17.5469
461.743	-0.407882
464.797	11.637
467.847	9.68139
470.899	3.72548
473.947	7.76917
476.994	9.8125
480.043	7.85548
483.088	15.8981
486.133	13.9403
489.176	9.98217
492.22	8.0237
495.262	2.06484
498.302	6.10563
501.341	16.1461
504.38	4.18614
507.417	22.2259
510.453	16.2652
513.487	12.3042
516.521	18.3429
519.554	4.38122
522.586	-5.5808
525.616	-3.54319
528.646	0.4941
531.675	14.531
534.701	-1.43236
537.729	24.6039
540.753	6.63982
543.778	12.6754
546.8	10.7107
549.821	-11.2544
552.844	8.78018
555.863	2.81443
558.881	2.84835
561.898	14.8819
564.916	0.915243
567.932	2.94819
570.946	0.980819
573.959	9.01313
576.971	-6.95489
579.982	-2.92322
582.993	11.1081
586	11.1392
589.008	7.16988
592.015	17.2003
595.022	19.2304
598.025	25.2602
601.029	-10.7103
604.032	5.31885
607.033	1.34771
610.034	1.37629
613.032	11.4045
616.032	7.43251
619.028	15.4602
622.023	3.48753
625.018	5.51459
628.013	-0.458623
631.005	3.56785
633.997	7.59404
636.987	15.6199
639.977	5.64553
642.965	17.6709
645.952	1.69588
648.939	7.72063
651.924	15.7451
654.909	-2.23072
657.892	11.7932
660.873	-6.18322
663.854	3.84013
666.835	7.8632
669.813	11.886
672.791	5.9085
675.767	11.9307
678.743	-4.04729
681.717	19.9744
684.692	-4.00416
687.664	14.017
690.634	22.0379
693.606	2.05853
696.575	4.0789
699.543	12.099
702.51	4.11885
705.475	18.1384
708.44	-1.84223
711.404	16.1768
714.367	16.1957
717.329	4.21423
720.29	16.2325
723.25	0.250609
726.207	4.26841
729.166	22.286
732.123	-3.6967
735.077	0.320365
738.032	24.3372
740.984	22.3538
743.938	2.37012
746.888	12.3862
749.839	10.4021
752.788	6.41771
755.735	6.4331
758.682	4.44825
761.627	24.4632
764.574	8.47786
767.517	14.4923
770.46	18.5065
773.402	16.5205
776.342	8.53431
779.282	10.5479
782.219	24.5612
785.157	2.57427
788.094	10.5871
791.029	22.5998
793.962	-1.38777
796.896	14.6244
799.828	18.6364
802.76	6.64823
805.689	-3.34021
808.619	10.6712
811.546	28.6823
814.473	0.693221
817.4	0.703949
820.324	0.714462
823.248	20.7248
826.17	0.734871
829.092	4.74477
832.012	12.7545
834.932	16.764
837.851	20.7732
840.768	18.7823
843.685	28.7912
846.599	24.7999
849.514	4.80844
852.428	8.81675
855.339	20.8249
858.251	10.8328
861.16	14.8405
864.07	22.8481
866.978	16.8554
869.884	8.86257
872.792	8.86956
875.696	18.8764
878.599	4.88296
881.502	8.88939
884.404	10.8956
887.304	18.9017
890.204	2.9076
893.103	2.91332
896.001	4.91886
898.898	-1.07578
901.794	8.92941
904.689	16.9344
907.581	0.939268
910.474	12.9439
913.364	22.9484
916.256	10.9528
919.144	18.957
922.034	0.960962
924.92	18.9648
927.808	-1.03152
930.693	20.972
933.576	10.9753
936.459	2.97854
939.341	6.98158
942.222	-1.01554
945.102	2.98718
947.981	22.9897
950.859	4.99216
953.737	14.9944
956.613	22.9965
959.488	12.9985
962.361	13.0003
965.235	3.00197
968.105	9.00348
970.977	1.00485
973.846	17.0061
976.716	1.00715
979.583	11.0081
982.449	5.00889
985.316	21.0095
988.18	11.0101
991.043	7.01044
993.906	-0.989318
996.767	11.0108
999.628	-0.989239
1002.49	19.0106
1005.35	19.0103
1008.2	15.0099
1011.06	3.00932
1013.91	11.0086
1016.77	15.0078
1019.62	21.0069
1022.48	21.0058
1025.33	21.0046
1028.18	25.0033
1031.03	27.0019
1033.87	13.0003
1036.72	8.99865
1039.57	4.99685
1042.41	22.9949
1045.26	14.9929
1048.1	22.9908
1050.94	10.9885
1053.78	8.98612
1056.62	18.9836
1059.46	26.981
1062.3	8.97832
1065.14	16.9755
1067.97	8.97257
1070.81	-3.03047
1073.64	26.9664
1076.47	0.963139
1079.31	12.9598
1082.14	8.95633
1084.97	20.9528
1087.8	0.94911
1090.63	12.9454
1093.45	18.9415
1096.28	8.93754
1099.1	12.9335
1101.93	14.9293
1104.75	20.9251
1107.57	2.92075
1110.39	0.91632
1113.21	18.9118
1116.03	12.9072
1118.85	8.90248
1121.66	-9.10231
1124.48	16.8928
1127.3	16.8878
1130.11	6.88279
1132.92	22.8777
1135.73	6.87244
1138.54	-1.13286
1141.35	-1.13825
1144.16	14.8563
1146.97	6.85074
1149.78	-11.1549
1152.58	12.8394
1155.39	4.83365
1158.19	4.82779
1161	18.8219
1163.8	14.8159
1166.6	2.8098
1169.4	12.8036
1172.2	8.79744
1174.99	8.79115
1177.79	12.7848
1180.59	18.7784
1183.38	20.7719
1186.17	8.76534
1188.97	4.75872
1191.76	12.752
1194.55	18.7453
1197.34	10.7385
1200.13	14.7316
1202.92	16.7247
1205.7	8.71771
1208.49	14.7107
1211.27	20.7036
1214.06	14.6964
1216.84	8.6892
1219.62	14.6819
1222.4	-3.32539
1225.18	10.6672
1227.96	20.6598
1230.74	8.65234
1233.51	16.6448
1236.29	12.6373
1239.06	4.62964
1241.84	6.62197
1244.61	20.6143
1247.38	10.6065
1250.15	10.5987
1252.92	14.5909
1255.69	8.58298
1258.46	14.5751
1261.23	12.5671
1263.99	6.55909
1266.76	6.55105
1269.52	10.543
1272.28	14.5349
1275.05	2.5267
1277.81	4.51852
1280.57	18.5103
1283.33	10.5021
1286.08	4.49377
1288.84	4.48545
1291.6	16.4771
1294.35	8.46873
1297.11	8.46033
1299.86	22.4519
1302.61	-1.55655
1305.36	2.43497
1308.11	14.4265
1310.86	20.4179
1313.61	18.4094
1316.36	6.4008
1319.1	4.39221
1321.85	12.3836
1324.59	-1.62504
1327.33	12.3663
1330.08	4.35764
1332.82	12.349
1335.56	12.3402
1338.3	16.3315
1341.04	8.3228
1343.77	10.3141
1346.51	8.3053
1349.25	6.29653
1351.98	8.28775
1354.71	12.279
1357.45	4.27016
1360.18	6.26135
1362.91	14.2525
1365.64	2.24372
1368.37	10.2349
1371.09	10.2261
1373.82	6.21723
1376.54	10.2084
1379.27	16.1996
1381.99	6.19071
1384.72	30.1819
1387.44	-1.82697
1390.16	-5.83581
1392.88	-1.84464
1395.6	10.1465
1398.31	4.13769
1401.03	6.12887
1403.75	12.1201
1406.46	6.11123
1409.18	4.10243
1411.89	2.09363
1414.6	2.08484
1417.31	8.07606
1420.02	2.06729
1422.73	10.0585
1425.44	16.0498
1428.15	-1.95895
1430.85	12.0323
1433.56	16.0236
1436.26	14.0149
1438.97	4.00625
1441.67	13.9976
1444.37	1.98896
1447.07	15.9803
1449.77	1.97173
1452.47	21.9632
1455.16	11.9546
1457.86	-2.05395
1460.56	9.93753
1463.25	13.929
1465.94	-4.07943
1468.64	3.91212
1471.33	1.9037
1474.02	3.8953
1476.71	17.8869
1479.4	5.87859
1482.09	11.8703
1484.77	-2.13799
1487.46	11.8538
1490.14	17.8455
1492.83	17.8373
1495.51	11.8292
1498.19	17.8211
1500.87	3.81298
1503.55	11.8049
1506.23	25.7969
1508.91	9.78893
1511.59	1.78098
1514.27	5.77308
1516.94	5.76521
1519.62	27.7574
1522.29	-10.2504
1524.96	-2.25815
1527.63	9.73414
1530.3	7.72648
1532.97	3.71886
1535.64	15.7113
1538.31	15.7037
1540.98	17.6963
1543.64	23.6888
1546.31	17.6814
1548.97	-12.3259
1551.63	5.66679
1554.3	-0.340466
1556.96	9.65234
1559.62	5.64519
1562.28	-2.36191
1564.94	15.631
1567.59	15.6241
1570.25	1.61712
1572.9	11.6102
1575.56	3.6034
1578.21	1.59663
1580.86	5.58991
1583.52	11.5832
1586.17	11.5766
1588.82	5.57009
1591.47	13.5636
1594.11	15.5572
1596.76	15.5508
1599.41	1.54451
1602.05	5.53827
1604.69	15.5321
1607.34	7.52597
1609.98	9.51992
1612.62	17.5139
1615.26	1.508
1617.9	-10.4978
1620.54	3.49636
1623.18	1.49064
1625.81	5.48498
1628.45	-10.5206
1631.08	9.47388
1633.72	-8.53156
1636.35	7.46306
1638.98	17.4578
1641.61	5.45253
1644.24	11.4474
1646.87	3.44229
1649.5	19.4373
1652.13	1.43234
1654.75	17.4275
1657.38	11.4227
1660	11.418
1662.63	17.4134
1665.25	-2.59119
1667.87	-0.595656
1670.49	19.4
1673.11	9.39564
1675.73	5.39141
1678.35	9.38726
1680.96	3.3832
1683.58	21.3792
1686.19	13.3753
1688.81	17.3715
1691.42	15.3678
1694.03	-0.635874
1696.64	11.3606
1699.25	1.3571
1701.87	1.35371
1704.47	1.35042
1707.08	-0.652791
1709.69	13.3441
1712.29	9.34106
1714.9	19.3381
1717.5	21.3353
1720.1	-10.6675
1722.71	-4.67014
1725.31	7.3273
1727.91	17.3248
1730.51	-0.677556
1733.1	1.32016
1735.7	17.318
1738.3	1.31588
1740.89	21.3139
1743.49	-4.68801
1746.08	3.31019
1748.67	3.30848
1751.26	5.30688
1753.86	5.30538
1756.45	17.304
1759.03	5.30268
1761.62	3.30148
1764.21	15.3004
1766.8	13.2994
1769.38	5.29851
1771.97	3.29773
1774.55	7.29705
1777.13	7.29647
1779.71	9.29601
1782.29	3.29565
1784.87	3.29539
1787.45	17.2952
1790.03	1.29521
1792.61	11.2953
1795.18	3.29547
1797.76	-0.704239
1800.33	5.29616
1802.9	15.2967
1805.48	19.2973
1808.05	9.29805
1810.62	3.2989
1813.19	21.2999
1815.76	-2.69905
1818.33	13.3021
1820.89	5.30346
1823.46	11.3049
1826.02	-2.69357
1828.59	-2.69191
1831.15	15.3099
1833.71	19.3118
1836.27	-0.686215
1838.84	3.31592
1841.39	9.31818
1843.95	21.3206
1846.51	7.32305
1849.07	5.32567
1851.62	11.3284
1854.18	11.3313
1856.73	19.3343
1859.29	1.33739
1861.84	17.3406
1864.39	-4.65601
1866.94	13.3475
1869.49	7.35109
1872.04	-0.645166
1874.59	15.3587
1877.13	11.3627
1879.68	-4.63317
1882.22	13.3711
1884.77	5.37547
1887.31	3.37998
1889.85	3.38463
1892.39	-0.610599
1894.93	27.3943
1897.47	3.39935
1900.01	13.4045
1902.55	17.4098
1905.09	9.41527
1907.62	9.42084
1910.16	13.4266
1912.69	23.4324
1915.22	15.4384
1917.76	7.44449
1920.29	7.45075
1922.82	11.4571
1925.35	7.46367
1927.88	13.4703
1930.4	9.47715
1932.93	5.4841
1935.46	5.49118
1937.98	13.4984
1940.51	13.5058
1943.03	7.51329
1945.55	19.5209
1948.07	7.52874
1950.59	11.5367
1953.11	11.5448
1955.63	3.55299
1958.15	17.5614
1960.67	5.56988
1963.18	-0.421461
1965.7	-2.41265
1968.21	5.59631
1970.73	15.6054
1973.24	15.6147
1975.75	9.62406
1978.26	9.63361
1980.77	-0.356699
1983.28	5.65315
1985.79	13.6631
1988.29	17.6733
1990.8	15.6836
1993.31	9.69405
1995.81	5.70465
1998.31	9.7154
