100.093	17.585
103.274	15.7655
106.457	5.94497
109.636	22.1231
112.817	16.3002
115.994	12.4759
119.172	0.650654
122.347	22.8241
125.521	0.996325
128.696	17.1675
131.868	9.33746
135.039	7.50623
138.209	13.6739
141.379	11.8404
144.547	0.00577074
147.713	-1.83003
150.879	-7.66698
154.043	2.49496
157.206	4.65576
160.368	6.81544
163.529	0.974009
166.689	3.13146
169.848	5.2878
173.006	1.44304
176.163	5.59718
179.316	-2.24988
182.471	9.90207
185.625	12.0529
188.777	6.20271
191.927	8.3513
195.077	8.49893
198.224	4.64538
201.372	14.7909
204.52	4.93528
207.664	11.0785
210.809	1.22084
213.95	7.362
217.091	9.50211
220.233	13.6413
223.372	7.7793
226.509	21.9163
229.648	14.0524
232.784	-1.81271
235.918	20.3212
239.051	2.45411
242.186	0.58608
245.317	20.717
248.447	6.84682
251.577	-1.02431
254.705	-0.896449
257.832	3.23042
260.958	17.3563
264.083	1.4812
267.204	7.60503
270.327	17.728
273.449	-2.15008
276.57	5.97091
279.69	10.0909
282.806	14.2099
285.924	12.328
289.04	22.4452
292.154	18.5613
295.268	8.67652
298.379	8.79074
301.492	8.90411
304.601	9.01646
307.711	7.12795
310.818	5.23844
313.924	5.34801
317.031	13.4567
320.135	17.5645
323.238	21.6713
326.34	-2.2228
329.443	-0.117717
332.543	7.98639
335.642	12.0896
338.74	2.19192
341.836	12.2933
344.932	4.39389
348.027	24.4935
351.12	14.5923
354.213	10.6902
357.302	-3.21279
360.393	8.88338
363.482	14.9787
366.57	7.07314
369.656	3.16667
372.742	9.25941
375.827	23.3513
378.91	15.4423
381.993	5.53249
385.073	7.6218
388.154	13.7103
391.232	15.798
394.311	13.8849
397.387	1.97086
400.462	10.056
403.536	0.140408
406.611	-5.77598
409.683	0.306765
412.754	12.3887
415.824	12.4699
418.893	12.5502
421.961	16.6297
425.027	0.708513
428.093	12.7865
431.158	14.8637
434.222	2.9401
437.284	1.01574
440.346	7.09061
443.407	13.1647
446.464	13.238
449.523	11.3106
452.581	27.3824
455.635	21.4534
458.691	5.52372
461.743	3.59324
464.797	-2.33794
467.847	-6.2699
470.899	15.7974
473.947	9.86401
476.994	5.92985
480.043	9.99501
483.088	12.0594
486.133	22.1231
489.176	16.186
492.22	20.2483
495.262	6.30986
498.302	6.37069
501.341	12.4308
504.38	14.4903
507.417	18.549
510.453	16.607
513.487	-5.33563
516.521	16.721
519.554	10.777
522.586	14.8324
525.616	20.887
528.646	0.940932
531.675	4.99424
534.701	15.0468
537.729	13.0988
540.753	1.15011
543.778	13.2008
546.8	25.2508
549.821	9.30009
552.844	-2.65118
555.863	13.3969
558.881	21.4443
561.898	7.49106
564.916	13.5372
567.932	13.5828
570.946	-2.37233
573.959	11.6719
576.971	-2.28439
579.982	3.75865
582.993	23.8011
586	15.8429
589.008	13.8841
592.015	3.92473
595.022	11.9648
598.025	2.00416
601.029	22.043
604.032	10.0812
607.033	10.1189
610.034	20.156
613.032	10.1925
616.032	8.22838
619.028	10.2637
622.023	22.2985
625.018	12.3327
628.013	-1.63367
631.005	10.3994
633.997	28.4319
636.987	-1.5361
639.977	12.4953
642.965	8.52618
645.952	6.55651
648.939	6.5863
651.924	8.61555
654.909	8.64426
657.892	8.67245
660.873	6.70008
663.854	2.72722
666.835	26.7538
669.813	8.7799
672.791	12.8055
675.767	-9.16948
678.743	6.85507
681.717	24.8791
684.692	12.9026
687.664	18.9257
690.634	8.9482
693.606	18.9703
696.575	18.9918
699.543	-2.98715
702.51	13.0334
705.475	7.05352
708.44	17.0731
711.404	5.09226
714.367	27.1109
717.329	3.12912
720.29	1.14684
723.25	11.1641
726.207	7.18089
729.166	27.1972
732.123	-0.786876
735.077	-0.771451
738.032	9.24354
740.984	19.2581
743.938	5.27216
746.888	15.2858
749.839	13.299
752.788	15.3118
755.735	17.3241
758.682	17.3361
761.627	11.3476
764.574	39.3586
767.517	-0.63072
770.46	33.3795
773.402	23.3893
776.342	21.3987
779.282	1.40773
782.219	9.41632
785.157	15.4245
788.094	13.4323
791.029	13.4397
793.962	17.4467
796.896	25.4533
799.828	15.4595
802.76	17.4654
805.689	13.4708
808.619	17.4759
811.546	21.4806
814.473	17.4849
817.4	19.4888
820.324	17.4924
823.248	11.4956
826.17	-0.501517
829.092	25.501
832.012	17.5031
834.932	27.5049
837.851	13.5063
840.768	11.5074
843.685	11.5081
846.599	21.5085
849.514	9.50856
852.428	17.5083
855.339	7.50765
858.251	21.5067
861.16	11.5054
864.07	13.5038
866.978	11.5019
869.884	9.4996
872.792	21.497
875.696	5.49412
878.599	13.4909
881.502	19.4874
884.404	15.4836
887.304	17.4794
890.204	13.475
893.103	13.4703
896.001	19.4652
898.898	13.4599
901.794	9.4543
904.689	21.4484
907.581	3.4422
910.474	21.4357
913.364	21.429
916.256	5.42193
919.144	27.4146
922.034	17.407
924.92	11.3992
927.808	11.391
930.693	9.38266
933.576	11.374
936.459	9.36509
939.341	-12.6441
942.222	1.3465
945.102	-2.66318
947.981	1.32689
950.859	9.31671
953.737	27.3063
956.613	7.29562
959.488	-2.71528
962.361	17.2736
965.235	3.26221
968.105	5.2506
970.977	17.2388
973.846	15.2267
976.716	23.2144
979.583	19.2019
982.449	25.1892
985.316	-14.8238
988.18	-0.836934
991.043	19.1497
993.906	13.1361
996.767	3.12233
999.628	9.10833
1002.49	19.0941
1005.35	5.07974
1008.2	21.0651
1011.06	17.0504
1013.91	13.0354
1016.77	13.0202
1019.62	15.0049
1022.48	14.9893
1025.33	12.9736
1028.18	6.9577
1031.03	6.94163
1033.87	6.92538
1036.72	12.9089
1039.57	10.8924
1042.41	8.87559
1045.26	4.85866
1048.1	0.841573
1050.94	16.8243
1053.78	14.8069
1056.62	8.78934
1059.46	24.7716
1062.3	26.7537
1065.14	0.735737
1067.97	14.7176
1070.81	4.69927
1073.64	14.6808
1076.47	4.66223
1079.31	16.6435
1082.14	14.6246
1084.97	14.6056
1087.8	10.5865
1090.63	16.5673
1093.45	16.5479
1096.28	16.5284
1099.1	8.50879
1101.93	16.489
1104.75	18.4692
1107.57	6.44923
1110.39	0.42915
1113.21	2.40898
1116.03	0.388679
1118.85	6.36828
1121.66	2.34779
1124.48	6.32718
1127.3	12.3065
1130.11	14.2857
1132.92	0.264813
1135.73	8.24384
1138.54	6.22278
1141.35	6.20163
1144.16	6.18039
1146.97	20.1591
1149.78	12.1377
1152.58	6.11622
1155.39	4.09467
1158.19	20.073
1161	12.0514
1163.8	12.0296
1166.6	4.00777
1169.4	-0.0141272
1172.2	1.96393
1174.99	13.9419
1177.79	7.91985
1180.59	3.89773
1183.38	-0.124447
1186.17	1.85331
1188.97	15.831
1191.76	9.80871
1194.55	9.78635
1197.34	3.76393
1200.13	17.7415
1202.92	11.719
1205.7	19.6965
1208.49	17.6739
1211.27	7.65132
1214.06	-2.37129
1216.84	3.60605
1219.62	1.58339
1222.4	-0.439317
1225.18	11.538
1227.96	-0.484761
1230.74	-2.50753
1233.51	7.46971
1236.29	19.4469
1239.06	5.42414
1241.84	7.40134
1244.61	15.3785
1247.38	11.3557
1250.15	5.33292
1252.92	7.3101
1255.69	9.28729
1258.46	1.26449
1261.23	21.2417
1263.99	9.21889
1266.76	-4.8039
1269.52	9.17334
1272.28	11.1506
1275.05	11.1278
1277.81	7.10511
1280.57	-2.91759
1283.33	-6.94027
1286.08	1.03707
1288.84	19.0144
1291.6	2.99183
1294.35	6.96926
1297.11	4.94673
1299.86	0.924217
1302.61	14.9017
1305.36	4.87932
1308.11	-1.14308
1310.86	4.83457
1313.61	10.8123
1316.36	10.79
1319.1	12.7678
1321.85	-7.25437
1324.59	2.72353
1327.33	16.7015
1330.08	6.67947
1332.82	-1.34248
1335.56	10.6356
1338.3	10.6138
1341.04	4.59206
1343.77	18.5704
1346.51	18.5487
1349.25	4.52718
1351.98	2.5057
1354.71	8.48428
1357.45	8.46295
1360.18	2.44169
1362.91	0.420495
1365.64	2.3994
1368.37	6.37838
1371.09	2.35744
1373.82	6.33659
1376.54	8.31584
1379.27	4.29517
1381.99	10.2746
1384.72	8.2541
1387.44	2.23371
1390.16	8.21342
1392.88	-1.80677
1395.6	8.17313
1398.31	4.15314
1401.03	6.13326
1403.75	8.11348
1406.46	4.0938
1409.18	18.0742
1411.89	0.0547961
1414.6	4.03546
1417.31	0.0162544
1420.02	11.9972
1422.73	7.97817
1425.44	17.9593
1428.15	-0.0594292
1430.85	13.922
1433.56	9.90347
1436.26	9.8851
1438.97	9.86688
1441.67	15.8488
1444.37	11.8308
1447.07	11.813
1449.77	1.79531
1452.47	15.7778
1455.16	9.76034
1457.86	1.74307
1460.56	13.7259
1463.25	9.70896
1465.94	3.69213
1468.64	-2.32455
1471.33	13.6589
1474.02	11.6425
1476.71	11.6263
1479.4	3.61024
1482.09	11.5943
1484.77	-0.421423
1487.46	-0.437012
1490.14	9.54756
1492.83	7.5323
1495.51	1.5172
1498.19	-0.49773
1500.87	1.48752
1503.55	17.4729
1506.23	1.45851
1508.91	5.44428
1511.59	13.4302
1514.27	-6.58367
1516.94	-0.597374
1519.62	17.3891
1522.29	-0.624243
1524.96	1.3626
1527.63	11.3496
1530.3	-4.66315
1532.97	7.32426
1535.64	7.31186
1538.31	-0.700352
1540.98	1.28764
1543.64	-0.724179
1546.31	5.26421
1548.97	5.25278
1551.63	5.24157
1554.3	3.23055
1556.96	5.21974
1559.62	11.2091
1562.28	5.19874
1564.94	5.18855
1567.59	3.17857
1570.25	11.1688
1572.9	-0.84075
1575.56	5.14991
1578.21	-2.8592
1580.86	21.1319
1583.52	-0.876791
1586.17	-4.88525
1588.82	7.10651
1591.47	11.0985
1594.11	9.09072
1596.76	3.08316
1599.41	11.0758
1602.05	-0.931259
1604.69	9.06188
1607.34	15.0552
1609.98	5.04885
1612.62	7.04269
1615.26	9.03677
1617.9	9.0311
1620.54	19.0257
1623.18	17.0205
1625.81	-2.98448
1628.45	-0.989182
1631.08	5.00636
1633.72	19.0022
1636.35	6.99821
1638.98	10.9945
1641.61	10.9911
1644.24	-1.01214
1646.87	-3.01507
1649.5	10.9822
1652.13	16.9798
1654.75	8.97767
1657.38	10.9758
1660	-5.02585
1662.63	16.9728
1665.25	12.9717
1667.87	-7.02914
1670.49	12.9703
1673.11	12.97
1675.73	0.969994
1678.35	2.97025
1680.96	4.97079
1683.58	10.9716
1686.19	2.97269
1688.81	-1.02594
1691.42	12.9757
1694.03	4.97765
1696.64	14.9799
1699.25	6.98237
1701.87	0.985165
1704.47	12.9882
1707.08	0.991615
1709.69	6.99528
1712.29	6.99923
1714.9	-0.99652
1717.5	1.00802
1720.1	23.0129
1722.71	13.018
1725.31	17.0234
1727.91	-0.970817
1730.51	9.03522
1733.1	-0.958432
1735.7	7.04822
1738.3	21.0552
1740.89	11.0624
1743.49	13.07
1746.08	1.0779
1748.67	7.0861
1751.26	13.0946
1753.86	5.10343
1756.45	9.11258
1759.03	7.12203
1761.62	5.13181
1764.21	3.14191
1766.8	15.1523
1769.38	7.16306
1771.97	13.1741
1774.55	-4.81448
1777.13	11.1972
1779.71	9.20928
1782.29	13.2216
1784.87	7.23435
1787.45	19.2474
1790.03	3.26075
1792.61	15.2745
1795.18	23.2885
1797.76	19.3029
1800.33	25.3176
1802.9	7.33264
1805.48	-2.65197
1808.05	13.3638
1810.62	25.3798
1813.19	21.3963
1815.76	5.41304
1818.33	-2.56984
1820.89	25.4476
1823.46	21.4654
1826.02	-0.516388
1828.59	13.5021
1831.15	15.521
1833.71	7.54023
1836.27	7.55981
1838.84	7.57974
1841.39	19.6
1843.95	3.6207
1846.51	11.6417
1849.07	15.6631
1851.62	-8.31517
1854.18	9.70695
1856.73	1.72941
1859.29	1.75226
1861.84	-6.22454
1864.39	9.79904
1866.94	11.823
1869.49	-0.152687
1872.04	9.872
1874.59	17.8971
1877.13	3.92252
1879.68	9.94832
1882.22	5.97452
1884.77	10.0011
1887.31	6.02805
1889.85	-1.94461
1892.39	2.0831
1894.93	6.1112
1897.47	10.1397
1900.01	14.1686
1902.55	16.1978
1905.09	6.22748
1907.62	10.2575
1910.16	6.28792
1912.69	8.31875
1915.22	-5.65003
1917.76	20.3816
1920.29	26.4136
1922.82	6.44596
1925.35	24.4788
1927.88	14.512
1930.4	0.545545
1932.93	6.57954
1935.46	0.613931
1937.98	16.6487
1940.51	14.6839
1943.03	10.7196
1945.55	12.7555
1948.07	-1.20802
1950.59	-1.17121
1953.11	2.86605
1955.63	6.90369
1958.15	4.94174
1960.67	6.98021
1963.18	13.0191
1965.7	11.0584
1968.21	17.0981
1970.73	1.13826
1973.24	9.17883
1975.75	15.2198
1978.26	7.26119
1980.77	15.303
1983.28	13.3452
1985.79	7.3879
1988.29	7.43098
1990.8	23.4745
1993.31	7.51845
1995.81	5.56282
1998.31	9.60759
