100.093	14.5117
103.274	20.5339
106.457	-3.44378
109.636	18.5786
112.817	16.601
115.994	12.6235
119.172	2.64603
122.347	-5.33139
125.521	4.69125
128.696	6.71395
131.868	8.73669
135.039	8.75949
138.209	8.78233
141.379	20.8052
144.547	6.82818
147.713	16.8512
150.879	20.8742
154.043	12.8973
157.206	4.92043
160.368	12.9436
163.529	2.96683
166.689	0.990102
169.848	-0.986584
173.006	15.0368
176.163	11.0602
179.316	1.0836
182.471	11.1071
185.625	-2.86939
188.777	5.15417
191.927	9.17776
195.077	9.2014
198.224	-4.77493
201.372	13.2488
204.52	29.2725
207.664	9.29632
210.809	9.32015
213.95	21.344
217.091	7.36788
220.233	3.39181
223.372	9.41576
226.509	11.4397
229.648	1.46376
232.784	15.4878
235.918	3.51188
239.051	17.536
242.186	19.5601
245.317	3.5843
248.447	9.60849
251.577	9.63271
254.705	1.65695
257.832	3.68122
260.958	3.70552
264.083	7.72984
267.204	9.75417
270.327	23.7785
273.449	11.8029
276.57	5.82735
279.69	21.8518
282.806	3.87622
285.924	19.9007
289.04	15.9252
292.154	17.9497
295.268	1.97424
298.379	-2.00122
301.492	26.0234
304.601	28.0479
307.711	2.07253
310.818	2.09714
313.924	10.1218
317.031	2.14641
320.135	26.1711
323.238	16.1957
326.34	6.2204
329.443	-5.7549
332.543	18.2698
335.642	4.29451
338.74	20.3192
341.836	14.344
344.932	10.3687
348.027	16.3935
351.12	4.41821
354.213	12.443
357.302	4.46773
360.393	10.4925
363.482	14.5173
366.57	4.54208
369.656	16.5669
372.742	-3.40835
375.827	12.6165
378.91	-3.35876
381.993	12.666
385.073	2.69084
388.154	8.71565
391.232	4.74044
394.311	12.7653
397.387	14.79
400.462	12.8148
403.536	18.8396
406.611	8.86443
409.683	0.889217
412.754	-3.086
415.824	0.938777
418.893	0.963551
421.961	10.9883
425.027	-4.98692
428.093	19.0378
431.158	21.0626
434.222	7.08733
437.284	-4.88793
440.346	17.1368
443.407	7.16151
446.464	27.1862
449.523	7.2109
452.581	-0.764407
455.635	3.26025
458.691	15.2849
461.743	17.3096
464.797	11.3342
467.847	9.35881
470.899	-14.6166
473.947	7.40801
476.994	7.43257
480.043	1.45714
483.088	-0.518318
486.133	7.5062
489.176	7.53071
492.22	1.55521
495.262	7.57968
498.302	-4.39587
501.341	13.6286
504.38	-0.34703
507.417	11.6774
510.453	-8.29827
513.487	5.72607
516.521	25.7504
519.554	5.7747
522.586	17.799
525.616	3.82323
528.646	9.84746
531.675	13.8717
534.701	1.89584
537.729	3.92001
540.753	7.94413
543.778	9.96824
546.8	1.9923
549.821	4.01634
552.844	-1.95963
555.863	8.06435
558.881	8.08831
561.898	18.1122
564.916	-1.86386
567.932	-1.83999
570.946	-1.81616
573.959	4.20765
576.971	4.23142
579.982	0.255155
582.993	4.27886
586	-1.69748
589.008	4.32616
592.015	22.3498
595.022	0.37333
598.025	2.39685
601.029	10.4203
604.032	16.4438
607.033	-13.5328
610.034	-5.50939
613.032	24.5139
616.032	4.53725
619.028	2.56051
622.023	0.58373
625.018	2.60691
628.013	6.63006
631.005	0.653162
633.997	-5.32378
636.987	-1.30077
639.977	-3.27779
642.965	8.74514
645.952	2.76803
648.939	8.79087
651.924	0.813673
654.909	4.83643
657.892	4.85914
660.873	6.88179
663.854	22.9044
666.835	16.927
669.813	6.9495
672.791	-3.02802
675.767	4.99439
678.743	-0.983221
681.717	11.0391
684.692	9.06139
687.664	21.0836
690.634	-2.89422
693.606	7.12792
696.575	15.15
699.543	15.172
702.51	15.194
705.475	15.2159
708.44	19.2378
711.404	1.25956
714.367	5.28132
717.329	-8.69698
720.29	15.3247
723.25	21.3463
726.207	9.36778
729.166	19.3893
732.123	17.4107
735.077	7.43204
738.032	13.4534
740.984	5.47459
743.938	1.49579
746.888	7.51691
749.839	17.538
752.788	7.55899
755.735	7.57994
758.682	19.6008
761.627	11.6216
764.574	11.6424
767.517	19.6631
770.46	9.68376
773.402	9.70434
776.342	-0.275148
779.282	5.7453
782.219	15.7657
785.157	1.786
788.094	3.80626
791.029	15.8265
793.962	13.8466
796.896	11.8666
799.828	23.8866
802.76	3.90654
805.689	19.9264
808.619	11.9462
811.546	19.9659
814.473	7.98554
817.4	2.00513
820.324	16.0246
823.248	2.04408
826.17	4.06345
829.092	8.08275
832.012	6.10197
834.932	12.1211
837.851	6.14021
840.768	12.1592
843.685	10.1782
846.599	2.19702
849.514	4.21581
852.428	8.23453
855.339	20.2532
858.251	-1.72826
861.16	4.29022
864.07	6.30865
866.978	8.32698
869.884	12.3452
872.792	14.3634
875.696	4.38154
878.599	0.399563
881.502	14.4175
884.404	6.43538
887.304	6.45318
890.204	12.4709
893.103	6.48853
896.001	6.50608
898.898	26.5236
901.794	8.54096
904.689	14.5583
907.581	-1.42451
910.474	2.59264
913.364	8.6097
916.256	12.6267
919.144	8.64359
922.034	10.6604
924.92	12.6771
927.808	14.6938
930.693	10.7104
933.576	18.7268
936.459	8.74322
939.341	0.759521
942.222	26.7757
945.102	8.79187
947.981	4.80792
950.859	2.82388
953.737	8.83975
956.613	12.8555
959.488	-3.12876
962.361	-1.11317
965.235	4.90236
968.105	6.91778
970.977	8.93312
973.846	16.9484
976.716	2.96352
979.583	6.97858
982.449	0.993555
985.316	13.0084
988.18	-2.97677
991.043	11.0379
993.906	9.05253
996.767	25.067
999.628	9.08146
1002.49	5.09579
1005.35	19.11
1008.2	19.1242
1011.06	9.13819
1013.91	3.15214
1016.77	17.166
1019.62	-2.82026
1022.48	-0.806601
1025.33	29.207
1028.18	15.2204
1031.03	15.2338
1033.87	-0.752948
1036.72	1.26023
1039.57	5.2733
1042.41	9.28627
1045.26	15.2991
1048.1	7.31192
1050.94	7.32459
1053.78	17.3372
1056.62	17.3496
1059.46	-2.63798
1062.3	3.37429
1065.14	9.38646
1067.97	21.3985
1070.81	7.41049
1073.64	5.42236
1076.47	11.4341
1079.31	9.44578
1082.14	3.45734
1084.97	19.4688
1087.8	13.4801
1090.63	1.49138
1093.45	7.50252
1096.28	7.51355
1099.1	27.5245
1101.93	9.5353
1104.75	25.546
1107.57	15.5566
1110.39	-0.432865
1113.21	-4.42247
1116.03	11.5878
1118.85	7.598
1121.66	9.60807
1124.48	23.618
1127.3	-0.372108
1130.11	1.63764
1132.92	17.6473
1135.73	7.65681
1138.54	11.6662
1141.35	17.6755
1144.16	23.6847
1146.97	7.69382
1149.78	-6.2972
1152.58	15.7117
1155.39	11.7204
1158.19	25.7291
1161	7.73758
1163.8	1.746
1166.6	9.7543
1169.4	-0.237505
1172.2	15.7706
1174.99	-12.2215
1177.79	19.7864
1180.59	1.79411
1183.38	11.8017
1186.17	7.80924
1188.97	3.81663
1191.76	5.8239
1194.55	5.83106
1197.34	21.8381
1200.13	-0.154977
1202.92	17.8518
1205.7	-0.141482
1208.49	-6.13491
1211.27	9.87155
1214.06	-0.122116
1216.84	11.8841
1219.62	3.8902
1222.4	23.8962
1225.18	3.90205
1227.96	-4.09221
1230.74	1.91342
1233.51	17.9189
1236.29	5.9243
1239.06	1.92956
1241.84	3.9347
1244.61	15.9397
1247.38	19.9446
1250.15	3.9494
1252.92	23.9541
1255.69	7.95859
1258.46	9.963
1261.23	13.9673
1263.99	13.9714
1266.76	1.97549
1269.52	13.9794
1272.28	15.9832
1275.05	-6.01313
1277.81	-6.00958
1280.57	7.99383
1283.33	9.99713
1286.08	6.0003
1288.84	4.00334
1291.6	4.00626
1294.35	12.0091
1297.11	4.01172
1299.86	20.0143
1302.61	4.01667
1305.36	10.019
1308.11	2.02111
1310.86	14.0231
1313.61	12.025
1316.36	10.0268
1319.1	8.02846
1321.85	2.02998
1324.59	10.0314
1327.33	16.0326
1330.08	4.03375
1332.82	16.0347
1335.56	0.0356169
1338.3	-3.96364
1341.04	14.037
1343.77	0.037439
1346.51	14.0378
1349.25	10.038
1351.98	18.0381
1354.71	18.038
1357.45	4.03785
1360.18	10.0375
1362.91	14.0371
1365.64	8.03651
1368.37	20.0358
1371.09	14.035
1373.82	-3.96603
1376.54	16.0329
1379.27	28.0316
1381.99	8.03023
1384.72	12.0287
1387.44	18.0271
1390.16	12.0253
1392.88	14.0234
1395.6	-3.9787
1398.31	26.0191
1401.03	18.0168
1403.75	-3.98568
1406.46	22.0117
1409.18	0.00897476
1411.89	12.0061
1414.6	6.00309
1417.31	7.99994
1420.02	9.99665
1422.73	19.9932
1425.44	27.9897
1428.15	11.986
1430.85	-0.017883
1433.56	21.9781
1436.26	13.974
1438.97	-0.030239
1441.67	-0.0346361
1444.37	21.9608
1447.07	15.9562
1449.77	7.95133
1452.47	5.94637
1455.16	19.9413
1457.86	5.93603
1460.56	11.9307
1463.25	19.9251
1465.94	13.9195
1468.64	7.91366
1471.33	11.9077
1474.02	13.9016
1476.71	1.89539
1479.4	3.88901
1482.09	1.8825
1484.77	1.87583
1487.46	7.86903
1490.14	15.8621
1492.83	15.855
1495.51	-2.15225
1498.19	9.84037
1500.87	13.8328
1503.55	9.82518
1506.23	9.81736
1508.91	5.8094
1511.59	21.8013
1514.27	17.793
1516.94	13.7847
1519.62	23.7761
1522.29	1.76742
1524.96	15.7586
1527.63	3.74961
1530.3	9.74048
1532.97	23.7312
1535.64	-0.278222
1538.31	11.7122
1540.98	11.7025
1543.64	15.6926
1546.31	1.68262
1548.97	13.6725
1551.63	9.66215
1554.3	7.65168
1556.96	15.6411
1559.62	21.6303
1562.28	-4.38058
1564.94	11.6084
1567.59	11.5972
1570.25	13.5858
1572.9	5.5743
1575.56	9.56264
1578.21	7.55084
1580.86	9.53888
1583.52	7.52677
1586.17	21.5145
1588.82	-6.49789
1591.47	11.4895
1594.11	11.4768
1596.76	15.464
1599.41	7.45096
1602.05	-0.562204
1604.69	1.42448
1607.34	17.411
1609.98	7.39738
1612.62	5.3836
1615.26	19.3697
1617.9	21.3556
1620.54	15.3413
1623.18	11.327
1625.81	-4.6876
1628.45	-2.7023
1631.08	1.28285
1633.72	13.2678
1636.35	13.2527
1638.98	15.2374
1641.61	21.2219
1644.24	13.2063
1646.87	-0.809519
1649.5	31.1745
1652.13	15.1585
1654.75	-0.857803
1657.38	-6.8742
1660	1.10923
1662.63	-0.907486
1665.25	25.0756
1667.87	15.0586
1670.49	9.04141
1673.11	13.0241
1675.73	3.00657
1678.35	16.9889
1680.96	6.97108
1683.58	-1.04688
1686.19	6.93498
1688.81	8.91668
1691.42	14.8982
1694.03	6.87962
1696.64	12.8609
1699.25	16.8419
1701.87	2.82284
1704.47	10.8036
1707.08	14.7842
1709.69	12.7646
1712.29	8.74491
1714.9	18.725
1717.5	10.705
1720.1	6.68479
1722.71	14.6644
1725.31	12.6439
1727.91	20.6232
1730.51	6.60237
1733.1	16.5814
1735.7	20.5602
1738.3	14.5389
1740.89	22.5174
1743.49	22.4957
1746.08	14.4739
1748.67	10.4519
1751.26	10.4298
1753.86	12.4075
1756.45	2.38504
1759.03	20.3624
1761.62	30.3396
1764.21	6.31669
1766.8	8.29358
1769.38	16.2703
1771.97	8.24686
1774.55	20.2233
1777.13	2.19949
1779.71	20.1756
1782.29	14.1515
1784.87	24.1272
1787.45	14.1028
1790.03	12.0782
1792.61	8.05346
1795.18	2.02855
1797.76	6.00346
1800.33	1.97822
1802.9	9.95282
1805.48	9.92725
1808.05	17.9015
1810.62	-2.1244
1813.19	13.8495
1815.76	5.82329
1818.33	9.79688
1820.89	-6.2297
1823.46	9.74358
1826.02	27.7167
1828.59	9.68961
1831.15	7.66238
1833.71	11.635
1836.27	13.6074
1838.84	11.5797
1841.39	-6.44824
1843.95	9.52369
1846.51	1.49545
1849.07	7.46706
1851.62	13.4385
1854.18	19.4097
1856.73	5.38083
1859.29	-6.64825
1861.84	21.3225
1864.39	9.2931
1866.94	3.2635
1869.49	11.2338
1872.04	21.2038
1874.59	7.17375
1877.13	13.1435
1879.68	9.11308
1882.22	13.0825
1884.77	15.0517
1887.31	9.02078
1889.85	20.9897
1892.39	4.9584
1894.93	16.927
1897.47	6.89533
1900.01	14.8635
1902.55	-3.16841
1905.09	6.79947
1907.62	12.7672
1910.16	10.7347
1912.69	6.70208
1915.22	12.6693
1917.76	8.63629
1920.29	2.60313
1922.82	12.5698
1925.35	14.5363
1927.88	-5.49735
1930.4	2.46881
1932.93	12.4348
1935.46	10.4006
1937.98	8.36627
1940.51	14.3317
1943.03	10.297
1945.55	-5.73782
1948.07	10.2271
1950.59	6.19193
1953.11	10.1565
1955.63	4.12098
1958.15	18.0852
1960.67	10.0493
1963.18	6.01327
1965.7	9.97701
1968.21	1.94059
1970.73	13.904
1973.24	11.8672
1975.75	3.83027
1978.26	19.7931
1980.77	9.75586
1983.28	1.71837
1985.79	1.68074
1988.29	25.6429
1990.8	9.60491
1993.31	13.5667
1995.81	-2.4716
1998.31	3.48991
