100.093	-1.1352
103.274	6.96605
106.457	3.0665
109.636	7.16602
112.817	23.2647
115.994	13.3625
119.172	7.45956
122.347	9.55566
125.521	17.6509
128.696	13.7454
131.868	-4.16106
135.039	17.9317
138.209	10.0236
141.379	8.11467
144.547	16.2049
147.713	6.29431
150.879	8.3829
154.043	16.4707
157.206	16.5576
160.368	12.6438
163.529	-3.27092
166.689	14.8136
169.848	2.89733
173.006	12.9802
176.163	-0.937627
179.316	5.14365
182.471	3.22419
185.625	1.30395
188.777	1.38292
191.927	-8.53894
195.077	5.53848
198.224	-0.384935
201.372	15.6909
204.52	13.766
207.664	-8.15968
210.809	17.9139
213.95	9.98667
217.091	4.05868
220.233	12.13
223.372	10.2005
226.509	8.27026
229.648	0.339335
232.784	18.4076
235.918	18.4752
239.051	16.542
242.186	18.6081
245.317	-11.3265
248.447	6.7381
251.577	0.802006
254.705	18.8652
257.832	24.9277
260.958	16.9894
264.083	11.0505
267.204	5.1108
270.327	1.17045
273.449	13.2294
276.57	31.2876
279.69	15.3452
282.806	1.40202
285.924	25.4582
289.04	3.51369
292.154	17.5685
295.268	15.6226
298.379	7.676
301.492	9.72878
304.601	7.78085
307.711	-4.16771
310.818	7.88303
313.924	11.9331
317.031	13.9826
320.135	18.0313
323.238	8.07945
326.34	4.12691
329.443	16.1738
332.543	38.2199
335.642	30.2655
338.74	14.3104
341.836	8.35462
344.932	2.39824
348.027	12.4412
351.12	2.48361
354.213	24.5254
357.302	10.5665
360.393	32.607
363.482	10.6468
366.57	16.6861
369.656	4.72477
372.742	16.7628
375.827	0.800295
378.91	16.8371
381.993	20.8734
385.073	18.909
388.154	12.9441
391.232	0.978557
394.311	13.0125
397.387	7.04574
400.462	21.0784
403.536	15.1106
406.611	15.1421
409.683	13.1731
412.754	13.2035
415.824	3.23338
418.893	-2.73735
421.961	5.29137
425.027	1.31952
428.093	17.3471
431.158	3.37417
434.222	-2.59934
437.284	17.4266
440.346	9.45201
443.407	29.4769
446.464	23.5012
449.523	19.5249
452.581	3.54819
455.635	13.5709
458.691	5.59307
461.743	15.6147
464.797	7.63585
467.847	3.65645
470.899	7.67654
473.947	5.6961
476.994	7.71515
480.043	15.7337
483.088	-0.248266
486.133	3.76926
489.176	29.7863
492.22	21.8028
495.262	-14.1812
498.302	25.8344
501.341	1.84941
504.38	11.864
507.417	-4.12197
510.453	13.8916
513.487	3.90469
516.521	11.9173
519.554	1.92945
522.586	9.94112
525.616	1.95231
528.646	15.963
531.675	7.97329
534.701	-2.01692
537.729	17.9924
540.753	6.00129
543.778	22.0097
546.8	16.0177
549.821	-1.97482
552.844	6.03224
555.863	16.0389
558.881	16.045
561.898	6.05077
564.916	28.0561
567.932	-5.93908
570.946	-3.93465
573.959	14.0693
576.971	6.07291
579.982	12.076
582.993	-1.92123
586	26.0811
589.008	10.0829
592.015	10.0844
595.022	26.0854
598.025	-3.91391
601.029	16.0863
604.032	6.08614
607.033	2.08556
610.034	18.0846
613.032	4.0832
616.032	-3.91858
619.028	20.0793
622.023	28.0767
625.018	6.07374
628.013	-1.9296
631.005	10.0667
633.997	8.06258
636.987	14.0581
639.977	-7.94675
642.965	18.048
645.952	14.0424
648.939	18.0364
651.924	14.0301
654.909	-5.97661
657.892	2.01632
660.873	26.0089
663.854	16.0011
666.835	15.993
669.813	11.9845
672.791	7.97563
675.767	7.96645
678.743	17.9569
681.717	7.94703
684.692	5.9368
687.664	7.92624
690.634	19.9153
693.606	7.90411
696.575	17.8925
699.543	-2.11934
702.51	21.8684
705.475	5.8559
708.44	3.84303
711.404	1.82984
714.367	-14.1837
717.329	1.80251
720.29	15.7884
723.25	33.7739
726.207	15.7592
729.166	-6.25588
732.123	9.72875
735.077	33.7131
738.032	9.69712
740.984	17.6809
743.938	17.6643
746.888	5.64745
749.839	7.6303
752.788	17.6129
755.735	15.5952
758.682	-2.42284
761.627	17.5589
764.574	13.5403
767.517	19.5215
770.46	21.5023
773.402	25.483
776.342	21.4633
779.282	-4.55663
782.219	9.42319
785.157	13.4027
788.094	13.382
791.029	15.361
793.962	13.3398
796.896	15.3183
799.828	17.2966
802.76	-2.72545
805.689	9.25231
808.619	9.22981
811.546	11.2071
814.473	1.18411
817.4	27.1609
820.324	15.1374
823.248	21.1137
826.17	15.0898
829.092	5.06564
832.012	15.0413
834.932	11.0166
837.851	18.9918
840.768	10.9667
843.685	6.94143
846.599	18.9159
849.514	16.8902
852.428	10.8643
855.339	12.8381
858.251	-11.1882
861.16	14.7852
864.07	22.7584
866.978	10.7314
869.884	10.7043
872.792	22.6769
875.696	38.6493
878.599	18.6215
881.502	20.5935
884.404	40.5654
887.304	12.537
890.204	6.50847
893.103	0.479737
896.001	14.4508
898.898	18.4217
901.794	2.39244
904.689	16.363
907.581	16.3334
910.474	-3.69645
913.364	14.2736
916.256	10.2434
919.144	6.21313
922.034	12.1826
924.92	8.152
927.808	24.1212
930.693	2.09022
933.576	18.0591
936.459	-1.97217
939.341	21.9964
942.222	5.96481
945.102	15.9331
947.981	11.9012
950.859	-6.13084
953.737	17.837
956.613	3.80466
959.488	11.7722
962.361	11.7396
965.235	11.7069
968.105	-4.32598
970.977	9.64101
973.846	15.6079
976.716	9.57462
979.583	7.54124
982.449	11.5077
985.316	17.4741
988.18	23.4403
991.043	17.4065
993.906	5.37247
996.767	5.33836
999.628	-0.695861
1002.49	7.2698
1005.35	-4.76464
1008.2	3.2008
1011.06	5.16616
1013.91	15.1314
1016.77	19.0965
1019.62	7.06157
1022.48	7.0265
1025.33	14.9914
1028.18	8.95608
1031.03	14.9207
1033.87	12.8853
1036.72	10.8498
1039.57	12.8142
1042.41	18.7785
1045.26	12.7427
1048.1	26.7068
1050.94	28.6709
1053.78	-1.36517
1056.62	20.5987
1059.46	8.56254
1062.3	6.52628
1065.14	4.48997
1067.97	26.4536
1070.81	6.41712
1073.64	6.38059
1076.47	22.344
1079.31	0.307341
1082.14	16.2706
1084.97	2.23385
1087.8	14.197
1090.63	-3.83986
1093.45	8.12321
1096.28	14.0862
1099.1	10.0492
1101.93	18.0121
1104.75	15.975
1107.57	1.93777
1110.39	19.9005
1113.21	19.8633
1116.03	5.82599
1118.85	1.78864
1121.66	-0.248726
1124.48	15.7138
1127.3	9.67642
1130.11	19.6389
1132.92	23.6014
1135.73	-4.4361
1138.54	19.5264
1141.35	21.4888
1144.16	3.45114
1146.97	5.41352
1149.78	-8.62413
1152.58	15.3382
1155.39	7.30055
1158.19	9.26286
1161	9.22515
1163.8	-2.81255
1166.6	11.1497
1169.4	19.112
1172.2	25.0743
1174.99	-0.963502
1177.79	-3.00124
1180.59	0.961028
1183.38	12.9233
1186.17	16.8855
1188.97	0.8478
1191.76	-3.18993
1194.55	-3.22765
1197.34	2.73463
1200.13	18.6969
1202.92	8.65923
1205.7	-3.37842
1208.49	2.58391
1211.27	22.5463
1214.06	4.50865
1216.84	0.471031
1219.62	12.4335
1222.4	24.3959
1225.18	20.3584
1227.96	12.3209
1230.74	-3.71664
1233.51	10.2459
1236.29	10.2085
1239.06	8.17112
1241.84	4.13377
1244.61	18.0965
1247.38	8.05918
1250.15	0.0219644
1252.92	-6.01524
1255.69	5.9476
1258.46	5.91051
1261.23	-0.126566
1263.99	25.8364
1266.76	1.79945
1269.52	25.7625
1272.28	11.7257
1275.05	3.68885
1277.81	9.6521
1280.57	15.6154
1283.33	9.57876
1286.08	5.54218
1288.84	9.50565
1291.6	3.46919
1294.35	31.4328
1297.11	5.39648
1299.86	-0.639794
1302.61	3.324
1305.36	13.2879
1308.11	11.2518
1310.86	1.21585
1313.61	7.17995
1316.36	7.1441
1319.1	5.10836
1321.85	11.0727
1324.59	17.0371
1327.33	15.0016
1330.08	14.9662
1332.82	6.93081
1335.56	4.89554
1338.3	0.860368
1341.04	6.8253
1343.77	16.7903
1346.51	10.7554
1349.25	6.7206
1351.98	4.6859
1354.71	8.65127
1357.45	-9.38324
1360.18	2.58235
1362.91	16.548
1365.64	20.5138
1368.37	14.4797
1371.09	4.44569
1373.82	16.4118
1376.54	12.378
1379.27	16.3443
1381.99	16.3107
1384.72	-3.72272
1387.44	14.2439
1390.16	18.2107
1392.88	-9.82241
1395.6	-1.85542
1398.31	16.1117
1401.03	8.07895
1403.75	2.04631
1406.46	8.01378
1409.18	11.9814
1411.89	9.94912
1414.6	11.917
1417.31	17.885
1420.02	9.85311
1422.73	11.8214
1425.44	21.7897
1428.15	7.75826
1430.85	3.7269
1433.56	9.6957
1436.26	15.6646
1438.97	-4.36631
1441.67	21.6029
1444.37	29.5723
1447.07	3.54175
1449.77	9.51138
1452.47	3.48117
1455.16	1.4511
1457.86	19.4212
1460.56	13.3914
1463.25	7.36177
1465.94	15.3323
1468.64	9.30299
1471.33	1.27384
1474.02	1.24483
1476.71	9.21599
1479.4	7.18729
1482.09	15.1588
1484.77	9.13041
1487.46	15.1022
1490.14	17.0742
1492.83	17.0463
1495.51	11.0186
1498.19	22.9911
1500.87	2.96371
1503.55	6.93651
1506.23	-7.09053
1508.91	8.88263
1511.59	2.85594
1514.27	18.8295
1516.94	12.8031
1519.62	16.777
1522.29	0.751006
1524.96	8.72522
1527.63	16.6996
1530.3	14.6742
1532.97	-3.35104
1535.64	6.6239
1538.31	-5.40097
1540.98	-13.4256
1543.64	0.549872
1546.31	8.52558
1548.97	10.5015
1551.63	12.4776
1554.3	18.4538
1556.96	10.4303
1559.62	8.40699
1562.28	12.3839
1564.94	6.36093
1567.59	12.3382
1570.25	12.3157
1572.9	4.29334
1575.56	26.2712
1578.21	10.2493
1580.86	10.2276
1583.52	10.2061
1586.17	10.1848
1588.82	14.1637
1591.47	26.1428
1594.11	10.1222
1596.76	18.1017
1599.41	26.0815
1602.05	12.0615
1604.69	12.0417
1607.34	4.02207
1609.98	6.0027
1612.62	9.98355
1615.26	-6.03538
1617.9	11.9459
1620.54	15.9274
1623.18	1.90918
1625.81	17.8911
1628.45	7.87334
1631.08	-4.14423
1633.72	5.83843
1636.35	7.82131
1638.98	9.80443
1641.61	9.78778
1644.24	17.7714
1646.87	1.75517
1649.5	9.73922
1652.13	9.72352
1654.75	-4.29196
1657.38	1.69281
1660	11.6778
1662.63	1.66306
1665.25	17.6485
1667.87	-4.36572
1670.49	15.6203
1673.11	17.6065
1675.73	-0.407039
1678.35	-4.42032
1680.96	19.5666
1683.58	-0.446127
1686.19	19.5413
1688.81	-2.47094
1691.42	7.51704
1694.03	41.5053
1696.64	11.4938
1699.25	11.4825
1701.87	5.47149
1704.47	9.46075
1707.08	-0.54973
1709.69	9.44005
1712.29	3.43009
1714.9	29.4204
1717.5	-0.589037
1720.1	11.4018
1722.71	7.39289
1725.31	11.3843
1727.91	-4.62411
1730.51	3.36779
1733.1	-10.64
1735.7	21.3524
1738.3	17.3451
1740.89	11.3381
1743.49	15.3314
1746.08	13.3249
1748.67	13.3187
1751.26	9.31282
1753.86	-8.69281
1756.45	11.3018
1759.03	29.2968
1761.62	15.292
1764.21	19.2875
1766.8	15.2832
1769.38	9.27931
1771.97	-2.72435
1774.55	9.27228
1777.13	17.2692
1779.71	-4.73359
1782.29	7.26391
1784.87	17.2617
1787.45	15.2598
1790.03	-2.74186
1792.61	7.2568
1795.18	17.2558
1797.76	15.255
1800.33	1.25455
1802.9	13.2544
1805.48	1.25454
1808.05	9.25498
1810.62	15.2557
1813.19	9.25676
1815.76	5.25811
1818.33	25.2598
1820.89	13.2617
1823.46	-8.73604
1826.02	11.2665
1828.59	21.2694
1831.15	11.2726
1833.71	3.27603
1836.27	11.2798
1838.84	7.28392
1841.39	11.2883
1843.95	13.2931
1846.51	17.2981
1849.07	15.3034
1851.62	21.3091
1854.18	13.3151
1856.73	21.3214
1859.29	13.328
1861.84	19.3349
1864.39	17.3422
1866.94	1.34976
1869.49	5.35765
1872.04	5.36586
1874.59	13.3744
1877.13	-2.61674
1879.68	7.39244
1882.22	15.402
1884.77	11.4118
1887.31	19.422
1889.85	9.43245
1892.39	5.44327
1894.93	19.4544
1897.47	9.46591
1900.01	9.47772
1902.55	7.48987
1905.09	-6.49765
1907.62	15.5152
1910.16	13.5283
1912.69	23.5418
1915.22	13.5556
1917.76	-10.4302
1920.29	7.58427
1922.82	11.5991
1925.35	19.6143
1927.88	9.6298
1930.4	-2.35434
1932.93	29.6619
1935.46	9.67841
1937.98	23.6953
1940.51	-2.28746
1943.03	19.7301
1945.55	1.74804
1948.07	-0.233674
1950.59	-0.215056
1953.11	29.8039
1955.63	13.8232
1958.15	7.84292
1960.67	21.8629
1963.18	17.8833
1965.7	5.90405
1968.21	19.9251
1970.73	13.9466
1973.24	9.96839
1975.75	17.9905
1978.26	22.0131
1980.77	6.03591
1983.28	4.05915
1985.79	10.0827
1988.29	20.1067
1990.8	28.131
1993.31	12.1557
1995.81	12.1807
1998.31	4.2061
