100.093	14.698
103.274	20.7483
106.457	28.7986
109.636	0.848619
112.817	14.8986
115.994	8.94832
119.172	6.99797
122.347	13.0474
125.521	17.0968
128.696	3.14596
131.868	15.195
135.039	17.2439
138.209	7.29261
141.379	-2.65876
144.547	9.38968
147.713	7.43799
150.879	11.4861
154.043	11.5342
157.206	5.58203
160.368	11.6298
163.529	3.67733
166.689	11.7248
169.848	11.7721
173.006	7.8192
176.163	1.86621
179.316	15.913
182.471	-2.04024
185.625	0.00632992
188.777	24.0528
191.927	-1.90098
195.077	10.1452
198.224	10.1911
201.372	16.237
204.52	12.2827
207.664	20.3283
210.809	-1.6263
213.95	18.419
217.091	22.4641
220.233	16.5091
223.372	8.55393
226.509	6.59863
229.648	16.6432
232.784	16.6876
235.918	4.73191
239.051	10.776
242.186	12.8201
245.317	12.8639
248.447	14.9076
251.577	12.9512
254.705	22.9946
257.832	-6.96206
260.958	5.0811
264.083	-2.87588
267.204	19.167
270.327	7.20971
273.449	5.25231
276.57	9.29477
279.69	13.3371
282.806	7.37925
285.924	5.4213
289.04	13.4632
292.154	9.50495
295.268	11.5466
298.379	17.5881
301.492	13.6294
304.601	17.6706
307.711	9.71169
310.818	15.7526
313.924	1.7934
317.031	27.8341
320.135	11.8746
323.238	15.915
326.34	5.9552
329.443	9.99533
332.543	6.03529
335.642	12.0751
338.74	8.11482
341.836	6.15438
344.932	12.1938
348.027	6.2331
351.12	8.27225
354.213	-7.68873
357.302	28.3501
360.393	28.3889
363.482	0.4275
366.57	8.46598
369.656	10.5043
372.742	4.54252
375.827	18.5806
378.91	14.6185
381.993	6.65634
385.073	4.694
388.154	18.7315
391.232	16.7689
394.311	2.80622
397.387	2.84334
400.462	-3.11967
403.536	-1.08281
406.611	-3.04606
409.683	14.9905
412.754	13.027
415.824	3.06334
418.893	5.09954
421.961	7.13561
425.027	21.1715
428.093	15.2073
431.158	17.243
434.222	3.27857
437.284	1.31398
440.346	-0.650734
443.407	7.38442
446.464	17.4194
449.523	-6.54569
452.581	9.48907
455.635	-2.47632
458.691	11.5582
461.743	-0.407466
464.797	3.62678
467.847	13.6609
470.899	7.69485
473.947	13.7287
476.994	-2.23761
480.043	15.796
483.088	5.82944
486.133	19.8628
489.176	5.89595
492.22	7.92903
495.262	5.96197
498.302	11.9948
501.341	10.0275
504.38	8.06001
507.417	-1.90757
510.453	20.1247
513.487	2.15688
516.521	2.18892
519.554	4.22083
522.586	16.2526
525.616	8.28427
528.646	14.3158
531.675	0.347212
534.701	-3.62153
537.729	10.4096
540.753	8.44064
543.778	8.47155
546.8	8.50231
549.821	2.53295
552.844	0.563475
555.863	2.59386
558.881	10.6241
561.898	4.65425
564.916	0.684283
567.932	10.7142
570.946	4.74393
573.959	0.773566
576.971	10.8031
579.982	-1.16753
582.993	0.861731
586	16.8909
589.008	10.9199
592.015	-5.05124
595.022	4.97753
598.025	9.00616
601.029	-0.965315
604.032	15.0631
607.033	3.09135
610.034	-0.880499
613.032	9.14752
616.032	11.1754
619.028	-2.7968
622.023	7.23084
625.018	-10.7416
628.013	11.2858
631.005	25.3131
633.997	5.34024
636.987	-6.63272
639.977	7.39419
642.965	3.42099
645.952	13.4477
648.939	3.47422
651.924	-2.49934
654.909	15.527
657.892	11.5532
660.873	5.57922
663.854	9.60517
666.835	3.63101
669.813	19.6567
672.791	1.6823
675.767	7.70775
678.743	7.73311
681.717	11.7583
684.692	9.78344
687.664	-0.191582
690.634	9.83328
693.606	3.85804
696.575	5.88266
699.543	17.9072
702.51	21.9316
705.475	7.95582
708.44	13.98
711.404	6.004
714.367	-1.97209
717.329	10.0517
720.29	20.0754
723.25	16.0989
726.207	12.1224
729.166	8.1457
732.123	6.16891
735.077	6.19199
738.032	2.21496
740.984	14.2378
743.938	12.2605
746.888	6.28316
749.839	2.30567
752.788	6.32804
755.735	18.3503
758.682	-1.62755
761.627	16.3945
764.574	6.41641
767.517	12.4382
770.46	6.45989
773.402	10.4815
776.342	8.50292
779.282	-1.47575
782.219	-1.45454
785.157	10.5666
788.094	4.58756
791.029	0.608443
793.962	18.6292
796.896	18.6498
799.828	8.67037
802.76	14.6908
805.689	16.7111
808.619	0.731279
811.546	4.75135
814.473	16.7713
817.4	28.7912
820.324	-3.18912
823.248	18.8305
826.17	12.85
829.092	24.8694
832.012	20.8887
834.932	2.90783
837.851	16.9269
840.768	10.9458
843.685	26.9646
846.599	2.98335
849.514	3.00195
852.428	7.02044
855.339	13.0388
858.251	11.0571
861.16	23.0752
864.07	11.0933
866.978	17.1112
869.884	7.12899
872.792	23.1467
875.696	17.1643
878.599	-0.818227
881.502	23.1991
884.404	17.2164
887.304	19.2335
890.204	25.2506
893.103	-0.732492
896.001	13.2843
898.898	11.301
901.794	21.3176
904.689	13.3341
907.581	13.3505
910.474	9.36675
913.364	-8.6171
916.256	-0.601049
919.144	13.4149
922.034	15.4307
924.92	9.44643
927.808	15.462
930.693	7.47754
933.576	7.49293
936.459	7.50821
939.341	9.52338
942.222	7.53844
945.102	3.5534
947.981	23.5682
950.859	3.58299
953.737	3.59762
956.613	3.61215
959.488	7.62656
962.361	-2.35913
965.235	5.65507
968.105	9.66916
970.977	9.68315
973.846	11.697
976.716	13.7108
979.583	3.72446
982.449	5.73802
985.316	7.75148
988.18	5.76482
991.043	15.7781
993.906	11.7912
996.767	-0.195783
999.628	11.8171
1002.49	7.82995
1005.35	19.8427
1008.2	11.8553
1011.06	9.86776
1013.91	17.8802
1016.77	19.8924
1019.62	15.9046
1022.48	7.9167
1025.33	31.9287
1028.18	-0.05946
1031.03	7.9523
1033.87	-0.0360453
1036.72	11.9755
1039.57	7.98696
1042.41	13.9983
1045.26	6.00954
1048.1	2.02068
1050.94	-1.96829
1053.78	6.04264
1056.62	4.05347
1059.46	20.0642
1062.3	6.07482
1065.14	12.0853
1067.97	12.0957
1070.81	8.10605
1073.64	12.1163
1076.47	14.1264
1079.31	8.13636
1082.14	20.1463
1084.97	14.1561
1087.8	10.1658
1090.63	10.1753
1093.45	10.1848
1096.28	12.1942
1099.1	6.20351
1101.93	20.2127
1104.75	10.2218
1107.57	6.23076
1110.39	8.23964
1113.21	10.2484
1116.03	8.25709
1118.85	10.2657
1121.66	8.27414
1124.48	16.2825
1127.3	2.29079
1130.11	12.299
1132.92	16.307
1135.73	-1.68498
1138.54	8.32289
1141.35	10.3307
1144.16	4.33834
1146.97	0.345913
1149.78	0.353388
1152.58	2.36076
1155.39	12.368
1158.19	-1.62479
1161	-1.61771
1163.8	22.3893
1166.6	16.3961
1169.4	2.40292
1172.2	18.4096
1174.99	4.41619
1177.79	12.4227
1180.59	8.42905
1183.38	18.4353
1186.17	-1.55847
1188.97	20.4476
1191.76	12.4536
1194.55	-5.54049
1197.34	12.4653
1200.13	18.471
1202.92	10.4766
1205.7	-1.51789
1208.49	8.48752
1211.27	8.49283
1214.06	6.49804
1216.84	6.50316
1219.62	6.50818
1222.4	8.5131
1225.18	-9.48207
1227.96	0.522655
1230.74	10.5273
1233.51	6.53183
1236.29	28.5363
1239.06	-1.45939
1241.84	-1.45514
1244.61	4.54902
1247.38	10.5531
1250.15	8.55703
1252.92	4.5609
1255.69	6.56467
1258.46	12.5683
1261.23	2.57193
1263.99	0.575416
1266.76	12.5788
1269.52	4.5821
1272.28	-5.4147
1275.05	6.58841
1277.81	8.59143
1280.57	0.594344
1283.33	4.59717
1286.08	8.5999
1288.84	-1.39747
1291.6	20.6051
1294.35	10.6075
1297.11	0.609879
1299.86	22.6121
1302.61	12.6143
1305.36	8.61638
1308.11	6.61836
1310.86	10.6203
1313.61	8.62205
1316.36	-1.37625
1319.1	4.62536
1321.85	2.62688
1324.59	8.6283
1327.33	-7.37037
1330.08	6.63087
1332.82	12.632
1335.56	12.6331
1338.3	18.634
1341.04	10.6349
1343.77	0.635686
1346.51	-5.36363
1349.25	-1.36303
1351.98	4.63747
1354.71	2.63789
1357.45	10.6382
1360.18	12.6384
1362.91	14.6386
1365.64	8.63863
1368.37	2.63859
1371.09	4.63845
1373.82	8.63823
1376.54	6.63792
1379.27	16.6375
1381.99	6.63702
1384.72	8.63643
1387.44	20.6358
1390.16	4.63499
1392.88	12.6341
1395.6	12.6332
1398.31	16.6322
1401.03	6.63104
1403.75	0.629824
1406.46	6.62852
1409.18	4.62713
1411.89	2.62565
1414.6	2.62408
1417.31	8.62242
1420.02	18.6207
1422.73	2.61884
1425.44	16.6169
1428.15	4.6149
1430.85	-5.3872
1433.56	8.61061
1436.26	8.60833
1438.97	4.60596
1441.67	8.60351
1444.37	2.60097
1447.07	-1.40166
1449.77	8.59562
1452.47	20.5928
1455.16	6.58993
1457.86	6.58695
1460.56	16.5839
1463.25	12.5807
1465.94	10.5775
1468.64	10.5742
1471.33	0.570744
1474.02	10.5672
1476.71	12.5637
1479.4	6.55998
1482.09	2.55622
1484.77	2.55237
1487.46	16.5484
1490.14	6.54442
1492.83	0.540314
1495.51	16.5361
1498.19	2.53185
1500.87	10.5275
1503.55	8.52304
1506.23	0.518502
1508.91	8.51388
1511.59	6.50918
1514.27	2.50439
1516.94	22.4995
1519.62	12.4946
1522.29	-1.51049
1524.96	-9.51562
1527.63	-1.52083
1530.3	16.4739
1532.97	12.4685
1535.64	2.46302
1538.31	8.45747
1540.98	8.45184
1543.64	12.4461
1546.31	10.4403
1548.97	8.43443
1551.63	6.42846
1554.3	16.4224
1556.96	10.4163
1559.62	16.41
1562.28	0.403739
1564.94	20.3974
1567.59	2.39088
1570.25	2.38433
1572.9	14.3777
1575.56	4.37097
1578.21	-1.63583
1580.86	6.35728
1583.52	10.3503
1586.17	10.3433
1588.82	14.3361
1591.47	18.3289
1594.11	16.3216
1596.76	6.31424
1599.41	8.30678
1602.05	10.2992
1604.69	18.2916
1607.34	8.28391
1609.98	12.2761
1612.62	10.2683
1615.26	12.2603
1617.9	10.2523
1620.54	18.2442
1623.18	8.23596
1625.81	8.22769
1628.45	14.2193
1631.08	22.2109
1633.72	20.2024
1636.35	10.1938
1638.98	20.1851
1641.61	-1.82365
1644.24	0.167511
1646.87	2.15859
1649.5	16.1496
1652.13	-11.8595
1654.75	20.1314
1657.38	10.1221
1660	4.1128
1662.63	10.1034
1665.25	8.09392
1667.87	20.0844
1670.49	16.0747
1673.11	22.065
1675.73	0.0552231
1678.35	8.04535
1680.96	6.0354
1683.58	10.0254
1686.19	0.0152594
1688.81	2.00507
1691.42	5.99481
1694.03	15.9845
1696.64	11.974
1699.25	7.96354
1701.87	11.953
1704.47	1.9423
1707.08	7.93156
1709.69	19.9207
1712.29	1.90986
1714.9	5.89889
1717.5	7.88785
1720.1	15.8767
1722.71	-0.134485
1725.31	15.8542
1727.91	13.8429
1730.51	11.8315
1733.1	-2.18006
1735.7	17.8083
1738.3	1.79669
1740.89	1.78495
1743.49	9.77313
1746.08	17.7612
1748.67	3.74927
1751.26	3.73723
1753.86	13.7251
1756.45	17.7129
1759.03	-2.29937
1761.62	17.6883
1764.21	11.6759
1766.8	17.6634
1769.38	13.6508
1771.97	1.63812
1774.55	17.6254
1777.13	11.6126
1779.71	-0.400298
1782.29	15.5868
1784.87	7.57372
1787.45	13.5606
1790.03	3.54744
1792.61	3.53418
1795.18	11.5209
1797.76	9.50745
1800.33	17.494
1802.9	-8.51958
1805.48	7.46679
1808.05	5.45309
1810.62	3.43931
1813.19	5.42546
1815.76	7.41153
1818.33	17.3975
1820.89	1.38346
1823.46	5.36932
1826.02	13.3551
1828.59	9.3408
1831.15	5.32644
1833.71	9.31199
1836.27	13.2975
1838.84	-6.7171
1841.39	19.2682
1843.95	15.2535
1846.51	21.2387
1849.07	11.2238
1851.62	3.20887
1854.18	3.19384
1856.73	1.17875
1859.29	13.1636
1861.84	21.1483
1864.39	-6.86697
1866.94	-4.88236
1869.49	9.10218
1872.04	9.08665
1874.59	9.07105
1877.13	5.05537
1879.68	17.0396
1882.22	-8.97618
1884.77	15.0079
1887.31	10.992
1889.85	12.9759
1892.39	12.9598
1894.93	14.9437
1897.47	16.9274
1900.01	2.91109
1902.55	16.8947
1905.09	2.87825
1907.62	12.8617
1910.16	6.84513
1912.69	12.8285
1915.22	-3.18829
1917.76	6.7949
1920.29	4.77802
1922.82	10.7611
1925.35	2.74404
1927.88	12.7269
1930.4	4.70979
1932.93	2.69256
1935.46	10.6753
1937.98	4.65788
1940.51	10.6404
1943.03	16.6229
1945.55	12.6054
1948.07	16.5877
1950.59	6.56998
1953.11	10.5522
1955.63	4.53434
1958.15	0.516412
1960.67	20.4984
1963.18	8.48036
1965.7	16.4622
1968.21	-11.556
1970.73	12.4257
1973.24	16.4074
1975.75	24.389
1978.26	4.37052
1980.77	8.35199
1983.28	12.3334
1985.79	2.31469
1988.29	18.2959
1990.8	12.2771
1993.31	8.25823
1995.81	4.23928
1998.31	0.220274
