100.093	17.8178
103.274	-4.14949
106.457	13.8832
109.636	21.9158
112.817	13.9484
115.994	7.98102
119.172	8.01358
122.347	6.04608
125.521	20.0786
128.696	-1.88898
131.868	6.14343
135.039	10.1758
138.209	16.2081
141.379	18.2405
144.547	8.27274
147.713	2.30498
150.879	4.33718
154.043	16.3694
157.206	2.40149
160.368	10.4336
163.529	20.4656
166.689	20.4977
169.848	22.5297
173.006	18.5616
176.163	12.5935
179.316	-3.37463
182.471	2.65721
185.625	10.689
188.777	-1.27923
191.927	14.7525
195.077	4.78416
198.224	10.8158
201.372	4.84738
204.52	6.87895
207.664	10.9104
210.809	4.94193
213.95	24.9734
217.091	27.0047
220.233	11.0361
223.372	19.0674
226.509	15.0986
229.648	21.1299
232.784	13.161
235.918	19.1922
239.051	15.2233
242.186	7.25431
245.317	9.28531
248.447	17.3163
251.577	7.34716
254.705	3.37803
257.832	13.4088
260.958	5.43961
264.083	3.47034
267.204	17.501
270.327	-0.468368
273.449	15.5622
276.57	-2.40724
279.69	9.62325
282.806	11.6537
285.924	15.6841
289.04	15.7144
292.154	21.7447
295.268	15.775
298.379	13.8051
301.492	3.8353
304.601	21.8654
307.711	-6.10456
310.818	27.9254
313.924	27.9554
317.031	3.98527
320.135	10.0151
323.238	10.0449
326.34	14.0746
329.443	16.1043
332.543	6.13396
335.642	6.16353
338.74	12.1931
341.836	14.2225
344.932	10.252
348.027	2.28132
351.12	10.3106
354.213	4.33989
357.302	20.3691
360.393	6.39823
363.482	-7.57268
366.57	4.45637
369.656	2.48533
372.742	2.51427
375.827	0.543142
378.91	12.5719
381.993	8.60071
385.073	0.629395
388.154	0.658046
391.232	8.68662
394.311	8.71516
397.387	6.74362
400.462	-1.22798
403.536	16.8004
406.611	8.82867
409.683	8.8569
412.754	0.885069
415.824	18.9132
418.893	-5.05877
421.961	-3.03078
425.027	4.99715
428.093	-4.97497
431.158	15.0528
434.222	7.08059
437.284	1.10828
440.346	19.1359
443.407	11.1635
446.464	13.191
449.523	9.21841
452.581	21.2458
455.635	13.2731
458.691	-8.69964
461.743	27.3275
464.797	3.35467
467.847	-8.61828
470.899	5.40872
473.947	-4.56435
476.994	9.46251
480.043	17.4893
483.088	-0.483947
486.133	5.54272
489.176	-0.430678
492.22	3.59588
495.262	11.6223
498.302	13.6488
501.341	-0.324907
504.38	1.70137
507.417	3.72757
510.453	7.75371
513.487	13.7798
516.521	1.80578
519.554	9.83172
522.586	9.85759
525.616	17.8834
528.646	1.90911
531.675	-4.06522
534.701	1.96036
537.729	-0.0141093
540.753	0.0113347
543.778	0.0367271
546.8	2.06203
549.821	2.08727
552.844	-3.88755
555.863	16.1375
558.881	0.162574
561.898	2.18753
564.916	2.21243
567.932	6.23724
570.946	8.26198
573.959	2.28666
576.971	12.3113
579.982	18.3358
582.993	10.3602
586	6.3846
589.008	0.408913
592.015	-7.56685
595.022	12.4573
598.025	14.4814
601.029	4.50541
604.032	-7.47065
607.033	12.5532
610.034	8.577
613.032	2.6007
616.032	10.6243
619.028	2.6479
622.023	2.67139
625.018	0.69479
628.013	6.71814
631.005	26.7414
633.997	0.764569
636.987	2.78767
639.977	4.8107
642.965	16.8336
645.952	0.85652
648.939	6.87932
651.924	0.902034
654.909	2.92468
657.892	8.94724
660.873	4.96971
663.854	0.992118
666.835	9.01445
669.813	-4.96332
672.791	15.0589
675.767	-0.919064
678.743	5.10295
681.717	1.12487
684.692	7.14673
687.664	3.16849
690.634	11.1902
693.606	3.21179
696.575	15.2333
699.543	11.2547
702.51	7.27611
705.475	11.2974
708.44	1.31859
711.404	15.3397
714.367	17.3607
717.329	1.38169
720.29	9.40257
723.25	1.42336
726.207	7.44405
729.166	-0.535325
732.123	3.48522
735.077	9.50566
738.032	-0.473961
740.984	13.5463
743.938	27.5665
746.888	21.5866
749.839	5.60668
752.788	1.62663
755.735	19.6465
758.682	15.6663
761.627	7.68596
764.574	-4.29442
767.517	5.7251
770.46	3.74453
773.402	13.7639
776.342	15.7832
779.282	3.80233
782.219	1.82141
785.157	19.8404
788.094	13.8593
791.029	23.8782
793.962	1.89691
796.896	11.9156
799.828	-4.06587
802.76	3.95262
805.689	15.971
808.619	7.98932
811.546	8.00753
814.473	4.02565
817.4	4.0437
820.324	14.0616
823.248	24.0795
826.17	12.0973
829.092	16.115
832.012	8.13255
834.932	12.1501
837.851	4.16747
840.768	10.1848
843.685	8.20202
846.599	24.2192
849.514	2.23621
852.428	14.2532
855.339	14.27
858.251	4.28682
861.16	2.3035
864.07	16.3201
866.978	22.3366
869.884	4.353
872.792	6.36933
875.696	-5.61445
878.599	2.40168
881.502	4.41772
884.404	8.43367
887.304	12.4495
890.204	30.4653
893.103	14.481
896.001	20.4965
898.898	18.512
901.794	12.5274
904.689	6.5427
907.581	4.55789
910.474	6.573
913.364	4.588
916.256	-7.39707
919.144	8.61774
922.034	0.632474
924.92	18.6471
927.808	-7.33836
930.693	8.67608
933.576	6.69043
936.459	10.7047
939.341	14.7188
942.222	10.7329
945.102	18.7468
947.981	8.76071
950.859	4.77448
953.737	14.7882
956.613	6.80173
959.488	10.8152
962.361	16.8286
965.235	-7.15813
968.105	6.85505
970.977	16.8681
973.846	8.88113
976.716	10.894
979.583	14.9068
982.449	8.91951
985.316	4.93211
988.18	12.9446
991.043	16.957
993.906	10.9693
996.767	-1.01849
999.628	18.9936
1002.49	17.0056
1005.35	7.01752
1008.2	-4.97067
1011.06	15.041
1013.91	21.0526
1016.77	1.06414
1019.62	17.0755
1022.48	9.08685
1025.33	37.098
1028.18	17.1092
1031.03	17.1202
1033.87	-0.868945
1036.72	15.1419
1039.57	7.15256
1042.41	7.16315
1045.26	-6.82635
1048.1	23.184
1050.94	13.1943
1053.78	3.20453
1056.62	17.2146
1059.46	15.2246
1062.3	5.23449
1065.14	7.24427
1067.97	9.25395
1070.81	21.2635
1073.64	3.273
1076.47	7.28236
1079.31	5.29163
1082.14	9.30079
1084.97	1.30986
1087.8	-0.681187
1090.63	21.3277
1093.45	3.33641
1096.28	11.3451
1099.1	11.3536
1101.93	15.362
1104.75	11.3704
1107.57	13.3786
1110.39	3.38672
1113.21	17.3947
1116.03	15.4026
1118.85	13.4105
1121.66	21.4182
1124.48	13.4258
1127.3	11.4332
1130.11	9.44063
1132.92	5.44791
1135.73	1.45509
1138.54	13.4622
1141.35	13.4691
1144.16	13.476
1146.97	11.4827
1149.78	1.48937
1152.58	7.4959
1155.39	-6.49767
1158.19	9.50865
1161	9.51487
1163.8	19.521
1166.6	5.52698
1169.4	11.5329
1172.2	11.5387
1174.99	-4.45566
1177.79	11.5499
1180.59	-0.444627
1183.38	7.56073
1186.17	21.566
1188.97	1.57112
1191.76	7.57615
1194.55	13.5811
1197.34	15.5859
1200.13	3.59059
1202.92	9.59518
1205.7	11.5997
1208.49	11.604
1211.27	11.6083
1214.06	17.6125
1216.84	11.6165
1219.62	11.6205
1222.4	5.62429
1225.18	5.62801
1227.96	9.63162
1230.74	17.6351
1233.51	7.63852
1236.29	27.6418
1239.06	9.64497
1241.84	7.64803
1244.61	5.65098
1247.38	13.6538
1250.15	3.65654
1252.92	19.6592
1255.69	9.66166
1258.46	15.6641
1261.23	15.6663
1263.99	-8.33149
1266.76	-10.3294
1269.52	15.6725
1272.28	7.67436
1275.05	9.67608
1277.81	1.6777
1280.57	11.6792
1283.33	3.68059
1286.08	9.68186
1288.84	5.68303
1291.6	-4.31592
1294.35	3.68502
1297.11	3.68584
1299.86	7.68656
1302.61	17.6872
1305.36	15.6876
1308.11	-0.311977
1310.86	1.68828
1313.61	15.6884
1316.36	-6.31153
1319.1	9.68839
1321.85	13.6882
1324.59	13.6879
1327.33	3.68747
1330.08	7.68694
1332.82	5.68629
1335.56	9.68553
1338.3	7.68465
1341.04	11.6837
1343.77	13.6826
1346.51	13.6813
1349.25	1.68001
1351.98	9.67856
1354.71	15.677
1357.45	15.6753
1360.18	-6.32648
1362.91	5.67161
1365.64	5.66959
1368.37	23.6675
1371.09	1.6652
1373.82	-2.33717
1376.54	17.6603
1379.27	7.65774
1381.99	11.655
1384.72	11.6522
1387.44	9.64924
1390.16	17.6462
1392.88	3.643
1395.6	5.6397
1398.31	13.6363
1401.03	-0.36724
1403.75	1.62911
1406.46	15.6253
1409.18	1.62147
1411.89	3.61747
1414.6	5.61336
1417.31	-0.390868
1420.02	7.60478
1422.73	19.6003
1425.44	7.59574
1428.15	9.59104
1430.85	-0.413778
1433.56	13.5813
1436.26	1.57624
1438.97	11.5711
1441.67	9.56578
1444.37	11.5604
1447.07	-2.44514
1449.77	11.5492
1452.47	11.5435
1455.16	23.5376
1457.86	3.53158
1460.56	3.52547
1463.25	17.5192
1465.94	1.51289
1468.64	5.50642
1471.33	5.49983
1474.02	7.49312
1476.71	3.4863
1479.4	3.47935
1482.09	-4.52771
1484.77	13.4651
1487.46	17.4578
1490.14	17.4504
1492.83	9.44285
1495.51	9.43519
1498.19	13.4274
1500.87	21.4195
1503.55	27.4115
1506.23	15.4034
1508.91	11.3951
1511.59	9.38672
1514.27	5.37822
1516.94	-6.63039
1519.62	1.36086
1522.29	17.352
1524.96	9.34303
1527.63	9.33393
1530.3	5.32471
1532.97	31.3154
1535.64	25.3059
1538.31	29.2963
1540.98	15.2866
1543.64	17.2768
1546.31	9.26687
1548.97	11.2568
1551.63	13.2466
1554.3	13.2363
1556.96	3.22588
1559.62	21.2153
1562.28	5.20466
1564.94	17.1939
1567.59	-0.817039
1570.25	7.17193
1572.9	19.1608
1575.56	-4.85051
1578.21	7.1381
1580.86	11.1266
1583.52	21.1149
1586.17	21.1032
1588.82	5.09127
1591.47	19.0793
1594.11	9.06714
1596.76	17.0549
1599.41	1.04251
1602.05	1.03002
1604.69	7.0174
1607.34	17.0047
1609.98	4.99179
1612.62	-1.0212
1615.26	20.9657
1617.9	4.95246
1620.54	8.9391
1623.18	2.92562
1625.81	0.912015
1628.45	6.89829
1631.08	6.88445
1633.72	4.87048
1636.35	6.85639
1638.98	14.8422
1641.61	18.8278
1644.24	-11.1866
1646.87	-1.20123
1649.5	4.78406
1652.13	8.76923
1654.75	10.7543
1657.38	32.7392
1660	4.72398
1662.63	0.708659
1665.25	6.6932
1667.87	8.67762
1670.49	26.6619
1673.11	-5.3539
1675.73	6.63015
1678.35	2.61408
1680.96	12.5979
1683.58	4.58157
1686.19	-1.43488
1688.81	-3.45146
1691.42	12.5319
1694.03	6.51503
1696.64	4.49809
1699.25	24.481
1701.87	6.46383
1704.47	12.4465
1707.08	14.4291
1709.69	12.4115
1712.29	20.3938
1714.9	14.376
1717.5	2.35806
1720.1	6.33999
1722.71	-1.67821
1725.31	10.3035
1727.91	-1.71496
1730.51	-1.73353
1733.1	6.24779
1735.7	22.229
1738.3	22.21
1740.89	12.191
1743.49	14.1718
1746.08	12.1524
1748.67	10.133
1751.26	-7.88657
1753.86	6.09373
1756.45	20.0739
1759.03	4.05396
1761.62	14.0339
1764.21	10.0137
1766.8	3.99337
1769.38	13.9729
1771.97	-0.0476699
1774.55	7.93163
1777.13	1.9108
1779.71	9.88984
1782.29	3.86877
1784.87	13.8476
1787.45	1.82622
1790.03	3.80477
1792.61	13.7832
1795.18	23.7615
1797.76	5.73962
1800.33	1.71766
1802.9	15.6956
1805.48	5.67335
1808.05	15.651
1810.62	21.6285
1813.19	1.60593
1815.76	-0.416797
1818.33	11.5603
1820.89	11.5374
1823.46	15.5143
1826.02	3.49102
1828.59	7.46767
1831.15	9.44419
1833.71	1.42056
1836.27	19.3968
1838.84	19.373
1841.39	17.349
1843.95	15.3248
1846.51	37.3006
1849.07	15.2762
1851.62	15.2517
1854.18	23.2271
1856.73	13.2023
1859.29	1.17742
1861.84	15.1524
1864.39	5.12727
1866.94	3.10199
1869.49	11.0766
1872.04	-2.94893
1874.59	5.02542
1877.13	8.99963
1879.68	8.97374
1882.22	4.9477
1884.77	14.9215
1887.31	20.8952
1889.85	24.8688
1892.39	10.8423
1894.93	10.8156
1897.47	16.7888
1900.01	0.761861
1902.55	22.7348
1905.09	-7.29239
1907.62	2.6803
1910.16	-5.34713
1912.69	8.62529
1915.22	12.5976
1917.76	16.5698
1920.29	2.5418
1922.82	18.5137
1925.35	10.4855
1927.88	20.4572
1930.4	6.42869
1932.93	10.4001
1935.46	16.3714
1937.98	10.3425
1940.51	8.31352
1943.03	8.28441
1945.55	0.255179
1948.07	-1.7742
1950.59	-1.80369
1953.11	16.1667
1955.63	8.13692
1958.15	2.10704
1960.67	12.077
1963.18	-1.95311
1965.7	6.01662
1968.21	-0.0137783
1970.73	1.95569
1973.24	5.92503
1975.75	-4.10575
1978.26	5.86333
1980.77	11.8323
1983.28	1.80111
1985.79	1.76981
1988.29	9.73839
1990.8	-4.29319
1993.31	9.67512
1995.81	17.6433
1998.31	1.61137
