100.093	31.2134
103.274	15.254
106.457	29.2945
109.636	15.3349
112.817	1.37519
115.994	-0.584624
119.172	13.4555
122.347	31.4955
125.521	1.53539
128.696	9.57522
131.868	5.61493
135.039	5.65454
138.209	9.69406
141.379	7.7335
144.547	-0.227169
147.713	1.81206
150.879	5.8512
154.043	15.8902
157.206	13.9292
160.368	17.968
163.529	0.00678812
166.689	16.0454
169.848	0.0840129
173.006	10.1225
176.163	2.16086
179.316	8.19911
182.471	10.2373
185.625	20.2754
188.777	12.3134
191.927	6.35126
195.077	8.38907
198.224	14.4268
201.372	2.46437
204.52	22.5019
207.664	12.5393
210.809	8.57663
213.95	8.61384
217.091	8.65096
220.233	0.688015
223.372	4.72495
226.509	14.7618
229.648	14.7986
232.784	10.8352
235.918	14.8718
239.051	10.9082
242.186	-1.05539
245.317	-3.01911
248.447	5.01707
251.577	5.05316
254.705	9.08915
257.832	5.12505
260.958	11.1609
264.083	7.19657
267.204	15.2322
270.327	-0.732313
273.449	11.3031
276.57	11.3385
279.69	9.3737
282.806	9.40883
285.924	23.4439
289.04	15.4789
292.154	11.5137
295.268	-0.451516
298.379	5.58315
301.492	25.6177
304.601	-2.34778
307.711	11.6866
310.818	7.72092
313.924	-0.244882
317.031	5.78925
320.135	19.8233
323.238	11.8572
326.34	21.891
329.443	-0.0752298
332.543	-2.04159
335.642	9.99197
338.74	0.0254248
341.836	4.05879
344.932	2.09207
348.027	2.12525
351.12	10.1583
354.213	16.1913
357.302	14.2242
360.393	14.257
363.482	-1.71024
366.57	2.32239
369.656	14.3549
372.742	8.38735
375.827	6.41971
378.91	10.4519
381.993	12.4841
385.073	6.51618
388.154	14.5482
391.232	12.58
394.311	14.6118
397.387	10.6435
400.462	16.6751
403.536	10.7066
406.611	-5.26191
409.683	16.7694
412.754	10.8007
415.824	4.8318
418.893	-1.13715
421.961	2.89381
425.027	0.924686
428.093	12.9555
431.158	8.98616
434.222	13.0168
437.284	13.0473
440.346	11.0777
443.407	-6.89199
446.464	5.13823
449.523	17.1684
452.581	-8.80157
455.635	5.22837
458.691	1.25825
461.743	13.288
464.797	7.31771
467.847	5.34729
470.899	5.3768
473.947	7.40621
476.994	9.43552
480.043	1.46476
483.088	-0.506102
486.133	9.52294
489.176	-2.44811
492.22	13.5808
495.262	29.6096
498.302	5.63824
501.341	-2.33317
504.38	11.6953
507.417	-0.27625
510.453	13.7521
513.487	5.78029
516.521	9.80844
519.554	9.8365
522.586	-10.1355
525.616	1.89232
528.646	13.9201
531.675	13.9478
534.701	3.9754
537.729	-3.99707
540.753	8.03034
543.778	4.05768
546.8	8.08492
549.821	-1.88793
552.844	18.1391
555.863	6.16611
558.881	-1.80701
561.898	2.21978
564.916	10.2465
567.932	6.27312
570.946	10.2996
573.959	-9.67392
576.971	10.3524
579.982	2.37869
582.993	8.40487
586	28.4309
589.008	6.45693
592.015	2.48283
595.022	12.5087
598.025	8.53437
601.029	-5.43999
604.032	2.58557
607.033	-5.38898
610.034	8.63639
613.032	12.6617
616.032	2.68687
619.028	4.71197
622.023	-1.26302
625.018	8.7619
628.013	0.786756
631.005	10.8115
633.997	10.8362
636.987	12.8607
639.977	8.88522
642.965	4.90962
645.952	4.93393
648.939	12.9582
651.924	-1.01771
654.909	5.00634
657.892	5.0303
660.873	9.05416
663.854	11.0779
666.835	1.10165
669.813	5.12525
672.791	11.1488
675.767	11.1722
678.743	-0.804449
681.717	15.2188
684.692	5.24198
687.664	3.26506
690.634	13.288
693.606	9.31097
696.575	1.33379
699.543	1.35652
702.51	-0.620836
705.475	15.4017
708.44	5.4242
711.404	11.4466
714.367	9.46888
717.329	5.4911
720.29	11.5132
723.25	1.53526
726.207	1.55721
729.166	-0.420925
732.123	5.60086
735.077	13.6225
738.032	13.6442
740.984	-0.334334
743.938	13.6871
746.888	11.7084
749.839	7.72972
752.788	9.75089
755.735	19.772
758.682	-2.20703
761.627	7.81388
764.574	15.8347
767.517	13.8555
770.46	5.87612
773.402	9.89669
776.342	3.91718
779.282	17.9376
782.219	7.95789
785.157	-0.0218829
788.094	3.99826
791.029	12.0183
793.962	10.0383
796.896	6.05818
799.828	10.078
802.76	10.0977
805.689	10.1173
808.619	16.1369
811.546	10.1563
814.473	-3.8243
817.4	16.195
820.324	12.2142
823.248	30.2333
826.17	22.2524
829.092	12.2713
832.012	0.290168
834.932	14.3089
837.851	18.3276
840.768	16.3463
843.685	6.36479
846.599	4.38322
849.514	14.4016
852.428	16.4199
855.339	10.438
858.251	8.45615
861.16	10.4742
864.07	18.4921
866.978	14.5099
869.884	12.5277
872.792	12.5454
875.696	14.563
878.599	32.5805
881.502	4.59793
884.404	20.6153
887.304	10.6325
890.204	2.64972
893.103	14.6668
896.001	-3.31617
898.898	16.7008
901.794	8.7176
904.689	-1.26563
907.581	8.75104
910.474	14.7676
913.364	16.7841
916.256	8.80057
919.144	20.8169
922.034	2.83317
924.92	6.84935
927.808	0.865447
930.693	0.881455
933.576	4.89738
936.459	2.91322
939.341	4.92898
942.222	14.9447
945.102	20.9603
947.981	12.9758
950.859	8.9912
953.737	5.00655
956.613	15.0218
959.488	3.037
962.361	1.05209
965.235	13.0671
968.105	9.08204
970.977	13.0969
973.846	-0.888334
976.716	7.12636
979.583	25.141
982.449	17.1555
985.316	1.16993
988.18	5.18429
991.043	19.1986
993.906	15.2128
996.767	9.22687
999.628	9.2409
1002.49	9.25485
1005.35	-0.731281
1008.2	13.2825
1011.06	7.2962
1013.91	7.30983
1016.77	5.32337
1019.62	7.33683
1022.48	23.3502
1025.33	9.3635
1028.18	13.3767
1031.03	-0.610149
1033.87	9.4029
1036.72	19.4159
1039.57	17.4288
1042.41	-2.55843
1045.26	9.4543
1048.1	5.46695
1050.94	1.47951
1053.78	5.492
1056.62	11.5044
1059.46	1.51673
1062.3	9.52897
1065.14	11.5411
1067.97	3.55321
1070.81	5.56521
1073.64	13.5771
1076.47	11.589
1079.31	19.6007
1082.14	13.6124
1084.97	13.624
1087.8	13.6355
1090.63	9.64697
1093.45	19.6583
1096.28	7.6696
1099.1	17.6808
1101.93	7.69191
1104.75	3.70295
1107.57	5.71391
1110.39	13.7248
1113.21	9.73558
1116.03	13.7463
1118.85	11.7569
1121.66	3.7675
1124.48	11.778
1127.3	13.7884
1130.11	3.7987
1132.92	1.80894
1135.73	9.8191
1138.54	7.82918
1141.35	-2.16082
1144.16	1.84911
1146.97	15.859
1149.78	17.8687
1152.58	3.87839
1155.39	-4.112
1158.19	3.89753
1161	7.90698
1163.8	15.9163
1166.6	1.92564
1169.4	7.93485
1172.2	-6.05602
1174.99	21.953
1177.79	9.96201
1180.59	3.97091
1183.38	-0.0202758
1186.17	-0.0115314
1188.97	7.99713
1191.76	-5.99429
1194.55	6.01422
1197.34	8.02264
1200.13	8.03099
1202.92	18.0393
1205.7	8.04745
1208.49	20.0556
1211.27	14.0636
1214.06	6.07156
1216.84	12.0794
1219.62	8.08724
1222.4	20.095
1225.18	10.1026
1227.96	-9.88982
1230.74	18.1177
1233.51	14.1251
1236.29	-1.86758
1239.06	4.13967
1241.84	-1.85315
1244.61	12.154
1247.38	18.161
1250.15	18.1679
1252.92	14.1748
1255.69	-1.8184
1258.46	8.18831
1261.23	12.195
1263.99	-3.79849
1266.76	14.208
1269.52	12.2144
1272.28	2.22074
1275.05	2.22699
1277.81	16.2332
1280.57	4.23927
1283.33	14.2453
1286.08	4.25124
1288.84	-5.74289
1291.6	4.26291
1294.35	10.2686
1297.11	4.27427
1299.86	14.2798
1302.61	20.2853
1305.36	0.290732
1308.11	10.2961
1310.86	18.3013
1313.61	0.30651
1316.36	10.3116
1319.1	8.31665
1321.85	16.3216
1324.59	8.32648
1327.33	14.3313
1330.08	10.336
1332.82	12.3407
1335.56	6.34524
1338.3	2.34975
1341.04	12.3542
1343.77	12.3585
1346.51	6.36279
1349.25	-3.63301
1351.98	14.3711
1354.71	22.3752
1357.45	12.3791
1360.18	8.38303
1362.91	20.3869
1365.64	-11.6094
1368.37	18.3943
1371.09	10.3979
1373.82	6.40138
1376.54	6.40483
1379.27	10.4082
1381.99	10.4115
1384.72	8.41472
1387.44	16.4179
1390.16	10.4209
1392.88	10.4239
1395.6	10.4269
1398.31	20.4297
1401.03	8.43247
1403.75	6.43517
1406.46	20.4378
1409.18	18.4403
1411.89	0.442822
1414.6	12.4452
1417.31	6.44755
1420.02	16.4498
1422.73	16.452
1425.44	16.4541
1428.15	6.45612
1430.85	8.45807
1433.56	12.46
1436.26	20.4618
1438.97	4.4635
1441.67	8.46516
1444.37	6.46675
1447.07	22.4683
1449.77	24.4697
1452.47	18.4711
1455.16	10.4724
1457.86	-1.52642
1460.56	6.47473
1463.25	-3.5242
1465.94	22.4768
1468.64	14.4777
1471.33	0.478577
1474.02	14.4794
1476.71	14.4801
1479.4	2.4807
1482.09	18.4813
1484.77	6.48175
1487.46	8.48216
1490.14	8.4825
1492.83	18.4828
1495.51	6.48297
1498.19	16.4831
1500.87	0.483141
1503.55	6.48312
1506.23	-5.51698
1508.91	8.48286
1511.59	0.482618
1514.27	-1.51769
1516.94	14.4819
1519.62	14.4815
1522.29	-1.51906
1524.96	6.48034
1527.63	16.4797
1530.3	4.47892
1532.97	10.4781
1535.64	6.47721
1538.31	24.4762
1540.98	20.4752
1543.64	4.47411
1546.31	8.47294
1548.97	16.4717
1551.63	14.4704
1554.3	-1.53103
1556.96	10.4675
1559.62	18.466
1562.28	4.46437
1564.94	8.46269
1567.59	6.46094
1570.25	10.4591
1572.9	0.457228
1575.56	0.455264
1578.21	4.45323
1580.86	0.451124
1583.52	4.44895
1586.17	12.4467
1588.82	4.44438
1591.47	12.442
1594.11	10.4395
1596.76	8.437
1599.41	6.4344
1602.05	12.4317
1604.69	6.42898
1607.34	14.4262
1609.98	8.42328
1612.62	2.42032
1615.26	2.4173
1617.9	16.4142
1620.54	0.411032
1623.18	6.4078
1625.81	4.40449
1628.45	-5.59889
1631.08	8.39766
1633.72	4.39414
1636.35	6.39056
1638.98	8.3869
1641.61	12.3832
1644.24	18.3794
1646.87	0.3755
1649.5	14.3716
1652.13	8.36755
1654.75	12.3635
1657.38	6.35933
1660	-3.64489
1662.63	20.3508
1665.25	8.34647
1667.87	6.34204
1670.49	6.33755
1673.11	14.333
1675.73	6.32835
1678.35	10.3236
1680.96	12.3189
1683.58	10.314
1686.19	8.30912
1688.81	-1.69586
1691.42	8.29909
1694.03	-1.70603
1696.64	18.2888
1699.25	26.2835
1701.87	16.2782
1704.47	4.27281
1707.08	16.2673
1709.69	14.2618
1712.29	16.2562
1714.9	10.2505
1717.5	8.24481
1720.1	2.23901
1722.71	22.2331
1725.31	8.22719
1727.91	10.2212
1730.51	10.2151
1733.1	4.20895
1735.7	8.20274
1738.3	6.19645
1740.89	10.1901
1743.49	10.1837
1746.08	-3.82281
1748.67	-11.8294
1751.26	14.164
1753.86	18.1573
1756.45	0.150563
1759.03	8.14374
1761.62	0.136841
1764.21	8.12988
1766.8	0.122851
1769.38	4.11576
1771.97	6.10859
1774.55	-1.89865
1777.13	10.0941
1779.71	12.0867
1782.29	12.0793
1784.87	12.0718
1787.45	16.0642
1790.03	-7.94345
1792.61	22.0488
1795.18	12.0411
1797.76	6.03323
1800.33	4.02533
1802.9	8.01736
1805.48	-1.99068
1808.05	22.0012
1810.62	3.99304
1813.19	3.9848
1815.76	7.9765
1818.33	7.96812
1820.89	5.95968
1823.46	5.95118
1826.02	5.94261
1828.59	15.934
1831.15	9.92527
1833.71	21.9165
1836.27	13.9077
1838.84	-2.10124
1841.39	13.8898
1843.95	13.8808
1846.51	17.8716
1849.07	11.8625
1851.62	7.85325
1854.18	11.8439
1856.73	1.83459
1859.29	5.82515
1861.84	3.81566
1864.39	-10.1939
1866.94	11.7965
1869.49	3.78677
1872.04	1.77701
1874.59	11.7672
1877.13	21.7573
1879.68	1.74734
1882.22	9.73732
1884.77	15.7272
1887.31	13.7171
1889.85	9.70686
1892.39	9.69658
1894.93	17.6862
1897.47	15.6758
1900.01	11.6653
1902.55	5.6548
1905.09	23.6442
1907.62	9.63351
1910.16	-6.37722
1912.69	1.61198
1915.22	13.6011
1917.76	13.5902
1920.29	-2.42082
1922.82	5.56812
1925.35	11.557
1927.88	13.5458
1930.4	9.53455
1932.93	21.5232
1935.46	-0.488154
1937.98	15.5004
1940.51	3.48888
1943.03	17.4773
1945.55	13.4657
1948.07	19.454
1950.59	3.4422
1953.11	5.43036
1955.63	5.41847
1958.15	19.4065
1960.67	17.3945
1963.18	7.3824
1965.7	5.37024
1968.21	13.358
1970.73	11.3457
1973.24	-0.666601
1975.75	3.321
1978.26	1.30852
1980.77	11.296
1983.28	7.28339
1985.79	15.2707
1988.29	-0.741988
1990.8	9.24522
1993.31	9.23237
1995.81	11.2195
1998.31	7.20648
