100.093	0.145084
103.274	-1.74765
106.457	0.359035
109.636	-5.53501
112.817	4.57035
115.994	2.67499
119.172	2.77905
122.347	12.8824
125.521	2.98507
128.696	9.08718
131.868	9.18857
135.039	17.2893
138.209	15.3894
141.379	1.48897
144.547	-0.412195
147.713	-0.313995
150.879	1.78357
154.043	5.88051
157.206	1.97681
160.368	4.07249
163.529	4.16754
166.689	14.262
169.848	-3.64423
173.006	2.44896
176.163	-3.45847
179.316	10.6334
182.471	14.7248
185.625	10.8155
188.777	14.9056
191.927	10.995
195.077	-6.91605
198.224	5.17218
201.372	15.2599
204.52	13.347
207.664	1.4334
210.809	11.5193
213.95	7.60454
217.091	15.6892
220.233	7.77331
223.372	-2.14322
226.509	-0.0603399
229.648	16.022
232.784	10.1037
235.918	6.18485
239.051	14.2654
242.186	14.3454
245.317	10.4248
248.447	10.5036
251.577	0.581895
254.705	6.65957
257.832	22.7367
260.958	10.8132
264.083	18.8892
267.204	8.96456
270.327	5.03941
273.449	7.11369
276.57	15.1874
279.69	13.2606
282.806	21.3332
285.924	13.4052
289.04	13.4768
292.154	23.5477
295.268	21.6181
298.379	15.6879
301.492	9.75724
304.601	7.82598
307.711	7.89423
310.818	5.96189
313.924	6.02902
317.031	6.09565
320.135	12.1617
323.238	6.22724
326.34	12.2922
329.443	2.35674
332.543	0.420687
335.642	12.4841
338.74	4.547
341.836	8.60938
344.932	6.67123
348.027	8.73257
351.12	10.7934
354.213	2.8537
357.302	2.91346
360.393	14.9727
363.482	7.03152
366.57	19.0898
369.656	15.1475
372.742	1.20478
375.827	25.2615
378.91	7.31776
381.993	15.3735
385.073	5.42874
388.154	-2.51649
391.232	21.5377
394.311	3.59153
397.387	9.64479
400.462	-2.30244
403.536	19.7498
406.611	21.8017
409.683	13.853
412.754	-4.09618
415.824	7.95417
418.893	-7.99596
421.961	10.0534
425.027	2.10237
428.093	-13.8492
431.158	4.1988
434.222	2.2463
437.284	8.29335
440.346	-5.66008
443.407	10.386
446.464	4.43164
449.523	10.4768
452.581	16.5216
455.635	-7.43421
458.691	6.6096
461.743	16.6529
464.797	12.6958
467.847	14.7382
470.899	2.78024
473.947	2.82176
476.994	20.8628
480.043	12.9035
483.088	8.94367
486.133	18.9834
489.176	5.02272
492.22	13.0616
495.262	-0.899967
498.302	11.138
501.341	23.1756
504.38	13.2127
507.417	11.2494
510.453	7.28566
513.487	5.32147
516.521	-0.643119
519.554	11.3919
522.586	3.42643
525.616	15.4605
528.646	3.49426
531.675	11.5276
534.701	9.56043
537.729	17.5929
540.753	-2.37507
543.778	5.65657
546.8	3.68778
549.821	3.71859
552.844	3.749
555.863	1.77899
558.881	11.8086
561.898	15.8378
564.916	13.8666
567.932	7.89494
570.946	27.9229
573.959	3.95051
576.971	19.9777
579.982	-1.99551
582.993	10.0309
586	20.0569
589.008	0.0825195
592.015	8.10776
595.022	20.1326
598.025	4.15706
601.029	0.181139
604.032	16.2048
607.033	-1.77186
610.034	18.2511
613.032	10.2736
616.032	14.2958
619.028	16.3176
622.023	-11.6609
625.018	14.3601
628.013	14.3808
631.005	20.4011
633.997	10.4211
636.987	16.4407
639.977	2.45988
642.965	18.4787
645.952	-5.50276
648.939	-3.48462
651.924	18.5332
654.909	10.5506
657.892	2.56765
660.873	12.5844
663.854	6.60072
666.835	10.6167
669.813	16.6324
672.791	12.6477
675.767	4.66265
678.743	16.6773
681.717	18.6915
684.692	16.7055
687.664	4.71907
690.634	0.732315
693.606	-1.25477
696.575	16.7578
699.543	22.77
702.51	16.7819
705.475	12.7935
708.44	18.8048
711.404	6.81567
714.367	20.8263
717.329	12.8365
720.29	2.84644
723.25	18.856
726.207	18.8653
729.166	8.87429
732.123	10.8829
735.077	8.89125
738.032	10.8993
740.984	8.90694
743.938	16.9143
746.888	24.9214
749.839	8.92813
752.788	18.9346
755.735	24.9407
758.682	16.9465
761.627	14.952
764.574	18.9573
767.517	2.96216
770.46	8.96676
773.402	32.9711
776.342	10.9751
779.282	10.9788
782.219	10.9822
785.157	12.9853
788.094	22.9881
791.029	8.99066
793.962	14.9929
796.896	28.9948
799.828	10.9965
802.76	10.9979
805.689	16.999
808.619	8.99976
811.546	19.0003
814.473	17.0005
817.4	9.00047
820.324	23.0001
823.248	16.9995
826.17	14.9987
829.092	6.9975
832.012	16.9961
834.932	22.9944
837.851	14.9924
840.768	14.9902
843.685	20.9876
846.599	12.9849
849.514	12.9818
852.428	28.9785
855.339	14.9749
858.251	8.97109
861.16	14.967
864.07	20.9626
866.978	2.95801
869.884	18.9531
872.792	30.948
875.696	16.9426
878.599	14.937
881.502	12.9311
884.404	16.9249
887.304	18.9186
890.204	10.9119
893.103	18.905
896.001	12.8979
898.898	22.8905
901.794	20.8829
904.689	18.875
907.581	2.86691
910.474	18.8586
913.364	12.85
916.256	16.8412
919.144	-3.16789
922.034	22.8228
924.92	22.8133
927.808	2.80353
930.693	16.7935
933.576	16.7833
936.459	20.7729
939.341	0.762201
942.222	16.7513
945.102	8.74018
947.981	10.7288
950.859	0.717252
953.737	24.7055
956.613	4.69344
959.488	18.6812
962.361	8.66876
965.235	24.6561
968.105	4.64322
970.977	14.6301
973.846	18.6168
976.716	20.6033
979.583	16.5896
982.449	30.5756
985.316	4.56146
988.18	-1.45289
991.043	12.5325
993.906	14.5178
996.767	30.5028
999.628	0.487643
1002.49	10.4723
1005.35	20.4567
1008.2	30.4409
1011.06	18.425
1013.91	12.4088
1016.77	14.3924
1019.62	24.3759
1022.48	26.3591
1025.33	10.3422
1028.18	6.32505
1031.03	8.30774
1033.87	10.2902
1036.72	14.2725
1039.57	-1.74535
1042.41	8.23659
1045.26	-7.78166
1048.1	16.1999
1050.94	22.1813
1053.78	24.1625
1056.62	8.14352
1059.46	8.12436
1062.3	14.105
1065.14	12.0855
1067.97	4.06585
1070.81	-3.954
1073.64	-1.97403
1076.47	-1.99422
1079.31	11.9854
1082.14	9.96487
1084.97	1.94416
1087.8	13.9233
1090.63	13.9023
1093.45	5.88105
1096.28	3.85969
1099.1	25.8382
1101.93	21.8165
1104.75	23.7946
1107.57	3.7726
1110.39	21.7504
1113.21	17.7281
1116.03	27.7056
1118.85	11.683
1121.66	13.6602
1124.48	17.6373
1127.3	7.61417
1130.11	7.59091
1132.92	19.5675
1135.73	19.544
1138.54	11.5203
1141.35	1.49646
1144.16	13.4725
1146.97	11.4483
1149.78	11.4241
1152.58	7.39967
1155.39	-0.624886
1158.19	11.3504
1161	13.3256
1163.8	27.3006
1166.6	31.2755
1169.4	23.2503
1172.2	15.2249
1174.99	7.19937
1177.79	13.1737
1180.59	15.148
1183.38	-0.877942
1186.17	29.096
1188.97	3.06985
1191.76	5.04356
1194.55	19.0171
1197.34	10.9906
1200.13	6.96392
1202.92	8.93713
1205.7	28.9102
1208.49	8.88319
1211.27	10.856
1214.06	6.82876
1216.84	6.80136
1219.62	-1.22614
1222.4	12.7462
1225.18	2.71848
1227.96	4.69063
1230.74	6.66264
1233.51	26.6346
1236.29	20.6064
1239.06	4.57807
1241.84	6.54965
1244.61	0.521129
1247.38	4.4925
1250.15	-7.53622
1252.92	8.43493
1255.69	14.406
1258.46	16.3769
1261.23	12.3478
1263.99	10.3185
1266.76	0.28917
1269.52	6.25972
1272.28	18.2302
1275.05	-5.79949
1277.81	12.1708
1280.57	20.1409
1283.33	2.111
1286.08	16.081
1288.84	8.05084
1291.6	10.0206
1294.35	19.9903
1297.11	17.9599
1299.86	13.9294
1302.61	9.89886
1305.36	5.86821
1308.11	15.8375
1310.86	5.80663
1313.61	15.7757
1316.36	15.7447
1319.1	15.7136
1321.85	17.6825
1324.59	21.6512
1327.33	7.61992
1330.08	3.58851
1332.82	7.55703
1335.56	3.52548
1338.3	9.49384
1341.04	1.46215
1343.77	5.43036
1346.51	21.3985
1349.25	31.3666
1351.98	21.3346
1354.71	1.30252
1357.45	13.2704
1360.18	13.2382
1362.91	1.2059
1365.64	1.17357
1368.37	11.1412
1371.09	9.10869
1373.82	1.07616
1376.54	-4.95642
1379.27	9.01092
1381.99	14.9782
1384.72	4.94541
1387.44	-3.08742
1390.16	10.8797
1392.88	2.84673
1395.6	14.8137
1398.31	12.7806
1401.03	6.74752
1403.75	24.7143
1406.46	4.6811
1409.18	0.647816
1411.89	4.61448
1414.6	12.5811
1417.31	12.5477
1420.02	-3.48581
1422.73	-7.51935
1425.44	18.4471
1428.15	-3.58655
1430.85	-3.62023
1433.56	22.3461
1436.26	4.31229
1438.97	24.2785
1441.67	4.24466
1444.37	4.21078
1447.07	2.17685
1449.77	26.1429
1452.47	2.10889
1455.16	16.0748
1457.86	12.0408
1460.56	-1.99336
1463.25	19.9725
1465.94	11.9383
1468.64	5.90409
1471.33	11.8699
1474.02	9.83556
1476.71	-6.19875
1479.4	9.76689
1482.09	19.7325
1484.77	-4.30187
1487.46	13.6637
1490.14	13.6292
1492.83	3.59476
1495.51	5.56025
1498.19	-4.47429
1500.87	11.4912
1503.55	11.4566
1506.23	9.42198
1508.91	7.38737
1511.59	15.3527
1514.27	13.3181
1516.94	7.2834
1519.62	11.2487
1522.29	3.21397
1524.96	7.17924
1527.63	7.1445
1530.3	9.10974
1532.97	13.075
1535.64	9.04017
1538.31	-2.99464
1540.98	2.97057
1543.64	6.93573
1546.31	16.9009
1548.97	14.8661
1551.63	2.83122
1554.3	6.79634
1556.96	14.7615
1559.62	0.726621
1562.28	10.6917
1564.94	8.65687
1567.59	16.622
1570.25	12.5871
1572.9	14.5522
1575.56	10.5173
1578.21	8.48243
1580.86	12.4475
1583.52	10.4126
1586.17	12.3778
1588.82	8.34285
1591.47	12.308
1594.11	12.2731
1596.76	0.238235
1599.41	12.2034
1602.05	8.16851
1604.69	4.13365
1607.34	4.0988
1609.98	16.064
1612.62	16.0291
1615.26	-2.0057
1617.9	17.9595
1620.54	-0.0753071
1623.18	3.88992
1625.81	3.85513
1628.45	11.8204
1631.08	3.78564
1633.72	7.75092
1636.35	-4.28379
1638.98	15.6815
1641.61	13.6468
1644.24	11.6122
1646.87	7.57752
1649.5	17.5429
1652.13	5.5083
1654.75	7.47371
1657.38	7.43916
1660	7.40461
1662.63	7.37011
1665.25	9.3356
1667.87	-14.6989
1670.49	9.2667
1673.11	-0.767709
1675.73	9.1979
1678.35	7.16354
1680.96	23.1292
1683.58	5.09492
1686.19	5.06064
1688.81	5.02639
1691.42	16.9922
1694.03	4.95799
1696.64	0.923856
1699.25	8.88975
1701.87	-3.14435
1704.47	4.82161
1707.08	14.7876
1709.69	4.75362
1712.29	-5.28032
1714.9	0.685775
1717.5	24.6519
1720.1	22.6181
1722.71	10.5843
1725.31	2.55057
1727.91	8.51685
1730.51	10.4832
1733.1	6.44958
1735.7	4.41598
1738.3	10.3824
1740.89	6.34896
1743.49	22.3155
1746.08	2.28211
1748.67	0.248748
1751.26	14.2155
1753.86	14.1822
1756.45	-1.85104
1759.03	14.1158
1761.62	6.08268
1764.21	8.04963
1766.8	12.0166
1769.38	5.98366
1771.97	-0.0492723
1774.55	15.9179
1777.13	11.8851
1779.71	1.85231
1782.29	19.8196
1784.87	7.78698
1787.45	7.75439
1790.03	13.7219
1792.61	11.6894
1795.18	-2.34302
1797.76	-0.375387
1800.33	13.5923
1802.9	3.56009
1805.48	5.52791
1808.05	5.4958
1810.62	-2.53626
1813.19	9.43175
1815.76	-2.60019
1818.33	21.3679
1820.89	-0.663867
1823.46	-8.69559
1826.02	-0.727275
1828.59	3.24113
1831.15	17.2096
1833.71	3.17811
1836.27	13.1467
1838.84	7.11537
1841.39	19.0841
1843.95	5.05291
1846.51	3.02178
1849.07	-3.00926
1851.62	6.95975
1854.18	6.92883
1856.73	2.898
1859.29	12.8672
1861.84	14.8365
1864.39	-1.19407
1866.94	2.77537
1869.49	-5.25509
1872.04	6.71452
1874.59	10.6842
1877.13	4.65397
1879.68	2.62383
1882.22	10.5937
1884.77	0.56374
1887.31	0.533833
1889.85	8.50398
1892.39	4.47423
1894.93	0.444566
1897.47	18.415
1900.01	30.3855
1902.55	0.356025
1905.09	8.32668
1907.62	2.29742
1910.16	8.26827
1912.69	-3.76083
1915.22	6.21017
1917.76	18.1813
1920.29	12.1524
1922.82	4.1237
1925.35	6.09504
1927.88	8.06648
1930.4	4.03801
1932.93	0.0096353
1935.46	11.9813
1937.98	13.9531
1940.51	-10.075
1943.03	5.89702
1945.55	1.86911
1948.07	7.84128
1950.59	11.8136
1953.11	-0.21409
1955.63	11.7584
1958.15	3.73093
1960.67	9.70359
1963.18	9.67634
1965.7	25.6492
1968.21	-6.37787
1970.73	3.59517
1973.24	5.5683
1975.75	3.54156
1978.26	17.5149
1980.77	13.4883
1983.28	5.46188
1985.79	13.4355
1988.29	1.40928
1990.8	-0.61688
1993.31	1.35708
1995.81	9.33114
1998.31	19.3053
