100.093	31.3048
103.274	11.4091
106.457	5.5126
109.636	17.6153
112.817	7.71739
115.994	3.81864
119.172	3.91922
122.347	22.019
125.521	12.118
128.696	18.2164
131.868	10.314
135.039	14.4109
138.209	6.50706
141.379	14.6026
144.547	4.69729
147.713	8.79131
150.879	4.88461
154.043	16.9772
157.206	15.0691
160.368	23.1603
163.529	-0.749171
166.689	1.34064
169.848	9.42976
173.006	19.5182
176.163	9.60595
179.316	9.69296
182.471	29.7793
185.625	11.8651
188.777	-6.0499
191.927	16.0344
195.077	12.1181
198.224	2.20109
201.372	12.2835
204.52	8.36517
207.664	0.446172
210.809	22.5266
213.95	20.6063
217.091	2.68532
220.233	2.76377
223.372	4.84153
226.509	-1.08135
229.648	10.9952
232.784	3.07103
235.918	19.1463
239.051	9.22084
242.186	-4.70515
245.317	-0.631814
248.447	27.4409
251.577	11.513
254.705	9.58448
257.832	13.6554
260.958	-2.27439
264.083	17.7953
267.204	17.8643
270.327	21.9327
273.449	18.0006
276.57	12.0678
279.69	10.1345
282.806	12.2005
285.924	14.2659
289.04	14.3308
292.154	32.3951
295.268	28.4588
298.379	26.5219
301.492	4.58449
304.601	10.6464
307.711	22.7079
310.818	4.76868
313.924	10.8289
317.031	8.88866
320.135	20.9478
323.238	29.0064
326.34	15.0644
329.443	-4.87811
332.543	19.1788
335.642	9.23517
338.74	11.291
341.836	11.3463
344.932	21.401
348.027	7.45523
351.12	3.5089
354.213	-0.43796
357.302	13.6146
360.393	9.6667
363.482	15.7183
366.57	5.7693
369.656	17.8198
372.742	7.86979
375.827	-2.08072
378.91	15.9682
381.993	12.0167
385.073	8.06463
388.154	8.11209
391.232	20.159
394.311	6.20548
397.387	2.25141
400.462	18.2968
403.536	-3.65821
406.611	0.386279
409.683	14.4302
412.754	10.4737
415.824	8.51674
418.893	12.5593
421.961	16.6013
425.027	10.6429
428.093	6.684
431.158	8.72463
434.222	8.7648
437.284	12.8045
440.346	-1.15626
443.407	0.882522
446.464	10.9208
449.523	0.958688
452.581	22.9961
455.635	9.03304
458.691	5.06956
461.743	-10.8944
464.797	5.14124
467.847	15.1764
470.899	7.21116
473.947	15.2454
476.994	7.27931
480.043	7.31276
483.088	3.34575
486.133	-2.62167
489.176	-2.58953
492.22	5.44222
495.262	-2.52647
498.302	21.5044
501.341	11.5349
504.38	5.56496
507.417	19.5946
510.453	7.62385
513.487	25.6527
516.521	11.6811
519.554	13.7091
522.586	-18.2632
525.616	5.76401
528.646	9.79085
531.675	9.81731
534.701	15.8434
537.729	7.86904
540.753	13.8943
543.778	-2.08078
546.8	13.9437
549.821	13.9679
552.844	7.99165
555.863	-1.98497
558.881	-1.96195
561.898	18.0607
564.916	10.083
567.932	-3.89509
570.946	8.12646
573.959	8.14765
576.971	10.1685
579.982	4.18896
582.993	10.2091
586	10.2289
589.008	14.2483
592.015	22.2674
595.022	18.2861
598.025	-7.69554
601.029	8.32251
604.032	12.3402
607.033	2.35759
610.034	12.3746
613.032	6.39133
616.032	-3.59229
619.028	0.423754
622.023	2.43947
625.018	16.4549
628.013	14.4699
631.005	8.4847
633.997	12.4991
636.987	12.5133
639.977	2.52708
642.965	6.54058
645.952	18.5538
648.939	4.56666
651.924	8.57924
654.909	24.5915
657.892	8.60351
660.873	10.6152
663.854	14.6266
666.835	12.6377
669.813	4.64847
672.791	16.659
675.767	6.6692
678.743	2.67914
681.717	4.6888
684.692	16.6982
687.664	0.707271
690.634	-1.28391
693.606	10.7246
696.575	6.73291
699.543	20.7409
702.51	-1.25136
705.475	4.7561
708.44	10.7633
711.404	18.7702
714.367	8.77691
717.329	4.78333
720.29	16.7895
723.25	20.7954
726.207	6.80105
729.166	14.8065
732.123	8.81162
735.077	2.81652
738.032	10.8212
740.984	6.82561
743.938	0.829794
746.888	10.8337
749.839	14.8374
752.788	16.8409
755.735	-1.15584
758.682	8.84716
761.627	10.8499
764.574	-3.1475
767.517	10.8548
770.46	12.8569
773.402	16.8588
776.342	4.86049
779.282	14.8619
782.219	16.8632
785.157	4.8642
788.094	16.865
791.029	4.86561
793.962	4.86601
796.896	18.8662
799.828	18.8662
802.76	24.866
805.689	0.865554
808.619	6.86494
811.546	34.8641
814.473	8.86313
817.4	4.86194
820.324	16.8606
823.248	16.859
826.17	4.85723
829.092	8.85529
832.012	18.8532
834.932	10.8509
837.851	4.84838
840.768	18.8457
843.685	10.8429
846.599	12.8399
849.514	8.8367
852.428	16.8333
855.339	6.82983
858.251	4.82615
861.16	18.8223
864.07	10.8183
866.978	20.8141
869.884	10.8098
872.792	0.805325
875.696	20.8007
878.599	8.7959
881.502	10.791
884.404	18.7859
887.304	4.78063
890.204	2.77525
893.103	-1.23028
896.001	18.7641
898.898	4.75825
901.794	16.7523
904.689	24.7462
907.581	8.74
910.474	10.7336
913.364	18.7272
916.256	12.7205
919.144	0.71381
922.034	4.70694
924.92	14.7
927.808	4.69284
930.693	8.6856
933.576	12.6783
936.459	6.67078
939.341	22.6632
942.222	10.6555
945.102	12.6477
947.981	10.6398
950.859	6.63174
953.737	0.6236
956.613	16.6154
959.488	10.607
962.361	4.59857
965.235	0.590019
968.105	10.5814
970.977	8.57263
973.846	14.5638
976.716	8.55487
979.583	-3.45415
982.449	18.5367
985.316	8.52754
988.18	2.51825
991.043	0.508885
993.906	-3.50057
996.767	8.4899
999.628	0.480285
1002.49	12.4706
1005.35	10.4608
1008.2	4.45098
1011.06	26.4411
1013.91	4.43108
1016.77	4.42102
1019.62	18.4109
1022.48	2.40071
1025.33	26.3905
1028.18	16.3801
1031.03	16.3698
1033.87	12.3593
1036.72	8.34881
1039.57	18.3383
1042.41	10.3276
1045.26	10.317
1048.1	2.30627
1050.94	12.2955
1053.78	12.2847
1056.62	14.2738
1059.46	26.2629
1062.3	10.252
1065.14	20.241
1067.97	6.22993
1070.81	2.21887
1073.64	14.2078
1076.47	10.1966
1079.31	10.1854
1082.14	-3.82579
1084.97	8.16296
1087.8	0.151691
1090.63	10.1404
1093.45	2.12906
1096.28	14.1177
1099.1	-1.89367
1101.93	10.0949
1104.75	8.08351
1107.57	2.07207
1110.39	10.0606
1113.21	2.04915
1116.03	20.0377
1118.85	2.02616
1121.66	12.0147
1124.48	10.0031
1127.3	9.99161
1130.11	-4.01993
1132.92	11.9685
1135.73	13.957
1138.54	9.94546
1141.35	-0.0660872
1144.16	11.9224
1146.97	-2.08918
1149.78	7.89928
1152.58	9.88776
1155.39	9.87623
1158.19	21.8647
1161	19.8532
1163.8	5.84172
1166.6	19.8302
1169.4	-6.18124
1172.2	5.80731
1174.99	5.79588
1177.79	11.7845
1180.59	-0.226931
1183.38	15.7617
1186.17	7.75034
1188.97	3.73901
1191.76	1.72771
1194.55	5.71644
1197.34	3.7052
1200.13	9.69398
1202.92	9.6828
1205.7	15.6717
1208.49	9.66054
1211.27	-2.35054
1214.06	15.6384
1216.84	21.6274
1219.62	13.6165
1222.4	17.6055
1225.18	13.5947
1227.96	3.58382
1230.74	9.57303
1233.51	21.5623
1236.29	21.5516
1239.06	9.54096
1241.84	-0.469632
1244.61	27.5198
1247.38	-4.49065
1250.15	-8.50107
1252.92	7.48855
1255.69	7.47824
1258.46	-0.53201
1261.23	11.4578
1263.99	5.44767
1266.76	-16.5624
1269.52	5.4276
1272.28	11.4177
1275.05	21.4078
1277.81	9.39801
1280.57	5.38828
1283.33	9.37863
1286.08	3.36905
1288.84	11.3595
1291.6	5.35011
1294.35	21.3408
1297.11	-12.6685
1299.86	7.32229
1302.61	15.3132
1305.36	9.30415
1308.11	1.2952
1310.86	5.28634
1313.61	21.2776
1316.36	19.2689
1319.1	13.2603
1321.85	5.25177
1324.59	17.2434
1327.33	13.235
1330.08	3.2268
1332.82	13.2187
1335.56	7.21063
1338.3	5.20269
1341.04	13.1949
1343.77	3.18712
1346.51	11.1795
1349.25	15.172
1351.98	1.16453
1354.71	-0.842799
1357.45	7.14999
1360.18	9.14288
1362.91	-0.864119
1365.64	9.12899
1368.37	5.12222
1371.09	17.1156
1373.82	3.10901
1376.54	7.10259
1379.27	7.09627
1381.99	1.09008
1384.72	-0.915999
1387.44	3.07805
1390.16	11.0722
1392.88	-4.93349
1395.6	5.06092
1398.31	17.0555
1401.03	9.05013
1403.75	7.04493
1406.46	1.03985
1409.18	13.0349
1411.89	23.0301
1414.6	1.02542
1417.31	19.0209
1420.02	9.01646
1422.73	-2.98781
1425.44	17.0081
1428.15	11.0041
1430.85	9.0002
1433.56	-1.00351
1436.26	0.992914
1438.97	20.9895
1441.67	8.9862
1444.37	16.9831
1447.07	4.98008
1449.77	2.97724
1452.47	2.97454
1455.16	8.972
1457.86	4.96961
1460.56	6.96737
1463.25	8.96529
1465.94	10.9634
1468.64	2.9616
1471.33	6.95998
1474.02	8.95853
1476.71	-1.04276
1479.4	14.9561
1482.09	-1.04487
1484.77	18.9543
1487.46	-3.04632
1490.14	8.95321
1492.83	12.9529
1495.51	2.95275
1498.19	-13.0472
1500.87	8.95298
1503.55	0.953346
1506.23	2.95389
1508.91	4.9546
1511.59	18.9555
1514.27	16.9566
1516.94	2.9578
1519.62	10.9592
1522.29	16.9608
1524.96	14.9626
1527.63	2.96455
1530.3	0.966693
1532.97	10.969
1535.64	2.97153
1538.31	8.97422
1540.98	-7.0229
1543.64	2.98017
1546.31	2.98343
1548.97	2.98688
1551.63	16.9905
1554.3	6.99435
1556.96	10.9984
1559.62	7.00259
1562.28	3.00701
1564.94	11.0116
1567.59	21.0164
1570.25	-14.9786
1572.9	1.02663
1575.56	1.03204
1578.21	15.0376
1580.86	3.04345
1583.52	15.0495
1586.17	21.0557
1588.82	15.0621
1591.47	1.06874
1594.11	7.07557
1596.76	11.0826
1599.41	-16.9101
1602.05	13.0973
1604.69	15.105
1607.34	11.1129
1609.98	3.12102
1612.62	5.12934
1615.26	3.13787
1617.9	5.14662
1620.54	11.1556
1623.18	17.1648
1625.81	5.1742
1628.45	1.18382
1631.08	13.1937
1633.72	13.2037
1636.35	11.214
1638.98	-0.775431
1641.61	-0.764682
1644.24	5.24629
1646.87	-6.7425
1649.5	1.26893
1652.13	7.28059
1654.75	3.29249
1657.38	7.30461
1660	11.317
1662.63	11.3296
1665.25	7.34239
1667.87	1.35545
1670.49	3.36875
1673.11	15.3823
1675.73	15.3961
1678.35	7.41007
1680.96	9.42432
1683.58	5.43881
1686.19	3.45355
1688.81	3.46853
1691.42	7.48375
1694.03	3.49922
1696.64	21.5149
1699.25	1.53089
1701.87	-0.45289
1704.47	3.56357
1707.08	11.5803
1709.69	7.59723
1712.29	5.61444
1714.9	7.63191
1717.5	1.64961
1720.1	5.66759
1722.71	17.6858
1725.31	9.70429
1727.91	-2.27696
1730.51	5.74203
1733.1	15.7613
1735.7	15.7808
1738.3	-4.19943
1740.89	5.82061
1743.49	11.8409
1746.08	15.8615
1748.67	7.8823
1751.26	5.90338
1753.86	21.9247
1756.45	-0.0536262
1759.03	15.9683
1761.62	17.9904
1764.21	4.01285
1766.8	4.03555
1769.38	2.05851
1771.97	14.0818
1774.55	-3.89471
1777.13	14.1291
1779.71	6.15314
1782.29	6.17747
1784.87	20.2021
1787.45	20.227
1790.03	28.2522
1792.61	6.27761
1795.18	14.3033
1797.76	22.3294
1800.33	20.3556
1802.9	6.38222
1805.48	12.4091
1808.05	6.43621
1810.62	14.4636
1813.19	-7.50864
1815.76	16.5194
1818.33	-1.45235
1820.89	10.5762
1823.46	12.6051
1826.02	4.63425
1828.59	10.6637
1831.15	10.6934
1833.71	12.7235
1836.27	2.75378
1838.84	10.7844
1841.39	0.815297
1843.95	-7.1535
1846.51	-1.12199
1849.07	12.9098
1851.62	14.9419
1854.18	14.9743
1856.73	-0.993019
1859.29	5.03999
1861.84	13.0733
1864.39	7.10687
1866.94	1.14078
1869.49	3.17499
1872.04	-0.790507
1874.59	9.24431
1877.13	9.27943
1879.68	25.3148
1882.22	-0.649424
1884.77	5.38663
1887.31	15.423
1889.85	3.45963
1892.39	17.4966
1894.93	13.5339
1897.47	-0.42852
1900.01	13.6094
1902.55	11.6476
1905.09	19.6861
1907.62	3.72499
1910.16	9.76413
1912.69	23.8036
1915.22	7.84342
1917.76	13.8835
1920.29	9.92397
1922.82	11.9647
1925.35	26.0058
1927.88	2.0472
1930.4	10.0889
1932.93	-5.86905
1935.46	16.1733
1937.98	12.216
1940.51	6.25902
1943.03	0.30236
1945.55	16.346
1948.07	20.39
1950.59	24.4343
1953.11	14.479
1955.63	-1.47607
1958.15	16.5692
1960.67	10.6149
1963.18	0.660822
1965.7	20.7071
1968.21	16.7538
1970.73	12.8007
1973.24	22.848
1975.75	2.89564
1978.26	10.9436
1980.77	16.9919
1983.28	15.0406
1985.79	11.0895
1988.29	21.1388
1990.8	9.18852
1993.31	23.2385
1995.81	19.2888
1998.31	9.33948
