100.093	17.7982
103.274	7.83065
106.457	9.86294
109.636	3.89506
112.817	13.927
115.994	-0.0411677
119.172	27.9905
122.347	-3.97803
125.521	28.0533
128.696	8.08446
131.868	2.11546
135.039	8.1463
138.209	8.17699
141.379	12.2075
144.547	16.2379
147.713	14.2681
150.879	-5.70183
154.043	16.3281
157.206	6.35782
160.368	14.3874
163.529	24.4168
166.689	12.4461
169.848	20.4752
173.006	8.5042
176.163	-3.46698
179.316	20.5617
182.471	16.5902
185.625	4.61852
188.777	10.6467
191.927	16.6748
195.077	22.7026
198.224	10.7304
201.372	14.758
204.52	4.78541
207.664	10.8127
210.809	12.8398
213.95	-3.13321
217.091	14.8936
220.233	-1.07971
223.372	-7.05319
226.509	20.9732
229.648	0.999426
232.784	17.0255
235.918	19.0514
239.051	7.0772
242.186	-0.89715
245.317	17.1283
248.447	25.1537
251.577	11.1789
254.705	13.2039
257.832	3.22879
260.958	19.2535
264.083	3.27814
267.204	9.30259
270.327	7.3269
273.449	15.3511
276.57	21.3751
279.69	13.399
282.806	5.42269
285.924	3.44628
289.04	33.4697
292.154	9.49302
295.268	9.51618
298.379	-0.460814
301.492	17.5621
304.601	13.5848
307.711	25.6074
310.818	-4.37018
313.924	1.65211
317.031	17.6743
320.135	11.6963
323.238	23.7182
326.34	17.7399
329.443	5.76152
332.543	7.78297
335.642	9.80429
338.74	21.8255
341.836	27.8465
344.932	13.8674
348.027	13.8882
351.12	15.9088
354.213	5.92929
357.302	5.94963
360.393	-4.03016
363.482	3.98992
366.57	12.0099
369.656	10.0297
372.742	8.04932
375.827	2.06886
378.91	14.0882
381.993	8.10751
385.073	0.126625
388.154	16.1456
391.232	12.1645
394.311	10.1832
397.387	8.20178
400.462	18.2202
403.536	18.2385
406.611	0.256738
409.683	2.27479
412.754	10.2927
415.824	6.31049
418.893	12.3281
421.961	14.3457
425.027	-5.63693
428.093	10.3803
431.158	16.3975
434.222	8.41446
437.284	14.4313
440.346	2.44807
443.407	10.4647
446.464	-5.51884
449.523	12.4975
452.581	12.5137
455.635	4.52983
458.691	20.5458
461.743	12.5616
464.797	16.5773
467.847	14.5929
470.899	0.608374
473.947	-1.3763
476.994	-1.36111
480.043	14.654
483.088	16.6689
486.133	6.68373
489.176	20.6984
492.22	4.713
495.262	8.72745
498.302	32.7418
501.341	6.75596
504.38	6.77003
507.417	8.78397
510.453	4.7978
513.487	16.8115
516.521	0.825062
519.554	6.83851
522.586	6.85184
525.616	10.865
528.646	10.8781
531.675	4.89109
534.701	16.9039
537.729	14.9166
540.753	4.92924
543.778	-1.05828
546.8	2.95407
549.821	6.9663
552.844	0.97842
555.863	0.990411
558.881	23.0023
561.898	-2.98597
564.916	-8.97433
567.932	-2.96281
570.946	3.04858
573.959	1.05986
576.971	7.07102
579.982	5.08206
582.993	5.09299
586	13.1038
589.008	3.11448
592.015	17.1251
595.022	19.1355
598.025	17.1458
601.029	17.1561
604.032	7.16618
607.033	5.17616
610.034	5.18604
613.032	9.1958
616.032	9.20545
619.028	3.21497
622.023	9.22439
625.018	7.23369
628.013	1.24288
631.005	-4.74805
633.997	11.2609
636.987	-0.730246
639.977	5.27849
642.965	7.28711
645.952	-2.70439
648.939	9.30401
651.924	13.3123
654.909	-4.67953
657.892	15.3285
660.873	5.33647
663.854	21.3443
666.835	3.35204
669.813	5.35965
672.791	5.36716
675.767	9.37456
678.743	19.3818
681.717	5.38902
684.692	17.3961
687.664	11.403
690.634	15.4099
693.606	31.4166
696.575	13.4233
699.543	5.42979
702.51	19.4362
705.475	17.4425
708.44	15.4487
711.404	3.4548
714.367	5.46079
717.329	5.46667
720.29	11.4724
723.25	1.47811
726.207	9.48366
729.166	11.4891
732.123	3.49447
735.077	11.4997
738.032	5.50485
740.984	9.50988
743.938	5.51481
746.888	11.5196
749.839	9.52436
752.788	5.52897
755.735	13.5335
758.682	-2.46211
761.627	19.5422
764.574	1.5464
767.517	21.5505
770.46	21.5545
773.402	5.55839
776.342	11.5622
779.282	25.5659
782.219	17.5695
785.157	-2.42705
788.094	7.57633
791.029	9.57962
793.962	21.5828
796.896	3.58589
799.828	11.5889
802.76	1.59175
805.689	13.5945
808.619	13.5972
811.546	19.5998
814.473	15.6023
817.4	-4.39532
820.324	27.607
823.248	7.60915
826.17	1.61124
829.092	19.6132
832.012	9.61513
834.932	5.61693
837.851	11.6186
840.768	7.62023
843.685	15.6217
846.599	19.6231
849.514	19.6245
852.428	13.6257
855.339	11.6268
858.251	25.6278
861.16	5.62875
864.07	17.6296
866.978	7.63032
869.884	21.631
872.792	-6.36849
875.696	-0.368039
878.599	25.6323
881.502	11.6326
884.404	15.6328
887.304	15.6328
890.204	13.6328
893.103	15.6327
896.001	13.6325
898.898	9.63221
901.794	-6.36818
904.689	15.6313
907.581	7.63077
910.474	17.6301
913.364	7.62935
916.256	1.6285
919.144	17.6276
922.034	19.6265
924.92	7.62541
927.808	7.6242
930.693	13.6229
933.576	3.62151
936.459	13.62
939.341	-2.38155
942.222	13.6168
945.102	-8.38496
947.981	3.6132
950.859	19.6113
953.737	3.60925
956.613	11.6071
959.488	-6.39505
962.361	3.60266
965.235	-8.39971
968.105	7.59783
970.977	9.59529
973.846	21.5927
976.716	5.58993
979.583	9.58712
982.449	17.5842
985.316	13.5812
988.18	7.57818
991.043	-4.42498
993.906	19.5718
996.767	19.5685
999.628	3.56505
1002.49	1.56155
1005.35	15.558
1008.2	13.5543
1011.06	9.55055
1013.91	21.5467
1016.77	23.5428
1019.62	7.53879
1022.48	11.5347
1025.33	9.53053
1028.18	11.5263
1031.03	9.52194
1033.87	11.5175
1036.72	7.51301
1039.57	7.50842
1042.41	-0.496245
1045.26	5.499
1048.1	3.49417
1050.94	13.4893
1053.78	17.4843
1056.62	19.4792
1059.46	13.474
1062.3	17.4688
1065.14	-2.53655
1067.97	11.458
1070.81	25.4526
1073.64	5.447
1076.47	31.4414
1079.31	11.4356
1082.14	21.4298
1084.97	7.42394
1087.8	-2.58202
1090.63	5.41194
1093.45	7.40582
1096.28	21.3996
1099.1	15.3933
1101.93	15.387
1104.75	3.38055
1107.57	-0.625968
1110.39	1.36744
1113.21	23.3608
1116.03	-2.64597
1118.85	3.3472
1121.66	9.3403
1124.48	1.33332
1127.3	5.32627
1130.11	11.3191
1132.92	1.31193
1135.73	3.30465
1138.54	-0.702705
1141.35	13.2899
1144.16	11.2823
1146.97	15.2748
1149.78	19.2671
1152.58	11.2594
1155.39	-6.74844
1158.19	-2.75633
1161	23.2357
1163.8	11.2277
1166.6	9.21957
1169.4	5.21139
1172.2	7.20314
1174.99	7.1948
1177.79	13.1864
1180.59	17.1779
1183.38	11.1694
1186.17	1.16076
1188.97	7.15206
1191.76	9.1433
1194.55	17.1345
1197.34	11.1256
1200.13	31.1166
1202.92	11.1075
1205.7	17.0984
1208.49	7.08919
1211.27	17.0799
1214.06	5.07059
1216.84	11.0612
1219.62	23.0517
1222.4	5.04214
1225.18	-2.96747
1227.96	11.0228
1230.74	21.0131
1233.51	-0.996757
1236.29	8.99334
1239.06	-3.01663
1241.84	2.97334
1244.61	-7.03677
1247.38	0.953051
1250.15	16.9428
1252.92	0.932496
1255.69	8.92211
1258.46	18.9117
1261.23	14.9011
1263.99	-1.10944
1266.76	18.8799
1269.52	12.8692
1272.28	2.8584
1275.05	4.84754
1277.81	12.8366
1280.57	20.8256
1283.33	-11.1854
1286.08	-7.19654
1288.84	20.7923
1291.6	12.781
1294.35	0.769697
1297.11	14.7583
1299.86	-3.25313
1302.61	6.73535
1305.36	8.72377
1308.11	8.71212
1310.86	16.7004
1313.61	8.68864
1316.36	8.6768
1319.1	8.66489
1321.85	-9.34707
1324.59	14.6409
1327.33	6.6288
1330.08	16.6166
1332.82	16.6044
1335.56	8.59213
1338.3	20.5798
1341.04	8.56737
1343.77	-13.4451
1346.51	22.5424
1349.25	10.5298
1351.98	4.5171
1354.71	8.50437
1357.45	22.4916
1360.18	14.4787
1362.91	4.46582
1365.64	8.45285
1368.37	14.4398
1371.09	10.4267
1373.82	6.41357
1376.54	12.4004
1379.27	0.38708
1381.99	12.3737
1384.72	12.3603
1387.44	28.3469
1390.16	6.33337
1392.88	8.31979
1395.6	24.3062
1398.31	4.29246
1401.03	16.2787
1403.75	2.26489
1406.46	14.251
1409.18	8.23708
1411.89	18.2231
1414.6	14.209
1417.31	6.19494
1420.02	12.1808
1422.73	26.1665
1425.44	6.15226
1428.15	28.1379
1430.85	28.1235
1433.56	14.1091
1436.26	12.0946
1438.97	10.08
1441.67	4.06536
1444.37	-13.9493
1447.07	2.03594
1449.77	6.02115
1452.47	2.00629
1455.16	3.99138
1457.86	21.9764
1460.56	17.9614
1463.25	3.94632
1465.94	3.93119
1468.64	19.916
1471.33	13.9008
1474.02	-2.11454
1476.71	9.87011
1479.4	11.8547
1482.09	19.8392
1484.77	17.8237
1487.46	29.8082
1490.14	3.79253
1492.83	1.77685
1495.51	5.76112
1498.19	13.7453
1500.87	11.7295
1503.55	-2.2864
1506.23	1.69765
1508.91	11.6817
1511.59	1.6656
1514.27	9.6495
1516.94	23.6333
1519.62	11.6171
1522.29	3.60087
1524.96	19.5846
1527.63	3.56819
1530.3	-2.44823
1532.97	3.5353
1535.64	3.51878
1538.31	21.5022
1540.98	9.48559
1543.64	11.4689
1546.31	15.4522
1548.97	7.4354
1551.63	15.4186
1554.3	23.4017
1556.96	17.3848
1559.62	7.36779
1562.28	1.35076
1564.94	3.33369
1567.59	9.31656
1570.25	3.29938
1572.9	25.2821
1575.56	7.26487
1578.21	23.2475
1580.86	-2.76983
1583.52	15.2127
1586.17	-2.80473
1588.82	15.1777
1591.47	23.1602
1594.11	3.14256
1596.76	1.1249
1599.41	-2.89282
1602.05	3.08942
1604.69	11.0716
1607.34	-4.94625
1609.98	7.03584
1612.62	23.0179
1615.26	2.99988
1617.9	16.9818
1620.54	18.9637
1623.18	6.94561
1625.81	6.92741
1628.45	0.909183
1631.08	20.8909
1633.72	2.87258
1636.35	2.85421
1638.98	6.83579
1641.61	26.8173
1644.24	4.79881
1646.87	18.7803
1649.5	4.76165
1652.13	16.743
1654.75	10.7243
1657.38	16.7056
1660	16.6868
1662.63	0.667976
1665.25	0.649097
1667.87	0.630184
1670.49	24.6112
1673.11	6.59222
1675.73	8.57318
1678.35	-1.44592
1680.96	8.53495
1683.58	10.5158
1686.19	10.4966
1688.81	18.4773
1691.42	6.45798
1694.03	20.4386
1696.64	8.41923
1699.25	18.3998
1701.87	4.38031
1704.47	8.36079
1707.08	2.34123
1709.69	10.3216
1712.29	18.302
1714.9	10.2823
1717.5	-3.73745
1720.1	4.24278
1722.71	4.22295
1725.31	6.2031
1727.91	4.1832
1730.51	2.16326
1733.1	6.14329
1735.7	14.1233
1738.3	8.10319
1740.89	-3.91691
1743.49	2.06295
1746.08	12.0428
1748.67	16.0225
1751.26	18.0023
1753.86	7.98197
1756.45	9.96162
1759.03	5.94125
1761.62	5.92082
1764.21	7.90036
1766.8	15.8799
1769.38	23.8593
1771.97	1.83873
1774.55	5.81811
1777.13	3.79745
1779.71	-0.223249
1782.29	5.75603
1784.87	15.7352
1787.45	1.71443
1790.03	17.6936
1792.61	23.6727
1795.18	9.65177
1797.76	17.6308
1800.33	11.6098
1802.9	11.5888
1805.48	-2.43231
1808.05	7.54657
1810.62	29.5254
1813.19	17.5042
1815.76	1.483
1818.33	19.4617
1820.89	5.44043
1823.46	-0.580898
1826.02	7.39772
1828.59	21.3763
1831.15	11.3549
1833.71	-0.666613
1836.27	1.31187
1838.84	17.2903
1841.39	17.2687
1843.95	13.2471
1846.51	25.2254
1849.07	-0.796238
1851.62	7.18203
1854.18	17.1603
1856.73	7.13846
1859.29	-10.8834
1861.84	15.0948
1864.39	23.0729
1866.94	1.05091
1869.49	11.0289
1872.04	19.0069
1874.59	16.9849
1877.13	-5.03719
1879.68	16.9407
1882.22	4.91856
1884.77	4.89638
1887.31	20.8742
1889.85	12.8519
1892.39	8.82966
1894.93	18.8074
1897.47	6.785
1900.01	8.76262
1902.55	6.74021
1905.09	2.71777
1907.62	16.6953
1910.16	6.6728
1912.69	4.65026
1915.22	8.62768
1917.76	14.6051
1920.29	12.5824
1922.82	12.5598
1925.35	12.5371
1927.88	4.51434
1930.4	-7.50841
1932.93	2.46879
1935.46	26.446
1937.98	12.4231
1940.51	20.4002
1943.03	16.3773
1945.55	16.3544
1948.07	6.33137
1950.59	14.3084
1953.11	10.2853
1955.63	24.2623
1958.15	6.23916
1960.67	16.216
1963.18	8.19287
1965.7	8.16967
1968.21	4.14645
1970.73	2.1232
1973.24	14.0999
1975.75	16.0766
1978.26	12.0533
1980.77	0.0299052
1983.28	0.00649687
1985.79	19.9831
1988.29	5.95962
1990.8	7.93612
1993.31	-20.0874
1995.81	11.8891
1998.31	1.86551
