100.093	9.40214
103.274	5.40484
106.457	21.4074
109.636	27.4099
112.817	13.4123
115.994	11.4146
119.172	29.4168
122.347	11.419
125.521	1.42097
128.696	5.42288
131.868	13.4247
135.039	21.4264
138.209	13.428
141.379	19.4296
144.547	15.431
147.713	7.43233
150.879	7.43357
154.043	19.4347
157.206	-6.56424
160.368	-2.56329
163.529	3.43757
166.689	21.4383
169.848	31.439
173.006	17.4396
176.163	23.44
179.316	7.44043
182.471	15.4407
185.625	9.44091
188.777	-6.55899
191.927	7.44102
195.077	7.44093
198.224	25.4408
201.372	3.44048
204.52	13.4401
207.664	-8.56034
210.809	1.4391
213.95	7.43846
217.091	3.43773
220.233	11.4369
223.372	7.43598
226.509	13.435
229.648	11.4339
232.784	17.4327
235.918	31.4314
239.051	5.43001
242.186	9.42854
245.317	23.427
248.447	21.4253
251.577	17.4236
254.705	23.4218
257.832	7.41985
260.958	11.4178
264.083	31.4157
267.204	11.4136
270.327	9.41128
273.449	23.4089
276.57	13.4065
279.69	21.4039
282.806	-2.59871
285.924	19.3986
289.04	19.3958
292.154	9.39286
295.268	15.3899
298.379	31.3868
301.492	1.38364
304.601	15.3804
307.711	21.3771
310.818	17.3736
313.924	-6.62987
317.031	15.3665
320.135	11.3629
323.238	13.3591
326.34	21.3552
329.443	21.3513
332.543	27.3473
335.642	7.34316
338.74	23.339
341.836	19.3347
344.932	11.3303
348.027	11.3259
351.12	3.32132
354.213	19.3167
357.302	11.312
360.393	29.3072
363.482	3.30233
366.57	5.29737
369.656	23.2923
372.742	21.2872
375.827	11.282
378.91	9.27669
381.993	17.2713
385.073	11.2659
388.154	7.26031
391.232	1.25469
394.311	15.249
397.387	13.2432
400.462	9.23731
403.536	-0.768639
406.611	7.22532
409.683	11.2192
412.754	19.213
415.824	27.2067
418.893	1.20036
421.961	15.1939
425.027	29.1874
428.093	5.18078
431.158	5.1741
434.222	17.1673
437.284	-16.8395
440.346	1.15355
443.407	-0.853455
446.464	19.1395
449.523	11.1323
452.581	11.125
455.635	9.11772
458.691	15.1103
461.743	-0.897167
464.797	11.0953
467.847	5.08763
470.899	-4.9201
473.947	7.07211
476.994	7.06423
480.043	11.0563
483.088	25.0482
486.133	-2.95987
489.176	-4.96806
492.22	15.0237
495.262	9.01533
498.302	13.0069
501.341	-3.00159
504.38	18.9898
507.417	-11.0188
510.453	14.9725
513.487	10.9637
516.521	18.9548
519.554	-5.05418
522.586	22.9368
525.616	16.9277
528.646	0.918497
531.675	4.90924
534.701	-5.1001
537.729	4.89049
540.753	26.881
543.778	-3.12855
546.8	2.86181
549.821	20.8521
552.844	22.8423
555.863	12.8325
558.881	-5.17747
561.898	8.81253
564.916	2.80244
567.932	22.7923
570.946	-1.21794
573.959	2.77176
576.971	4.76139
579.982	8.75094
582.993	8.74042
586	4.72984
589.008	4.71917
592.015	2.70843
595.022	-3.30238
598.025	10.6867
601.029	26.6758
604.032	-3.33525
607.033	4.65366
610.034	22.6425
613.032	0.63125
616.032	16.6199
619.028	-5.39145
622.023	8.5971
625.018	12.5856
628.013	22.574
631.005	4.56231
633.997	6.55058
636.987	-11.4612
639.977	0.526892
642.965	8.51495
645.952	28.5029
648.939	-1.50916
651.924	0.478683
654.909	4.46645
657.892	4.45416
660.873	2.4418
663.854	0.429364
666.835	8.41686
669.813	10.4043
672.791	24.3916
675.767	14.3789
678.743	8.36617
681.717	16.3533
684.692	8.34041
687.664	18.3274
690.634	6.31438
693.606	6.30126
696.575	8.28808
699.543	14.2748
702.51	6.26151
705.475	6.24813
708.44	-9.76532
711.404	24.2212
714.367	2.20757
717.329	2.19392
720.29	22.1802
723.25	8.16642
726.207	12.1526
729.166	26.1387
732.123	28.1247
735.077	14.1106
738.032	-1.90349
740.984	0.0823375
743.938	10.0681
746.888	18.0538
749.839	16.0394
752.788	12.025
755.735	32.0105
758.682	-0.00409588
761.627	19.9813
764.574	7.96657
767.517	3.95181
770.46	13.937
773.402	31.9221
776.342	27.9071
779.282	3.89213
782.219	11.8771
785.157	11.8619
788.094	5.8467
791.029	19.8314
793.962	-0.183891
796.896	5.80071
799.828	25.7853
802.76	19.7697
805.689	3.75416
808.619	19.7385
811.546	15.7228
814.473	-0.292961
817.4	11.6912
820.324	-4.32469
823.248	23.6594
826.17	29.6433
829.092	9.62727
832.012	15.6111
834.932	15.5949
837.851	11.5787
840.768	19.5624
843.685	21.546
846.599	-2.47046
849.514	-2.48697
852.428	7.49647
855.339	13.4798
858.251	21.4632
861.16	15.4464
864.07	15.4296
866.978	23.4128
869.884	29.3958
872.792	13.3789
875.696	5.36182
878.599	-0.655278
881.502	13.3276
884.404	15.3104
887.304	-8.70692
890.204	-4.72426
893.103	7.25835
896.001	15.2409
898.898	9.22338
901.794	19.2058
904.689	1.18819
907.581	-6.82949
910.474	19.1528
913.364	13.135
916.256	11.1171
919.144	15.0992
922.034	17.0812
924.92	11.0632
927.808	7.04511
930.693	5.02698
933.576	15.0088
936.459	-1.00947
939.341	10.9722
942.222	0.95385
945.102	4.93543
947.981	18.9169
950.859	0.898409
953.737	6.87982
956.613	2.86117
959.488	28.8425
962.361	4.82371
965.235	0.804891
968.105	6.78603
970.977	8.7671
973.846	2.74813
976.716	18.7291
979.583	6.71
982.449	14.6909
985.316	22.6717
988.18	10.6524
991.043	2.6331
993.906	6.61374
996.767	20.5943
999.628	4.57486
1002.49	18.5553
1005.35	20.5358
1008.2	12.5161
1011.06	-1.50355
1013.91	16.4767
1016.77	20.4569
1019.62	-3.56292
1022.48	12.4172
1025.33	10.3972
1028.18	12.3772
1031.03	8.35718
1033.87	4.33708
1036.72	16.3169
1039.57	4.2967
1042.41	4.27644
1045.26	20.2561
1048.1	30.2358
1050.94	8.21534
1053.78	6.19487
1056.62	22.1743
1059.46	16.1538
1062.3	16.1331
1065.14	14.1125
1067.97	6.09175
1070.81	16.071
1073.64	12.0501
1076.47	6.02927
1079.31	10.0083
1082.14	5.98736
1084.97	17.9663
1087.8	11.9452
1090.63	3.92411
1093.45	9.90293
1096.28	27.8817
1099.1	13.8604
1101.93	21.8391
1104.75	-2.18229
1107.57	17.7963
1110.39	17.7748
1113.21	-4.24672
1116.03	17.7317
1118.85	13.7101
1121.66	-0.311598
1124.48	23.6667
1127.3	9.64491
1130.11	5.62308
1132.92	15.6012
1135.73	19.5793
1138.54	17.5573
1141.35	7.53532
1144.16	9.51325
1146.97	1.49114
1149.78	3.46898
1152.58	-12.5532
1155.39	17.4245
1158.19	9.40223
1161	13.3799
1163.8	13.3575
1166.6	-6.66495
1169.4	5.31255
1172.2	-2.70998
1174.99	21.2674
1177.79	15.2448
1180.59	7.22214
1183.38	19.1994
1186.17	7.17664
1188.97	5.15383
1191.76	13.131
1194.55	5.10806
1197.34	-4.91489
1200.13	7.06211
1202.92	29.0391
1205.7	17.016
1208.49	18.9928
1211.27	6.96966
1214.06	4.94644
1216.84	6.92317
1219.62	20.8999
1222.4	4.87649
1225.18	24.8531
1227.96	8.82964
1230.74	14.8061
1233.51	20.7826
1236.29	12.759
1239.06	-5.26461
1241.84	2.71172
1244.61	18.688
1247.38	18.6642
1250.15	0.640446
1252.92	20.6166
1255.69	14.5927
1258.46	14.5688
1261.23	18.5448
1263.99	14.5208
1266.76	2.4967
1269.52	16.4726
1272.28	2.44845
1275.05	12.4242
1277.81	-7.59999
1280.57	4.37573
1283.33	20.3514
1286.08	-3.67296
1288.84	10.3026
1291.6	20.2782
1294.35	8.25369
1297.11	-1.77083
1299.86	22.2046
1302.61	14.18
1305.36	10.1553
1308.11	2.1306
1310.86	8.10587
1313.61	8.08109
1316.36	0.0562507
1319.1	16.0314
1321.85	6.00648
1324.59	-4.01846
1327.33	9.95655
1330.08	11.9315
1332.82	7.90644
1335.56	13.8813
1338.3	-0.14383
1341.04	19.831
1343.77	5.80575
1346.51	19.7805
1349.25	-0.244836
1351.98	15.7298
1354.71	3.70441
1357.45	3.67898
1360.18	29.6535
1362.91	3.62799
1365.64	43.6024
1368.37	15.5768
1371.09	21.5512
1373.82	7.52554
1376.54	5.49985
1379.27	19.4741
1381.99	19.4483
1384.72	19.4225
1387.44	5.39661
1390.16	11.3707
1392.88	19.3448
1395.6	27.3188
1398.31	25.2928
1401.03	15.2667
1403.75	11.2406
1406.46	13.2145
1409.18	33.1883
1411.89	29.1621
1414.6	11.1358
1417.31	9.10956
1420.02	-0.916769
1422.73	15.0569
1425.44	7.03046
1428.15	31.004
1430.85	12.9776
1433.56	2.95105
1436.26	-5.07551
1438.97	8.89792
1441.67	-9.1287
1444.37	8.84464
1447.07	22.818
1449.77	0.791221
1452.47	32.7645
1455.16	18.7376
1457.86	-7.2892
1460.56	12.6839
1463.25	10.657
1465.94	10.6301
1468.64	-9.39692
1471.33	-7.42393
1474.02	26.549
1476.71	26.5219
1479.4	-5.50522
1482.09	14.4676
1484.77	8.44042
1487.46	6.41319
1490.14	0.385923
1492.83	16.3586
1495.51	24.3313
1498.19	2.3039
1500.87	24.2765
1503.55	14.2491
1506.23	16.2216
1508.91	22.1941
1511.59	-1.83348
1514.27	-1.86106
1516.94	20.1113
1519.62	2.08367
1522.29	8.05599
1524.96	34.0283
1527.63	18.0005
1530.3	9.97274
1532.97	7.94492
1535.64	1.91706
1538.31	-4.11083
1540.98	11.8613
1543.64	17.8333
1546.31	3.80533
1548.97	1.7773
1551.63	-4.25074
1554.3	3.72116
1556.96	19.693
1559.62	15.6649
1562.28	9.63672
1564.94	-0.391495
1567.59	15.5803
1570.25	29.552
1572.9	15.5237
1575.56	21.4953
1578.21	15.4669
1580.86	-2.56148
1583.52	7.41007
1586.17	29.3816
1588.82	13.3531
1591.47	3.32456
1594.11	11.296
1596.76	3.2674
1599.41	39.2388
1602.05	21.2101
1604.69	13.1814
1607.34	9.15268
1609.98	3.12392
1612.62	19.0951
1615.26	31.0663
1617.9	15.0375
1620.54	13.0086
1623.18	8.97966
1625.81	2.95071
1628.45	24.9217
1631.08	18.8927
1633.72	16.8637
1636.35	12.8346
1638.98	18.8056
1641.61	10.7764
1644.24	10.7473
1646.87	0.718082
1649.5	22.6889
1652.13	36.6596
1654.75	-5.36965
1657.38	8.60105
1660	6.57171
1662.63	14.5424
1665.25	12.5129
1667.87	2.48353
1670.49	-1.54592
1673.11	4.4246
1675.73	-13.6049
1678.35	10.3656
1680.96	0.33598
1683.58	10.3064
1686.19	16.2768
1688.81	-5.75289
1691.42	4.21744
1694.03	10.1877
1696.64	6.15798
1699.25	-1.87178
1701.87	12.0984
1704.47	16.0686
1707.08	4.03874
1709.69	6.00886
1712.29	19.979
1714.9	5.94902
1717.5	-2.08093
1720.1	7.88907
1722.71	13.859
1725.31	17.829
1727.91	9.79893
1730.51	13.7688
1733.1	19.7387
1735.7	17.7085
1738.3	21.6784
1740.89	1.64816
1743.49	9.61792
1746.08	7.58766
1748.67	-4.44263
1751.26	-0.472934
1753.86	5.49672
1756.45	-4.53366
1759.03	17.436
1761.62	17.4055
1764.21	3.37508
1766.8	1.34461
1769.38	9.31412
1771.97	5.28357
1774.55	1.25302
1777.13	15.2224
1779.71	37.1918
1782.29	9.16122
1784.87	17.1306
1787.45	21.0999
1790.03	25.0692
1792.61	15.0384
1795.18	9.00769
1797.76	12.9769
1800.33	22.9461
1802.9	14.9153
1805.48	4.8844
1808.05	16.8535
1810.62	8.82261
1813.19	14.7917
1815.76	20.7607
1818.33	0.729724
1820.89	18.6987
1823.46	16.6677
1826.02	30.6366
1828.59	10.6056
1831.15	16.5745
1833.71	22.5433
1836.27	10.5122
1838.84	8.48098
1841.39	14.4498
1843.95	16.4186
1846.51	12.3873
1849.07	32.356
1851.62	12.3247
1854.18	4.29341
1856.73	-3.73792
1859.29	18.2307
1861.84	22.1993
1864.39	-5.83209
1866.94	10.1365
1869.49	16.105
1872.04	4.07351
1874.59	-1.958
1877.13	10.0105
1879.68	21.9789
1882.22	9.94735
1884.77	3.91575
1887.31	3.88414
1889.85	15.8525
1892.39	1.82083
1894.93	1.78914
1897.47	9.75742
1900.01	5.72569
1902.55	21.6939
1905.09	13.6622
1907.62	13.6304
1910.16	11.5985
1912.69	17.5667
1915.22	17.5348
1917.76	-8.49705
1920.29	19.471
1922.82	13.4391
1925.35	-20.5929
1927.88	25.3752
1930.4	29.3432
1932.93	7.31116
1935.46	3.27912
1937.98	19.2471
1940.51	11.215
1943.03	5.18287
1945.55	5.15076
1948.07	13.1186
1950.59	21.0865
1953.11	17.0543
1955.63	19.0221
1958.15	8.98983
1960.67	-1.04241
1963.18	8.92533
1965.7	6.89304
1968.21	6.86072
1970.73	18.8284
1973.24	16.796
1975.75	14.7637
1978.26	12.7313
1980.77	24.6989
1983.28	8.66644
1985.79	6.63399
1988.29	0.60153
1990.8	12.569
1993.31	16.5365
1995.81	16.504
1998.31	0.471455
