100.093	11.1349
103.274	15.2114
106.457	11.2876
109.636	15.3631
112.817	15.4383
115.994	9.5128
119.172	21.5869
122.347	-0.339566
125.521	11.7335
128.696	3.80606
131.868	19.8781
135.039	13.9496
138.209	4.02068
141.379	18.0913
144.547	2.16135
147.713	18.2309
150.879	10.3
154.043	24.3686
157.206	10.4367
160.368	8.50437
163.529	10.5715
166.689	16.6382
169.848	10.7044
173.006	10.7701
176.163	6.8354
179.316	16.9001
182.471	16.9645
185.625	9.02832
188.777	-2.90829
191.927	19.1546
195.077	9.21705
198.224	9.27902
201.372	7.34056
204.52	3.40165
207.664	3.46225
210.809	1.52243
213.95	-8.41788
217.091	11.6414
220.233	3.70021
223.372	7.75856
226.509	7.81647
229.648	3.87398
232.784	7.93101
235.918	13.9876
239.051	10.0438
242.186	16.0995
245.317	2.15482
248.447	8.20968
251.577	0.264109
254.705	0.318114
257.832	0.371694
260.958	10.4249
264.083	14.4776
267.204	0.529864
270.327	-3.41824
273.449	6.63324
276.57	12.6843
279.69	8.73496
282.806	4.78517
285.924	24.835
289.04	4.88442
292.154	4.93341
295.268	22.982
298.379	17.0302
301.492	23.078
304.601	-0.874613
307.711	-4.8276
310.818	13.219
313.924	9.26518
317.031	9.31101
320.135	3.35642
323.238	13.4014
326.34	7.44607
329.443	-2.50965
332.543	11.5342
335.642	11.5777
338.74	15.6208
341.836	17.6635
344.932	21.7059
348.027	19.7478
351.12	11.7894
354.213	15.8307
357.302	11.8715
360.393	11.912
363.482	7.95209
366.57	25.9918
369.656	24.0312
372.742	8.07024
375.827	6.1089
378.91	4.14719
381.993	12.1851
385.073	20.2227
388.154	6.25995
391.232	22.2968
394.311	-1.66665
397.387	10.3695
400.462	22.4053
403.536	0.440803
406.611	4.47595
409.683	12.5107
412.754	4.54518
415.824	2.57929
418.893	-5.38694
421.961	6.64649
425.027	16.6796
428.093	8.71235
431.158	-5.25522
434.222	-7.22312
437.284	-1.19134
440.346	4.8401
443.407	2.87123
446.464	-5.09799
449.523	4.93248
452.581	4.96264
455.635	-3.00754
458.691	11.022
461.743	5.05116
464.797	13.0801
467.847	5.10861
470.899	13.1369
473.947	-0.835178
476.994	11.1925
480.043	7.2198
483.088	-0.753182
486.133	23.2735
489.176	-0.700048
492.22	3.32609
495.262	3.3519
498.302	7.37742
501.341	-2.59735
504.38	-8.57242
507.417	9.45222
510.453	7.47656
513.487	17.5006
516.521	-12.4756
519.554	3.54786
522.586	7.57106
525.616	9.59396
528.646	3.61659
531.675	21.6389
534.701	-0.339002
537.729	11.6828
540.753	3.7043
543.778	9.72554
546.8	9.7465
549.821	-0.232812
552.844	21.7876
555.863	17.8078
558.881	15.8276
561.898	11.8473
564.916	13.8666
567.932	-0.114287
570.946	-12.0955
573.959	5.92311
576.971	3.94142
579.982	11.9595
582.993	3.97726
586	1.99479
589.008	14.0121
592.015	-3.97088
595.022	12.0459
598.025	-1.93756
601.029	6.07873
604.032	10.0948
607.033	4.11057
610.034	20.1261
613.032	4.14145
616.032	14.1565
619.028	16.1714
622.023	0.185952
625.018	8.20031
628.013	2.21445
631.005	6.22834
633.997	2.242
636.987	10.2554
639.977	14.2686
642.965	2.28161
645.952	10.2944
648.939	16.3069
651.924	0.319192
654.909	-1.66873
657.892	10.3431
660.873	12.3548
663.854	14.3662
666.835	6.3774
669.813	12.3884
672.791	12.3992
675.767	12.4097
678.743	8.42009
681.717	6.43023
684.692	2.44018
687.664	4.4499
690.634	12.4594
693.606	16.4688
696.575	6.47787
699.543	30.4868
702.51	14.4955
705.475	10.504
708.44	12.5123
711.404	-5.47954
714.367	14.5284
717.329	14.5361
720.29	12.5437
723.25	8.55103
726.207	14.5582
729.166	8.56516
732.123	28.572
735.077	6.57856
738.032	-9.41502
740.984	8.59121
743.938	28.5973
746.888	12.6031
749.839	28.6088
752.788	4.61436
755.735	18.6197
758.682	22.6249
761.627	10.6299
764.574	4.63469
767.517	4.63934
770.46	12.6438
773.402	14.6481
776.342	4.65227
779.282	8.65625
782.219	22.6601
785.157	18.6637
788.094	26.6672
791.029	6.67053
793.962	10.6737
796.896	18.6767
799.828	10.6796
802.76	-3.31774
805.689	12.6848
808.619	16.6872
811.546	2.68942
814.473	14.6915
817.4	20.6934
820.324	10.6952
823.248	20.6969
826.17	22.6984
829.092	-1.30028
832.012	14.7009
834.932	12.702
837.851	2.70291
840.768	4.7037
843.685	10.7043
846.599	12.7049
849.514	24.7052
852.428	2.70546
855.339	10.7056
858.251	2.70554
861.16	12.7054
864.07	6.70509
866.978	20.7047
869.884	12.7041
872.792	20.7035
875.696	24.7027
878.599	8.70173
881.502	16.7007
884.404	14.6995
887.304	14.6982
890.204	24.6968
893.103	6.69531
896.001	0.693667
898.898	16.6919
901.794	4.69004
904.689	-11.3119
907.581	2.68596
910.474	-1.31625
913.364	-1.31856
916.256	0.679012
919.144	12.6765
922.034	10.6738
924.92	4.6711
927.808	14.6682
930.693	-1.3347
933.576	6.66224
936.459	2.65909
939.341	6.65584
942.222	14.6525
945.102	4.64904
947.981	2.64549
950.859	4.64185
953.737	10.6381
956.613	16.6343
959.488	14.6304
962.361	2.62637
965.235	2.62227
968.105	22.6181
970.977	-3.38618
973.846	18.6095
976.716	8.60502
979.583	10.6005
982.449	12.5959
985.316	10.5912
988.18	18.5864
991.043	18.5816
993.906	4.57665
996.767	12.5716
999.628	8.56657
1002.49	20.5614
1005.35	2.55618
1008.2	18.5509
1011.06	8.54551
1013.91	0.540066
1016.77	10.5346
1019.62	12.529
1022.48	16.5233
1025.33	8.51761
1028.18	24.5118
1031.03	6.50599
1033.87	6.50008
1036.72	6.49411
1039.57	22.4881
1042.41	16.482
1045.26	12.4759
1048.1	12.4696
1050.94	10.4634
1053.78	10.4571
1056.62	12.4507
1059.46	26.4443
1062.3	12.4378
1065.14	0.431272
1067.97	2.42469
1070.81	6.41807
1073.64	8.41139
1076.47	14.4047
1079.31	16.3979
1082.14	14.3911
1084.97	-5.61577
1087.8	6.37733
1090.63	-3.62961
1093.45	4.36341
1096.28	12.3564
1099.1	10.3493
1101.93	8.34222
1104.75	14.3351
1107.57	16.3279
1110.39	18.3207
1113.21	-1.68653
1116.03	8.30619
1118.85	10.2989
1121.66	12.2916
1124.48	0.284182
1127.3	8.27679
1130.11	18.2694
1132.92	10.2619
1135.73	22.2544
1138.54	2.24694
1141.35	12.2394
1144.16	12.2319
1146.97	-3.7757
1149.78	8.21671
1152.58	14.2091
1155.39	12.2015
1158.19	18.1938
1161	2.18617
1163.8	14.1785
1166.6	8.1708
1169.4	16.1631
1172.2	4.15537
1174.99	14.1476
1177.79	0.139891
1180.59	10.1321
1183.38	4.12438
1186.17	8.1166
1188.97	14.1088
1191.76	4.10104
1194.55	0.0932469
1197.34	14.0855
1200.13	20.0777
1202.92	14.0698
1205.7	10.0621
1208.49	12.0542
1211.27	10.0464
1214.06	4.03864
1216.84	4.03084
1219.62	-7.97695
1222.4	8.01525
1225.18	6.00746
1227.96	7.99968
1230.74	13.9919
1233.51	9.98414
1236.29	11.9764
1239.06	13.9686
1241.84	13.9609
1244.61	11.9532
1247.38	7.94545
1250.15	3.93775
1252.92	13.9301
1255.69	3.92238
1258.46	7.91473
1261.23	5.90709
1263.99	3.89947
1266.76	9.89186
1269.52	15.8843
1272.28	-2.12329
1275.05	7.86917
1277.81	7.86165
1280.57	17.8541
1283.33	13.8467
1286.08	3.83923
1288.84	7.8318
1291.6	5.8244
1294.35	9.81703
1297.11	11.8097
1299.86	7.80238
1302.61	5.7951
1305.36	9.78785
1308.11	13.7806
1310.86	17.7734
1313.61	7.7663
1316.36	-2.24082
1319.1	3.75209
1321.85	5.74505
1324.59	15.738
1327.33	3.73107
1330.08	27.7241
1332.82	-2.28276
1335.56	15.7104
1338.3	13.7036
1341.04	9.69681
1343.77	7.69008
1346.51	11.6834
1349.25	17.6768
1351.98	11.6702
1354.71	15.6636
1357.45	1.65712
1360.18	17.6507
1362.91	5.64427
1365.64	23.6379
1368.37	-10.3684
1371.09	-2.37464
1373.82	13.6192
1376.54	-2.38698
1379.27	17.6069
1381.99	9.60089
1384.72	7.59491
1387.44	-8.41102
1390.16	15.5831
1392.88	13.5773
1395.6	13.5715
1398.31	9.56586
1401.03	5.56023
1403.75	9.55466
1406.46	9.54914
1409.18	21.5437
1411.89	-6.46169
1414.6	5.533
1417.31	5.52775
1420.02	19.5226
1422.73	21.5174
1425.44	7.51238
1428.15	17.5074
1430.85	3.50248
1433.56	11.4976
1436.26	1.49286
1438.97	7.48815
1441.67	7.48352
1444.37	1.47896
1447.07	-0.525524
1449.77	9.47006
1452.47	7.46573
1455.16	9.46147
1457.86	19.4573
1460.56	15.4532
1463.25	-2.55085
1465.94	3.4452
1468.64	5.44133
1471.33	11.4375
1474.02	15.4338
1476.71	9.43022
1479.4	5.42667
1482.09	19.4232
1484.77	-2.58016
1487.46	19.4166
1490.14	19.4134
1492.83	-0.589762
1495.51	3.40721
1498.19	23.4043
1500.87	17.4014
1503.55	-6.60134
1506.23	11.396
1508.91	11.3934
1511.59	25.3909
1514.27	11.3885
1516.94	17.3862
1519.62	7.38401
1522.29	9.3819
1524.96	13.3799
1527.63	13.378
1530.3	9.37613
1532.97	7.3744
1535.64	13.3728
1538.31	1.37124
1540.98	7.36981
1543.64	7.36848
1546.31	7.36726
1548.97	-6.63387
1551.63	7.3651
1554.3	7.36418
1556.96	15.3634
1559.62	-4.63735
1562.28	7.36205
1564.94	15.3615
1567.59	15.3612
1570.25	15.3609
1572.9	13.3607
1575.56	5.36062
1578.21	1.36066
1580.86	-8.63919
1583.52	9.36107
1586.17	3.36145
1588.82	5.36193
1591.47	-2.63747
1594.11	1.36325
1596.76	1.36407
1599.41	17.365
1602.05	-8.63393
1604.69	21.3672
1607.34	9.36854
1609.98	13.3699
1612.62	19.3715
1615.26	13.3731
1617.9	21.3749
1620.54	7.37678
1623.18	-2.62121
1625.81	9.38092
1628.45	23.3832
1631.08	11.3855
1633.72	5.38805
1636.35	5.39067
1638.98	19.3934
1641.61	13.3963
1644.24	13.3993
1646.87	7.40243
1649.5	7.40568
1652.13	3.40907
1654.75	7.41258
1657.38	1.41622
1660	5.42
1662.63	11.4239
1665.25	1.42794
1667.87	-4.56789
1670.49	5.43641
1673.11	11.4408
1675.73	13.4454
1678.35	1.45012
1680.96	3.45496
1683.58	19.4599
1686.19	15.465
1688.81	-0.529707
1691.42	3.47568
1694.03	-2.51879
1696.64	3.48687
1699.25	13.4927
1701.87	25.4986
1704.47	15.5047
1707.08	1.51093
1709.69	23.5173
1712.29	19.5238
1714.9	7.53047
1717.5	17.5373
1720.1	-4.45579
1722.71	-0.448696
1725.31	17.5585
1727.91	21.5659
1730.51	1.57345
1733.1	7.58112
1735.7	13.589
1738.3	19.5969
1740.89	3.60505
1743.49	7.61332
1746.08	7.62175
1748.67	13.6303
1751.26	9.63905
1753.86	13.6479
1756.45	23.657
1759.03	9.66615
1761.62	9.67549
1764.21	11.685
1766.8	25.6946
1769.38	-10.2956
1771.97	-0.285596
1774.55	11.7245
1777.13	1.7348
1779.71	5.74524
1782.29	7.75583
1784.87	9.76658
1787.45	5.7775
1790.03	1.78857
1792.61	9.79981
1795.18	7.8112
1797.76	-0.177233
1800.33	5.83449
1802.9	5.84637
1805.48	15.8584
1808.05	1.87063
1810.62	5.88301
1813.19	7.89556
1815.76	3.90827
1818.33	11.9211
1820.89	9.9342
1823.46	-4.0526
1826.02	7.96079
1828.59	11.9743
1831.15	13.9881
1833.71	6.00195
1836.27	-3.984
1838.84	10.0302
1841.39	6.04463
1843.95	10.0592
1846.51	2.07396
1849.07	18.0889
1851.62	28.104
1854.18	8.11924
1856.73	4.13468
1859.29	12.1503
1861.84	10.1661
1864.39	0.182055
1866.94	20.1982
1869.49	4.21453
1872.04	2.23104
1874.59	14.2477
1877.13	12.2646
1879.68	20.2816
1882.22	10.2988
1884.77	8.31623
1887.31	12.3338
1889.85	-1.64842
1892.39	24.3695
1894.93	4.38764
1897.47	4.40596
1900.01	12.4245
1902.55	8.44313
1905.09	6.46199
1907.62	20.481
1910.16	2.50026
1912.69	10.5197
1915.22	6.5393
1917.76	16.5591
1920.29	10.5791
1922.82	32.5992
1925.35	22.6196
1927.88	12.6401
1930.4	6.66088
1932.93	26.6818
1935.46	10.7029
1937.98	10.7242
1940.51	14.7457
1943.03	4.76743
1945.55	16.7893
1948.07	-5.18862
1950.59	-1.16635
1953.11	0.856119
1955.63	20.8788
1958.15	10.9016
1960.67	12.9247
1963.18	20.9479
1965.7	8.97136
1968.21	12.995
1970.73	-4.98117
1973.24	1.04287
1975.75	13.0671
1978.26	-2.90847
1980.77	15.1161
1983.28	1.14099
1985.79	3.16601
1988.29	13.1912
1990.8	5.21668
1993.31	19.2423
1995.81	1.26815
1998.31	15.2942
