100.093	16.6448
103.274	18.6774
106.457	8.70973
109.636	34.7417
112.817	18.7734
115.994	18.8048
119.172	18.8358
122.347	16.8666
125.521	16.897
128.696	22.9271
131.868	-5.04311
135.039	0.986365
138.209	7.01553
141.379	11.0444
144.547	31.073
147.713	-0.898779
150.879	3.12917
154.043	-0.843188
157.206	13.1842
160.368	17.2112
163.529	17.2379
166.689	25.2644
169.848	1.29054
173.006	15.3164
176.163	17.342
179.316	7.36722
182.471	9.3922
185.625	-8.58311
188.777	11.4413
191.927	5.4654
195.077	5.48923
198.224	5.51276
201.372	25.536
204.52	11.559
207.664	17.5817
210.809	5.6041
213.95	17.6262
217.091	15.6481
220.233	25.6697
223.372	11.691
226.509	3.71199
229.648	19.7328
232.784	13.7532
235.918	25.7735
239.051	17.7934
242.186	23.8131
245.317	29.8325
248.447	15.8517
251.577	17.8705
254.705	7.88917
257.832	11.9075
260.958	21.9256
264.083	13.9435
267.204	13.9611
270.327	13.9784
273.449	1.99546
276.57	12.0123
279.69	0.0288447
282.806	12.0452
285.924	16.0612
289.04	-1.92296
292.154	4.0926
295.268	18.1079
298.379	12.123
301.492	6.13782
304.601	0.152401
307.711	10.1667
310.818	14.1808
313.924	0.194706
317.031	18.2083
320.135	8.22172
323.238	10.2349
326.34	14.2478
329.443	14.2605
332.543	6.27291
335.642	20.2851
338.74	-1.70289
341.836	26.3089
344.932	22.3204
348.027	2.3317
351.12	8.34278
354.213	8.35363
357.302	20.3643
360.393	16.3747
363.482	6.38484
366.57	12.3948
369.656	0.404546
372.742	24.4141
375.827	16.4234
378.91	8.43248
381.993	16.4414
385.073	10.45
388.154	8.45848
391.232	20.4667
394.311	18.4748
397.387	16.4826
400.462	8.4902
403.536	18.4976
406.611	16.5048
409.683	22.5118
412.754	-3.48139
415.824	24.5252
418.893	12.5316
421.961	-3.4622
425.027	0.543793
428.093	0.549591
431.158	18.5552
434.222	-1.4394
437.284	10.5658
440.346	10.5708
443.407	16.5757
446.464	18.5803
449.523	14.5847
452.581	10.589
455.635	6.59306
458.691	-3.40306
461.743	4.60064
464.797	12.6041
467.847	14.6075
470.899	6.61062
473.947	6.61358
476.994	6.61637
480.043	4.61897
483.088	10.6214
486.133	12.6236
489.176	-3.37428
492.22	12.6276
495.262	18.6293
498.302	24.6309
501.341	6.63227
504.38	14.6335
507.417	4.63451
510.453	16.6354
513.487	14.6361
516.521	8.63661
519.554	12.637
522.586	16.6372
525.616	2.63723
528.646	0.637106
531.675	0.636823
534.701	10.6364
537.729	4.63578
540.753	14.635
543.778	6.63409
546.8	6.63302
549.821	10.6318
552.844	8.6304
555.863	-1.37113
558.881	14.6272
561.898	-7.37467
564.916	12.6233
567.932	8.6212
570.946	2.61891
573.959	16.6165
576.971	4.61389
579.982	6.61116
582.993	4.60828
586	22.6053
589.008	10.6021
592.015	10.5988
595.022	-7.40463
598.025	14.5918
601.029	-3.41193
604.032	6.58422
607.033	6.58022
610.034	6.5761
613.032	-1.42816
616.032	26.5674
619.028	18.5629
622.023	6.55825
625.018	4.55347
628.013	10.5485
631.005	0.543498
633.997	6.53832
636.987	-1.46698
639.977	-3.47241
642.965	4.52204
645.952	-11.4836
648.939	2.51057
651.924	6.50464
654.909	4.4986
657.892	0.49244
660.873	0.486162
663.854	6.47976
666.835	6.47324
669.813	12.4666
672.791	12.4599
675.767	8.45301
678.743	2.44603
681.717	-1.56106
684.692	22.4317
687.664	8.42443
690.634	2.41701
693.606	22.4095
696.575	-3.59815
699.543	22.3941
702.51	22.3863
705.475	2.3783
708.44	20.3702
711.404	14.3621
714.367	6.35382
717.329	6.34546
720.29	14.337
723.25	4.32842
726.207	14.3198
729.166	8.311
732.123	8.30214
735.077	8.29319
738.032	16.2841
740.984	-3.725
743.938	10.2658
746.888	20.2564
749.839	18.247
752.788	14.2375
755.735	4.2279
758.682	-7.78179
761.627	18.2084
764.574	0.198565
767.517	10.1886
770.46	10.1786
773.402	0.168459
776.342	16.1583
779.282	4.14797
782.219	20.1376
785.157	10.1272
788.094	2.11662
791.029	12.106
793.962	10.0953
796.896	4.08457
799.828	16.0737
802.76	16.0628
805.689	16.0518
808.619	4.04075
811.546	16.0296
814.473	16.0184
817.4	10.0071
820.324	15.9958
823.248	31.9844
826.17	7.97286
829.092	11.9613
832.012	13.9497
834.932	15.938
837.851	13.9262
840.768	9.9144
843.685	-0.0974887
846.599	31.8906
849.514	15.8786
852.428	11.8665
855.339	17.8543
858.251	9.84215
861.16	-0.170095
864.07	27.8176
866.978	9.80523
869.884	23.7928
872.792	7.78032
875.696	9.76779
878.599	19.7552
881.502	-0.257437
884.404	-6.27013
887.304	13.7171
890.204	5.70433
893.103	-0.308515
896.001	13.6786
898.898	3.66565
901.794	11.6527
904.689	3.63961
907.581	9.62654
910.474	13.6134
913.364	17.6002
916.256	17.587
919.144	7.57377
922.034	13.5605
924.92	11.5471
927.808	17.5337
930.693	9.52032
933.576	7.50686
936.459	15.4934
939.341	13.4798
942.222	5.46626
945.102	-2.54735
947.981	11.439
950.859	-0.574665
953.737	7.41162
956.613	7.39788
959.488	-4.61589
962.361	3.37031
965.235	9.35647
968.105	7.34261
970.977	3.32872
973.846	5.3148
976.716	1.30085
979.583	3.28688
982.449	7.27288
985.316	21.2588
988.18	17.2448
991.043	15.2307
993.906	15.2166
996.767	5.20252
999.628	23.1884
1002.49	7.17422
1005.35	3.16005
1008.2	17.1458
1011.06	11.1316
1013.91	25.1174
1016.77	3.10315
1019.62	17.0889
1022.48	17.0746
1025.33	1.06032
1028.18	1.04601
1031.03	9.03169
1033.87	5.01736
1036.72	9.00301
1039.57	20.9887
1042.41	16.9743
1045.26	12.9599
1048.1	-1.05447
1050.94	10.9311
1053.78	6.91674
1056.62	12.9023
1059.46	6.88792
1062.3	16.8735
1065.14	14.8591
1067.97	-1.15534
1070.81	6.83024
1073.64	4.81581
1076.47	-7.19862
1079.31	8.78695
1082.14	14.7725
1084.97	6.75808
1087.8	10.7437
1090.63	-3.27077
1093.45	10.7148
1096.28	4.70038
1099.1	20.686
1101.93	14.6715
1104.75	-1.34286
1107.57	18.6427
1110.39	14.6283
1113.21	4.61396
1116.03	12.5996
1118.85	8.58521
1121.66	6.57085
1124.48	12.5565
1127.3	-7.45784
1130.11	14.5278
1132.92	16.5135
1135.73	12.4992
1138.54	14.4849
1141.35	10.4707
1144.16	2.45639
1146.97	10.4421
1149.78	6.42792
1152.58	2.41372
1155.39	4.39953
1158.19	8.38535
1161	4.37119
1163.8	8.35706
1166.6	14.3429
1169.4	0.328845
1172.2	8.31478
1174.99	-1.69928
1177.79	14.2867
1180.59	-3.7273
1183.38	18.2587
1186.17	6.24476
1188.97	-1.76917
1191.76	10.2169
1194.55	-1.79695
1197.34	4.1892
1200.13	12.1754
1202.92	12.1616
1205.7	4.14783
1208.49	4.1341
1211.27	2.12039
1214.06	16.1067
1216.84	-1.90692
1219.62	8.07948
1222.4	6.0659
1225.18	20.0524
1227.96	8.03886
1230.74	4.02539
1233.51	10.012
1236.29	13.9986
1239.06	17.9852
1241.84	-14.0281
1244.61	13.9586
1247.38	15.9453
1250.15	-6.06786
1252.92	1.91897
1255.69	15.9058
1258.46	11.8928
1261.23	19.8797
1263.99	-12.1333
1266.76	5.85376
1269.52	-10.1592
1272.28	3.82798
1275.05	-0.184848
1277.81	1.80237
1280.57	1.78964
1283.33	-0.223043
1286.08	-2.23568
1288.84	3.75173
1291.6	13.7392
1294.35	13.7267
1297.11	3.71425
1299.86	1.70185
1302.61	-0.310491
1305.36	7.67722
1308.11	11.665
1310.86	-0.347203
1313.61	7.64067
1316.36	3.62858
1319.1	9.61656
1321.85	3.60459
1324.59	17.5927
1327.33	13.5808
1330.08	11.569
1332.82	15.5573
1335.56	3.54559
1338.3	-4.46604
1341.04	-6.47761
1343.77	-0.489119
1346.51	17.4994
1349.25	9.48805
1351.98	5.47672
1354.71	-16.5345
1357.45	7.45425
1360.18	-0.556886
1362.91	-0.567968
1365.64	9.42102
1368.37	1.41007
1371.09	13.3992
1373.82	19.3884
1376.54	7.37763
1379.27	-6.63305
1381.99	7.35633
1384.72	17.3458
1387.44	-2.66469
1390.16	5.32489
1392.88	13.3146
1395.6	9.30428
1398.31	9.29408
1401.03	25.284
1403.75	1.2739
1406.46	7.26391
1409.18	-0.745996
1411.89	-0.755834
1414.6	11.2344
1417.31	-4.77528
1420.02	13.2151
1422.73	1.20556
1425.44	7.1961
1428.15	7.18672
1430.85	5.17741
1433.56	1.16818
1436.26	3.15902
1438.97	17.15
1441.67	13.141
1444.37	3.13205
1447.07	13.1232
1449.77	23.1145
1452.47	-4.89421
1455.16	-2.9028
1457.86	7.08869
1460.56	15.0803
1463.25	3.07192
1465.94	7.06367
1468.64	7.0555
1471.33	-4.95259
1474.02	7.03941
1476.71	5.03149
1479.4	-2.97634
1482.09	1.01592
1484.77	11.0083
1487.46	11.0007
1490.14	-5.00678
1492.83	0.985832
1495.51	4.97853
1498.19	0.971322
1500.87	18.9642
1503.55	12.9572
1506.23	2.95024
1508.91	18.9434
1511.59	10.9366
1514.27	18.93
1516.94	2.92342
1519.62	14.917
1522.29	8.91057
1524.96	12.9043
1527.63	0.898108
1530.3	2.89202
1532.97	12.886
1535.64	0.880127
1538.31	6.87433
1540.98	2.86863
1543.64	14.863
1546.31	2.85752
1548.97	26.8521
1551.63	8.84681
1554.3	8.84161
1556.96	16.8365
1559.62	6.8315
1562.28	6.8266
1564.94	8.8218
1567.59	14.8171
1570.25	8.81251
1572.9	10.808
1575.56	20.8036
1578.21	12.7994
1580.86	6.79518
1583.52	2.79111
1586.17	6.78715
1588.82	10.7833
1591.47	14.7795
1594.11	0.775897
1596.76	18.7724
1599.41	18.7689
1602.05	10.7656
1604.69	14.7624
1607.34	6.7593
1609.98	2.75631
1612.62	-1.24657
1615.26	0.750663
1617.9	10.748
1620.54	8.74546
1623.18	12.743
1625.81	12.7407
1628.45	4.7385
1631.08	-1.2636
1633.72	2.73442
1636.35	8.73256
1638.98	2.73081
1641.61	14.7292
1644.24	12.7277
1646.87	2.72625
1649.5	14.725
1652.13	2.72379
1654.75	12.7227
1657.38	8.72181
1660	6.72099
1662.63	0.720294
1665.25	8.71972
1667.87	0.719258
1670.49	18.7189
1673.11	10.7187
1675.73	8.71861
1678.35	16.7186
1680.96	0.718779
1683.58	10.719
1686.19	20.7194
1688.81	2.71995
1691.42	4.72059
1694.03	30.7214
1696.64	12.7222
1699.25	12.7233
1701.87	4.72439
1704.47	0.725649
1707.08	10.727
1709.69	0.728551
1712.29	10.7302
1714.9	4.73196
1717.5	22.7339
1720.1	16.7359
1722.71	14.738
1725.31	-5.25969
1727.91	6.74272
1730.51	4.74526
1733.1	10.7479
1735.7	8.75073
1738.3	6.75366
1740.89	10.7567
1743.49	20.7599
1746.08	4.76324
1748.67	8.7667
1751.26	10.7703
1753.86	8.77402
1756.45	16.7779
1759.03	12.7819
1761.62	16.786
1764.21	0.790252
1766.8	16.7946
1769.38	16.7992
1771.97	32.8038
1774.55	4.80865
1777.13	10.8136
1779.71	24.8187
1782.29	10.8239
1784.87	4.82923
1787.45	26.8347
1790.03	14.8404
1792.61	12.8461
1795.18	18.852
1797.76	4.85808
1800.33	10.8643
1802.9	16.8706
1805.48	-1.12294
1808.05	4.88367
1810.62	6.89042
1813.19	8.89731
1815.76	14.9043
1818.33	10.9115
1820.89	20.9189
1823.46	8.92631
1826.02	6.93392
1828.59	16.9417
1831.15	18.9496
1833.71	20.9576
1836.27	0.965802
1838.84	-5.02587
1841.39	16.9826
1843.95	8.99124
1846.51	-2.99999
1849.07	13.0089
1851.62	9.01799
1854.18	19.0272
1856.73	19.0366
1859.29	11.0461
1861.84	-8.94426
1864.39	9.06554
1866.94	13.0755
1869.49	7.08561
1872.04	9.09587
1874.59	5.10628
1877.13	-2.88316
1879.68	15.1275
1882.22	3.1384
1884.77	21.1494
1887.31	11.1606
1889.85	9.1719
1892.39	5.18337
1894.93	1.19499
1897.47	17.2068
1900.01	7.21871
1902.55	13.2308
1905.09	5.24303
1907.62	-0.74457
1910.16	9.26797
1912.69	1.28068
1915.22	-6.70645
1917.76	13.3066
1920.29	21.3197
1922.82	15.3331
1925.35	15.3466
1927.88	9.36021
1930.4	11.374
1932.93	7.38797
1935.46	13.4021
1937.98	21.4164
1940.51	5.43082
1943.03	-6.55458
1945.55	25.4602
1948.07	13.4751
1950.59	9.49017
1953.11	7.50542
1955.63	23.5208
1958.15	-4.46363
1960.67	11.5521
1963.18	29.568
1965.7	11.584
1968.21	-2.39976
1970.73	13.6166
1973.24	11.6332
1975.75	29.6499
1978.26	5.66672
1980.77	13.6837
1983.28	13.7009
1985.79	5.7183
1988.29	3.73582
1990.8	-2.24648
1993.31	9.77138
1995.81	21.7894
1998.31	19.8076
