100.093	14.2359
103.274	24.2524
106.457	0.268532
109.636	24.2843
112.817	8.29959
115.994	16.3145
119.172	4.32904
122.347	-1.65683
125.521	-9.6431
128.696	2.37024
131.868	14.3832
135.039	10.3957
138.209	4.4079
141.379	0.419684
144.547	2.43108
147.713	0.442084
150.879	14.4527
154.043	4.46296
157.206	16.4728
160.368	-7.51768
163.529	22.4914
166.689	0.50018
169.848	4.50855
173.006	2.51656
176.163	12.5242
179.316	36.5315
182.471	14.5384
185.625	6.54491
188.777	4.55109
191.927	8.5569
195.077	-7.43763
198.224	16.5675
201.372	-5.42777
204.52	10.5766
207.664	20.5807
210.809	12.5844
213.95	-1.41227
217.091	-3.40926
220.233	10.5934
223.372	-1.40427
226.509	8.59771
229.648	8.59935
232.784	0.600653
235.918	12.6016
239.051	-1.39774
242.186	14.6026
245.317	2.60253
248.447	26.6022
251.577	30.6015
254.705	4.60048
257.832	16.5991
260.958	6.59749
264.083	8.59551
267.204	6.59321
270.327	10.5906
273.449	6.58767
276.57	28.5844
279.69	12.5809
282.806	18.577
285.924	14.5728
289.04	16.5683
292.154	10.5635
295.268	0.558451
298.379	-3.44695
301.492	-3.45265
304.601	14.5414
307.711	12.5351
310.818	12.5285
313.924	16.5216
317.031	18.5144
320.135	12.5069
323.238	0.499158
326.34	30.4911
329.443	6.48276
332.543	30.4741
335.642	6.46523
338.74	28.456
341.836	6.44657
344.932	24.4368
348.027	12.4268
351.12	4.41649
354.213	8.40591
357.302	24.3951
360.393	16.3839
363.482	8.37255
366.57	10.3609
369.656	6.34897
372.742	10.3368
375.827	0.324313
378.91	10.3116
381.993	16.2986
385.073	2.28539
388.154	4.27189
391.232	2.25814
394.311	10.2441
397.387	8.22987
400.462	10.2154
403.536	-9.79939
406.611	2.1856
409.683	20.1703
412.754	22.1548
415.824	-3.8609
418.893	10.1231
421.961	10.1069
425.027	10.0904
428.093	20.0737
431.158	14.0568
434.222	8.0396
437.284	18.0222
440.346	6.00455
443.407	19.9867
446.464	1.96858
449.523	3.95025
452.581	7.93169
455.635	27.9129
458.691	-2.10609
461.743	5.87469
464.797	-2.14476
467.847	5.83558
470.899	9.81569
473.947	27.7956
476.994	7.77529
480.043	3.75476
483.088	21.734
486.133	13.7131
489.176	5.69193
492.22	13.6706
495.262	-0.351013
498.302	-2.37279
501.341	-2.39476
504.38	5.58306
507.417	5.56068
510.453	3.5381
513.487	3.51534
516.521	5.49236
519.554	21.4692
522.586	23.4458
525.616	15.4223
528.646	19.3985
531.675	9.3746
534.701	19.3505
537.729	-0.673818
540.753	19.3017
543.778	11.277
546.8	5.25217
549.821	7.22714
552.844	15.2019
555.863	-6.82348
558.881	7.15095
561.898	25.1252
564.916	-2.90072
567.932	17.0732
570.946	7.04692
573.959	-6.97951
576.971	6.99389
579.982	8.96711
582.993	0.940177
586	-7.08691
589.008	36.8858
592.015	4.8584
595.022	10.8308
598.025	-3.19693
601.029	26.7752
604.032	20.7471
607.033	-1.28111
610.034	14.6905
613.032	16.662
616.032	18.6333
619.028	24.6045
622.023	18.5755
625.018	-9.45358
628.013	18.5171
631.005	14.4877
633.997	-7.54181
636.987	10.4285
639.977	0.39866
642.965	16.3687
645.952	26.3386
648.939	-1.69168
651.924	4.27793
654.909	12.2474
657.892	2.21675
660.873	14.186
663.854	10.1551
666.835	4.124
669.813	12.0928
672.791	8.06153
675.767	16.0301
678.743	7.99856
681.717	13.9669
684.692	-0.0649127
687.664	23.9032
690.634	5.87115
693.606	19.839
696.575	-10.1933
699.543	21.7743
702.51	5.74184
705.475	11.7092
708.44	19.6765
711.404	-0.356328
714.367	9.61073
717.329	9.57767
720.29	5.54451
723.25	11.5112
726.207	19.4779
729.166	-12.5556
732.123	7.41083
735.077	17.3772
738.032	17.3434
740.984	15.3095
743.938	23.2755
746.888	7.24149
749.839	13.2073
752.788	29.1731
755.735	9.13873
758.682	3.10429
761.627	9.06977
764.574	23.0351
767.517	23.0004
770.46	4.96565
773.402	26.9308
776.342	14.8958
779.282	14.8608
782.219	4.82566
785.157	18.7905
788.094	26.7552
791.029	4.7198
793.962	22.6844
796.896	10.6488
799.828	8.61327
802.76	2.5776
805.689	24.5419
808.619	4.50605
811.546	10.4702
814.473	16.4342
817.4	40.3982
820.324	36.3621
823.248	0.326004
826.17	2.2898
829.092	22.2535
832.012	10.2172
834.932	16.1808
837.851	24.1443
840.768	16.1078
843.685	10.0712
846.599	26.0346
849.514	9.99795
852.428	19.9612
855.339	25.9244
858.251	9.88758
861.16	13.8507
864.07	11.8137
866.978	13.7768
869.884	3.73973
872.792	11.7026
875.696	3.6655
878.599	23.6283
881.502	21.5911
884.404	-10.4461
887.304	15.5166
890.204	13.4792
893.103	11.4418
896.001	15.4044
898.898	27.367
901.794	5.32947
904.689	11.2919
907.581	17.2544
910.474	5.2168
913.364	5.17919
916.256	1.14153
919.144	13.1039
922.034	1.06614
924.92	3.02842
927.808	-3.00936
930.693	16.9529
933.576	-3.08494
936.459	30.8772
939.341	0.839379
942.222	14.8015
945.102	6.76361
947.981	10.7257
950.859	0.687767
953.737	24.6498
956.613	-3.38815
959.488	6.57387
962.361	-1.4641
965.235	16.4979
968.105	2.45989
970.977	6.42185
973.846	20.3838
976.716	14.3458
979.583	36.3077
982.449	8.26969
985.316	-1.76839
988.18	28.1936
991.043	2.15549
993.906	26.1174
996.767	12.0794
999.628	4.04128
1002.49	10.0032
1005.35	1.96514
1008.2	-0.0729288
1011.06	29.889
1013.91	11.851
1016.77	-2.18709
1019.62	29.7749
1022.48	-4.26317
1025.33	7.69882
1028.18	29.6608
1031.03	7.62279
1033.87	13.5848
1036.72	25.5468
1039.57	5.50884
1042.41	7.47089
1045.26	33.433
1048.1	3.39504
1050.94	15.3571
1053.78	-4.68075
1056.62	21.2814
1059.46	-4.75647
1062.3	7.2057
1065.14	7.16792
1067.97	9.13013
1070.81	23.0924
1073.64	17.0547
1076.47	17.017
1079.31	-3.02073
1082.14	22.9416
1084.97	8.904
1087.8	-3.13358
1090.63	22.8289
1093.45	-3.20866
1096.28	8.75385
1099.1	14.7164
1101.93	20.679
1104.75	-7.35842
1107.57	4.60423
1110.39	24.5669
1113.21	8.52965
1116.03	14.4924
1118.85	4.4552
1121.66	-1.58195
1124.48	24.3809
1127.3	-15.6561
1130.11	4.30683
1132.92	22.2699
1135.73	-1.76708
1138.54	12.196
1141.35	12.1592
1144.16	8.12238
1146.97	6.08563
1149.78	14.0489
1152.58	-1.98768
1155.39	15.9757
1158.19	23.9392
1161	-2.09732
1163.8	3.86627
1166.6	-0.170114
1169.4	-4.20645
1172.2	-8.2427
1174.99	19.7211
1177.79	13.6849
1180.59	15.6489
1183.38	17.6129
1186.17	11.5769
1188.97	-0.459026
1191.76	9.50514
1194.55	11.4694
1197.34	7.43365
1200.13	21.398
1202.92	31.3624
1205.7	1.32694
1208.49	13.2915
1211.27	19.2561
1214.06	23.2208
1216.84	7.18559
1219.62	-0.849555
1222.4	19.1153
1225.18	11.0803
1227.96	21.0454
1230.74	17.0105
1233.51	0.975752
1236.29	14.941
1239.06	14.9064
1241.84	4.87186
1244.61	4.83739
1247.38	-7.19701
1250.15	10.7687
1252.92	10.7345
1255.69	12.7003
1258.46	8.66626
1261.23	8.63227
1263.99	2.59839
1266.76	8.56456
1269.52	-1.46915
1272.28	6.49722
1275.05	10.4637
1277.81	6.43021
1280.57	24.3968
1283.33	12.3636
1286.08	8.33039
1288.84	16.2973
1291.6	0.26429
1294.35	16.2314
1297.11	12.1986
1299.86	14.1659
1302.61	14.1332
1305.36	26.1007
1308.11	0.0682979
1310.86	4.03598
1313.61	34.0038
1316.36	3.97163
1319.1	-0.0603902
1321.85	11.9077
1324.59	21.8759
1327.33	1.84416
1330.08	29.8125
1332.82	13.781
1335.56	11.7496
1338.3	21.7183
1341.04	5.68717
1343.77	19.6561
1346.51	13.6251
1349.25	5.59425
1351.98	19.5635
1354.71	1.53286
1357.45	13.5023
1360.18	-10.5281
1362.91	17.4416
1365.64	1.41143
1368.37	5.38136
1371.09	11.3514
1373.82	31.3216
1376.54	11.2919
1379.27	7.26224
1381.99	1.23275
1384.72	-6.79662
1387.44	15.1741
1390.16	15.145
1392.88	11.116
1395.6	25.0871
1398.31	15.0584
1401.03	3.02973
1403.75	-2.99878
1406.46	4.97281
1409.18	4.94455
1411.89	18.9164
1414.6	-1.11159
1417.31	8.86055
1420.02	16.8328
1422.73	0.805163
1425.44	22.7777
1428.15	12.7503
1430.85	2.72308
1433.56	12.696
1436.26	6.66901
1438.97	6.64219
1441.67	2.6155
1444.37	8.58894
1447.07	14.5625
1449.77	4.53623
1452.47	16.5101
1455.16	0.48406
1457.86	22.4582
1460.56	6.43244
1463.25	4.40684
1465.94	18.3814
1468.64	18.3561
1471.33	8.33091
1474.02	20.3059
1476.71	12.281
1479.4	6.25624
1482.09	8.23164
1484.77	14.2072
1487.46	0.182885
1490.14	16.1587
1492.83	20.1347
1495.51	8.11085
1498.19	24.0871
1500.87	18.0636
1503.55	16.0401
1506.23	4.01688
1508.91	1.99377
1511.59	37.9708
1514.27	23.948
1516.94	-16.0747
1519.62	13.9028
1522.29	25.8805
1524.96	11.8583
1527.63	1.83626
1530.3	11.8144
1532.97	19.7927
1535.64	15.7711
1538.31	17.7497
1540.98	25.7284
1543.64	13.7073
1546.31	5.68642
1548.97	29.6656
1551.63	7.64505
1554.3	3.6246
1556.96	-6.39568
1559.62	13.5842
1562.28	11.5643
1564.94	21.5445
1567.59	23.5248
1570.25	7.50539
1572.9	5.4861
1575.56	5.46698
1578.21	7.44803
1580.86	17.4292
1583.52	9.41062
1586.17	29.3922
1588.82	7.3739
1591.47	9.3558
1594.11	3.33787
1596.76	21.3201
1599.41	-12.6975
1602.05	19.2851
1604.69	21.2679
1607.34	11.2508
1609.98	15.2339
1612.62	11.2172
1615.26	1.20065
1617.9	13.1843
1620.54	23.1681
1623.18	13.1521
1625.81	17.1363
1628.45	19.1206
1631.08	17.1052
1633.72	-0.910127
1636.35	13.0748
1638.98	9.05984
1641.61	19.0451
1644.24	13.0305
1646.87	1.01616
1649.5	23.002
1652.13	-3.01203
1654.75	20.9741
1657.38	16.9605
1660	-3.05294
1662.63	6.9338
1665.25	32.9207
1667.87	10.9078
1670.49	20.8951
1673.11	30.8826
1675.73	14.8703
1678.35	2.85818
1680.96	14.8462
1683.58	16.8345
1686.19	16.8229
1688.81	8.81158
1691.42	-9.19959
1694.03	12.7894
1696.64	4.77865
1699.25	12.7681
1701.87	26.7577
1704.47	2.74748
1707.08	14.7375
1709.69	2.72768
1712.29	10.7181
1714.9	24.7087
1717.5	14.6995
1720.1	0.690453
1722.71	-5.31836
1725.31	0.673035
1727.91	32.6646
1730.51	14.6564
1733.1	10.6484
1735.7	16.6406
1738.3	22.633
1740.89	10.6256
1743.49	18.6184
1746.08	4.61143
1748.67	16.6046
1751.26	16.5981
1753.86	24.5917
1756.45	24.5855
1759.03	6.57958
1761.62	6.57382
1764.21	26.5683
1766.8	0.562949
1769.38	16.5578
1771.97	10.5529
1774.55	10.5482
1777.13	26.5437
1779.71	8.53942
1782.29	8.53535
1784.87	14.5315
1787.45	16.5278
1790.03	24.5244
1792.61	20.5212
1795.18	36.5182
1797.76	22.5154
1800.33	12.5128
1802.9	4.51045
1805.48	18.5083
1808.05	14.5064
1810.62	-1.49534
1813.19	8.50317
1815.76	10.5019
1818.33	24.5008
1820.89	-9.5
1823.46	32.4994
1826.02	38.499
1828.59	26.4988
1831.15	16.4988
1833.71	12.4991
1836.27	8.49959
1838.84	24.5003
1841.39	0.501228
1843.95	14.5024
1846.51	24.5038
1849.07	8.50536
1851.62	18.5072
1854.18	12.5092
1856.73	10.5115
1859.29	-9.48598
1861.84	12.5168
1864.39	2.51971
1866.94	12.5229
1869.49	14.5263
1872.04	-7.47005
1874.59	12.5338
1877.13	10.5379
1879.68	8.54224
1882.22	4.54681
1884.77	8.5516
1887.31	-1.44338
1889.85	28.5619
1892.39	12.5674
1894.93	40.5731
1897.47	0.579024
1900.01	10.5852
1902.55	6.59162
1905.09	14.5983
1907.62	34.6052
1910.16	38.6123
1912.69	42.6196
1915.22	16.6272
1917.76	-9.36494
1920.29	16.6431
1922.82	16.6514
1925.35	26.66
1927.88	16.6688
1930.4	26.6778
1932.93	28.687
1935.46	22.6965
1937.98	20.7063
1940.51	20.7162
1943.03	22.7265
1945.55	6.73691
1948.07	18.7476
1950.59	10.7586
1953.11	0.769746
1955.63	8.78117
1958.15	0.79284
1960.67	22.8048
1963.18	16.8169
1965.7	12.8293
1968.21	24.842
1970.73	0.854857
1973.24	18.868
1975.75	18.8814
1978.26	24.895
1980.77	24.9089
1983.28	18.923
1985.79	16.9374
1988.29	2.95201
1990.8	30.9669
1993.31	20.982
1995.81	22.9974
1998.31	21.013
