100.093	20.6338
103.274	24.6695
106.457	18.705
109.636	20.7404
112.817	14.7756
115.994	18.8107
119.172	16.8456
122.347	28.8803
125.521	30.9148
128.696	0.949227
131.868	10.9834
135.039	9.0175
138.209	1.0514
141.379	11.0852
144.547	23.1187
147.713	11.1521
150.879	15.1854
154.043	7.2185
157.206	15.2514
160.368	5.28423
163.529	3.31686
166.689	17.3493
169.848	1.38166
173.006	11.4138
176.163	11.4458
179.316	1.47768
182.471	17.5094
185.625	-0.459061
188.777	27.5723
191.927	1.60358
195.077	-6.36532
198.224	13.6656
201.372	1.69643
204.52	5.72709
207.664	-0.242419
210.809	17.7879
213.95	-4.18185
217.091	-0.151798
220.233	3.87813
223.372	7.9079
226.509	7.93752
229.648	1.96702
232.784	5.99636
235.918	8.02556
239.051	12.0546
242.186	4.08355
245.317	14.1123
248.447	12.141
251.577	6.16946
254.705	18.1978
257.832	28.226
260.958	10.2541
264.083	-3.71792
267.204	20.3099
270.327	-1.66245
273.449	16.3651
276.57	10.3925
279.69	14.4198
282.806	4.44691
285.924	8.47393
289.04	4.50081
292.154	14.5275
295.268	-5.44584
298.379	10.5806
301.492	10.607
304.601	16.6332
307.711	-3.34068
310.818	6.68528
313.924	22.7111
317.031	14.7368
320.135	6.76243
323.238	0.787888
326.34	-3.18678
329.443	12.8384
332.543	18.8635
335.642	2.8885
338.74	4.91334
341.836	8.93807
344.932	14.9627
348.027	16.9871
351.12	3.01151
354.213	23.0357
357.302	-2.94014
360.393	7.08386
363.482	25.1077
366.57	7.13152
369.656	-2.84484
372.742	3.17869
375.827	15.2021
378.91	11.2254
381.993	5.2486
385.073	3.27167
388.154	3.29464
391.232	5.31748
394.311	9.34022
397.387	15.3628
400.462	-4.61466
403.536	7.40774
406.611	7.43004
409.683	11.4522
412.754	11.4743
415.824	13.4962
418.893	-0.481897
421.961	7.53985
425.027	13.5615
428.093	17.583
431.158	15.6045
434.222	-2.37422
437.284	-4.353
440.346	23.6681
443.407	-4.31087
446.464	-8.28997
449.523	7.73083
452.581	5.75154
455.635	3.77214
458.691	13.7926
461.743	25.813
464.797	7.83334
467.847	17.8535
470.899	3.87365
473.947	9.89364
476.994	1.91355
480.043	5.93336
483.088	11.9531
486.133	15.9727
489.176	-0.0077974
492.22	4.01164
495.262	10.031
498.302	4.0502
501.341	4.06935
504.38	8.0884
507.417	14.1074
510.453	8.12622
513.487	-3.85502
516.521	14.1637
519.554	2.18226
522.586	10.2008
525.616	4.21917
528.646	16.2375
531.675	0.255744
534.701	10.2739
537.729	-3.70805
540.753	14.3099
543.778	8.32781
546.8	8.34561
549.821	14.3633
552.844	-7.61904
555.863	4.39851
558.881	6.41597
561.898	0.433344
564.916	6.45065
567.932	14.4679
570.946	4.485
573.959	-5.49795
576.971	12.519
579.982	4.53591
582.993	0.552721
586	-5.43056
589.008	16.5861
592.015	0.602674
595.022	4.61917
598.025	6.63558
601.029	2.65193
604.032	6.6682
607.033	2.68438
610.034	4.7005
613.032	4.71654
616.032	-1.26749
619.028	12.7484
622.023	4.76421
625.018	4.77995
628.013	18.7956
631.005	24.8112
633.997	6.82676
636.987	8.84221
639.977	22.8576
642.965	14.8729
645.952	0.88816
648.939	6.90334
651.924	6.91845
654.909	2.93349
657.892	4.94847
660.873	6.96336
663.854	10.9782
666.835	-1.00702
669.813	7.00768
672.791	7.02233
675.767	-10.9631
678.743	-4.94859
681.717	-4.93414
684.692	21.0802
687.664	7.09456
690.634	3.10882
693.606	23.123
696.575	7.13716
699.543	15.1512
702.51	11.1652
705.475	9.17919
708.44	-6.80692
711.404	15.2069
714.367	-0.77931
717.329	25.2344
720.29	17.2481
723.25	5.26167
726.207	13.2752
729.166	7.28869
732.123	3.30212
735.077	11.3155
738.032	7.32881
740.984	3.34207
743.938	17.3553
746.888	11.3684
749.839	13.3815
752.788	5.39459
755.735	17.4076
758.682	15.4205
761.627	3.43341
764.574	3.44626
767.517	9.45905
770.46	5.47178
773.402	11.4845
776.342	7.49711
779.282	19.5097
782.219	13.5222
785.157	9.53473
788.094	5.54717
791.029	7.55957
793.962	1.57192
796.896	3.58423
799.828	3.59648
802.76	-0.391307
805.689	-0.379145
808.619	9.63298
811.546	9.64505
814.473	5.65708
817.4	11.6691
820.324	9.68102
823.248	7.69292
826.17	15.7048
829.092	9.7166
832.012	15.7284
834.932	3.74012
837.851	13.7518
840.768	5.76347
843.685	9.77508
846.599	21.7867
849.514	5.79819
852.428	3.80969
855.339	13.8211
858.251	5.83257
861.16	5.84395
864.07	-0.144695
866.978	9.86661
869.884	13.8779
872.792	9.88913
875.696	21.9003
878.599	1.9115
881.502	1.92263
884.404	-6.06627
887.304	17.9448
890.204	19.9558
893.103	9.96683
896.001	-2.0222
898.898	1.98874
901.794	-0.000358475
904.689	0.010516
907.581	-1.97865
910.474	26.0322
913.364	22.0429
916.256	6.0537
919.144	14.0644
922.034	2.07511
924.92	6.08577
927.808	10.0964
930.693	8.10702
933.576	6.1176
936.459	-9.87185
939.341	16.1387
942.222	8.14918
945.102	6.15966
947.981	4.17011
950.859	16.1805
953.737	4.19094
956.613	-3.79869
959.488	10.2117
962.361	20.222
965.235	2.2323
968.105	16.2426
970.977	8.25284
973.846	8.26308
976.716	-3.7267
979.583	28.2835
982.449	6.29366
985.316	4.30382
988.18	6.31395
991.043	2.32407
993.906	6.33416
996.767	4.34424
999.628	6.3543
1002.49	12.3643
1005.35	6.37436
1008.2	10.3844
1011.06	-5.60566
1013.91	16.4043
1016.77	20.4143
1019.62	2.42421
1022.48	10.4341
1025.33	22.444
1028.18	10.4539
1031.03	8.4638
1033.87	-3.52634
1036.72	16.4835
1039.57	12.4934
1042.41	0.503172
1045.26	0.512981
1048.1	12.5228
1050.94	0.532563
1053.78	12.5423
1056.62	14.5521
1059.46	8.56185
1062.3	4.57159
1065.14	0.58132
1067.97	6.59104
1070.81	4.60075
1073.64	0.610454
1076.47	6.62014
1079.31	10.6298
1082.14	12.6395
1084.97	12.6492
1087.8	8.65884
1090.63	16.6685
1093.45	18.6781
1096.28	10.6878
1099.1	12.6974
1101.93	12.707
1104.75	-1.28334
1107.57	6.72628
1110.39	2.7359
1113.21	-5.2545
1116.03	10.7551
1118.85	4.76471
1121.66	10.7743
1124.48	-3.2161
1127.3	8.79349
1130.11	0.803088
1132.92	16.8127
1135.73	12.8223
1138.54	14.8318
1141.35	-1.15857
1144.16	0.851016
1146.97	8.8606
1149.78	0.870183
1152.58	18.8798
1155.39	4.88935
1158.19	10.8989
1161	12.9085
1163.8	-3.08189
1166.6	-1.0723
1169.4	16.9373
1172.2	0.946888
1174.99	4.95649
1177.79	8.96609
1180.59	0.975693
1183.38	-3.0147
1186.17	0.99492
1188.97	9.00454
1191.76	3.01416
1194.55	-10.9762
1197.34	5.03342
1200.13	1.04306
1202.92	-0.947289
1205.7	13.0624
1208.49	13.072
1211.27	9.08169
1214.06	5.09136
1216.84	7.10105
1219.62	7.11073
1222.4	-2.87956
1225.18	-4.86986
1227.96	23.1399
1230.74	9.14959
1233.51	-0.84068
1236.29	11.1691
1239.06	15.1788
1241.84	3.18859
1244.61	19.1984
1247.38	17.2082
1250.15	-2.78205
1252.92	-0.772236
1255.69	5.23759
1258.46	3.24742
1261.23	-0.742724
1263.99	1.26713
1266.76	13.277
1269.52	3.2869
1272.28	5.2968
1275.05	23.3067
1277.81	9.31666
1280.57	1.3266
1283.33	-8.66343
1286.08	17.3465
1288.84	15.3565
1291.6	-4.63345
1294.35	1.37658
1297.11	9.38661
1299.86	9.39668
1302.61	-2.59324
1305.36	3.41685
1308.11	1.42696
1310.86	5.43709
1313.61	15.4472
1316.36	17.4574
1319.1	3.4676
1321.85	5.4778
1324.59	7.48803
1327.33	5.49827
1330.08	21.5085
1332.82	3.51882
1335.56	9.52913
1338.3	7.53946
1341.04	7.54981
1343.77	21.5602
1346.51	13.5706
1349.25	1.58099
1351.98	1.59142
1354.71	7.60188
1357.45	3.61236
1360.18	-0.377131
1362.91	13.6334
1365.64	9.64396
1368.37	13.6545
1371.09	5.66514
1373.82	5.67577
1376.54	-2.31359
1379.27	3.69709
1381.99	11.7078
1384.72	19.7185
1387.44	1.72928
1390.16	1.74006
1392.88	3.75087
1395.6	-4.2383
1398.31	15.7726
1401.03	17.7835
1403.75	-2.20563
1406.46	9.80532
1409.18	15.8163
1411.89	11.8273
1414.6	3.83832
1417.31	7.84938
1420.02	7.86047
1422.73	7.87159
1425.44	21.8827
1428.15	3.89391
1430.85	11.9051
1433.56	5.91636
1436.26	19.9276
1438.97	13.9389
1441.67	1.95027
1444.37	19.9616
1447.07	-2.02698
1449.77	15.9845
1452.47	15.9959
1455.16	4.00741
1457.86	10.0189
1460.56	-7.9695
1463.25	8.0421
1465.94	10.0537
1468.64	6.06538
1471.33	0.0770745
1474.02	6.08881
1476.71	16.1006
1479.4	0.112378
1482.09	-5.87579
1484.77	8.13608
1487.46	18.148
1490.14	10.1599
1492.83	22.1719
1495.51	4.18393
1498.19	8.19598
1500.87	8.20807
1503.55	8.2202
1506.23	8.23236
1508.91	24.2446
1511.59	22.2568
1514.27	10.2691
1516.94	14.2814
1519.62	16.2938
1522.29	2.30615
1524.96	4.31859
1527.63	8.33106
1530.3	-7.65642
1532.97	10.3561
1535.64	8.36873
1538.31	0.381363
1540.98	-3.60597
1543.64	10.4068
1546.31	14.4195
1548.97	4.43231
1551.63	16.4451
1554.3	10.458
1556.96	12.471
1559.62	20.4839
1562.28	10.4969
1564.94	2.50998
1567.59	6.52308
1570.25	20.5362
1572.9	10.5494
1575.56	4.56263
1578.21	0.575898
1580.86	6.58922
1583.52	18.6026
1586.17	10.616
1588.82	8.62943
1591.47	4.64293
1594.11	4.65646
1596.76	-1.32995
1599.41	10.6837
1602.05	6.69735
1604.69	10.7111
1607.34	12.7248
1609.98	2.73867
1612.62	12.7525
1615.26	-1.23355
1617.9	14.7804
1620.54	6.79441
1623.18	14.8085
1625.81	6.82257
1628.45	10.8367
1631.08	8.85092
1633.72	2.86516
1636.35	16.8795
1638.98	4.89381
1641.61	2.9082
1644.24	14.9227
1646.87	10.9371
1649.5	8.9517
1652.13	18.9663
1654.75	16.9809
1657.38	12.9956
1660	7.01039
1662.63	13.0252
1665.25	11.04
1667.87	-2.94506
1670.49	9.06989
1673.11	11.0849
1675.73	13.1
1678.35	7.11507
1680.96	21.1302
1683.58	11.1454
1686.19	-2.83928
1688.81	15.176
1691.42	17.1914
1694.03	-8.79315
1696.64	11.2223
1699.25	17.2379
1701.87	15.2535
1704.47	19.2691
1707.08	15.2848
1709.69	7.30058
1712.29	11.3164
1714.9	-4.66774
1717.5	7.34818
1720.1	-4.63584
1722.71	11.3802
1725.31	1.39628
1727.91	7.41244
1730.51	11.4286
1733.1	9.4449
1735.7	13.4612
1738.3	7.4776
1740.89	7.49403
1743.49	13.5105
1746.08	13.5271
1748.67	7.54368
1751.26	17.5603
1753.86	11.5771
1756.45	-4.40615
1759.03	13.6107
1761.62	13.6276
1764.21	7.64454
1766.8	5.66155
1769.38	9.67863
1771.97	5.69578
1774.55	15.713
1777.13	11.7302
1779.71	13.7475
1782.29	27.7649
1784.87	19.7824
1787.45	11.7999
1790.03	17.8174
1792.61	13.835
1795.18	25.8527
1797.76	5.87047
1800.33	19.8883
1802.9	11.9061
1805.48	5.92408
1808.05	13.9421
1810.62	17.9601
1813.19	17.9782
1815.76	17.9964
1818.33	20.0147
1820.89	14.033
1823.46	12.0514
1826.02	12.0698
1828.59	8.08829
1831.15	4.10685
1833.71	12.1255
1836.27	6.14418
1838.84	10.1629
1841.39	14.1818
1843.95	14.2006
1846.51	18.2196
1849.07	6.23861
1851.62	22.2577
1854.18	14.2768
1856.73	24.2961
1859.29	8.31534
1861.84	20.3347
1864.39	22.3541
1866.94	18.3736
1869.49	12.3931
1872.04	16.4127
1874.59	10.4324
1877.13	12.4522
1879.68	22.472
1882.22	18.4919
1884.77	-7.48818
1887.31	-1.46817
1889.85	20.5519
1892.39	0.572072
1894.93	2.59229
1897.47	22.6126
1900.01	26.633
1902.55	14.6534
1905.09	16.6739
1907.62	2.69445
1910.16	18.7151
1912.69	14.7358
1915.22	26.7566
1917.76	4.77741
1920.29	-7.20167
1922.82	-3.18069
1925.35	16.8404
1927.88	16.8615
1930.4	14.8827
1932.93	20.904
1935.46	14.9253
1937.98	10.9467
1940.51	18.9682
1943.03	22.9898
1945.55	1.01139
1948.07	5.0331
1950.59	9.05486
1953.11	17.0767
1955.63	9.09863
1958.15	21.1206
1960.67	17.1427
1963.18	9.1648
1965.7	17.187
1968.21	15.2093
1970.73	23.2316
1973.24	7.25408
1975.75	33.2766
1978.26	21.2992
1980.77	11.3218
1983.28	11.3445
1985.79	21.3673
1988.29	3.39019
1990.8	25.4131
1993.31	7.43617
1995.81	19.4593
1998.31	19.4824
