100.093	7.1282
103.274	9.2353
106.457	17.342
109.636	23.4482
112.817	3.55392
115.994	15.6591
119.172	13.764
122.347	3.8683
125.521	15.9721
128.696	2.07561
131.868	10.1785
135.039	16.281
138.209	0.383046
141.379	6.48468
144.547	4.5858
147.713	-1.31353
150.879	16.7867
154.043	6.88645
157.206	-5.01424
160.368	19.0846
163.529	11.1831
166.689	9.28104
169.848	3.37857
173.006	7.47567
176.163	7.57232
179.316	3.66846
182.471	3.76423
185.625	3.85957
188.777	-4.04554
191.927	4.04886
195.077	0.142885
198.224	4.23641
201.372	-3.67043
204.52	-1.5777
207.664	0.514534
210.809	-1.3936
213.95	6.69778
217.091	8.78873
220.233	4.87931
223.372	0.969412
226.509	-0.940912
229.648	-2.8516
232.784	15.2372
235.918	-10.6744
239.051	7.41363
242.186	19.5013
245.317	1.58842
248.447	9.67516
251.577	-0.238517
254.705	9.84739
257.832	11.9329
260.958	2.01797
264.083	6.10265
267.204	4.18685
270.327	14.2707
273.449	-7.64584
276.57	-1.5628
279.69	12.5198
282.806	8.60201
285.924	8.68383
289.04	-1.23475
292.154	14.8462
295.268	10.9268
298.379	7.00701
301.492	19.0868
304.601	5.16621
307.711	11.2452
310.818	9.32382
313.924	5.40201
317.031	9.47986
320.135	19.5573
323.238	1.63427
326.34	9.71089
329.443	-6.21282
332.543	21.863
335.642	17.9385
338.74	4.01355
341.836	10.0882
344.932	24.1625
348.027	0.236463
351.12	10.31
354.213	18.3832
357.302	4.45589
360.393	6.52829
363.482	4.60031
366.57	22.672
369.656	0.743177
372.742	10.8141
375.827	2.88459
378.91	-3.04531
381.993	11.0245
385.073	9.09383
388.154	1.16286
391.232	3.23148
394.311	1.29978
397.387	3.36767
400.462	7.43519
403.536	7.50234
406.611	25.5692
409.683	19.6356
412.754	15.7017
415.824	7.76738
418.893	5.83273
421.961	5.89772
425.027	11.9623
428.093	0.0266199
431.158	18.0905
434.222	2.1541
437.284	8.21731
440.346	-3.71984
443.407	12.3427
446.464	8.40478
449.523	10.4666
452.581	6.52803
455.635	2.58909
458.691	10.6498
461.743	2.71022
464.797	10.7703
467.847	14.83
470.899	18.8893
473.947	20.9483
476.994	3.00699
480.043	1.06534
483.088	9.12331
486.133	13.1809
489.176	3.23825
492.22	15.2952
495.262	-0.648132
498.302	17.4082
501.341	5.46411
504.38	17.5197
507.417	5.57502
510.453	1.62998
513.487	1.68458
516.521	7.73887
519.554	-0.207154
522.586	1.84649
525.616	9.89977
528.646	7.95276
531.675	4.00543
534.701	16.0577
537.729	0.109754
540.753	8.16142
543.778	2.21279
546.8	4.26381
549.821	-3.68548
552.844	-7.63507
555.863	8.415
558.881	2.46475
561.898	-3.48581
564.916	-1.43666
567.932	8.61215
570.946	8.66064
573.959	0.708823
576.971	8.75669
579.982	8.80425
582.993	-3.1485
586	18.8984
589.008	6.94505
592.015	16.9914
595.022	3.0374
598.025	1.08309
601.029	1.1285
604.032	17.1736
607.033	3.21839
610.034	15.2629
613.032	7.30708
616.032	3.35098
619.028	7.39456
622.023	9.43784
625.018	1.48083
628.013	7.52354
631.005	5.56594
633.997	-4.39196
636.987	17.6498
639.977	19.6914
642.965	9.73258
645.952	13.7735
648.939	13.8141
651.924	21.8545
654.909	-2.10544
657.892	9.93434
660.873	9.9738
663.854	0.013001
666.835	4.05192
669.813	2.09053
672.791	20.1289
675.767	6.16692
678.743	-1.79529
681.717	4.24219
684.692	12.2794
687.664	-1.68366
690.634	16.353
693.606	-11.6106
696.575	-1.57454
699.543	14.4613
702.51	26.4968
705.475	24.5321
708.44	10.5671
711.404	16.6018
714.367	-1.36375
717.329	12.6704
720.29	10.7043
723.25	8.73798
726.207	10.7713
729.166	12.8044
732.123	-1.16273
735.077	4.86982
738.032	-1.09787
740.984	18.9342
743.938	8.96594
746.888	2.99743
749.839	13.0287
752.788	7.05966
755.735	7.09038
758.682	1.12083
761.627	15.151
764.574	23.181
767.517	25.2107
770.46	17.2401
773.402	21.2693
776.342	9.29819
779.282	9.32686
782.219	19.3552
785.157	11.3834
788.094	11.4113
791.029	5.43898
793.962	1.46637
796.896	23.4935
799.828	5.52042
802.76	17.5471
805.689	7.57348
808.619	11.5997
811.546	11.6256
814.473	9.65123
817.4	23.6767
820.324	19.7018
823.248	19.7268
826.17	17.7515
829.092	7.77594
832.012	15.8002
834.932	13.8241
837.851	15.8479
840.768	15.8714
843.685	9.89465
846.599	9.91767
849.514	13.9405
852.428	1.96303
855.339	13.9853
858.251	16.0074
861.16	6.02929
864.07	-1.94907
866.978	10.0723
869.884	10.0935
872.792	14.1144
875.696	2.13513
878.599	14.1556
881.502	2.17586
884.404	0.195883
887.304	16.2157
890.204	20.2353
893.103	-1.74539
896.001	14.2737
898.898	14.2926
901.794	16.3113
904.689	8.3298
907.581	16.348
910.474	14.3661
913.364	20.3839
916.256	10.4014
919.144	10.4188
922.034	10.436
924.92	20.4529
927.808	14.4696
930.693	6.48613
933.576	8.50242
936.459	10.5185
939.341	6.53436
942.222	16.55
945.102	8.56546
947.981	4.5807
950.859	-5.40428
953.737	8.61054
956.613	2.62515
959.488	14.6396
962.361	12.6537
965.235	16.6677
968.105	20.6815
970.977	8.6951
973.846	24.7085
976.716	6.72165
979.583	10.7346
982.449	2.74738
985.316	10.76
988.18	18.7723
991.043	12.7845
993.906	0.796463
996.767	-7.19176
999.628	10.8198
1002.49	8.83119
1005.35	14.8424
1008.2	12.8534
1011.06	20.8642
1013.91	10.8748
1016.77	4.88517
1019.62	28.8954
1022.48	14.9054
1025.33	20.9152
1028.18	10.9249
1031.03	8.93433
1033.87	24.9436
1036.72	0.952671
1039.57	12.9616
1042.41	6.97026
1045.26	14.9788
1048.1	8.9871
1050.94	4.99525
1053.78	31.0032
1056.62	19.011
1059.46	3.01858
1062.3	29.026
1065.14	9.03323
1067.97	7.04028
1070.81	15.0471
1073.64	23.0538
1076.47	25.0604
1079.31	19.0667
1082.14	9.07285
1084.97	15.0788
1087.8	5.08464
1090.63	5.09027
1093.45	21.0957
1096.28	9.101
1099.1	13.1061
1101.93	7.11105
1104.75	5.11581
1107.57	17.1204
1110.39	29.1248
1113.21	21.1291
1116.03	5.13316
1118.85	15.1371
1121.66	21.1408
1124.48	13.1444
1127.3	11.1478
1130.11	15.1511
1132.92	29.1541
1135.73	-2.84295
1138.54	5.1598
1141.35	19.1624
1144.16	5.16481
1146.97	9.16707
1149.78	19.1692
1152.58	5.17111
1155.39	21.1729
1158.19	1.17451
1161	27.176
1163.8	23.1773
1166.6	11.1784
1169.4	11.1794
1172.2	7.18024
1174.99	-4.81909
1177.79	7.18143
1180.59	13.1818
1183.38	9.18201
1186.17	5.18207
1188.97	15.182
1191.76	13.1817
1194.55	1.18133
1197.34	5.18078
1200.13	3.18008
1202.92	7.17923
1205.7	11.1782
1208.49	5.17709
1211.27	1.1758
1214.06	13.1744
1216.84	27.1728
1219.62	15.171
1222.4	17.1692
1225.18	1.16713
1227.96	-10.835
1230.74	11.1627
1233.51	15.1602
1236.29	13.1576
1239.06	11.1549
1241.84	17.152
1244.61	9.14897
1247.38	7.14581
1250.15	9.14251
1252.92	-2.86093
1255.69	-4.8645
1258.46	23.1318
1261.23	5.12794
1263.99	15.124
1266.76	9.11983
1269.52	7.11557
1272.28	3.11118
1275.05	1.10666
1277.81	7.102
1280.57	11.0972
1283.33	5.09229
1286.08	7.08723
1288.84	9.08205
1291.6	13.0767
1294.35	5.07129
1297.11	13.0657
1299.86	13.06
1302.61	15.0542
1305.36	23.0482
1308.11	9.04213
1310.86	-2.96408
1313.61	-0.970412
1316.36	1.02312
1319.1	19.0165
1321.85	11.0098
1324.59	-0.997008
1327.33	6.99603
1330.08	12.989
1332.82	6.98175
1335.56	22.9744
1338.3	10.967
1341.04	4.95943
1343.77	18.9517
1346.51	0.943943
1349.25	0.936021
1351.98	0.927986
1354.71	16.9198
1357.45	-5.08844
1360.18	12.9032
1362.91	0.894665
1365.64	28.886
1368.37	8.87732
1371.09	10.8685
1373.82	8.85951
1376.54	2.85044
1379.27	8.84126
1381.99	2.83196
1384.72	22.8225
1387.44	4.81304
1390.16	0.803406
1392.88	2.79367
1395.6	12.7838
1398.31	0.773869
1401.03	-7.23619
1403.75	8.75364
1406.46	2.74336
1409.18	18.733
1411.89	2.72249
1414.6	6.71189
1417.31	18.7012
1420.02	0.690399
1422.73	12.6795
1425.44	18.6685
1428.15	6.65737
1430.85	10.6462
1433.56	14.6348
1436.26	14.6234
1438.97	12.6119
1441.67	-13.3997
1444.37	14.5886
1447.07	4.57678
1449.77	10.5649
1452.47	16.5529
1455.16	0.540749
1457.86	10.5285
1460.56	4.51624
1463.25	14.5038
1465.94	10.4914
1468.64	14.4788
1471.33	6.4661
1474.02	16.4533
1476.71	-3.55954
1479.4	8.4275
1482.09	0.414451
1484.77	14.4013
1487.46	8.38808
1490.14	30.3748
1492.83	16.3613
1495.51	20.3478
1498.19	4.33425
1500.87	28.3206
1503.55	24.3068
1506.23	4.29295
1508.91	10.279
1511.59	22.265
1514.27	16.2509
1516.94	8.23667
1519.62	-3.77762
1522.29	18.208
1524.96	10.1936
1527.63	18.179
1530.3	6.16441
1532.97	12.1497
1535.64	0.134923
1538.31	16.1201
1540.98	12.1051
1543.64	6.09009
1546.31	10.075
1548.97	14.0598
1551.63	8.04454
1554.3	8.02919
1556.96	18.0138
1559.62	11.9983
1562.28	3.9827
1564.94	3.96705
1567.59	11.9513
1570.25	17.9355
1572.9	3.91963
1575.56	5.90368
1578.21	17.8877
1580.86	3.87155
1583.52	5.85537
1586.17	9.83913
1588.82	1.8228
1591.47	19.8064
1594.11	5.78996
1596.76	23.7734
1599.41	15.7568
1602.05	11.7401
1604.69	11.7234
1607.34	13.7066
1609.98	7.68971
1612.62	9.67276
1615.26	9.65574
1617.9	5.63866
1620.54	1.62151
1623.18	11.6043
1625.81	1.58701
1628.45	-2.43034
1631.08	31.5523
1633.72	17.5348
1636.35	15.5172
1638.98	9.49964
1641.61	9.48197
1644.24	15.4642
1646.87	13.4465
1649.5	7.4286
1652.13	13.4107
1654.75	15.3927
1657.38	1.37468
1660	7.35658
1662.63	17.3384
1665.25	17.3202
1667.87	11.3019
1670.49	11.2836
1673.11	-2.73477
1675.73	11.2468
1678.35	5.22829
1680.96	3.20973
1683.58	33.1911
1686.19	5.17246
1688.81	-4.84627
1691.42	5.13497
1694.03	7.11613
1696.64	15.0972
1699.25	-6.92168
1701.87	19.0593
1704.47	5.04028
1707.08	15.0212
1709.69	-0.997956
1712.29	14.9828
1714.9	-1.0364
1717.5	0.944314
1720.1	2.92496
1722.71	14.9056
1725.31	-1.11387
1727.91	20.8666
1730.51	2.8471
1733.1	10.8275
1735.7	14.8079
1738.3	-5.21181
1740.89	8.76847
1743.49	0.748694
1746.08	10.7289
1748.67	2.70901
1751.26	14.6891
1753.86	2.66916
1756.45	12.6492
1759.03	16.6291
1761.62	0.609039
1764.21	2.58892
1766.8	-3.43124
1769.38	0.548557
1771.97	8.5283
1774.55	2.50801
1777.13	6.48768
1779.71	12.4673
1782.29	20.4469
1784.87	24.4265
1787.45	20.406
1790.03	6.38546
1792.61	10.3649
1795.18	16.3443
1797.76	-1.67635
1800.33	20.303
1802.9	14.2823
1805.48	14.2615
1808.05	8.24075
1810.62	18.2199
1813.19	-7.80092
1815.76	0.178192
1818.33	8.15727
1820.89	6.13631
1823.46	16.1153
1826.02	10.0943
1828.59	10.0733
1831.15	18.0522
1833.71	14.0311
1836.27	0.00992443
1838.84	7.98875
1841.39	3.96755
1843.95	7.94631
1846.51	-2.07496
1849.07	11.9038
1851.62	1.88244
1854.18	1.86108
1856.73	17.8397
1859.29	13.8183
1861.84	-2.20313
1864.39	19.7754
1866.94	7.75391
1869.49	13.7324
1872.04	7.71087
1874.59	19.6893
1877.13	11.6677
1879.68	9.64611
1882.22	17.6245
1884.77	1.60281
1887.31	19.5811
1889.85	13.5594
1892.39	13.5377
1894.93	1.51595
1897.47	33.4942
1900.01	-2.52763
1902.55	5.45056
1905.09	-0.57128
1907.62	7.40686
1910.16	13.385
1912.69	15.3631
1915.22	-4.65882
1917.76	9.31925
1920.29	13.2973
1922.82	5.27533
1925.35	3.25333
1927.88	11.2313
1930.4	-8.79069
1932.93	7.18727
1935.46	31.1652
1937.98	19.1431
1940.51	3.12105
1943.03	7.09895
1945.55	15.0768
1948.07	23.0547
1950.59	3.03257
1953.11	5.0104
1955.63	6.98823
1958.15	16.966
1960.67	16.9439
1963.18	-3.07836
1965.7	20.8994
1968.21	6.87718
1970.73	0.854936
1973.24	14.8327
1975.75	10.8104
1978.26	2.78814
1980.77	2.76586
1983.28	18.7436
1985.79	14.7213
1988.29	0.69894
1990.8	10.6766
1993.31	0.654275
1995.81	8.63194
1998.31	12.6096
