100.093	8.70177
103.274	0.858375
106.457	-2.98614
109.636	21.168
112.817	1.32106
115.994	-2.52721
119.172	7.62341
122.347	17.7727
125.521	1.92085
128.696	2.06787
131.868	16.2136
135.039	8.35817
138.209	-1.49845
141.379	12.6438
144.547	2.78488
147.713	0.924755
150.879	-2.93653
154.043	15.201
157.206	15.3374
160.368	9.47271
163.529	-0.393163
166.689	19.7398
169.848	7.8717
173.006	10.0024
176.163	22.1321
179.316	14.2605
182.471	8.38787
185.625	6.51415
188.777	10.6393
191.927	16.7633
195.077	10.8863
198.224	9.00818
201.372	11.129
204.52	21.2488
207.664	11.3674
210.809	3.48498
213.95	7.60145
217.091	9.71687
220.233	-0.168696
223.372	15.9446
226.509	-1.94311
229.648	6.16819
232.784	14.2784
235.918	8.38755
239.051	-3.50431
242.186	10.6029
245.317	12.709
248.447	8.81408
251.577	4.91816
254.705	3.02125
257.832	17.1233
260.958	7.22442
264.083	11.3245
267.204	3.42358
270.327	11.5217
273.449	15.6189
276.57	5.71508
279.69	9.81031
282.806	23.9045
285.924	9.99782
289.04	-5.90982
292.154	0.181528
295.268	18.272
298.379	-5.63854
301.492	4.45005
304.601	8.53766
307.711	2.62439
310.818	6.71015
313.924	0.79499
317.031	4.87897
320.135	10.962
323.238	11.0441
326.34	11.1253
329.443	13.2057
332.543	13.2851
335.642	11.3637
338.74	17.4414
341.836	11.5182
344.932	13.5941
348.027	-0.330875
351.12	19.7433
354.213	23.8166
357.302	13.8891
360.393	11.9607
363.482	16.0315
366.57	6.10138
369.656	18.1704
372.742	16.2387
375.827	12.3061
378.91	16.3727
381.993	14.4385
385.073	10.5034
388.154	4.56753
391.232	6.63083
394.311	12.6934
397.387	2.75507
400.462	6.81597
403.536	-5.12392
406.611	16.9354
409.683	2.99399
412.754	17.0518
415.824	3.10874
418.893	-2.83505
421.961	21.2204
425.027	23.2751
428.093	15.329
431.158	5.3822
434.222	3.43462
437.284	11.4863
440.346	5.53724
443.407	3.58744
446.464	3.63688
449.523	1.68562
452.581	7.73363
455.635	9.78089
458.691	7.82746
461.743	5.87329
464.797	1.91844
467.847	17.9629
470.899	8.0066
473.947	4.04962
476.994	8.09194
480.043	10.1336
483.088	10.1746
486.133	4.21483
489.176	0.254424
492.22	8.29337
495.262	-5.66838
498.302	10.3692
501.341	20.4061
504.38	12.4424
507.417	26.478
510.453	12.513
513.487	6.54728
516.521	16.581
519.554	6.614
522.586	-1.3536
525.616	12.6782
528.646	10.7093
531.675	4.73984
534.701	-11.2303
537.729	-5.20098
540.753	12.8277
543.778	-7.14424
546.8	12.8832
549.821	18.9101
552.844	-5.06364
555.863	18.962
558.881	10.9871
561.898	9.01161
564.916	17.0355
567.932	-2.94111
570.946	13.0817
573.959	23.1039
576.971	23.1255
579.982	11.1466
582.993	11.1671
586	9.18705
589.008	13.2065
592.015	15.2253
595.022	1.24366
598.025	3.26144
601.029	9.27869
604.032	15.2954
607.033	9.3116
610.034	13.3273
613.032	23.3424
616.032	-4.64296
619.028	-0.628851
622.023	15.3847
625.018	9.39784
628.013	-4.58955
631.005	1.42254
633.997	7.43414
636.987	19.4453
639.977	-10.5441
642.965	7.46601
645.952	15.4757
648.939	7.48485
651.924	-12.5064
654.909	5.5018
657.892	7.50957
660.873	-2.48313
663.854	11.5237
666.835	7.53012
669.813	9.53606
672.791	13.5416
675.767	9.5466
678.743	3.55121
681.717	15.5554
684.692	23.5591
687.664	1.56242
690.634	1.5653
693.606	11.5678
696.575	1.56978
699.543	13.5714
702.51	1.5726
705.475	29.5734
708.44	21.5738
711.404	15.5738
714.367	5.57335
717.329	3.57254
720.29	-4.42866
723.25	25.5697
726.207	-0.432231
729.166	7.56541
732.123	13.5627
735.077	-10.4404
738.032	23.5561
740.984	11.5522
743.938	7.54799
746.888	17.5434
749.839	13.5385
752.788	9.53317
755.735	11.5275
758.682	5.52152
761.627	17.5152
764.574	15.5085
767.517	27.5015
770.46	13.4941
773.402	3.48642
776.342	5.4784
779.282	11.4701
782.219	11.4614
785.157	17.4524
788.094	13.4431
791.029	31.4335
793.962	7.42359
796.896	21.4134
799.828	17.4028
802.76	13.392
805.689	9.38088
808.619	23.3695
811.546	3.35776
814.473	9.34577
817.4	17.3335
820.324	19.3209
823.248	27.3081
826.17	25.295
829.092	19.2816
832.012	13.268
834.932	13.2541
837.851	25.2399
840.768	15.2255
843.685	9.21083
846.599	7.19591
849.514	23.1807
852.428	17.1653
855.339	-0.85035
858.251	25.1337
861.16	33.1176
864.07	1.10124
866.978	17.0847
869.884	3.06783
872.792	5.05078
875.696	7.03351
878.599	23.016
881.502	10.9983
884.404	12.9804
887.304	2.96232
890.204	10.944
893.103	6.92548
896.001	-3.09324
898.898	18.8878
901.794	6.86873
904.689	20.8494
907.581	10.83
910.474	0.810286
913.364	30.7904
916.256	12.7704
919.144	30.7502
922.034	10.7298
924.92	30.7093
927.808	12.6886
930.693	20.6677
933.576	18.6467
936.459	22.6255
939.341	0.604206
942.222	10.5827
945.102	24.5611
947.981	10.5393
950.859	16.5174
953.737	8.49533
956.613	4.47313
959.488	22.4508
962.361	32.4283
965.235	4.40576
968.105	28.3831
970.977	6.36022
973.846	2.33728
976.716	18.3142
979.583	6.29103
982.449	6.26775
985.316	2.24434
988.18	18.2208
991.043	0.197244
993.906	4.17355
996.767	20.1497
999.628	14.1259
1002.49	16.1019
1005.35	22.0778
1008.2	0.0536608
1011.06	16.0294
1013.91	-1.99488
1016.77	13.9807
1019.62	15.9563
1022.48	-0.0682578
1025.33	3.90715
1028.18	21.8825
1031.03	17.8578
1033.87	13.833
1036.72	9.80812
1039.57	5.78323
1042.41	1.75828
1045.26	17.7333
1048.1	1.70825
1050.94	17.6832
1053.78	35.658
1056.62	15.6329
1059.46	5.60767
1062.3	9.58243
1065.14	29.5572
1067.97	-2.46811
1070.81	17.5066
1073.64	5.48125
1076.47	19.4559
1079.31	23.4305
1082.14	7.40515
1084.97	7.37975
1087.8	9.35435
1090.63	5.32894
1093.45	15.3035
1096.28	11.2781
1099.1	23.2527
1101.93	-0.772683
1104.75	17.2019
1107.57	9.17653
1110.39	-6.84885
1113.21	1.12581
1116.03	19.1005
1118.85	19.0751
1121.66	3.04985
1124.48	19.0246
1127.3	26.9993
1130.11	10.9741
1132.92	26.9489
1135.73	22.9238
1138.54	20.8987
1141.35	6.87364
1144.16	18.8486
1146.97	-3.17637
1149.78	6.79871
1152.58	12.7738
1155.39	6.74902
1158.19	10.7243
1161	6.69954
1163.8	4.67491
1166.6	12.6503
1169.4	8.6258
1172.2	10.6014
1174.99	8.57697
1177.79	14.5527
1180.59	14.5285
1183.38	-5.49569
1186.17	2.48023
1188.97	26.4562
1191.76	6.43235
1194.55	32.4085
1197.34	2.38481
1200.13	12.3612
1202.92	4.33765
1205.7	22.3142
1208.49	12.2909
1211.27	4.26765
1214.06	12.2445
1216.84	4.22151
1219.62	12.1986
1222.4	16.1758
1225.18	10.1531
1227.96	22.1306
1230.74	22.1081
1233.51	2.08578
1236.29	8.06358
1239.06	16.0415
1241.84	14.0196
1244.61	5.99774
1247.38	23.9761
1250.15	13.9545
1252.92	5.93312
1255.69	3.91184
1258.46	17.8907
1261.23	17.8697
1263.99	-2.15108
1266.76	11.8282
1269.52	15.8077
1272.28	1.78733
1275.05	17.7671
1277.81	13.747
1280.57	15.7271
1283.33	1.7074
1286.08	7.68783
1288.84	11.6684
1291.6	-0.350811
1294.35	-2.36987
1297.11	1.61125
1299.86	7.59253
1302.61	1.574
1305.36	-0.444345
1308.11	15.5375
1310.86	11.5195
1313.61	9.50172
1316.36	9.48411
1319.1	9.4667
1321.85	9.44949
1324.59	-0.567532
1327.33	1.41565
1330.08	15.399
1332.82	5.38261
1335.56	5.3664
1338.3	11.3504
1341.04	11.3346
1343.77	1.31902
1346.51	9.30366
1349.25	13.2885
1351.98	5.27358
1354.71	25.2589
1357.45	15.2444
1360.18	5.23011
1362.91	7.21607
1365.64	-0.797738
1368.37	-2.81131
1371.09	11.1753
1373.82	-2.83777
1376.54	3.14937
1379.27	-0.863265
1381.99	9.12434
1384.72	17.1122
1387.44	15.1003
1390.16	9.08864
1392.88	15.0772
1395.6	11.0661
1398.31	7.05519
1401.03	15.0446
1403.75	7.03417
1406.46	7.02405
1409.18	11.0142
1411.89	11.0046
1414.6	16.9953
1417.31	0.986208
1420.02	18.9774
1422.73	0.968897
1425.44	0.960653
1428.15	4.95269
1430.85	-1.055
1433.56	20.9376
1436.26	16.9305
1438.97	22.9236
1441.67	6.91707
1444.37	24.9108
1447.07	-1.09517
1449.77	16.8991
1452.47	-3.10624
1455.16	6.88867
1457.86	4.88387
1460.56	-5.12062
1463.25	4.87518
1465.94	10.8713
1468.64	0.867715
1471.33	12.8644
1474.02	16.8615
1476.71	10.8588
1479.4	0.856486
1482.09	-11.1455
1484.77	8.85276
1487.46	14.8514
1490.14	20.8503
1492.83	12.8496
1495.51	8.84915
1498.19	-3.15093
1500.87	0.849306
1503.55	0.849877
1506.23	12.8508
1508.91	10.852
1511.59	12.8536
1514.27	-1.14449
1516.94	4.85776
1519.62	10.8604
1522.29	16.8633
1524.96	2.86658
1527.63	22.8702
1530.3	6.8742
1532.97	4.87853
1535.64	-1.11678
1538.31	6.88826
1540.98	28.8937
1543.64	4.89942
1546.31	-3.09447
1548.97	-3.08799
1551.63	24.9189
1554.3	14.9261
1556.96	16.9336
1559.62	6.94159
1562.28	12.9499
1564.94	8.9586
1567.59	8.96766
1570.25	0.977103
1572.9	20.9869
1575.56	-3.00287
1578.21	1.0077
1580.86	15.0187
1583.52	-0.969977
1586.17	11.0418
1588.82	3.05389
1591.47	-2.9336
1594.11	15.0793
1596.76	9.09261
1599.41	3.1063
1602.05	13.1204
1604.69	31.1349
1607.34	9.14979
1609.98	-0.834909
1612.62	11.1808
1615.26	11.1969
1617.9	9.21342
1620.54	3.23035
1623.18	25.2477
1625.81	3.26543
1628.45	15.2836
1631.08	-4.69783
1633.72	9.32116
1636.35	13.3406
1638.98	-4.63959
1641.61	13.3807
1644.24	5.40136
1646.87	15.4225
1649.5	9.44402
1652.13	23.466
1654.75	-0.511622
1657.38	11.5112
1660	-0.465526
1662.63	17.5582
1665.25	3.58232
1667.87	9.60689
1670.49	11.6319
1673.11	-2.34263
1675.73	9.68327
1678.35	7.70962
1680.96	21.7364
1683.58	-2.23635
1686.19	7.79135
1688.81	9.8195
1691.42	3.8481
1694.03	11.8772
1696.64	-2.09333
1699.25	17.9366
1701.87	-2.03293
1704.47	17.998
1707.08	12.0293
1709.69	6.06113
1712.29	0.0934174
1714.9	2.12617
1717.5	4.15937
1720.1	16.1931
1722.71	14.2272
1725.31	22.2619
1727.91	4.29699
1730.51	0.332568
1733.1	8.36863
1735.7	8.40519
1738.3	16.4422
1740.89	16.4797
1743.49	0.517714
1746.08	-3.4438
1748.67	4.59517
1751.26	-5.3654
1753.86	4.67455
1756.45	10.715
1759.03	-11.2441
1761.62	-7.20265
1764.21	8.83926
1766.8	22.8817
1769.38	24.9246
1771.97	10.968
1774.55	13.0119
1777.13	9.05636
1779.71	-2.89871
1782.29	33.1467
1784.87	15.1926
1787.45	29.2391
1790.03	13.286
1792.61	5.33354
1795.18	15.3815
1797.76	19.43
1800.33	17.479
1802.9	15.5286
1805.48	5.57861
1808.05	17.6292
1810.62	23.6803
1813.19	17.7319
1815.76	3.78405
1818.33	3.83673
1820.89	9.88993
1823.46	5.94364
1826.02	9.99791
1828.59	20.0527
1831.15	28.108
1833.71	8.16387
1836.27	8.22025
1838.84	18.2772
1841.39	18.3346
1843.95	2.39265
1846.51	20.4512
1849.07	14.5103
1851.62	20.5699
1854.18	26.6301
1856.73	12.6908
1859.29	12.7521
1861.84	18.8139
1864.39	-3.12375
1866.94	4.93921
1869.49	15.0027
1872.04	9.0667
1874.59	17.1313
1877.13	29.1964
1879.68	25.2621
1882.22	17.3284
1884.77	27.3952
1887.31	-6.53744
1889.85	3.53054
1892.39	17.599
1894.93	3.66809
1897.47	11.7378
1900.01	21.808
1902.55	21.8788
1905.09	1.95011
1907.62	18.022
1910.16	22.0945
1912.69	12.1676
1915.22	28.2413
1917.76	12.3154
1920.29	16.3903
1922.82	18.4657
1925.35	30.5416
1927.88	24.6182
1930.4	12.6953
1932.93	16.773
1935.46	20.8513
1937.98	2.93023
1940.51	27.0097
1943.03	23.0898
1945.55	27.1704
1948.07	9.2517
1950.59	17.3335
1953.11	17.416
1955.63	17.499
1958.15	13.5826
1960.67	13.6668
1963.18	9.75167
1965.7	-0.162898
1968.21	19.9231
1970.73	30.0098
1973.24	10.097
1975.75	14.1848
1978.26	18.2733
1980.77	28.3623
1983.28	20.4521
1985.79	12.5423
1988.29	20.6332
1990.8	24.7247
1993.31	14.8168
1995.81	6.90957
1998.31	19.0029
