100.093	31.4236
103.274	15.4292
106.457	27.4346
109.636	11.4399
112.817	13.445
115.994	25.4499
119.172	15.4547
122.347	15.4592
125.521	21.4637
128.696	23.4679
131.868	23.472
135.039	35.4759
138.209	23.4796
141.379	17.4832
144.547	1.48664
147.713	15.4899
150.879	9.49297
154.043	17.4959
157.206	9.49866
160.368	21.5013
163.529	29.5037
166.689	23.506
169.848	9.50809
173.006	17.51
176.163	17.5119
179.316	13.5135
182.471	-2.48503
185.625	13.5163
188.777	21.5175
191.927	5.51849
195.077	19.5193
198.224	-0.47995
201.372	9.5206
204.52	17.521
207.664	9.52125
210.809	3.52134
213.95	-0.478719
217.091	9.52107
220.233	13.5207
223.372	17.5202
226.509	19.5195
229.648	9.51874
232.784	13.5178
235.918	-6.48331
239.051	23.5154
242.186	-2.48595
245.317	7.51251
248.447	13.5108
251.577	1.509
254.705	11.507
257.832	13.5049
260.958	11.5027
264.083	21.5003
267.204	15.4977
270.327	13.495
273.449	19.4922
276.57	9.48926
279.69	17.4862
282.806	27.4829
285.924	-6.52045
289.04	19.476
292.154	25.4724
295.268	15.4686
298.379	21.4647
301.492	25.4606
304.601	17.4564
307.711	21.4521
310.818	1.44767
313.924	7.44309
317.031	15.4384
320.135	23.4335
323.238	9.42854
326.34	9.42343
329.443	13.4182
332.543	17.4128
335.642	31.4073
338.74	1.40169
341.836	11.3959
344.932	9.39006
348.027	19.3841
351.12	1.37792
354.213	23.3717
357.302	27.3653
360.393	11.3588
363.482	25.3521
366.57	13.3454
369.656	21.3385
372.742	5.33153
375.827	19.3244
378.91	21.3172
381.993	1.30982
385.073	9.30235
388.154	15.2947
391.232	9.28704
394.311	31.2792
397.387	15.2713
400.462	13.2632
403.536	21.255
406.611	3.24671
409.683	-6.7617
412.754	7.22977
415.824	11.2211
418.893	27.2124
421.961	9.20351
425.027	9.19453
428.093	-2.81456
431.158	11.1762
434.222	7.16692
437.284	11.1575
440.346	9.14796
443.407	25.1383
446.464	15.1286
449.523	17.1187
452.581	19.1087
455.635	17.0987
458.691	15.0885
461.743	23.0782
464.797	15.0678
467.847	19.0573
470.899	13.0467
473.947	7.036
476.994	25.0252
480.043	17.0143
483.088	11.0033
486.133	18.9921
489.176	0.980928
492.22	20.9696
495.262	-9.04181
498.302	0.946667
501.341	-3.06495
504.38	10.9233
507.417	12.9115
510.453	-7.1004
513.487	4.8876
516.521	16.8755
519.554	4.86329
522.586	-3.14901
525.616	6.8386
528.646	22.8261
531.675	10.8135
534.701	-1.19915
537.729	0.788077
540.753	12.7752
543.778	-7.23774
546.8	16.7492
549.821	8.73608
552.844	-5.27715
555.863	4.70953
558.881	-1.30387
561.898	8.68263
564.916	12.669
567.932	18.6554
570.946	16.6416
573.959	12.6278
576.971	6.61382
579.982	14.5998
582.993	2.58569
586	8.57151
589.008	-17.4428
592.015	14.5429
595.022	4.52842
598.025	2.5139
601.029	12.4993
604.032	14.4846
607.033	8.46981
610.034	0.45495
613.032	2.44002
616.032	10.425
619.028	-5.5901
622.023	18.3947
625.018	20.3795
628.013	6.36413
631.005	0.348714
633.997	0.333225
636.987	16.3177
639.977	14.302
642.965	12.2863
645.952	20.2705
648.939	4.25462
651.924	10.2387
654.909	16.2227
657.892	18.2066
660.873	2.1904
663.854	12.1742
666.835	16.1578
669.813	-3.85854
672.791	4.12499
675.767	6.10847
678.743	22.0919
681.717	18.0752
684.692	18.0585
687.664	10.0417
690.634	-1.97522
693.606	16.0078
696.575	5.99082
699.543	11.9737
702.51	13.9566
705.475	-2.06062
708.44	5.9221
711.404	23.9048
714.367	-8.11266
717.329	1.86987
720.29	-2.14767
723.25	11.8347
726.207	9.81706
729.166	5.79933
732.123	19.7815
735.077	25.7637
738.032	9.74576
740.984	11.7278
743.938	-8.29025
746.888	9.69166
749.839	9.67349
752.788	1.65528
755.735	17.637
758.682	17.6187
761.627	13.6003
764.574	3.58182
767.517	5.56332
770.46	11.5448
773.402	17.5261
776.342	19.5075
779.282	13.4887
782.219	21.4699
785.157	25.4511
788.094	3.4322
791.029	5.41325
793.962	21.3943
796.896	21.3752
799.828	3.35609
802.76	15.3369
805.689	19.3177
808.619	25.2984
811.546	13.2791
814.473	7.25977
817.4	23.2403
820.324	15.2209
823.248	-2.79863
826.17	19.1818
829.092	29.1622
832.012	-2.85746
834.932	9.12284
837.851	13.1031
840.768	1.08328
843.685	-0.936567
846.599	19.0436
849.514	9.02361
852.428	25.0036
855.339	24.9836
858.251	8.96353
861.16	8.94342
864.07	0.923253
866.978	22.9031
869.884	12.8828
872.792	0.862521
875.696	22.8422
878.599	14.8218
881.502	8.80142
884.404	6.78097
887.304	20.7605
890.204	8.73995
893.103	-1.28062
896.001	20.6988
898.898	10.6781
901.794	4.65743
904.689	22.6367
907.581	6.61595
910.474	-3.40485
913.364	0.574321
916.256	22.5534
919.144	16.5325
922.034	0.511593
924.92	16.4906
927.808	6.4696
930.693	16.4486
933.576	18.4275
936.459	2.40637
939.341	6.38522
942.222	-3.63596
945.102	8.34283
947.981	0.321587
950.859	2.30031
953.737	12.279
956.613	20.2577
959.488	18.2363
962.361	22.2149
965.235	6.19347
968.105	14.172
970.977	24.1505
973.846	16.129
976.716	14.1075
979.583	2.0859
982.449	-1.93569
985.316	2.04267
988.18	4.02102
991.043	3.99935
993.906	9.97764
996.767	11.9559
999.628	-0.0658395
1002.49	27.9124
1005.35	13.8906
1008.2	11.8687
1011.06	3.8469
1013.91	21.825
1016.77	21.8031
1019.62	1.78121
1022.48	11.7593
1025.33	-0.2627
1028.18	7.7153
1031.03	11.6933
1033.87	13.6713
1036.72	17.6492
1039.57	-0.372848
1042.41	1.60507
1045.26	15.583
1048.1	15.5608
1050.94	3.53869
1053.78	13.5165
1056.62	13.4943
1059.46	23.4721
1062.3	25.4499
1065.14	15.4277
1067.97	7.40543
1070.81	7.38317
1073.64	19.3609
1076.47	11.3386
1079.31	15.3163
1082.14	11.2939
1084.97	5.27159
1087.8	23.2492
1090.63	25.2269
1093.45	11.2045
1096.28	7.1821
1099.1	11.1597
1101.93	5.13726
1104.75	9.11483
1107.57	-10.9076
1110.39	15.0699
1113.21	13.0475
1116.03	17.025
1118.85	27.0025
1121.66	10.98
1124.48	-7.04253
1127.3	20.935
1130.11	20.9124
1132.92	6.88989
1135.73	2.86735
1138.54	16.8448
1141.35	14.8222
1144.16	2.79966
1146.97	2.77709
1149.78	4.7545
1152.58	16.7319
1155.39	-3.29067
1158.19	4.68673
1161	-1.33588
1163.8	10.6415
1166.6	16.6189
1169.4	18.5963
1172.2	4.57366
1174.99	8.55103
1177.79	18.5284
1180.59	22.5058
1183.38	20.4831
1186.17	-1.53951
1188.97	12.4379
1191.76	14.4152
1194.55	20.3926
1197.34	6.36992
1200.13	16.3473
1202.92	16.3246
1205.7	2.30199
1208.49	-1.72066
1211.27	4.25669
1214.06	8.23405
1216.84	14.2114
1219.62	6.18877
1222.4	2.16612
1225.18	8.14348
1227.96	12.1208
1230.74	6.0982
1233.51	2.07557
1236.29	22.0529
1239.06	22.0303
1241.84	6.0077
1244.61	17.9851
1247.38	11.9625
1250.15	25.9399
1252.92	-6.08273
1255.69	1.89467
1258.46	23.8721
1261.23	9.84949
1263.99	11.8269
1266.76	13.8043
1269.52	9.78178
1272.28	7.75923
1275.05	11.7367
1277.81	11.7141
1280.57	-0.308407
1283.33	15.6691
1286.08	5.64655
1288.84	11.624
1291.6	17.6015
1294.35	7.57904
1297.11	-6.44342
1299.86	9.5341
1302.61	7.51164
1305.36	27.4892
1308.11	11.4668
1310.86	9.44433
1313.61	9.42192
1316.36	15.3995
1319.1	9.37712
1321.85	5.35475
1324.59	1.33239
1327.33	1.31003
1330.08	19.2877
1332.82	17.2654
1335.56	-4.75694
1338.3	11.2208
1341.04	17.1985
1343.77	11.1762
1346.51	3.15397
1349.25	11.1317
1351.98	11.1095
1354.71	-4.9127
1357.45	25.0651
1360.18	7.04295
1362.91	23.0208
1365.64	-1.00136
1368.37	6.97652
1371.09	22.9544
1373.82	10.9323
1376.54	0.910278
1379.27	18.8882
1381.99	28.8662
1384.72	-1.15582
1387.44	10.8222
1390.16	4.80022
1392.88	14.7783
1395.6	10.7563
1398.31	18.7344
1401.03	6.71253
1403.75	8.69067
1406.46	12.6688
1409.18	16.647
1411.89	-13.3748
1414.6	6.60339
1417.31	16.5816
1420.02	2.5599
1422.73	22.5382
1425.44	8.51648
1428.15	-1.50518
1430.85	0.473166
1433.56	14.4516
1436.26	26.4299
1438.97	0.408376
1441.67	6.38683
1444.37	18.3653
1447.07	18.3438
1449.77	10.3223
1452.47	8.30089
1455.16	10.2795
1457.86	4.25807
1460.56	32.2367
1463.25	4.21535
1465.94	-11.806
1468.64	18.1728
1471.33	22.1515
1474.02	4.13026
1476.71	12.1091
1479.4	4.08787
1482.09	-7.93327
1484.77	14.0456
1487.46	20.0245
1490.14	12.0035
1492.83	7.98243
1495.51	9.96143
1498.19	-2.05955
1500.87	19.9195
1503.55	-2.10139
1506.23	1.87772
1508.91	17.8569
1511.59	17.8361
1514.27	3.81528
1516.94	7.79453
1519.62	7.7738
1522.29	1.75311
1524.96	-2.26755
1527.63	25.7118
1530.3	3.69124
1532.97	13.6707
1535.64	19.6502
1538.31	13.6297
1540.98	11.6092
1543.64	11.5888
1546.31	5.5684
1548.97	7.54804
1551.63	17.5277
1554.3	13.5074
1556.96	-8.51281
1559.62	15.467
1562.28	11.4468
1564.94	19.4267
1567.59	5.40656
1570.25	15.3865
1572.9	5.36646
1575.56	-2.65353
1578.21	5.32652
1580.86	17.3066
1583.52	15.2867
1586.17	19.2669
1588.82	-2.75294
1591.47	3.2273
1594.11	3.20758
1596.76	17.1879
1599.41	19.1682
1602.05	19.1486
1604.69	3.12906
1607.34	25.1095
1609.98	9.09004
1612.62	13.0706
1615.26	25.0512
1617.9	-14.9682
1620.54	19.0125
1623.18	8.9932
1625.81	10.9739
1628.45	0.954744
1631.08	6.93559
1633.72	8.91647
1636.35	0.897392
1638.98	14.8784
1641.61	-7.14064
1644.24	-3.15959
1646.87	24.8215
1649.5	2.80264
1652.13	8.78383
1654.75	24.765
1657.38	4.74632
1660	4.72763
1662.63	14.709
1665.25	30.6904
1667.87	-9.32816
1670.49	12.6533
1673.11	2.63487
1675.73	14.6165
1678.35	-9.40192
1680.96	12.5798
1683.58	24.5615
1686.19	26.5433
1688.81	-3.47494
1691.42	8.50693
1694.03	0.488831
1696.64	14.4708
1699.25	14.4528
1701.87	4.43484
1704.47	30.4169
1707.08	4.39909
1709.69	4.38129
1712.29	18.3635
1714.9	-11.6542
1717.5	6.32817
1720.1	18.3106
1722.71	20.293
1725.31	14.2755
1727.91	12.258
1730.51	16.2406
1733.1	14.2233
1735.7	6.20594
1738.3	-3.81132
1740.89	8.17148
1743.49	20.1543
1746.08	-1.86279
1748.67	6.12015
1751.26	8.10316
1753.86	14.0862
1756.45	8.0693
1759.03	16.0525
1761.62	6.03566
1764.21	16.0189
1766.8	8.00223
1769.38	7.9856
1771.97	15.969
1774.55	-2.04752
1777.13	-2.064
1779.71	11.9196
1782.29	9.90321
1784.87	5.8869
1787.45	11.8706
1790.03	13.8544
1792.61	31.8383
1795.18	3.82218
1797.76	1.80614
1800.33	15.7902
1802.9	23.7742
1805.48	3.75835
1808.05	9.74253
1810.62	7.72677
1813.19	7.71106
1815.76	7.69541
1818.33	9.67981
1820.89	9.66427
1823.46	13.6488
1826.02	15.6334
1828.59	15.618
1831.15	11.6027
1833.71	21.5874
1836.27	-20.4278
1838.84	3.55711
1841.39	11.542
1843.95	29.527
1846.51	1.51206
1849.07	11.4972
1851.62	19.4823
1854.18	21.4675
1856.73	15.4528
1859.29	29.4381
1861.84	7.42355
1864.39	21.409
1866.94	9.39451
1869.49	15.3801
1872.04	11.3657
1874.59	7.35142
1877.13	3.33718
1879.68	17.323
1882.22	15.3089
1884.77	-2.70518
1887.31	9.28083
1889.85	33.2669
1892.39	29.253
1894.93	27.2392
1897.47	-6.77455
1900.01	13.2118
1902.55	23.1981
1905.09	11.1846
1907.62	11.1711
1910.16	15.1576
1912.69	23.1443
1915.22	9.13096
1917.76	5.11772
1920.29	23.1045
1922.82	17.0914
1925.35	11.0784
1927.88	17.0654
1930.4	5.05244
1932.93	7.03958
1935.46	27.0268
1937.98	15.014
1940.51	17.0014
1943.03	6.98878
1945.55	16.9762
1948.07	20.9638
1950.59	0.951368
1953.11	0.939023
1955.63	14.9268
1958.15	24.9145
1960.67	2.90241
1963.18	36.8903
1965.7	10.8783
1968.21	4.86638
1970.73	-3.14549
1973.24	18.8427
1975.75	22.831
1978.26	26.8193
1980.77	10.8077
1983.28	10.7961
1985.79	4.78467
1988.29	26.7733
1990.8	10.7619
1993.31	8.75067
1995.81	28.7395
1998.31	-1.27165
