100.093	19.5179
103.274	9.57782
106.457	7.63745
109.636	5.69672
112.817	13.7557
115.994	31.8143
119.172	15.8726
122.347	15.9306
125.521	25.9882
128.696	18.0456
131.868	14.1026
135.039	14.1592
138.209	16.2156
141.379	10.2717
144.547	24.3274
147.713	16.3828
150.879	0.437857
154.043	12.4926
157.206	0.547076
160.368	20.6012
163.529	-9.34496
166.689	18.7086
169.848	4.76177
173.006	4.81466
176.163	14.8673
179.316	4.9195
182.471	-1.02853
185.625	-0.976857
188.777	13.0745
191.927	-2.87446
195.077	-4.8237
198.224	19.2267
201.372	7.27688
204.52	19.3267
207.664	1.37626
210.809	1.42553
213.95	19.4745
217.091	3.5231
220.233	1.57147
223.372	1.61952
226.509	1.66728
229.648	19.7148
232.784	13.7619
235.918	13.8088
239.051	17.8554
242.186	3.90176
245.317	21.9478
248.447	-0.00648974
251.577	0.0389575
254.705	2.08412
257.832	16.129
260.958	4.1736
264.083	18.2179
267.204	22.2619
270.327	10.3057
273.449	22.3491
276.57	6.39235
279.69	4.43527
282.806	24.4779
285.924	4.52025
289.04	14.5623
292.154	12.6041
295.268	14.6457
298.379	16.6869
301.492	16.7279
304.601	-9.23134
307.711	24.8091
310.818	10.8493
313.924	2.8892
317.031	-1.07113
320.135	10.9682
323.238	15.0074
326.34	15.0462
329.443	9.08481
332.543	7.12314
335.642	13.1612
338.74	13.199
341.836	11.2365
344.932	23.2738
348.027	-4.68914
351.12	-0.652372
354.213	25.3841
357.302	-2.57962
360.393	7.45639
363.482	-0.507857
366.57	13.5276
369.656	3.56287
372.742	13.5979
375.827	9.63263
378.91	3.66711
381.993	19.7014
385.073	15.7353
388.154	-4.23089
391.232	15.8026
394.311	13.8359
397.387	17.8689
400.462	5.90165
403.536	11.9342
406.611	11.9665
409.683	9.99852
412.754	-3.96967
415.824	10.0619
418.893	4.09322
421.961	0.124311
425.027	6.15517
428.093	10.1858
431.158	4.21618
434.222	0.246329
437.284	4.27625
440.346	12.3059
443.407	12.3354
446.464	10.3646
449.523	10.3936
452.581	-1.57762
455.635	0.450908
458.691	-7.52077
461.743	8.5073
464.797	0.535167
467.847	14.5628
470.899	2.59021
473.947	8.61739
476.994	8.64435
480.043	14.6711
483.088	12.6976
486.133	10.7239
489.176	16.75
492.22	0.775878
495.262	6.80152
498.302	16.827
501.341	18.8522
504.38	12.8772
507.417	6.90195
510.453	22.9265
513.487	6.95087
516.521	0.975024
519.554	16.999
522.586	13.0227
525.616	-8.9538
528.646	-0.930484
531.675	13.0926
534.701	-2.88449
537.729	7.1382
540.753	7.16068
543.778	9.18297
546.8	3.20503
549.821	13.2269
552.844	15.2486
555.863	17.27
558.881	7.29131
561.898	7.31237
564.916	1.33325
567.932	1.35392
570.946	11.3744
573.959	17.3947
576.971	7.41474
579.982	5.43463
582.993	7.45432
586	5.4738
589.008	5.49311
592.015	33.5122
595.022	9.53114
598.025	7.54986
601.029	-6.43159
604.032	3.58676
607.033	3.60492
610.034	7.6229
613.032	9.64068
616.032	-6.34171
619.028	-0.324301
622.023	3.69293
625.018	5.70997
628.013	-4.27316
631.005	13.7435
633.997	1.76002
636.987	13.7763
639.977	1.79248
642.965	9.80844
645.952	11.8242
648.939	1.83983
651.924	11.8553
654.909	-4.12949
657.892	9.88559
660.873	1.90048
663.854	23.9152
666.835	9.92976
669.813	11.9441
672.791	11.9584
675.767	3.97238
678.743	13.9863
681.717	-2.00005
684.692	-1.98652
687.664	6.02684
690.634	2.04003
693.606	20.0531
696.575	4.06591
699.543	8.07861
702.51	20.0911
705.475	6.1035
708.44	8.1157
711.404	10.1277
714.367	0.139617
717.329	16.1513
720.29	26.1629
723.25	18.1743
726.207	14.1855
729.166	0.196602
732.123	0.207525
735.077	14.2183
738.032	8.2289
740.984	12.2393
743.938	14.2496
746.888	8.25979
749.839	26.2698
752.788	4.27962
755.735	4.2893
758.682	12.2988
761.627	12.3082
764.574	24.3175
767.517	-3.67346
770.46	8.33548
773.402	10.3443
776.342	12.3529
779.282	8.3614
782.219	2.36975
785.157	16.378
788.094	10.386
791.029	22.3939
793.962	8.4017
796.896	6.40933
799.828	12.4168
802.76	14.4242
805.689	20.4314
808.619	10.4384
811.546	16.4454
814.473	24.4522
817.4	12.4588
820.324	12.4653
823.248	-11.5283
826.17	12.4779
829.092	24.4841
832.012	16.49
834.932	18.4959
837.851	12.5016
840.768	28.5071
843.685	18.5126
846.599	18.5179
849.514	14.5231
852.428	18.5281
855.339	12.5331
858.251	16.5378
861.16	16.5425
864.07	8.54705
866.978	12.5515
869.884	20.5557
872.792	6.55991
875.696	16.5639
878.599	10.5679
881.502	8.57165
884.404	2.57532
887.304	16.5789
890.204	18.5823
893.103	16.5856
896.001	14.5888
898.898	8.59183
901.794	6.59477
904.689	12.5976
907.581	18.6003
910.474	12.6029
913.364	8.60537
916.256	6.60773
919.144	6.60997
922.034	0.612103
924.92	8.61412
927.808	10.616
930.693	4.61781
933.576	4.61949
936.459	10.6211
939.341	26.6225
942.222	6.62385
945.102	10.6251
947.981	22.6262
950.859	6.62723
953.737	12.6281
956.613	14.6289
959.488	12.6296
962.361	16.6302
965.235	-1.36928
968.105	16.6311
970.977	0.631378
973.846	-3.36845
976.716	18.6316
979.583	12.6316
982.449	4.63146
985.316	10.6312
988.18	24.6309
991.043	-9.36954
993.906	-3.37008
996.767	0.629289
999.628	16.6286
1002.49	-9.37227
1005.35	12.6268
1008.2	24.6258
1011.06	10.6247
1013.91	14.6235
1016.77	22.6221
1019.62	14.6207
1022.48	6.61925
1025.33	-1.38233
1028.18	10.616
1031.03	6.61422
1033.87	14.6124
1036.72	20.6104
1039.57	12.6084
1042.41	18.6062
1045.26	12.604
1048.1	8.6017
1050.94	-1.40069
1053.78	10.5968
1056.62	26.5943
1059.46	22.5916
1062.3	-5.41114
1065.14	8.58603
1067.97	16.5831
1070.81	2.58013
1073.64	10.5771
1076.47	20.5739
1079.31	4.57066
1082.14	-11.4327
1084.97	2.56393
1087.8	10.5604
1090.63	18.5569
1093.45	14.5532
1096.28	8.54952
1099.1	20.5457
1101.93	2.54185
1104.75	4.5379
1107.57	16.5339
1110.39	14.5298
1113.21	14.5256
1116.03	6.52133
1118.85	-3.483
1121.66	14.5126
1124.48	14.5081
1127.3	6.50357
1130.11	2.49895
1132.92	0.494255
1135.73	10.4895
1138.54	10.4847
1141.35	2.47976
1144.16	12.4748
1146.97	18.4697
1149.78	8.46463
1152.58	4.45946
1155.39	18.4542
1158.19	12.4489
1161	-11.5565
1163.8	-1.56192
1166.6	20.4326
1169.4	14.427
1172.2	12.4214
1174.99	22.4157
1177.79	2.4099
1180.59	6.40407
1183.38	12.3982
1186.17	12.3922
1188.97	20.3862
1191.76	16.3802
1194.55	8.37402
1197.34	6.36784
1200.13	4.36159
1202.92	8.35528
1205.7	-7.65108
1208.49	2.3425
1211.27	24.336
1214.06	8.32948
1216.84	14.3229
1219.62	8.31625
1222.4	18.3095
1225.18	8.30279
1227.96	6.29599
1230.74	-1.71088
1233.51	0.282209
1236.29	16.2752
1239.06	10.2682
1241.84	14.2612
1244.61	4.25404
1247.38	8.24687
1250.15	0.239651
1252.92	10.2324
1255.69	12.2251
1258.46	10.2177
1261.23	24.2103
1263.99	14.2028
1266.76	6.19531
1269.52	2.18776
1272.28	26.1802
1275.05	4.17252
1277.81	12.1648
1280.57	20.1571
1283.33	4.14932
1286.08	14.1415
1288.84	6.13363
1291.6	-5.87427
1294.35	6.11778
1297.11	-1.89021
1299.86	6.10176
1302.61	12.0937
1305.36	8.08558
1308.11	12.0774
1310.86	22.0692
1313.61	12.061
1316.36	16.0527
1319.1	4.04445
1321.85	16.0361
1324.59	6.02773
1327.33	-1.98068
1330.08	0.010868
1332.82	26.0024
1335.56	3.99386
1338.3	13.9853
1341.04	13.9767
1343.77	17.9681
1346.51	11.9595
1349.25	23.9508
1351.98	5.94205
1354.71	7.9333
1357.45	3.92452
1360.18	-4.08429
1362.91	-2.09313
1365.64	11.898
1368.37	-0.1109
1371.09	-6.11983
1373.82	31.8712
1376.54	3.86224
1379.27	3.85322
1381.99	9.84418
1384.72	7.83512
1387.44	9.82603
1390.16	3.81691
1392.88	15.8078
1395.6	9.7986
1398.31	5.78941
1401.03	1.7802
1403.75	13.771
1406.46	-0.238306
1409.18	21.7524
1411.89	7.7431
1414.6	5.73378
1417.31	19.7244
1420.02	5.71506
1422.73	19.7057
1425.44	11.6963
1428.15	13.6868
1430.85	13.6774
1433.56	-0.332076
1436.26	19.6584
1438.97	19.6489
1441.67	5.63942
1444.37	-6.37012
1447.07	1.62033
1449.77	19.6108
1452.47	7.60118
1455.16	5.59158
1457.86	17.582
1460.56	9.57234
1463.25	5.5627
1465.94	5.55304
1468.64	5.54337
1471.33	9.5337
1474.02	1.524
1476.71	13.5143
1479.4	13.5046
1482.09	17.4949
1484.77	13.4851
1487.46	9.47537
1490.14	9.46561
1492.83	-4.54415
1495.51	-0.553928
1498.19	1.43629
1500.87	1.4265
1503.55	13.4167
1506.23	21.4069
1508.91	-6.60292
1511.59	17.3873
1514.27	5.37744
1516.94	-2.63239
1519.62	7.35777
1522.29	1.34793
1524.96	5.33809
1527.63	-16.6718
1530.3	9.31839
1532.97	7.30853
1535.64	11.2987
1538.31	5.28881
1540.98	5.27896
1543.64	9.26909
1546.31	3.25923
1548.97	13.2494
1551.63	-2.7605
1554.3	5.22963
1556.96	13.2198
1559.62	17.2099
1562.28	13.2
1564.94	1.19018
1567.59	5.18032
1570.25	15.1705
1572.9	-0.839391
1575.56	11.1508
1578.21	11.1409
1580.86	-0.868931
1583.52	7.12123
1586.17	9.1114
1588.82	21.1016
1591.47	-0.908257
1594.11	13.0819
1596.76	19.0721
1599.41	11.0623
1602.05	7.05252
1604.69	1.04273
1607.34	3.03294
1609.98	23.0232
1612.62	3.0134
1615.26	13.0036
1617.9	2.9939
1620.54	0.984161
1623.18	12.9744
1625.81	-3.03528
1628.45	12.955
1631.08	24.9453
1633.72	16.9356
1636.35	14.926
1638.98	6.91631
1641.61	24.9067
1644.24	12.897
1646.87	14.8874
1649.5	12.8778
1652.13	4.86821
1654.75	16.8586
1657.38	14.8491
1660	18.8395
1662.63	22.83
1665.25	14.8205
1667.87	24.811
1670.49	4.80149
1673.11	-3.20798
1675.73	14.7826
1678.35	14.7731
1680.96	16.7637
1683.58	16.7543
1686.19	6.74496
1688.81	6.7356
1691.42	6.72626
1694.03	16.7169
1696.64	8.70765
1699.25	8.69837
1701.87	10.6891
1704.47	24.6799
1707.08	8.67067
1709.69	-1.33852
1712.29	14.6523
1714.9	-3.35684
1717.5	12.634
1720.1	12.6249
1722.71	16.6159
1725.31	-3.39319
1727.91	6.59778
1730.51	16.5888
1733.1	12.5798
1735.7	2.57085
1738.3	2.56192
1740.89	16.553
1743.49	0.544145
1746.08	6.5353
1748.67	20.5265
1751.26	12.5177
1753.86	20.5089
1756.45	14.5002
1759.03	10.4915
1761.62	12.4828
1764.21	14.4741
1766.8	10.4655
1769.38	-5.54307
1771.97	12.4484
1774.55	6.43983
1777.13	0.431328
1779.71	30.4229
1782.29	6.41442
1784.87	22.406
1787.45	0.397637
1790.03	16.3893
1792.61	4.38098
1795.18	0.372709
1797.76	8.36446
1800.33	22.3563
1802.9	20.3481
1805.48	16.3399
1808.05	-5.66817
1810.62	18.3238
1813.19	16.3157
1815.76	26.3077
1818.33	2.29975
1820.89	8.29181
1823.46	6.28392
1826.02	0.276065
1828.59	-7.73175
1831.15	10.2605
1833.71	0.252718
1836.27	18.245
1838.84	18.2373
1841.39	20.2297
1843.95	12.2221
1846.51	12.2146
1849.07	10.2071
1851.62	16.1996
1854.18	10.1922
1856.73	2.18477
1859.29	12.1774
1861.84	16.1701
1864.39	10.1628
1866.94	-5.84439
1869.49	14.1484
1872.04	16.1413
1874.59	32.1342
1877.13	14.1271
1879.68	-3.87988
1882.22	20.1131
1884.77	8.10622
1887.31	-7.90066
1889.85	-1.9075
1892.39	10.0857
1894.93	22.079
1897.47	10.0723
1900.01	12.0656
1902.55	-3.94101
1905.09	16.0524
1907.62	20.0459
1910.16	14.0394
1912.69	6.03301
1915.22	8.02664
1917.76	8.02031
1920.29	8.01402
1922.82	4.00779
1925.35	12.0016
1927.88	11.9955
1930.4	-2.01062
1932.93	11.9833
1935.46	7.97736
1937.98	9.97142
1940.51	21.9655
1943.03	9.95969
1945.55	11.9539
1948.07	17.9482
1950.59	3.94248
1953.11	-2.06315
1955.63	23.9313
1958.15	17.9257
1960.67	15.9203
1963.18	15.9148
1965.7	-2.09053
1968.21	3.90415
1970.73	3.89888
1973.24	9.89367
1975.75	11.8885
1978.26	15.8834
1980.77	3.87837
1983.28	5.87337
1985.79	9.86843
1988.29	13.8636
1990.8	3.85872
1993.31	-0.146047
1995.81	23.8492
1998.31	9.84458
