100.093	21.9459
103.274	25.9309
106.457	29.916
109.636	17.9013
112.817	25.8868
115.994	29.8724
119.172	31.8581
122.347	25.844
125.521	47.83
128.696	33.8162
131.868	21.8025
135.039	19.789
138.209	21.7757
141.379	-2.23759
144.547	15.7493
147.713	5.73638
150.879	13.7236
154.043	21.7109
157.206	1.69839
160.368	17.686
163.529	27.6738
166.689	9.66167
169.848	15.6497
173.006	15.6379
176.163	33.6262
179.316	29.6146
182.471	25.6032
185.625	21.5919
188.777	25.5808
191.927	19.5697
195.077	15.5589
198.224	-0.451904
201.372	9.53747
204.52	25.527
207.664	13.5166
210.809	17.5064
213.95	19.4962
217.091	13.4863
220.233	3.47639
223.372	23.4667
226.509	25.457
229.648	1.44755
232.784	15.4382
235.918	13.4289
239.051	15.4198
242.186	21.4108
245.317	21.4019
248.447	33.3932
251.577	13.3845
254.705	9.37602
257.832	1.36762
260.958	11.3593
264.083	7.35115
267.204	11.3431
270.327	21.3352
273.449	13.3273
276.57	11.3196
279.69	27.312
282.806	-2.69549
285.924	13.2971
289.04	21.2899
292.154	9.2827
295.268	1.27565
298.379	-4.73129
301.492	9.26187
304.601	13.2551
307.711	17.2485
310.818	15.242
313.924	13.2356
317.031	15.2293
320.135	-0.776923
323.238	17.217
326.34	11.211
329.443	7.20508
332.543	7.19928
335.642	11.1936
338.74	11.188
341.836	5.18249
344.932	5.17709
348.027	19.1718
351.12	3.16658
354.213	11.1615
357.302	23.1565
360.393	19.1515
363.482	7.14671
366.57	1.14197
369.656	29.1373
372.742	9.13279
375.827	15.1283
378.91	15.124
381.993	3.11969
385.073	-0.884495
388.154	17.1114
391.232	15.1074
394.311	21.1035
397.387	-0.900357
400.462	13.0959
403.536	5.09223
406.611	13.0887
409.683	7.08516
412.754	23.0818
415.824	-2.92157
418.893	17.0752
421.961	23.072
425.027	9.06894
428.093	11.0659
431.158	13.063
434.222	7.06018
437.284	-0.942585
440.346	23.0547
443.407	29.0521
446.464	1.04959
449.523	11.0471
452.581	13.0448
455.635	15.0425
458.691	13.0402
461.743	19.0381
464.797	9.03598
467.847	13.034
470.899	15.032
473.947	15.0302
476.994	11.0284
480.043	19.0266
483.088	11.025
486.133	5.02339
489.176	17.0219
492.22	3.02041
495.262	9.01902
498.302	9.0177
501.341	11.0164
504.38	-0.98475
507.417	9.01412
510.453	21.0131
513.487	-6.98794
516.521	17.0111
519.554	-4.98975
522.586	23.0094
525.616	11.0087
528.646	7.00799
531.675	9.00735
534.701	9.00678
537.729	17.0063
540.753	21.0058
543.778	-2.9946
546.8	7.00506
549.821	7.00477
552.844	5.00454
555.863	9.00436
558.881	25.0042
561.898	9.00416
564.916	3.00415
567.932	11.0042
570.946	9.00427
573.959	11.0044
576.971	-2.9954
579.982	-0.995161
582.993	5.00513
586	13.0055
589.008	9.00585
592.015	15.0063
595.022	-10.9932
598.025	15.0073
601.029	-2.99212
604.032	3.0085
607.033	1.00917
610.034	-10.9901
613.032	11.0106
616.032	3.01143
619.028	-0.987727
622.023	13.0132
625.018	21.0141
628.013	7.01505
631.005	3.01606
633.997	19.0171
636.987	17.0182
639.977	9.01932
642.965	13.0205
645.952	15.0217
648.939	7.02292
651.924	-6.9758
654.909	3.02551
657.892	9.02686
660.873	7.02824
663.854	5.02966
666.835	7.03111
669.813	13.0326
672.791	19.0341
675.767	7.03567
678.743	13.0373
681.717	-0.961134
684.692	11.0405
687.664	29.0422
690.634	1.04389
693.606	9.04563
696.575	3.04739
699.543	3.04918
702.51	5.051
705.475	23.0528
708.44	19.0547
711.404	15.0566
714.367	7.05854
717.329	1.06049
720.29	5.06247
723.25	13.0645
726.207	7.06648
729.166	-6.93147
732.123	17.0706
735.077	29.0727
738.032	3.07479
740.984	15.0769
743.938	9.07908
746.888	13.0812
749.839	-6.91656
752.788	7.08565
755.735	-4.91213
758.682	17.0901
761.627	5.09238
764.574	17.0947
767.517	13.097
770.46	15.0993
773.402	5.10159
776.342	-0.896064
779.282	17.1063
782.219	7.10866
785.157	9.11104
788.094	17.1134
791.029	7.11585
793.962	7.11827
796.896	21.1207
799.828	5.12314
802.76	7.12559
805.689	13.1281
808.619	9.13052
811.546	7.133
814.473	27.1355
817.4	25.138
820.324	13.1405
823.248	9.143
826.17	15.1455
829.092	5.14804
832.012	9.15057
834.932	15.1531
837.851	25.1556
840.768	23.1582
843.685	15.1607
846.599	7.16328
849.514	3.16583
852.428	19.1684
855.339	3.17093
858.251	13.1735
861.16	11.176
864.07	5.1786
866.978	9.18116
869.884	23.1837
872.792	25.1863
875.696	19.1888
878.599	21.1914
881.502	19.1939
884.404	15.1965
887.304	7.19901
890.204	13.2015
893.103	27.2041
896.001	13.2066
898.898	23.2091
901.794	9.21164
904.689	9.21415
907.581	21.2167
910.474	23.2192
913.364	7.22164
916.256	19.2241
919.144	7.22659
922.034	23.2291
924.92	15.2315
927.808	-16.766
930.693	15.2364
933.576	1.23881
936.459	-6.75878
939.341	13.2436
942.222	17.246
945.102	9.24839
947.981	5.25075
950.859	17.2531
953.737	17.2554
956.613	3.25775
959.488	13.2601
962.361	7.26235
965.235	7.26462
968.105	5.26688
970.977	9.26912
973.846	-2.72865
976.716	1.27356
979.583	13.2757
982.449	7.27792
985.316	-2.71993
988.18	7.28221
991.043	7.28432
993.906	19.2864
996.767	11.2885
999.628	15.2905
1002.49	17.2926
1005.35	5.29459
1008.2	19.2966
1011.06	13.2985
1013.91	19.3005
1016.77	15.3024
1019.62	3.3043
1022.48	13.3062
1025.33	17.308
1028.18	-2.69016
1031.03	23.3116
1033.87	15.3134
1036.72	1.31515
1039.57	13.3169
1042.41	35.3186
1045.26	3.32022
1048.1	27.3219
1050.94	13.3235
1053.78	9.32504
1056.62	-2.67341
1059.46	17.3281
1062.3	11.3296
1065.14	5.33106
1067.97	19.3325
1070.81	3.33389
1073.64	3.33525
1076.47	5.33659
1079.31	1.33789
1082.14	23.3392
1084.97	17.3404
1087.8	1.3416
1090.63	21.3428
1093.45	1.3439
1096.28	17.345
1099.1	5.34606
1101.93	3.34709
1104.75	13.3481
1107.57	11.349
1110.39	15.35
1113.21	5.35085
1116.03	11.3517
1118.85	15.3525
1121.66	13.3533
1124.48	3.354
1127.3	-4.64531
1130.11	15.3553
1132.92	3.35596
1135.73	5.35653
1138.54	9.35706
1141.35	23.3576
1144.16	7.35801
1146.97	23.3584
1149.78	9.35878
1152.58	19.3591
1155.39	-2.64061
1158.19	13.3596
1161	17.3598
1163.8	7.35997
1166.6	3.36007
1169.4	15.3601
1172.2	1.36015
1174.99	5.36013
1177.79	23.3601
1180.59	23.3599
1183.38	7.35976
1186.17	13.3595
1188.97	17.3593
1191.76	5.35898
1194.55	3.35862
1197.34	5.35822
1200.13	21.3578
1202.92	1.35726
1205.7	7.35671
1208.49	15.3561
1211.27	25.3555
1214.06	-2.64524
1216.84	13.354
1219.62	23.3532
1222.4	-6.64766
1225.18	13.3514
1227.96	-10.6495
1230.74	1.34946
1233.51	19.3484
1236.29	5.34728
1239.06	9.34611
1241.84	31.3449
1244.61	11.3436
1247.38	3.34227
1250.15	13.3409
1252.92	11.3394
1255.69	7.33793
1258.46	11.3364
1261.23	5.33476
1263.99	7.33309
1266.76	3.33136
1269.52	-4.67042
1272.28	23.3277
1275.05	11.3258
1277.81	13.3239
1280.57	5.32185
1283.33	7.31978
1286.08	7.31764
1288.84	5.31544
1291.6	-6.68681
1294.35	-0.689131
1297.11	3.30849
1299.86	9.30605
1302.61	15.3036
1305.36	21.301
1308.11	13.2984
1310.86	5.29568
1313.61	5.29293
1316.36	1.29012
1319.1	-2.71276
1321.85	3.2843
1324.59	11.2813
1327.33	-0.721772
1330.08	15.2751
1332.82	19.2719
1335.56	-6.73137
1338.3	-2.7347
1341.04	17.2619
1343.77	29.2584
1346.51	9.25492
1349.25	7.25132
1351.98	19.2477
1354.71	5.24393
1357.45	5.24013
1360.18	15.2363
1362.91	13.2323
1365.64	11.2283
1368.37	17.2243
1371.09	23.2201
1373.82	-2.7841
1376.54	17.2116
1379.27	9.20727
1381.99	11.2028
1384.72	9.19835
1387.44	3.19378
1390.16	15.1891
1392.88	17.1844
1395.6	7.17965
1398.31	27.1748
1401.03	13.1699
1403.75	-0.835126
1406.46	-8.8402
1409.18	13.1547
1411.89	13.1494
1414.6	17.1441
1417.31	13.1388
1420.02	19.1333
1422.73	3.1278
1425.44	13.1222
1428.15	7.11653
1430.85	-8.88922
1433.56	3.10496
1436.26	9.09905
1438.97	-0.906924
1441.67	-2.91298
1444.37	13.0809
1447.07	11.0747
1449.77	15.0684
1452.47	5.06202
1455.16	15.0556
1457.86	29.049
1460.56	21.0424
1463.25	1.03575
1465.94	13.029
1468.64	-0.977855
1471.33	5.01522
1474.02	23.0082
1476.71	-8.99887
1479.4	18.994
1482.09	0.986706
1484.77	8.97937
1487.46	2.97196
1490.14	10.9645
1492.83	-7.04312
1495.51	2.94922
1498.19	-3.05853
1500.87	4.93365
1503.55	2.92573
1506.23	-1.08227
1508.91	14.9097
1511.59	-5.09851
1514.27	12.8932
1516.94	0.884901
1519.62	4.87647
1522.29	8.86797
1524.96	4.85937
1527.63	12.8507
1530.3	22.8419
1532.97	18.8331
1535.64	18.8241
1538.31	0.815102
1540.98	6.80599
1543.64	8.79678
1546.31	10.7875
1548.97	26.7781
1551.63	6.76865
1554.3	6.75908
1556.96	22.7494
1559.62	8.7397
1562.28	4.72988
1564.94	0.719963
1567.59	-1.29004
1570.25	20.6999
1572.9	6.68967
1575.56	6.67939
1578.21	0.669024
1580.86	4.65856
1583.52	8.648
1586.17	24.6374
1588.82	16.6266
1591.47	2.61579
1594.11	6.60487
1596.76	8.59385
1599.41	14.5827
1602.05	-3.42846
1604.69	12.5602
1607.34	16.5489
1609.98	20.5374
1612.62	6.52579
1615.26	6.51411
1617.9	6.50235
1620.54	10.4905
1623.18	12.4785
1625.81	4.46646
1628.45	10.4543
1631.08	12.4421
1633.72	30.4297
1636.35	8.41728
1638.98	20.4047
1641.61	20.3921
1644.24	6.37937
1646.87	10.3665
1649.5	6.35361
1652.13	16.3406
1654.75	6.32745
1657.38	12.3142
1660	16.3009
1662.63	4.28749
1665.25	10.274
1667.87	0.260339
1670.49	10.2466
1673.11	8.2328
1675.73	8.21888
1678.35	16.2049
1680.96	12.1907
1683.58	-3.82349
1686.19	10.1622
1688.81	8.14776
1691.42	10.1332
1694.03	2.1186
1696.64	8.10387
1699.25	16.089
1701.87	14.0741
1704.47	10.0591
1707.08	10.0439
1709.69	18.0287
1712.29	14.0133
1714.9	21.9979
1717.5	5.98231
1720.1	-2.03335
1722.71	5.95088
1725.31	15.935
1727.91	-2.08097
1730.51	7.90296
1733.1	13.8868
1735.7	19.8705
1738.3	-2.14592
1740.89	7.83758
1743.49	11.821
1746.08	5.80426
1748.67	3.78743
1751.26	15.7705
1753.86	3.75348
1756.45	7.73633
1759.03	-8.28091
1761.62	13.7017
1764.21	1.68426
1766.8	17.6667
1769.38	15.649
1771.97	3.63122
1774.55	3.61332
1777.13	9.59531
1779.71	7.57719
1782.29	5.55898
1784.87	21.5406
1787.45	19.5222
1790.03	7.50365
1792.61	11.485
1795.18	9.46621
1797.76	-0.552685
1800.33	5.42832
1802.9	15.4092
1805.48	5.39
1808.05	21.3707
1810.62	13.3512
1813.19	17.3317
1815.76	9.31201
1818.33	-8.70777
1820.89	-0.72766
1823.46	5.25235
1826.02	15.2322
1828.59	1.21201
1831.15	13.1917
1833.71	15.1712
1836.27	1.15064
1838.84	17.13
1841.39	11.1092
1843.95	17.0883
1846.51	17.0672
1849.07	7.04611
1851.62	11.0249
1854.18	23.0035
1856.73	4.98201
1859.29	-5.03959
1861.84	14.9387
1864.39	6.91688
1866.94	-1.10507
1869.49	6.87287
1872.04	-1.14931
1874.59	-5.1716
1877.13	10.806
1879.68	-9.21652
1882.22	14.7608
1884.77	12.7381
1887.31	14.7152
1889.85	16.6922
1892.39	8.6691
1894.93	20.6459
1897.47	-9.37748
1900.01	10.5991
1902.55	20.5755
1905.09	10.5518
1907.62	2.52795
1910.16	4.50403
1912.69	6.47997
1915.22	4.45579
1917.76	8.4315
1920.29	0.407075
1922.82	2.38255
1925.35	12.3579
1927.88	18.3331
1930.4	4.30822
1932.93	6.2832
1935.46	-3.74193
1937.98	4.23281
1940.51	8.20743
1943.03	-5.81808
1945.55	24.1563
1948.07	10.1306
1950.59	2.10471
1953.11	12.0787
1955.63	12.0526
1958.15	8.02639
1960.67	6.00004
1963.18	13.9736
1965.7	29.947
1968.21	25.9202
1970.73	9.8934
1973.24	5.86643
1975.75	3.83935
1978.26	7.81213
1980.77	3.78481
1983.28	15.7573
1985.79	3.72976
1988.29	9.70206
1990.8	3.67421
1993.31	1.64625
1995.81	-10.3818
1998.31	5.58998
