100.093	37.4321
103.274	29.28
106.457	35.1287
109.636	48.9783
112.817	34.8288
115.994	36.6802
119.172	34.5323
122.347	14.3854
125.521	24.2394
128.696	40.0941
131.868	23.9498
135.039	25.8063
138.209	35.6637
141.379	25.5218
144.547	23.3808
147.713	29.2407
150.879	23.1014
154.043	32.9629
157.206	20.8253
160.368	2.68849
163.529	20.5525
166.689	12.4173
169.848	34.283
173.006	32.1494
176.163	30.0167
179.316	11.8848
182.471	25.7537
185.625	21.6234
188.777	23.4938
191.927	33.3652
195.077	19.2372
198.224	23.1102
201.372	26.9838
204.52	28.8582
207.664	22.7335
210.809	22.6095
213.95	28.4863
217.091	32.3639
220.233	32.2422
223.372	18.1213
226.509	38.0012
229.648	31.8817
232.784	27.7632
235.918	15.6453
239.051	9.52823
242.186	31.4118
245.317	13.2962
248.447	23.1814
251.577	19.0673
254.705	-5.04612
257.832	34.8412
260.958	30.7293
264.083	26.6181
267.204	18.5078
270.327	32.398
273.449	-5.71097
276.57	46.1807
279.69	28.0732
282.806	25.9664
285.924	23.8602
289.04	19.7548
292.154	25.6501
295.268	31.546
298.379	23.4428
301.492	19.3401
304.601	31.2382
307.711	27.137
310.818	19.0364
313.924	26.9366
317.031	26.8374
320.135	16.7389
323.238	22.6412
326.34	20.544
329.443	24.4475
332.543	16.3518
335.642	10.2567
338.74	20.1622
341.836	4.06842
344.932	11.9753
348.027	31.8828
351.12	25.791
354.213	13.6998
357.302	27.6094
360.393	19.5195
363.482	15.4303
366.57	25.3417
369.656	13.2538
372.742	15.1664
375.827	23.0798
378.91	4.99375
381.993	28.9083
385.073	14.8236
388.154	14.7394
391.232	28.6559
394.311	12.5729
397.387	20.4906
400.462	12.4089
403.536	16.3279
406.611	22.2474
409.683	14.1675
412.754	10.0882
415.824	10.0096
418.893	17.9315
421.961	15.854
425.027	15.7772
428.093	9.70087
431.158	3.62516
434.222	29.55
437.284	17.4755
440.346	31.4015
443.407	17.3281
446.464	9.25537
449.523	11.1831
452.581	15.1114
455.635	9.04038
458.691	10.9698
461.743	12.8999
464.797	16.8305
467.847	14.7616
470.899	12.6933
473.947	14.6256
476.994	14.5584
480.043	14.4917
483.088	22.4256
486.133	16.3601
489.176	12.2951
492.22	8.23056
495.262	12.1666
498.302	8.10321
501.341	10.0403
504.38	5.97797
507.417	13.9161
510.453	7.85484
513.487	17.7941
516.521	9.73381
519.554	13.6741
522.586	19.6148
525.616	19.5561
528.646	5.49787
531.675	9.44015
534.701	1.38296
537.729	11.3262
540.753	11.2701
543.778	13.2143
546.8	15.1591
549.821	17.1044
552.844	17.0502
555.863	18.9964
558.881	4.94317
561.898	-9.1096
564.916	8.83807
567.932	4.78625
570.946	6.73491
573.959	10.684
576.971	10.6336
579.982	0.583709
582.993	8.53424
586	6.48527
589.008	14.4367
592.015	14.3886
595.022	10.341
598.025	6.29386
601.029	34.2471
604.032	0.200861
607.033	10.1551
610.034	14.1097
613.032	8.06477
616.032	0.0202636
619.028	7.97623
622.023	3.93263
625.018	11.8895
628.013	-4.1533
631.005	21.8044
633.997	-2.23749
636.987	9.72106
639.977	11.68
642.965	17.6394
645.952	15.5992
648.939	15.5594
651.924	-2.47993
654.909	3.48111
657.892	3.44256
660.873	7.40445
663.854	3.36671
666.835	1.32938
669.813	11.2925
672.791	13.2559
675.767	5.21982
678.743	13.1841
681.717	13.1487
684.692	5.11378
687.664	3.07923
690.634	13.0451
693.606	3.01125
696.575	8.97785
699.543	10.9448
702.51	4.91217
705.475	28.8799
708.44	8.84799
711.404	14.8165
714.367	18.7853
717.329	2.75449
720.29	8.72406
723.25	10.694
726.207	-1.33571
729.166	-1.36507
732.123	20.6059
735.077	26.5773
738.032	-1.45099
740.984	4.52108
743.938	12.4935
746.888	14.4662
749.839	2.43933
752.788	12.4128
755.735	-5.61344
758.682	20.3607
761.627	12.3351
764.574	0.309911
767.517	22.285
770.46	12.2605
773.402	0.236254
776.342	18.2124
779.282	12.1888
782.219	18.1655
785.157	12.1426
788.094	14.12
791.029	12.0977
793.962	6.07568
796.896	20.054
799.828	12.0326
802.76	4.01156
805.689	1.99081
808.619	19.9703
811.546	13.9502
814.473	7.93035
817.4	9.91078
820.324	11.8915
823.248	11.8725
826.17	21.8539
829.092	15.8355
832.012	15.8174
834.932	17.7996
837.851	27.782
840.768	1.76477
843.685	35.7478
846.599	13.7311
849.514	1.71469
852.428	17.6985
855.339	3.68267
858.251	3.66706
861.16	17.6517
864.07	-0.363351
866.978	5.62184
869.884	15.6073
872.792	7.59301
875.696	17.579
878.599	21.5652
881.502	-4.4483
884.404	-0.461565
887.304	7.52542
890.204	7.51265
893.103	7.50014
896.001	13.4879
898.898	-0.524172
901.794	23.464
904.689	3.45248
907.581	15.4412
910.474	7.4301
913.364	3.41926
916.256	3.40864
919.144	5.39826
922.034	17.3881
924.92	-0.621822
927.808	1.36847
930.693	3.35899
933.576	5.34973
936.459	3.34069
939.341	17.3319
942.222	7.32326
945.102	-2.68514
947.981	-0.69332
950.859	-0.701295
953.737	11.2909
956.613	5.28338
959.488	11.276
962.361	15.2689
965.235	15.2619
968.105	7.25516
970.977	15.2486
973.846	5.24225
976.716	7.23608
979.583	-4.7699
982.449	21.2243
985.316	15.2187
988.18	9.21331
991.043	3.20808
993.906	9.20304
996.767	5.19818
999.628	7.1935
1002.49	-4.81101
1005.35	5.18466
1008.2	3.18051
1011.06	-0.82347
1013.91	19.1727
1016.77	21.1691
1019.62	-0.834398
1022.48	-0.837708
1025.33	3.15915
1028.18	1.15616
1031.03	11.1533
1033.87	3.15068
1036.72	-16.8518
1039.57	-8.85418
1042.41	11.1436
1045.26	15.1416
1048.1	11.1397
1050.94	9.13793
1053.78	5.13633
1056.62	19.1349
1059.46	11.1336
1062.3	15.1324
1065.14	15.1314
1067.97	-0.869532
1070.81	13.1297
1073.64	1.12909
1076.47	7.12861
1079.31	3.12825
1082.14	-4.87197
1084.97	11.1279
1087.8	15.128
1090.63	3.12812
1093.45	5.1284
1096.28	23.1288
1099.1	21.1293
1101.93	5.12996
1104.75	7.13071
1107.57	-14.8684
1110.39	17.1326
1113.21	5.13367
1116.03	3.13488
1118.85	15.1362
1121.66	5.13762
1124.48	13.1392
1127.3	11.1408
1130.11	7.14253
1132.92	23.1444
1135.73	-0.853699
1138.54	3.14834
1141.35	13.1505
1144.16	-0.847305
1146.97	3.15501
1149.78	11.1574
1152.58	3.15992
1155.39	17.1625
1158.19	-2.83481
1161	17.1679
1163.8	7.17079
1166.6	1.17372
1169.4	7.17672
1172.2	11.1798
1174.99	9.18297
1177.79	21.1862
1180.59	9.18952
1183.38	3.19291
1186.17	11.1964
1188.97	7.19989
1191.76	15.2035
1194.55	-10.7929
1197.34	11.2109
1200.13	7.21466
1202.92	13.2185
1205.7	7.22243
1208.49	-10.7736
1211.27	9.23043
1214.06	5.23452
1216.84	9.23866
1219.62	1.24285
1222.4	1.2471
1225.18	7.25139
1227.96	13.2557
1230.74	-2.73987
1233.51	9.26456
1236.29	19.269
1239.06	13.2736
1241.84	3.27813
1244.61	11.2827
1247.38	-4.71262
1250.15	-4.70795
1252.92	7.29677
1255.69	21.3015
1258.46	7.3063
1261.23	5.31111
1263.99	3.31595
1266.76	17.3208
1269.52	7.32572
1272.28	-2.66936
1275.05	1.33559
1277.81	7.34056
1280.57	3.34555
1283.33	5.35056
1286.08	1.35558
1288.84	13.3606
1291.6	21.3657
1294.35	5.37076
1297.11	-0.624158
1299.86	3.38094
1302.61	15.386
1305.36	7.39116
1308.11	13.3963
1310.86	17.4014
1313.61	15.4065
1316.36	-2.58833
1319.1	5.41681
1321.85	-4.57806
1324.59	3.42708
1327.33	5.43221
1330.08	-0.562667
1332.82	1.44245
1335.56	11.4476
1338.3	9.45267
1341.04	21.4578
1343.77	5.46285
1346.51	-2.53207
1349.25	1.47299
1351.98	15.478
1354.71	9.48306
1357.45	5.48807
1360.18	5.49306
1362.91	5.49803
1365.64	11.503
1368.37	1.5079
1371.09	1.5128
1373.82	1.51768
1376.54	3.52252
1379.27	13.5273
1381.99	13.5321
1384.72	5.53689
1387.44	1.54162
1390.16	7.54631
1392.88	3.55097
1395.6	1.55559
1398.31	-0.439825
1401.03	15.5647
1403.75	7.56922
1406.46	-8.42631
1409.18	11.5781
1411.89	9.58249
1414.6	7.58682
1417.31	11.5911
1420.02	7.59534
1422.73	-0.400474
1425.44	-0.396336
1428.15	13.6077
1430.85	1.61178
1433.56	5.61576
1436.26	11.6197
1438.97	5.62355
1441.67	3.62736
1444.37	15.6311
1447.07	9.63479
1449.77	7.63842
1452.47	9.64198
1455.16	5.64548
1457.86	3.64892
1460.56	11.6523
1463.25	11.6556
1465.94	11.6588
1468.64	1.66197
1471.33	-0.33494
1474.02	3.66808
1476.71	1.67102
1479.4	5.67388
1482.09	-4.32333
1484.77	-2.32062
1487.46	9.68202
1490.14	11.6846
1492.83	3.68704
1495.51	-0.310572
1498.19	3.69173
1500.87	7.69395
1503.55	9.69609
1506.23	3.69813
1508.91	7.70009
1511.59	25.702
1514.27	1.70374
1516.94	-2.29458
1519.62	-0.292987
1522.29	19.7085
1524.96	7.70991
1527.63	-0.288783
1530.3	-0.287576
1532.97	5.71353
1535.64	1.71454
1538.31	9.71545
1540.98	-0.283749
1543.64	15.717
1546.31	3.71755
1548.97	5.71804
1551.63	-6.28158
1554.3	11.7187
1556.96	1.71886
1559.62	19.7189
1562.28	3.71885
1564.94	5.71868
1567.59	21.7184
1570.25	15.718
1572.9	5.71748
1575.56	15.7168
1578.21	11.7161
1580.86	15.7152
1583.52	5.71423
1586.17	9.71312
1588.82	-2.28812
1591.47	15.7105
1594.11	15.709
1596.76	19.7074
1599.41	39.7057
1602.05	3.70381
1604.69	5.70182
1607.34	1.69969
1609.98	17.6974
1612.62	21.695
1615.26	5.69251
1617.9	11.6898
1620.54	7.68705
1623.18	-0.315886
1625.81	5.68104
1628.45	29.6778
1631.08	13.6745
1633.72	5.67098
1636.35	7.66735
1638.98	7.66357
1641.61	3.65964
1644.24	-0.34443
1646.87	19.6514
1649.5	17.647
1652.13	5.64248
1654.75	7.63781
1657.38	13.633
1660	-14.372
1662.63	23.6229
1665.25	7.61764
1667.87	3.61221
1670.49	9.60662
1673.11	13.6009
1675.73	17.595
1678.35	3.58892
1680.96	11.5827
1683.58	19.5763
1686.19	13.5698
1688.81	-0.436926
1691.42	17.5562
1694.03	19.5492
1696.64	13.542
1699.25	17.5346
1701.87	7.52706
1704.47	27.5194
1707.08	17.5115
1709.69	5.50343
1712.29	13.4952
1714.9	5.48681
1717.5	3.47825
1720.1	-0.530495
1722.71	-8.53942
1725.31	7.45149
1727.91	3.44221
1730.51	-0.56724
1733.1	5.42313
1735.7	13.4133
1738.3	19.4033
1740.89	13.3931
1743.49	11.3828
1746.08	-2.62778
1748.67	19.3615
1751.26	5.35056
1753.86	3.33945
1756.45	11.3281
1759.03	-2.68334
1761.62	-2.69502
1764.21	17.2931
1766.8	1.28105
1769.38	11.2688
1771.97	19.2563
1774.55	9.24369
1777.13	-0.769156
1779.71	9.2178
1782.29	25.2046
1784.87	7.19113
1787.45	17.1775
1790.03	15.1637
1792.61	3.14961
1795.18	-0.864632
1797.76	13.1209
1800.33	5.10626
1802.9	13.0914
1805.48	11.0763
1808.05	13.0611
1810.62	19.0456
1813.19	9.0299
1815.76	13.014
1818.33	4.99788
1820.89	4.98155
1823.46	4.96503
1826.02	0.94827
1828.59	16.9313
1831.15	12.9141
1833.71	4.89673
1836.27	12.8791
1838.84	6.86129
1841.39	10.8432
1843.95	6.82496
1846.51	0.806471
1849.07	18.7878
1851.62	4.76883
1854.18	12.7497
1856.73	6.73029
1859.29	6.71067
1861.84	6.69084
1864.39	8.67078
1866.94	0.650483
1869.49	6.62997
1872.04	14.6092
1874.59	0.588242
1877.13	6.56703
1879.68	16.5456
1882.22	12.5239
1884.77	2.50201
1887.31	2.47988
1889.85	8.45749
1892.39	8.43489
1894.93	12.412
1897.47	0.38894
1900.01	6.36562
1902.55	8.34205
1905.09	24.3182
1907.62	18.2942
1910.16	24.2699
1912.69	-1.75462
1915.22	10.2206
1917.76	20.1956
1920.29	0.170311
1922.82	-1.85519
1925.35	18.119
1927.88	0.0930328
1930.4	-1.93322
1932.93	4.04028
1935.46	14.0135
1937.98	11.9865
1940.51	9.95925
1943.03	-2.06826
1945.55	3.90399
1948.07	-0.124036
1950.59	-8.1523
1953.11	7.81916
1955.63	9.79038
1958.15	1.76135
1960.67	15.7321
1963.18	3.7025
1965.7	9.67268
1968.21	11.6426
1970.73	-6.38774
1973.24	-2.41835
1975.75	7.5508
1978.26	17.5197
1980.77	1.48828
1983.28	13.4566
1985.79	3.4247
1988.29	5.39251
1990.8	13.36
1993.31	1.32732
1995.81	11.2943
1998.31	9.26108
