100.093	17.6777
103.274	27.7432
106.457	-0.191567
109.636	29.8733
112.817	17.9379
115.994	10.0022
119.172	8.06629
122.347	18.13
125.521	18.1934
128.696	14.2566
131.868	8.31945
135.039	12.382
138.209	6.44428
141.379	6.50631
144.547	12.568
147.713	12.6294
150.879	14.6906
154.043	4.75141
157.206	14.812
160.368	10.8723
163.529	20.9323
166.689	2.99197
169.848	17.0514
173.006	13.1106
176.163	13.1695
179.316	7.22801
182.471	3.28634
185.625	15.3444
188.777	13.4022
191.927	3.45962
195.077	-6.48316
198.224	7.57375
201.372	3.63042
204.52	9.68682
207.664	17.7429
210.809	-0.201226
213.95	11.8543
217.091	13.9096
220.233	-2.03535
223.372	24.0194
226.509	8.07386
229.648	0.128108
232.784	10.182
235.918	-3.76428
239.051	6.28913
242.186	14.3423
245.317	8.39519
248.447	18.4478
251.577	-7.49985
254.705	14.5522
257.832	20.6041
260.958	0.655644
264.083	10.707
267.204	12.758
270.327	14.8088
273.449	2.85929
276.57	28.9096
279.69	20.9596
282.806	23.0093
285.924	-10.9412
289.04	13.1081
292.154	-0.842977
295.268	9.20576
298.379	7.25422
301.492	7.30246
304.601	7.35041
307.711	11.3981
310.818	19.4456
313.924	3.49279
317.031	7.53977
320.135	9.58648
323.238	9.63293
326.34	1.67914
329.443	-2.27487
332.543	21.7708
335.642	-2.18369
338.74	5.86154
341.836	17.9065
344.932	3.95126
348.027	-4.00425
351.12	6.04
354.213	8.08401
357.302	14.1277
360.393	18.1713
363.482	24.2146
366.57	14.2576
369.656	8.30039
372.742	6.34296
375.827	24.3853
378.91	14.4274
381.993	10.4692
385.073	2.51083
388.154	12.5522
391.232	8.59334
394.311	2.63427
397.387	24.6749
400.462	18.7154
403.536	6.75555
406.611	8.79554
409.683	8.83528
412.754	4.87478
415.824	0.91406
418.893	16.9531
421.961	16.9919
425.027	3.03051
428.093	11.0689
431.158	17.107
434.222	9.14493
437.284	3.18261
440.346	7.22007
443.407	15.2573
446.464	13.2943
449.523	1.33108
452.581	17.3677
455.635	15.404
458.691	3.4401
461.743	11.476
464.797	1.51166
467.847	1.5471
470.899	15.5823
473.947	11.6173
476.994	-0.34787
480.043	25.6867
483.088	7.72107
486.133	11.7552
489.176	1.78913
492.22	1.82286
495.262	9.85635
498.302	-0.110376
501.341	13.9227
504.38	7.95554
507.417	-0.0118211
510.453	6.02061
513.487	0.0528027
516.521	0.0848094
519.554	2.11661
522.586	12.1482
525.616	20.1796
528.646	22.2107
531.675	8.24169
534.701	14.2724
537.729	0.302976
540.753	20.3333
543.778	-9.63656
546.8	14.3934
549.821	14.4231
552.844	6.45259
555.863	10.4819
558.881	8.511
561.898	4.5399
564.916	12.5686
567.932	0.597114
570.946	2.62541
573.959	10.6535
576.971	2.68141
579.982	16.7091
582.993	-3.26339
586	4.7639
589.008	16.791
592.015	20.8179
595.022	10.8446
598.025	6.87114
601.029	-3.10254
604.032	22.9236
607.033	12.9495
610.034	12.9753
613.032	17.0008
616.032	9.02615
619.028	5.0513
622.023	19.0763
625.018	13.101
628.013	1.12563
631.005	-2.84998
633.997	9.17422
636.987	1.19824
639.977	-8.77794
642.965	11.2457
645.952	1.26915
648.939	1.29242
651.924	11.3155
654.909	3.33839
657.892	15.3611
660.873	-4.61638
663.854	31.406
666.835	19.4281
669.813	11.4501
672.791	9.47187
675.767	7.49347
678.743	5.51491
681.717	5.53614
684.692	17.5572
687.664	3.57809
690.634	3.59879
693.606	17.6193
696.575	7.63967
699.543	7.65984
702.51	11.6798
705.475	-0.300363
708.44	9.71927
711.404	11.7387
714.367	-0.241978
717.329	11.7771
720.29	3.79607
723.25	3.81484
726.207	3.83342
729.166	15.8518
732.123	17.8701
735.077	7.88815
738.032	-0.0939427
740.984	13.9238
743.938	9.94135
746.888	11.9587
749.839	11.976
752.788	11.993
755.735	14.0099
758.682	0.0266004
761.627	4.04315
764.574	-1.94046
767.517	12.0758
770.46	10.0918
773.402	8.10768
776.342	0.123403
779.282	14.139
782.219	10.1543
785.157	4.16957
788.094	16.1846
791.029	24.1995
793.962	18.2143
796.896	12.2289
799.828	14.2433
802.76	20.2575
805.689	28.2716
808.619	12.2856
811.546	28.2993
814.473	16.313
817.4	18.3264
820.324	6.33973
823.248	10.3529
826.17	10.3659
829.092	22.3787
832.012	6.39139
834.932	-1.59609
837.851	16.4163
840.768	30.4285
843.685	18.4406
846.599	8.45246
849.514	22.4642
852.428	14.4758
855.339	2.48727
858.251	6.49858
861.16	12.5097
864.07	6.52073
866.978	12.5316
869.884	20.5423
872.792	16.5528
875.696	-7.43677
878.599	4.57348
881.502	14.5836
884.404	4.59354
887.304	2.60336
890.204	14.613
893.103	22.6225
896.001	4.63192
898.898	8.64115
901.794	6.65024
904.689	16.6592
907.581	6.66798
910.474	4.67664
913.364	-5.31485
916.256	12.6935
919.144	6.70175
922.034	16.7098
924.92	-1.28221
927.808	-5.2744
930.693	4.73326
933.576	12.7408
936.459	4.74818
939.341	18.7554
942.222	22.7625
945.102	22.7695
947.981	8.77636
950.859	0.783058
953.737	2.78962
956.613	14.7961
959.488	-3.19765
962.361	2.80851
965.235	2.81453
968.105	24.8204
970.977	18.8262
973.846	12.8318
976.716	2.8373
979.583	6.84266
982.449	16.8479
985.316	6.85298
988.18	10.8579
991.043	22.8628
993.906	6.86748
996.767	24.8721
999.628	-9.1235
1002.49	10.8808
1005.35	16.885
1008.2	4.88907
1011.06	6.893
1013.91	10.8968
1016.77	2.90049
1019.62	16.904
1022.48	14.9075
1025.33	24.9108
1028.18	14.914
1031.03	4.917
1033.87	20.9199
1036.72	0.922738
1039.57	2.92542
1042.41	14.928
1045.26	18.9304
1048.1	8.93273
1050.94	24.9349
1053.78	12.937
1056.62	14.9389
1059.46	0.940779
1062.3	12.9425
1065.14	18.9441
1067.97	8.94555
1070.81	24.9469
1073.64	16.9481
1076.47	8.94926
1079.31	4.95026
1082.14	24.9511
1084.97	16.9519
1087.8	22.9526
1090.63	14.9531
1093.45	16.9535
1096.28	20.9538
1099.1	2.95402
1101.93	6.9541
1104.75	8.95406
1107.57	0.953909
1110.39	2.95365
1113.21	6.95327
1116.03	16.9528
1118.85	0.952183
1121.66	12.9515
1124.48	12.9507
1127.3	0.949719
1130.11	4.94868
1132.92	18.9475
1135.73	2.94626
1138.54	18.9449
1141.35	22.9434
1144.16	14.9418
1146.97	10.9401
1149.78	0.938334
1152.58	22.9364
1155.39	4.93441
1158.19	2.93229
1161	8.93006
1163.8	12.9277
1166.6	-1.0747
1169.4	10.9228
1172.2	-11.0799
1174.99	2.91736
1177.79	16.9145
1180.59	10.9116
1183.38	-3.09151
1186.17	-3.09467
1188.97	16.9021
1191.76	4.89871
1194.55	6.89524
1197.34	14.8917
1200.13	8.88801
1202.92	4.88424
1205.7	10.8804
1208.49	6.87642
1211.27	-5.12765
1214.06	-1.13181
1216.84	6.86393
1219.62	20.8596
1222.4	4.85512
1225.18	4.85057
1227.96	-5.15408
1230.74	6.84117
1233.51	-1.16367
1236.29	-1.1686
1239.06	12.8264
1241.84	-3.17876
1244.61	6.81603
1247.38	14.8107
1250.15	24.8053
1252.92	6.79981
1255.69	-1.20579
1258.46	8.78853
1261.23	-3.21725
1263.99	12.7769
1266.76	-7.22908
1269.52	12.7649
1272.28	14.7587
1275.05	12.7525
1277.81	12.7462
1280.57	14.7398
1283.33	2.73327
1286.08	0.726677
1288.84	6.72
1291.6	18.7132
1294.35	6.70638
1297.11	14.6994
1299.86	10.6924
1302.61	12.6853
1305.36	18.6781
1308.11	6.67081
1310.86	18.6634
1313.61	6.65598
1316.36	6.64844
1319.1	8.64081
1321.85	-1.3669
1324.59	18.6253
1327.33	-5.38257
1330.08	18.6095
1332.82	0.601427
1335.56	2.5933
1338.3	12.5851
1341.04	14.5768
1343.77	22.5684
1346.51	-3.44002
1349.25	2.55145
1351.98	20.5428
1354.71	6.53414
1357.45	20.5254
1360.18	14.5165
1362.91	10.5076
1365.64	6.49858
1368.37	30.4895
1371.09	10.4803
1373.82	16.4711
1376.54	10.4618
1379.27	6.45237
1381.99	4.44289
1384.72	16.4333
1387.44	20.4237
1390.16	6.41402
1392.88	10.4042
1395.6	12.3944
1398.31	16.3845
1401.03	14.3745
1403.75	4.3644
1406.46	20.3542
1409.18	12.344
1411.89	6.33373
1414.6	-1.67664
1417.31	10.3129
1420.02	22.3024
1422.73	0.291839
1425.44	0.281185
1428.15	2.27047
1430.85	0.25967
1433.56	-5.75119
1436.26	18.2379
1438.97	2.22687
1441.67	2.2158
1444.37	4.20466
1447.07	-1.80655
1449.77	10.1822
1452.47	2.17083
1455.16	2.15942
1457.86	10.1479
1460.56	2.13639
1463.25	8.12477
1465.94	22.1131
1468.64	12.1013
1471.33	8.08954
1474.02	18.0777
1476.71	4.06572
1479.4	8.0537
1482.09	10.0416
1484.77	-1.9705
1487.46	16.0173
1490.14	22.005
1492.83	1.99271
1495.51	15.9803
1498.19	13.9679
1500.87	17.9554
1503.55	13.9428
1506.23	7.93015
1508.91	13.9175
1511.59	1.90469
1514.27	15.8919
1516.94	7.879
1519.62	7.86605
1522.29	15.8531
1524.96	5.83999
1527.63	-0.173124
1530.3	9.8137
1532.97	5.80046
1535.64	13.7872
1538.31	13.7738
1540.98	1.76041
1543.64	-0.253057
1546.31	-2.26657
1548.97	35.7198
1551.63	5.70621
1554.3	9.69251
1556.96	-2.32123
1559.62	21.665
1562.28	13.6511
1564.94	17.6372
1567.59	3.62323
1570.25	-4.3908
1572.9	7.59513
1575.56	17.581
1578.21	9.56682
1580.86	13.5526
1583.52	3.53829
1586.17	9.52395
1588.82	7.50955
1591.47	17.4951
1594.11	7.48062
1596.76	9.46607
1599.41	23.4515
1602.05	17.4368
1604.69	9.42212
1607.34	19.4074
1609.98	5.39257
1612.62	5.37772
1615.26	7.36282
1617.9	23.3479
1620.54	5.33287
1623.18	17.3178
1625.81	15.3027
1628.45	7.2876
1631.08	3.27241
1633.72	9.25718
1636.35	23.2419
1638.98	17.2266
1641.61	27.2112
1644.24	3.19577
1646.87	-2.8197
1649.5	7.16478
1652.13	11.1492
1654.75	27.1336
1657.38	9.11798
1660	19.1023
1662.63	15.0865
1665.25	-2.92924
1667.87	13.0549
1670.49	17.0391
1673.11	3.02316
1675.73	17.0072
1678.35	20.9912
1680.96	18.9752
1683.58	12.9591
1686.19	8.94298
1688.81	10.9268
1691.42	0.910613
1694.03	8.89436
1696.64	2.87808
1699.25	12.8618
1701.87	18.8454
1704.47	12.829
1707.08	14.8125
1709.69	0.796054
1712.29	8.77953
1714.9	6.76297
1717.5	14.7464
1720.1	4.72973
1722.71	16.7131
1725.31	8.69635
1727.91	2.67959
1730.51	8.66281
1733.1	6.64598
1735.7	2.62911
1738.3	12.6122
1740.89	-3.40471
1743.49	-3.42168
1746.08	18.5613
1748.67	0.544268
1751.26	6.5272
1753.86	18.5101
1756.45	20.4929
1759.03	-1.52423
1761.62	22.4585
1764.21	8.44131
1766.8	8.42403
1769.38	4.40672
1771.97	2.38937
1774.55	16.372
1777.13	8.35458
1779.71	0.337136
1782.29	-5.68033
1784.87	0.302163
1787.45	22.2846
1790.03	2.26706
1792.61	10.2495
1795.18	20.2318
1797.76	10.2142
1800.33	12.1965
1802.9	6.17876
1805.48	4.16101
1808.05	16.1432
1810.62	6.12542
1813.19	-1.89241
1815.76	26.0897
1818.33	16.0718
1820.89	16.0539
1823.46	22.036
1826.02	4.01797
1828.59	-3.25356e-005
1831.15	11.9819
1833.71	15.9639
1836.27	23.9458
1838.84	-6.07232
1841.39	25.9095
1843.95	1.89138
1846.51	3.87318
1849.07	9.85498
1851.62	23.8367
1854.18	1.81847
1856.73	7.80018
1859.29	5.78186
1861.84	11.7635
1864.39	-2.25483
1866.94	13.7268
1869.49	3.70837
1872.04	11.6899
1874.59	-2.32852
1877.13	15.653
1879.68	19.6345
1882.22	1.61598
1884.77	21.5974
1887.31	17.5789
1889.85	7.56028
1892.39	-0.458328
1894.93	25.523
1897.47	9.50438
1900.01	7.48571
1902.55	11.467
1905.09	9.44831
1907.62	-4.57043
1910.16	11.4108
1912.69	9.39206
1915.22	11.3733
1917.76	3.35446
1920.29	13.3356
1922.82	21.3168
1925.35	15.2979
1927.88	1.27902
1930.4	11.2601
1932.93	17.2412
1935.46	13.2223
1937.98	5.20331
1940.51	11.1843
1943.03	15.1653
1945.55	11.1464
1948.07	1.12733
1950.59	1.1083
1953.11	5.08923
1955.63	27.0702
1958.15	-4.94891
1960.67	15.032
1963.18	7.01288
1965.7	-1.00625
1968.21	2.97461
1970.73	2.95545
1973.24	4.93627
1975.75	-5.0829
1978.26	14.8979
1980.77	14.8787
1983.28	28.8595
1985.79	0.840217
1988.29	12.821
1990.8	12.8017
1993.31	8.78242
1995.81	-5.23687
1998.31	2.74384
