100.093	20.7685
103.274	16.7762
106.457	14.784
109.636	2.79198
112.817	10.8
115.994	12.8082
119.172	10.8165
122.347	10.8248
125.521	12.8333
128.696	12.8418
131.868	8.85052
135.039	6.85929
138.209	-1.13184
141.379	-3.12287
144.547	12.8862
147.713	16.8954
150.879	4.90462
154.043	26.914
157.206	12.9234
160.368	0.932982
163.529	2.94262
166.689	18.9524
169.848	10.9622
173.006	-1.02789
176.163	4.98212
179.316	-1.00779
182.471	9.0024
185.625	1.01268
188.777	9.02305
191.927	15.0335
195.077	13.044
198.224	5.05466
201.372	11.0654
204.52	11.0762
207.664	-0.912954
210.809	15.098
213.95	13.109
217.091	23.1202
220.233	13.1314
223.372	-0.857341
226.509	27.154
229.648	17.1655
232.784	3.17698
235.918	5.18858
239.051	-2.79975
242.186	13.212
245.317	13.2238
248.447	11.2357
251.577	15.2477
254.705	23.2597
257.832	15.2718
260.958	7.28403
264.083	23.2963
267.204	15.3086
270.327	7.32101
273.449	9.33347
276.57	23.346
279.69	-4.64139
282.806	21.3713
285.924	13.384
289.04	11.3968
292.154	7.40965
295.268	1.42258
298.379	13.4356
301.492	17.4486
304.601	15.4617
307.711	13.4749
310.818	11.4881
313.924	13.5014
317.031	19.5148
320.135	13.5282
323.238	13.5416
326.34	-4.44485
329.443	7.56873
332.543	13.5824
335.642	3.59605
338.74	21.6098
341.836	25.6236
344.932	17.6374
348.027	3.65133
351.12	7.66528
354.213	3.67929
357.302	9.69333
360.393	-0.292567
363.482	13.7216
366.57	-2.26422
369.656	5.75002
372.742	-0.235682
375.827	11.7787
378.91	17.793
381.993	9.80747
385.073	7.82194
388.154	-0.163543
391.232	5.85101
394.311	11.8656
397.387	13.8803
400.462	-4.10506
403.536	17.9097
406.611	1.92443
409.683	1.93922
412.754	-4.04594
415.824	7.96894
418.893	7.98385
421.961	-0.00119652
425.027	10.0138
428.093	10.0288
431.158	12.0439
434.222	12.059
437.284	10.0741
440.346	16.0892
443.407	10.1044
446.464	-1.88035
449.523	10.1349
452.581	12.1502
455.635	16.1655
458.691	24.1808
461.743	12.1962
464.797	10.2116
467.847	6.22701
470.899	-7.75754
473.947	-3.74207
476.994	12.2734
480.043	8.28896
483.088	4.3045
486.133	-3.67993
489.176	16.3357
492.22	8.35128
495.262	4.36692
498.302	4.38258
501.341	10.3983
504.38	8.41396
507.417	2.42967
510.453	12.4454
513.487	12.4612
516.521	0.476927
519.554	8.49272
522.586	12.5085
525.616	0.524337
528.646	22.5402
531.675	10.556
534.701	18.5719
537.729	8.58777
540.753	4.60365
543.778	-1.38045
546.8	-1.36454
549.821	8.65138
552.844	8.66732
555.863	2.68326
558.881	0.699211
561.898	4.71517
564.916	18.7311
567.932	12.7471
570.946	6.7631
573.959	14.7791
576.971	28.7951
579.982	14.8111
582.993	-5.17291
586	16.8431
589.008	10.8591
592.015	8.87512
595.022	-1.10886
598.025	10.9072
601.029	8.92318
604.032	6.9392
607.033	2.95522
610.034	8.97124
613.032	12.9873
616.032	7.00328
619.028	5.01929
622.023	-0.964704
625.018	15.0513
628.013	5.06732
631.005	3.08331
633.997	7.09931
636.987	-6.8847
639.977	13.1313
642.965	9.14726
645.952	3.16323
648.939	11.1792
651.924	-2.80485
654.909	11.2111
657.892	3.22703
660.873	17.243
663.854	-2.74113
666.835	13.2748
669.813	3.29067
672.791	19.3066
675.767	9.32242
678.743	5.33828
681.717	13.3541
684.692	-0.630047
687.664	9.38576
690.634	3.40156
693.606	3.41735
696.575	-4.56688
699.543	13.4489
702.51	7.4646
705.475	11.4803
708.44	7.49601
711.404	15.5117
714.367	7.52735
717.329	7.54299
720.29	9.55861
723.25	9.57421
726.207	7.58978
729.166	11.6053
732.123	-0.379127
735.077	21.6364
738.032	5.65187
740.984	13.6673
743.938	3.68277
746.888	13.6982
749.839	-0.286429
752.788	9.72893
755.735	5.74426
758.682	7.75957
761.627	21.7748
764.574	-20.2099
767.517	7.80533
770.46	13.8205
773.402	19.8357
776.342	9.85083
779.282	5.86594
782.219	5.88101
785.157	-2.10395
788.094	13.9111
791.029	13.926
793.962	9.94099
796.896	13.9559
799.828	11.9708
802.76	25.9856
805.689	4.00044
808.619	12.0152
811.546	10.03
814.473	8.04466
817.4	10.0593
820.324	14.074
823.248	18.0885
826.17	-1.8969
829.092	12.1176
832.012	22.1321
834.932	-5.85347
837.851	8.16092
840.768	10.1753
843.685	18.1896
846.599	20.2039
849.514	12.2181
852.428	14.2323
855.339	14.2464
858.251	18.2605
861.16	6.2746
864.07	12.2886
866.978	6.30258
869.884	12.3165
872.792	28.3304
875.696	8.34423
878.599	6.35801
881.502	8.37175
884.404	8.38544
887.304	10.3991
890.204	12.4127
893.103	12.4262
896.001	-1.56027
898.898	4.45319
901.794	28.4666
904.689	8.47994
907.581	12.4932
910.474	10.5065
913.364	4.51967
916.256	8.53281
919.144	18.5459
922.034	8.55894
924.92	4.57192
927.808	10.5849
930.693	10.5977
933.576	2.61054
936.459	10.6233
939.341	2.63601
942.222	8.64866
945.102	4.66126
947.981	18.6738
950.859	14.6863
953.737	14.6987
956.613	2.71107
959.488	16.7234
962.361	-13.2644
965.235	0.747804
968.105	8.75992
970.977	8.77199
973.846	14.784
976.716	-7.20406
979.583	4.80782
982.449	2.81964
985.316	20.8314
988.18	18.8431
991.043	6.85472
993.906	12.8663
996.767	-1.12221
999.628	16.8892
1002.49	4.9006
1005.35	-1.0881
1008.2	14.9231
1011.06	20.9343
1013.91	8.94542
1016.77	8.95646
1019.62	14.9674
1022.48	16.9783
1025.33	6.98917
1028.18	0.999944
1031.03	9.01064
1033.87	15.0213
1036.72	7.03183
1039.57	11.0423
1042.41	15.0527
1045.26	15.0631
1048.1	5.07335
1050.94	7.08355
1053.78	7.09368
1056.62	19.1037
1059.46	7.11373
1062.3	17.1236
1065.14	15.1335
1067.97	9.14323
1070.81	3.15292
1073.64	5.16253
1076.47	21.1721
1079.31	-8.81847
1082.14	-0.809087
1084.97	1.20022
1087.8	5.20945
1090.63	17.2186
1093.45	17.2277
1096.28	13.2367
1099.1	13.2456
1101.93	-6.74556
1104.75	11.2632
1107.57	25.2719
1110.39	5.28048
1113.21	11.289
1116.03	-0.702565
1118.85	1.3058
1121.66	17.3141
1124.48	11.3223
1127.3	1.33037
1130.11	-0.661593
1132.92	5.34635
1135.73	5.35421
1138.54	11.362
1141.35	3.36968
1144.16	21.3773
1146.97	9.38482
1149.78	-2.60774
1152.58	11.3996
1155.39	5.40688
1158.19	7.41406
1161	13.4212
1163.8	21.4282
1166.6	13.4351
1169.4	9.44192
1172.2	7.44867
1174.99	17.4553
1177.79	11.4619
1180.59	7.46837
1183.38	7.47475
1186.17	1.48105
1188.97	1.48726
1191.76	25.4934
1194.55	-0.500594
1197.34	3.50534
1200.13	-4.48882
1202.92	9.51694
1205.7	3.52259
1208.49	3.52816
1211.27	9.53363
1214.06	19.539
1216.84	13.5443
1219.62	3.54949
1222.4	3.55459
1225.18	11.5596
1227.96	-2.4355
1230.74	13.5693
1233.51	13.574
1236.29	9.57865
1239.06	-0.416829
1241.84	-0.412402
1244.61	17.5919
1247.38	9.59616
1250.15	11.6003
1252.92	-6.39567
1255.69	13.6083
1258.46	3.61211
1261.23	33.6158
1263.99	13.6195
1266.76	13.623
1269.52	7.62647
1272.28	11.6298
1275.05	5.63305
1277.81	-2.36381
1280.57	21.6392
1283.33	7.64216
1286.08	-4.35501
1288.84	-2.35228
1291.6	-6.34965
1294.35	15.6529
1297.11	-0.344703
1299.86	11.6576
1302.61	23.6598
1305.36	7.66194
1308.11	5.66395
1310.86	11.6658
1313.61	3.66764
1316.36	7.66933
1319.1	3.67091
1321.85	15.6724
1324.59	17.6738
1327.33	11.675
1330.08	19.6762
1332.82	-0.322766
1335.56	13.6782
1338.3	7.67901
1341.04	13.6797
1343.77	1.68035
1346.51	11.6809
1349.25	9.68126
1351.98	7.68155
1354.71	21.6817
1357.45	3.6818
1360.18	-0.318242
1362.91	13.6816
1365.64	21.6813
1368.37	5.68097
1371.09	9.68048
1373.82	13.6799
1376.54	15.6792
1379.27	21.6784
1381.99	5.67742
1384.72	9.67637
1387.44	9.67521
1390.16	7.67393
1392.88	11.6725
1395.6	11.671
1398.31	7.66942
1401.03	1.66769
1403.75	9.66584
1406.46	15.6639
1409.18	7.6618
1411.89	23.6596
1414.6	9.6573
1417.31	17.6549
1420.02	7.65232
1422.73	25.6497
1425.44	25.6469
1428.15	9.64399
1430.85	9.64097
1433.56	11.6378
1436.26	-6.36541
1438.97	1.63122
1441.67	19.6277
1444.37	15.6241
1447.07	1.62039
1449.77	15.6165
1452.47	9.61258
1455.16	-0.391513
1457.86	17.6043
1460.56	15.5999
1463.25	-0.404506
1465.94	17.5909
1468.64	-2.41377
1471.33	17.5814
1474.02	9.57647
1476.71	1.57141
1479.4	1.56622
1482.09	1.56092
1484.77	7.55549
1487.46	7.54993
1490.14	9.54425
1492.83	5.53845
1495.51	17.5325
1498.19	7.52647
1500.87	21.5203
1503.55	23.514
1506.23	3.50756
1508.91	19.501
1511.59	9.49433
1514.27	3.48753
1516.94	11.4806
1519.62	-4.52647
1522.29	-0.533652
1524.96	15.459
1527.63	13.4516
1530.3	11.444
1532.97	15.4363
1535.64	21.4285
1538.31	-0.579449
1540.98	7.41247
1543.64	-2.59574
1546.31	3.39592
1548.97	-2.61255
1551.63	17.3789
1554.3	5.37012
1556.96	9.36126
1559.62	15.3523
1562.28	-0.656847
1564.94	9.3339
1567.59	1.32452
1570.25	13.315
1572.9	3.30536
1575.56	-4.70442
1578.21	23.2857
1580.86	-4.72437
1583.52	9.26545
1586.17	-0.744857
1588.82	19.2447
1591.47	9.23413
1594.11	7.22342
1596.76	5.21258
1599.41	-2.7984
1602.05	-4.80951
1604.69	1.17925
1607.34	7.16787
1609.98	15.1564
1612.62	13.1447
1615.26	13.1329
1617.9	11.121
1620.54	11.1089
1623.18	9.09674
1625.81	9.08441
1628.45	9.07195
1631.08	3.05935
1633.72	17.0466
1636.35	19.0337
1638.98	9.02072
1641.61	5.00756
1644.24	20.9943
1646.87	12.9808
1649.5	0.967272
1652.13	12.9536
1654.75	16.9397
1657.38	-5.07425
1660	12.9116
1662.63	22.8974
1665.25	10.8829
1667.87	10.8684
1670.49	2.85373
1673.11	0.838908
1675.73	14.8239
1678.35	16.8088
1680.96	10.7936
1683.58	10.7782
1686.19	-3.23731
1688.81	10.747
1691.42	0.731209
1694.03	14.7153
1696.64	4.69916
1699.25	16.6829
1701.87	14.6665
1704.47	8.65002
1707.08	6.63335
1709.69	10.6165
1712.29	6.59959
1714.9	6.58249
1717.5	10.5653
1720.1	2.54787
1722.71	14.5303
1725.31	6.51267
1727.91	-5.50515
1730.51	4.47689
1733.1	8.45879
1735.7	18.4405
1738.3	12.4221
1740.89	16.4036
1743.49	12.3849
1746.08	0.366058
1748.67	6.34707
1751.26	12.328
1753.86	8.30868
1756.45	0.289248
1759.03	4.26969
1761.62	-3.75004
1764.21	8.2301
1766.8	10.2101
1769.38	6.18994
1771.97	-11.8304
1774.55	18.1492
1777.13	10.1286
1779.71	8.10781
1782.29	14.0869
1784.87	10.0659
1787.45	24.0447
1790.03	10.0233
1792.61	10.0018
1795.18	19.9802
1797.76	-2.04164
1800.33	15.9364
1802.9	11.9143
1805.48	13.8921
1808.05	7.86968
1810.62	7.84713
1813.19	3.82443
1815.76	7.80157
1818.33	-0.221438
1820.89	-2.2446
1823.46	17.7321
1826.02	9.70864
1828.59	11.685
1831.15	3.66127
1833.71	5.63735
1836.27	3.61328
1838.84	15.5891
1841.39	9.56469
1843.95	3.54016
1846.51	3.51548
1849.07	7.49066
1851.62	7.46566
1854.18	-4.55948
1856.73	1.41523
1859.29	3.38977
1861.84	3.36417
1864.39	5.33842
1866.94	21.3125
1869.49	17.2864
1872.04	11.2602
1874.59	9.23383
1877.13	11.2073
1879.68	3.18062
1882.22	-0.846229
1884.77	-2.87324
1887.31	5.09962
1889.85	11.0723
1892.39	21.0448
1894.93	17.0172
1897.47	0.989422
1900.01	6.96149
1902.55	24.9334
1905.09	2.90514
1907.62	2.87673
1910.16	4.84818
1912.69	10.8194
1915.22	12.7906
1917.76	6.76153
1920.29	12.7323
1922.82	2.70297
1925.35	16.6734
1927.88	12.6438
1930.4	4.61395
1932.93	6.58396
1935.46	10.5538
1937.98	8.5235
1940.51	6.49303
1943.03	4.4624
1945.55	6.43162
1948.07	10.4007
1950.59	4.36957
1953.11	-1.66171
1955.63	-7.69313
1958.15	10.2753
1960.67	12.2435
1963.18	-1.78836
1965.7	10.1796
1968.21	6.14734
1970.73	12.1149
1973.24	0.0823824
1975.75	12.0497
1978.26	-5.9832
1980.77	11.9838
1983.28	-12.0494
1985.79	7.91721
1988.29	5.88369
1990.8	9.84999
1993.31	5.81614
1995.81	17.7821
1998.31	-0.25202
