100.093	3.75874
103.274	5.85593
106.457	1.95232
109.636	0.0477632
112.817	0.142402
115.994	4.23611
119.172	20.329
122.347	-5.579
125.521	2.51212
128.696	8.60246
131.868	14.6919
135.039	12.7804
138.209	-3.13182
141.379	20.9551
144.547	3.04118
147.713	25.1264
150.879	23.2108
154.043	-0.705665
157.206	-4.62293
160.368	11.459
163.529	-2.45993
166.689	9.62035
169.848	5.69982
173.006	-4.22152
176.163	3.85633
179.316	-0.0666719
182.471	4.00958
185.625	4.08504
188.777	2.1597
191.927	12.2335
195.077	18.3066
198.224	4.37888
201.372	4.4504
204.52	-7.47885
207.664	4.59108
210.809	12.6603
213.95	20.7287
217.091	6.79632
220.233	12.8632
223.372	8.92935
226.509	0.994706
229.648	3.05936
232.784	7.12322
235.918	5.18634
239.051	-0.751288
242.186	1.31039
245.317	15.3713
248.447	17.4315
251.577	7.4909
254.705	3.54961
257.832	5.60761
260.958	7.66488
264.083	-0.27857
267.204	7.77723
270.327	-2.16764
273.449	1.88679
276.57	19.9405
279.69	-0.0064819
282.806	14.0458
285.924	22.0974
289.04	18.1483
292.154	20.1986
295.268	2.24811
298.379	8.29694
301.492	-11.6549
304.601	14.3926
307.711	12.4394
310.818	8.48558
313.924	14.531
317.031	16.5759
320.135	6.62001
323.238	6.66349
326.34	4.70631
329.443	-1.25149
332.543	16.79
335.642	2.83089
338.74	26.8711
341.836	0.9107
344.932	18.9496
348.027	8.98795
351.12	7.02563
354.213	13.0627
357.302	13.0991
360.393	7.13486
363.482	-8.82997
366.57	1.20458
369.656	13.2385
372.742	-8.72818
375.827	3.30454
378.91	13.3366
381.993	19.3681
385.073	15.399
388.154	21.4293
391.232	15.459
394.311	21.4881
397.387	-4.48339
400.462	7.54453
403.536	-0.428138
406.611	-6.40137
409.683	17.6248
412.754	-6.3496
415.824	11.6754
418.893	27.6999
421.961	11.7238
425.027	-2.25291
428.093	17.7698
431.158	17.7921
434.222	1.8137
437.284	-4.16521
440.346	13.8553
443.407	-4.12468
446.464	9.89475
449.523	25.9137
452.581	1.93202
455.635	-10.0502
458.691	-8.03287
461.743	11.9839
464.797	22.0001
467.847	8.01581
470.899	4.03099
473.947	0.0456407
476.994	10.0598
480.043	-3.9266
483.088	6.08651
486.133	10.0991
489.176	18.1112
492.22	18.1228
495.262	4.13386
498.302	12.1444
501.341	14.1545
504.38	18.1641
507.417	12.1732
510.453	22.1818
513.487	-3.81004
516.521	2.1976
519.554	12.2048
522.586	18.2114
525.616	22.2176
528.646	6.22338
531.675	8.22865
534.701	12.2334
537.729	10.2378
540.753	2.24164
543.778	14.245
546.8	4.248
549.821	20.2505
552.844	12.2525
555.863	12.2541
558.881	12.2553
561.898	10.256
564.916	8.25624
567.932	10.2561
570.946	4.25544
573.959	8.25439
576.971	16.2529
579.982	24.251
582.993	16.2487
586	-9.7541
589.008	14.2427
592.015	16.2391
595.022	10.2351
598.025	4.23066
601.029	20.2258
604.032	18.2206
607.033	0.214901
610.034	4.20883
613.032	14.2024
616.032	10.1955
619.028	6.18824
622.023	14.1806
625.018	26.1725
628.013	8.16411
631.005	28.1553
633.997	22.1461
636.987	8.13649
639.977	6.12652
642.965	2.11618
645.952	4.10546
648.939	4.09437
651.924	-3.91709
654.909	6.07108
657.892	16.0589
660.873	4.04633
663.854	14.0334
666.835	6.02014
669.813	2.00652
672.791	13.9925
675.767	19.9782
678.743	-2.03647
681.717	11.9485
684.692	23.9331
687.664	-2.08257
690.634	5.90139
693.606	3.885
696.575	21.8683
699.543	9.85124
702.51	17.8339
705.475	13.8162
708.44	-6.20187
711.404	1.77978
714.367	1.76111
717.329	11.7421
720.29	29.7228
723.25	1.70321
726.207	33.6833
729.166	17.6631
732.123	19.6425
735.077	17.6217
738.032	17.6005
740.984	23.5791
743.938	17.5574
746.888	3.53533
749.839	9.51299
752.788	1.49038
755.735	7.46748
758.682	11.4443
761.627	27.4208
764.574	19.3971
767.517	9.37304
770.46	9.34874
773.402	31.3242
776.342	13.2993
779.282	9.27418
782.219	9.24881
785.157	15.2232
788.094	13.1972
791.029	23.1711
793.962	3.14463
796.896	17.1179
799.828	25.091
802.76	15.0638
805.689	9.03635
808.619	23.0086
811.546	10.9807
814.473	10.9525
817.4	2.9241
820.324	14.8954
823.248	-1.13345
826.17	-1.16258
829.092	20.8081
832.012	10.7785
834.932	4.74863
837.851	24.7186
840.768	20.6883
843.685	18.6578
846.599	14.6271
849.514	16.5962
852.428	20.565
855.339	28.5337
858.251	2.5021
861.16	20.4703
864.07	18.4383
866.978	12.4062
869.884	16.3738
872.792	28.3412
875.696	18.3084
878.599	24.2754
881.502	18.2422
884.404	6.20884
887.304	18.1753
890.204	0.141531
893.103	28.1076
896.001	10.0735
898.898	22.0392
901.794	4.00468
904.689	17.97
907.581	5.93519
910.474	11.9002
913.364	11.865
916.256	11.8296
919.144	9.79414
922.034	3.75845
924.92	7.72261
927.808	11.6866
930.693	27.6504
933.576	19.6141
936.459	-0.422371
939.341	7.541
942.222	17.5042
945.102	25.4673
947.981	19.4302
950.859	3.39297
953.737	3.3556
956.613	-0.681921
959.488	9.28042
962.361	15.2427
965.235	17.2047
968.105	7.16667
970.977	15.1285
973.846	25.0902
976.716	21.0517
979.583	5.01314
982.449	0.974451
985.316	10.9356
988.18	10.8967
991.043	20.8576
993.906	18.8185
996.767	18.7792
999.628	26.7398
1002.49	18.7003
1005.35	16.6606
1008.2	10.6209
1011.06	22.5811
1013.91	18.5412
1016.77	18.5011
1019.62	22.461
1022.48	10.4208
1025.33	10.3804
1028.18	2.34001
1031.03	16.2995
1033.87	24.2589
1036.72	-5.78179
1039.57	18.1774
1042.41	14.1366
1045.26	10.0957
1048.1	8.05464
1050.94	-15.9865
1053.78	15.9724
1056.62	7.9311
1059.46	19.8898
1062.3	-4.15163
1065.14	-2.19307
1067.97	9.76539
1070.81	15.7238
1073.64	9.68213
1076.47	11.6404
1079.31	9.59862
1082.14	21.5568
1084.97	15.5149
1087.8	23.4729
1090.63	27.4309
1093.45	-6.61113
1096.28	19.3468
1099.1	5.30461
1101.93	15.2624
1104.75	9.22016
1107.57	3.17787
1110.39	27.1355
1113.21	25.0932
1116.03	11.0508
1118.85	11.0083
1121.66	8.96586
1124.48	2.92334
1127.3	4.88081
1130.11	12.8382
1132.92	16.7957
1135.73	14.753
1138.54	16.7104
1141.35	20.6677
1144.16	38.625
1146.97	8.58234
1149.78	24.5396
1152.58	0.496923
1155.39	16.4542
1158.19	4.41141
1161	-1.63136
1163.8	10.3259
1166.6	-3.7169
1169.4	28.2403
1172.2	4.19753
1174.99	12.1547
1177.79	6.11196
1180.59	14.0692
1183.38	18.0264
1186.17	1.98361
1188.97	23.9408
1191.76	11.8981
1194.55	-2.14466
1197.34	-0.187393
1200.13	21.7699
1202.92	31.7272
1205.7	1.68451
1208.49	11.6418
1211.27	17.5992
1214.06	-2.44344
1216.84	5.51394
1219.62	27.4714
1222.4	1.4288
1225.18	-6.61371
1227.96	19.3438
1230.74	23.3013
1233.51	21.2589
1236.29	13.2165
1239.06	17.1741
1241.84	11.1318
1244.61	19.0895
1247.38	15.0473
1250.15	11.0051
1252.92	16.963
1255.69	14.9209
1258.46	0.878822
1261.23	6.8368
1263.99	12.7949
1266.76	10.7529
1269.52	12.7111
1272.28	22.6693
1275.05	12.6276
1277.81	0.585876
1280.57	12.5443
1283.33	12.5027
1286.08	10.4612
1288.84	22.4198
1291.6	2.37841
1294.35	6.33711
1297.11	8.2959
1299.86	14.2547
1302.61	20.2136
1305.36	20.1726
1308.11	32.1317
1310.86	0.0908552
1313.61	18.0501
1316.36	18.0094
1319.1	3.96876
1321.85	15.9282
1324.59	17.8878
1327.33	11.8474
1330.08	-2.19286
1332.82	9.76695
1335.56	5.72685
1338.3	15.6868
1341.04	27.6469
1343.77	13.6071
1346.51	17.5674
1349.25	3.52778
1351.98	7.48826
1354.71	21.4488
1357.45	11.4095
1360.18	13.3703
1362.91	15.3312
1365.64	15.2922
1368.37	27.2533
1371.09	25.2145
1373.82	7.1758
1376.54	19.1373
1379.27	9.09879
1381.99	7.06045
1384.72	1.02222
1387.44	-15.0159
1390.16	20.9461
1392.88	12.9083
1395.6	18.8705
1398.31	14.8329
1401.03	0.795433
1403.75	6.75807
1406.46	4.72081
1409.18	-11.3163
1411.89	8.64673
1414.6	-11.3901
1417.31	18.5732
1420.02	12.5366
1422.73	14.5002
1425.44	8.46384
1428.15	28.4277
1430.85	14.3916
1433.56	2.35577
1436.26	14.32
1438.97	18.2844
1441.67	14.249
1444.37	-3.78632
1447.07	18.1785
1449.77	22.1435
1452.47	8.10867
1455.16	20.074
1457.86	6.03941
1460.56	-9.99499
1463.25	17.9708
1465.94	5.93669
1468.64	11.9028
1471.33	7.86901
1474.02	13.8354
1476.71	17.802
1479.4	15.7687
1482.09	7.73558
1484.77	13.7026
1487.46	29.6699
1490.14	9.63727
1492.83	9.60484
1495.51	19.5726
1498.19	19.5405
1500.87	5.50859
1503.55	11.4768
1506.23	3.44528
1508.91	7.41391
1511.59	3.3827
1514.27	13.3517
1516.94	7.32086
1519.62	3.29019
1522.29	-0.740271
1524.96	15.2295
1527.63	15.1994
1530.3	9.16945
1532.97	9.13973
1535.64	7.1102
1538.31	1.08087
1540.98	-0.948258
1543.64	5.02279
1546.31	4.99405
1548.97	-3.03451
1551.63	-3.06285
1554.3	14.909
1556.96	14.881
1559.62	22.8533
1562.28	14.8258
1564.94	12.7984
1567.59	16.7713
1570.25	32.7444
1572.9	6.71763
1575.56	8.69111
1578.21	-5.33517
1580.86	16.6387
1583.52	10.6129
1586.17	32.5872
1588.82	0.561751
1591.47	12.5365
1594.11	0.511526
1596.76	6.48674
1599.41	22.4622
1602.05	16.4378
1604.69	8.4137
1607.34	14.3898
1609.98	18.3661
1612.62	0.342665
1615.26	-11.6806
1617.9	6.29645
1620.54	12.2737
1623.18	18.2512
1625.81	-1.77116
1628.45	6.20678
1631.08	-5.81505
1633.72	18.1634
1636.35	-3.85801
1638.98	14.1209
1641.61	12.1
1644.24	14.0793
1646.87	8.05893
1649.5	22.0388
1652.13	22.0189
1654.75	7.99917
1657.38	13.9797
1660	13.9606
1662.63	25.9416
1665.25	3.92294
1667.87	11.9045
1670.49	15.8863
1673.11	7.86839
1675.73	9.85071
1678.35	5.83328
1680.96	5.81611
1683.58	15.7992
1686.19	15.7826
1688.81	3.76615
1691.42	17.75
1694.03	5.73414
1696.64	7.71854
1699.25	17.7032
1701.87	9.6881
1704.47	-4.32672
1707.08	17.6587
1709.69	3.64444
1712.29	3.63042
1714.9	13.6167
1717.5	17.6032
1720.1	15.59
1722.71	5.57706
1725.31	7.56441
1727.91	13.552
1730.51	27.5399
1733.1	-0.471914
1735.7	11.5165
1738.3	23.5053
1740.89	9.49426
1743.49	13.4835
1746.08	19.4731
1748.67	-10.537
1751.26	9.45311
1753.86	29.4435
1756.45	29.4342
1759.03	3.42523
1761.62	19.4165
1764.21	11.4081
1766.8	21.4
1769.38	-2.60789
1771.97	-0.615452
1774.55	25.3773
1777.13	15.3703
1779.71	7.36365
1782.29	11.3573
1784.87	11.3512
1787.45	9.34542
1790.03	3.33994
1792.61	21.3348
1795.18	19.3299
1797.76	5.3253
1800.33	5.32103
1802.9	19.3171
1805.48	21.3134
1808.05	25.31
1810.62	25.307
1813.19	17.3042
1815.76	13.3018
1818.33	3.29969
1820.89	21.2979
1823.46	7.29637
1826.02	19.2952
1828.59	11.2943
1831.15	3.29374
1833.71	29.2935
1836.27	25.2936
1838.84	15.294
1841.39	21.2947
1843.95	11.2957
1846.51	17.297
1849.07	13.2987
1851.62	-6.6993
1854.18	13.303
1856.73	27.3056
1859.29	17.3086
1861.84	7.3119
1864.39	9.31551
1866.94	11.3195
1869.49	-0.676271
1872.04	3.32833
1874.59	15.3333
1877.13	5.33852
1879.68	13.3441
1882.22	5.35004
1884.77	23.3563
1887.31	-8.6371
1889.85	13.3698
1892.39	3.3771
1894.93	5.3847
1897.47	33.3927
1900.01	7.40094
1902.55	11.4096
1905.09	11.4185
1907.62	1.42783
1910.16	11.4375
1912.69	13.4475
1915.22	5.45781
1917.76	7.46849
1920.29	3.47952
1922.82	17.4909
1925.35	27.5026
1927.88	-8.4853
1930.4	11.5271
1932.93	29.5399
1935.46	13.553
1937.98	19.5665
1940.51	13.5803
1943.03	19.5945
1945.55	15.609
1948.07	7.62394
1950.59	17.6392
1953.11	21.6548
1955.63	17.6708
1958.15	17.6871
1960.67	25.7038
1963.18	7.72082
1965.7	-8.26178
1968.21	27.756
1970.73	25.7741
1973.24	27.7926
1975.75	13.8115
1978.26	11.8307
1980.77	17.8503
1983.28	3.87027
1985.79	-0.109412
1988.29	11.9113
1990.8	-0.0676423
1993.31	27.9538
1995.81	11.9756
1998.31	11.9978
