100.093	1.66484
103.274	39.5778
106.457	27.4906
109.636	11.4035
112.817	37.3162
115.994	17.229
119.172	21.1416
122.347	13.0542
125.521	8.96677
128.696	14.8792
131.868	-3.20828
135.039	18.7041
138.209	16.6165
141.379	0.528828
144.547	14.4411
147.713	4.3534
150.879	34.2656
154.043	12.1778
157.206	0.0899864
160.368	22.0021
163.529	23.9142
166.689	5.82628
169.848	5.73832
173.006	15.6503
176.163	25.5623
179.316	19.4743
182.471	19.3863
185.625	19.2982
188.777	-2.78987
191.927	19.1221
195.077	11.034
198.224	-3.05412
201.372	6.85773
204.52	12.7696
207.664	-3.31854
210.809	8.59329
213.95	14.5052
217.091	14.417
220.233	10.3289
223.372	10.2407
226.509	20.1526
229.648	20.0644
232.784	17.9763
235.918	9.88819
239.051	19.8001
242.186	31.7119
245.317	3.62384
248.447	21.5358
251.577	11.4477
254.705	9.35964
257.832	21.2716
260.958	-2.8164
264.083	9.0956
267.204	19.0077
270.327	24.9197
273.449	18.8318
276.57	16.7439
279.69	8.65602
282.806	-5.43178
285.924	12.4804
289.04	24.3926
292.154	26.3049
295.268	22.2172
298.379	0.129568
301.492	8.04192
304.601	25.9544
307.711	5.86679
310.818	5.77932
313.924	11.6919
317.031	3.60445
320.135	23.5171
323.238	21.4298
326.34	21.3426
329.443	7.25533
332.543	7.16819
335.642	35.0811
338.74	16.9941
341.836	10.9071
344.932	22.8202
348.027	-7.26668
351.12	18.6465
354.213	0.559782
357.302	16.4732
360.393	0.386554
363.482	14.3
366.57	18.2135
369.656	6.12718
372.742	22.0408
375.827	7.95457
378.91	23.8684
381.993	17.7823
385.073	17.6963
388.154	23.6104
391.232	15.5245
394.311	7.43872
397.387	1.35305
400.462	-4.73253
403.536	-24.818
406.611	17.0965
409.683	45.0112
412.754	18.9259
415.824	2.84076
418.893	-3.24431
421.961	12.6707
425.027	14.5858
428.093	34.5011
431.158	26.4164
434.222	0.331786
437.284	16.2473
440.346	20.1629
443.407	12.0786
446.464	5.99449
449.523	-4.0896
452.581	1.82643
455.635	-0.257385
458.691	29.6589
461.743	21.5753
464.797	17.4917
467.847	15.4083
470.899	1.32503
473.947	23.2419
476.994	3.15885
480.043	9.07589
483.088	10.9931
486.133	10.9104
489.176	14.8279
492.22	-9.25462
495.262	16.6631
498.302	14.5809
501.341	18.4988
504.38	24.4169
507.417	6.33511
510.453	10.2534
513.487	6.17196
516.521	8.09056
519.554	16.0093
522.586	21.9282
525.616	-10.1528
528.646	21.7663
531.675	1.68562
534.701	-4.3949
537.729	11.5247
540.753	33.4444
543.778	-2.63575
546.8	25.2843
549.821	13.2045
552.844	13.1248
555.863	17.0453
558.881	20.9659
561.898	30.8867
564.916	0.807576
567.932	-3.27133
570.946	20.6499
573.959	12.5713
576.971	24.4929
579.982	24.4146
582.993	20.3365
586	-3.74142
589.008	20.1808
592.015	18.1032
595.022	12.0257
598.025	5.94843
601.029	-2.1287
604.032	7.79433
607.033	5.71758
610.034	11.641
613.032	3.56455
616.032	1.48826
619.028	7.41221
622.023	9.33632
625.018	13.2606
628.013	5.18503
631.005	-0.890319
633.997	19.0345
636.987	2.95952
639.977	-1.11529
642.965	14.8101
645.952	16.7356
648.939	0.661385
651.924	0.587315
654.909	20.5134
657.892	10.4397
660.873	16.3663
663.854	14.293
666.835	8.21985
669.813	16.147
672.791	10.0742
675.767	8.00176
678.743	27.9294
681.717	-4.14267
684.692	5.78538
687.664	27.7137
690.634	33.6422
693.606	7.57086
696.575	15.4998
699.543	15.4289
702.51	23.3582
705.475	17.2877
708.44	19.2175
711.404	7.14742
714.367	33.0776
717.329	-12.9921
720.29	34.9385
723.25	16.8693
726.207	20.8004
729.166	4.73159
732.123	8.66303
735.077	12.5947
738.032	18.5266
740.984	4.45874
743.938	20.3911
746.888	2.32364
749.839	16.2564
752.788	24.1894
755.735	0.122677
758.682	16.0562
761.627	-4.01014
764.574	39.9237
767.517	15.8579
770.46	11.7923
773.402	17.7269
776.342	-0.338216
779.282	13.5969
782.219	-0.467761
785.157	31.4678
788.094	23.4036
791.029	7.33962
793.962	23.2759
796.896	5.21245
799.828	23.1492
802.76	7.08623
805.689	15.0235
808.619	6.96098
811.546	-11.1013
814.473	16.8368
817.4	16.775
820.324	26.7135
823.248	8.65222
826.17	-1.40878
829.092	20.5305
832.012	0.46997
834.932	32.4097
837.851	2.34973
840.768	20.29
843.685	34.2305
846.599	28.1713
849.514	-5.88765
852.428	18.0536
855.339	23.9952
858.251	27.937
861.16	-0.120862
864.07	-2.17853
866.978	13.7641
869.884	7.707
872.792	19.6501
875.696	15.5935
878.599	-0.462762
881.502	1.4812
884.404	25.4254
887.304	9.36993
890.204	7.31469
893.103	17.2597
896.001	-0.794952
898.898	-8.84937
901.794	5.0965
904.689	9.04263
907.581	8.98908
910.474	8.93577
913.364	16.8828
916.256	12.83
919.144	16.7776
922.034	20.7254
924.92	0.673509
927.808	16.6219
930.693	0.57057
933.576	16.5195
936.459	4.4688
939.341	20.4183
942.222	8.36818
945.102	18.3183
947.981	16.2687
950.859	6.21941
953.737	16.1704
956.613	22.1217
959.488	12.0732
962.361	14.0251
965.235	3.97731
968.105	15.9298
970.977	17.8825
973.846	17.8356
976.716	11.789
979.583	11.7427
982.449	-12.3034
985.316	13.6509
988.18	19.6054
991.043	9.56033
993.906	3.51551
996.767	31.471
999.628	3.42678
1002.49	13.3829
1005.35	11.3393
1008.2	9.29599
1011.06	5.25303
1013.91	5.21036
1016.77	21.168
1019.62	13.126
1022.48	1.08423
1025.33	29.0428
1028.18	15.0017
1031.03	6.96093
1033.87	34.9205
1036.72	6.88029
1039.57	16.8405
1042.41	24.801
1045.26	6.76176
1048.1	-1.27712
1050.94	-7.31568
1053.78	2.64609
1056.62	20.6082
1059.46	0.57058
1062.3	6.53331
1065.14	2.49639
1067.97	6.45977
1070.81	14.4235
1073.64	0.387522
1076.47	8.3519
1079.31	4.31659
1082.14	20.2816
1084.97	18.247
1087.8	2.21266
1090.63	28.1787
1093.45	0.145044
1096.28	16.1117
1099.1	12.0788
1101.93	36.0461
1104.75	6.01381
1107.57	1.98183
1110.39	21.9502
1113.21	-4.08108
1116.03	7.88796
1118.85	25.8573
1121.66	-2.17293
1124.48	7.79713
1127.3	7.76754
1130.11	-2.26172
1132.92	7.70938
1135.73	13.6808
1138.54	15.6526
1141.35	9.62475
1144.16	11.5972
1146.97	-6.42997
1149.78	25.5432
1152.58	1.51674
1155.39	5.4906
1158.19	-0.53518
1161	9.43939
1163.8	5.41432
1166.6	1.38959
1169.4	19.3652
1172.2	-4.65881
1174.99	15.3175
1177.79	17.2942
1180.59	17.2713
1183.38	31.2487
1186.17	11.2264
1188.97	3.20454
1191.76	-6.81698
1194.55	3.16186
1197.34	3.14105
1200.13	11.1206
1202.92	23.1005
1205.7	17.0808
1208.49	17.0615
1211.27	17.0425
1214.06	9.02383
1216.84	3.00556
1219.62	-1.01233
1222.4	36.9701
1225.18	0.95297
1227.96	12.9362
1230.74	12.9197
1233.51	16.9037
1236.29	14.888
1239.06	-1.12733
1241.84	32.8577
1244.61	0.843139
1247.38	16.8289
1250.15	14.8151
1252.92	2.80164
1255.69	26.7886
1258.46	18.7759
1261.23	4.76351
1263.99	4.75156
1266.76	12.74
1269.52	4.72877
1272.28	-9.28205
1275.05	8.7075
1277.81	18.6974
1280.57	20.6877
1283.33	30.6784
1286.08	-7.33049
1288.84	4.66097
1291.6	10.6528
1294.35	24.645
1297.11	2.63764
1299.86	42.6306
1302.61	-3.376
1305.36	0.617768
1308.11	10.6119
1310.86	16.6065
1313.61	16.6014
1316.36	6.59669
1319.1	20.5924
1321.85	14.5885
1324.59	28.585
1327.33	16.5818
1330.08	4.57909
1332.82	2.57674
1335.56	14.5748
1338.3	36.5732
1341.04	32.5721
1343.77	6.57129
1346.51	10.5709
1349.25	0.570928
1351.98	26.5713
1354.71	-7.42785
1357.45	12.5734
1360.18	12.575
1362.91	22.577
1365.64	8.57937
1368.37	2.58218
1371.09	12.5854
1373.82	16.589
1376.54	-3.40701
1379.27	14.5974
1381.99	10.6022
1384.72	24.6074
1387.44	-1.38697
1390.16	28.6191
1392.88	24.6255
1395.6	2.63231
1398.31	18.6395
1401.03	10.6472
1403.75	24.6552
1406.46	18.6637
1409.18	10.6726
1411.89	14.6818
1414.6	0.691516
1417.31	4.7016
1420.02	26.7121
1422.73	28.723
1425.44	22.7344
1428.15	6.74608
1430.85	14.7582
1433.56	14.7708
1436.26	-3.21622
1438.97	-11.2028
1441.67	20.811
1444.37	12.8252
1447.07	26.8398
1449.77	32.8549
1452.47	18.8703
1455.16	26.8862
1457.86	8.90253
1460.56	18.9193
1463.25	0.936398
1465.94	8.95395
1468.64	14.9719
1471.33	-9.00967
1474.02	11.0092
1476.71	11.0284
1479.4	9.04807
1482.09	15.0682
1484.77	19.0887
1487.46	21.1096
1490.14	23.1309
1492.83	13.1527
1495.51	23.1749
1498.19	13.1976
1500.87	7.22062
1503.55	1.24411
1506.23	-6.73198
1508.91	15.2924
1511.59	-0.682871
1514.27	17.3423
1516.94	9.36794
1519.62	21.394
1522.29	7.42048
1524.96	9.44739
1527.63	21.4747
1530.3	11.5025
1532.97	21.5307
1535.64	19.5594
1538.31	-4.41156
1540.98	1.61793
1543.64	5.64787
1546.31	5.67823
1548.97	11.7091
1551.63	25.7403
1554.3	1.77198
1556.96	-2.19592
1559.62	45.8366
1562.28	-0.130387
1564.94	17.903
1567.59	23.9369
1570.25	15.9712
1572.9	26.0059
1575.56	16.0411
1578.21	18.0767
1580.86	16.1128
1583.52	4.1493
1586.17	18.1862
1588.82	18.2236
1591.47	12.2614
1594.11	6.29969
1596.76	14.3384
1599.41	-1.62246
1602.05	22.4171
1604.69	12.4572
1607.34	16.4977
1609.98	12.5386
1612.62	18.58
1615.26	0.621797
1617.9	-1.33596
1620.54	-15.2932
1623.18	4.74991
1625.81	14.7935
1628.45	28.8376
1631.08	10.8821
1633.72	20.927
1636.35	-7.02759
1638.98	19.0183
1641.61	9.06456
1644.24	5.11131
1646.87	17.1585
1649.5	-2.79382
1652.13	33.2543
1654.75	9.30283
1657.38	-8.64819
1660	43.4013
1662.63	-0.548808
1665.25	23.5016
1667.87	7.5524
1670.49	5.60366
1673.11	17.6554
1675.73	-6.29242
1678.35	9.76022
1680.96	5.81332
1683.58	7.86684
1686.19	11.9209
1688.81	15.9753
1691.42	0.0302457
1694.03	4.08565
1696.64	30.1415
1699.25	22.1978
1701.87	26.2545
1704.47	24.3118
1707.08	-1.63058
1709.69	22.4276
1712.29	12.4862
1714.9	12.5452
1717.5	0.604706
1720.1	10.6647
1722.71	40.7252
1725.31	8.78604
1727.91	18.8474
1730.51	20.9092
1733.1	10.9715
1735.7	15.0343
1738.3	1.09752
1740.89	21.1612
1743.49	23.2253
1746.08	17.29
1748.67	9.35506
1751.26	7.42057
1753.86	-10.5134
1756.45	5.55309
1759.03	35.62
1761.62	3.68745
1764.21	17.7553
1766.8	-6.17636
1769.38	1.89245
1771.97	35.9618
1774.55	20.0315
1777.13	22.1018
1779.71	34.1724
1782.29	12.2436
1784.87	22.3152
1787.45	2.38734
1790.03	24.4599
1792.61	22.533
1795.18	4.60645
1797.76	2.68047
1800.33	26.7549
1802.9	24.8298
1805.48	6.90524
1808.05	26.9811
1810.62	23.0575
1813.19	11.1343
1815.76	-10.7884
1818.33	19.2894
1820.89	17.3677
1823.46	21.4464
1826.02	27.5256
1828.59	29.6053
1831.15	9.6854
1833.71	25.7661
1836.27	23.8472
1838.84	35.9287
1841.39	36.0108
1843.95	16.0933
1846.51	20.1764
1849.07	-7.74018
1851.62	8.34381
1854.18	26.4283
1856.73	14.5132
1859.29	18.5986
1861.84	28.6845
1864.39	24.7708
1866.94	28.8577
1869.49	24.9451
1872.04	15.0329
1874.59	13.1212
1877.13	43.2099
1879.68	25.2992
1882.22	9.38891
1884.77	1.47915
1887.31	25.5698
1889.85	19.661
1892.39	19.7527
1894.93	7.8448
1897.47	13.9375
1900.01	28.0306
1902.55	12.1242
1905.09	20.2183
1907.62	2.31286
1910.16	20.4079
1912.69	20.5034
1915.22	38.5995
1917.76	24.6959
1920.29	16.793
1922.82	28.8904
1925.35	16.9884
1927.88	25.0869
1930.4	13.1858
1932.93	35.2852
1935.46	31.3852
1937.98	29.4856
1940.51	35.5865
1943.03	-8.31211
1945.55	15.7897
1948.07	33.8921
1950.59	45.9949
1953.11	38.0983
1955.63	20.2021
1958.15	10.3064
1960.67	14.4112
1963.18	16.5165
1965.7	8.62229
1968.21	22.7286
1970.73	66.8354
1973.24	18.9426
1975.75	35.0503
1978.26	29.1586
1980.77	33.2673
1983.28	29.3766
1985.79	27.4863
1988.29	31.5965
1990.8	25.7073
1993.31	9.81846
1995.81	23.9302
1998.31	32.0423
