100.093	6.861
103.274	12.9459
106.457	-2.96977
109.636	17.1138
112.817	17.1968
115.994	39.2791
119.172	19.3608
122.347	3.44177
125.521	9.5221
128.696	3.60184
131.868	11.6809
135.039	7.75928
138.209	1.83704
141.379	-2.08578
144.547	9.99071
147.713	4.06657
150.879	4.1418
154.043	6.2164
157.206	0.290374
160.368	0.363728
163.529	-1.56354
166.689	6.50858
169.848	0.580076
173.006	8.65096
176.163	-1.27877
179.316	-1.20915
182.471	4.85991
185.625	6.92836
188.777	16.9962
191.927	9.06342
195.077	11.1301
198.224	5.19608
201.372	-2.73845
204.52	-2.67358
207.664	7.39066
210.809	13.4544
213.95	9.51743
217.091	-2.42009
220.233	1.64186
223.372	11.7032
226.509	17.7639
229.648	3.82417
232.784	-6.11622
235.918	11.9428
239.051	2.0013
242.186	0.0592462
245.317	12.1166
248.447	8.17338
251.577	18.2296
254.705	0.285287
257.832	12.3404
260.958	18.395
264.083	14.449
267.204	6.50244
270.327	6.55536
273.449	8.60775
276.57	38.6596
279.69	16.7109
282.806	-5.23837
285.924	18.8119
289.04	14.8616
292.154	10.9107
295.268	16.9594
298.379	21.0074
301.492	7.05504
304.601	13.1021
307.711	3.14863
310.818	13.1946
313.924	27.2401
317.031	-10.7149
320.135	21.3296
323.238	19.3736
326.34	15.417
329.443	3.45999
332.543	13.5024
335.642	9.54438
338.74	25.5858
341.836	9.62677
344.932	11.6672
348.027	5.70718
351.12	9.74666
354.213	-2.21436
357.302	25.8241
360.393	-2.13788
363.482	17.8997
366.57	5.9367
369.656	-4.02675
372.742	18.0093
375.827	30.045
378.91	0.0800961
381.993	18.1148
385.073	6.14897
388.154	20.1827
391.232	4.21597
394.311	16.2488
397.387	4.28113
400.462	26.313
403.536	4.34443
406.611	20.3754
409.683	0.405945
412.754	10.436
415.824	24.4656
418.893	-1.50519
421.961	12.5235
425.027	4.55183
428.093	8.57968
431.158	18.6071
434.222	-1.36593
437.284	6.66061
440.346	0.686716
443.407	24.7124
446.464	6.73763
449.523	12.7624
452.581	18.7868
455.635	-5.18919
458.691	18.8344
461.743	6.85748
464.797	2.8802
467.847	12.9025
470.899	2.92438
473.947	16.9458
476.994	14.9669
480.043	20.9876
483.088	-4.99219
486.133	3.02765
489.176	3.04709
492.22	15.0661
495.262	5.08478
498.302	-2.89697
501.341	1.12088
504.38	7.13834
507.417	15.1554
510.453	11.1721
513.487	9.18837
516.521	9.20428
519.554	11.2198
522.586	7.23495
525.616	3.24971
528.646	11.2641
531.675	-2.72189
534.701	13.2917
537.729	17.305
540.753	7.31789
543.778	1.33042
546.8	-2.65742
549.821	23.3544
552.844	5.3658
555.863	21.3769
558.881	7.38757
561.898	13.3979
564.916	19.4079
567.932	19.4176
570.946	19.4269
573.959	23.4358
576.971	17.4444
579.982	9.45263
582.993	-6.53947
586	17.4681
589.008	15.4753
592.015	9.48217
595.022	3.48871
598.025	17.4949
601.029	7.50078
604.032	17.5063
607.033	17.5115
610.034	15.5164
613.032	5.52094
616.032	11.5252
619.028	3.52906
622.023	7.53264
625.018	5.53589
628.013	5.53883
631.005	9.54145
633.997	11.5438
636.987	-2.45425
639.977	-8.45256
642.965	1.54881
645.952	9.54987
648.939	13.5506
651.924	5.55108
654.909	17.5512
657.892	1.55108
660.873	-2.44937
663.854	15.5499
666.835	5.54884
669.813	-2.4525
672.791	23.5459
675.767	11.5439
678.743	3.54173
681.717	13.5392
684.692	21.5364
687.664	-8.46662
690.634	17.53
693.606	9.52639
696.575	29.5225
699.543	1.51829
702.51	7.51383
705.475	-2.49091
708.44	-2.49593
711.404	-8.50121
714.367	13.4932
717.329	9.48742
720.29	13.4813
723.25	5.47498
726.207	1.46837
729.166	21.4615
732.123	27.4544
735.077	9.44697
738.032	11.4393
740.984	13.4314
743.938	27.4233
746.888	13.4148
749.839	3.40619
752.788	25.3973
755.735	11.3881
758.682	23.3787
761.627	19.3691
764.574	25.3592
767.517	17.3491
770.46	5.33873
773.402	13.3281
776.342	11.3173
779.282	29.3062
782.219	3.29494
785.157	7.28341
788.094	25.2716
791.029	5.25966
793.962	1.24745
796.896	7.23501
799.828	5.22235
802.76	13.2095
805.689	13.1964
808.619	7.18305
811.546	7.16951
814.473	25.1558
817.4	1.14179
820.324	9.12762
823.248	15.1132
826.17	29.0986
829.092	19.0838
832.012	13.0688
834.932	17.0536
837.851	19.0382
840.768	21.0226
843.685	7.00676
846.599	10.9907
849.514	0.974532
852.428	30.9581
855.339	-1.05847
858.251	2.92473
861.16	10.9077
864.07	8.89057
866.978	4.87321
869.884	12.8557
872.792	22.8379
875.696	6.82001
878.599	8.80191
881.502	20.7836
884.404	20.7652
887.304	10.7465
890.204	6.72773
893.103	0.708744
896.001	16.6896
898.898	4.67025
901.794	16.6507
904.689	-1.36893
907.581	10.6112
910.474	28.5912
913.364	10.5711
916.256	28.5507
919.144	4.53026
922.034	6.5096
924.92	8.48879
927.808	-1.53219
930.693	26.4467
933.576	18.4254
936.459	14.404
939.341	20.3824
942.222	26.3607
945.102	12.3388
947.981	18.3168
950.859	-1.70541
953.737	0.27227
956.613	12.2498
959.488	8.2272
962.361	8.20446
965.235	-3.81843
968.105	10.1586
970.977	8.1354
973.846	10.1121
976.716	14.0887
979.583	14.0651
982.449	10.0414
985.316	6.01762
988.18	17.9937
991.043	-2.03039
993.906	-0.0545833
996.767	-4.0789
999.628	13.8967
1002.49	23.8721
1005.35	19.8474
1008.2	13.8226
1011.06	5.7977
1013.91	15.7727
1016.77	-6.2525
1019.62	7.72225
1022.48	-0.303127
1025.33	-2.3286
1028.18	13.6458
1031.03	7.6201
1033.87	9.5943
1036.72	13.5684
1039.57	19.5424
1042.41	17.5163
1045.26	5.49004
1048.1	25.4637
1050.94	19.4373
1053.78	5.41079
1056.62	-0.61582
1059.46	21.3575
1062.3	13.3307
1065.14	7.3038
1067.97	5.27681
1070.81	7.24975
1073.64	15.2226
1076.47	13.1954
1079.31	13.168
1082.14	1.14061
1084.97	15.1131
1087.8	1.08553
1090.63	29.0579
1093.45	-0.969859
1096.28	15.0023
1099.1	12.9744
1101.93	16.9465
1104.75	2.91843
1107.57	20.8903
1110.39	0.862126
1113.21	18.8339
1116.03	4.80556
1118.85	16.7772
1121.66	16.7487
1124.48	16.7202
1127.3	4.6916
1130.11	16.6629
1132.92	8.63423
1135.73	0.605465
1138.54	0.576639
1141.35	20.5478
1144.16	6.51879
1146.97	0.489789
1149.78	2.46073
1152.58	16.4316
1155.39	12.4025
1158.19	12.3733
1161	20.344
1163.8	-1.68529
1166.6	0.285347
1169.4	0.255937
1172.2	-3.7735
1174.99	10.197
1177.79	20.1675
1180.59	6.13792
1183.38	18.1083
1186.17	10.0786
1188.97	18.049
1191.76	16.0192
1194.55	7.98948
1197.34	5.95969
1200.13	23.9299
1202.92	15.9
1205.7	29.8701
1208.49	1.84021
1211.27	21.8103
1214.06	23.7803
1216.84	13.7503
1219.62	11.7203
1222.4	19.6902
1225.18	7.66017
1227.96	-4.36991
1230.74	7.59997
1233.51	9.56985
1236.29	23.5397
1239.06	1.50954
1241.84	25.4794
1244.61	15.4492
1247.38	3.41897
1250.15	19.3888
1252.92	13.3585
1255.69	9.3283
1258.46	31.2981
1261.23	7.26781
1263.99	3.23756
1266.76	13.2073
1269.52	23.177
1272.28	11.1468
1275.05	7.11648
1277.81	-0.913791
1280.57	13.0559
1283.33	-6.97433
1286.08	8.9954
1288.84	14.9651
1291.6	10.9349
1294.35	6.90461
1297.11	14.8744
1299.86	10.8441
1302.61	12.8139
1305.36	8.78369
1308.11	20.7535
1310.86	28.7233
1313.61	16.6931
1316.36	10.6629
1319.1	-5.36722
1321.85	2.60264
1324.59	20.5725
1327.33	14.5424
1330.08	8.51235
1332.82	10.4823
1335.56	6.45225
1338.3	8.42223
1341.04	6.39225
1343.77	14.3623
1346.51	32.3324
1349.25	-1.69757
1351.98	0.272558
1354.71	22.2427
1357.45	16.2129
1360.18	20.1831
1362.91	4.15331
1365.64	-5.87642
1368.37	22.0939
1371.09	10.0642
1373.82	6.03462
1376.54	12.0051
1379.27	7.9755
1381.99	11.946
1384.72	1.91652
1387.44	-12.1129
1390.16	19.8577
1392.88	3.82839
1395.6	17.7991
1398.31	37.7699
1401.03	17.7407
1403.75	5.71151
1406.46	17.6824
1409.18	-0.346663
1411.89	17.6243
1414.6	1.59538
1417.31	7.5665
1420.02	21.5377
1422.73	3.50886
1425.44	19.4801
1428.15	19.4514
1430.85	31.4228
1433.56	15.3943
1436.26	13.3658
1438.97	17.3373
1441.67	25.3089
1444.37	9.28062
1447.07	19.2524
1449.77	7.22418
1452.47	11.1961
1455.16	3.168
1457.86	17.14
1460.56	11.1121
1463.25	15.0842
1465.94	11.0564
1468.64	1.02872
1471.33	15.0011
1474.02	6.97351
1476.71	12.946
1479.4	42.9186
1482.09	34.8912
1484.77	-3.13602
1487.46	2.8368
1490.14	6.80968
1492.83	2.78265
1495.51	0.755699
1498.19	10.7288
1500.87	14.7021
1503.55	-9.32466
1506.23	8.64871
1508.91	-1.37781
1511.59	0.595728
1514.27	14.5694
1516.94	10.5431
1519.62	10.5169
1522.29	8.49081
1524.96	8.46481
1527.63	-3.56111
1530.3	14.4131
1532.97	14.3873
1535.64	0.3617
1538.31	8.33615
1540.98	6.31072
1543.64	24.2854
1546.31	6.26013
1548.97	2.23497
1551.63	8.20992
1554.3	8.18496
1556.96	6.16011
1559.62	12.1354
1562.28	4.11072
1564.94	24.0862
1567.59	0.0617471
1570.25	-1.96259
1572.9	22.0132
1575.56	11.9891
1578.21	9.96507
1580.86	7.94116
1583.52	15.9174
1586.17	9.89369
1588.82	13.8701
1591.47	-8.15334
1594.11	17.8233
1596.76	1.8001
1599.41	1.77699
1602.05	15.754
1604.69	3.73111
1607.34	9.70834
1609.98	11.6857
1612.62	11.6632
1615.26	41.6408
1617.9	15.6185
1620.54	-0.403688
1623.18	17.5743
1625.81	13.5524
1628.45	7.53056
1631.08	19.5089
1633.72	5.48736
1636.35	21.4659
1638.98	15.4447
1641.61	1.4235
1644.24	-4.59753
1646.87	5.38157
1649.5	-6.63921
1652.13	-10.6598
1654.75	9.31965
1657.38	17.2993
1660	13.279
1662.63	15.2589
1665.25	7.23897
1667.87	13.2191
1670.49	7.19945
1673.11	-0.820109
1675.73	5.16047
1678.35	9.14119
1680.96	-0.877944
1683.58	1.10307
1686.19	15.0842
1688.81	1.0655
1691.42	19.0469
1694.03	3.0285
1696.64	13.0102
1699.25	14.9921
1701.87	30.9741
1704.47	18.9563
1707.08	-5.06142
1709.69	14.921
1712.29	4.90365
1714.9	10.8864
1717.5	0.869322
1720.1	6.85238
1722.71	22.8356
1725.31	6.81897
1727.91	16.8025
1730.51	4.78616
1733.1	14.77
1735.7	4.75398
1738.3	-1.26187
1740.89	14.7224
1743.49	16.7069
1746.08	2.69152
1748.67	12.6763
1751.26	18.6613
1753.86	20.6464
1756.45	10.6316
1759.03	20.6171
1761.62	22.6027
1764.21	18.5884
1766.8	6.57435
1769.38	20.5604
1771.97	8.5467
1774.55	4.53312
1777.13	28.5197
1779.71	14.5065
1782.29	-1.50658
1784.87	16.4805
1787.45	16.4678
1790.03	10.4553
1792.61	14.4429
1795.18	18.4307
1797.76	10.4186
1800.33	10.4068
1802.9	22.3951
1805.48	16.3836
1808.05	12.3723
1810.62	14.3611
1813.19	12.3501
1815.76	22.3393
1818.33	6.32872
1820.89	8.31828
1823.46	8.30803
1826.02	14.298
1828.59	8.28806
1831.15	24.2784
1833.71	-1.73117
1836.27	4.25949
1838.84	12.2503
1841.39	16.2414
1843.95	0.232592
1846.51	26.224
1849.07	12.2156
1851.62	18.2074
1854.18	16.1993
1856.73	16.1915
1859.29	8.18386
1861.84	0.176401
1864.39	20.1691
1866.94	6.16206
1869.49	6.15518
1872.04	12.1485
1874.59	18.142
1877.13	12.1357
1879.68	16.1296
1882.22	24.1237
1884.77	4.11799
1887.31	22.1125
1889.85	20.1072
1892.39	6.10206
1894.93	14.0971
1897.47	2.09243
1900.01	22.0879
1902.55	28.0836
1905.09	16.0795
1907.62	18.0756
1910.16	0.0719007
1912.69	26.0684
1915.22	12.0651
1917.76	8.06202
1920.29	16.0591
1922.82	18.0565
1925.35	12.054
1927.88	10.0517
1930.4	24.0497
1932.93	4.04784
1935.46	10.0462
1937.98	14.0448
1940.51	16.0436
1943.03	10.0426
1945.55	12.0418
1948.07	26.0412
1950.59	14.0409
1953.11	10.0407
1955.63	14.0408
1958.15	-9.95894
1960.67	-9.95845
1963.18	22.0423
1965.7	6.0432
1968.21	14.0443
1970.73	6.04572
1973.24	16.0473
1975.75	20.0491
1978.26	36.0511
1980.77	20.0534
1983.28	8.05585
1985.79	18.0585
1988.29	-3.93856
1990.8	4.06458
1993.31	32.0679
1995.81	6.07152
1998.31	24.0753
