100.093	8.77137
103.274	16.8466
106.457	-3.07853
109.636	-5.0042
112.817	19.0697
115.994	21.1431
119.172	9.21613
122.347	9.28863
125.521	13.3607
128.696	17.4323
131.868	11.5034
135.039	27.5741
138.209	23.6444
141.379	13.7142
144.547	23.7835
147.713	-4.14756
150.879	9.9209
154.043	3.98892
157.206	10.0565
160.368	2.12365
163.529	8.19036
166.689	10.2566
169.848	4.32249
173.006	2.3879
176.163	16.4529
179.316	10.5174
182.471	2.58156
185.625	2.64527
188.777	0.708568
191.927	12.7714
195.077	16.8339
198.224	6.89586
201.372	8.95749
204.52	17.0187
207.664	13.0795
210.809	9.13986
213.95	3.1998
217.091	-6.74066
220.233	21.3185
223.372	13.3772
226.509	1.43558
229.648	15.4936
232.784	17.5511
235.918	1.60822
239.051	9.66496
242.186	7.72135
245.317	11.7773
248.447	7.83288
251.577	17.8881
254.705	11.9428
257.832	7.99726
260.958	16.0513
264.083	10.1049
267.204	-5.84185
270.327	10.211
273.449	18.2635
276.57	6.31567
279.69	16.3674
282.806	2.41878
285.924	26.4698
289.04	24.5204
292.154	16.5707
295.268	6.62059
298.379	4.6701
301.492	4.71928
304.601	10.7681
307.711	24.8165
310.818	6.86461
313.924	4.91232
317.031	20.9597
320.135	21.0067
323.238	5.05337
326.34	11.0997
329.443	-2.85434
332.543	11.1913
335.642	-2.76347
338.74	19.2814
341.836	15.326
344.932	1.37025
348.027	21.4141
351.12	5.4577
354.213	17.5009
357.302	11.5438
360.393	21.5863
363.482	3.62854
366.57	3.67043
369.656	1.71196
372.742	11.7532
375.827	11.7941
378.91	13.8346
381.993	17.8749
385.073	7.9148
388.154	13.9544
391.232	13.9937
394.311	18.0327
397.387	12.0713
400.462	16.1096
403.536	10.1476
406.611	12.1853
409.683	18.2227
412.754	18.2598
415.824	-1.70341
418.893	12.3331
421.961	2.36921
425.027	-3.59493
428.093	16.4406
431.158	-7.52411
434.222	-9.48915
437.284	16.5455
440.346	16.5799
443.407	16.614
446.464	-5.35228
449.523	2.68121
452.581	0.714409
455.635	8.7473
458.691	8.77993
461.743	30.8122
464.797	-1.1557
467.847	16.8761
470.899	10.9075
473.947	4.93874
476.994	0.96965
480.043	7.00031
483.088	13.0307
486.133	9.06076
489.176	13.0906
492.22	7.12013
495.262	13.1494
498.302	19.1784
501.341	11.2071
504.38	11.2356
507.417	25.2638
510.453	7.29177
513.487	17.3194
516.521	-2.65314
519.554	15.374
522.586	5.40093
525.616	1.42756
528.646	3.45396
531.675	3.4801
534.701	9.50597
537.729	9.53161
540.753	13.557
543.778	5.58212
546.8	13.607
549.821	5.63163
552.844	1.65604
555.863	-2.31982
558.881	1.70409
561.898	3.72775
564.916	-0.248808
567.932	7.77438
570.946	13.7973
573.959	1.82005
576.971	17.8425
579.982	7.86479
582.993	-0.11319
586	7.90859
589.008	15.9302
592.015	17.9515
595.022	3.9726
598.025	15.9935
601.029	2.01414
604.032	14.0346
607.033	10.0548
610.034	-1.9252
613.032	4.09457
616.032	2.11414
619.028	4.13348
622.023	4.15261
625.018	2.17153
628.013	8.19024
631.005	10.2087
633.997	6.22702
636.987	14.2451
639.977	14.263
642.965	6.28064
645.952	14.2981
648.939	0.315366
651.924	0.332426
654.909	-7.65071
657.892	6.36595
660.873	-7.6176
663.854	8.39867
666.835	12.4147
669.813	4.43061
672.791	14.4463
675.767	16.4618
678.743	10.4771
681.717	6.4922
684.692	10.5071
687.664	18.5219
690.634	6.53641
693.606	26.5508
696.575	10.565
699.543	8.57897
702.51	14.5928
705.475	14.6064
708.44	-1.3801
711.404	24.6332
714.367	24.6463
717.329	-1.34076
720.29	2.672
723.25	16.6846
726.207	12.697
729.166	10.7093
732.123	10.7214
735.077	4.73327
738.032	12.745
740.984	6.7566
743.938	-1.23197
746.888	10.7793
749.839	16.7904
752.788	24.8013
755.735	10.8121
758.682	10.8227
761.627	8.83319
764.574	12.8435
767.517	14.8537
770.46	30.8637
773.402	12.8735
776.342	-7.11678
779.282	16.8928
782.219	18.9022
785.157	14.9114
788.094	14.9205
791.029	8.9295
793.962	2.93832
796.896	10.947
799.828	20.9555
802.76	18.9639
805.689	18.9722
808.619	-5.01969
811.546	30.9883
814.473	24.9961
817.4	15.0038
820.324	23.0114
823.248	15.0189
826.17	5.02619
829.092	7.03337
832.012	17.0404
834.932	17.0474
837.851	11.0542
840.768	17.0608
843.685	21.0674
846.599	13.0738
849.514	11.0801
852.428	17.0863
855.339	19.0924
858.251	-0.901687
861.16	15.1041
864.07	15.1099
866.978	19.1154
869.884	-8.87908
872.792	17.1263
875.696	15.1315
878.599	5.13669
881.502	15.1417
884.404	9.14665
887.304	13.1515
890.204	-0.84383
893.103	31.1608
896.001	15.1653
898.898	21.1697
901.794	15.174
904.689	-0.821852
907.581	11.1822
910.474	5.18623
913.364	1.19012
916.256	11.1939
919.144	15.1976
922.034	5.20121
924.92	-4.79528
927.808	21.2081
930.693	13.2115
933.576	13.2147
936.459	15.2178
939.341	-0.77912
942.222	11.2238
945.102	17.2267
947.981	13.2295
950.859	13.2322
953.737	15.2348
956.613	11.2374
959.488	13.2398
962.361	5.24222
965.235	17.2445
968.105	1.24674
970.977	7.24888
973.846	3.25094
976.716	11.2529
979.583	11.2548
982.449	23.2567
985.316	27.2585
988.18	7.26015
991.043	9.26178
993.906	1.26333
996.767	33.2648
999.628	9.26624
1002.49	11.2676
1005.35	9.26888
1008.2	29.2701
1011.06	9.27126
1013.91	5.27236
1016.77	9.2734
1019.62	11.2744
1022.48	23.2753
1025.33	3.27614
1028.18	21.2769
1031.03	-0.72232
1033.87	17.2784
1036.72	-2.721
1039.57	3.27957
1042.41	21.2801
1045.26	13.2806
1048.1	1.28099
1050.94	3.28136
1053.78	5.28168
1056.62	11.282
1059.46	5.28218
1062.3	13.2824
1065.14	15.2825
1067.97	3.28259
1070.81	5.28264
1073.64	15.2826
1076.47	17.2826
1079.31	9.28253
1082.14	31.2824
1084.97	7.28226
1087.8	17.2821
1090.63	7.28184
1093.45	11.2816
1096.28	13.2813
1099.1	17.2809
1101.93	-2.71943
1104.75	1.28017
1107.57	9.27974
1110.39	9.27928
1113.21	29.2788
1116.03	3.27827
1118.85	17.2777
1121.66	-0.722852
1124.48	17.2766
1127.3	11.2759
1130.11	-10.7247
1132.92	3.27461
1135.73	5.27392
1138.54	-2.7268
1141.35	1.27247
1144.16	13.2717
1146.97	9.27094
1149.78	11.2702
1152.58	3.26935
1155.39	-0.731475
1158.19	17.2677
1161	9.26684
1163.8	7.26597
1166.6	-6.7349
1169.4	7.26421
1172.2	17.2633
1174.99	11.2624
1177.79	21.2615
1180.59	9.26056
1183.38	3.25963
1186.17	-6.74131
1188.97	5.25775
1191.76	7.2568
1194.55	3.25585
1197.34	5.25489
1200.13	15.2539
1202.92	15.253
1205.7	9.25202
1208.49	3.25107
1211.27	9.25011
1214.06	13.2492
1216.84	3.24821
1219.62	1.24727
1222.4	21.2463
1225.18	7.24539
1227.96	-4.75554
1230.74	7.24354
1233.51	-4.75737
1236.29	9.24173
1239.06	3.24084
1241.84	11.24
1244.61	-4.76092
1247.38	7.23822
1250.15	21.2374
1252.92	7.23655
1255.69	13.2357
1258.46	19.2349
1261.23	21.2342
1263.99	1.23339
1266.76	7.23264
1269.52	5.23191
1272.28	9.2312
1275.05	-0.769486
1277.81	17.2298
1280.57	19.2292
1283.33	23.2286
1286.08	3.22798
1288.84	7.22741
1291.6	11.2269
1294.35	3.22634
1297.11	7.22585
1299.86	-0.774615
1302.61	11.2249
1305.36	3.22454
1308.11	21.2242
1310.86	21.2238
1313.61	15.2235
1316.36	7.22322
1319.1	25.223
1321.85	5.22276
1324.59	1.22258
1327.33	19.2224
1330.08	1.22233
1332.82	13.2223
1335.56	27.2222
1338.3	-6.77777
1341.04	9.22228
1343.77	17.2224
1346.51	13.2225
1349.25	15.2227
1351.98	7.22288
1354.71	3.22313
1357.45	1.22343
1360.18	9.22378
1362.91	11.2242
1365.64	13.2246
1368.37	17.2251
1371.09	5.22562
1373.82	11.2262
1376.54	15.2268
1379.27	17.2275
1381.99	13.2282
1384.72	15.229
1387.44	27.2299
1390.16	13.2308
1392.88	3.2317
1395.6	19.2327
1398.31	7.23375
1401.03	-0.765142
1403.75	9.23602
1406.46	15.2372
1409.18	-0.761471
1411.89	9.23987
1414.6	15.2413
1417.31	21.2427
1420.02	9.24425
1422.73	5.24584
1425.44	3.24748
1428.15	11.2492
1430.85	7.25097
1433.56	5.2528
1436.26	-2.74529
1438.97	-0.743321
1441.67	21.2587
1444.37	5.26082
1447.07	5.26299
1449.77	17.2652
1452.47	15.2675
1455.16	-0.730072
1457.86	15.2724
1460.56	3.27491
1463.25	9.2775
1465.94	11.2802
1468.64	5.28292
1471.33	17.2857
1474.02	1.28863
1476.71	7.2916
1479.4	3.29465
1482.09	11.2978
1484.77	-0.699025
1487.46	-2.69574
1490.14	15.3076
1492.83	-2.68894
1495.51	11.3146
1498.19	9.31818
1500.87	-4.67814
1503.55	15.3256
1506.23	5.32948
1508.91	5.33341
1511.59	7.33743
1514.27	3.34154
1516.94	11.3457
1519.62	21.35
1522.29	-4.64563
1524.96	19.3588
1527.63	17.3634
1530.3	9.36799
1532.97	35.3727
1535.64	9.37753
1538.31	15.3824
1540.98	1.38742
1543.64	9.39251
1546.31	13.3977
1548.97	7.40297
1551.63	25.4083
1554.3	-4.5862
1556.96	7.41936
1559.62	1.42501
1562.28	-6.56923
1564.94	19.4366
1567.59	23.4426
1570.25	-0.551384
1572.9	11.4548
1575.56	11.461
1578.21	-0.532639
1580.86	3.47381
1583.52	9.48037
1586.17	3.48702
1588.82	13.4938
1591.47	9.50065
1594.11	3.50761
1596.76	-12.4853
1599.41	17.5219
1602.05	21.5291
1604.69	9.53654
1607.34	11.544
1609.98	17.5517
1612.62	15.5594
1615.26	-0.432802
1617.9	11.5751
1620.54	15.5832
1623.18	5.59134
1625.81	1.59961
1628.45	15.608
1631.08	17.6165
1633.72	11.6251
1636.35	3.63383
1638.98	13.6427
1641.61	23.6516
1644.24	17.6607
1646.87	11.6699
1649.5	9.67919
1652.13	11.6886
1654.75	5.69815
1657.38	15.7078
1660	11.7176
1662.63	11.7275
1665.25	21.7375
1667.87	-2.25233
1670.49	11.7579
1673.11	3.76832
1675.73	-2.22117
1678.35	17.7895
1680.96	9.80022
1683.58	7.8111
1686.19	19.8221
1688.81	-2.16675
1691.42	19.8445
1694.03	-4.1441
1696.64	11.8674
1699.25	1.87906
1701.87	11.8908
1704.47	5.90274
1707.08	7.91477
1709.69	9.92694
1712.29	-0.0607676
1714.9	1.95166
1717.5	17.9642
1720.1	17.9769
1722.71	3.98973
1725.31	10.0027
1727.91	10.0158
1730.51	24.029
1733.1	-3.95763
1735.7	8.05587
1738.3	22.0695
1740.89	2.08328
1743.49	6.09719
1746.08	10.1112
1748.67	16.1254
1751.26	16.1397
1753.86	8.15421
1756.45	10.1688
1759.03	8.18356
1761.62	2.19846
1764.21	6.21348
1766.8	4.22865
1769.38	2.24396
1771.97	14.2594
1774.55	-1.72497
1777.13	6.29078
1779.71	6.30667
1782.29	24.3227
1784.87	2.33889
1787.45	10.3552
1790.03	16.3717
1792.61	18.3883
1795.18	22.4051
1797.76	4.42202
1800.33	12.4391
1802.9	26.4563
1805.48	6.47367
1808.05	2.49119
1810.62	20.5089
1813.19	6.52669
1815.76	16.5447
1818.33	12.5628
1820.89	28.5811
1823.46	2.59952
1826.02	20.6181
1828.59	6.63685
1831.15	4.65575
1833.71	16.6748
1836.27	24.694
1838.84	-5.28661
1841.39	2.73292
1843.95	6.7526
1846.51	12.7724
1849.07	12.7924
1851.62	10.8126
1854.18	12.8329
1856.73	6.85339
1859.29	-9.12596
1861.84	12.8948
1864.39	8.91579
1866.94	22.9369
1869.49	14.9582
1872.04	0.979654
1874.59	9.00127
1877.13	19.023
1879.68	-0.955029
1882.22	21.0671
1884.77	9.08936
1887.31	3.11178
1889.85	15.1344
1892.39	-4.84284
1894.93	13.1801
1897.47	17.2032
1900.01	15.2265
1902.55	13.2499
1905.09	25.2735
1907.62	3.2973
1910.16	35.3212
1912.69	3.34536
1915.22	17.3696
1917.76	27.3941
1920.29	5.41874
1922.82	3.44354
1925.35	11.4685
1927.88	15.4937
1930.4	-2.48101
1932.93	11.5445
1935.46	21.5702
1937.98	11.596
1940.51	13.622
1943.03	9.64824
1945.55	5.6746
1948.07	11.7012
1950.59	1.72787
1953.11	21.7548
1955.63	7.78186
1958.15	13.8091
1960.67	5.83656
1963.18	-0.135827
1965.7	-6.10803
1968.21	17.92
1970.73	9.94811
1973.24	21.9765
1975.75	14.005
1978.26	22.0337
1980.77	16.0626
1983.28	8.09163
1985.79	38.1209
1988.29	16.1503
1990.8	-3.82006
1993.31	6.20974
1995.81	16.2397
1998.31	26.2699
