100.093	6.84069
103.274	0.924087
106.457	19.007
109.636	19.0892
112.817	-0.829064
115.994	9.25204
119.172	13.3326
122.347	23.4126
125.521	15.492
128.696	19.5709
131.868	19.6492
135.039	-2.27301
138.209	23.8042
141.379	13.8809
144.547	19.957
147.713	6.03255
150.879	0.107558
154.043	2.18203
157.206	4.25597
160.368	10.3294
163.529	8.40223
166.689	4.47457
169.848	4.54638
173.006	0.617656
176.163	8.68841
179.316	2.7586
182.471	10.8283
185.625	14.8975
188.777	2.9662
191.927	-2.96568
195.077	-4.89802
198.224	21.1691
201.372	17.2357
204.52	19.3019
207.664	-2.63253
210.809	15.4326
213.95	7.49721
217.091	7.56131
220.233	23.625
223.372	17.6881
226.509	11.7507
229.648	15.8129
232.784	13.8746
235.918	25.9358
239.051	5.99647
242.186	6.05674
245.317	16.1165
248.447	18.1758
251.577	0.234584
254.705	14.2929
257.832	14.3508
260.958	12.4082
264.083	-1.53484
267.204	6.52162
270.327	14.5776
273.449	6.63323
276.57	18.6884
279.69	6.74302
282.806	16.7972
285.924	10.851
289.04	-5.09568
292.154	6.95718
295.268	17.0096
298.379	7.0616
301.492	5.11318
304.601	15.1643
307.711	5.21499
310.818	3.26524
313.924	7.31506
317.031	-0.635517
320.135	19.4135
323.238	11.462
326.34	13.5101
329.443	-2.44213
332.543	5.60517
335.642	21.6521
338.74	17.6985
341.836	13.7446
344.932	13.7902
348.027	11.8355
351.12	15.8803
354.213	17.9248
357.302	7.96881
360.393	0.0124684
363.482	22.0557
366.57	22.0986
369.656	10.141
372.742	16.1831
375.827	14.2248
378.91	8.26612
381.993	24.3071
385.073	2.34758
388.154	24.3878
391.232	10.4275
394.311	10.4669
397.387	14.506
400.462	18.5446
403.536	20.5829
406.611	6.62086
409.683	6.65842
412.754	6.69561
415.824	6.73244
418.893	8.76892
421.961	16.805
425.027	0.840801
428.093	20.8762
431.158	18.9113
434.222	10.946
437.284	2.98035
440.346	3.01437
443.407	3.04805
446.464	3.08136
449.523	9.11436
452.581	7.14702
455.635	23.1793
458.691	1.21132
461.743	21.243
464.797	13.2743
467.847	17.3053
470.899	5.33595
473.947	15.3663
476.994	7.3963
480.043	7.42601
483.088	13.4554
486.133	17.4844
489.176	11.5132
492.22	5.54165
495.262	3.56977
498.302	11.5976
501.341	9.62509
504.38	-2.34771
507.417	-2.32081
510.453	11.7058
513.487	3.73207
516.521	9.75808
519.554	17.7838
522.586	9.8092
525.616	1.8343
528.646	13.8591
531.675	5.88368
534.701	15.9079
537.729	13.9319
540.753	11.9556
543.778	9.97897
546.8	18.0021
549.821	8.02492
552.844	12.0475
555.863	10.0698
558.881	0.0918059
561.898	6.11355
564.916	8.13505
567.932	-3.84374
570.946	12.1772
573.959	12.1979
576.971	8.21832
579.982	-1.76152
582.993	10.2584
586	10.278
589.008	2.29743
592.015	16.3166
595.022	6.33547
598.025	-5.6459
601.029	-5.6275
604.032	6.39066
607.033	4.40856
610.034	-3.57377
613.032	-7.55636
616.032	12.4608
619.028	4.47778
622.023	14.4945
625.018	6.51097
628.013	0.527223
631.005	4.54324
633.997	12.559
636.987	12.5746
639.977	8.58993
642.965	8.60504
645.952	8.61994
648.939	16.6346
651.924	2.64907
654.909	6.66331
657.892	10.6773
660.873	2.69115
663.854	10.7048
666.835	6.71815
669.813	6.73133
672.791	2.74431
675.767	10.7571
678.743	2.76965
681.717	14.782
684.692	12.7942
687.664	-3.19383
690.634	18.8179
693.606	2.82953
696.575	2.84092
699.543	14.8521
702.51	2.86312
705.475	20.8739
708.44	12.8846
711.404	22.895
714.367	2.9053
717.329	14.9154
720.29	-1.07471
723.25	-7.06498
726.207	14.9446
729.166	-11.046
732.123	6.96316
735.077	-3.02781
738.032	12.9811
740.984	0.989743
743.938	10.9983
746.888	9.00663
749.839	3.01484
752.788	23.0229
755.735	21.0307
758.682	-6.96154
761.627	15.046
764.574	3.05343
767.517	9.06068
770.46	-4.93222
773.402	7.07473
776.342	25.0815
779.282	5.08818
782.219	11.0947
785.157	3.10104
788.094	13.1073
791.029	7.11333
793.962	17.1193
796.896	11.1251
799.828	9.13072
802.76	1.13625
805.689	25.1416
808.619	7.14689
811.546	11.152
814.473	9.15702
817.4	13.1619
820.324	-0.833367
823.248	19.1713
826.17	19.1757
829.092	3.18012
832.012	-0.815625
834.932	11.1885
837.851	19.1925
840.768	31.1964
843.685	13.2002
846.599	23.2039
849.514	5.20746
852.428	11.2109
855.339	9.21426
858.251	13.2175
861.16	9.22063
864.07	13.2237
866.978	25.2266
869.884	15.2294
872.792	1.23215
875.696	19.2348
878.599	3.23731
881.502	3.23975
884.404	7.2421
887.304	23.2443
890.204	13.2465
893.103	5.24858
896.001	13.2506
898.898	11.2525
901.794	3.25428
904.689	9.25601
907.581	13.2577
910.474	9.25923
913.364	5.26072
916.256	-4.73787
919.144	-2.73654
922.034	9.26472
924.92	23.2659
927.808	15.267
930.693	1.26807
933.576	13.269
936.459	11.2699
939.341	9.27079
942.222	7.27156
945.102	-0.72773
947.981	9.27292
950.859	3.27351
953.737	-0.725967
956.613	5.2745
959.488	5.27492
962.361	3.27527
965.235	5.27558
968.105	7.27583
970.977	9.27602
973.846	1.27617
976.716	-0.723726
979.583	17.2763
982.449	-0.723666
985.316	5.2763
988.18	17.2762
991.043	11.2761
993.906	1.27593
996.767	3.27573
999.628	5.27549
1002.49	21.2752
1005.35	5.2749
1008.2	7.27455
1011.06	19.2742
1013.91	3.27377
1016.77	11.2733
1019.62	13.2729
1022.48	-2.72764
1025.33	5.27184
1028.18	15.2713
1031.03	11.2707
1033.87	13.2701
1036.72	5.26952
1039.57	21.2689
1042.41	1.26824
1045.26	15.2676
1048.1	13.2669
1050.94	1.2662
1053.78	3.26549
1056.62	7.26477
1059.46	-2.73597
1062.3	19.2633
1065.14	-2.73746
1067.97	5.26179
1070.81	23.261
1073.64	17.2603
1076.47	-2.7405
1079.31	21.2587
1082.14	7.25796
1084.97	9.25719
1087.8	3.25642
1090.63	9.25566
1093.45	11.2549
1096.28	19.2542
1099.1	31.2534
1101.93	-0.747332
1104.75	1.25194
1107.57	9.25122
1110.39	3.25052
1113.21	9.24983
1116.03	-4.75085
1118.85	23.2485
1121.66	1.24785
1124.48	1.24722
1127.3	7.24662
1130.11	3.24603
1132.92	-2.75453
1135.73	1.24493
1138.54	7.24441
1141.35	13.2439
1144.16	3.24346
1146.97	7.24302
1149.78	7.24262
1152.58	1.24224
1155.39	-0.758106
1158.19	-2.75842
1161	5.2413
1163.8	13.2411
1166.6	5.24085
1169.4	7.24068
1172.2	7.24055
1174.99	-2.75954
1177.79	3.2404
1180.59	1.24039
1183.38	17.2404
1186.17	15.2405
1188.97	11.2406
1191.76	-4.7592
1194.55	11.241
1197.34	9.24128
1200.13	19.2416
1202.92	7.24197
1205.7	1.24239
1208.49	-2.75714
1211.27	5.24339
1214.06	-8.75602
1216.84	3.24462
1219.62	-0.754684
1222.4	19.2461
1225.18	5.24689
1227.96	1.24777
1230.74	17.2487
1233.51	3.24972
1236.29	3.25079
1239.06	-0.74807
1241.84	3.25313
1244.61	11.2544
1247.38	7.25575
1250.15	9.25716
1252.92	5.25864
1255.69	3.2602
1258.46	1.26182
1261.23	-0.736473
1263.99	-0.734694
1266.76	-2.73284
1269.52	-6.7309
1272.28	11.2711
1275.05	9.2732
1277.81	15.2754
1280.57	3.27763
1283.33	7.27997
1286.08	1.2824
1288.84	1.28491
1291.6	13.2875
1294.35	3.29019
1297.11	15.293
1299.86	13.2958
1302.61	5.29877
1305.36	9.30182
1308.11	3.30496
1310.86	-4.69181
1313.61	-2.68849
1316.36	3.31494
1319.1	11.3185
1321.85	13.3221
1324.59	11.3258
1327.33	3.32961
1330.08	17.3335
1332.82	13.3375
1335.56	11.3417
1338.3	7.3459
1341.04	3.35023
1343.77	-2.64533
1346.51	7.35921
1349.25	9.36387
1351.98	-4.63137
1354.71	-6.62649
1357.45	7.37849
1360.18	-0.616411
1362.91	1.3888
1365.64	7.39413
1368.37	17.3996
1371.09	7.40513
1373.82	5.4108
1376.54	5.41659
1379.27	13.4225
1381.99	1.42854
1384.72	13.4347
1387.44	13.441
1390.16	11.4474
1392.88	-2.5461
1395.6	7.46055
1398.31	11.4673
1401.03	3.47423
1403.75	15.4813
1406.46	-0.511579
1409.18	3.49571
1411.89	3.50313
1414.6	-4.48931
1417.31	5.51837
1420.02	9.52619
1422.73	5.53415
1425.44	11.5422
1428.15	9.55047
1430.85	-2.44117
1433.56	7.56734
1436.26	15.576
1438.97	5.58477
1441.67	5.59369
1444.37	-0.397242
1447.07	15.612
1449.77	21.6213
1452.47	13.6308
1455.16	3.64048
1457.86	-4.34973
1460.56	7.66021
1463.25	7.67031
1465.94	9.68055
1468.64	-0.309059
1471.33	3.70148
1474.02	21.7122
1476.71	7.72303
1479.4	9.73404
1482.09	-0.254803
1484.77	13.7565
1487.46	1.76798
1490.14	9.77962
1492.83	3.79141
1495.51	-6.19664
1498.19	21.8155
1500.87	19.8277
1503.55	7.84017
1506.23	19.8528
1508.91	11.8655
1511.59	-0.121537
1514.27	9.89155
1516.94	15.9048
1519.62	11.9182
1522.29	7.93184
1524.96	5.94561
1527.63	3.95954
1530.3	-0.0263496
1532.97	15.9879
1535.64	-1.99761
1538.31	8.01702
1540.98	2.03181
1543.64	6.04679
1546.31	0.0619387
1548.97	6.07727
1551.63	4.09278
1554.3	14.1085
1556.96	30.1243
1559.62	22.1404
1562.28	24.1566
1564.94	14.173
1567.59	6.18962
1570.25	8.2064
1572.9	12.2234
1575.56	18.2405
1578.21	2.25785
1580.86	12.2754
1583.52	8.29309
1586.17	12.311
1588.82	4.32909
1591.47	4.34736
1594.11	10.3658
1596.76	8.3845
1599.41	-5.59665
1602.05	2.4224
1604.69	8.44165
1607.34	12.4611
1609.98	10.4807
1612.62	0.500574
1615.26	10.5206
1617.9	2.54084
1620.54	16.5613
1623.18	12.5819
1625.81	6.60274
1628.45	0.623772
1631.08	22.645
1633.72	0.666445
1636.35	6.68809
1638.98	8.70994
1641.61	12.732
1644.24	0.75426
1646.87	24.7767
1649.5	10.7994
1652.13	4.82229
1654.75	12.8454
1657.38	14.8687
1660	0.892226
1662.63	14.916
1665.25	6.93991
1667.87	2.96406
1670.49	16.9884
1673.11	7.01301
1675.73	23.0378
1678.35	-2.93716
1680.96	7.08808
1683.58	25.1135
1686.19	13.1392
1688.81	9.1651
1691.42	5.1912
1694.03	-2.78246
1696.64	3.24409
1699.25	15.2709
1701.87	5.29788
1704.47	7.3251
1707.08	7.35255
1709.69	13.3802
1712.29	15.4081
1714.9	13.4363
1717.5	1.46461
1720.1	13.4932
1722.71	7.52202
1725.31	19.5511
1727.91	13.5803
1730.51	-2.39017
1733.1	21.6396
1735.7	15.6696
1738.3	15.6998
1740.89	1.73019
1743.49	-4.23914
1746.08	5.79177
1748.67	13.8229
1751.26	5.85428
1753.86	21.8859
1756.45	3.91777
1759.03	5.94986
1761.62	15.9822
1764.21	14.0148
1766.8	22.0476
1769.38	10.0806
1771.97	8.11396
1774.55	30.1475
1777.13	8.18129
1779.71	6.21533
1782.29	8.24959
1784.87	20.2841
1787.45	22.3189
1790.03	0.353898
1792.61	6.38918
1795.18	-3.57532
1797.76	16.4605
1800.33	10.4965
1802.9	0.532724
1805.48	12.5692
1808.05	12.606
1810.62	24.643
1813.19	12.6803
1815.76	4.71783
1818.33	4.75562
1820.89	18.7937
1823.46	14.8319
1826.02	12.8705
1828.59	14.9093
1831.15	10.9484
1833.71	8.9877
1836.27	-0.972722
1838.84	29.0671
1841.39	13.1072
1843.95	13.1476
1846.51	-6.81179
1849.07	19.2291
1851.62	17.2702
1854.18	9.31166
1856.73	7.35332
1859.29	1.39528
1861.84	21.4375
1864.39	3.47994
1866.94	17.5227
1869.49	9.56571
1872.04	7.60898
1874.59	3.65253
1877.13	21.6963
1879.68	1.7404
1882.22	11.7848
1884.77	7.8294
1887.31	11.8743
1889.85	13.9195
1892.39	-0.0351114
1894.93	22.0106
1897.47	28.0566
1900.01	18.1029
1902.55	20.1494
1905.09	28.1962
1907.62	16.2433
1910.16	10.2906
1912.69	22.3383
1915.22	8.38623
1917.76	12.4344
1920.29	14.4829
1922.82	32.5317
1925.35	2.58072
1927.88	10.63
1930.4	12.6796
1932.93	14.7295
1935.46	14.7797
1937.98	14.8301
1940.51	10.8809
1943.03	18.9319
1945.55	20.9832
1948.07	15.0348
1950.59	5.08666
1953.11	-4.86115
1955.63	1.19129
1958.15	19.244
1960.67	7.29704
1963.18	21.3504
1965.7	15.404
1968.21	13.4579
1970.73	13.5121
1973.24	-6.43345
1975.75	9.62129
1978.26	9.67637
1980.77	13.7317
1983.28	21.7874
1985.79	15.8433
1988.29	35.8995
1990.8	13.9561
1993.31	2.01294
1995.81	6.07006
1998.31	8.12745
