100.093	22.8776
103.274	32.907
106.457	16.9363
109.636	28.9652
112.817	4.99392
115.994	15.0223
119.172	5.0505
122.347	19.0784
125.521	19.106
128.696	11.1334
131.868	11.1605
135.039	17.1873
138.209	17.2139
141.379	5.24022
144.547	21.2663
147.713	15.2921
150.879	9.31763
154.043	11.3429
157.206	17.368
160.368	7.39277
163.529	-8.58269
166.689	13.4416
169.848	17.4656
173.006	1.48945
176.163	-4.487
179.316	19.5363
182.471	17.5593
185.625	3.58217
188.777	13.6047
191.927	9.62707
195.077	21.6492
198.224	1.671
201.372	13.6926
204.52	15.714
207.664	-0.264861
210.809	5.75605
213.95	31.7767
217.091	9.79715
220.233	11.8174
223.372	7.83733
226.509	21.8571
229.648	23.8766
232.784	15.8959
235.918	17.9149
239.051	15.9338
242.186	17.9524
245.317	7.97077
248.447	13.9889
251.577	14.0069
254.705	14.0246
257.832	22.0421
260.958	2.05938
264.083	2.07644
267.204	2.09328
270.327	6.10992
273.449	20.1263
276.57	14.1425
279.69	20.1585
282.806	-1.8257
285.924	8.18988
289.04	-7.79476
292.154	18.2204
295.268	14.2353
298.379	18.2501
301.492	12.2646
304.601	10.2789
307.711	14.293
310.818	14.3069
313.924	18.3207
317.031	8.33418
320.135	26.3475
323.238	12.3606
326.34	10.3735
329.443	12.3863
332.543	14.3988
335.642	2.41111
338.74	22.4232
341.836	10.4352
344.932	16.4469
348.027	4.45849
351.12	6.46986
354.213	14.481
357.302	26.492
360.393	0.502831
363.482	6.51345
366.57	24.5239
369.656	20.5341
372.742	20.5442
375.827	16.5541
378.91	2.56377
381.993	16.5733
385.073	18.5826
388.154	-5.40821
391.232	-1.39923
394.311	-1.39042
397.387	-3.3818
400.462	8.62665
403.536	2.63493
406.611	18.643
409.683	6.65097
412.754	-1.34127
415.824	16.6663
418.893	16.6737
421.961	14.681
425.027	2.68808
428.093	22.695
431.158	16.7017
434.222	8.70833
437.284	12.7148
440.346	0.721018
443.407	-7.27288
446.464	28.733
449.523	-3.26118
452.581	-3.25556
455.635	6.74989
458.691	18.7552
461.743	22.7603
464.797	10.7653
467.847	4.77015
470.899	16.7748
473.947	-1.22066
476.994	-3.21629
480.043	14.7879
483.088	14.792
486.133	12.7959
489.176	14.7997
492.22	0.803302
495.262	6.80677
498.302	8.8101
501.341	24.8133
504.38	4.81632
507.417	16.8192
510.453	14.822
513.487	8.82456
516.521	2.82703
519.554	6.82935
522.586	2.83154
525.616	16.8336
528.646	-7.1645
531.675	28.8373
534.701	12.8389
537.729	4.84041
540.753	-5.15823
543.778	10.843
546.8	-7.15589
549.821	8.84507
552.844	6.84591
555.863	10.8466
558.881	-1.1528
561.898	-3.15235
564.916	-1.15203
567.932	12.8482
570.946	-3.15177
573.959	4.84818
576.971	14.848
579.982	-9.1523
582.993	8.84727
586	28.8467
589.008	2.84605
592.015	12.8453
595.022	0.844355
598.025	10.8433
601.029	6.84218
604.032	10.8409
607.033	12.8395
610.034	2.83805
613.032	-3.16356
616.032	-13.1653
619.028	8.83289
622.023	2.83094
625.018	6.82889
628.013	16.8267
631.005	16.8244
633.997	2.82205
636.987	6.81956
639.977	10.817
642.965	12.8143
645.952	12.8114
648.939	14.8085
651.924	8.8055
654.909	10.8024
657.892	18.7991
660.873	2.79581
663.854	2.79238
666.835	0.78885
669.813	8.78522
672.791	-3.21851
675.767	-3.22233
678.743	12.7737
681.717	4.76972
684.692	8.76561
687.664	16.7614
690.634	22.7571
693.606	4.75269
696.575	22.7482
699.543	16.7436
702.51	0.738953
705.475	24.7342
708.44	18.7293
711.404	10.7244
714.367	14.7194
717.329	16.7143
720.29	24.7091
723.25	8.70377
726.207	6.6984
729.166	18.6929
732.123	8.6874
735.077	6.68178
738.032	20.6761
740.984	-3.3297
743.938	8.66443
746.888	6.65849
749.839	4.65246
752.788	14.6464
755.735	10.6402
758.682	16.6339
761.627	10.6276
764.574	-5.37881
767.517	-5.38529
770.46	16.6082
773.402	26.6015
776.342	12.5948
779.282	12.5881
782.219	12.5812
785.157	2.57431
788.094	30.5673
791.029	14.5603
793.962	16.5532
796.896	2.54597
799.828	10.5387
802.76	4.5314
805.689	20.524
808.619	12.5166
811.546	8.50907
814.473	26.5015
817.4	16.4939
820.324	20.4862
823.248	4.47841
826.17	8.47059
829.092	22.4627
832.012	0.454777
834.932	16.4468
837.851	16.4387
840.768	10.4306
843.685	22.4225
846.599	12.4142
849.514	14.406
852.428	10.3976
855.339	0.389265
858.251	6.38083
861.16	12.3723
864.07	24.3638
866.978	6.35523
869.884	10.3466
872.792	24.3379
875.696	-1.67083
878.599	12.3204
881.502	14.3116
884.404	8.30269
887.304	16.2938
890.204	4.28481
893.103	32.2758
896.001	0.266749
898.898	18.2577
901.794	4.24851
904.689	10.2393
907.581	8.23012
910.474	8.22085
913.364	-7.78844
916.256	36.2022
919.144	16.1928
922.034	16.1834
924.92	24.174
927.808	14.1645
930.693	8.15495
933.576	18.1454
936.459	-1.8642
939.341	20.1262
942.222	4.11652
945.102	-5.89318
947.981	16.0971
950.859	8.08734
953.737	12.0776
956.613	8.06773
959.488	20.0579
962.361	18.048
965.235	0.0381089
968.105	-3.97182
970.977	6.01822
973.846	-1.99176
976.716	9.99823
979.583	11.9882
982.449	13.9781
985.316	1.96806
988.18	3.95795
991.043	13.9478
993.906	9.93768
996.767	21.9275
999.628	-0.082677
1002.49	21.9071
1005.35	11.8969
1008.2	-0.113365
1011.06	13.8764
1013.91	3.86609
1016.77	-2.14421
1019.62	15.8455
1022.48	15.8351
1025.33	7.8248
1028.18	5.81444
1031.03	13.8041
1033.87	-0.206322
1036.72	17.7833
1039.57	7.77286
1042.41	15.7624
1045.26	15.752
1048.1	17.7416
1050.94	21.7311
1053.78	15.7206
1056.62	3.71018
1059.46	9.6997
1062.3	21.6892
1065.14	15.6787
1067.97	11.6682
1070.81	31.6577
1073.64	11.6472
1076.47	13.6367
1079.31	19.6262
1082.14	3.61567
1084.97	9.60514
1087.8	13.5946
1090.63	19.5841
1093.45	7.57357
1096.28	9.56305
1099.1	1.55252
1101.93	13.542
1104.75	1.53148
1107.57	5.52096
1110.39	9.51044
1113.21	-4.50007
1116.03	13.4894
1118.85	9.47891
1121.66	3.46841
1124.48	11.4579
1127.3	3.44743
1130.11	15.4369
1132.92	9.42647
1135.73	-0.583995
1138.54	5.40555
1141.35	7.3951
1144.16	5.38465
1146.97	5.37422
1149.78	3.3638
1152.58	17.3534
1155.39	1.34301
1158.19	5.33262
1161	5.32225
1163.8	17.3119
1166.6	11.3015
1169.4	9.29121
1172.2	-0.719096
1174.99	15.2706
1177.79	13.2603
1180.59	3.25006
1183.38	9.23981
1186.17	13.2296
1188.97	-2.78064
1191.76	-0.790832
1194.55	-2.80101
1197.34	7.18884
1200.13	7.1787
1202.92	7.16859
1205.7	15.1585
1208.49	5.14843
1211.27	1.13838
1214.06	7.12836
1216.84	1.11836
1219.62	-2.89162
1222.4	1.09843
1225.18	5.0885
1227.96	15.0786
1230.74	13.0687
1233.51	1.05887
1236.29	13.0491
1239.06	-0.96074
1241.84	-2.97051
1244.61	3.01976
1247.38	-0.989951
1250.15	5.00038
1252.92	8.99073
1255.69	0.98111
1258.46	-3.02847
1261.23	12.962
1263.99	6.95246
1266.76	14.943
1269.52	-3.06649
1272.28	12.9241
1275.05	16.9147
1277.81	12.9054
1280.57	16.896
1283.33	-5.11324
1286.08	14.8775
1288.84	20.8683
1291.6	0.859134
1294.35	6.85
1297.11	16.8409
1299.86	16.8319
1302.61	8.82284
1305.36	2.81387
1308.11	14.8049
1310.86	12.796
1313.61	16.7872
1316.36	2.77837
1319.1	4.7696
1321.85	10.7609
1324.59	4.75219
1327.33	10.7436
1330.08	-5.26504
1332.82	6.72641
1335.56	12.7179
1338.3	2.70944
1341.04	-3.29897
1343.77	10.6927
1346.51	14.6843
1349.25	8.67607
1351.98	0.667847
1354.71	16.6597
1357.45	-3.34846
1360.18	-13.3565
1362.91	-7.36457
1365.64	24.6275
1368.37	6.61953
1371.09	-1.38835
1373.82	6.60383
1376.54	16.5961
1379.27	10.5883
1381.99	12.5807
1384.72	4.57306
1387.44	8.5655
1390.16	6.558
1392.88	-3.44945
1395.6	8.54315
1398.31	10.5358
1401.03	-7.47146
1403.75	16.5213
1406.46	10.5141
1409.18	-1.49297
1411.89	10.5
1414.6	-1.50702
1417.31	2.48605
1420.02	8.47918
1422.73	4.47236
1425.44	12.4656
1428.15	2.45891
1430.85	18.4523
1433.56	12.4457
1436.26	0.439195
1438.97	18.4327
1441.67	8.42637
1444.37	18.42
1447.07	12.4138
1449.77	4.4076
1452.47	-1.59853
1455.16	0.395407
1457.86	-1.61059
1460.56	24.3835
1463.25	14.3776
1465.94	4.37182
1468.64	8.36608
1471.33	14.3604
1474.02	6.35482
1476.71	8.3493
1479.4	6.34384
1482.09	16.3385
1484.77	16.3331
1487.46	6.32789
1490.14	14.3227
1492.83	-11.6824
1495.51	-3.68743
1498.19	12.3076
1500.87	-1.69729
1503.55	4.2979
1506.23	8.29315
1508.91	12.2885
1511.59	18.2839
1514.27	8.27936
1516.94	10.2749
1519.62	-1.72946
1522.29	14.2662
1524.96	6.26202
1527.63	4.25787
1530.3	-1.7462
1532.97	8.24981
1535.64	8.2459
1538.31	0.24206
1540.98	2.2383
1543.64	-1.76537
1546.31	-1.76897
1548.97	10.2275
1551.63	20.2241
1554.3	-7.77929
1556.96	16.2174
1559.62	14.2142
1562.28	8.21112
1564.94	18.2081
1567.59	8.20513
1570.25	2.20226
1572.9	4.19948
1575.56	14.1968
1578.21	4.19416
1580.86	10.1916
1583.52	14.1892
1586.17	8.18681
1588.82	-3.81547
1591.47	2.18233
1594.11	0.180228
1596.76	10.1782
1599.41	12.1763
1602.05	6.17443
1604.69	12.1727
1607.34	4.171
1609.98	-1.83058
1612.62	-5.83208
1615.26	24.1665
1617.9	2.16521
1620.54	10.164
1623.18	-15.8372
1625.81	12.1618
1628.45	-3.83915
1631.08	10.16
1633.72	4.15922
1636.35	16.1585
1638.98	10.158
1641.61	6.15747
1644.24	18.1571
1646.87	14.1568
1649.5	2.15656
1652.13	14.1564
1654.75	6.15642
1657.38	14.1565
1660	14.1567
1662.63	18.1569
1665.25	8.15729
1667.87	2.15775
1670.49	10.1583
1673.11	6.15896
1675.73	0.159704
1678.35	2.16055
1680.96	14.1615
1683.58	4.16254
1686.19	18.1637
1688.81	-5.83507
1691.42	12.1663
1694.03	24.1677
1696.64	18.1693
1699.25	14.1709
1701.87	6.17264
1704.47	8.17448
1707.08	26.1764
1709.69	0.178481
1712.29	6.18063
1714.9	12.1829
1717.5	8.18524
1720.1	16.1877
1722.71	26.1903
1725.31	6.19294
1727.91	12.1957
1730.51	12.1986
1733.1	2.20157
1735.7	18.2047
1738.3	14.2079
1740.89	-5.78885
1743.49	2.21456
1746.08	2.21807
1748.67	22.2217
1751.26	-3.77458
1753.86	16.2293
1756.45	10.2332
1759.03	16.2373
1761.62	2.24141
1764.21	2.24568
1766.8	18.2501
1769.38	12.2545
1771.97	10.2592
1774.55	-11.7361
1777.13	8.26868
1779.71	14.2736
1782.29	10.2786
1784.87	6.2838
1787.45	16.2891
1790.03	2.29444
1792.61	8.29994
1795.18	8.30554
1797.76	14.3113
1800.33	16.3171
1802.9	6.32303
1805.48	14.3291
1808.05	10.3353
1810.62	14.3415
1813.19	-1.65206
1815.76	18.3545
1818.33	12.3611
1820.89	8.36784
1823.46	18.3747
1826.02	22.3817
1828.59	8.38879
1831.15	10.396
1833.71	-1.59666
1836.27	8.41079
1838.84	18.4184
1841.39	2.42604
1843.95	12.4338
1846.51	20.4418
1849.07	2.44981
1851.62	14.458
1854.18	2.46626
1856.73	2.47466
1859.29	22.4832
1861.84	6.49183
1864.39	-7.49941
1866.94	4.50948
1869.49	-3.48151
1872.04	4.52762
1874.59	8.53687
1877.13	-1.45375
1879.68	6.55574
1882.22	12.5654
1884.77	0.575106
1887.31	24.585
1889.85	0.594964
1892.39	20.6051
1894.93	24.6153
1897.47	0.625682
1900.01	6.63617
1902.55	14.6468
1905.09	12.6575
1907.62	10.6684
1910.16	10.6794
1912.69	4.6905
1915.22	28.7017
1917.76	12.7131
1920.29	6.72461
1922.82	10.7362
1925.35	26.748
1927.88	8.75988
1930.4	-5.22811
1932.93	20.784
1935.46	10.7963
1937.98	4.80869
1940.51	6.82122
1943.03	-1.16612
1945.55	2.84666
1948.07	26.8596
1950.59	22.8726
1953.11	18.8858
1955.63	24.8991
1958.15	10.9125
1960.67	16.9261
1963.18	-3.06019
1965.7	26.9536
1968.21	-1.03238
1970.73	10.9817
1973.24	12.996
1975.75	-2.98969
1978.26	5.02481
1980.77	7.03944
1983.28	9.05421
1985.79	1.06911
1988.29	11.0841
1990.8	11.0993
1993.31	15.1146
1995.81	11.1301
1998.31	3.14562
