100.093	21.7088
103.274	29.6934
106.457	33.6782
109.636	19.6634
112.817	21.6488
115.994	23.6346
119.172	29.6206
122.347	19.607
125.521	13.5936
128.696	5.58058
131.868	11.5678
135.039	13.5554
138.209	11.5432
141.379	17.5313
144.547	17.5197
147.713	5.50839
150.879	27.4974
154.043	19.4866
157.206	15.4762
160.368	-2.53403
163.529	13.4561
166.689	25.4464
169.848	3.43707
173.006	9.42798
176.163	11.4192
179.316	17.4106
182.471	9.40236
185.625	31.3943
188.777	3.3866
191.927	13.3791
195.077	29.3719
198.224	15.3649
201.372	-2.64176
204.52	7.3518
207.664	25.3456
210.809	17.3397
213.95	11.334
217.091	15.3286
220.233	15.3234
223.372	15.3184
226.509	13.3138
229.648	7.30932
232.784	15.3051
235.918	13.3012
239.051	21.2974
242.186	3.29395
245.317	17.2907
248.447	9.2877
251.577	29.2849
254.705	13.2824
257.832	11.2801
260.958	-2.72202
264.083	25.2761
267.204	5.27449
270.327	13.2731
273.449	19.2719
276.57	5.27094
279.69	23.2702
282.806	13.2697
285.924	17.2694
289.04	-10.7307
292.154	23.2694
295.268	11.2697
298.379	7.27028
301.492	15.271
304.601	9.27199
307.711	19.2732
310.818	19.2745
313.924	7.27612
317.031	1.2779
320.135	9.27988
323.238	27.2821
326.34	11.2844
329.443	11.287
332.543	11.2898
335.642	7.29274
338.74	3.2959
341.836	13.2992
344.932	-2.69722
348.027	13.3065
351.12	37.3104
354.213	25.3145
357.302	25.3188
360.393	1.32323
363.482	5.32787
366.57	11.3327
369.656	23.3377
372.742	3.34285
375.827	-6.65181
378.91	1.35371
381.993	7.3594
385.073	15.3653
388.154	15.3713
391.232	9.37749
394.311	15.3839
397.387	11.3904
400.462	9.39707
403.536	9.40392
406.611	-6.58906
409.683	3.41811
412.754	7.42544
415.824	9.43293
418.893	-6.55943
421.961	5.44837
425.027	11.4563
428.093	17.4644
431.158	13.4727
434.222	7.48107
437.284	-8.51039
440.346	7.4983
443.407	-0.492861
446.464	9.51611
449.523	9.52523
452.581	5.53449
455.635	15.5439
458.691	5.55343
461.743	9.5631
464.797	-6.42709
467.847	3.58284
470.899	1.59292
473.947	7.60312
476.994	5.61345
480.043	15.6239
483.088	3.6345
486.133	5.64521
489.176	7.65604
492.22	23.667
495.262	1.67809
498.302	11.6893
501.341	5.70061
504.38	5.71205
507.417	13.7236
510.453	9.73528
513.487	1.74705
516.521	5.75895
519.554	29.771
522.586	13.7831
525.616	15.7953
528.646	7.80763
531.675	7.82008
534.701	13.8326
537.729	7.84526
540.753	11.858
543.778	5.87086
546.8	-6.11619
549.821	3.89686
552.844	-2.08999
555.863	-0.0767541
558.881	-0.0634204
561.898	-2.04999
564.916	29.9635
567.932	5.97715
570.946	11.9908
573.959	-3.99536
576.971	8.01852
579.982	4.03248
582.993	18.0465
586	14.0607
589.008	18.0749
592.015	6.08916
595.022	6.10354
598.025	-5.88201
601.029	-7.86748
604.032	12.1471
607.033	-1.83819
610.034	6.17657
613.032	8.19139
616.032	10.2063
619.028	2.22126
622.023	-1.76371
625.018	16.2514
628.013	4.26658
631.005	12.2818
633.997	8.29711
636.987	8.31247
639.977	0.327898
642.965	8.34338
645.952	10.3589
648.939	2.37453
651.924	8.39019
654.909	10.4059
657.892	8.42169
660.873	14.4375
663.854	4.45338
666.835	10.4693
669.813	8.48528
672.791	4.50131
675.767	6.51738
678.743	12.5335
681.717	0.549669
684.692	12.5659
687.664	10.5821
690.634	12.5984
693.606	8.61477
696.575	26.6311
699.543	2.64755
702.51	2.664
705.475	2.68049
708.44	8.69701
711.404	10.7136
714.367	-5.26984
717.329	14.7468
720.29	6.76343
723.25	4.78011
726.207	18.7968
729.166	10.8136
732.123	10.8303
735.077	6.8471
738.032	16.8639
740.984	16.8807
743.938	18.8976
746.888	4.91447
749.839	6.93138
752.788	14.9483
755.735	6.96521
758.682	22.9822
761.627	26.9991
764.574	1.0161
767.517	21.0331
770.46	15.0501
773.402	3.0671
776.342	17.0841
779.282	9.10115
782.219	5.11818
785.157	-0.864774
788.094	-0.847722
791.029	19.1693
793.962	9.18638
796.896	1.20345
799.828	7.2205
802.76	1.23756
805.689	19.2546
808.619	17.2717
811.546	13.2887
814.473	19.3058
817.4	19.3228
820.324	17.3399
823.248	9.35689
826.17	21.3739
829.092	15.3909
832.012	29.4079
834.932	19.4249
837.851	19.4419
840.768	21.4589
843.685	17.4758
846.599	11.4927
849.514	5.50966
852.428	11.5266
855.339	13.5434
858.251	11.5603
861.16	19.5771
864.07	13.594
866.978	13.6108
869.884	7.62753
872.792	11.6443
875.696	7.66101
878.599	-6.32229
881.502	7.69437
884.404	17.711
887.304	11.7276
890.204	5.7442
893.103	21.7608
896.001	3.77727
898.898	15.7938
901.794	25.8102
904.689	15.8266
907.581	11.843
910.474	5.85933
913.364	11.8756
916.256	7.89189
919.144	11.9081
922.034	5.92429
924.92	5.94042
927.808	11.9565
930.693	-0.0274371
933.576	19.9886
936.459	6.00452
939.341	10.0204
942.222	16.0363
945.102	12.0521
947.981	22.0679
950.859	-7.91642
953.737	-1.90076
956.613	6.11485
959.488	4.1304
962.361	14.1459
965.235	20.1613
968.105	2.17672
970.977	14.1921
973.846	12.2073
976.716	8.22253
979.583	0.237681
982.449	12.2528
985.316	12.2678
988.18	2.28276
991.043	14.2977
993.906	2.3125
996.767	10.3273
999.628	10.342
1002.49	-1.6434
1005.35	8.37117
1008.2	6.38567
1011.06	16.4001
1013.91	8.41445
1016.77	16.4287
1019.62	8.44294
1022.48	22.4571
1025.33	10.4711
1028.18	8.48512
1031.03	-7.50097
1033.87	6.51286
1036.72	22.5266
1039.57	6.54029
1042.41	16.5539
1045.26	4.56739
1048.1	-1.41918
1050.94	-5.40583
1053.78	10.6074
1056.62	8.62062
1059.46	10.6337
1062.3	34.6467
1065.14	6.65964
1067.97	6.67247
1070.81	12.6852
1073.64	-1.30213
1076.47	18.7104
1079.31	2.72291
1082.14	8.73529
1084.97	12.7476
1087.8	10.7598
1090.63	0.771867
1093.45	12.7839
1096.28	10.7958
1099.1	12.8076
1101.93	18.8193
1104.75	0.830905
1107.57	0.842418
1110.39	8.85383
1113.21	12.8651
1116.03	16.8763
1118.85	20.8875
1121.66	6.89845
1124.48	6.90935
1127.3	0.920132
1130.11	14.9308
1132.92	10.9414
1135.73	12.9519
1138.54	2.96222
1141.35	0.972464
1144.16	28.9826
1146.97	4.99264
1149.78	3.00255
1152.58	19.0123
1155.39	19.022
1158.19	-0.968389
1161	15.0411
1163.8	11.0504
1166.6	1.05964
1169.4	13.0687
1172.2	5.07773
1174.99	5.0866
1177.79	13.0954
1180.59	19.104
1183.38	15.1125
1186.17	9.12087
1188.97	-4.87087
1191.76	9.13727
1194.55	11.1453
1197.34	-6.84683
1200.13	9.16093
1202.92	23.1686
1205.7	9.17606
1208.49	7.18344
1211.27	13.1907
1214.06	21.1978
1216.84	9.20479
1219.62	9.21164
1222.4	5.21837
1225.18	21.225
1227.96	15.2314
1230.74	27.2377
1233.51	7.24392
1236.29	7.24996
1239.06	15.2559
1241.84	-0.738353
1244.61	-4.73272
1247.38	-6.72722
1250.15	13.2781
1252.92	13.2833
1255.69	23.2884
1258.46	5.29335
1261.23	11.2981
1263.99	-0.697217
1266.76	-6.69271
1269.52	5.31164
1272.28	9.31585
1275.05	7.31991
1277.81	17.3238
1280.57	17.3276
1283.33	13.3312
1286.08	-2.66532
1288.84	21.338
1291.6	7.34117
1294.35	15.3442
1297.11	9.34705
1299.86	1.34976
1302.61	1.35232
1305.36	3.35472
1308.11	23.357
1310.86	13.3591
1313.61	-2.639
1316.36	3.36278
1319.1	1.3644
1321.85	5.36586
1324.59	15.3672
1327.33	15.3683
1330.08	15.3693
1332.82	-0.629891
1335.56	23.3708
1338.3	19.3713
1341.04	-10.6284
1343.77	21.3718
1346.51	11.3718
1349.25	1.37161
1351.98	5.37128
1354.71	1.37078
1357.45	13.3701
1360.18	7.36929
1362.91	11.3683
1365.64	7.36712
1368.37	17.3658
1371.09	-2.63573
1373.82	5.36259
1376.54	15.3607
1379.27	3.35871
1381.99	13.3565
1384.72	9.35413
1387.44	17.3516
1390.16	5.34886
1392.88	5.34596
1395.6	9.34288
1398.31	7.33963
1401.03	3.3362
1403.75	39.3326
1406.46	3.32879
1409.18	7.32482
1411.89	-0.679329
1414.6	-4.68366
1417.31	9.31183
1420.02	-2.69287
1422.73	15.3022
1425.44	7.29718
1428.15	13.2919
1430.85	19.2865
1433.56	7.28088
1436.26	15.2751
1438.97	7.26908
1441.67	11.2629
1444.37	7.25654
1447.07	13.25
1449.77	7.24323
1452.47	3.2363
1455.16	5.22917
1457.86	13.2219
1460.56	11.2143
1463.25	9.20664
1465.94	3.19874
1468.64	21.1907
1471.33	5.18237
1474.02	19.1739
1476.71	19.1652
1479.4	9.15634
1482.09	13.1473
1484.77	-0.861987
1487.46	13.1286
1490.14	21.1189
1492.83	5.10903
1495.51	-4.90103
1498.19	17.0887
1500.87	3.07825
1503.55	3.06759
1506.23	3.05672
1508.91	7.04566
1511.59	-0.965614
1514.27	3.02292
1516.94	5.01124
1519.62	8.99935
1522.29	6.98726
1524.96	0.974971
1527.63	8.96247
1530.3	8.94976
1532.97	26.9368
1535.64	14.9237
1538.31	10.9104
1540.98	12.8968
1543.64	10.8831
1546.31	16.8691
1548.97	6.85495
1551.63	14.8406
1554.3	-5.17404
1556.96	6.81115
1559.62	-1.20387
1562.28	4.78089
1564.94	8.76544
1567.59	12.7498
1570.25	14.7339
1572.9	-1.28222
1575.56	2.70146
1578.21	-3.31507
1580.86	14.6682
1583.52	8.6512
1586.17	8.63402
1588.82	-1.3834
1591.47	10.599
1594.11	0.581132
1596.76	6.56306
1599.41	14.5448
1602.05	12.5263
1604.69	0.507522
1607.34	14.4886
1609.98	10.4694
1612.62	2.44996
1615.26	18.4303
1617.9	20.4105
1620.54	6.39039
1623.18	4.37009
1625.81	4.34954
1628.45	14.3288
1631.08	10.3078
1633.72	-3.71343
1636.35	4.26513
1638.98	10.2434
1641.61	2.22154
1644.24	16.1994
1646.87	12.177
1649.5	-1.84558
1652.13	4.1316
1654.75	-1.89147
1657.38	2.08524
1660	24.0617
1662.63	8.03794
1665.25	8.01393
1667.87	9.98969
1670.49	17.9652
1673.11	5.94052
1675.73	11.9156
1678.35	7.8904
1680.96	3.86498
1683.58	7.83934
1686.19	-4.18656
1688.81	5.7873
1691.42	21.7609
1694.03	11.7343
1696.64	11.7075
1699.25	21.6804
1701.87	5.65304
1704.47	-4.37453
1707.08	13.5977
1709.69	13.5696
1712.29	9.54129
1714.9	7.51274
1717.5	13.484
1720.1	-0.545079
1722.71	9.42563
1725.31	13.3961
1727.91	17.3663
1730.51	-12.6637
1733.1	11.3061
1735.7	1.27554
1738.3	17.2448
1740.89	9.21378
1743.49	13.1825
1746.08	11.151
1748.67	13.1193
1751.26	1.08727
1753.86	17.055
1756.45	3.02249
1759.03	18.9897
1761.62	6.95672
1764.21	26.9235
1766.8	10.89
1769.38	10.8562
1771.97	2.82216
1774.55	20.7879
1777.13	0.753352
1779.71	14.7186
1782.29	12.6835
1784.87	8.64824
1787.45	8.61268
1790.03	4.57689
1792.61	-1.45919
1795.18	-3.4955
1797.76	18.4679
1800.33	6.43107
1802.9	4.39397
1805.48	6.35662
1808.05	-1.681
1810.62	10.2811
1813.19	6.24298
1815.76	22.2046
1818.33	-11.8341
1820.89	4.12698
1823.46	14.0878
1826.02	2.04835
1828.59	8.00865
1831.15	15.9687
1833.71	3.92842
1836.27	9.88793
1838.84	3.84716
1841.39	11.8061
1843.95	-0.235167
1846.51	1.72327
1849.07	-0.318541
1851.62	1.63935
1854.18	15.597
1856.73	15.5544
1859.29	-8.48855
1861.84	15.4683
1864.39	1.42487
1866.94	9.38114
1869.49	3.33717
1872.04	5.29293
1874.59	-0.751586
1877.13	7.20363
1879.68	1.1586
1882.22	21.1133
1884.77	23.0676
1887.31	7.0218
1889.85	4.97564
1892.39	6.92923
1894.93	8.88255
1897.47	4.83556
1900.01	2.78833
1902.55	6.74082
1905.09	10.693
1907.62	-1.35503
1910.16	-5.40334
1912.69	8.54804
1915.22	4.49914
1917.76	-3.55001
1920.29	2.40053
1922.82	12.3508
1925.35	16.3008
1927.88	18.2505
1930.4	-1.80002
1932.93	10.1491
1935.46	4.09803
1937.98	8.04664
1940.51	23.995
1943.03	19.943
1945.55	1.89079
1948.07	5.83825
1950.59	7.78548
1953.11	7.73238
1955.63	3.67903
1958.15	9.62539
1960.67	17.5715
1963.18	9.51727
1965.7	13.4628
1968.21	-4.592
1970.73	1.35293
1973.24	-2.70243
1975.75	5.24197
1978.26	13.186
1980.77	7.12985
1983.28	33.0733
1985.79	-6.98342
1988.29	4.95953
1990.8	6.90215
1993.31	4.84452
1995.81	2.7866
1998.31	6.72842
