100.093	22.272
103.274	0.422325
106.457	6.57193
109.636	6.72059
112.817	-3.1315
115.994	7.01548
119.172	3.16171
122.347	7.307
125.521	5.45147
128.696	11.5952
131.868	3.738
135.039	-2.12002
138.209	4.02114
141.379	12.1616
144.547	2.30109
147.713	8.43979
150.879	8.57769
154.043	0.71477
157.206	4.85105
160.368	-3.01348
163.529	9.12119
166.689	-4.74493
169.848	19.3881
173.006	1.52043
176.163	3.65193
179.316	-2.21745
182.471	7.91247
185.625	20.0416
188.777	-3.83003
191.927	2.29747
195.077	4.42427
198.224	6.55023
201.372	8.67549
204.52	0.799993
207.664	14.9236
210.809	-2.95338
213.95	3.16875
217.091	13.2901
220.233	-2.58916
223.372	-0.469286
226.509	11.6498
229.648	-0.231699
232.784	1.88594
235.918	6.00284
239.051	6.119
242.186	12.2345
245.317	10.3492
248.447	16.4632
251.577	2.57639
254.705	0.6889
257.832	2.80069
260.958	6.91176
264.083	7.02211
267.204	-2.86833
270.327	-8.75941
273.449	3.34881
276.57	-0.543686
279.69	19.5631
282.806	-12.3309
285.924	7.77454
289.04	9.87925
292.154	13.9832
295.268	8.0865
298.379	6.18906
301.492	2.29099
304.601	14.3922
307.711	16.4928
310.818	6.59258
313.924	12.6917
317.031	4.79026
320.135	0.888063
323.238	4.98519
326.34	-0.918342
329.443	7.17752
332.543	5.27266
335.642	-0.632866
338.74	17.461
341.836	7.55412
344.932	11.6466
348.027	11.7385
351.12	9.8297
354.213	3.92027
357.302	4.01014
360.393	10.0994
363.482	12.1881
366.57	16.2761
369.656	10.3634
372.742	2.45014
375.827	2.53625
378.91	12.6217
381.993	2.70655
385.073	0.790742
388.154	4.87437
391.232	2.95732
394.311	3.03971
397.387	5.12144
400.462	5.20255
403.536	3.28306
406.611	11.363
409.683	15.4423
412.754	5.52103
415.824	5.59913
418.893	1.67664
421.961	-0.246446
425.027	9.82988
428.093	1.90561
431.158	5.98076
434.222	2.05533
437.284	-5.87069
440.346	0.202713
443.407	16.2755
446.464	18.3477
449.523	-11.5806
452.581	16.4905
455.635	12.561
458.691	2.63099
461.743	10.7004
464.797	10.7692
467.847	8.83745
470.899	-5.09482
473.947	2.97231
476.994	13.0389
480.043	3.10497
483.088	13.1704
486.133	5.23538
489.176	-4.70022
492.22	13.3637
495.262	21.427
498.302	-2.51023
501.341	-0.447992
504.38	9.61372
507.417	11.6749
510.453	1.73555
513.487	-0.204361
516.521	11.8552
519.554	11.9143
522.586	5.97289
525.616	10.0309
528.646	10.0884
531.675	10.1454
534.701	0.201914
537.729	14.2579
540.753	18.3134
543.778	12.3684
546.8	2.42281
549.821	12.4768
552.844	-3.46975
555.863	-5.41679
558.881	14.6357
561.898	18.6877
564.916	2.73917
567.932	18.7902
570.946	16.8407
573.959	0.890718
576.971	2.94027
579.982	16.9893
582.993	1.03794
586	17.086
589.008	7.13368
592.015	13.1809
595.022	-6.77242
598.025	11.2738
601.029	3.31958
604.032	-6.6351
607.033	9.40973
610.034	-6.54587
613.032	23.4981
616.032	25.5416
619.028	5.58457
622.023	3.62713
625.018	1.66925
628.013	-0.289046
631.005	13.7522
633.997	15.793
636.987	13.8333
639.977	3.87324
642.965	17.9127
645.952	7.95177
648.939	-8.00961
651.924	12.0286
654.909	16.0663
657.892	18.1037
660.873	0.140557
663.854	24.177
666.835	12.2131
669.813	4.24875
672.791	8.284
675.767	12.3188
678.743	4.35322
681.717	-3.6128
684.692	14.4208
687.664	14.454
690.634	10.4867
693.606	8.51914
696.575	0.551112
699.543	20.5827
702.51	4.61387
705.475	12.6447
708.44	4.67505
711.404	22.7051
714.367	6.73467
717.329	16.7639
720.29	14.7928
723.25	-1.17878
726.207	10.8493
729.166	14.877
732.123	20.9043
735.077	28.9313
738.032	14.9579
740.984	8.98407
743.938	7.00992
746.888	3.03538
749.839	15.0605
752.788	13.0852
755.735	9.10962
758.682	17.1336
761.627	9.15731
764.574	9.18063
767.517	25.2036
770.46	17.2262
773.402	7.24845
776.342	23.2704
779.282	11.2919
782.219	17.3131
785.157	11.334
788.094	9.35455
791.029	11.3747
793.962	9.3946
796.896	19.4141
799.828	13.4333
802.76	11.4522
805.689	19.4707
808.619	15.4889
811.546	11.5068
814.473	7.52432
817.4	25.5416
820.324	17.5585
823.248	11.5751
826.17	5.59133
829.092	13.6073
832.012	15.6229
834.932	15.6383
837.851	17.6533
840.768	25.668
843.685	13.6824
846.599	13.6965
849.514	13.7103
852.428	17.7238
855.339	17.737
858.251	21.7499
861.16	9.76255
864.07	29.7749
866.978	13.7869
869.884	11.7986
872.792	5.81009
875.696	5.82125
878.599	13.8321
881.502	19.8427
884.404	7.85303
887.304	15.8631
890.204	17.8728
893.103	21.8823
896.001	11.8915
898.898	15.9004
901.794	21.9091
904.689	15.9175
907.581	23.9256
910.474	9.93348
913.364	9.94108
916.256	-2.05159
919.144	15.9555
922.034	19.9623
924.92	-4.03114
927.808	5.97516
930.693	15.9812
933.576	17.987
936.459	9.99255
939.341	7.99785
942.222	14.0029
945.102	6.0077
947.981	14.0123
950.859	14.0166
953.737	8.02067
956.613	14.0245
959.488	20.0281
962.361	20.0315
965.235	14.0346
968.105	8.03751
970.977	8.04019
973.846	6.04263
976.716	0.0448484
979.583	8.04684
982.449	24.0486
985.316	12.0502
988.18	10.0515
991.043	12.0526
993.906	18.0535
996.767	16.0541
999.628	6.0546
1002.49	4.05485
1005.35	-1.94512
1008.2	16.0547
1011.06	-7.94567
1013.91	14.0537
1016.77	4.05295
1019.62	4.05195
1022.48	18.0508
1025.33	10.0494
1028.18	8.04777
1031.03	12.046
1033.87	20.044
1036.72	10.0418
1039.57	16.0394
1042.41	18.0369
1045.26	8.03413
1048.1	6.03119
1050.94	12.0281
1053.78	10.0248
1056.62	-3.97872
1059.46	-5.98239
1062.3	16.0138
1065.14	12.0097
1067.97	12.0055
1070.81	14.0012
1073.64	1.9966
1076.47	11.9919
1079.31	19.987
1082.14	13.9819
1084.97	17.9767
1087.8	7.97131
1090.63	19.9657
1093.45	1.96003
1096.28	13.9542
1099.1	11.9481
1101.93	15.9419
1104.75	9.93556
1107.57	9.92905
1110.39	19.9224
1113.21	7.91557
1116.03	13.9086
1118.85	5.90148
1121.66	9.89423
1124.48	-2.11319
1127.3	11.8793
1130.11	15.8716
1132.92	11.8637
1135.73	7.85575
1138.54	13.8476
1141.35	9.83938
1144.16	13.831
1146.97	9.82246
1149.78	-2.18619
1152.58	7.80502
1155.39	1.79611
1158.19	15.7871
1161	5.77788
1163.8	-0.231413
1166.6	7.75916
1169.4	19.7496
1172.2	3.73995
1174.99	7.73016
1177.79	19.7203
1180.59	11.7102
1183.38	1.70009
1186.17	17.6898
1188.97	25.6795
1191.76	3.66899
1194.55	5.65841
1197.34	11.6477
1200.13	5.63691
1202.92	15.626
1205.7	19.615
1208.49	15.6039
1211.27	3.59265
1214.06	-0.418666
1216.84	13.5699
1219.62	7.5584
1222.4	-6.45321
1225.18	-2.46492
1227.96	11.5233
1230.74	-0.488609
1233.51	-2.50059
1236.29	17.4873
1239.06	7.47518
1241.84	9.46294
1244.61	5.45061
1247.38	17.4382
1250.15	13.4257
1252.92	5.41312
1255.69	5.40046
1258.46	11.3877
1261.23	3.37492
1263.99	15.362
1266.76	3.34906
1269.52	-6.66397
1272.28	3.32293
1275.05	15.3097
1277.81	9.2965
1280.57	7.28318
1283.33	15.2698
1286.08	7.25635
1288.84	23.2428
1291.6	13.2293
1294.35	-6.78437
1297.11	15.2019
1299.86	13.1882
1302.61	27.1744
1305.36	19.1605
1308.11	15.1466
1310.86	9.13262
1313.61	9.1186
1316.36	11.1045
1319.1	3.09039
1321.85	1.07622
1324.59	27.062
1327.33	9.04773
1330.08	9.03341
1332.82	15.0191
1335.56	19.0047
1338.3	-5.00978
1341.04	16.9757
1343.77	18.9612
1346.51	8.94668
1349.25	4.93209
1351.98	14.9175
1354.71	0.902809
1357.45	2.88813
1360.18	6.87341
1362.91	4.85865
1365.64	6.84388
1368.37	6.82908
1371.09	10.8142
1373.82	-7.2006
1376.54	0.784528
1379.27	0.769627
1381.99	10.7547
1384.72	18.7398
1387.44	6.72481
1390.16	22.7098
1392.88	6.69485
1395.6	2.67984
1398.31	16.6648
1401.03	4.6498
1403.75	-1.36524
1406.46	2.61969
1409.18	14.6046
1411.89	4.58957
1414.6	-3.42551
1417.31	16.5594
1420.02	10.5443
1422.73	6.52925
1425.44	18.5142
1428.15	8.49907
1430.85	-7.51602
1433.56	8.4689
1436.26	14.4538
1438.97	10.4387
1441.67	0.423668
1444.37	-13.5914
1447.07	16.3935
1449.77	12.3785
1452.47	0.363459
1455.16	12.3484
1457.86	8.33341
1460.56	-1.68159
1463.25	8.30342
1465.94	-5.71155
1468.64	16.2735
1471.33	6.25856
1474.02	24.2436
1476.71	12.2287
1479.4	8.21386
1482.09	36.199
1484.77	8.18419
1487.46	6.16938
1490.14	12.1546
1492.83	4.13985
1495.51	14.1251
1498.19	8.11043
1500.87	-3.90422
1503.55	12.0811
1506.23	14.0665
1508.91	2.05198
1511.59	18.0374
1514.27	14.023
1516.94	14.0085
1519.62	19.9941
1522.29	19.9797
1524.96	3.96536
1527.63	5.95106
1530.3	9.93681
1532.97	1.92259
1535.64	5.90843
1538.31	3.8943
1540.98	15.8802
1543.64	15.8662
1546.31	1.85223
1548.97	7.8383
1551.63	-0.175571
1554.3	5.8106
1556.96	7.79683
1559.62	23.7831
1562.28	7.76946
1564.94	3.75585
1567.59	13.7423
1570.25	9.72882
1572.9	19.7154
1575.56	13.702
1578.21	17.6887
1580.86	13.6755
1583.52	-2.33772
1586.17	9.64917
1588.82	-2.36388
1591.47	13.6231
1594.11	9.61022
1596.76	-0.402621
1599.41	21.5846
1602.05	7.5719
1604.69	7.55927
1607.34	9.54671
1609.98	7.53422
1612.62	3.5218
1615.26	5.50947
1617.9	-4.50279
1620.54	-2.51497
1623.18	15.4729
1625.81	7.46091
1628.45	13.449
1631.08	-0.562886
1633.72	9.42534
1636.35	11.4137
1638.98	7.40205
1641.61	-2.60947
1644.24	11.3791
1646.87	-2.63225
1649.5	11.3565
1652.13	11.3453
1654.75	7.33425
1657.38	9.32327
1660	21.3124
1662.63	7.30158
1665.25	1.29088
1667.87	15.2803
1670.49	11.2698
1673.11	21.2594
1675.73	3.24904
1678.35	3.23883
1680.96	9.22871
1683.58	9.21871
1686.19	9.2088
1688.81	9.19899
1691.42	5.18929
1694.03	1.1797
1696.64	11.1702
1699.25	11.1608
1701.87	3.15155
1704.47	5.14239
1707.08	9.13334
1709.69	15.1244
1712.29	11.1156
1714.9	17.1068
1717.5	11.0982
1720.1	5.08975
1722.71	13.0814
1725.31	21.0731
1727.91	19.065
1730.51	-2.94305
1733.1	7.04905
1735.7	21.0413
1738.3	13.0336
1740.89	7.02606
1743.49	13.0186
1746.08	11.0114
1748.67	-2.99582
1751.26	8.99714
1753.86	0.990225
1756.45	10.9834
1759.03	-1.02322
1761.62	4.97024
1764.21	6.96384
1766.8	0.957572
1769.38	12.9514
1771.97	0.945423
1774.55	-7.06045
1777.13	22.9338
1779.71	8.92821
1782.29	16.9227
1784.87	10.9174
1787.45	20.9122
1790.03	6.90717
1792.61	6.90225
1795.18	4.89748
1797.76	8.89285
1800.33	-1.11164
1802.9	8.88402
1805.48	-1.12019
1808.05	6.87576
1810.62	6.87184
1813.19	0.868077
1815.76	6.86446
1818.33	16.861
1820.89	8.85767
1823.46	14.8545
1826.02	16.8515
1828.59	10.8486
1831.15	12.8459
1833.71	6.84333
1836.27	4.84092
1838.84	-1.16134
1841.39	6.83657
1843.95	2.83462
1846.51	18.8328
1849.07	2.83121
1851.62	6.82974
1854.18	12.8284
1856.73	6.82729
1859.29	20.8263
1861.84	10.8255
1864.39	0.824819
1866.94	14.8243
1869.49	14.824
1872.04	16.8238
1874.59	8.82382
1877.13	16.824
1879.68	16.8243
1882.22	12.8248
1884.77	14.8255
1887.31	2.82634
1889.85	16.8274
1892.39	4.82854
1894.93	-3.1701
1897.47	-3.16857
1900.01	2.83314
1902.55	-3.16498
1905.09	10.8371
1907.62	6.83931
1910.16	16.8417
1912.69	18.8443
1915.22	16.8471
1917.76	-5.14998
1920.29	14.8531
1922.82	14.8565
1925.35	12.8599
1927.88	12.8636
1930.4	20.8675
1932.93	14.8715
1935.46	20.8757
1937.98	0.880152
1940.51	8.88475
1943.03	2.88953
1945.55	14.8945
1948.07	16.8997
1950.59	-5.09498
1953.11	-3.08944
1955.63	0.916288
1958.15	2.92221
1960.67	10.9283
1963.18	6.93463
1965.7	12.9411
1968.21	12.9478
1970.73	14.9547
1973.24	14.9618
1975.75	2.9691
1978.26	10.9766
1980.77	12.9843
1983.28	2.99214
1985.79	1.00022
1988.29	3.0085
1990.8	13.017
1993.31	15.0257
1995.81	11.0345
1998.31	-0.956371
