100.093	1.38086
103.274	13.4905
106.457	1.59952
109.636	11.7077
112.817	15.8152
115.994	27.922
119.172	12.028
122.347	8.13328
125.521	2.23783
128.696	6.34172
131.868	10.4448
135.039	12.5472
138.209	12.6489
141.379	12.7499
144.547	2.85018
147.713	10.9497
150.879	9.04858
154.043	9.14673
157.206	11.2442
160.368	25.3409
163.529	-0.562991
166.689	5.53238
169.848	27.6271
173.006	5.72108
176.163	27.8144
179.316	13.907
182.471	13.9989
185.625	8.09024
188.777	6.18086
191.927	4.27075
195.077	-5.63997
198.224	20.4486
201.372	6.53655
204.52	14.6239
207.664	14.7104
210.809	4.79642
213.95	12.8817
217.091	10.9663
220.233	-10.9496
223.372	5.13371
226.509	25.2164
229.648	1.29853
232.784	19.3799
235.918	9.46074
239.051	21.5409
242.186	-2.37952
245.317	11.6994
248.447	9.77766
251.577	17.8553
254.705	17.9324
257.832	18.0088
260.958	2.08458
264.083	10.1598
267.204	8.23431
270.327	12.3083
273.449	6.38166
276.57	20.4544
279.69	16.5266
282.806	-3.40187
285.924	26.6691
289.04	10.7395
292.154	2.80924
295.268	8.87845
298.379	10.947
301.492	17.0151
304.601	7.08248
307.711	13.1494
310.818	17.2156
313.924	13.2813
317.031	1.34646
320.135	7.41101
323.238	3.47499
326.34	1.53841
329.443	3.6013
332.543	19.6636
335.642	11.7253
338.74	17.7865
341.836	25.8472
344.932	3.90723
348.027	3.96677
351.12	20.0258
354.213	16.0842
357.302	0.142067
360.393	14.1994
363.482	18.2563
366.57	4.31256
369.656	-1.63171
372.742	10.4235
375.827	-1.52177
378.91	4.53237
381.993	4.58604
385.073	16.6391
388.154	22.6918
391.232	-3.25617
394.311	8.79543
397.387	18.8465
400.462	6.89701
403.536	0.947042
406.611	12.9966
409.683	13.0456
412.754	23.0942
415.824	9.14218
418.893	25.1897
421.961	7.23675
425.027	17.2833
428.093	9.32936
431.158	-0.625067
434.222	7.42002
437.284	5.46463
440.346	13.5088
443.407	-6.4476
446.464	-0.404454
449.523	-0.361755
452.581	-0.319528
455.635	9.7222
458.691	9.76349
461.743	7.80429
464.797	15.8447
467.847	-0.115466
470.899	23.924
473.947	17.9629
476.994	10.0014
480.043	20.0395
483.088	14.0771
486.133	22.1143
489.176	22.151
492.22	14.1873
495.262	8.22314
498.302	10.2585
501.341	14.2935
504.38	8.328
507.417	6.36209
510.453	12.3957
513.487	6.42895
516.521	14.4617
519.554	8.49413
522.586	20.5261
525.616	10.5576
528.646	-7.41129
531.675	12.6194
534.701	6.64967
537.729	10.6795
540.753	0.708991
543.778	32.738
546.8	8.76668
549.821	-5.2051
552.844	0.822749
555.863	6.85018
558.881	8.8772
561.898	6.90384
564.916	10.9301
567.932	-1.04406
570.946	-9.0186
573.959	21.0065
576.971	13.0312
579.982	5.05546
582.993	7.07939
586	27.1029
589.008	25.1261
592.015	7.14887
595.022	9.17129
598.025	3.19332
601.029	3.21499
604.032	17.2363
607.033	15.2572
610.034	13.2778
613.032	7.29801
616.032	21.3179
619.028	17.3374
622.023	-0.64351
625.018	-4.62473
628.013	11.3937
631.005	11.4118
633.997	15.4295
636.987	11.4469
639.977	1.46394
642.965	13.4806
645.952	7.497
648.939	9.51302
651.924	21.5287
654.909	11.5441
657.892	3.55907
660.873	15.5737
663.854	19.5881
666.835	-4.39786
669.813	21.6158
672.791	-0.37078
675.767	21.6423
678.743	3.65502
681.717	7.66744
684.692	11.6795
687.664	17.6913
690.634	13.7028
693.606	23.714
696.575	27.7249
699.543	9.73541
702.51	11.7457
705.475	21.7556
708.44	15.7653
711.404	29.7746
714.367	7.78367
717.329	13.7924
720.29	7.8009
723.25	23.8091
726.207	5.81696
729.166	31.8246
732.123	9.83187
735.077	-0.161102
738.032	15.8456
740.984	15.8521
743.938	17.8583
746.888	17.8642
749.839	9.86985
752.788	23.8752
755.735	13.8803
758.682	-2.11488
761.627	13.8897
764.574	7.89397
767.517	9.89799
770.46	17.9018
773.402	-0.094745
776.342	19.9085
779.282	9.91148
782.219	23.9142
785.157	-4.08331
788.094	-2.08108
791.029	27.9209
793.962	25.9226
796.896	1.92411
799.828	23.9253
802.76	5.92634
805.689	-6.07291
808.619	15.9276
811.546	17.9279
814.473	3.92793
817.4	5.92773
820.324	3.92731
823.248	13.9267
826.17	17.9258
829.092	3.92465
832.012	21.9233
834.932	35.9218
837.851	21.92
840.768	27.918
843.685	33.9157
846.599	-0.0866927
849.514	21.9107
852.428	27.9078
855.339	7.90471
858.251	17.9014
861.16	13.8979
864.07	19.8942
866.978	15.8903
869.884	5.88619
872.792	5.88187
875.696	11.8774
878.599	13.8726
881.502	27.8677
884.404	15.8626
887.304	15.8573
890.204	13.8518
893.103	19.8462
896.001	7.84028
898.898	-0.165776
901.794	3.82798
904.689	9.82155
907.581	13.8149
910.474	17.8082
913.364	15.8012
916.256	-2.20595
919.144	1.78673
922.034	15.7792
924.92	15.7716
927.808	-0.236271
930.693	5.75572
933.576	37.7476
936.459	7.73921
939.341	9.73071
942.222	7.72205
945.102	5.71322
947.981	3.70423
950.859	1.69509
953.737	19.6858
956.613	5.67633
959.488	13.6667
962.361	1.65696
965.235	1.64705
968.105	17.637
970.977	15.6268
973.846	3.61644
976.716	5.60594
979.583	-0.404695
982.449	13.5845
985.316	9.57361
988.18	9.56255
991.043	7.55136
993.906	7.54004
996.767	5.52858
999.628	-0.48301
1002.49	9.50527
1005.35	17.4934
1008.2	11.4814
1011.06	13.4693
1013.91	3.45712
1016.77	13.4448
1019.62	15.4323
1022.48	1.41972
1025.33	7.40702
1028.18	11.3942
1031.03	13.3813
1033.87	5.36821
1036.72	13.355
1039.57	3.34177
1042.41	11.3284
1045.26	15.3149
1048.1	19.3013
1050.94	31.2876
1053.78	7.27381
1056.62	9.25991
1059.46	13.2459
1062.3	19.2318
1065.14	9.2176
1067.97	7.2033
1070.81	5.18892
1073.64	9.17443
1076.47	9.15987
1079.31	7.1452
1082.14	17.1304
1084.97	11.1156
1087.8	3.10068
1090.63	3.08567
1093.45	3.07058
1096.28	13.0554
1099.1	17.0402
1101.93	3.02483
1104.75	21.0094
1107.57	6.99393
1110.39	10.9784
1113.21	22.9628
1116.03	4.94705
1118.85	8.93127
1121.66	2.91543
1124.48	4.89952
1127.3	-1.11645
1130.11	6.86751
1132.92	-3.14859
1135.73	12.8352
1138.54	-1.18097
1141.35	4.80275
1144.16	10.7864
1146.97	14.77
1149.78	10.7536
1152.58	0.737058
1155.39	10.7205
1158.19	16.7039
1161	20.6872
1163.8	-7.32946
1166.6	-3.34622
1169.4	4.63698
1172.2	8.62015
1174.99	-1.39674
1177.79	14.5863
1180.59	4.56938
1183.38	12.5524
1186.17	22.5353
1188.97	4.51826
1191.76	-5.49885
1194.55	4.48401
1197.34	14.4668
1200.13	14.4496
1202.92	2.43239
1205.7	0.41514
1208.49	-3.60215
1211.27	2.38053
1214.06	16.3632
1216.84	0.345832
1219.62	8.32846
1222.4	18.311
1225.18	20.2936
1227.96	6.27619
1230.74	14.2587
1233.51	12.2413
1236.29	4.22378
1239.06	4.20628
1241.84	-1.81122
1244.61	-1.82874
1247.38	6.15373
1250.15	18.1362
1252.92	24.1187
1255.69	10.1011
1258.46	16.0836
1261.23	2.06603
1263.99	4.04848
1266.76	8.03093
1269.52	6.01338
1272.28	5.99584
1275.05	-4.02171
1277.81	11.9608
1280.57	-0.0567699
1283.33	1.92571
1286.08	11.9082
1288.84	7.89069
1291.6	5.8732
1294.35	11.8557
1297.11	5.83826
1299.86	-0.179189
1302.61	-2.19663
1305.36	13.786
1308.11	3.76856
1310.86	13.7512
1313.61	1.73384
1316.36	23.7165
1319.1	5.69919
1321.85	7.68191
1324.59	17.6647
1327.33	-10.3526
1330.08	1.63022
1332.82	7.61305
1335.56	3.5959
1338.3	25.5788
1341.04	7.56172
1343.77	3.54467
1346.51	13.5277
1349.25	9.5107
1351.98	1.49377
1354.71	-6.52313
1357.45	3.46002
1360.18	-0.556788
1362.91	15.4264
1365.64	11.4097
1368.37	-4.60697
1371.09	5.3764
1373.82	9.35981
1376.54	-2.65672
1379.27	21.3268
1381.99	9.31034
1384.72	3.29395
1387.44	5.27763
1390.16	15.2613
1392.88	-2.75488
1395.6	-2.77106
1398.31	5.21284
1401.03	13.1968
1403.75	13.1808
1406.46	29.1649
1409.18	5.14898
1411.89	5.13318
1414.6	21.1174
1417.31	7.10177
1420.02	7.08615
1422.73	-0.929395
1425.44	3.05513
1428.15	1.03973
1430.85	9.02439
1433.56	11.0091
1436.26	8.99393
1438.97	18.9788
1441.67	24.9638
1444.37	-1.05118
1447.07	6.93394
1449.77	18.9191
1452.47	18.9044
1455.16	4.88975
1457.86	-1.12482
1460.56	6.8607
1463.25	6.84629
1465.94	0.831984
1468.64	-7.18225
1471.33	4.80361
1474.02	-7.21045
1476.71	0.775593
1479.4	-11.2383
1482.09	0.747931
1484.77	0.734241
1487.46	6.72064
1490.14	8.70714
1492.83	10.6937
1495.51	10.6804
1498.19	4.6672
1500.87	-5.3459
1503.55	0.641078
1506.23	2.62816
1508.91	4.61535
1511.59	6.60264
1514.27	-1.40997
1516.94	6.57753
1519.62	8.56513
1522.29	20.5528
1524.96	8.54066
1527.63	6.52859
1530.3	-1.48337
1532.97	4.50477
1535.64	6.49303
1538.31	12.4814
1540.98	22.4699
1543.64	2.45849
1546.31	0.447215
1548.97	8.43605
1551.63	8.425
1554.3	24.4141
1556.96	8.40326
1559.62	6.39257
1562.28	12.382
1564.94	6.37156
1567.59	14.3612
1570.25	12.351
1572.9	10.341
1575.56	20.331
1578.21	10.3212
1580.86	2.31153
1583.52	8.30197
1586.17	22.2925
1588.82	8.28325
1591.47	10.2741
1594.11	2.26506
1596.76	0.256167
1599.41	0.247409
1602.05	10.2388
1604.69	4.2303
1607.34	14.222
1609.98	4.21374
1612.62	6.20567
1615.26	2.19774
1617.9	10.19
1620.54	8.18232
1623.18	-3.82518
1625.81	2.16746
1628.45	10.1603
1631.08	12.1532
1633.72	12.1463
1636.35	14.1395
1638.98	8.1329
1641.61	12.1264
1644.24	0.120124
1646.87	-9.88604
1649.5	10.108
1652.13	10.1021
1654.75	6.0964
1657.38	4.09085
1660	16.0855
1662.63	2.08023
1665.25	6.07516
1667.87	8.07025
1670.49	16.0655
1673.11	10.0609
1675.73	4.05648
1678.35	0.0522091
1680.96	12.0481
1683.58	6.04417
1686.19	6.0404
1688.81	8.03679
1691.42	6.03335
1694.03	8.03008
1696.64	-3.97302
1699.25	2.02405
1701.87	4.02129
1704.47	10.0187
1707.08	6.01629
1709.69	-5.98595
1712.29	6.01198
1714.9	8.01009
1717.5	10.0084
1720.1	10.0068
1722.71	18.0055
1725.31	0.0042825
1727.91	12.0033
1730.51	0.00245397
1733.1	22.0018
1735.7	6.00135
1738.3	10.0011
1740.89	6.00098
1743.49	22.0011
1746.08	8.00134
1748.67	26.0018
1751.26	-1.99755
1753.86	6.00329
1756.45	10.0043
1759.03	6.00553
1761.62	10.0069
1764.21	-1.99147
1766.8	18.0103
1769.38	10.0123
1771.97	26.0145
1774.55	20.0168
1777.13	20.0194
1779.71	2.02216
1782.29	0.0251095
1784.87	18.0283
1787.45	4.03162
1790.03	12.0352
1792.61	22.0389
1795.18	18.0429
1797.76	8.04702
1800.33	2.05137
1802.9	16.0559
1805.48	-3.93931
1808.05	2.06566
1810.62	18.0708
1813.19	12.0762
1815.76	6.0818
1818.33	26.0876
1820.89	14.0936
1823.46	0.0998056
1826.02	20.1062
1828.59	2.11286
1831.15	14.1197
1833.71	12.1268
1836.27	4.13403
1838.84	4.14152
1841.39	18.1492
1843.95	6.15713
1846.51	0.165259
1849.07	10.1736
1851.62	4.18217
1854.18	10.191
1856.73	10.2
1859.29	14.2092
1861.84	-1.78138
1864.39	6.22828
1866.94	-1.76182
1869.49	6.24829
1872.04	12.2586
1874.59	-3.73082
1877.13	18.28
1879.68	10.291
1882.22	10.3022
1884.77	16.3137
1887.31	22.3254
1889.85	4.33728
1892.39	14.3494
1894.93	10.3618
1897.47	2.37442
1900.01	10.3873
1902.55	6.40034
1905.09	6.41365
1907.62	8.42719
1910.16	18.441
1912.69	0.454973
1915.22	20.4692
1917.76	12.4837
1920.29	14.4984
1922.82	12.5134
1925.35	4.52859
1927.88	10.544
1930.4	-3.4403
1932.93	0.575622
1935.46	12.5918
1937.98	8.60819
1940.51	6.62483
1943.03	2.64173
1945.55	-7.34115
1948.07	8.67624
1950.59	10.6939
1953.11	-1.28827
1955.63	16.7298
1958.15	2.74821
1960.67	4.76682
1963.18	18.7857
1965.7	2.80479
1968.21	18.8242
1970.73	24.8438
1973.24	14.8636
1975.75	20.8838
1978.26	10.9041
1980.77	6.92474
1983.28	10.9456
1985.79	8.96676
1988.29	16.9881
1990.8	11.0098
1993.31	11.0317
1995.81	13.0539
1998.31	15.0763
