100.093	1.85261
103.274	13.952
106.457	18.0509
109.636	2.14913
112.817	26.2469
115.994	12.3441
119.172	6.44077
122.347	10.5369
125.521	28.6324
128.696	22.7275
131.868	8.82191
135.039	-5.08416
138.209	15.0092
141.379	7.10214
144.547	13.1945
147.713	-2.71374
150.879	29.3775
154.043	23.4683
157.206	5.55848
160.368	3.64817
163.529	5.73734
166.689	3.82599
169.848	-0.0858774
173.006	0.00173905
176.163	6.08884
179.316	-1.82463
182.471	18.2614
185.625	28.347
188.777	-5.56792
191.927	4.51658
195.077	2.60063
198.224	16.6841
201.372	16.7672
204.52	0.849714
207.664	0.931709
210.809	7.01326
213.95	13.0943
217.091	13.1748
220.233	17.2549
223.372	7.33439
226.509	19.4134
229.648	7.49204
232.784	11.5701
235.918	13.6477
239.051	5.72482
242.186	-4.1985
245.317	5.87766
248.447	13.9533
251.577	16.0285
254.705	8.10327
257.832	-5.82247
260.958	4.25132
264.083	-1.67536
267.204	14.3974
270.327	14.4698
273.449	-7.45823
276.57	8.61323
279.69	4.68424
282.806	24.7547
285.924	2.82483
289.04	14.8945
292.154	4.9636
295.268	9.03233
298.379	7.10056
301.492	9.16839
304.601	15.2357
307.711	9.30267
310.818	15.3691
313.924	15.4351
317.031	11.5007
320.135	25.5659
323.238	23.6305
326.34	19.6948
329.443	7.75865
332.543	9.82204
335.642	7.88499
338.74	7.94751
341.836	8.00961
344.932	2.07128
348.027	10.1325
351.12	12.1933
354.213	-9.74627
357.302	16.3137
360.393	20.3732
363.482	8.43236
366.57	-1.50892
369.656	22.5494
372.742	18.6072
375.827	16.6647
378.91	6.72176
381.993	24.7784
385.073	10.8346
388.154	2.8905
391.232	2.9459
394.311	5.00095
397.387	-2.94445
400.462	-0.890239
403.536	3.16357
406.611	13.217
409.683	17.27
412.754	11.3227
415.824	-2.62511
418.893	3.42673
421.961	11.4782
425.027	3.52925
428.093	7.57993
431.158	9.63022
434.222	7.68013
437.284	15.7297
440.346	13.7788
443.407	9.82757
446.464	21.8759
449.523	21.9239
452.581	-0.0284115
455.635	10.0188
458.691	18.0657
461.743	10.1122
464.797	0.158371
467.847	22.2041
470.899	2.24955
473.947	-13.7054
476.994	-1.66075
480.043	-1.61642
483.088	10.4275
486.133	26.4711
489.176	20.5143
492.22	14.5572
495.262	12.5998
498.302	12.6419
501.341	16.6837
504.38	-3.2748
507.417	6.76631
510.453	12.8071
513.487	0.847472
516.521	10.8875
519.554	4.92728
522.586	2.96667
525.616	11.0057
528.646	17.0444
531.675	11.0828
534.701	7.12079
537.729	11.1585
540.753	9.19583
543.778	7.23287
546.8	-0.730452
549.821	7.3059
552.844	3.34195
555.863	-2.62236
558.881	3.41301
561.898	21.4481
564.916	-0.517194
567.932	15.5172
570.946	-10.4487
573.959	9.58506
576.971	7.6185
579.982	7.65163
582.993	15.6845
586	21.7169
589.008	9.74912
592.015	23.781
595.022	11.8126
598.025	1.84382
601.029	3.87477
604.032	1.90542
607.033	21.9358
610.034	3.9658
613.032	-2.00448
616.032	8.02496
619.028	2.05409
622.023	6.08291
625.018	-7.88855
628.013	8.1397
631.005	8.16765
633.997	10.1953
636.987	4.22266
639.977	26.2497
642.965	10.2765
645.952	6.30301
648.939	2.32922
651.924	12.3551
654.909	-3.61922
657.892	10.4061
660.873	8.43121
663.854	0.456008
666.835	8.48053
669.813	16.5048
672.791	12.5287
675.767	-7.44759
678.743	12.5758
681.717	18.599
684.692	8.62185
687.664	6.64444
690.634	-5.33323
693.606	2.68885
696.575	4.71064
699.543	6.73218
702.51	16.7534
705.475	16.7745
708.44	8.7952
711.404	16.8157
714.367	-5.16408
717.329	18.8559
720.29	10.8756
723.25	16.8951
726.207	6.91427
729.166	10.9332
732.123	-3.04807
735.077	12.9704
738.032	0.988588
740.984	7.00654
743.938	11.0243
746.888	15.0417
749.839	1.05894
752.788	19.0759
755.735	9.09266
758.682	7.10915
761.627	19.1254
764.574	21.1414
767.517	7.15722
770.46	13.1728
773.402	9.18808
776.342	3.20316
779.282	1.21801
782.219	19.2326
785.157	19.247
788.094	15.2612
791.029	3.27511
793.962	13.2888
796.896	13.3023
799.828	11.3156
802.76	13.3286
805.689	5.34141
808.619	21.354
811.546	21.3664
814.473	21.3785
817.4	9.39049
820.324	29.4022
823.248	11.4137
826.17	21.425
829.092	11.4361
832.012	15.447
834.932	13.4577
837.851	19.4681
840.768	13.4784
843.685	27.4884
846.599	31.4983
849.514	11.5079
852.428	11.5173
855.339	17.5266
858.251	19.5356
861.16	9.54442
864.07	13.5531
866.978	13.5615
869.884	23.5697
872.792	7.57778
875.696	7.58563
878.599	23.5933
881.502	7.60076
884.404	7.60804
887.304	15.6151
890.204	7.62203
893.103	7.62874
896.001	15.6353
898.898	5.64161
901.794	21.6478
904.689	19.6537
907.581	-4.34046
910.474	17.6652
913.364	15.6706
916.256	7.67585
919.144	23.6809
922.034	5.68583
924.92	-2.30944
927.808	13.6951
930.693	-0.300508
933.576	11.7037
936.459	3.70774
939.341	23.7116
942.222	9.71531
945.102	9.71884
947.981	5.72221
950.859	17.7254
953.737	27.7284
956.613	5.73132
959.488	9.73403
962.361	21.7366
965.235	13.739
968.105	9.7412
970.977	17.7433
973.846	11.7452
976.716	1.74696
979.583	5.74856
982.449	9.75001
985.316	7.75131
988.18	-0.247541
991.043	13.7535
993.906	15.7543
996.767	11.755
999.628	13.7556
1002.49	17.756
1005.35	-6.24378
1008.2	17.7563
1011.06	3.7563
1013.91	5.75613
1016.77	15.7558
1019.62	19.7554
1022.48	9.75477
1025.33	11.754
1028.18	7.75317
1031.03	3.75217
1033.87	13.751
1036.72	19.7498
1039.57	3.74834
1042.41	11.7468
1045.26	11.7451
1048.1	-0.25667
1050.94	19.7414
1053.78	21.7393
1056.62	15.7372
1059.46	3.73484
1062.3	-0.267601
1065.14	19.7298
1067.97	19.7271
1070.81	9.72434
1073.64	-2.27859
1076.47	-6.28164
1079.31	13.7152
1082.14	15.7119
1084.97	19.7085
1087.8	5.70497
1090.63	-2.29867
1093.45	19.6976
1096.28	9.69371
1099.1	19.6897
1101.93	1.68564
1104.75	13.6814
1107.57	15.6771
1110.39	11.6727
1113.21	3.66817
1116.03	3.66353
1118.85	13.6588
1121.66	-2.34606
1124.48	7.64899
1127.3	19.6439
1130.11	-0.361223
1132.92	-0.366481
1135.73	9.62816
1138.54	15.6227
1141.35	-2.38285
1144.16	-2.38851
1146.97	15.6057
1149.78	17.5999
1152.58	5.59395
1155.39	11.5879
1158.19	7.58178
1161	11.5756
1163.8	13.5693
1166.6	13.5628
1169.4	9.55636
1172.2	5.54978
1174.99	-4.45689
1177.79	9.53636
1180.59	11.5295
1183.38	9.52259
1186.17	1.51558
1188.97	21.5085
1191.76	7.50132
1194.55	13.4941
1197.34	29.4867
1200.13	19.4793
1202.92	-2.52818
1205.7	3.46425
1208.49	9.45661
1211.27	7.44888
1214.06	9.44109
1216.84	21.4332
1219.62	-2.57473
1222.4	9.41725
1225.18	17.4092
1227.96	17.401
1230.74	3.39277
1233.51	3.38448
1236.29	11.3761
1239.06	19.3677
1241.84	-2.64082
1244.61	11.3506
1247.38	23.342
1250.15	5.3333
1252.92	7.32455
1255.69	-6.68427
1258.46	-4.69315
1261.23	15.2979
1263.99	15.2889
1266.76	5.27986
1269.52	1.27075
1272.28	11.2616
1275.05	15.2524
1277.81	23.2431
1280.57	19.2337
1283.33	-0.775644
1286.08	-6.78508
1288.84	5.20542
1291.6	3.19588
1294.35	19.1863
1297.11	9.17665
1299.86	15.167
1302.61	15.1572
1305.36	15.1474
1308.11	3.1376
1310.86	15.1277
1313.61	3.11781
1316.36	5.10785
1319.1	33.0978
1321.85	15.0878
1324.59	-2.92229
1327.33	-4.93242
1330.08	5.05742
1332.82	15.0472
1335.56	5.03697
1338.3	-4.97332
1341.04	17.0164
1343.77	13.006
1346.51	4.99564
1349.25	10.9852
1351.98	8.97477
1354.71	24.9643
1357.45	8.95376
1360.18	-3.05678
1362.91	12.9326
1365.64	4.92203
1368.37	-1.0886
1371.09	26.9007
1373.82	18.8901
1376.54	-5.12065
1379.27	12.8686
1381.99	10.8578
1384.72	0.847061
1387.44	12.8363
1390.16	16.8254
1392.88	2.81458
1395.6	12.8037
1398.31	16.7928
1401.03	6.78191
1403.75	16.771
1406.46	8.76004
1409.18	2.74908
1411.89	12.7381
1414.6	6.72711
1417.31	14.7161
1420.02	12.7051
1422.73	-5.30594
1425.44	10.683
1428.15	4.67197
1430.85	18.6609
1433.56	4.64983
1436.26	4.63874
1438.97	20.6277
1441.67	6.61656
1444.37	-1.39455
1447.07	8.59434
1449.77	8.58323
1452.47	6.57211
1455.16	10.561
1457.86	4.54986
1460.56	18.5387
1463.25	16.5276
1465.94	14.5165
1468.64	10.5053
1471.33	16.4942
1474.02	8.48307
1476.71	4.47195
1479.4	14.4608
1482.09	2.4497
1484.77	0.438587
1487.46	10.4275
1490.14	-1.58363
1492.83	12.4053
1495.51	14.3942
1498.19	10.3831
1500.87	12.372
1503.55	8.36096
1506.23	2.3499
1508.91	4.33886
1511.59	16.3278
1514.27	-9.68319
1516.94	10.3058
1519.62	4.2948
1522.29	2.28382
1524.96	10.2729
1527.63	14.2619
1530.3	-1.74902
1532.97	4.24006
1535.64	16.2292
1538.31	14.2183
1540.98	2.20742
1543.64	10.1966
1546.31	-3.81424
1548.97	8.17496
1551.63	14.1642
1554.3	8.15343
1556.96	-5.8573
1559.62	22.132
1562.28	8.12131
1564.94	0.110654
1567.59	-1.89998
1570.25	22.0894
1572.9	4.07884
1575.56	2.06829
1578.21	2.05777
1580.86	18.0473
1583.52	-7.96319
1586.17	6.02638
1588.82	14.016
1591.47	0.00561258
1594.11	17.9953
1596.76	3.98498
1599.41	3.97471
1602.05	5.96448
1604.69	3.95428
1607.34	11.9441
1609.98	1.93399
1612.62	-2.0761
1615.26	5.91384
1617.9	19.9038
1620.54	17.8939
1623.18	9.88393
1625.81	21.874
1628.45	11.8642
1631.08	15.8544
1633.72	9.84461
1636.35	15.8349
1638.98	-4.1748
1641.61	5.81556
1644.24	7.80597
1646.87	19.7964
1649.5	7.78692
1652.13	15.7775
1654.75	-0.231944
1657.38	-2.2413
1660	3.74939
1662.63	1.74013
1665.25	9.73091
1667.87	-4.27825
1670.49	3.71264
1673.11	17.7036
1675.73	5.69458
1678.35	9.68563
1680.96	11.6767
1683.58	-2.33211
1686.19	-4.3409
1688.81	3.65036
1691.42	-2.35832
1694.03	15.6331
1696.64	19.6245
1699.25	1.61599
1701.87	15.6075
1704.47	21.5991
1707.08	15.5908
1709.69	13.5825
1712.29	27.5743
1714.9	5.56619
1717.5	1.55811
1720.1	9.55008
1722.71	13.5421
1725.31	13.5342
1727.91	31.5264
1730.51	11.5186
1733.1	-0.489071
1735.7	15.5033
1738.3	5.49572
1740.89	-8.51178
1743.49	11.4808
1746.08	3.47342
1748.67	7.46613
1751.26	9.4589
1753.86	9.45175
1756.45	17.4447
1759.03	-6.56235
1761.62	11.4307
1764.21	1.42383
1766.8	-0.582963
1769.38	7.41032
1771.97	-0.596338
1774.55	7.39709
1777.13	11.3906
1779.71	15.3842
1782.29	15.3778
1784.87	3.37155
1787.45	7.36536
1790.03	11.3592
1792.61	3.35321
1795.18	-4.65275
1797.76	15.3414
1800.33	7.33558
1802.9	23.3299
1805.48	9.32423
1808.05	11.3187
1810.62	13.3132
1813.19	9.30782
1815.76	19.3025
1818.33	-2.70271
1820.89	1.29216
1823.46	-4.71289
1826.02	11.2821
1828.59	7.27727
1831.15	-0.727524
1833.71	1.26777
1836.27	11.2632
1838.84	1.25863
1841.39	9.25419
1843.95	7.24984
1846.51	13.2456
1849.07	-2.75859
1851.62	17.2373
1854.18	19.2333
1856.73	7.22946
1859.29	9.22565
1861.84	3.22195
1864.39	15.2183
1866.94	3.21481
1869.49	19.2114
1872.04	-6.79195
1874.59	1.20482
1877.13	15.2017
1879.68	3.19864
1882.22	5.19569
1884.77	5.19285
1887.31	23.1901
1889.85	13.1874
1892.39	7.1849
1894.93	3.18245
1897.47	17.1801
1900.01	1.17785
1902.55	5.1757
1905.09	11.1737
1907.62	9.17171
1910.16	9.16987
1912.69	13.1681
1915.22	9.16649
1917.76	25.165
1920.29	19.1635
1922.82	1.16222
1925.35	3.161
1927.88	13.1599
1930.4	9.15889
1932.93	-0.842004
1935.46	17.1572
1937.98	11.1565
1940.51	1.15596
1943.03	13.1555
1945.55	15.1551
1948.07	11.1549
1950.59	1.15478
1953.11	11.1548
1955.63	7.15485
1958.15	3.15505
1960.67	3.15537
1963.18	7.1558
1965.7	23.1563
1968.21	11.157
1970.73	9.15777
1973.24	9.15866
1975.75	1.15966
1978.26	-2.83923
1980.77	3.16201
1983.28	5.16336
1985.79	-0.835178
1988.29	17.1664
1990.8	-4.83189
1993.31	-2.83007
1995.81	-2.82813
1998.31	9.17393
