100.093	27.1924
103.274	29.1024
106.457	35.013
109.636	30.9244
112.817	38.8364
115.994	14.7492
119.172	14.6625
122.347	34.5766
125.521	26.4914
128.696	26.4068
131.868	30.3229
135.039	16.2397
138.209	22.1571
141.379	36.0752
144.547	33.9939
147.713	29.9133
150.879	23.8334
154.043	27.7541
157.206	15.6754
160.368	15.5974
163.529	37.5201
166.689	15.4433
169.848	19.3673
173.006	27.2918
176.163	35.217
179.316	23.1428
182.471	7.06926
185.625	16.9963
188.777	20.924
191.927	12.8523
195.077	20.7812
198.224	22.7108
201.372	16.6409
204.52	12.5717
207.664	14.5031
210.809	12.435
213.95	4.3676
217.091	-1.69921
220.233	14.2345
223.372	10.1689
226.509	8.10388
229.648	24.0394
232.784	1.97553
235.918	11.9123
239.051	3.84956
242.186	15.7874
245.317	7.72586
248.447	-12.3351
251.577	23.6045
254.705	19.5447
257.832	17.4854
260.958	25.4267
264.083	-0.631444
267.204	11.311
270.327	23.254
273.449	11.1975
276.57	23.1416
279.69	-6.91378
282.806	17.0314
285.924	10.9771
289.04	18.9234
292.154	16.8702
295.268	14.8176
298.379	20.7655
301.492	24.7139
304.601	10.6628
307.711	16.6123
310.818	20.5623
313.924	16.5129
317.031	24.4639
320.135	28.4155
323.238	8.36755
326.34	10.3202
329.443	18.2732
332.543	-3.77314
335.642	16.181
338.74	6.13563
341.836	24.0908
344.932	10.0464
348.027	6.00252
351.12	15.9591
354.213	11.9163
357.302	-6.1261
360.393	23.832
363.482	11.7906
366.57	7.74963
369.656	17.7092
372.742	1.66923
375.827	11.6297
378.91	27.5907
381.993	7.55216
385.073	11.5141
388.154	15.4765
391.232	11.4393
394.311	15.4027
397.387	-8.63355
400.462	-0.669304
403.536	19.2954
406.611	5.26054
409.683	19.2261
412.754	13.1922
415.824	9.15871
418.893	13.1257
421.961	23.0931
425.027	7.06088
428.093	7.02915
431.158	8.99786
434.222	10.967
437.284	6.93657
440.346	20.9066
443.407	6.87699
446.464	0.847866
449.523	10.8191
452.581	2.79084
455.635	8.76297
458.691	10.7355
461.743	20.7085
464.797	10.6818
467.847	14.6556
470.899	4.62977
473.947	20.6044
476.994	8.57937
480.043	8.55475
483.088	10.5305
486.133	14.5067
489.176	20.4833
492.22	2.4603
495.262	12.4377
498.302	4.41543
501.341	16.3936
504.38	-1.62789
507.417	6.35103
510.453	12.3303
513.487	2.31001
516.521	8.29005
519.554	-9.72953
522.586	8.25127
525.616	4.23244
528.646	10.214
531.675	16.1959
534.701	8.17814
537.729	8.16076
540.753	2.14375
543.778	-9.87292
546.8	6.11079
549.821	12.0948
552.844	2.07924
555.863	2.06399
558.881	8.0491
561.898	-3.96546
564.916	6.02032
567.932	8.00645
570.946	-6.00708
573.959	-6.02027
576.971	1.96687
579.982	-4.04565
582.993	-0.0578494
586	1.93029
589.008	11.9188
592.015	3.90754
595.022	3.89665
598.025	7.88608
601.029	3.87583
604.032	-0.134103
607.033	1.85628
610.034	-4.15302
613.032	1.83799
616.032	-4.1707
619.028	-0.179072
622.023	-2.18714
625.018	13.8051
628.013	17.7976
631.005	15.7905
633.997	-0.216407
636.987	21.777
639.977	1.77074
642.965	1.76476
645.952	7.75906
648.939	5.75365
651.924	7.74853
654.909	-0.256315
657.892	11.7391
660.873	9.73485
663.854	-0.269147
666.835	7.72713
669.813	11.7237
672.791	1.72051
675.767	5.71761
678.743	5.71497
681.717	-4.2874
684.692	9.7105
687.664	-0.291343
690.634	17.7071
693.606	-2.29424
696.575	13.7047
699.543	13.7039
702.51	9.70334
705.475	-2.29696
708.44	3.70299
711.404	17.7032
714.367	-2.29637
717.329	15.7043
720.29	5.70525
723.25	1.70643
726.207	9.70784
729.166	1.70949
732.123	21.7114
735.077	13.7135
738.032	9.71584
740.984	3.71842
743.938	27.7212
746.888	1.72427
749.839	13.7275
752.788	7.73101
755.735	15.7347
758.682	7.73864
761.627	13.7428
764.574	13.7471
767.517	5.7517
770.46	3.75648
773.402	21.7615
776.342	3.76668
779.282	7.77209
782.219	15.7777
785.157	1.78351
788.094	15.7895
791.029	13.7957
793.962	25.8022
796.896	5.80877
799.828	11.8156
802.76	11.8226
805.689	9.82976
808.619	17.8371
811.546	11.8447
814.473	1.85246
817.4	11.8604
820.324	-0.13148
823.248	3.87682
826.17	5.8853
829.092	-6.10605
832.012	-6.09722
834.932	21.9118
837.851	9.92097
840.768	-4.06969
843.685	5.93983
846.599	9.94951
849.514	7.95936
852.428	1.96938
855.339	13.9795
858.251	-0.0101136
861.16	20.0004
864.07	20.011
866.978	4.02184
869.884	8.03279
872.792	12.0439
875.696	4.05517
878.599	12.0666
881.502	16.0781
884.404	12.0898
887.304	6.10169
890.204	26.1137
893.103	8.12581
896.001	20.1381
898.898	10.1505
901.794	6.16303
904.689	0.175711
907.581	22.1885
910.474	20.2015
913.364	2.21452
916.256	26.2277
919.144	0.24104
922.034	10.2545
924.92	8.26806
927.808	6.28176
930.693	18.2956
933.576	18.3095
936.459	16.3235
939.341	26.3377
942.222	12.352
945.102	-5.63365
947.981	14.3808
950.859	6.39545
953.737	8.41016
956.613	16.425
959.488	0.439905
962.361	-7.54508
965.235	0.470047
968.105	14.4853
970.977	6.50059
973.846	6.516
976.716	18.5315
979.583	32.5471
982.449	16.5628
985.316	2.5786
988.18	2.59447
991.043	18.6104
993.906	18.6265
996.767	0.64261
999.628	26.6588
1002.49	12.6751
1005.35	22.6915
1008.2	8.70794
1011.06	16.7245
1013.91	6.74107
1016.77	6.75775
1019.62	0.774488
1022.48	4.79131
1025.33	8.80819
1028.18	8.82515
1031.03	6.84217
1033.87	12.8593
1036.72	28.8764
1039.57	4.89361
1042.41	6.91088
1045.26	6.92821
1048.1	12.9456
1050.94	8.96303
1053.78	-1.01947
1056.62	22.9981
1059.46	5.01568
1062.3	7.03333
1065.14	19.051
1067.97	11.0688
1070.81	17.0865
1073.64	9.10439
1076.47	7.12226
1079.31	11.1402
1082.14	13.1581
1084.97	11.1761
1087.8	17.1942
1090.63	-4.78776
1093.45	21.2303
1096.28	1.24847
1099.1	1.26664
1101.93	5.28484
1104.75	17.3031
1107.57	13.3213
1110.39	1.3396
1113.21	11.3579
1116.03	27.3762
1118.85	-0.605428
1121.66	13.4129
1124.48	-4.56868
1127.3	13.4497
1130.11	9.46815
1132.92	15.4866
1135.73	11.505
1138.54	15.5235
1141.35	-12.458
1144.16	7.56044
1146.97	5.57893
1149.78	7.59742
1152.58	7.61591
1155.39	11.6344
1158.19	15.6529
1161	-4.32857
1163.8	23.6899
1166.6	19.7084
1169.4	11.7269
1172.2	1.74543
1174.99	5.76393
1177.79	5.78241
1180.59	11.8009
1183.38	-4.18065
1186.17	5.83782
1188.97	-2.14374
1191.76	5.87469
1194.55	11.8931
1197.34	7.91151
1200.13	3.92989
1202.92	3.94826
1205.7	9.96659
1208.49	1.98492
1211.27	4.00322
1214.06	2.02149
1216.84	8.03975
1219.62	18.058
1222.4	26.0762
1225.18	20.0943
1227.96	0.112466
1230.74	10.1306
1233.51	12.1487
1236.29	14.1667
1239.06	0.184694
1241.84	6.20266
1244.61	8.22059
1247.38	8.23848
1250.15	4.25632
1252.92	26.2741
1255.69	0.291906
1258.46	4.30962
1261.23	8.3273
1263.99	2.34493
1266.76	16.3625
1269.52	-3.61996
1272.28	16.3975
1275.05	10.415
1277.81	18.4323
1280.57	4.44966
1283.33	4.46693
1286.08	8.48414
1288.84	0.501297
1291.6	0.518395
1294.35	10.5354
1297.11	0.552399
1299.86	-13.4307
1302.61	-7.41383
1305.36	10.6029
1308.11	4.61967
1310.86	14.6363
1313.61	-7.34711
1316.36	16.6694
1319.1	4.68585
1321.85	-1.29778
1324.59	8.71852
1327.33	10.7347
1330.08	10.7509
1332.82	16.767
1335.56	-3.21705
1338.3	6.79887
1341.04	8.81469
1343.77	2.83045
1346.51	10.8461
1349.25	20.8617
1351.98	16.8772
1354.71	-11.1074
1357.45	16.9079
1360.18	8.92318
1362.91	-3.06167
1365.64	10.9534
1368.37	0.968358
1371.09	10.9832
1373.82	2.99801
1376.54	19.0127
1379.27	21.0273
1381.99	-0.958224
1384.72	9.05617
1387.44	9.07046
1390.16	25.0847
1392.88	9.09874
1395.6	1.11274
1398.31	15.1266
1401.03	11.1404
1403.75	1.15406
1406.46	17.1676
1409.18	5.18109
1411.89	3.19444
1414.6	1.20768
1417.31	17.2208
1420.02	31.2338
1422.73	1.24671
1425.44	19.2595
1428.15	11.2722
1430.85	21.2847
1433.56	5.29714
1436.26	3.30945
1438.97	11.3216
1441.67	11.3337
1444.37	17.3457
1447.07	17.3575
1449.77	7.36917
1452.47	21.3807
1455.16	7.39219
1457.86	1.40351
1460.56	13.4147
1463.25	1.42577
1465.94	1.43669
1468.64	5.44749
1471.33	7.45815
1474.02	17.4687
1476.71	-6.52093
1479.4	-2.51067
1482.09	3.49945
1484.77	11.5094
1487.46	17.5193
1490.14	19.529
1492.83	11.5385
1495.51	19.548
1498.19	-2.44277
1500.87	21.5664
1503.55	25.5753
1506.23	13.5842
1508.91	15.5929
1511.59	27.6014
1514.27	5.60981
1516.94	9.61805
1519.62	27.6261
1522.29	9.63408
1524.96	17.6419
1527.63	7.64949
1530.3	15.657
1532.97	9.66429
1535.64	3.67145
1538.31	-4.32155
1540.98	7.68529
1543.64	9.69198
1546.31	-2.30151
1548.97	-2.29514
1551.63	19.711
1554.3	1.71708
1556.96	13.7229
1559.62	23.7286
1562.28	9.73418
1564.94	9.73954
1567.59	5.74474
1570.25	13.7498
1572.9	3.75461
1575.56	13.7593
1578.21	7.7638
1580.86	25.7681
1583.52	9.7723
1586.17	-0.223718
1588.82	11.7801
1591.47	-0.216281
1594.11	-0.21283
1596.76	5.79044
1599.41	11.7935
1602.05	3.79644
1604.69	9.79917
1607.34	11.8017
1609.98	11.8041
1612.62	15.8062
1615.26	11.8082
1617.9	15.81
1620.54	-2.18835
1623.18	5.81307
1625.81	23.8143
1628.45	1.81535
1631.08	5.81621
1633.72	25.8169
1636.35	17.8173
1638.98	17.8176
1641.61	17.8177
1644.24	17.8176
1646.87	-0.182747
1649.5	3.81674
1652.13	5.81603
1654.75	-2.18488
1657.38	21.814
1660	19.8127
1662.63	19.8112
1665.25	7.80946
1667.87	1.80754
1670.49	17.8054
1673.11	13.8031
1675.73	-12.1995
1678.35	-0.202207
1680.96	5.79484
1683.58	-2.20832
1686.19	17.7883
1688.81	27.7847
1691.42	15.7809
1694.03	-2.22309
1696.64	-2.22731
1699.25	13.7683
1701.87	9.7636
1704.47	3.75873
1707.08	17.7536
1709.69	19.7483
1712.29	19.7428
1714.9	5.73708
1717.5	-0.268878
1720.1	1.72494
1722.71	15.7185
1725.31	3.71191
1727.91	15.7051
1730.51	11.698
1733.1	25.6907
1735.7	21.6832
1738.3	-2.32459
1740.89	9.66743
1743.49	17.6592
1746.08	7.65078
1748.67	13.6421
1751.26	3.63322
1753.86	9.62409
1756.45	5.61473
1759.03	5.60514
1761.62	3.5953
1764.21	27.5852
1766.8	5.57494
1769.38	13.5644
1771.97	7.55363
1774.55	-2.45738
1777.13	-2.46863
1779.71	19.5199
1782.29	17.5082
1784.87	19.4962
1787.45	35.484
1790.03	17.4715
1792.61	27.4588
1795.18	15.4459
1797.76	17.4327
1800.33	31.4192
1802.9	11.4056
1805.48	7.39164
1808.05	9.37746
1810.62	25.363
1813.19	3.34836
1815.76	17.3334
1818.33	17.3183
1820.89	17.3028
1823.46	11.2871
1826.02	19.2712
1828.59	15.255
1831.15	-10.7614
1833.71	5.22187
1836.27	9.20492
1838.84	1.18771
1841.39	19.1702
1843.95	13.1525
1846.51	17.1345
1849.07	3.11628
1851.62	7.09776
1854.18	11.079
1856.73	25.06
1859.29	5.04066
1861.84	7.0211
1864.39	9.00128
1866.94	10.9812
1869.49	20.9608
1872.04	18.9402
1874.59	12.9193
1877.13	12.8982
1879.68	28.8767
1882.22	2.85505
1884.77	8.83308
1887.31	12.8108
1889.85	28.7883
1892.39	-1.23444
1894.93	10.7425
1897.47	18.7192
1900.01	4.69558
1902.55	-3.3283
1905.09	22.6476
1907.62	20.6231
1910.16	0.598431
1912.69	-1.42656
1915.22	10.5482
1917.76	2.52265
1920.29	-3.50318
1922.82	18.4707
1925.35	14.4443
1927.88	8.41768
1930.4	8.39073
1932.93	12.3635
1935.46	-3.66401
1937.98	24.3082
1940.51	12.2801
1943.03	18.2517
1945.55	10.2231
1948.07	8.19415
1950.59	10.1649
1953.11	-1.8646
1955.63	-9.8944
1958.15	-1.92449
1960.67	20.0451
1963.18	18.0144
1965.7	15.9835
1968.21	11.9522
1970.73	11.9207
1973.24	17.8888
1975.75	19.8567
1978.26	15.8242
1980.77	3.7915
1983.28	3.75846
1985.79	1.72514
1988.29	3.69152
1990.8	11.6576
1993.31	9.62336
1995.81	1.58884
1998.31	13.554
