100.093	11.9564
103.274	6.07317
106.457	6.18926
109.636	2.30454
112.817	2.41916
115.994	2.53296
119.172	8.64611
122.347	2.75846
125.521	12.8701
128.696	2.98104
131.868	11.0912
135.039	11.2007
138.209	-0.690599
141.379	3.4175
144.547	7.52481
147.713	1.63141
150.879	13.7373
154.043	-4.1575
157.206	5.94699
160.368	4.05079
163.529	-3.84611
166.689	20.2563
169.848	10.358
173.006	8.45904
176.163	0.559378
179.316	10.659
182.471	-1.24205
185.625	8.85625
188.777	20.9539
191.927	1.05076
195.077	1.14705
198.224	15.2426
201.372	9.33755
204.52	11.4318
207.664	5.5254
210.809	3.61837
213.95	-6.28938
217.091	11.8022
220.233	-10.1068
223.372	21.9835
226.509	12.0732
229.648	12.1623
232.784	4.25064
235.918	18.3384
239.051	16.4255
242.186	4.51201
245.317	0.597849
248.447	14.6831
251.577	10.7676
254.705	6.85161
257.832	14.935
260.958	5.01768
264.083	-2.90021
267.204	17.1812
270.327	7.26213
273.449	17.3424
276.57	17.4221
279.69	13.5011
282.806	15.5796
285.924	9.65743
289.04	15.7347
292.154	7.81134
295.268	13.8874
298.379	-2.03713
301.492	32.0378
304.601	0.112064
307.711	18.1858
310.818	10.2589
313.924	-1.66853
317.031	24.4035
320.135	-3.52513
323.238	6.5457
326.34	14.616
329.443	14.6857
332.543	4.75482
335.642	8.82339
338.74	8.8914
341.836	2.95885
344.932	11.0257
348.027	13.0921
351.12	15.1579
354.213	-0.776853
357.302	-4.71219
360.393	21.352
363.482	5.4156
366.57	23.4787
369.656	11.5412
372.742	17.6032
375.827	7.66471
378.91	11.7256
381.993	5.78606
385.073	9.84593
388.154	5.90532
391.232	1.96415
394.311	12.0225
397.387	2.0803
400.462	0.137582
403.536	4.19436
406.611	12.2507
409.683	18.3064
412.754	18.3617
415.824	-1.58356
418.893	6.47069
421.961	-3.47555
425.027	14.5777
428.093	4.63049
431.158	8.68277
434.222	6.73457
437.284	12.7859
440.346	8.8367
443.407	4.88704
446.464	4.93687
449.523	12.9863
452.581	-0.964835
455.635	7.08357
458.691	7.13154
461.743	1.179
464.797	-4.77397
467.847	3.27257
470.899	-2.68132
473.947	7.36429
476.994	3.40945
480.043	21.4542
483.088	25.4984
486.133	11.5422
489.176	7.58557
492.22	7.6285
495.262	17.6709
498.302	7.71296
501.341	11.7545
504.38	17.7957
507.417	3.83636
510.453	5.87662
513.487	-6.08357
516.521	7.95583
519.554	-6.0052
522.586	14.0333
525.616	12.0714
528.646	-3.89087
531.675	0.146413
534.701	8.18325
537.729	8.21969
540.753	8.2557
543.778	0.291319
546.8	4.3265
549.821	2.36128
552.844	-11.6043
555.863	-1.57035
558.881	2.46322
561.898	4.49639
564.916	6.52918
567.932	4.56156
570.946	4.59354
573.959	-5.37487
576.971	-7.34367
579.982	12.6871
582.993	14.7176
586	4.74761
589.008	2.77727
592.015	24.8066
595.022	18.8355
598.025	4.86398
601.029	8.89214
604.032	8.91993
607.033	16.9473
610.034	8.97438
613.032	17.0011
616.032	3.02738
619.028	11.0533
622.023	-0.921096
625.018	11.1041
628.013	21.129
631.005	21.1535
633.997	17.1777
636.987	7.20152
639.977	15.225
642.965	19.2481
645.952	1.27089
648.939	9.29333
651.924	9.31543
654.909	31.3372
657.892	-6.64139
660.873	15.3797
663.854	1.40044
666.835	13.4209
669.813	15.4409
672.791	3.46072
675.767	29.4801
678.743	3.49927
681.717	7.51806
684.692	9.53654
687.664	11.5547
690.634	1.57252
693.606	19.5901
696.575	19.6073
699.543	-0.37583
702.51	15.6408
705.475	11.6571
708.44	7.67303
711.404	21.6887
714.367	5.70409
717.329	-0.280828
720.29	7.73396
723.25	9.74844
726.207	3.76263
729.166	17.7765
732.123	1.79015
735.077	23.8035
738.032	9.81651
740.984	-6.17075
743.938	19.8417
746.888	17.8539
749.839	11.8658
752.788	-0.122545
755.735	11.8888
758.682	17.8999
761.627	-6.0893
764.574	7.92125
767.517	13.9315
770.46	13.9415
773.402	17.9513
776.342	19.9607
779.282	13.97
782.219	11.9789
785.157	15.9876
788.094	23.9961
791.029	16.0043
793.962	12.0122
796.896	16.0199
799.828	24.0273
802.76	8.0345
805.689	18.0414
808.619	8.04815
811.546	20.0546
814.473	16.0608
817.4	12.0668
820.324	18.0726
823.248	18.0781
826.17	22.0833
829.092	18.0884
832.012	10.0932
834.932	14.0978
837.851	20.1021
840.768	16.1063
843.685	12.1102
846.599	10.1139
849.514	18.1174
852.428	12.1206
855.339	10.1237
858.251	4.12648
861.16	30.1291
864.07	18.1315
866.978	22.1337
869.884	12.1357
872.792	36.1374
875.696	20.139
878.599	12.1404
881.502	16.1415
884.404	14.1425
887.304	10.1433
890.204	24.1439
893.103	0.14424
896.001	16.1444
898.898	16.1444
901.794	26.1442
904.689	22.1438
907.581	20.1433
910.474	2.14252
913.364	12.1416
916.256	8.14047
919.144	24.1392
922.034	10.1377
924.92	6.13604
927.808	10.1342
930.693	12.1322
933.576	4.13004
936.459	0.127698
939.341	0.125186
942.222	12.1225
945.102	16.1197
947.981	10.1167
950.859	18.1135
953.737	-3.88985
956.613	22.1067
959.488	14.103
962.361	2.09921
965.235	24.0952
968.105	2.09114
970.977	22.0869
973.846	0.0824604
976.716	14.0779
979.583	16.0732
982.449	0.0683382
985.316	4.06334
988.18	8.0582
991.043	20.0529
993.906	4.0475
996.767	10.0419
999.628	12.0363
1002.49	0.0304297
1005.35	4.02447
1008.2	16.0184
1011.06	12.0122
1013.91	8.00581
1016.77	11.9993
1019.62	11.9927
1022.48	3.98601
1025.33	17.9792
1028.18	7.97219
1031.03	7.96511
1033.87	15.9579
1036.72	13.9506
1039.57	15.9431
1042.41	5.9356
1045.26	11.9279
1048.1	13.9202
1050.94	3.91228
1053.78	13.9043
1056.62	25.8962
1059.46	-4.112
1062.3	17.8797
1065.14	17.8713
1067.97	7.86279
1070.81	27.8542
1073.64	11.8455
1076.47	-0.163307
1079.31	7.8278
1082.14	5.81882
1084.97	1.80974
1087.8	11.8006
1090.63	7.79132
1093.45	7.78198
1096.28	15.7726
1099.1	9.76305
1101.93	13.7535
1104.75	1.74378
1107.57	11.734
1110.39	7.72418
1113.21	-0.285725
1116.03	19.7043
1118.85	17.6942
1121.66	-8.31591
1124.48	3.67388
1127.3	9.6636
1130.11	15.6533
1132.92	15.6428
1135.73	17.6324
1138.54	5.62182
1141.35	19.6112
1144.16	21.6005
1146.97	7.5898
1149.78	-2.42099
1152.58	19.5682
1155.39	11.5573
1158.19	23.5463
1161	13.5353
1163.8	9.52423
1166.6	7.51311
1169.4	-2.49806
1172.2	9.49073
1174.99	7.47946
1177.79	13.4682
1180.59	-0.543197
1183.38	13.4454
1186.17	17.434
1188.97	23.4225
1191.76	1.41097
1194.55	15.3994
1197.34	17.3878
1200.13	3.3762
1202.92	3.36454
1205.7	1.35285
1208.49	15.3411
1211.27	1.32937
1214.06	-0.682411
1216.84	3.30578
1219.62	5.29394
1222.4	11.2821
1225.18	5.2702
1227.96	7.25829
1230.74	1.24636
1233.51	17.2344
1236.29	13.2225
1239.06	3.21047
1241.84	1.19848
1244.61	13.1865
1247.38	7.17444
1250.15	5.16241
1252.92	15.1504
1255.69	3.1383
1258.46	17.1262
1261.23	19.1142
1263.99	5.1021
1266.76	11.09
1269.52	9.07793
1272.28	5.06585
1275.05	9.05375
1277.81	5.04167
1280.57	15.0296
1283.33	13.0175
1286.08	15.0054
1288.84	36.9934
1291.6	20.9813
1294.35	2.96924
1297.11	8.9572
1299.86	20.9452
1302.61	20.9331
1305.36	2.92113
1308.11	8.90913
1310.86	14.8972
1313.61	6.88519
1316.36	2.87324
1319.1	4.86131
1321.85	-9.15059
1324.59	16.8375
1327.33	12.8257
1330.08	6.81382
1332.82	8.80201
1335.56	20.7902
1338.3	2.77845
1341.04	20.7667
1343.77	10.755
1346.51	10.7434
1349.25	-3.26829
1351.98	6.72011
1354.71	16.7085
1357.45	6.697
1360.18	-5.3145
1362.91	0.674037
1365.64	18.6626
1368.37	24.6512
1371.09	16.6399
1373.82	4.6286
1376.54	20.6173
1379.27	18.6061
1381.99	16.595
1384.72	6.58385
1387.44	12.5728
1390.16	12.5618
1392.88	12.5508
1395.6	16.5399
1398.31	2.52902
1401.03	16.5182
1403.75	-5.49254
1406.46	22.4968
1409.18	4.48612
1411.89	4.47554
1414.6	12.465
1417.31	-1.54544
1420.02	-11.5558
1422.73	-1.56618
1425.44	6.42354
1428.15	18.4133
1430.85	10.4032
1433.56	20.3931
1436.26	18.3831
1438.97	-11.6268
1441.67	6.36331
1444.37	4.35352
1447.07	22.3438
1449.77	14.3341
1452.47	10.3246
1455.16	-1.68492
1457.86	8.30566
1460.56	8.29631
1463.25	10.287
1465.94	20.2779
1468.64	-5.73123
1471.33	-5.74025
1474.02	8.25081
1476.71	6.24196
1479.4	10.2332
1482.09	20.2245
1484.77	-11.7841
1487.46	18.2074
1490.14	12.199
1492.83	14.1907
1495.51	4.18246
1498.19	2.17432
1500.87	4.16628
1503.55	14.1583
1506.23	12.1505
1508.91	2.14273
1511.59	20.1351
1514.27	12.1275
1516.94	4.12005
1519.62	16.1127
1522.29	14.1054
1524.96	10.0983
1527.63	24.0912
1530.3	4.0843
1532.97	32.0775
1535.64	2.07073
1538.31	4.06411
1540.98	12.0576
1543.64	12.0512
1546.31	4.04492
1548.97	-7.96126
1551.63	14.0327
1554.3	16.0267
1556.96	12.0209
1559.62	14.0152
1562.28	10.0096
1564.94	22.0041
1567.59	7.99872
1570.25	11.9935
1572.9	5.98835
1575.56	-6.01665
1578.21	-0.0215242
1580.86	15.9737
1583.52	9.96909
1586.17	23.9646
1588.82	7.96021
1591.47	3.95596
1594.11	15.9518
1596.76	9.94785
1599.41	13.944
1602.05	17.9403
1604.69	5.93667
1607.34	23.9332
1609.98	13.9299
1612.62	13.9267
1615.26	3.92364
1617.9	7.92072
1620.54	25.9179
1623.18	-10.0847
1625.81	23.9128
1628.45	21.9104
1631.08	5.90823
1633.72	13.9062
1636.35	9.90422
1638.98	-2.09756
1641.61	-0.0992045
1644.24	9.8993
1646.87	7.89796
1649.5	21.8968
1652.13	13.8957
1654.75	3.89481
1657.38	13.8941
1660	7.89347
1662.63	11.893
1665.25	15.8927
1667.87	7.89261
1670.49	11.8926
1673.11	17.8928
1675.73	-4.10686
1678.35	13.8936
1680.96	19.8943
1683.58	15.8951
1686.19	5.89608
1688.81	5.89722
1691.42	17.8985
1694.03	7.89998
1696.64	7.9016
1699.25	13.9034
1701.87	1.90536
1704.47	5.90748
1707.08	5.90977
1709.69	13.9122
1712.29	19.9149
1714.9	7.91767
1717.5	27.9206
1720.1	9.92379
1722.71	5.92711
1725.31	-8.0694
1727.91	9.93427
1730.51	3.93811
1733.1	13.9421
1735.7	5.94633
1738.3	9.9507
1740.89	5.95526
1743.49	7.95999
1746.08	25.9649
1748.67	5.97
1751.26	-0.0247209
1753.86	-2.01926
1756.45	1.98639
1759.03	5.99222
1761.62	9.99823
1764.21	20.0044
1766.8	6.01082
1769.38	6.0174
1771.97	0.0241681
1774.55	8.03112
1777.13	10.0383
1779.71	2.04561
1782.29	16.0531
1784.87	20.0609
1787.45	34.0688
1790.03	8.07688
1792.61	-3.91481
1795.18	6.09369
1797.76	16.1024
1800.33	10.1113
1802.9	-1.87962
1805.48	22.1297
1808.05	18.1392
1810.62	12.1489
1813.19	8.15876
1815.76	0.168863
1818.33	6.17917
1820.89	16.1897
1823.46	26.2004
1826.02	22.2113
1828.59	10.2224
1831.15	6.23375
1833.71	14.2453
1836.27	-3.74296
1838.84	20.269
1841.39	10.2812
1843.95	10.2935
1846.51	14.3061
1849.07	14.3189
1851.62	18.3319
1854.18	10.3452
1856.73	14.3586
1859.29	16.3723
1861.84	22.3861
1864.39	8.40022
1866.94	8.41454
1869.49	14.4291
1872.04	22.4438
1874.59	2.45877
1877.13	14.474
1879.68	-7.51065
1882.22	14.505
1884.77	16.5208
1887.31	14.5369
1889.85	20.5532
1892.39	20.5697
1894.93	14.5865
1897.47	16.6035
1900.01	-3.37933
1902.55	-1.36191
1905.09	8.65575
1907.62	4.67364
1910.16	26.6918
1912.69	12.7101
1915.22	18.7287
1917.76	2.74749
1920.29	4.76654
1922.82	14.7858
1925.35	16.8053
1927.88	2.82508
1930.4	20.8451
1932.93	26.8653
1935.46	14.8857
1937.98	16.9064
1940.51	30.9274
1943.03	14.9485
1945.55	10.9699
1948.07	14.9916
1950.59	9.01348
1953.11	9.03562
1955.63	-0.942009
1958.15	7.08061
1960.67	19.1035
1963.18	15.1266
1965.7	5.14992
1968.21	-2.82648
1970.73	1.19737
1973.24	25.2215
1975.75	17.2458
1978.26	-0.729616
1980.77	7.29521
1983.28	13.3203
1985.79	13.3456
1988.29	9.37122
1990.8	1.39707
1993.31	3.42316
1995.81	13.4495
1998.31	29.4761
