100.093	36.3948
103.274	4.2929
106.457	26.191
109.636	26.0891
112.817	9.9871
115.994	17.8852
119.172	19.7832
122.347	-12.3188
125.521	23.5793
128.696	21.4772
131.868	9.37525
135.039	13.2732
138.209	9.17124
141.379	7.06915
144.547	6.96711
147.713	-13.1349
150.879	18.763
154.043	-7.33904
157.206	-1.44112
160.368	14.4568
163.529	20.3547
166.689	24.2526
169.848	30.1505
173.006	6.04841
176.163	5.9463
179.316	3.84425
182.471	17.7421
185.625	17.64
188.777	21.5379
191.927	21.4358
195.077	-6.66634
198.224	11.2316
201.372	21.1294
204.52	31.0273
207.664	12.9252
210.809	18.8231
213.95	20.721
217.091	20.6189
220.233	12.5168
223.372	10.4147
226.509	8.31262
229.648	10.2105
232.784	24.1084
235.918	24.0063
239.051	25.9043
242.186	15.8022
245.317	21.7001
248.447	21.5981
251.577	3.49601
254.705	31.394
257.832	21.2919
260.958	9.18991
264.083	17.0879
267.204	14.986
270.327	-1.11605
273.449	24.782
276.57	2.67997
279.69	22.578
282.806	16.4761
285.924	0.374146
289.04	34.2722
292.154	30.1703
295.268	16.0684
298.379	7.96658
301.492	-2.13532
304.601	27.7629
307.711	11.661
310.818	21.5592
313.924	15.4574
317.031	19.3556
320.135	23.2539
323.238	7.15215
326.34	27.0504
329.443	4.94867
332.543	12.847
335.642	18.7453
338.74	-9.35631
341.836	10.5421
344.932	18.4405
348.027	0.338882
351.12	22.2373
354.213	20.1358
357.302	16.0343
360.393	15.9328
363.482	21.8313
366.57	15.7299
369.656	3.62849
372.742	7.52708
375.827	29.4257
378.91	17.3244
381.993	7.22304
385.073	19.1218
388.154	1.02049
391.232	6.91928
394.311	18.818
397.387	18.7169
400.462	18.6158
403.536	14.5147
406.611	14.4135
409.683	4.31247
412.754	12.2115
415.824	14.1105
418.893	10.0095
421.961	21.9086
425.027	43.8077
428.093	13.7068
431.158	-6.39404
434.222	-2.49484
437.284	1.40438
440.346	23.3036
443.407	3.20292
446.464	9.1023
449.523	25.0017
452.581	20.901
455.635	-13.1995
458.691	6.69997
461.743	2.59953
464.797	0.499049
467.847	-1.60133
470.899	4.29826
473.947	-5.80204
476.994	14.0977
480.043	15.9974
483.088	5.8972
486.133	9.79704
489.176	17.6969
492.22	11.5968
495.262	17.4967
498.302	9.39673
501.341	19.2968
504.38	21.1968
507.417	9.09697
510.453	16.9971
513.487	2.89739
516.521	-5.20237
519.554	0.697913
522.586	14.5982
525.616	18.4987
528.646	4.39908
531.675	14.2995
534.701	-1.7999
537.729	6.10064
540.753	10.0013
543.778	3.90193
546.8	-2.19733
549.821	11.7035
552.844	21.6042
555.863	15.5051
558.881	-4.59397
561.898	17.307
564.916	3.20796
567.932	17.109
570.946	17.0101
573.959	2.91131
576.971	-13.1875
579.982	10.7138
582.993	18.6151
586	16.5165
589.008	-1.58205
592.015	-3.68058
595.022	12.2209
598.025	2.12257
601.029	12.0242
604.032	17.9259
607.033	1.82765
610.034	19.7294
613.032	3.63132
616.032	-0.466798
619.028	3.43521
622.023	7.33726
625.018	21.2394
628.013	7.14148
631.005	13.0437
633.997	10.946
636.987	-1.15169
639.977	28.7507
642.965	0.653149
645.952	-11.4443
648.939	-3.54179
651.924	-5.63917
654.909	-3.73649
657.892	18.1662
660.873	10.0691
663.854	1.97196
666.835	5.87487
669.813	3.77791
672.791	3.68094
675.767	7.5841
678.743	5.48726
681.717	3.39054
684.692	23.2938
687.664	-6.80278
690.634	19.1007
693.606	9.00415
696.575	6.90774
699.543	34.8114
702.51	18.7151
705.475	2.61889
708.44	24.5227
711.404	16.4266
714.367	-3.66938
717.329	30.2347
720.29	24.1388
723.25	2.04294
726.207	27.9472
729.166	-6.14846
732.123	19.7559
735.077	9.66042
738.032	7.56492
740.984	35.4696
743.938	11.3742
746.888	13.279
749.839	7.18375
752.788	15.0887
755.735	26.9936
758.682	26.8987
761.627	10.8038
764.574	8.70893
767.517	32.6142
770.46	10.5195
773.402	24.4249
776.342	6.3304
779.282	16.2359
782.219	14.1416
785.157	12.0473
788.094	25.9531
791.029	7.85891
793.962	-2.23511
796.896	31.6709
799.828	13.577
802.76	13.4831
805.689	19.3894
808.619	5.29567
811.546	-12.7979
814.473	1.10858
817.4	7.01509
820.324	10.9217
823.248	16.8285
826.17	22.7353
829.092	28.6421
832.012	2.54909
834.932	6.45612
837.851	24.3632
840.768	8.27041
843.685	14.1777
846.599	8.08509
849.514	17.9925
852.428	19.9
855.339	35.8077
858.251	17.7153
861.16	-2.37687
864.07	15.5309
866.978	3.43892
869.884	37.347
872.792	33.255
875.696	-6.83676
878.599	27.0715
881.502	8.97991
884.404	6.88836
887.304	6.7969
890.204	22.7055
893.103	8.61423
896.001	10.523
898.898	24.4319
901.794	8.34085
904.689	2.24989
907.581	6.15908
910.474	0.0682949
913.364	1.97765
916.256	11.887
919.144	15.7966
922.034	1.70612
924.92	3.61582
927.808	31.5256
930.693	-12.5646
933.576	11.3454
936.459	9.25545
939.341	9.16558
942.222	15.0758
945.102	4.98613
947.981	18.8965
950.859	26.807
953.737	30.7176
956.613	10.6283
959.488	30.539
962.361	8.44995
965.235	16.3609
968.105	14.272
970.977	16.1831
973.846	28.0944
976.716	30.0057
979.583	1.91715
982.449	5.82869
985.316	31.7403
988.18	9.65201
991.043	7.56383
993.906	13.4758
996.767	13.3878
999.628	-6.70013
1002.49	-8.78793
1005.35	43.1244
1008.2	19.0367
1011.06	4.94929
1013.91	32.8619
1016.77	24.7745
1019.62	12.6874
1022.48	8.60022
1025.33	-19.4868
1028.18	12.4263
1031.03	28.3395
1033.87	20.2528
1036.72	4.16615
1039.57	12.0796
1042.41	-8.00676
1045.26	15.9069
1048.1	-4.17927
1050.94	15.7346
1053.78	5.6486
1056.62	9.56268
1059.46	19.4769
1062.3	-6.60885
1065.14	7.30559
1067.97	25.2201
1070.81	13.1347
1073.64	15.0494
1076.47	32.9642
1079.31	-9.12089
1082.14	20.7942
1084.97	22.7092
1087.8	22.6245
1090.63	-7.46018
1093.45	12.4553
1096.28	16.3708
1099.1	10.2865
1101.93	14.2022
1104.75	30.1181
1107.57	-5.96598
1110.39	15.9501
1113.21	25.8663
1116.03	15.7826
1118.85	-6.30107
1121.66	1.61546
1124.48	33.532
1127.3	27.4488
1130.11	1.36556
1132.92	21.2825
1135.73	-12.8004
1138.54	-2.88328
1141.35	39.034
1144.16	24.9513
1146.97	-5.13123
1149.78	4.78635
1152.58	14.7041
1155.39	4.62189
1158.19	2.53979
1161	10.4578
1163.8	32.376
1166.6	18.2942
1169.4	-1.78748
1172.2	20.131
1174.99	8.04957
1177.79	5.96828
1180.59	21.8871
1183.38	19.806
1186.17	9.72501
1188.97	15.6442
1191.76	7.56341
1194.55	17.4828
1197.34	7.40225
1200.13	5.32184
1202.92	9.24153
1205.7	33.1614
1208.49	29.0813
1211.27	11.0013
1214.06	20.9215
1216.84	22.8418
1219.62	18.7622
1222.4	16.6827
1225.18	24.6033
1227.96	16.5241
1230.74	26.4449
1233.51	16.3659
1236.29	0.286959
1239.06	2.20816
1241.84	6.12948
1244.61	14.0509
1247.38	19.9725
1250.15	15.8942
1252.92	21.8159
1255.69	13.7378
1258.46	19.6599
1261.23	-2.418
1263.99	21.5043
1266.76	9.42663
1269.52	19.3491
1272.28	19.2718
1275.05	13.1945
1277.81	9.11734
1280.57	11.0403
1283.33	18.9634
1286.08	32.8866
1288.84	14.8099
1291.6	14.7334
1294.35	12.657
1297.11	10.5807
1299.86	10.5045
1302.61	12.4284
1305.36	30.3525
1308.11	10.2766
1310.86	12.201
1313.61	12.1254
1316.36	10.0499
1319.1	21.9746
1321.85	7.89938
1324.59	27.8243
1327.33	31.7493
1330.08	17.6745
1332.82	3.59976
1335.56	15.5252
1338.3	9.45066
1341.04	27.3764
1343.77	23.3021
1346.51	5.22803
1349.25	11.154
1351.98	11.0802
1354.71	27.0064
1357.45	18.9328
1360.18	6.85938
1362.91	26.786
1365.64	30.7128
1368.37	44.6397
1371.09	-3.43331
1373.82	34.4938
1376.54	12.4211
1379.27	4.34854
1381.99	8.27605
1384.72	18.2037
1387.44	18.1315
1390.16	6.05938
1392.88	-0.0125648
1395.6	9.91557
1398.31	3.84387
1401.03	-2.2277
1403.75	-4.29914
1406.46	-6.37052
1409.18	1.55829
1411.89	45.4872
1414.6	1.41627
1417.31	11.3455
1420.02	-4.7252
1422.73	9.20423
1425.44	-6.86621
1428.15	23.0635
1430.85	14.9933
1433.56	2.92331
1436.26	18.8534
1438.97	8.78361
1441.67	4.71397
1444.37	14.6445
1447.07	-1.42492
1449.77	18.5058
1452.47	24.4367
1455.16	28.3677
1457.86	32.2988
1460.56	14.2301
1463.25	8.16147
1465.94	12.093
1468.64	14.0247
1471.33	17.9565
1474.02	-4.11161
1476.71	19.8205
1479.4	17.7526
1482.09	9.68496
1484.77	-4.38258
1487.46	29.55
1490.14	7.48274
1492.83	13.4156
1495.51	11.3486
1498.19	5.28169
1500.87	7.21498
1503.55	9.14835
1506.23	23.0819
1508.91	17.0155
1511.59	2.94931
1514.27	22.8833
1516.94	-1.18267
1519.62	26.7515
1522.29	-3.31417
1524.96	6.6203
1527.63	8.55491
1530.3	2.48964
1532.97	16.4245
1535.64	24.3595
1538.31	6.29464
1540.98	8.22996
1543.64	26.1654
1546.31	-7.89907
1548.97	20.0366
1551.63	9.97244
1554.3	25.9084
1556.96	-2.15552
1559.62	-14.2193
1562.28	23.7171
1564.94	19.6536
1567.59	3.59026
1570.25	11.527
1572.9	17.464
1575.56	-12.599
1578.21	19.3382
1580.86	29.2756
1583.52	21.213
1586.17	19.1506
1588.82	29.0884
1591.47	19.0263
1594.11	22.9643
1596.76	16.9025
1599.41	20.8408
1602.05	6.77926
1604.69	10.7178
1607.34	10.6566
1609.98	14.5954
1612.62	8.53441
1615.26	12.4735
1617.9	38.4129
1620.54	16.3523
1623.18	18.2918
1625.81	20.2315
1628.45	18.1714
1631.08	16.1114
1633.72	16.0515
1636.35	-14.0082
1638.98	9.9322
1641.61	11.8727
1644.24	-8.18657
1646.87	5.75426
1649.5	7.69522
1652.13	17.6364
1654.75	19.5776
1657.38	33.519
1660	15.4605
1662.63	11.4022
1665.25	5.34405
1667.87	13.286
1670.49	13.2281
1673.11	1.1704
1675.73	25.1128
1678.35	17.0553
1680.96	30.998
1683.58	28.9409
1686.19	10.8838
1688.81	36.8269
1691.42	8.77021
1694.03	0.713587
1696.64	26.6571
1699.25	28.6008
1701.87	-7.45535
1704.47	16.4886
1707.08	30.4328
1709.69	24.377
1712.29	22.3214
1714.9	18.266
1717.5	12.2107
1720.1	18.1556
1722.71	18.1005
1725.31	32.0457
1727.91	37.9909
1730.51	23.9364
1733.1	23.882
1735.7	19.8277
1738.3	5.77353
1740.89	23.7195
1743.49	5.66569
1746.08	1.61199
1748.67	11.5584
1751.26	27.5051
1753.86	29.4518
1756.45	25.3987
1759.03	17.3457
1761.62	17.2929
1764.21	25.2402
1766.8	23.1877
1769.38	11.1353
1771.97	21.0831
1774.55	25.031
1777.13	-3.02096
1779.71	22.9272
1782.29	26.8756
1784.87	14.8241
1787.45	38.7728
1790.03	24.7216
1792.61	16.6705
1795.18	6.61963
1797.76	-3.43114
1800.33	8.51826
1802.9	12.4678
1805.48	10.4175
1808.05	34.3673
1810.62	8.31733
1813.19	4.26746
1815.76	16.2177
1818.33	24.1682
1820.89	44.1187
1823.46	22.0695
1826.02	6.02035
1828.59	11.9714
1831.15	27.9226
1833.71	-8.12611
1836.27	15.8254
1838.84	19.777
1841.39	1.72879
1843.95	19.6807
1846.51	25.6328
1849.07	11.585
1851.62	31.5374
1854.18	13.4899
1856.73	27.4426
1859.29	7.39545
1861.84	13.3484
1864.39	-4.69842
1866.94	9.25484
1869.49	7.20828
1872.04	27.1619
1874.59	21.1156
1877.13	15.0695
1879.68	9.02355
1882.22	28.9777
1884.77	22.9321
1887.31	6.88657
1889.85	40.8412
1892.39	30.796
1894.93	22.751
1897.47	38.706
1900.01	20.6613
1902.55	22.6167
1905.09	22.5723
1907.62	30.528
1910.16	-9.51614
1912.69	44.4399
1915.22	26.396
1917.76	10.3524
1920.29	30.3088
1922.82	34.2655
1925.35	24.2222
1927.88	40.1791
1930.4	-5.86376
1932.93	2.09348
1935.46	24.0509
1937.98	42.0084
1940.51	27.9661
1943.03	1.92394
1945.55	-14.118
1948.07	19.8401
1950.59	37.7984
1953.11	19.7569
1955.63	15.7155
1958.15	29.6743
1960.67	17.6332
1963.18	23.5923
1965.7	25.5515
1968.21	13.5109
1970.73	37.4705
1973.24	13.4301
1975.75	3.39002
1978.26	9.35001
1980.77	13.3102
1983.28	19.2705
1985.79	31.231
1988.29	33.1916
1990.8	17.1523
1993.31	33.1133
1995.81	15.0744
1998.31	29.0356
