100.093	1.81271
103.274	9.93399
106.457	10.0547
109.636	2.17473
112.817	0.294196
115.994	10.413
119.172	14.5312
122.347	6.64869
125.521	14.7656
128.696	28.8819
131.868	2.99759
135.039	5.11263
138.209	11.2271
141.379	1.34095
144.547	7.45415
147.713	23.5667
150.879	-2.32126
154.043	7.79012
157.206	3.9009
160.368	-7.98893
163.529	18.1206
166.689	-11.7704
169.848	0.337999
173.006	20.4458
176.163	12.553
179.316	8.65949
182.471	6.7655
185.625	2.87091
188.777	4.97574
191.927	-0.920085
195.077	3.18357
198.224	15.2866
201.372	5.38908
204.52	7.49099
207.664	5.59226
210.809	23.693
213.95	5.79315
217.091	3.89269
220.233	9.99174
223.372	24.0901
226.509	12.188
229.648	14.2853
232.784	6.38204
235.918	10.4782
239.051	12.5738
242.186	14.6689
245.317	14.7633
248.447	20.8573
251.577	8.95061
254.705	7.04342
257.832	1.13567
260.958	-0.772622
264.083	3.31853
267.204	13.4091
270.327	7.49915
273.449	9.58867
276.57	11.6776
279.69	-2.23391
282.806	7.85393
285.924	11.9413
289.04	8.02812
292.154	18.1144
295.268	4.20011
298.379	8.28528
301.492	-1.63002
304.601	22.4541
307.711	8.53774
310.818	10.6208
313.924	2.70335
317.031	16.7854
320.135	-9.13308
323.238	2.9479
326.34	13.0284
329.443	1.10837
332.543	7.1878
335.642	-2.73327
338.74	19.3451
341.836	7.42304
344.932	3.50044
348.027	7.57732
351.12	13.6537
354.213	7.72959
357.302	7.80492
360.393	9.8798
363.482	15.9542
366.57	14.0281
369.656	8.1014
372.742	14.1743
375.827	6.24669
378.91	8.31855
381.993	12.39
385.073	20.4608
388.154	14.5313
391.232	4.6012
394.311	12.6707
397.387	20.7396
400.462	6.80809
403.536	0.876073
406.611	-3.05637
409.683	7.01066
412.754	17.0772
415.824	-0.856703
418.893	7.20891
421.961	11.274
425.027	7.33872
428.093	5.40293
431.158	1.46666
434.222	5.52994
437.284	3.59275
440.346	-2.34491
443.407	1.71698
446.464	11.7784
449.523	9.83934
452.581	9.89986
455.635	3.95988
458.691	14.0195
461.743	10.0786
464.797	20.1373
467.847	24.1955
470.899	2.25333
473.947	14.3106
476.994	0.367528
480.043	6.424
483.088	14.48
486.133	2.53555
489.176	8.59066
492.22	12.6454
495.262	10.6996
498.302	-5.24658
501.341	8.80679
504.38	-1.14027
507.417	2.91224
510.453	0.964323
513.487	15.0159
516.521	21.0672
519.554	-4.88203
522.586	21.1683
525.616	19.2183
528.646	9.2678
531.675	13.3169
534.701	17.3656
537.729	-0.586148
540.753	15.4617
543.778	9.50913
546.8	9.55613
549.821	7.60273
552.844	5.64894
555.863	19.6947
558.881	13.7401
561.898	-10.215
564.916	9.82962
567.932	9.87378
570.946	1.91753
573.959	11.9609
576.971	20.0038
579.982	6.04638
582.993	0.0885341
586	-3.86973
589.008	16.1716
592.015	-9.78739
595.022	10.2532
598.025	-5.70665
601.029	10.3332
604.032	10.3726
607.033	-1.58843
610.034	2.45022
613.032	12.4885
616.032	16.5263
619.028	8.5638
622.023	-5.39911
625.018	4.63761
628.013	-5.32603
631.005	2.70993
633.997	20.7455
636.987	2.78073
639.977	10.8156
642.965	0.850046
645.952	2.88415
648.939	12.9179
651.924	14.9513
654.909	12.9843
657.892	13.0169
660.873	7.04914
663.854	11.0811
666.835	1.11261
669.813	21.1438
672.791	17.1746
675.767	11.2051
678.743	9.2352
681.717	15.2649
684.692	17.2944
687.664	5.32341
690.634	3.3521
693.606	25.3805
696.575	11.4085
699.543	23.4361
702.51	13.4634
705.475	19.4904
708.44	9.517
711.404	11.5433
714.367	11.5692
717.329	7.59481
720.29	3.62007
723.25	-0.355003
726.207	9.66957
729.166	-2.30618
732.123	5.71774
735.077	9.74131
738.032	5.76457
740.984	21.7875
743.938	7.81008
746.888	21.8323
749.839	5.85428
752.788	19.8759
755.735	17.8972
758.682	21.9181
761.627	9.93877
764.574	21.9591
767.517	11.9791
770.46	9.99879
773.402	2.01816
776.342	12.0372
779.282	2.05595
782.219	10.0744
785.157	12.0925
788.094	8.11028
791.029	18.1278
793.962	14.1449
796.896	14.1618
799.828	16.1784
802.76	-3.80534
805.689	28.2106
808.619	6.22628
811.546	20.2416
814.473	16.2567
817.4	4.27144
820.324	18.2859
823.248	8.30006
826.17	16.3139
829.092	18.3275
832.012	12.3408
834.932	18.3538
837.851	14.3664
840.768	16.3788
843.685	22.391
846.599	10.4028
849.514	14.4143
852.428	10.4256
855.339	16.4366
858.251	6.44724
861.16	4.45764
864.07	18.4678
866.978	30.4776
869.884	8.48717
872.792	-3.50353
875.696	12.5055
878.599	22.5142
881.502	16.5227
884.404	24.5309
887.304	6.53878
890.204	10.5464
893.103	10.5538
896.001	14.5609
898.898	16.5678
901.794	6.57433
904.689	-1.41936
907.581	16.5867
910.474	6.59247
913.364	0.597985
916.256	10.6032
919.144	8.60824
922.034	10.613
924.92	28.6175
927.808	10.6217
930.693	12.6257
933.576	2.62938
936.459	20.6328
939.341	16.6361
942.222	14.639
945.102	8.64173
947.981	8.64419
950.859	8.6464
953.737	-3.35163
956.613	6.65009
959.488	14.6516
962.361	0.652794
965.235	8.65378
968.105	8.65453
970.977	10.655
973.846	8.65531
976.716	-9.34466
979.583	2.65513
982.449	2.65469
985.316	12.654
988.18	10.6531
991.043	24.6519
993.906	8.65057
996.767	10.649
999.628	10.6471
1002.49	6.64505
1005.35	22.6428
1008.2	16.6402
1011.06	8.63748
1013.91	18.6345
1016.77	10.6313
1019.62	-5.37211
1022.48	18.6242
1025.33	12.6204
1028.18	8.6163
1031.03	22.612
1033.87	0.607481
1036.72	18.6027
1039.57	0.597792
1042.41	8.59263
1045.26	14.5872
1048.1	14.5817
1050.94	12.5759
1053.78	18.5698
1056.62	6.56361
1059.46	18.5572
1062.3	10.5505
1065.14	2.54369
1067.97	24.5366
1070.81	18.5294
1073.64	18.5219
1076.47	0.514255
1079.31	20.5064
1082.14	30.4983
1084.97	8.49005
1087.8	16.4816
1090.63	2.47293
1093.45	0.464067
1096.28	10.455
1099.1	14.4458
1101.93	8.43632
1104.75	10.4267
1107.57	2.41685
1110.39	8.40683
1113.21	18.3966
1116.03	24.3862
1118.85	8.37563
1121.66	26.3649
1124.48	16.3539
1127.3	12.3428
1130.11	14.3314
1132.92	12.3199
1135.73	-5.69178
1138.54	12.2963
1141.35	-3.71572
1144.16	20.272
1146.97	12.2596
1149.78	22.247
1152.58	4.23427
1155.39	12.2213
1158.19	4.2082
1161	8.1949
1163.8	8.18144
1166.6	18.1678
1169.4	16.154
1172.2	6.14
1174.99	6.12585
1177.79	-1.88847
1180.59	22.097
1183.38	4.0824
1186.17	4.06757
1188.97	-3.94741
1191.76	4.03745
1194.55	4.02214
1197.34	10.0067
1200.13	19.991
1202.92	3.97524
1205.7	7.9593
1208.49	3.94318
1211.27	13.9269
1214.06	3.91049
1216.84	9.89391
1219.62	17.8772
1222.4	15.8603
1225.18	11.8432
1227.96	19.8261
1230.74	11.8087
1233.51	-0.208786
1236.29	11.7736
1239.06	9.75578
1241.84	3.73784
1244.61	1.71975
1247.38	17.7015
1250.15	-2.31685
1252.92	21.6646
1255.69	-0.354044
1258.46	23.6272
1261.23	7.6082
1263.99	13.5891
1266.76	19.5699
1269.52	13.5505
1272.28	5.53102
1275.05	3.51137
1277.81	11.4916
1280.57	7.47168
1283.33	21.4516
1286.08	5.43145
1288.84	1.41113
1291.6	17.3907
1294.35	15.3701
1297.11	9.3494
1299.86	17.3286
1302.61	19.3076
1305.36	15.2865
1308.11	-2.73473
1310.86	3.24393
1313.61	5.22246
1316.36	7.20085
1319.1	-4.82086
1321.85	13.1573
1324.59	-0.864667
1327.33	7.11325
1330.08	-0.90896
1332.82	3.06871
1335.56	9.04627
1338.3	13.0237
1341.04	13.001
1343.77	2.97823
1346.51	20.9553
1349.25	6.9323
1351.98	6.90917
1354.71	6.88591
1357.45	-5.13745
1360.18	30.8391
1362.91	6.81548
1365.64	6.79179
1368.37	10.768
1371.09	-3.25592
1373.82	16.7201
1376.54	6.69595
1379.27	10.6717
1381.99	16.6474
1384.72	10.6229
1387.44	18.5984
1390.16	12.5737
1392.88	6.54901
1395.6	10.5242
1398.31	18.4992
1401.03	10.4742
1403.75	12.449
1406.46	12.4238
1409.18	-7.60156
1411.89	10.373
1414.6	10.3475
1417.31	14.3219
1420.02	4.29615
1422.73	-7.72967
1425.44	-7.75557
1428.15	2.21844
1430.85	0.19235
1433.56	4.16618
1436.26	4.13991
1438.97	14.1136
1441.67	20.0871
1444.37	18.0606
1447.07	6.034
1449.77	18.0073
1452.47	5.98052
1455.16	17.9537
1457.86	7.92671
1460.56	13.8997
1463.25	-2.12744
1465.94	11.8454
1468.64	-0.181903
1471.33	5.79076
1474.02	3.76332
1476.71	15.7358
1479.4	9.70822
1482.09	13.6806
1484.77	7.65283
1487.46	17.625
1490.14	15.5971
1492.83	17.5692
1495.51	5.54115
1498.19	7.51304
1500.87	-0.515114
1503.55	-8.54336
1506.23	7.42832
1508.91	17.3999
1511.59	11.3715
1514.27	9.34298
1516.94	1.3144
1519.62	3.28574
1522.29	11.257
1524.96	-2.77175
1527.63	17.1994
1530.3	1.1705
1532.97	17.1415
1535.64	-2.8875
1538.31	11.0834
1540.98	11.0543
1543.64	-6.97495
1546.31	20.9958
1548.97	-1.03354
1551.63	10.9371
1554.3	0.907625
1556.96	6.87813
1559.62	14.8486
1562.28	-7.18102
1564.94	4.78932
1567.59	14.7596
1570.25	10.7298
1572.9	16.7
1575.56	10.6701
1578.21	4.64024
1580.86	6.61027
1583.52	-5.41976
1586.17	0.550183
1588.82	6.52006
1591.47	16.4899
1594.11	-7.5403
1596.76	22.4295
1599.41	6.39916
1602.05	8.36882
1604.69	6.33843
1607.34	4.308
1609.98	16.2775
1612.62	0.247016
1615.26	14.2165
1617.9	0.185878
1620.54	4.15524
1623.18	4.12458
1625.81	4.09385
1628.45	6.06312
1631.08	-3.96766
1633.72	-3.99848
1636.35	-0.0293303
1638.98	15.9398
1641.61	21.9089
1644.24	3.8779
1646.87	9.8469
1649.5	-10.1841
1652.13	9.78484
1654.75	19.7537
1657.38	1.72264
1660	3.69148
1662.63	5.66032
1665.25	7.6291
1667.87	3.59788
1670.49	13.5666
1673.11	15.5353
1675.73	19.504
1678.35	5.4727
1680.96	-0.558662
1683.58	3.40997
1686.19	21.3786
1688.81	15.3471
1691.42	19.3157
1694.03	9.28421
1696.64	15.2527
1699.25	1.22122
1701.87	-0.810327
1704.47	5.15813
1707.08	9.12656
1709.69	5.09498
1712.29	13.0634
1714.9	7.03176
1717.5	5.00014
1720.1	6.96848
1722.71	2.93681
1725.31	2.90515
1727.91	6.87345
1730.51	16.8418
1733.1	12.81
1735.7	4.77831
1738.3	4.74657
1740.89	6.71483
1743.49	4.68307
1746.08	8.65131
1748.67	-1.38047
1751.26	0.587769
1753.86	10.556
1756.45	4.52417
1759.03	6.49239
1761.62	2.46057
1764.21	20.4288
1766.8	16.397
1769.38	10.3651
1771.97	4.33331
1774.55	2.30149
1777.13	24.2697
1779.71	10.2378
1782.29	18.206
1784.87	10.1742
1787.45	2.14237
1790.03	8.11056
1792.61	12.0787
1795.18	8.04692
1797.76	12.0151
1800.33	-0.0167192
1802.9	5.95148
1805.48	7.91968
1808.05	-0.112121
1810.62	7.85608
1813.19	1.8243
1815.76	5.79251
1818.33	7.76074
1820.89	5.72897
1823.46	-8.30278
1826.02	7.66547
1828.59	-6.36626
1831.15	-0.397978
1833.71	21.5703
1836.27	3.53859
1838.84	-8.4931
1841.39	11.4752
1843.95	9.44356
1846.51	-2.58809
1849.07	11.3803
1851.62	3.34866
1854.18	-0.682954
1856.73	7.28547
1859.29	5.25388
1861.84	5.22233
1864.39	7.1908
1866.94	1.15926
1869.49	3.12776
1872.04	-2.90372
1874.59	-4.93518
1877.13	-0.966623
1879.68	-0.998027
1882.22	14.9706
1884.77	2.93918
1887.31	6.90784
1889.85	-1.1235
1892.39	4.8452
1894.93	0.813919
1897.47	6.78264
1900.01	-1.24859
1902.55	-3.27979
1905.09	4.68902
1907.62	6.65787
1910.16	6.62676
1912.69	10.5957
1915.22	4.56457
1917.76	6.53354
1920.29	8.50252
1922.82	2.47154
1925.35	18.4406
1927.88	0.409659
1930.4	-1.62123
1932.93	-3.65208
1935.46	4.31709
1937.98	14.2863
1940.51	4.25554
1943.03	16.2248
1945.55	2.19413
1948.07	-1.83653
1950.59	16.1329
1953.11	4.10226
1955.63	-1.92828
1958.15	12.0412
1960.67	4.01075
1963.18	5.98032
1965.7	13.9499
1968.21	9.91957
1970.73	11.8892
1973.24	-6.14103
1975.75	5.82875
1978.26	1.79854
1980.77	1.7684
1983.28	17.7383
1985.79	19.7082
1988.29	3.6782
1990.8	-2.35179
1993.31	9.61827
1995.81	-0.411621
1998.31	7.55855
