100.093	25.3451
103.274	17.3416
106.457	15.3383
109.636	13.3353
112.817	33.3325
115.994	19.3299
119.172	13.3276
122.347	27.3255
125.521	21.3237
128.696	9.32209
131.868	21.3207
135.039	21.3196
138.209	37.3187
141.379	15.318
144.547	7.31758
147.713	11.3174
150.879	19.3174
154.043	3.31762
157.206	21.3181
160.368	27.3188
163.529	9.31967
166.689	3.32079
169.848	13.3221
173.006	11.3237
176.163	-0.674536
179.316	13.3275
182.471	19.3297
185.625	15.3321
188.777	11.3347
191.927	9.33751
195.077	13.3406
198.224	-10.6562
201.372	19.3472
204.52	3.3509
207.664	11.3547
210.809	23.3588
213.95	13.3631
217.091	11.3675
220.233	7.37215
223.372	13.377
226.509	-0.617967
229.648	17.3873
232.784	11.3927
235.918	1.3983
239.051	17.4041
242.186	3.41009
245.317	-0.583735
248.447	19.4226
251.577	19.4292
254.705	13.4359
257.832	23.4428
260.958	3.44989
264.083	25.4572
267.204	17.4646
270.327	5.47221
273.449	9.48001
276.57	9.48798
279.69	7.49612
282.806	17.5044
285.924	-2.4871
289.04	1.52155
292.154	11.5304
295.268	13.5394
298.379	5.54849
301.492	23.5578
304.601	19.5673
307.711	19.5769
310.818	-2.4133
313.924	7.59665
317.031	1.60677
320.135	11.617
323.238	21.6274
326.34	9.63802
329.443	11.6487
332.543	15.6596
335.642	9.67065
338.74	-4.31818
341.836	13.6931
344.932	21.7046
348.027	25.7162
351.12	5.72798
354.213	17.7399
357.302	17.7519
360.393	1.7641
363.482	-6.22358
366.57	19.7889
369.656	3.80147
372.742	11.8142
375.827	1.82708
378.91	19.8401
381.993	19.8532
385.073	1.86646
388.154	3.87985
391.232	1.89336
394.311	27.907
397.387	-0.0792176
400.462	7.93468
403.536	3.94869
406.611	15.9628
409.683	7.9771
412.754	13.9915
415.824	14.006
418.893	18.0206
421.961	8.03534
425.027	14.0502
428.093	6.06516
431.158	10.0802
434.222	18.0954
437.284	12.1107
440.346	12.1261
443.407	16.1417
446.464	8.15729
449.523	6.17303
452.581	4.18887
455.635	8.20481
458.691	-9.77914
461.743	14.237
464.797	10.2533
467.847	16.2696
470.899	8.28606
473.947	4.3026
476.994	6.31924
480.043	20.336
483.088	18.3528
486.133	4.36973
489.176	24.3867
492.22	-1.59614
495.262	4.42105
498.302	8.43834
501.341	6.45571
504.38	2.47317
507.417	10.4907
510.453	-7.49166
513.487	12.526
516.521	16.5438
519.554	4.56171
522.586	6.57967
525.616	12.5977
528.646	12.6158
531.675	12.634
534.701	2.65225
537.729	14.6706
540.753	2.689
543.778	12.7075
546.8	-7.27397
549.821	6.74465
552.844	4.76335
555.863	14.7821
558.881	10.8009
561.898	14.8198
564.916	12.8388
567.932	-3.14218
570.946	6.8769
573.959	2.89605
576.971	-5.08474
579.982	14.9345
582.993	14.9539
586	4.97323
589.008	12.9927
592.015	9.01217
595.022	9.03172
598.025	-8.94868
601.029	7.07098
604.032	9.09069
607.033	-6.88955
610.034	15.1303
613.032	27.1501
616.032	9.17002
619.028	-0.810032
622.023	15.21
625.018	3.23
628.013	13.2501
631.005	-6.72979
633.997	5.29038
636.987	9.31059
639.977	-0.669168
642.965	3.35112
645.952	9.37144
648.939	-6.6082
651.924	13.4122
654.909	5.43263
657.892	7.45309
660.873	1.47358
663.854	7.49411
666.835	11.5147
669.813	13.5353
672.791	17.5559
675.767	13.5765
678.743	19.5972
681.717	9.61788
684.692	13.6386
687.664	17.6593
690.634	17.6801
693.606	11.7009
696.575	17.7217
699.543	15.7425
702.51	23.7634
705.475	7.78425
708.44	11.8051
711.404	7.82603
714.367	3.84695
717.329	1.86788
720.29	1.88882
723.25	3.90978
726.207	17.9307
729.166	5.95172
732.123	5.97271
735.077	-0.00630548
738.032	12.0147
740.984	-3.96429
743.938	0.0567274
746.888	12.0777
749.839	10.0988
752.788	0.119796
755.735	4.14082
758.682	4.16185
761.627	4.18288
764.574	12.2039
767.517	2.22495
770.46	8.24597
773.402	10.267
776.342	-9.71199
779.282	16.309
782.219	10.33
785.157	-5.64897
788.094	18.372
791.029	26.393
793.962	16.414
796.896	16.4349
799.828	10.4559
802.76	10.4768
805.689	6.49776
808.619	10.5187
811.546	14.5396
814.473	12.5605
817.4	14.5813
820.324	18.6022
823.248	6.623
826.17	18.6438
829.092	14.6646
832.012	12.6854
834.932	18.7061
837.851	4.72684
840.768	20.7475
843.685	6.76822
846.599	0.788863
849.514	4.80949
852.428	4.83009
855.339	8.85066
858.251	12.8712
861.16	26.8917
864.07	16.9122
866.978	-3.06736
869.884	6.95305
872.792	10.9734
875.696	2.9938
878.599	9.01411
881.502	9.03439
884.404	13.0546
887.304	13.0748
890.204	-0.90499
893.103	25.1151
896.001	-2.86477
898.898	5.15529
901.794	1.1753
904.689	19.1953
907.581	7.21519
910.474	15.2351
913.364	5.2549
916.256	3.2747
919.144	1.29444
922.034	9.31414
924.92	3.33379
927.808	1.3534
930.693	3.37294
933.576	13.3924
936.459	19.4119
939.341	17.4313
942.222	5.45063
945.102	3.46993
947.981	-2.51083
950.859	-2.49165
953.737	5.52748
956.613	17.5466
959.488	3.56557
962.361	11.5845
965.235	9.60342
968.105	21.6223
970.977	-2.35896
973.846	21.6597
976.716	5.67841
979.583	9.69699
982.449	-0.284483
985.316	5.73399
988.18	7.75238
991.043	7.77071
993.906	9.78898
996.767	5.80718
999.628	11.8253
1002.49	3.84337
1005.35	5.86136
1008.2	-2.12072
1011.06	13.8971
1013.91	9.9149
1016.77	13.9326
1019.62	-4.04976
1022.48	13.9678
1025.33	5.98528
1028.18	16.0027
1031.03	16.02
1033.87	8.03726
1036.72	4.05445
1039.57	26.0715
1042.41	14.0886
1045.26	12.1055
1048.1	14.1223
1050.94	6.13912
1053.78	18.1558
1056.62	8.17243
1059.46	14.189
1062.3	12.2054
1065.14	0.221744
1067.97	8.23802
1070.81	-1.74581
1073.64	18.2703
1076.47	6.2863
1079.31	14.3022
1082.14	6.31804
1084.97	-3.66621
1087.8	24.3494
1090.63	10.365
1093.45	2.38045
1096.28	0.395822
1099.1	12.4111
1101.93	20.4263
1104.75	4.44137
1107.57	2.45636
1110.39	2.47126
1113.21	10.486
1116.03	6.50075
1118.85	-3.48464
1121.66	8.52985
1124.48	2.54426
1127.3	6.55855
1130.11	10.5728
1132.92	14.5869
1135.73	6.60084
1138.54	0.614733
1141.35	14.6285
1144.16	8.64221
1146.97	10.6558
1149.78	8.66926
1152.58	10.6826
1155.39	16.6959
1158.19	2.70902
1161	-1.27794
1163.8	2.73498
1166.6	4.7478
1169.4	8.76052
1172.2	12.7731
1174.99	12.7856
1177.79	-3.20203
1180.59	10.8102
1183.38	4.82237
1186.17	4.8344
1188.97	0.846314
1191.76	6.85811
1194.55	6.86979
1197.34	0.881356
1200.13	8.8928
1202.92	2.90413
1205.7	-5.08467
1208.49	-3.07358
1211.27	0.937392
1214.06	6.94823
1216.84	-5.04104
1219.62	6.96956
1222.4	10.98
1225.18	16.9904
1227.96	1.00062
1230.74	17.0107
1233.51	11.0207
1236.29	9.03056
1239.06	19.0403
1241.84	5.04989
1244.61	9.05936
1247.38	-0.931298
1250.15	7.07791
1252.92	15.087
1255.69	7.09595
1258.46	9.10476
1261.23	15.1135
1263.99	3.12201
1266.76	15.1304
1269.52	23.1387
1272.28	19.1469
1275.05	-0.845099
1277.81	3.16278
1280.57	3.17053
1283.33	3.17814
1286.08	7.18562
1288.84	9.19296
1291.6	19.2002
1294.35	7.20721
1297.11	15.2141
1299.86	15.2209
1302.61	9.22755
1305.36	1.23405
1308.11	17.2404
1310.86	1.24661
1313.61	13.2527
1316.36	9.25861
1319.1	7.26439
1321.85	5.27002
1324.59	11.2755
1327.33	-6.71914
1330.08	5.28605
1332.82	3.2911
1335.56	9.29601
1338.3	7.30076
1341.04	11.3054
1343.77	13.3098
1346.51	19.3141
1349.25	7.31828
1351.98	7.32228
1354.71	1.32613
1357.45	15.3298
1360.18	9.33338
1362.91	1.33677
1365.64	3.34001
1368.37	1.34309
1371.09	7.34602
1373.82	9.3488
1376.54	3.35141
1379.27	11.3539
1381.99	7.35617
1384.72	21.3583
1387.44	5.36031
1390.16	3.36213
1392.88	17.3638
1395.6	15.3653
1398.31	7.36665
1401.03	13.3678
1403.75	5.36886
1406.46	19.3697
1409.18	-2.62957
1411.89	9.37096
1414.6	19.3713
1417.31	13.3715
1420.02	11.3716
1422.73	17.3715
1425.44	19.3712
1428.15	-4.62928
1430.85	17.3701
1433.56	17.3693
1436.26	21.3683
1438.97	13.3672
1441.67	7.36592
1444.37	7.36446
1447.07	19.3628
1449.77	17.361
1452.47	11.359
1455.16	1.35689
1457.86	3.35457
1460.56	15.3521
1463.25	13.3494
1465.94	-2.65343
1468.64	7.34355
1471.33	17.3404
1474.02	15.337
1476.71	5.33346
1479.4	15.3297
1482.09	15.3258
1484.77	3.32177
1487.46	15.3175
1490.14	27.3131
1492.83	13.3085
1495.51	-4.69629
1498.19	-2.70126
1500.87	3.2936
1503.55	5.28828
1506.23	9.28277
1508.91	-6.72292
1511.59	-0.72879
1514.27	15.2652
1516.94	1.25892
1519.62	9.2525
1522.29	13.2459
1524.96	7.23911
1527.63	17.2321
1530.3	13.225
1532.97	13.2176
1535.64	9.2101
1538.31	15.2024
1540.98	17.1945
1543.64	1.18639
1546.31	1.17811
1548.97	5.16964
1551.63	-2.83902
1554.3	7.15213
1556.96	-2.85691
1559.62	7.13386
1562.28	5.12444
1564.94	19.1148
1567.59	3.10502
1570.25	13.095
1572.9	9.08484
1575.56	7.07445
1578.21	3.06388
1580.86	25.0531
1583.52	23.0421
1586.17	-2.96902
1588.82	17.0196
1591.47	-0.991934
1594.11	-1.00368
1596.76	10.9844
1599.41	14.9722
1602.05	6.95989
1604.69	0.94735
1607.34	-1.06539
1609.98	14.9217
1612.62	4.90853
1615.26	-3.10481
1617.9	6.88166
1620.54	14.8679
1623.18	18.854
1625.81	16.8398
1628.45	8.82549
1631.08	20.8109
1633.72	8.7962
1636.35	8.78125
1638.98	26.7661
1641.61	6.75073
1644.24	-5.26484
1646.87	8.71939
1649.5	-1.29659
1652.13	10.6872
1654.75	16.6708
1657.38	10.6542
1660	-7.36257
1662.63	16.6204
1665.25	8.6032
1667.87	-1.41423
1670.49	20.5681
1673.11	0.550294
1675.73	4.53224
1678.35	6.51397
1680.96	2.49549
1683.58	0.476815
1686.19	10.4579
1688.81	-3.5612
1691.42	6.41948
1694.03	6.39994
1696.64	14.3802
1699.25	6.36024
1701.87	2.34005
1704.47	-1.68034
1707.08	-3.70094
1709.69	20.2782
1712.29	20.2572
1714.9	2.23595
1717.5	4.2145
1720.1	16.1928
1722.71	12.1709
1725.31	-1.8512
1727.91	4.12646
1730.51	18.1039
1733.1	16.0811
1735.7	10.0581
1738.3	12.0349
1740.89	14.0115
1743.49	-0.0121391
1746.08	13.964
1748.67	17.9399
1751.26	17.9156
1753.86	-0.108936
1756.45	15.8663
1759.03	15.8413
1761.62	5.81613
1764.21	7.79072
1766.8	11.7651
1769.38	-12.2608
1771.97	11.7131
1774.55	11.6868
1777.13	19.6602
1779.71	13.6335
1782.29	7.6065
1784.87	7.57928
1787.45	7.55183
1790.03	11.5242
1792.61	13.4963
1795.18	1.46815
1797.76	3.43979
1800.33	11.4112
1802.9	11.3824
1805.48	5.35337
1808.05	5.32411
1810.62	21.2946
1813.19	15.2649
1815.76	13.2349
1818.33	3.20473
1820.89	7.17431
1823.46	15.1437
1826.02	11.1128
1828.59	5.08168
1831.15	13.0503
1833.71	23.0187
1836.27	0.986944
1838.84	0.954903
1841.39	6.92263
1843.95	2.89012
1846.51	14.8574
1849.07	24.8244
1851.62	12.7912
1854.18	2.75773
1856.73	14.7241
1859.29	10.6901
1861.84	4.65598
1864.39	6.6216
1866.94	8.58695
1869.49	-3.44791
1872.04	12.517
1874.59	16.4816
1877.13	0.446062
1879.68	-1.58974
1882.22	6.3742
1884.77	12.3379
1887.31	8.30137
1889.85	4.26459
1892.39	-5.77242
1894.93	16.1903
1897.47	20.1528
1900.01	2.11509
1902.55	0.0771104
1905.09	2.03889
1907.62	12.0004
1910.16	7.96174
1912.69	19.9228
1915.22	-2.11641
1917.76	7.84418
1920.29	15.8045
1922.82	-2.23542
1925.35	3.7244
1927.88	11.684
1930.4	13.6433
1932.93	13.6025
1935.46	1.56131
1937.98	9.51992
1940.51	3.47828
1943.03	1.43639
1945.55	9.39428
1948.07	5.3519
1950.59	3.30929
1953.11	-4.73359
1955.63	11.2233
1958.15	-0.820056
1960.67	13.1363
1963.18	3.09248
1965.7	21.0484
1968.21	11.004
1970.73	8.9594
1973.24	4.91453
1975.75	4.86945
1978.26	8.82408
1980.77	2.77848
1983.28	12.7326
1985.79	6.68651
1988.29	0.640155
1990.8	-3.40648
1993.31	0.546653
1995.81	14.4995
1998.31	16.4522
