100.093	8.61478
103.274	10.7174
106.457	-3.18101
109.636	12.9195
112.817	3.019
115.994	7.11741
119.172	17.2148
122.347	-0.688815
125.521	27.4065
128.696	11.5008
131.868	5.59412
135.039	7.68637
138.209	-2.22239
141.379	-4.13209
144.547	-6.04286
147.713	10.0454
150.879	18.1326
154.043	0.218851
157.206	26.3041
160.368	4.38838
163.529	8.47168
166.689	14.554
169.848	14.6354
173.006	10.7157
176.163	12.7952
179.316	28.8736
182.471	0.951077
185.625	1.02763
188.777	3.10325
191.927	1.17786
195.077	3.25159
198.224	3.32434
201.372	9.3962
204.52	3.46714
207.664	3.53711
210.809	11.6062
213.95	21.6743
217.091	9.74156
220.233	-6.19208
223.372	27.8733
226.509	15.9378
229.648	8.00151
232.784	8.06424
235.918	8.12609
239.051	4.18705
242.186	14.2472
245.317	6.30637
248.447	12.3647
251.577	18.4222
254.705	0.478774
257.832	0.534516
260.958	2.5894
264.083	-7.35656
267.204	10.6966
270.327	12.7489
273.449	-1.19958
276.57	8.85109
279.69	4.90091
282.806	4.94988
285.924	4.99805
289.04	3.0454
292.154	33.0919
295.268	-6.86238
298.379	1.1825
301.492	17.2266
304.601	11.2699
307.711	-2.68764
310.818	11.354
313.924	13.3949
317.031	-2.56496
320.135	19.4743
323.238	13.5129
326.34	7.55063
329.443	5.58763
332.543	-2.37616
335.642	15.6593
338.74	13.694
341.836	9.72789
344.932	19.7611
348.027	19.7935
351.12	15.8251
354.213	25.8561
357.302	-4.11378
360.393	7.91567
363.482	9.94438
366.57	7.97237
369.656	17.9996
372.742	-1.97386
375.827	6.05196
378.91	18.077
381.993	14.1014
385.073	18.1251
388.154	4.14807
391.232	16.1703
394.311	14.1919
397.387	26.2128
400.462	10.233
403.536	4.25244
406.611	-9.72874
409.683	26.2894
412.754	8.30685
415.824	24.3236
418.893	4.33974
421.961	10.3552
425.027	6.36997
428.093	0.384091
431.158	6.39756
434.222	4.41038
437.284	4.42255
440.346	22.4341
443.407	24.445
446.464	2.45519
449.523	22.4648
452.581	-5.52623
455.635	8.48212
458.691	12.4898
461.743	2.49694
464.797	-5.49657
467.847	6.5093
470.899	-3.48544
473.947	24.5192
476.994	0.523254
480.043	2.5267
483.088	4.52955
486.133	-3.4682
489.176	-1.46653
492.22	8.53454
495.262	-5.46496
498.302	16.5349
501.341	14.5343
504.38	6.53304
507.417	20.5312
510.453	22.5289
513.487	0.525916
516.521	16.5224
519.554	16.5184
522.586	18.5137
525.616	2.50858
528.646	18.5029
531.675	8.4966
534.701	14.4898
537.729	-7.51753
540.753	20.4746
543.778	16.4662
546.8	-9.54273
549.821	10.4478
552.844	6.43784
555.863	16.4273
558.881	14.4163
561.898	8.40482
564.916	22.3928
567.932	24.3803
570.946	26.3672
573.959	18.3537
576.971	10.3396
579.982	10.3251
582.993	10.3101
586	2.29461
589.008	28.2786
592.015	-7.73785
595.022	6.24521
598.025	16.2278
601.029	20.2099
604.032	2.19155
607.033	2.17274
610.034	8.15345
613.032	14.1337
616.032	12.1135
619.028	0.0928756
622.023	6.07178
625.018	26.0502
628.013	18.0283
631.005	4.00583
633.997	29.983
636.987	7.95968
639.977	-0.0640419
642.965	11.9118
645.952	15.8872
648.939	5.86223
651.924	3.83681
654.909	-4.18902
657.892	1.78473
660.873	9.75809
663.854	-6.26898
666.835	-2.29645
669.813	3.6757
672.791	17.6474
675.767	1.61878
678.743	9.58972
681.717	23.5603
684.692	19.5305
687.664	-14.4997
690.634	9.46969
693.606	13.4387
696.575	7.40738
699.543	25.3757
702.51	7.34361
705.475	19.3112
708.44	23.2784
711.404	13.2452
714.367	21.2117
717.329	23.1778
720.29	19.1436
723.25	11.109
726.207	7.07413
729.166	5.03887
732.123	25.0033
735.077	16.9674
738.032	-3.06892
740.984	10.8945
743.938	12.8576
746.888	20.8203
749.839	28.7828
752.788	12.7449
755.735	4.70668
758.682	20.6682
761.627	4.62935
764.574	10.5902
767.517	12.5508
770.46	6.51102
773.402	20.471
776.342	14.4306
779.282	30.39
782.219	14.3491
785.157	14.3079
788.094	-15.7336
791.029	22.2246
793.962	16.1826
796.896	20.1402
799.828	2.09763
802.76	28.0547
805.689	10.0116
808.619	-2.03184
811.546	29.9245
814.473	21.8806
817.4	21.8363
820.324	7.79189
823.248	21.7472
826.17	5.70224
829.092	11.657
832.012	15.6116
834.932	17.5659
837.851	11.52
840.768	7.47379
843.685	19.4274
846.599	29.3808
849.514	17.3339
852.428	19.2868
855.339	33.2395
858.251	9.19197
861.16	21.1442
864.07	11.0963
866.978	13.0481
869.884	8.99971
872.792	22.9511
875.696	6.9023
878.599	16.8533
881.502	16.8041
884.404	10.7547
887.304	30.7051
890.204	18.6553
893.103	16.6054
896.001	12.5552
898.898	-3.49517
901.794	10.4543
904.689	12.4036
907.581	4.35271
910.474	12.3016
913.364	6.25043
916.256	0.199008
919.144	2.14746
922.034	12.0957
924.92	4.04382
927.808	5.99175
930.693	17.9395
933.576	19.8872
936.459	13.8347
939.341	29.782
942.222	13.7292
945.102	1.67625
947.981	11.6232
950.859	1.56991
953.737	3.51653
956.613	11.463
959.488	3.40937
962.361	23.3556
965.235	19.3017
968.105	19.2477
970.977	11.1936
973.846	5.13931
976.716	23.0849
979.583	7.03042
982.449	16.9758
985.316	0.921081
988.18	12.8663
991.043	2.81134
993.906	20.7563
996.767	34.7012
999.628	24.6459
1002.49	0.590611
1005.35	14.5352
1008.2	20.4797
1011.06	14.4241
1013.91	10.3684
1016.77	18.3126
1019.62	32.2568
1022.48	-3.79917
1025.33	16.1448
1028.18	22.0887
1031.03	8.03259
1033.87	31.9764
1036.72	21.9201
1039.57	23.8637
1042.41	9.80729
1045.26	13.7508
1048.1	23.6943
1050.94	-6.36232
1053.78	19.581
1056.62	3.52431
1059.46	15.4676
1062.3	9.41075
1065.14	17.3539
1067.97	17.297
1070.81	1.24013
1073.64	11.1831
1076.47	5.12617
1079.31	7.06911
1082.14	11.0121
1084.97	12.9549
1087.8	26.8978
1090.63	22.8407
1093.45	4.78353
1096.28	16.7263
1099.1	6.66914
1101.93	4.61192
1104.75	2.55468
1107.57	12.4974
1110.39	-1.55983
1113.21	10.3829
1116.03	8.32566
1118.85	20.2684
1121.66	10.2111
1124.48	2.15384
1127.3	14.0966
1130.11	10.0393
1132.92	3.98208
1135.73	11.9249
1138.54	5.86764
1141.35	13.8104
1144.16	11.7532
1146.97	13.696
1149.78	5.63887
1152.58	9.58178
1155.39	13.5247
1158.19	13.4676
1161	21.4105
1163.8	7.35353
1166.6	-4.70346
1169.4	17.2396
1172.2	9.18268
1174.99	5.1258
1177.79	25.069
1180.59	7.01221
1183.38	20.9555
1186.17	22.8988
1188.97	-5.15786
1191.76	0.785559
1194.55	18.729
1197.34	16.6726
1200.13	26.6161
1202.92	-1.44022
1205.7	16.5035
1208.49	28.4473
1211.27	6.39111
1214.06	14.335
1216.84	20.279
1219.62	16.2231
1222.4	0.167179
1225.18	10.1114
1227.96	8.05569
1230.74	10
1233.51	5.94448
1236.29	19.889
1239.06	-8.16636
1241.84	1.77835
1244.61	17.7231
1247.38	-16.332
1250.15	15.613
1252.92	9.55812
1255.69	-2.49671
1258.46	15.4486
1261.23	15.394
1263.99	-4.66053
1266.76	13.285
1269.52	5.23076
1272.28	23.1766
1275.05	13.1225
1277.81	1.06854
1280.57	7.0147
1283.33	0.960976
1286.08	16.9074
1288.84	14.8539
1291.6	0.800521
1294.35	0.747281
1297.11	-7.3058
1299.86	16.6412
1302.61	12.5884
1305.36	10.5357
1308.11	2.48307
1310.86	48.4306
1313.61	0.378355
1316.36	14.3262
1319.1	18.2742
1321.85	6.22229
1324.59	4.17057
1327.33	16.119
1330.08	0.0675596
1332.82	16.0163
1335.56	17.9652
1338.3	3.91417
1341.04	17.8634
1343.77	11.8127
1346.51	13.7623
1349.25	13.7119
1351.98	-0.338238
1354.71	9.61174
1357.45	-0.438075
1360.18	19.5123
1362.91	13.4628
1365.64	21.4135
1368.37	5.36431
1371.09	3.31535
1373.82	17.2666
1376.54	25.218
1379.27	9.16957
1381.99	21.1213
1384.72	3.07327
1387.44	3.02542
1390.16	24.9777
1392.88	4.93027
1395.6	0.882965
1398.31	26.8359
1401.03	-1.21101
1403.75	20.7423
1406.46	18.6958
1409.18	6.64948
1411.89	10.6034
1414.6	8.5575
1417.31	28.5118
1420.02	8.46637
1422.73	6.42109
1425.44	-7.62396
1428.15	22.3312
1430.85	2.28658
1433.56	8.24219
1436.26	30.198
1438.97	2.15403
1441.67	6.11029
1444.37	8.06678
1447.07	0.0234903
1449.77	-4.01958
1452.47	7.93759
1455.16	27.895
1457.86	15.8526
1460.56	-4.18955
1463.25	5.76853
1465.94	5.72688
1468.64	9.68544
1471.33	-4.35574
1474.02	-6.3967
1476.71	11.5626
1479.4	13.5221
1482.09	11.4819
1484.77	5.44196
1487.46	1.40224
1490.14	17.3628
1492.83	13.3236
1495.51	1.28461
1498.19	19.2459
1500.87	15.2075
1503.55	15.1693
1506.23	3.13137
1508.91	15.0937
1511.59	1.05632
1514.27	19.0192
1516.94	0.982351
1519.62	-1.05426
1522.29	4.90943
1524.96	-5.12662
1527.63	16.8376
1530.3	18.8021
1532.97	20.7669
1535.64	14.7319
1538.31	6.69728
1540.98	22.6629
1543.64	10.6288
1546.31	0.595003
1548.97	-5.43854
1551.63	14.5282
1554.3	6.49527
1556.96	12.4626
1559.62	26.4303
1562.28	6.39818
1564.94	28.3664
1567.59	12.3349
1570.25	0.303734
1572.9	14.2728
1575.56	22.2423
1578.21	8.21199
1580.86	24.182
1583.52	6.15233
1586.17	14.123
1588.82	8.09391
1591.47	4.06517
1594.11	28.0367
1596.76	4.00863
1599.41	1.98082
1602.05	25.9533
1604.69	15.9262
1607.34	1.89931
1609.98	27.8728
1612.62	23.8466
1615.26	25.8207
1617.9	7.79511
1620.54	7.76986
1623.18	21.745
1625.81	9.72037
1628.45	-4.30388
1631.08	-8.32779
1633.72	1.64862
1636.35	19.6254
1638.98	15.6025
1641.61	3.57988
1644.24	7.55764
1646.87	13.5357
1649.5	19.5142
1652.13	1.49297
1654.75	5.47209
1657.38	7.45157
1660	11.4314
1662.63	19.4116
1665.25	7.39207
1667.87	7.37295
1670.49	3.35417
1673.11	-0.664248
1675.73	-12.6823
1678.35	19.3
1680.96	11.2826
1683.58	19.2656
1686.19	21.249
1688.81	15.2327
1691.42	27.2168
1694.03	19.2013
1696.64	3.1861
1699.25	1.1713
1701.87	-8.84315
1704.47	-0.857217
1707.08	13.1291
1709.69	3.11576
1712.29	-2.89719
1714.9	25.0902
1717.5	11.078
1720.1	23.0662
1722.71	5.05476
1725.31	-0.956295
1727.91	-6.96698
1730.51	19.0227
1733.1	17.0128
1735.7	35.0033
1738.3	22.9941
1740.89	2.98539
1743.49	8.97703
1746.08	2.96905
1748.67	24.9615
1751.26	10.9543
1753.86	2.94749
1756.45	8.94109
1759.03	16.9351
1761.62	20.9295
1764.21	-5.07571
1766.8	6.91949
1769.38	14.9151
1771.97	14.9111
1774.55	6.9075
1777.13	4.90431
1779.71	2.90153
1782.29	8.89916
1784.87	12.8972
1787.45	6.89565
1790.03	2.89451
1792.61	30.8938
1795.18	18.8935
1797.76	-5.10643
1800.33	4.89409
1802.9	20.895
1805.48	26.8964
1808.05	10.8982
1810.62	10.9004
1813.19	16.903
1815.76	14.906
1818.33	20.9095
1820.89	14.9134
1823.46	14.9177
1826.02	2.92246
1828.59	-9.07236
1831.15	24.9332
1833.71	16.9393
1836.27	2.94577
1838.84	12.9527
1841.39	12.96
1843.95	4.96781
1846.51	16.976
1849.07	16.9847
1851.62	-9.00622
1854.18	5.00333
1856.73	1.01331
1859.29	23.0237
1861.84	17.0346
1864.39	13.0459
1866.94	17.0577
1869.49	13.0699
1872.04	11.0826
1874.59	29.0957
1877.13	1.10923
1879.68	35.1232
1882.22	13.1377
1884.77	19.1526
1887.31	19.168
1889.85	35.1838
1892.39	7.20013
1894.93	3.21687
1897.47	7.23409
1900.01	13.2518
1902.55	21.2699
1905.09	-6.71151
1907.62	9.30755
1910.16	3.32707
1912.69	1.34707
1915.22	21.3675
1917.76	5.38845
1920.29	29.4099
1922.82	11.4317
1925.35	13.4541
1927.88	21.4769
1930.4	-0.499832
1932.93	11.5239
1935.46	25.5482
1937.98	-4.42711
1940.51	19.5981
1943.03	41.6238
1945.55	11.6499
1948.07	5.67654
1950.59	17.7036
1953.11	19.7313
1955.63	19.7593
1958.15	25.7879
1960.67	11.8169
1963.18	17.8465
1965.7	13.8765
1968.21	15.907
1970.73	5.93805
1973.24	13.9696
1975.75	36.0015
1978.26	26.034
1980.77	32.067
1983.28	14.1005
1985.79	6.13445
1988.29	20.1689
1990.8	22.2039
1993.31	8.23936
1995.81	34.2753
1998.31	28.3118
