100.093	14.9035
103.274	14.9653
106.457	5.02681
109.636	11.088
112.817	7.14889
115.994	17.2094
119.172	11.2697
122.347	3.32967
125.521	19.3893
128.696	25.4487
131.868	17.5077
135.039	11.5664
138.209	3.62486
141.379	17.683
144.547	5.74085
147.713	5.79838
150.879	9.85561
154.043	9.91255
157.206	13.9692
160.368	2.02554
163.529	16.0816
166.689	4.13735
169.848	16.1928
173.006	12.248
176.163	-3.69711
179.316	14.3575
182.471	8.41177
185.625	-7.5342
188.777	-5.48046
191.927	2.57296
195.077	12.6261
198.224	12.679
201.372	22.7316
204.52	6.78394
207.664	10.836
210.809	10.8877
213.95	6.93918
217.091	8.99037
220.233	21.0413
223.372	9.09194
226.509	19.1423
229.648	13.1924
232.784	9.24223
235.918	-6.70823
239.051	13.341
242.186	7.39008
245.317	23.4388
248.447	3.48729
251.577	29.5355
254.705	17.5834
257.832	19.6311
260.958	7.67851
264.083	15.7257
267.204	9.77251
270.327	13.8191
273.449	9.86549
276.57	13.9116
279.69	29.9574
282.806	26.003
285.924	12.0483
289.04	10.0934
292.154	2.13821
295.268	12.1828
298.379	12.2271
301.492	22.2711
304.601	16.3149
307.711	2.35849
310.818	8.40177
313.924	8.44481
317.031	2.48763
320.135	2.53018
323.238	16.5725
326.34	10.6145
329.443	14.6564
332.543	6.69795
335.642	18.7393
338.74	14.7804
341.836	22.8212
344.932	20.8618
348.027	0.902201
351.12	-1.05766
354.213	12.9822
357.302	13.0219
360.393	25.0613
363.482	15.1005
366.57	9.13945
369.656	9.17816
372.742	5.21665
375.827	7.25492
378.91	13.2929
381.993	11.3307
385.073	5.3683
388.154	3.40566
391.232	19.4428
394.311	13.4797
397.387	-2.48368
400.462	13.5528
403.536	5.58896
406.611	9.62498
409.683	-0.339256
412.754	7.69629
415.824	-0.26838
418.893	-2.23327
421.961	-0.198376
425.027	-4.1637
428.093	-2.12924
431.158	13.905
434.222	15.939
437.284	15.9729
440.346	14.0065
443.407	12.0399
446.464	4.07302
449.523	16.106
452.581	14.1388
455.635	22.1713
458.691	22.2036
461.743	0.235771
464.797	22.2677
467.847	18.2994
470.899	14.3309
473.947	6.36225
476.994	2.39336
480.043	16.4243
483.088	0.454979
486.133	12.4855
489.176	2.51578
492.22	22.5459
495.262	6.57581
498.302	0.605518
501.341	-1.36497
504.38	14.6643
507.417	10.6935
510.453	0.722404
513.487	14.7511
516.521	2.77967
519.554	24.808
522.586	2.83619
525.616	6.86414
528.646	12.8919
531.675	14.9195
534.701	-1.05308
537.729	10.9741
540.753	1.00117
543.778	3.02802
546.8	7.05468
549.821	-0.918854
552.844	3.10745
555.863	-8.86644
558.881	15.1595
561.898	-6.81477
564.916	11.2108
567.932	9.2362
570.946	-6.73859
573.959	1.28644
576.971	9.3113
579.982	9.33598
582.993	-6.63951
586	1.3848
589.008	3.40897
592.015	9.43295
595.022	-2.54323
598.025	-0.519601
601.029	5.50387
604.032	5.52718
607.033	7.5503
610.034	3.57327
613.032	3.59606
616.032	5.6187
619.028	13.6412
622.023	-2.33656
625.018	5.68557
628.013	7.70755
631.005	-0.270648
633.997	15.751
636.987	5.77247
639.977	11.7938
642.965	13.8149
645.952	23.836
648.939	-0.143207
651.924	7.87748
654.909	9.89801
657.892	5.91838
660.873	7.93858
663.854	29.9586
666.835	19.9786
669.813	9.9983
672.791	14.0179
675.767	18.0373
678.743	2.05665
681.717	16.0758
684.692	8.09479
687.664	0.113631
690.634	10.1323
693.606	14.1509
696.575	10.1693
699.543	16.1875
702.51	-5.79435
705.475	14.2236
708.44	10.2414
711.404	4.25912
714.367	0.276653
717.329	10.294
720.29	4.3113
723.25	6.32842
726.207	-1.65462
729.166	8.36222
732.123	2.37892
735.077	6.39547
738.032	18.4119
740.984	10.4282
743.938	18.4443
746.888	10.4603
749.839	12.4762
752.788	10.492
755.735	14.5076
758.682	6.52305
761.627	0.538397
764.574	6.55362
767.517	16.5687
770.46	12.5837
773.402	0.5985
776.342	-1.3868
779.282	10.6278
782.219	16.6422
785.157	24.6565
788.094	6.67074
791.029	2.68482
793.962	14.6988
796.896	20.7126
799.828	6.72628
802.76	0.739867
805.689	8.75332
808.619	14.7667
811.546	10.7799
814.473	12.793
817.4	28.806
820.324	12.8188
823.248	6.83157
826.17	8.8442
829.092	6.85671
832.012	2.86911
834.932	6.88139
837.851	30.8936
840.768	4.90561
843.685	4.91756
846.599	20.9294
849.514	16.9411
852.428	16.9527
855.339	8.96421
858.251	12.9756
861.16	8.98688
864.07	4.99806
866.978	11.0091
869.884	-0.979927
872.792	5.03093
875.696	5.04167
878.599	17.0523
881.502	7.06285
884.404	29.0733
887.304	13.0836
890.204	7.09384
893.103	7.10397
896.001	9.11399
898.898	3.12392
901.794	13.1337
904.689	13.1435
907.581	21.1531
910.474	23.1626
913.364	13.1721
916.256	3.18139
919.144	23.1906
922.034	17.1998
924.92	7.20882
927.808	9.21778
930.693	1.22664
933.576	11.2354
936.459	3.24408
939.341	7.25267
942.222	21.2612
945.102	5.26956
947.981	1.27787
950.859	11.2861
953.737	7.29423
956.613	21.3023
959.488	7.31024
962.361	13.3181
965.235	11.3259
968.105	21.3336
970.977	9.34121
973.846	15.3487
976.716	9.35619
979.583	7.36355
982.449	9.37083
985.316	3.37803
988.18	3.38514
991.043	-4.60782
993.906	9.39913
996.767	3.40601
999.628	13.4128
1002.49	3.41953
1005.35	11.4262
1008.2	7.43273
1011.06	13.4392
1013.91	7.44562
1016.77	13.452
1019.62	11.4582
1022.48	-6.5356
1025.33	-0.529488
1028.18	11.4766
1031.03	5.48252
1033.87	5.48841
1036.72	7.49423
1039.57	9.49998
1042.41	9.50566
1045.26	1.51127
1048.1	5.51681
1050.94	9.52228
1053.78	15.5277
1056.62	9.53302
1059.46	5.53829
1062.3	1.54349
1065.14	3.54863
1067.97	13.5537
1070.81	5.55871
1073.64	3.56365
1076.47	17.5685
1079.31	9.57335
1082.14	7.5781
1084.97	13.5828
1087.8	13.5874
1090.63	9.59199
1093.45	1.5965
1096.28	9.60094
1099.1	27.6053
1101.93	11.6097
1104.75	5.61394
1107.57	5.61815
1110.39	17.6223
1113.21	-14.3736
1116.03	7.63046
1118.85	-2.36555
1121.66	13.6384
1124.48	13.6423
1127.3	5.64609
1130.11	9.64987
1132.92	15.6536
1135.73	1.65726
1138.54	13.6609
1141.35	9.66444
1144.16	13.668
1146.97	5.67142
1149.78	3.67484
1152.58	-4.32179
1155.39	5.68153
1158.19	-2.3152
1161	13.688
1163.8	7.6912
1166.6	3.69433
1169.4	13.6974
1172.2	-6.29955
1174.99	15.7034
1177.79	5.7064
1180.59	-6.2907
1183.38	1.71217
1186.17	15.715
1188.97	3.71777
1191.76	5.7205
1194.55	7.7232
1197.34	3.72585
1200.13	1.72847
1202.92	27.731
1205.7	1.73358
1208.49	1.73608
1211.27	7.73854
1214.06	-4.25904
1216.84	-2.25666
1219.62	3.74569
1222.4	-4.252
1225.18	1.75028
1227.96	13.7525
1230.74	11.7547
1233.51	3.7569
1236.29	-2.24096
1239.06	9.76114
1241.84	-4.23678
1244.61	5.76526
1247.38	7.76727
1250.15	-0.230754
1252.92	-0.228806
1255.69	11.7731
1258.46	5.775
1261.23	7.77686
1263.99	5.77869
1266.76	3.78049
1269.52	11.7823
1272.28	5.78401
1275.05	-0.214266
1277.81	1.78743
1280.57	-0.210903
1283.33	5.79074
1286.08	13.7924
1288.84	17.794
1291.6	3.79552
1294.35	1.79707
1297.11	11.7986
1299.86	5.8001
1302.61	5.80158
1305.36	1.80303
1308.11	13.8045
1310.86	19.8059
1313.61	3.80728
1316.36	7.80866
1319.1	-4.18998
1321.85	-0.188642
1324.59	1.81268
1327.33	17.814
1330.08	-2.18473
1332.82	15.8165
1335.56	15.8178
1338.3	13.819
1341.04	9.82025
1343.77	3.82146
1346.51	-0.177352
1349.25	13.8238
1351.98	13.825
1354.71	15.8261
1357.45	23.8273
1360.18	5.82841
1362.91	5.82952
1365.64	-10.1694
1368.37	-0.16828
1371.09	9.8328
1373.82	5.83387
1376.54	-0.165063
1379.27	11.836
1381.99	3.83704
1384.72	9.83807
1387.44	5.8391
1390.16	3.84012
1392.88	-0.158861
1395.6	17.8421
1398.31	5.84315
1401.03	7.84415
1403.75	15.8451
1406.46	9.84613
1409.18	3.84711
1411.89	11.8481
1414.6	-0.150933
1417.31	5.85004
1420.02	9.85101
1422.73	5.85198
1425.44	15.8529
1428.15	15.8539
1430.85	17.8549
1433.56	-10.1442
1436.26	-0.143193
1438.97	9.85777
1441.67	5.85874
1444.37	-6.14029
1447.07	9.86068
1449.77	19.8616
1452.47	21.8626
1455.16	13.8636
1457.86	5.86458
1460.56	5.86557
1463.25	5.86655
1465.94	-4.13245
1468.64	1.86855
1471.33	15.8696
1474.02	-16.1294
1476.71	9.87158
1479.4	21.8726
1482.09	7.87363
1484.77	17.8747
1487.46	15.8757
1490.14	7.87678
1492.83	5.87784
1495.51	3.87891
1498.19	1.88
1500.87	19.8811
1503.55	3.88219
1506.23	11.8833
1508.91	-2.11557
1511.59	11.8856
1514.27	1.88672
1516.94	3.88788
1519.62	5.88906
1522.29	13.8902
1524.96	1.89145
1527.63	13.8927
1530.3	19.8939
1532.97	15.8951
1535.64	11.8964
1538.31	-0.102324
1540.98	19.899
1543.64	17.9003
1546.31	13.9016
1548.97	5.90295
1551.63	3.90431
1554.3	5.90569
1556.96	3.90708
1559.62	5.9085
1562.28	9.90993
1564.94	-10.0886
1567.59	15.9129
1570.25	23.9144
1572.9	21.9159
1575.56	9.91741
1578.21	13.919
1580.86	5.92055
1583.52	-0.0778518
1586.17	19.9238
1588.82	9.92542
1591.47	1.92709
1594.11	3.92879
1596.76	11.9305
1599.41	1.93225
1602.05	11.934
1604.69	7.93581
1607.34	13.9376
1609.98	13.9395
1612.62	15.9413
1615.26	-10.0568
1617.9	-2.05483
1620.54	9.94712
1623.18	-0.0508998
1625.81	5.95111
1628.45	13.9531
1631.08	19.9552
1633.72	3.95731
1636.35	1.95943
1638.98	7.96159
1641.61	7.96377
1644.24	5.96599
1646.87	5.96823
1649.5	5.97051
1652.13	7.97282
1654.75	5.97517
1657.38	-0.0224606
1660	11.9799
1662.63	9.98239
1665.25	-0.0151362
1667.87	-6.01263
1670.49	7.98991
1673.11	17.9925
1675.73	15.9951
1678.35	5.99775
1680.96	6.00043
1683.58	14.0032
1686.19	10.0059
1688.81	6.0087
1691.42	10.0115
1694.03	14.0144
1696.64	18.0173
1699.25	10.0202
1701.87	26.0232
1704.47	20.0262
1707.08	20.0293
1709.69	8.0324
1712.29	6.03554
1714.9	12.0387
1717.5	14.0419
1720.1	14.0452
1722.71	4.0485
1725.31	12.0518
1727.91	4.05522
1730.51	2.05865
1733.1	8.06211
1735.7	12.0656
1738.3	22.0692
1740.89	14.0728
1743.49	14.0764
1746.08	8.08011
1748.67	12.0838
1751.26	4.08761
1753.86	-1.90857
1756.45	8.0953
1759.03	12.0992
1761.62	12.1032
1764.21	6.10717
1766.8	12.1112
1769.38	0.115314
1771.97	-5.88054
1774.55	6.12365
1777.13	14.1279
1779.71	12.1322
1782.29	2.13652
1784.87	20.1409
1787.45	18.1453
1790.03	14.1498
1792.61	8.15436
1795.18	0.158945
1797.76	12.1636
1800.33	6.16827
1802.9	18.173
1805.48	14.1778
1808.05	6.18264
1810.62	20.1875
1813.19	12.1925
1815.76	8.19748
1818.33	12.2025
1820.89	12.2076
1823.46	8.21279
1826.02	6.218
1828.59	18.2233
1831.15	10.2286
1833.71	6.23397
1836.27	18.2394
1838.84	12.2449
1841.39	2.25043
1843.95	16.256
1846.51	16.2617
1849.07	6.26739
1851.62	32.2732
1854.18	22.279
1856.73	16.2849
1859.29	10.2908
1861.84	4.29681
1864.39	14.3029
1866.94	8.30899
1869.49	8.31516
1872.04	0.321396
1874.59	14.3277
1877.13	12.334
1879.68	20.3405
1882.22	-1.65307
1884.77	10.3535
1887.31	8.36006
1889.85	6.36673
1892.39	12.3734
1894.93	12.3802
1897.47	2.38707
1900.01	8.39398
1902.55	8.40095
1905.09	18.408
1907.62	4.41508
1910.16	2.42223
1912.69	14.4295
1915.22	-1.56326
1917.76	24.4441
1920.29	2.45151
1922.82	14.459
1925.35	6.46654
1927.88	14.4742
1930.4	10.4818
1932.93	6.48958
1935.46	10.4974
1937.98	16.5053
1940.51	10.5132
1943.03	0.521226
1945.55	12.5293
1948.07	2.53745
1950.59	-3.45434
1953.11	24.554
1955.63	12.5623
1958.15	6.57072
1960.67	16.5792
1963.18	20.5878
1965.7	10.5964
1968.21	4.6051
1970.73	12.6139
1973.24	12.6227
1975.75	14.6316
1978.26	0.640602
1980.77	-5.35035
1983.28	22.6588
1985.79	10.668
1988.29	14.6772
1990.8	12.6866
1993.31	-1.304
1995.81	-1.29451
1998.31	6.71504
