100.093	30.36
103.274	16.3478
106.457	20.3358
109.636	18.3242
112.817	26.313
115.994	14.302
119.172	28.2914
122.347	16.281
125.521	10.271
128.696	22.2613
131.868	18.252
135.039	8.24288
138.209	6.23412
141.379	26.2257
144.547	20.2175
147.713	6.20964
150.879	-3.79791
154.043	18.1948
157.206	16.1879
160.368	4.1812
163.529	4.17483
166.689	14.1687
169.848	18.1629
173.006	18.1574
176.163	8.15221
179.316	26.1473
182.471	-3.8574
185.625	14.1382
188.777	20.1341
191.927	20.1303
195.077	0.126711
198.224	14.1234
201.372	0.120401
204.52	20.1176
207.664	0.115159
210.809	6.11293
213.95	10.111
217.091	2.10927
220.233	22.1078
223.372	6.10663
226.509	2.1057
229.648	18.105
232.784	16.1046
235.918	4.1044
239.051	26.1045
242.186	12.1048
245.317	18.1053
248.447	-5.89389
251.577	-9.89286
254.705	30.1084
257.832	8.10992
260.958	0.111655
264.083	24.1136
267.204	16.1158
270.327	12.1183
273.449	-1.87909
276.57	-3.87621
279.69	24.1269
282.806	12.1302
285.924	4.13377
289.04	22.1375
292.154	4.14151
295.268	20.1457
298.379	14.1501
301.492	6.15473
304.601	12.1596
307.711	2.16459
310.818	14.1698
313.924	4.17526
317.031	16.1809
320.135	14.1868
323.238	12.1928
326.34	0.199029
329.443	4.20547
332.543	12.2121
335.642	-13.7811
338.74	14.2259
341.836	8.23311
344.932	30.2405
348.027	-1.75194
351.12	20.2558
354.213	18.2637
357.302	10.2718
360.393	16.2801
363.482	-3.7114
366.57	14.2972
369.656	8.30604
372.742	10.315
375.827	0.324177
378.91	10.3335
381.993	22.343
385.073	0.352621
388.154	6.36243
391.232	4.3724
394.311	6.38254
397.387	14.3928
400.462	2.40326
403.536	12.4139
406.611	24.4246
409.683	-1.56449
412.754	4.44656
415.824	16.4578
418.893	2.4691
421.961	-1.51941
425.027	2.49222
428.093	8.50399
431.158	10.5159
434.222	32.528
437.284	10.5401
440.346	24.5525
443.407	0.564912
446.464	8.57749
449.523	8.59021
452.581	14.603
455.635	-5.38399
458.691	8.62911
461.743	0.64232
464.797	8.65566
467.847	24.6691
470.899	10.6827
473.947	22.6964
476.994	2.71019
480.043	10.7241
483.088	6.73815
486.133	16.7523
489.176	4.76655
492.22	6.78092
495.262	-1.20461
498.302	4.80996
501.341	10.8246
504.38	-1.16059
507.417	8.85429
510.453	20.8693
513.487	2.88433
516.521	2.8995
519.554	14.9148
522.586	2.93012
525.616	0.945553
528.646	14.9611
531.675	4.97671
534.701	2.99241
537.729	-0.991793
540.753	19.0241
543.778	-2.95996
546.8	11.0561
549.821	3.07218
552.844	5.08837
555.863	3.10464
558.881	19.121
561.898	-0.862617
564.916	3.15387
567.932	-4.82957
570.946	7.18705
573.959	13.2037
576.971	11.2205
579.982	11.2373
582.993	5.25418
586	15.2711
589.008	15.2881
592.015	13.3052
595.022	1.32229
598.025	7.33945
601.029	9.35667
604.032	-4.62605
607.033	17.3913
610.034	9.40864
613.032	1.42606
616.032	17.4435
619.028	11.461
622.023	17.4786
625.018	1.49618
628.013	19.5138
631.005	11.5315
633.997	-2.45079
636.987	3.56696
639.977	-8.41526
642.965	-0.397442
645.952	3.62041
648.939	13.6383
651.924	15.6562
654.909	1.67414
657.892	3.69211
660.873	-2.28991
663.854	21.7281
666.835	-2.25386
669.813	15.7642
672.791	-10.2177
675.767	19.8004
678.743	-8.18152
681.717	17.8366
684.692	15.8547
687.664	-2.12711
690.634	25.8911
693.606	17.9092
696.575	5.92742
699.543	15.9456
702.51	5.9638
705.475	25.982
708.44	-1.9998
711.404	14.0184
714.367	0.0366167
717.329	2.05482
720.29	12.073
723.25	4.09123
726.207	12.1094
729.166	16.1276
732.123	2.1458
735.077	30.164
738.032	-1.81787
740.984	14.2003
743.938	8.21842
746.888	12.2365
749.839	14.2547
752.788	6.27275
755.735	14.2908
758.682	20.3089
761.627	14.3269
764.574	12.3449
767.517	6.36292
770.46	4.38089
773.402	16.3988
776.342	16.4167
779.282	6.43463
782.219	6.45248
785.157	10.4703
788.094	0.488105
791.029	18.5059
793.962	8.52359
796.896	8.54128
799.828	4.55893
802.76	12.5766
805.689	8.59412
808.619	8.61167
811.546	16.6292
814.473	8.6466
817.4	4.66402
820.324	16.6814
823.248	20.6987
826.17	30.716
829.092	16.7332
832.012	2.75033
834.932	14.7674
837.851	28.7845
840.768	12.8015
843.685	12.8185
846.599	12.8353
849.514	18.8522
852.428	12.869
855.339	14.8857
858.251	18.9023
861.16	10.9189
864.07	-1.06454
866.978	18.9519
869.884	28.9683
872.792	8.98465
875.696	17.0009
878.599	9.01709
881.502	5.03321
884.404	25.0493
887.304	13.0652
890.204	9.08113
893.103	5.09696
896.001	15.1127
898.898	3.12838
901.794	15.144
904.689	19.1595
907.581	9.1749
910.474	17.1903
913.364	1.20551
916.256	17.2207
919.144	-2.76423
922.034	5.25078
924.92	13.2657
927.808	13.2805
930.693	1.29526
933.576	9.3099
936.459	9.32444
939.341	19.3389
942.222	1.35326
945.102	15.3675
947.981	13.3817
950.859	17.3958
953.737	5.40973
956.613	19.4236
959.488	11.4374
962.361	7.45102
965.235	15.4646
968.105	13.478
970.977	-6.50862
973.846	1.50462
976.716	9.51776
979.583	17.5308
982.449	5.54368
985.316	19.5565
988.18	7.56917
991.043	15.5817
993.906	19.5942
996.767	-4.39346
999.628	19.6188
1002.49	-2.36913
1005.35	21.6429
1008.2	19.6547
1011.06	9.66646
1013.91	15.6781
1016.77	17.6896
1019.62	7.70095
1022.48	-2.28779
1025.33	21.7233
1028.18	7.73432
1031.03	19.7452
1033.87	-0.244085
1036.72	9.76652
1039.57	11.777
1042.41	11.7873
1045.26	15.7975
1048.1	15.8076
1050.94	21.8175
1053.78	1.82733
1056.62	15.837
1059.46	3.84651
1062.3	7.85589
1065.14	7.86512
1067.97	15.8742
1070.81	-0.116831
1073.64	11.892
1076.47	11.9006
1079.31	7.90916
1082.14	7.91752
1084.97	7.92575
1087.8	15.9338
1090.63	13.9417
1093.45	11.9495
1096.28	25.9571
1099.1	11.9646
1101.93	13.9719
1104.75	9.97905
1107.57	11.986
1110.39	17.9929
1113.21	3.99956
1116.03	12.0061
1118.85	-3.98755
1121.66	0.0186524
1124.48	20.0247
1127.3	20.0306
1130.11	6.03628
1132.92	22.0418
1135.73	14.0472
1138.54	6.05242
1141.35	-1.94253
1144.16	0.0623493
1146.97	16.0671
1149.78	12.0716
1152.58	20.076
1155.39	8.08015
1158.19	20.0842
1161	12.088
1163.8	8.09168
1166.6	10.0952
1169.4	20.0985
1172.2	8.10163
1174.99	16.1046
1177.79	4.10736
1180.59	-3.89004
1183.38	28.1124
1186.17	14.1146
1188.97	4.11665
1191.76	16.1185
1194.55	12.1202
1197.34	-7.87831
1200.13	6.12299
1202.92	14.1241
1205.7	20.125
1208.49	4.12577
1211.27	12.1263
1214.06	6.12666
1216.84	10.1268
1219.62	4.12679
1222.4	6.12656
1225.18	-1.87386
1227.96	10.1255
1230.74	16.1247
1233.51	14.1237
1236.29	10.1225
1239.06	-3.87895
1241.84	12.1194
1244.61	12.1176
1247.38	6.1156
1250.15	26.1134
1252.92	16.1109
1255.69	10.1083
1258.46	2.10547
1261.23	12.1024
1263.99	18.0992
1266.76	8.09571
1269.52	6.09204
1272.28	12.0882
1275.05	-1.91594
1277.81	2.07976
1280.57	12.0752
1283.33	4.0705
1286.08	0.0655578
1288.84	28.0604
1291.6	-1.94498
1294.35	16.0494
1297.11	0.0436085
1299.86	2.03757
1302.61	14.0313
1305.36	4.02485
1308.11	16.0182
1310.86	20.0112
1313.61	12.0041
1316.36	17.9967
1319.1	11.9892
1321.85	13.9813
1324.59	9.9733
1327.33	7.96504
1330.08	33.9565
1332.82	15.9478
1335.56	-10.0611
1338.3	9.92969
1341.04	3.92028
1343.77	19.9106
1346.51	11.9008
1349.25	15.8906
1351.98	3.88031
1354.71	17.8697
1357.45	1.85891
1360.18	11.8479
1362.91	9.83657
1365.64	21.825
1368.37	7.81327
1371.09	7.80127
1373.82	19.789
1376.54	17.7765
1379.27	-4.23619
1381.99	17.7508
1384.72	17.7376
1387.44	7.72416
1390.16	9.71045
1392.88	-6.30349
1395.6	5.6823
1398.31	19.6679
1401.03	3.65317
1403.75	-8.36177
1406.46	15.623
1409.18	-2.39241
1411.89	-0.4081
1414.6	21.576
1417.31	7.55977
1420.02	13.5433
1422.73	11.5266
1425.44	21.5096
1428.15	21.4924
1430.85	-0.525041
1433.56	15.4572
1436.26	-2.56076
1438.97	7.421
1441.67	21.4025
1444.37	-0.616259
1447.07	-0.635282
1449.77	19.3454
1452.47	11.3259
1455.16	7.30607
1457.86	19.286
1460.56	7.26566
1463.25	23.245
1465.94	7.22419
1468.64	11.203
1471.33	7.18165
1474.02	7.15997
1476.71	-8.86196
1479.4	17.1158
1482.09	15.0933
1484.77	23.0706
1487.46	9.04758
1490.14	27.0243
1492.83	9.00072
1495.51	2.97689
1498.19	8.95277
1500.87	14.9284
1503.55	2.90373
1506.23	-1.12122
1508.91	2.85358
1511.59	22.8281
1514.27	2.80231
1516.94	24.7763
1519.62	-1.25008
1522.29	0.723318
1524.96	4.69643
1527.63	8.66926
1530.3	2.64181
1532.97	0.614067
1535.64	10.586
1538.31	18.5577
1540.98	10.5292
1543.64	-3.49972
1546.31	10.4711
1548.97	8.44167
1551.63	0.411943
1554.3	14.3819
1556.96	16.3516
1559.62	20.321
1562.28	6.29011
1564.94	4.25893
1567.59	8.22746
1570.25	16.1957
1572.9	-3.83637
1575.56	10.1313
1578.21	12.0986
1580.86	2.0657
1583.52	6.03245
1586.17	17.9989
1588.82	7.96509
1591.47	11.931
1594.11	9.89656
1596.76	5.86185
1599.41	19.8268
1602.05	21.7915
1604.69	13.7559
1607.34	7.71998
1609.98	-0.316247
1612.62	3.64723
1615.26	17.6104
1617.9	13.5733
1620.54	7.53584
1623.18	25.4981
1625.81	13.4601
1628.45	13.4217
1631.08	-0.616924
1633.72	9.34412
1636.35	-4.69514
1638.98	23.2653
1641.61	13.2254
1644.24	19.1852
1646.87	21.1447
1649.5	7.10388
1652.13	7.06277
1654.75	3.02133
1657.38	8.97959
1660	4.93752
1662.63	0.895157
1665.25	2.85245
1667.87	16.8095
1670.49	10.7661
1673.11	0.722517
1675.73	10.6786
1678.35	8.6343
1680.96	6.58972
1683.58	16.5448
1686.19	6.49961
1688.81	6.45407
1691.42	2.40823
1694.03	24.362
1696.64	10.3156
1699.25	-1.73125
1701.87	10.2216
1704.47	10.1741
1707.08	-3.87365
1709.69	0.0782395
1712.29	4.0298
1714.9	15.981
1717.5	-4.06801
1720.1	3.88258
1722.71	17.8328
1725.31	-2.21721
1727.91	15.7324
1730.51	11.6817
1733.1	-10.3693
1735.7	9.57926
1738.3	29.5276
1740.89	5.47554
1743.49	9.42318
1746.08	19.3705
1748.67	11.3175
1751.26	13.2641
1753.86	19.2104
1756.45	7.15641
1759.03	-0.89792
1761.62	13.0474
1764.21	8.99237
1766.8	10.937
1769.38	4.88134
1771.97	2.82528
1774.55	6.76892
1777.13	10.7122
1779.71	4.65518
1782.29	6.59784
1784.87	4.54011
1787.45	16.482
1790.03	18.4237
1792.61	12.3649
1795.18	18.3059
1797.76	16.2464
1800.33	4.18669
1802.9	12.1266
1805.48	4.06616
1808.05	-3.99462
1810.62	13.9443
1813.19	3.88278
1815.76	-6.17904
1818.33	-2.24122
1820.89	13.6963
1823.46	9.63344
1826.02	1.57022
1828.59	-4.49331
1831.15	13.4428
1833.71	11.3785
1836.27	17.314
1838.84	13.249
1841.39	-0.816253
1843.95	21.1181
1846.51	7.05212
1849.07	8.98582
1851.62	6.91912
1854.18	-1.14794
1856.73	12.7847
1859.29	10.7169
1861.84	10.6488
1864.39	12.5804
1866.94	2.51157
1869.49	6.44242
1872.04	-3.62709
1874.59	4.30304
1877.13	-3.76718
1879.68	0.162276
1882.22	-1.90867
1884.77	6.02002
1887.31	9.9484
1889.85	5.87636
1892.39	5.80402
1894.93	-0.268689
1897.47	11.6582
1900.01	17.5848
1902.55	-0.489045
1905.09	-0.563209
1907.62	-0.637736
1910.16	-0.712579
1912.69	13.2122
1915.22	-0.863466
1917.76	7.06059
1920.29	16.9842
1922.82	10.9076
1925.35	12.8305
1927.88	8.75305
1930.4	-1.32474
1932.93	14.5971
1935.46	10.5186
1937.98	4.4397
1940.51	4.36044
1943.03	8.28081
1945.55	14.2009
1948.07	16.1205
1950.59	8.03978
1953.11	-0.0413406
1955.63	3.87722
1958.15	9.7954
1960.67	-0.286785
1963.18	1.63065
1965.7	1.54771
1968.21	3.4644
1970.73	11.3807
1973.24	-6.70336
1975.75	3.21226
1978.26	5.12744
1980.77	13.0423
1983.28	0.956721
1985.79	2.87083
1988.29	0.784551
1990.8	4.69784
1993.31	-11.3892
1995.81	0.523388
1998.31	2.43566
