100.093	18.6904
103.274	30.6316
106.457	16.5733
109.636	30.5155
112.817	24.4582
115.994	26.4015
119.172	16.3452
122.347	16.2895
125.521	20.2342
128.696	12.1795
131.868	20.1253
135.039	34.0716
138.209	28.0183
141.379	19.9656
144.547	11.9133
147.713	1.86159
150.879	9.81033
154.043	11.7596
157.206	21.7093
160.368	21.6595
163.529	31.6101
166.689	13.5613
169.848	3.51292
173.006	15.465
176.163	5.41759
179.316	19.3707
182.471	19.3242
185.625	7.27814
188.777	7.23257
191.927	-2.81251
195.077	3.14285
198.224	17.0987
201.372	17.0549
204.52	11.0117
207.664	16.9688
210.809	10.9265
213.95	6.88454
217.091	28.8431
220.233	-1.19799
223.372	24.7614
226.509	2.72126
229.648	2.68151
232.784	16.6422
235.918	16.6034
239.051	8.56493
242.186	14.5269
245.317	-3.51068
248.447	-1.54784
251.577	28.4154
254.705	22.3791
257.832	12.3432
260.958	10.3077
264.083	14.2726
267.204	12.238
270.327	14.2037
273.449	6.16989
276.57	14.1364
279.69	22.1034
282.806	16.0708
285.924	16.0385
289.04	6.00667
292.154	17.9752
295.268	9.94416
298.379	19.9135
301.492	11.8832
304.601	1.85333
307.711	13.8238
310.818	5.7947
313.924	15.766
317.031	29.7376
320.135	7.70959
323.238	3.68198
326.34	1.65475
329.443	-0.372141
332.543	15.6014
335.642	23.5752
338.74	3.54945
341.836	1.52405
344.932	11.499
348.027	15.4743
351.12	5.44997
354.213	23.426
357.302	7.40238
360.393	-6.62089
363.482	7.35618
366.57	-0.666401
369.656	9.31138
372.742	-4.71052
375.827	7.26793
378.91	9.24673
381.993	1.22586
385.073	-8.79467
388.154	13.1851
391.232	13.1653
394.311	11.1457
397.387	15.1265
400.462	7.10763
403.536	13.0891
406.611	3.07083
409.683	13.0529
412.754	17.0353
415.824	5.01804
418.893	11.0011
421.961	8.98442
425.027	14.9681
428.093	2.95205
431.158	6.93633
434.222	10.9209
437.284	10.9058
440.346	-3.10902
443.407	4.87646
446.464	2.86225
449.523	16.8483
452.581	10.8347
455.635	16.8214
458.691	8.80834
461.743	10.7956
464.797	-11.2169
467.847	8.77096
470.899	6.75906
473.947	0.747449
476.994	10.7361
480.043	10.7251
483.088	2.71429
486.133	12.7038
489.176	12.6936
492.22	18.6836
495.262	4.67391
498.302	6.66449
501.341	14.6553
504.38	10.6465
507.417	20.6378
510.453	4.62946
513.487	6.62135
516.521	6.6135
519.554	6.6059
522.586	8.59856
525.616	16.5915
528.646	10.5846
531.675	10.578
534.701	10.5717
537.729	8.56559
540.753	6.55974
543.778	2.55412
546.8	8.54875
549.821	6.54361
552.844	10.5387
555.863	12.534
558.881	10.5296
561.898	-1.47459
564.916	8.52143
567.932	2.51769
570.946	6.51417
573.959	2.51087
576.971	2.5078
579.982	14.5049
582.993	-1.49768
586	6.49991
589.008	8.49771
592.015	10.4957
595.022	0.493951
598.025	16.4924
601.029	-5.50896
604.032	14.4899
607.033	-1.51104
610.034	4.48823
613.032	-7.5123
616.032	2.48737
619.028	2.48724
622.023	-5.51269
625.018	6.48757
628.013	4.48803
631.005	14.4887
633.997	10.4895
636.987	-3.50944
639.977	8.49178
642.965	-3.50682
645.952	2.49478
648.939	6.49655
651.924	-3.50149
654.909	4.50065
657.892	-1.49704
660.873	8.50545
663.854	-5.49188
666.835	6.51096
669.813	0.513972
672.791	18.5172
675.767	4.52051
678.743	6.52403
681.717	-1.47229
684.692	16.5316
687.664	-9.46443
690.634	2.53974
693.606	10.5441
696.575	10.5486
699.543	22.5532
702.51	10.558
705.475	10.563
708.44	8.56807
711.404	-1.42667
714.367	-3.42126
717.329	4.58429
720.29	2.58999
723.25	4.59583
726.207	8.60181
729.166	6.60794
732.123	4.6142
735.077	16.6206
738.032	0.627141
740.984	12.6338
743.938	12.6406
746.888	14.6476
749.839	2.65463
752.788	16.6618
755.735	10.6692
758.682	12.6766
761.627	10.6842
764.574	6.69188
767.517	12.6997
770.46	8.70764
773.402	4.7157
776.342	20.7239
779.282	2.73216
782.219	6.74056
785.157	20.7491
788.094	0.757711
791.029	-5.23355
793.962	8.77529
796.896	22.7842
799.828	12.7933
802.76	22.8025
805.689	8.81173
808.619	8.8211
811.546	10.8306
814.473	12.8401
817.4	2.84979
820.324	2.85954
823.248	4.86939
826.17	16.8793
829.092	10.8894
832.012	8.89948
834.932	8.90969
837.851	18.92
840.768	6.93037
843.685	8.94084
846.599	26.9514
849.514	0.962014
852.428	6.97272
855.339	6.98351
858.251	12.9944
861.16	7.00531
864.07	7.01633
866.978	15.0274
869.884	3.03857
872.792	15.0498
875.696	23.0611
878.599	1.07245
881.502	9.08388
884.404	23.0954
887.304	7.10693
890.204	3.11855
893.103	11.1302
896.001	9.14197
898.898	7.15376
901.794	9.16562
904.689	1.17753
907.581	1.18948
910.474	7.2015
913.364	5.21356
916.256	-0.774327
919.144	3.23783
922.034	5.25004
924.92	-0.737705
927.808	23.2746
930.693	7.28694
933.576	9.29932
936.459	-2.68826
939.341	27.3242
942.222	11.3367
945.102	9.34924
947.981	-2.63819
950.859	11.3744
953.737	-0.612942
956.613	7.39973
959.488	1.41243
962.361	3.42515
965.235	3.43791
968.105	-6.54931
970.977	3.4635
973.846	7.47632
976.716	11.4892
979.583	13.502
982.449	7.51494
985.316	5.52786
988.18	-2.45922
991.043	-2.44628
993.906	15.5667
996.767	9.57965
999.628	19.5926
1002.49	5.60563
1005.35	9.61864
1008.2	9.63165
1011.06	11.6447
1013.91	7.65769
1016.77	3.67073
1019.62	1.68375
1022.48	5.69679
1025.33	25.7098
1028.18	1.72287
1031.03	15.7359
1033.87	21.7489
1036.72	7.76196
1039.57	11.775
1042.41	15.788
1045.26	1.801
1048.1	9.814
1050.94	5.82699
1053.78	3.83997
1056.62	19.8529
1059.46	-0.13411
1062.3	7.87883
1065.14	19.8917
1067.97	13.9047
1070.81	1.91753
1073.64	17.9304
1076.47	3.94324
1079.31	5.95607
1082.14	3.96886
1084.97	11.9816
1087.8	11.9944
1090.63	8.00711
1093.45	0.0198081
1096.28	12.0325
1099.1	12.0451
1101.93	8.05771
1104.75	6.07029
1107.57	18.0828
1110.39	26.0953
1113.21	6.10779
1116.03	6.12022
1118.85	14.1326
1121.66	10.145
1124.48	14.1573
1127.3	6.16955
1130.11	6.18178
1132.92	8.19396
1135.73	16.2061
1138.54	8.21818
1141.35	16.2302
1144.16	12.2422
1146.97	14.2542
1149.78	4.26607
1152.58	-7.72209
1155.39	4.2897
1158.19	4.30143
1161	8.31312
1163.8	4.32474
1166.6	4.33631
1169.4	24.3478
1172.2	6.35926
1174.99	6.37066
1177.79	22.382
1180.59	16.3932
1183.38	4.40444
1186.17	0.415576
1188.97	8.42664
1191.76	0.437643
1194.55	4.44858
1197.34	-3.54056
1200.13	10.4702
1202.92	20.481
1205.7	-1.5084
1208.49	18.5022
1211.27	16.5127
1214.06	12.5231
1216.84	2.53344
1219.62	6.54371
1222.4	14.5539
1225.18	12.564
1227.96	26.574
1230.74	2.58399
1233.51	12.5938
1236.29	22.6036
1239.06	8.61332
1241.84	2.62293
1244.61	16.6324
1247.38	16.6419
1250.15	-3.34878
1252.92	0.66047
1255.69	12.6696
1258.46	20.6787
1261.23	12.6877
1263.99	14.6965
1266.76	14.7053
1269.52	8.71402
1272.28	-5.27739
1275.05	-11.2689
1277.81	8.73949
1280.57	10.7478
1283.33	0.755967
1286.08	2.76405
1288.84	8.77203
1291.6	14.7799
1294.35	10.7877
1297.11	12.7953
1299.86	6.8029
1302.61	2.81035
1305.36	14.8177
1308.11	2.82492
1310.86	16.832
1313.61	12.839
1316.36	-1.15407
1319.1	24.8527
1321.85	6.85936
1324.59	10.8659
1327.33	22.8723
1330.08	20.8786
1332.82	18.8848
1335.56	18.8909
1338.3	6.89685
1341.04	2.90267
1343.77	-1.09163
1346.51	6.91394
1349.25	6.9194
1351.98	10.9247
1354.71	18.9299
1357.45	2.93499
1360.18	4.93993
1362.91	8.94475
1365.64	8.94943
1368.37	2.95398
1371.09	24.9584
1373.82	18.9627
1376.54	10.9668
1379.27	6.97084
1381.99	22.9747
1384.72	-7.02155
1387.44	26.9821
1390.16	-5.01449
1392.88	12.9888
1395.6	10.992
1398.31	16.9951
1401.03	24.9979
1403.75	11.0007
1406.46	3.00331
1409.18	21.0058
1411.89	7.00809
1414.6	7.01026
1417.31	17.0123
1420.02	9.01415
1422.73	17.0159
1425.44	15.0174
1428.15	3.01885
1430.85	13.0201
1433.56	-4.97877
1436.26	11.0222
1438.97	13.023
1441.67	13.0236
1444.37	1.02413
1447.07	13.0245
1449.77	11.0246
1452.47	23.0246
1455.16	13.0245
1457.86	15.0242
1460.56	3.02371
1463.25	15.0231
1465.94	15.0223
1468.64	13.0213
1471.33	19.0202
1474.02	9.01889
1476.71	3.01742
1479.4	1.01579
1482.09	3.01399
1484.77	9.01202
1487.46	7.00988
1490.14	23.0076
1492.83	3.00508
1495.51	5.00242
1498.19	20.9996
1500.87	12.9966
1503.55	14.9934
1506.23	2.99003
1508.91	6.98649
1511.59	-5.01723
1514.27	2.97888
1516.94	8.9748
1519.62	6.97054
1522.29	0.966104
1524.96	28.9615
1527.63	12.9567
1530.3	12.9517
1532.97	6.94652
1535.64	8.94116
1538.31	18.9356
1540.98	6.92988
1543.64	18.924
1546.31	-5.08215
1548.97	12.9116
1551.63	14.9051
1554.3	18.8984
1556.96	8.89151
1559.62	12.8844
1562.28	-3.12281
1564.94	-5.13027
1567.59	0.862086
1570.25	8.85424
1572.9	0.846198
1575.56	4.83796
1578.21	10.8295
1580.86	14.8209
1583.52	2.81205
1586.17	2.80301
1588.82	14.7938
1591.47	0.784334
1594.11	10.7747
1596.76	12.7648
1599.41	24.7548
1602.05	6.74454
1604.69	-1.26592
1607.34	-1.27659
1609.98	12.7125
1612.62	16.7014
1615.26	14.6901
1617.9	0.678651
1620.54	12.6669
1623.18	20.655
1625.81	24.6429
1628.45	2.63052
1631.08	20.618
1633.72	16.6052
1636.35	8.5922
1638.98	-7.42101
1641.61	16.5656
1644.24	12.5519
1646.87	6.53806
1649.5	0.523984
1652.13	2.50969
1654.75	6.49517
1657.38	0.480442
1660	-1.53452
1662.63	18.4503
1665.25	18.4349
1667.87	8.41927
1670.49	2.40342
1673.11	8.38734
1675.73	14.371
1678.35	-7.64549
1680.96	-7.66225
1683.58	12.3208
1686.19	10.3036
1688.81	18.2861
1691.42	16.2685
1694.03	0.25055
1696.64	2.23242
1699.25	20.2141
1701.87	12.1955
1704.47	0.17663
1707.08	6.15757
1709.69	6.13827
1712.29	4.11873
1714.9	14.099
1717.5	10.079
1720.1	24.0587
1722.71	10.0382
1725.31	16.0175
1727.91	7.99655
1730.51	7.97536
1733.1	-8.04607
1735.7	11.9322
1738.3	17.9103
1740.89	11.8881
1743.49	15.8657
1746.08	1.84308
1748.67	-0.179821
1751.26	7.79705
1753.86	3.77365
1756.45	1.75001
1759.03	7.72614
1761.62	9.702
1764.21	19.6776
1766.8	21.653
1769.38	9.62812
1771.97	15.603
1774.55	3.5776
1777.13	5.55197
1779.71	13.5261
1782.29	5.49996
1784.87	7.47356
1787.45	5.44691
1790.03	9.42002
1792.61	19.3929
1795.18	9.36545
1797.76	3.33777
1800.33	9.30985
1802.9	15.2817
1805.48	-4.74677
1808.05	5.22453
1810.62	-4.80444
1813.19	1.16634
1815.76	11.1369
1818.33	3.1071
1820.89	3.07709
1823.46	15.0468
1826.02	9.01628
1828.59	24.9855
1831.15	8.95443
1833.71	4.92309
1836.27	4.8915
1838.84	8.85964
1841.39	6.82751
1843.95	20.7951
1846.51	8.76245
1849.07	8.72953
1851.62	26.6963
1854.18	14.6628
1856.73	6.62911
1859.29	8.59508
1861.84	2.5608
1864.39	8.52625
1866.94	6.4914
1869.49	16.4563
1872.04	10.4209
1874.59	-5.61473
1877.13	4.34933
1879.68	2.31315
1882.22	6.27666
1884.77	2.23989
1887.31	6.20287
1889.85	-5.83446
1892.39	12.128
1894.93	14.0901
1897.47	12.0519
1900.01	16.0135
1902.55	15.9748
1905.09	-4.06421
1907.62	19.8965
1910.16	13.857
1912.69	-2.18288
1915.22	11.777
1917.76	-0.263406
1920.29	17.6959
1922.82	23.6549
1925.35	13.6136
1927.88	-0.427915
1930.4	17.5303
1932.93	1.48813
1935.46	3.44571
1937.98	9.403
1940.51	7.36001
1943.03	7.31672
1945.55	9.27317
1948.07	19.2293
1950.59	5.18515
1953.11	5.14069
1955.63	9.09596
1958.15	-4.94906
1960.67	9.00562
1963.18	18.96
1965.7	4.91409
1968.21	12.8679
1970.73	14.8214
1973.24	14.7746
1975.75	18.7275
1978.26	12.6801
1980.77	14.6324
1983.28	4.58442
1985.79	10.5361
1988.29	10.4876
1990.8	4.43866
1993.31	22.3895
1995.81	12.34
1998.31	12.2902
