100.093	8.11329
103.274	-5.85388
106.457	24.1782
109.636	0.20941
112.817	14.2399
115.994	2.26956
119.172	10.2985
122.347	12.3266
125.521	20.3539
128.696	10.3806
131.868	2.40638
135.039	20.4314
138.209	0.455762
141.379	6.47934
144.547	2.50217
147.713	2.52425
150.879	0.545595
154.043	6.56621
157.206	12.5861
160.368	0.605254
163.529	-3.3763
166.689	12.6414
169.848	34.6584
173.006	-11.3253
176.163	0.690341
179.316	10.7052
182.471	2.71944
185.625	10.733
188.777	6.74578
191.927	12.7579
195.077	0.769379
198.224	10.7802
201.372	20.7903
204.52	6.79972
207.664	10.8085
210.809	10.8166
213.95	-3.17591
217.091	16.8309
220.233	16.8371
223.372	12.8426
226.509	8.84748
229.648	10.8517
232.784	28.8553
235.918	8.85833
239.051	0.860694
242.186	2.86244
245.317	2.86356
248.447	8.86408
251.577	26.864
254.705	16.8633
257.832	14.862
260.958	8.86009
264.083	30.8576
267.204	16.8545
270.327	16.8509
273.449	8.84661
276.57	28.8418
279.69	20.8364
282.806	6.83042
285.924	2.82389
289.04	14.8168
292.154	0.80914
295.268	4.80093
298.379	28.7922
301.492	14.7829
304.601	26.773
307.711	10.7626
310.818	38.7517
313.924	10.7402
317.031	18.7282
320.135	6.71573
323.238	10.7027
326.34	28.6892
329.443	0.67508
332.543	24.6605
335.642	0.645427
338.74	18.6298
341.836	16.6138
344.932	2.59718
348.027	-3.41989
351.12	-1.43744
354.213	20.5445
357.302	8.526
360.393	0.507001
363.482	28.4875
366.57	0.46758
369.656	2.44718
372.742	14.4263
375.827	22.405
378.91	-3.61681
381.993	2.36095
385.073	12.3383
388.154	4.31514
391.232	26.2916
394.311	4.26755
397.387	2.24312
400.462	10.2183
403.536	2.19296
406.611	12.1672
409.683	-1.85892
412.754	14.1145
415.824	18.0876
418.893	16.0602
421.961	14.0324
425.027	0.00420499
428.093	5.97562
431.158	27.9466
434.222	15.9173
437.284	17.8875
440.346	9.85734
443.407	1.8268
446.464	11.7959
449.523	9.76462
452.581	1.73296
455.635	19.701
458.691	19.6686
461.743	1.63582
464.797	-2.3973
467.847	21.5693
470.899	11.5354
473.947	-0.498716
476.994	5.46679
480.043	7.43193
483.088	29.3968
486.133	17.3612
489.176	23.3254
492.22	7.28922
495.262	21.2527
498.302	-6.78409
501.341	9.17877
504.38	5.14133
507.417	3.10357
510.453	31.0655
513.487	-2.97285
516.521	2.98847
519.554	8.9495
522.586	14.9102
525.616	8.87069
528.646	-11.1692
531.675	4.7907
534.701	20.7503
537.729	-1.29039
540.753	16.6687
543.778	10.6274
546.8	20.5859
549.821	6.54416
552.844	-3.49789
555.863	-1.54017
558.881	2.4173
561.898	18.3745
564.916	-1.66857
567.932	18.2881
570.946	0.244613
573.959	14.2008
576.971	22.1568
579.982	-1.88742
582.993	4.0681
586	12.0234
589.008	-2.02151
592.015	15.9333
595.022	-6.11204
598.025	5.8424
601.029	13.7966
604.032	17.7506
607.033	15.7044
610.034	15.658
613.032	13.6114
616.032	5.56456
619.028	11.5176
622.023	13.4704
625.018	19.423
628.013	3.37544
631.005	-0.672289
633.997	33.2798
636.987	15.2317
639.977	5.18344
642.965	-0.864988
645.952	-0.913589
648.939	3.03765
651.924	10.9887
654.909	-9.06037
657.892	22.8904
660.873	14.841
663.854	10.7915
666.835	8.7418
669.813	10.692
672.791	18.642
675.767	10.5919
678.743	6.5417
681.717	-3.50864
684.692	8.44085
687.664	0.390248
690.634	10.3395
693.606	26.2886
696.575	14.2377
699.543	-3.81339
702.51	24.1354
705.475	8.08413
708.44	14.0327
711.404	13.9812
714.367	-6.07038
717.329	15.8779
720.29	9.82612
723.25	11.7742
726.207	13.7223
729.166	3.67022
732.123	13.6181
735.077	11.5659
738.032	5.51358
740.984	-2.53876
743.938	7.40879
746.888	11.3563
749.839	7.30372
752.788	31.2511
755.735	27.1984
758.682	-2.85431
761.627	-0.907094
764.574	7.04003
767.517	18.9871
770.46	8.9342
773.402	4.88122
776.342	6.8282
779.282	12.7751
782.219	0.72207
785.157	12.6689
788.094	6.61578
791.029	2.56259
793.962	18.5094
796.896	6.45617
799.828	8.40295
802.76	2.34967
805.689	22.2964
808.619	8.24312
811.546	20.1898
814.473	4.13656
817.4	4.08324
820.324	4.02995
823.248	15.9767
826.17	15.9234
829.092	15.8701
832.012	3.81685
834.932	5.7636
837.851	9.71036
840.768	25.6571
843.685	15.6039
846.599	17.5508
849.514	19.4976
852.428	3.44452
855.339	1.39146
858.251	9.3384
861.16	11.2854
864.07	9.23242
866.978	13.1795
869.884	13.1266
872.792	-0.926224
875.696	-0.979
878.599	-1.03173
881.502	18.9156
884.404	14.863
887.304	22.8104
890.204	10.7579
893.103	2.7055
896.001	16.6531
898.898	18.6008
901.794	16.5486
904.689	6.49644
907.581	-1.5556
910.474	-3.6076
913.364	4.34051
916.256	30.2887
919.144	0.236953
922.034	-3.81471
924.92	12.1338
927.808	10.0823
930.693	16.0309
933.576	3.97967
936.459	13.9285
939.341	1.87747
942.222	5.82652
945.102	-18.2243
947.981	13.725
950.859	1.67435
953.737	9.62385
956.613	7.57347
959.488	9.5232
962.361	15.4731
965.235	1.42308
968.105	15.3732
970.977	13.3235
973.846	9.27387
976.716	23.2244
979.583	13.1751
982.449	3.12587
985.316	7.07679
988.18	21.0279
991.043	10.9791
993.906	4.93052
996.767	6.88206
999.628	4.83376
1002.49	4.78561
1005.35	2.73761
1008.2	12.6898
1011.06	22.6421
1013.91	14.5946
1016.77	6.54729
1019.62	4.50015
1022.48	4.45315
1025.33	2.40635
1028.18	4.35969
1031.03	22.3133
1033.87	-5.73301
1036.72	-3.77913
1039.57	4.17498
1042.41	16.1293
1045.26	10.0837
1048.1	10.0384
1050.94	3.99328
1053.78	1.94833
1056.62	-4.09641
1059.46	31.859
1062.3	-8.18529
1065.14	-2.2294
1067.97	21.7267
1070.81	29.683
1073.64	15.6395
1076.47	7.5962
1079.31	11.5531
1082.14	27.5103
1084.97	-6.53236
1087.8	9.42525
1090.63	-4.61692
1093.45	-0.658858
1096.28	11.2994
1099.1	35.2579
1101.93	5.2167
1104.75	15.1757
1107.57	21.1349
1110.39	25.0944
1113.21	17.0541
1116.03	9.01404
1118.85	18.9742
1121.66	6.9347
1124.48	14.8954
1127.3	0.856351
1130.11	2.81755
1132.92	2.77902
1135.73	12.7408
1138.54	2.70275
1141.35	4.66501
1144.16	12.6275
1146.97	24.5903
1149.78	2.55335
1152.58	8.5167
1155.39	6.4803
1158.19	-1.55583
1161	4.40832
1163.8	16.3728
1166.6	2.33749
1169.4	8.30248
1172.2	10.2678
1174.99	22.2333
1177.79	22.1992
1180.59	18.1654
1183.38	16.1318
1186.17	20.0986
1188.97	12.0656
1191.76	0.0329848
1194.55	16.0006
1197.34	-6.03141
1200.13	19.9368
1202.92	5.90541
1205.7	-0.125691
1208.49	15.8435
1211.27	13.813
1214.06	3.78282
1216.84	-4.24705
1219.62	1.72342
1222.4	13.6942
1225.18	5.6653
1227.96	15.6367
1230.74	7.60847
1233.51	17.5806
1236.29	33.553
1239.06	13.5257
1241.84	17.4988
1244.61	7.47223
1247.38	27.446
1250.15	9.42011
1252.92	7.39454
1255.69	3.36933
1258.46	-0.655528
1261.23	9.31995
1263.99	5.29579
1266.76	9.27196
1269.52	3.24851
1272.28	15.2254
1275.05	15.2026
1277.81	7.18026
1280.57	3.15823
1283.33	7.13657
1286.08	-4.88473
1288.84	13.0943
1291.6	7.07376
1294.35	15.0536
1297.11	3.03375
1299.86	19.0143
1302.61	22.9952
1305.36	12.9765
1308.11	-3.04179
1310.86	16.9403
1313.61	24.9227
1316.36	18.9056
1319.1	4.88877
1321.85	-5.12762
1324.59	6.85638
1327.33	-9.15924
1330.08	0.825546
1332.82	20.8107
1335.56	6.79629
1338.3	-3.21774
1341.04	10.7686
1343.77	26.7554
1346.51	-1.2574
1349.25	2.73018
1351.98	20.7182
1354.71	8.70657
1357.45	6.69538
1360.18	4.68461
1362.91	18.6742
1365.64	18.6643
1368.37	0.654768
1371.09	-3.35434
1373.82	0.636971
1376.54	2.62871
1379.27	4.62087
1381.99	12.6135
1384.72	16.6065
1387.44	6.59991
1390.16	0.593779
1392.88	18.5881
1395.6	0.582825
1398.31	4.578
1401.03	8.57362
1403.75	-1.43033
1406.46	2.56616
1409.18	8.5631
1411.89	16.5605
1414.6	16.5583
1417.31	14.5566
1420.02	2.55531
1422.73	0.55448
1425.44	8.55411
1428.15	4.55419
1430.85	10.5547
1433.56	4.55571
1436.26	6.55717
1438.97	16.5591
1441.67	20.5615
1444.37	6.56429
1447.07	12.5676
1449.77	-1.42864
1452.47	12.5756
1455.16	2.5803
1457.86	8.58548
1460.56	22.5911
1463.25	6.59726
1465.94	10.6039
1468.64	8.61094
1471.33	2.6185
1474.02	12.6265
1476.71	20.6351
1479.4	20.6441
1482.09	4.65355
1484.77	10.6635
1487.46	12.674
1490.14	16.6849
1492.83	22.6964
1495.51	6.70833
1498.19	18.7208
1500.87	6.73369
1503.55	18.7471
1506.23	4.76105
1508.91	16.7755
1511.59	10.7904
1514.27	22.8058
1516.94	20.8218
1519.62	4.8382
1522.29	10.8551
1524.96	18.8726
1527.63	-7.10943
1530.3	2.90905
1532.97	24.928
1535.64	24.9476
1538.31	0.967587
1540.98	10.9881
1543.64	15.0092
1546.31	23.0308
1548.97	7.05287
1551.63	9.07549
1554.3	23.0987
1556.96	-0.877666
1559.62	19.1465
1562.28	1.17127
1564.94	-0.803462
1567.59	5.22234
1570.25	13.2487
1572.9	21.2755
1575.56	7.30295
1578.21	-2.66912
1580.86	19.3594
1583.52	9.38839
1586.17	21.4179
1588.82	1.44806
1591.47	19.4787
1594.11	-0.490103
1596.76	23.5416
1599.41	21.5739
1602.05	-4.39324
1604.69	13.6402
1607.34	11.6741
1609.98	-2.29139
1612.62	-4.25633
1615.26	19.7793
1617.9	29.8154
1620.54	-16.1478
1623.18	7.88946
1625.81	25.9273
1628.45	-0.0342693
1631.08	22.0047
1633.72	12.0442
1636.35	16.0844
1638.98	16.125
1641.61	12.1663
1644.24	12.2081
1646.87	26.2505
1649.5	6.29348
1652.13	24.337
1654.75	-1.61886
1657.38	16.4258
1660	4.47111
1662.63	8.51696
1665.25	2.56341
1667.87	-5.38957
1670.49	6.65803
1673.11	14.7062
1675.73	-5.24501
1678.35	10.8044
1680.96	6.85431
1683.58	14.9048
1686.19	-3.04403
1688.81	5.00771
1691.42	13.06
1694.03	3.11294
1696.64	7.16644
1699.25	9.22054
1701.87	31.2753
1704.47	15.3306
1707.08	23.3865
1709.69	17.443
1712.29	-0.499893
1714.9	13.5578
1717.5	9.61612
1720.1	13.6751
1722.71	15.7346
1725.31	23.7948
1727.91	21.8555
1730.51	7.91689
1733.1	15.9789
1735.7	16.0415
1738.3	22.1047
1740.89	2.16853
1743.49	8.23298
1746.08	8.29806
1748.67	10.3638
1751.26	12.43
1753.86	14.497
1756.45	18.5645
1759.03	4.6327
1761.62	-9.29846
1764.21	20.771
1766.8	12.841
1769.38	14.9117
1771.97	14.983
1774.55	21.055
1777.13	25.1276
1779.71	17.2008
1782.29	17.2746
1784.87	25.3491
1787.45	1.42426
1790.03	17.5
1792.61	33.5764
1795.18	-0.346554
1797.76	23.7312
1800.33	27.8095
1802.9	25.8884
1805.48	23.9681
1808.05	26.0483
1810.62	14.1292
1813.19	12.2108
1815.76	18.293
1818.33	34.3759
1820.89	20.4594
1823.46	12.5435
1826.02	2.62838
1828.59	26.7138
1831.15	2.79993
1833.71	18.8868
1836.27	-5.02581
1838.84	29.0623
1841.39	27.151
1843.95	33.2405
1846.51	11.3305
1849.07	23.4212
1851.62	7.51266
1854.18	23.6048
1856.73	21.6975
1859.29	-2.2091
1861.84	17.8849
1864.39	29.9797
1866.94	12.0751
1869.49	18.1712
1872.04	4.26795
1874.59	0.365378
1877.13	14.4635
1879.68	10.5622
1882.22	22.6617
1884.77	32.7618
1887.31	28.8626
1889.85	40.9641
1892.39	15.0663
1894.93	13.1691
1897.47	15.2727
1900.01	-0.623152
1902.55	5.48174
1905.09	21.5873
1907.62	15.6936
1910.16	17.8005
1912.69	35.9081
1915.22	28.0165
1917.76	16.1255
1920.29	30.2352
1922.82	36.3456
1925.35	26.4567
1927.88	22.5685
1930.4	32.6809
1932.93	32.7941
1935.46	20.908
1937.98	13.0225
1940.51	25.1378
1943.03	13.2538
1945.55	17.3704
1948.07	19.4878
1950.59	23.6058
1953.11	15.7246
1955.63	13.8441
1958.15	27.9642
1960.67	18.0851
1963.18	26.2066
1965.7	34.3289
1968.21	34.4519
1970.73	28.5757
1973.24	26.7001
1975.75	18.8252
1978.26	38.951
1980.77	33.0776
1983.28	31.2049
1985.79	35.3328
1988.29	29.4615
1990.8	33.591
1993.31	35.7211
1995.81	31.8519
1998.31	13.9834
