100.093	9.30746
103.274	1.47317
106.457	1.63787
109.636	-0.198637
112.817	29.9639
115.994	0.125157
119.172	0.285467
122.347	-3.55542
125.521	14.6026
128.696	8.75967
131.868	24.9155
135.039	15.0703
138.209	5.22408
141.379	1.37686
144.547	11.5285
147.713	21.679
150.879	3.82854
154.043	9.977
157.206	-3.87558
160.368	0.2708
163.529	10.4161
166.689	14.5605
169.848	-5.29625
173.006	6.84602
176.163	4.98726
179.316	9.1274
182.471	7.26663
185.625	5.40484
188.777	23.5421
191.927	1.67818
195.077	13.8134
198.224	-2.05245
201.372	2.08079
204.52	2.21306
207.664	12.3443
210.809	10.4746
213.95	12.6038
217.091	0.732106
220.233	16.8595
223.372	6.98588
226.509	3.1113
229.648	9.23584
232.784	3.35936
235.918	1.48194
239.051	7.60357
242.186	1.72435
245.317	7.84412
248.447	5.96297
251.577	4.08089
254.705	4.19789
257.832	2.31398
260.958	16.4292
264.083	8.54342
267.204	2.65671
270.327	14.7692
273.449	2.88074
276.57	6.99141
279.69	-10.8988
282.806	-2.78997
285.924	17.318
289.04	9.42519
292.154	15.5314
295.268	17.6368
298.379	7.74125
301.492	19.8449
304.601	5.94767
307.711	16.0496
310.818	12.1507
313.924	-11.7491
317.031	2.35028
320.135	6.44879
323.238	18.5465
326.34	6.64331
329.443	12.7394
332.543	0.834584
335.642	6.92895
338.74	5.02251
341.836	9.11525
344.932	1.20718
348.027	17.2983
351.12	31.3886
354.213	-4.52185
357.302	-8.43319
360.393	5.65475
363.482	17.7419
366.57	-2.17174
369.656	17.9138
372.742	5.99859
375.827	-1.91738
378.91	6.16583
381.993	18.2483
385.073	0.329998
388.154	14.411
391.232	2.49113
394.311	4.5706
397.387	-1.35074
400.462	0.727178
403.536	0.804355
406.611	2.88085
409.683	10.9566
412.754	3.03153
415.824	5.10577
418.893	15.1793
421.961	11.2521
425.027	3.32419
428.093	15.3956
431.158	7.46622
434.222	13.5362
437.284	1.60544
440.346	9.67399
443.407	9.74185
446.464	23.809
449.523	15.8755
452.581	19.9412
455.635	0.00630862
458.691	16.0707
461.743	10.1345
464.797	8.19754
467.847	-7.74009
470.899	10.3217
473.947	14.3827
476.994	-7.55691
480.043	12.5029
483.088	18.562
486.133	10.6204
489.176	20.6782
492.22	2.73536
495.262	8.79187
498.302	2.84775
501.341	-1.09701
504.38	4.95761
507.417	5.0116
510.453	1.06497
513.487	11.1177
516.521	7.16982
519.554	17.2213
522.586	11.2723
525.616	-4.67745
528.646	-0.627744
531.675	15.4214
534.701	15.4699
537.729	7.51778
540.753	7.56508
543.778	21.6118
546.8	11.658
549.821	5.70353
552.844	7.74854
555.863	-0.207047
558.881	-2.16321
561.898	-2.11993
564.916	13.9228
567.932	5.96497
570.946	20.0066
573.959	2.04761
576.971	8.0881
579.982	2.12805
582.993	6.16745
586	2.20629
589.008	2.24462
592.015	6.28241
595.022	14.3197
598.025	8.35637
601.029	6.39258
604.032	16.4283
607.033	4.46341
610.034	6.49806
613.032	6.53218
616.032	14.5658
619.028	-9.40109
622.023	10.6315
625.018	6.66361
628.013	22.6952
631.005	14.7263
633.997	20.757
636.987	12.7871
639.977	-15.1833
642.965	16.8459
645.952	10.8746
648.939	8.90279
651.924	2.93053
654.909	6.95779
657.892	6.9846
660.873	21.0109
663.854	5.03679
666.835	11.0622
669.813	-0.912837
672.791	15.1117
675.767	19.1357
678.743	5.15935
681.717	23.1825
684.692	5.20525
687.664	13.2275
690.634	9.24939
693.606	13.2708
696.575	9.29182
699.543	15.3124
702.51	9.33253
705.475	5.35226
708.44	13.3716
711.404	11.3905
714.367	25.409
717.329	9.42705
720.29	5.44473
723.25	9.46201
726.207	7.47888
729.166	19.4954
732.123	9.51145
735.077	11.5271
738.032	23.5425
740.984	11.5574
743.938	-2.42808
746.888	13.5861
749.839	3.59987
752.788	21.6133
755.735	13.6263
758.682	27.639
761.627	13.6513
764.574	27.6633
767.517	5.67485
770.46	17.6861
773.402	1.69697
776.342	17.7075
779.282	17.7177
782.219	13.7275
785.157	3.73701
788.094	21.7462
791.029	7.75498
793.962	9.76346
796.896	11.7716
799.828	19.7794
802.76	31.7869
805.689	3.79412
808.619	15.801
811.546	15.8075
814.473	13.8137
817.4	11.8197
820.324	19.8253
823.248	15.8306
826.17	33.8355
829.092	5.84024
832.012	9.84463
834.932	23.8487
837.851	23.8525
840.768	23.856
843.685	13.8593
846.599	7.86221
849.514	5.86487
852.428	17.8673
855.339	9.86935
858.251	7.87118
861.16	11.8727
864.07	19.874
866.978	25.875
869.884	21.8758
872.792	29.8763
875.696	13.8765
878.599	7.87652
881.502	13.8762
884.404	13.8757
887.304	7.87495
890.204	9.87394
893.103	1.87268
896.001	11.8712
898.898	13.8694
901.794	9.86747
904.689	25.8653
907.581	1.86283
910.474	17.8602
913.364	15.8573
916.256	13.8542
919.144	5.85084
922.034	21.8473
924.92	11.8435
927.808	9.83955
930.693	3.83537
933.576	5.83097
936.459	13.8264
939.341	11.8216
942.222	-2.18342
945.102	9.81139
947.981	9.80599
950.859	-2.19959
953.737	15.7946
956.613	15.7887
959.488	9.78253
962.361	-0.223793
965.235	-6.2303
968.105	5.76302
970.977	15.7562
973.846	11.7491
976.716	-0.258081
979.583	13.7346
982.449	13.727
985.316	5.71931
988.18	17.7115
991.043	-8.29656
993.906	15.6953
996.767	9.68694
999.628	19.6785
1002.49	17.6698
1005.35	13.6611
1008.2	23.6522
1011.06	23.6431
1013.91	11.6339
1016.77	11.6246
1019.62	3.61511
1022.48	5.60551
1025.33	13.5958
1028.18	29.5859
1031.03	5.57596
1033.87	9.56586
1036.72	15.5556
1039.57	17.5453
1042.41	-4.46516
1045.26	21.5243
1048.1	5.5136
1050.94	5.50281
1053.78	17.4919
1056.62	23.4809
1059.46	1.46982
1062.3	13.4586
1065.14	-2.55266
1067.97	25.4359
1070.81	1.42447
1073.64	13.4129
1076.47	23.4012
1079.31	7.38949
1082.14	13.3777
1084.97	5.36575
1087.8	-8.64623
1090.63	11.3417
1093.45	17.3296
1096.28	23.3174
1099.1	9.30508
1101.93	21.2927
1104.75	7.28031
1107.57	-0.732165
1110.39	9.25529
1113.21	1.2427
1116.03	9.23005
1118.85	11.2173
1121.66	3.20458
1124.48	11.1918
1127.3	17.1789
1130.11	3.16601
1132.92	9.15306
1135.73	1.14008
1138.54	1.12705
1141.35	15.114
1144.16	11.1009
1146.97	5.08775
1149.78	19.0746
1152.58	9.06141
1155.39	5.04819
1158.19	9.03495
1161	-4.97832
1163.8	17.0084
1166.6	0.995101
1169.4	4.98178
1172.2	14.9685
1174.99	2.95511
1177.79	2.94176
1180.59	16.9284
1183.38	2.91505
1186.17	16.9017
1188.97	6.88831
1191.76	18.8749
1194.55	2.86159
1197.34	14.8482
1200.13	8.83488
1202.92	-7.17846
1205.7	10.8082
1208.49	-1.2051
1211.27	12.7816
1214.06	6.76832
1216.84	14.7551
1219.62	14.7418
1222.4	12.7286
1225.18	4.71542
1227.96	14.7023
1230.74	10.6891
1233.51	8.67602
1236.29	20.663
1239.06	2.64992
1241.84	12.6369
1244.61	10.624
1247.38	16.6111
1250.15	4.5982
1252.92	4.58537
1255.69	12.5726
1258.46	6.55988
1261.23	-7.4528
1263.99	6.53459
1266.76	18.522
1269.52	14.5095
1272.28	14.4971
1275.05	18.4847
1277.81	14.4724
1280.57	6.46011
1283.33	4.44792
1286.08	-7.5642
1288.84	10.4238
1291.6	12.4118
1294.35	-1.60012
1297.11	8.38806
1299.86	10.3763
1302.61	12.3646
1305.36	18.3531
1308.11	8.34157
1310.86	-1.66983
1313.61	8.31885
1316.36	16.3076
1319.1	16.2965
1321.85	4.28544
1324.59	4.27449
1327.33	14.2636
1330.08	0.252887
1332.82	-9.75776
1335.56	4.23169
1338.3	16.2212
1341.04	0.210919
1343.77	20.2007
1346.51	12.1906
1349.25	-3.81942
1351.98	0.170693
1354.71	6.16092
1357.45	16.1513
1360.18	6.14174
1362.91	6.13232
1365.64	4.12303
1368.37	-1.88613
1371.09	10.1048
1373.82	0.095929
1376.54	8.08716
1379.27	10.0785
1381.99	6.07
1384.72	24.0616
1387.44	2.0534
1390.16	10.0453
1392.88	10.0373
1395.6	-7.97047
1398.31	12.0219
1401.03	-1.98565
1403.75	2.00698
1406.46	1.99976
1409.18	-0.00730921
1411.89	7.98578
1414.6	11.979
1417.31	3.97242
1420.02	1.96597
1422.73	7.95969
1425.44	11.9536
1428.15	11.9476
1430.85	5.94182
1433.56	11.9362
1436.26	7.93075
1438.97	15.9255
1441.67	1.92036
1444.37	7.91542
1447.07	17.9107
1449.77	11.9061
1452.47	21.9017
1455.16	13.8975
1457.86	9.89342
1460.56	9.88956
1463.25	11.8859
1465.94	-0.117587
1468.64	3.87912
1471.33	3.87602
1474.02	1.87311
1476.71	-0.129598
1479.4	13.8679
1482.09	3.86557
1484.77	3.86345
1487.46	19.8615
1490.14	17.8598
1492.83	3.8583
1495.51	-0.143008
1498.19	15.8559
1500.87	-0.144996
1503.55	-12.1457
1506.23	11.8539
1508.91	19.8536
1511.59	-6.14643
1514.27	7.85375
1516.94	13.8541
1519.62	7.85476
1522.29	3.85561
1524.96	9.85667
1527.63	5.85796
1530.3	11.8595
1532.97	11.8612
1535.64	11.8632
1538.31	11.8654
1540.98	11.8678
1543.64	7.87051
1546.31	3.87341
1548.97	-0.123439
1551.63	3.87995
1554.3	1.88357
1556.96	17.8874
1559.62	9.89155
1562.28	11.8959
1564.94	11.9005
1567.59	-8.09464
1570.25	9.91046
1572.9	5.91582
1575.56	9.92142
1578.21	-2.07272
1580.86	5.9334
1583.52	3.93977
1586.17	23.9464
1588.82	-0.0467014
1591.47	15.9605
1594.11	5.96787
1596.76	9.97555
1599.41	21.9835
1602.05	-4.00829
1604.69	14.0002
1607.34	18.009
1609.98	10.018
1612.62	12.0273
1615.26	16.0369
1617.9	14.0467
1620.54	-5.94314
1623.18	12.0673
1625.81	6.07796
1628.45	14.0889
1631.08	0.100191
1633.72	4.11173
1636.35	10.1236
1638.98	4.13568
1641.61	8.14809
1644.24	8.16079
1646.87	6.17379
1649.5	10.1871
1652.13	6.20065
1654.75	2.21453
1657.38	10.2287
1660	6.24318
1662.63	14.258
1665.25	12.273
1667.87	8.28842
1670.49	4.3041
1673.11	12.3201
1675.73	2.3364
1678.35	-7.64699
1680.96	16.3699
1683.58	2.38715
1686.19	0.404702
1688.81	12.4226
1691.42	-3.55926
1694.03	8.45924
1696.64	6.47804
1699.25	12.4972
1701.87	4.51664
1704.47	6.53641
1707.08	14.5565
1709.69	12.5769
1712.29	24.5977
1714.9	12.6188
1717.5	8.64017
1720.1	-3.33808
1722.71	-3.31601
1725.31	6.70639
1727.91	18.7291
1730.51	12.7522
1733.1	10.7756
1735.7	12.7994
1738.3	-1.17652
1740.89	2.84791
1743.49	24.8727
1746.08	4.89781
1748.67	0.923275
1751.26	2.94907
1753.86	20.9752
1756.45	-2.99825
1759.03	-2.9714
1761.62	17.0558
1764.21	11.0834
1766.8	-2.88871
1769.38	11.1396
1771.97	1.1682
1774.55	11.1972
1777.13	21.2265
1779.71	17.2562
1782.29	-0.713713
1784.87	3.31672
1787.45	21.3475
1790.03	1.37867
1792.61	17.4102
1795.18	7.44209
1797.76	17.4744
1800.33	13.507
1802.9	17.54
1805.48	23.5734
1808.05	7.60711
1810.62	1.64124
1813.19	9.67574
1815.76	-2.28937
1818.33	21.7459
1820.89	7.78154
1823.46	3.81754
1826.02	11.854
1828.59	9.89073
1831.15	15.9279
1833.71	7.96546
1836.27	-3.9966
1838.84	-5.95827
1841.39	12.0804
1843.95	10.1196
1846.51	20.1591
1849.07	4.19894
1851.62	26.2392
1854.18	24.2799
1856.73	2.32099
1859.29	2.36249
1861.84	4.40435
1864.39	6.44662
1866.94	6.48932
1869.49	12.5324
1872.04	8.57587
1874.59	12.6198
1877.13	14.6641
1879.68	16.7087
1882.22	20.7538
1884.77	18.7994
1887.31	16.8453
1889.85	2.89163
1892.39	16.9384
1894.93	-3.01448
1897.47	7.03312
1900.01	25.0811
1902.55	21.1295
1905.09	21.1783
1907.62	5.22759
1910.16	7.27722
1912.69	3.32732
1915.22	7.37784
1917.76	7.42875
1920.29	-0.519877
1922.82	9.53189
1925.35	13.5841
1927.88	15.6367
1930.4	9.6898
1932.93	9.74329
1935.46	15.7972
1937.98	-2.14842
1940.51	13.9064
1943.03	7.9616
1945.55	18.0172
1948.07	14.0733
1950.59	12.1299
1953.11	20.1868
1955.63	6.24424
1958.15	18.3021
1960.67	22.3604
1963.18	0.419084
1965.7	-3.52174
1968.21	20.5379
1970.73	8.59795
1973.24	14.6585
1975.75	28.7194
1978.26	0.780827
1980.77	26.8427
1983.28	22.905
1985.79	6.96774
1988.29	9.03093
1990.8	9.09463
1993.31	23.1587
1995.81	5.22332
1998.31	-0.711689
