100.093	0.826347
103.274	2.95264
106.457	-0.922063
109.636	19.2021
112.817	25.3252
115.994	9.44723
119.172	-6.43174
122.347	-12.3119
125.521	11.807
128.696	7.92484
131.868	6.04158
135.039	20.1573
138.209	14.272
141.379	26.3857
144.547	18.4983
147.713	20.6099
150.879	2.72044
154.043	0.829994
157.206	-5.06146
160.368	11.0461
163.529	-2.84737
166.689	9.25818
169.848	13.3627
173.006	13.4663
176.163	21.5689
179.316	11.6704
182.471	1.77105
185.625	3.8707
188.777	3.9694
191.927	10.0671
195.077	10.1638
198.224	0.259584
201.372	8.35445
204.52	14.4484
207.664	4.54129
210.809	0.633332
213.95	2.72438
217.091	16.8145
220.233	8.90375
223.372	-1.00797
226.509	17.0794
229.648	3.16589
232.784	7.25143
235.918	11.3361
239.051	15.4198
242.186	15.5027
245.317	27.5846
248.447	-2.33429
251.577	3.74589
254.705	13.8252
257.832	7.90361
260.958	11.9812
264.083	16.0578
267.204	10.1336
270.327	14.2086
273.449	6.28268
276.57	-3.64406
279.69	12.4283
282.806	2.49986
285.924	20.5706
289.04	2.64048
292.154	14.7095
295.268	26.7777
298.379	14.8451
301.492	6.91167
304.601	4.9774
307.711	9.04236
310.818	1.10647
313.924	15.1698
317.031	15.2323
320.135	29.294
323.238	15.355
326.34	15.4151
329.443	-0.52552
332.543	9.53305
335.642	19.5908
338.74	23.6479
341.836	11.7041
344.932	21.7596
348.027	3.81433
351.12	13.8683
354.213	9.92151
357.302	1.97394
360.393	20.0257
363.482	22.0766
366.57	0.126883
369.656	18.1764
372.742	2.22513
375.827	16.2732
378.91	14.3205
381.993	12.3671
385.073	16.4129
388.154	8.45813
391.232	22.5026
394.311	2.54634
397.387	10.5894
400.462	10.6317
403.536	18.6734
406.611	20.7144
409.683	2.75463
412.754	18.7942
415.824	12.8331
418.893	6.87138
421.961	22.909
425.027	12.9459
428.093	24.9821
431.158	9.01768
434.222	23.0526
437.284	-4.91312
440.346	3.1205
443.407	1.15348
446.464	15.1858
449.523	21.2175
452.581	-8.75144
455.635	13.279
458.691	-0.691225
461.743	11.3379
464.797	5.3665
467.847	25.3944
470.899	5.42176
473.947	21.4485
476.994	-4.52544
480.043	7.50008
483.088	11.525
486.133	1.54928
489.176	27.573
492.22	5.59613
495.262	7.61867
498.302	17.6406
501.341	9.66201
504.38	5.68282
507.417	13.7031
510.453	13.7227
513.487	9.74182
516.521	-2.23964
519.554	-2.22165
522.586	-2.20422
525.616	-2.18734
528.646	5.829
531.675	23.8448
534.701	25.86
537.729	23.8748
540.753	25.8889
543.778	-4.09741
546.8	21.9157
549.821	3.92831
552.844	19.9404
555.863	9.95196
558.881	11.963
561.898	15.9736
564.916	3.9836
567.932	13.9931
570.946	6.00218
573.959	0.0107166
576.971	6.01876
579.982	2.02632
582.993	12.0334
586	4.03998
589.008	6.0461
592.015	0.0517322
595.022	20.0569
598.025	2.06159
601.029	10.0658
604.032	8.06958
607.033	16.0729
610.034	18.0757
613.032	16.0781
616.032	14.0801
619.028	4.08157
622.023	2.08263
625.018	8.08325
628.013	12.0834
631.005	-3.91683
633.997	10.0825
636.987	22.0814
639.977	20.0798
642.965	6.07788
645.952	0.07551
648.939	20.0727
651.924	4.06952
654.909	8.06592
657.892	4.0619
660.873	12.0575
663.854	14.0527
666.835	0.0474723
669.813	14.0419
672.791	8.03589
675.767	12.0295
678.743	14.0228
681.717	2.01562
684.692	18.0081
687.664	10.0002
690.634	9.99197
693.606	9.98334
696.575	13.9744
699.543	19.965
702.51	7.9553
705.475	5.94524
708.44	7.93483
711.404	9.92406
714.367	11.913
717.329	15.9015
720.29	15.8897
723.25	31.8776
726.207	7.86513
729.166	15.8523
732.123	13.8392
735.077	13.8258
738.032	19.812
740.984	9.79793
743.938	17.7835
746.888	23.7688
749.839	-0.246201
752.788	3.73848
755.735	11.7228
758.682	13.7069
761.627	19.6907
764.574	17.6742
767.517	21.6573
770.46	7.64024
773.402	11.6229
776.342	11.6052
779.282	11.5872
782.219	21.569
785.157	11.5505
788.094	21.5317
791.029	3.51268
793.962	7.49338
796.896	9.4738
799.828	-8.54602
802.76	21.4339
805.689	15.4135
808.619	19.3929
811.546	27.3721
814.473	7.35102
817.4	15.3297
820.324	17.3081
823.248	7.28631
826.17	19.2643
829.092	19.242
832.012	31.2195
834.932	21.1968
837.851	19.1738
840.768	7.15066
843.685	21.1273
846.599	17.1037
849.514	23.0799
852.428	13.0558
855.339	33.0316
858.251	5.00718
861.16	20.9826
864.07	14.9577
866.978	6.93271
869.884	0.907498
872.792	6.88208
875.696	12.8565
878.599	14.8307
881.502	20.8048
884.404	2.77863
887.304	14.7523
890.204	18.7258
893.103	38.6992
896.001	18.6723
898.898	6.64536
901.794	0.6182
904.689	16.5909
907.581	-3.43657
910.474	8.5358
913.364	10.508
916.256	-9.5199
919.144	0.452035
922.034	12.4238
924.92	8.39546
927.808	0.366952
930.693	18.3383
933.576	-9.69043
936.459	16.2807
939.341	6.25165
942.222	10.2225
945.102	0.193232
947.981	16.1638
950.859	16.1343
953.737	4.1047
956.613	2.07496
959.488	14.0451
962.361	14.0152
965.235	9.98509
968.105	17.9549
970.977	15.9247
973.846	11.8943
976.716	5.86385
979.583	11.8333
982.449	29.8027
985.316	11.7719
988.18	11.7411
991.043	7.71025
993.906	1.67929
996.767	15.6482
999.628	9.61712
1002.49	9.58592
1005.35	23.5547
1008.2	-6.47668
1011.06	5.49194
1013.91	11.4605
1016.77	13.429
1019.62	3.3974
1022.48	5.36576
1025.33	23.3341
1028.18	21.3023
1031.03	23.2706
1033.87	-8.76124
1036.72	17.2069
1039.57	15.175
1042.41	15.143
1045.26	-0.888945
1048.1	5.07904
1050.94	15.047
1053.78	1.01493
1056.62	14.9828
1059.46	10.9507
1062.3	14.9186
1065.14	2.88642
1067.97	20.8542
1070.81	4.82206
1073.64	0.789844
1076.47	10.7576
1079.31	10.7254
1082.14	10.6932
1084.97	18.661
1087.8	8.62875
1090.63	6.59653
1093.45	18.5643
1096.28	24.5321
1099.1	20.4999
1101.93	6.46773
1104.75	24.4356
1107.57	10.4034
1110.39	8.37125
1113.21	4.33916
1116.03	24.3071
1118.85	4.27498
1121.66	6.24296
1124.48	18.2109
1127.3	16.179
1130.11	6.14702
1132.92	0.115119
1135.73	-1.91674
1138.54	8.05144
1141.35	16.0197
1144.16	11.9879
1146.97	9.95623
1149.78	-2.07541
1152.58	7.89303
1155.39	13.8615
1158.19	25.83
1161	-0.201388
1163.8	1.76728
1166.6	15.736
1169.4	11.7048
1172.2	17.6736
1174.99	-10.3575
1177.79	-6.38847
1180.59	11.5806
1183.38	-4.45025
1186.17	1.51895
1188.97	11.4883
1191.76	1.45765
1194.55	9.42712
1197.34	13.3967
1200.13	13.3663
1202.92	-6.66393
1205.7	-2.69407
1208.49	17.2759
1211.27	11.2459
1214.06	11.216
1216.84	-6.81376
1219.62	5.15659
1222.4	3.12703
1225.18	23.0976
1227.96	9.06826
1230.74	-6.96097
1233.51	9.00992
1236.29	10.9809
1239.06	6.95207
1241.84	20.9233
1244.61	10.8947
1247.38	-9.13381
1250.15	18.8378
1252.92	-3.19041
1255.69	-1.21852
1258.46	-5.24649
1261.23	12.7257
1263.99	4.69797
1266.76	4.6704
1269.52	0.642985
1272.28	8.61571
1275.05	6.58857
1277.81	6.56159
1280.57	24.5348
1283.33	16.5081
1286.08	8.48155
1288.84	-1.54482
1291.6	6.42897
1294.35	14.4029
1297.11	6.37704
1299.86	8.3513
1302.61	2.32574
1305.36	6.30035
1308.11	20.2751
1310.86	12.2501
1313.61	4.22521
1316.36	6.20049
1319.1	8.17597
1321.85	4.15163
1324.59	4.12747
1327.33	4.10349
1330.08	-1.9203
1332.82	8.05609
1335.56	10.0327
1338.3	10.0094
1341.04	7.98642
1343.77	1.96358
1346.51	19.9409
1349.25	-4.0815
1351.98	13.8963
1354.71	19.8742
1357.45	11.8524
1360.18	3.83076
1362.91	-2.19067
1365.64	13.7881
1368.37	23.7671
1371.09	-2.25365
1373.82	29.7258
1376.54	3.70544
1379.27	11.6853
1381.99	23.6654
1384.72	11.6457
1387.44	21.6262
1390.16	17.607
1392.88	9.58801
1395.6	-2.43077
1398.31	17.5507
1401.03	19.5324
1403.75	9.51431
1406.46	19.4965
1409.18	1.47887
1411.89	13.4615
1414.6	5.44441
1417.31	3.42755
1420.02	3.41093
1422.73	3.39455
1425.44	13.3784
1428.15	21.3626
1430.85	-0.653054
1433.56	9.33159
1436.26	3.31648
1438.97	31.3016
1441.67	-0.712936
1444.37	5.27275
1447.07	13.2587
1449.77	7.2449
1452.47	1.23138
1455.16	1.21813
1457.86	-4.79485
1460.56	5.19244
1463.25	9.18001
1465.94	3.16786
1468.64	13.156
1471.33	3.14438
1474.02	1.13306
1476.71	19.122
1479.4	5.11128
1482.09	3.10082
1484.77	21.0906
1487.46	1.08077
1490.14	13.0712
1492.83	11.0619
1495.51	17.0529
1498.19	11.0442
1500.87	-4.96423
1503.55	7.02766
1506.23	11.0199
1508.91	-2.98764
1511.59	25.0052
1514.27	2.99827
1516.94	4.99169
1519.62	6.98542
1522.29	-5.02054
1524.96	-1.02619
1527.63	22.9685
1530.3	6.96347
1532.97	2.95877
1535.64	16.9544
1538.31	16.9503
1540.98	16.9466
1543.64	2.9432
1546.31	10.9401
1548.97	-3.06263
1551.63	2.93494
1554.3	0.932848
1556.96	10.9311
1559.62	26.9297
1562.28	22.9286
1564.94	14.9278
1567.59	26.9274
1570.25	6.92733
1572.9	2.9276
1575.56	4.92821
1578.21	-1.07083
1580.86	6.93047
1583.52	6.93212
1586.17	6.93412
1588.82	6.93648
1591.47	8.93918
1594.11	18.9422
1596.76	4.94566
1599.41	10.9494
1602.05	6.95356
1604.69	14.9581
1607.34	4.96291
1609.98	18.9681
1612.62	4.97371
1615.26	2.97966
1617.9	10.986
1620.54	8.99266
1623.18	14.9997
1625.81	3.00715
1628.45	1.01495
1631.08	15.0231
1633.72	5.03169
1636.35	-4.95938
1638.98	3.04994
1641.61	11.0596
1644.24	3.06971
1646.87	3.08018
1649.5	23.091
1652.13	3.10226
1654.75	7.11388
1657.38	5.12589
1660	-8.8617
1662.63	15.1511
1665.25	7.1643
1667.87	3.17788
1670.49	9.19187
1673.11	5.20625
1675.73	7.22104
1678.35	9.23622
1680.96	13.2518
1683.58	-6.7322
1686.19	-2.7158
1688.81	-0.698993
1691.42	21.3182
1694.03	23.3358
1696.64	3.35387
1699.25	7.37232
1701.87	17.3912
1704.47	5.41046
1707.08	17.4302
1709.69	11.4503
1712.29	3.4708
1714.9	19.4918
1717.5	27.5131
1720.1	-6.46509
1722.71	19.5571
1725.31	5.57978
1727.91	3.60287
1730.51	-2.37364
1733.1	5.65029
1735.7	-0.325328
1738.3	7.69947
1740.89	1.7247
1743.49	19.7504
1746.08	11.7765
1748.67	19.803
1751.26	17.83
1753.86	11.8574
1756.45	19.8853
1759.03	43.9136
1761.62	5.94236
1764.21	13.9716
1766.8	12.0012
1769.38	10.0313
1771.97	20.0619
1774.55	18.0929
1777.13	2.1243
1779.71	24.1562
1782.29	18.1886
1784.87	12.2214
1787.45	12.2547
1790.03	8.28837
1792.61	6.32257
1795.18	20.3572
1797.76	4.39235
1800.33	10.4279
1802.9	18.464
1805.48	28.5005
1808.05	22.5374
1810.62	-3.4251
1813.19	12.6128
1815.76	14.6512
1818.33	20.6901
1820.89	6.72943
1823.46	10.7692
1826.02	10.8095
1828.59	4.85027
1831.15	20.8915
1833.71	22.9333
1836.27	10.9755
1838.84	1.01813
1841.39	-0.938697
1843.95	9.10496
1846.51	5.1491
1849.07	3.19371
1851.62	3.23883
1854.18	15.2844
1856.73	7.33053
1859.29	-4.62287
1861.84	13.4242
1864.39	-10.5282
1866.94	-0.480142
1869.49	23.5684
1872.04	1.61748
1874.59	15.667
1877.13	15.7171
1879.68	15.7676
1882.22	17.8187
1884.77	1.8703
1887.31	15.9224
1889.85	5.97495
1892.39	12.028
1894.93	24.0816
1897.47	16.1357
1900.01	12.1903
1902.55	6.24546
1905.09	16.3011
1907.62	16.3572
1910.16	8.41388
1912.69	12.4711
1915.22	-3.47122
1917.76	4.58697
1920.29	16.6457
1922.82	6.70496
1925.35	14.7648
1927.88	18.825
1930.4	12.8859
1932.93	14.9472
1935.46	23.0091
1937.98	-0.928528
1940.51	-2.8656
1943.03	19.1979
1945.55	11.2618
1948.07	21.3264
1950.59	11.3914
1953.11	17.457
1955.63	37.5231
1958.15	23.5897
1960.67	11.6569
1963.18	13.7246
1965.7	11.7929
1968.21	13.8617
1970.73	1.93102
1973.24	12.0009
1975.75	18.0713
1978.26	8.14229
1980.77	18.2138
1983.28	20.2859
1985.79	12.3585
1988.29	14.4316
1990.8	-7.49467
1993.31	12.5796
1995.81	16.6544
1998.31	6.72968
