100.093	24.8262
103.274	22.893
106.457	2.95951
109.636	11.0256
112.817	23.0913
115.994	9.15656
119.172	7.22151
122.347	-2.71397
125.521	13.3502
128.696	33.414
131.868	11.4774
135.039	17.5404
138.209	17.6031
141.379	13.6654
144.547	11.7273
147.713	19.7889
150.879	13.85
154.043	17.9109
157.206	9.9713
160.368	14.0314
163.529	6.09109
166.689	14.1504
169.848	2.20942
173.006	2.26805
176.163	26.3263
179.316	24.3842
182.471	-13.5583
185.625	4.49893
188.777	6.55577
191.927	-1.38778
195.077	-3.33165
198.224	12.7241
201.372	2.77952
204.52	16.8346
207.664	14.8893
210.809	4.94366
213.95	6.99766
217.091	5.0513
220.233	11.1046
223.372	15.1576
226.509	11.2102
229.648	7.26253
232.784	25.3145
235.918	9.36606
239.051	7.41732
242.186	9.46827
245.317	19.5189
248.447	13.5691
251.577	17.619
254.705	3.66859
257.832	23.7178
260.958	15.7667
264.083	7.81533
267.204	7.86355
270.327	1.91148
273.449	11.9591
276.57	30.0063
279.69	2.05329
282.806	8.09988
285.924	28.1462
289.04	6.19215
292.154	16.2378
295.268	-3.7169
298.379	10.3281
301.492	14.3728
304.601	-3.58288
307.711	-7.53882
310.818	24.5049
313.924	-1.45171
317.031	14.5914
320.135	2.63418
323.238	6.67664
326.34	14.7188
329.443	-3.23934
332.543	6.80219
335.642	14.8434
338.74	20.8843
341.836	16.9249
344.932	12.9652
348.027	15.0053
351.12	11.045
354.213	15.0843
357.302	5.12342
360.393	19.1622
363.482	7.20072
366.57	9.23891
369.656	9.27679
372.742	-6.6856
375.827	7.35171
378.91	19.3887
381.993	-6.57457
385.073	1.46183
388.154	13.498
391.232	13.5338
394.311	-0.430645
397.387	9.6046
400.462	11.6396
403.536	11.6742
406.611	15.7086
409.683	3.74274
412.754	-0.223437
415.824	37.8101
418.893	7.84335
421.961	5.87632
425.027	13.909
428.093	3.94143
431.158	11.9736
434.222	14.0054
437.284	20.037
440.346	16.0683
443.407	8.09933
446.464	2.13007
449.523	26.1606
452.581	0.190764
455.635	14.2207
458.691	2.25035
461.743	4.27974
464.797	4.30887
467.847	10.3377
470.899	22.3663
473.947	2.39463
476.994	18.4227
480.043	-3.54952
483.088	22.478
486.133	10.5053
489.176	16.5323
492.22	22.559
495.262	18.5855
498.302	6.61172
501.341	20.6377
504.38	22.6634
507.417	-7.31116
510.453	2.71404
513.487	14.739
516.521	6.76366
519.554	6.78809
522.586	8.81228
525.616	6.8362
528.646	6.85989
531.675	-3.11668
534.701	10.9065
537.729	0.929439
540.753	-1.04788
543.778	2.97457
546.8	6.99676
549.821	19.0187
552.844	7.04043
555.863	-2.93811
558.881	13.0831
561.898	17.1041
564.916	9.12485
567.932	7.14536
570.946	13.1656
573.959	1.18565
576.971	9.20545
579.982	27.225
582.993	-0.755668
586	9.26341
589.008	11.2823
592.015	19.3009
595.022	13.3193
598.025	9.33745
601.029	1.35539
604.032	9.3731
607.033	17.3906
610.034	9.40782
613.032	9.42484
616.032	-0.558356
619.028	7.45821
622.023	25.4746
625.018	7.49068
628.013	5.50659
631.005	7.52227
633.997	-4.46227
636.987	5.55298
639.977	3.568
642.965	5.58281
645.952	17.5974
648.939	-0.388233
651.924	-6.37408
654.909	1.63987
657.892	5.6536
660.873	17.6671
663.854	19.6804
666.835	-0.306495
669.813	-2.29362
672.791	11.7191
675.767	21.7315
678.743	-6.25623
681.717	-4.24419
684.692	13.7677
687.664	-2.22072
690.634	5.79071
693.606	21.8019
696.575	1.81296
699.543	17.8238
702.51	19.8344
705.475	-12.1552
708.44	23.855
711.404	21.865
714.367	19.8748
717.329	9.88447
720.29	13.8939
723.25	13.9031
726.207	11.9121
729.166	19.921
732.123	5.92962
735.077	27.9381
738.032	1.94632
740.984	11.9544
743.938	13.9623
746.888	11.9699
749.839	9.97743
752.788	19.9847
755.735	3.99184
758.682	17.9988
761.627	10.0055
764.574	0.0120697
767.517	20.0184
770.46	6.02463
773.402	8.03063
776.342	22.0365
779.282	34.0421
782.219	-1.95245
785.157	24.0528
788.094	10.0579
791.029	12.0628
793.962	0.0675897
796.896	18.0722
799.828	6.07654
802.76	14.0808
805.689	12.0848
808.619	18.0887
811.546	8.09235
814.473	14.0959
817.4	10.0992
820.324	16.1024
823.248	14.1054
826.17	0.108215
829.092	22.1109
832.012	26.1134
834.932	14.1157
837.851	36.1179
840.768	14.1199
843.685	12.1217
846.599	-5.87665
849.514	14.1248
852.428	6.12619
855.339	8.12736
858.251	16.1284
861.16	28.1292
864.07	14.1299
866.978	42.1304
869.884	8.13081
872.792	18.131
875.696	-1.86892
878.599	8.13098
881.502	14.1307
884.404	16.1303
887.304	18.1297
890.204	18.129
893.103	16.1281
896.001	16.1271
898.898	6.12594
901.794	6.12461
904.689	6.12313
907.581	22.1215
910.474	26.1197
913.364	-7.88221
916.256	6.11571
919.144	14.1135
922.034	22.1111
924.92	20.1086
927.808	24.1059
930.693	10.1031
933.576	26.1002
936.459	10.0971
939.341	18.0939
942.222	4.09048
945.102	-1.91304
947.981	18.0833
950.859	12.0795
953.737	8.07557
956.613	22.0715
959.488	24.0673
962.361	16.0629
965.235	6.05845
968.105	16.0538
970.977	14.0491
973.846	16.0442
976.716	26.0392
979.583	16.034
982.449	22.0287
985.316	16.0233
988.18	0.0177544
991.043	2.01207
993.906	18.0063
996.767	26.0003
999.628	35.9943
1002.49	3.98806
1005.35	1.98174
1008.2	5.97529
1011.06	3.96872
1013.91	3.96202
1016.77	15.9552
1019.62	17.9483
1022.48	15.9412
1025.33	15.934
1028.18	21.9267
1031.03	5.91925
1033.87	3.91169
1036.72	11.904
1039.57	21.8962
1042.41	21.8883
1045.26	23.8803
1048.1	15.8721
1050.94	19.8639
1053.78	17.8555
1056.62	21.847
1059.46	27.8384
1062.3	3.82965
1065.14	11.8208
1067.97	13.8119
1070.81	13.8028
1073.64	23.7936
1076.47	19.7843
1079.31	31.7749
1082.14	11.7654
1084.97	15.7558
1087.8	19.7461
1090.63	7.73628
1093.45	-2.27366
1096.28	13.7163
1099.1	17.7061
1101.93	17.6959
1104.75	9.68552
1107.57	17.6751
1110.39	9.66449
1113.21	17.6538
1116.03	13.643
1118.85	1.63217
1121.66	5.62119
1124.48	9.61011
1127.3	21.5989
1130.11	5.58766
1132.92	15.5763
1135.73	13.5648
1138.54	11.5532
1141.35	9.54158
1144.16	13.5298
1146.97	15.5179
1149.78	1.50599
1152.58	9.49395
1155.39	7.4818
1158.19	31.4696
1161	9.45723
1163.8	-10.5552
1166.6	5.4323
1169.4	-4.58031
1172.2	-4.593
1174.99	5.39421
1177.79	5.38134
1180.59	9.36838
1183.38	7.35533
1186.17	9.34218
1188.97	17.329
1191.76	13.3156
1194.55	-0.69775
1197.34	15.2888
1200.13	21.2752
1202.92	9.26155
1205.7	3.24782
1208.49	-0.766003
1211.27	9.22009
1214.06	13.2061
1216.84	1.19205
1219.62	11.1779
1222.4	29.1637
1225.18	9.14938
1227.96	5.135
1230.74	1.12053
1233.51	15.106
1236.29	1.09138
1239.06	15.0767
1241.84	19.0619
1244.61	-4.95293
1247.38	13.0322
1250.15	5.01716
1252.92	7.00209
1255.69	-3.01305
1258.46	10.9717
1261.23	-1.04355
1263.99	-5.05891
1266.76	0.925659
1269.52	20.9102
1272.28	18.8946
1275.05	18.8789
1277.81	-13.1368
1280.57	6.84746
1283.33	22.8316
1286.08	0.815705
1288.84	8.79972
1291.6	14.7837
1294.35	4.76756
1297.11	6.75139
1299.86	8.73515
1302.61	12.7188
1305.36	36.7025
1308.11	14.686
1310.86	10.6695
1313.61	6.65299
1316.36	18.6364
1319.1	22.6197
1321.85	8.60295
1324.59	18.5861
1327.33	4.56929
1330.08	6.55237
1332.82	0.535392
1335.56	-1.48165
1338.3	12.5013
1341.04	22.4841
1343.77	2.46691
1346.51	4.44965
1349.25	4.43233
1351.98	6.41497
1354.71	12.3975
1357.45	22.3801
1360.18	6.36253
1362.91	24.3449
1365.64	0.327298
1368.37	2.30961
1371.09	-1.70813
1373.82	12.2741
1376.54	2.25625
1379.27	8.23835
1381.99	6.22041
1384.72	2.20242
1387.44	0.184389
1390.16	6.1663
1392.88	14.1482
1395.6	12.13
1398.31	14.1118
1401.03	8.0935
1403.75	20.0752
1406.46	0.0568171
1409.18	16.0384
1411.89	12.02
1414.6	26.0015
1417.31	15.983
1420.02	11.9644
1422.73	11.9458
1425.44	9.92709
1428.15	1.9084
1430.85	21.8897
1433.56	23.8709
1436.26	7.85205
1438.97	21.8332
1441.67	11.8143
1444.37	7.79538
1447.07	15.7764
1449.77	13.7574
1452.47	1.73835
1455.16	13.7193
1457.86	9.70016
1460.56	7.681
1463.25	9.66181
1465.94	15.6426
1468.64	5.62334
1471.33	15.6041
1474.02	3.58474
1476.71	3.56539
1479.4	15.546
1482.09	27.5266
1484.77	-2.49285
1487.46	23.4877
1490.14	19.4682
1492.83	23.4486
1495.51	11.4291
1498.19	-0.590519
1500.87	-2.61013
1503.55	3.37022
1506.23	3.35054
1508.91	3.33085
1511.59	5.31112
1514.27	1.29137
1516.94	15.2716
1519.62	15.2518
1522.29	11.232
1524.96	19.2121
1527.63	3.19224
1530.3	-4.82766
1532.97	-2.84758
1535.64	7.13248
1538.31	-4.88748
1540.98	1.09254
1543.64	5.07253
1546.31	3.05251
1548.97	7.03246
1551.63	7.0124
1554.3	-7.00769
1556.96	-5.02778
1559.62	8.9521
1562.28	2.93196
1564.94	2.91181
1567.59	0.891639
1570.25	6.87145
1572.9	20.8512
1575.56	6.83102
1578.21	2.8108
1580.86	28.7905
1583.52	8.77028
1586.17	2.75001
1588.82	8.72971
1591.47	0.709414
1594.11	-1.3109
1596.76	0.66878
1599.41	8.64844
1602.05	14.6281
1604.69	6.60774
1607.34	6.58736
1609.98	16.567
1612.62	6.54659
1615.26	-3.47381
1617.9	-5.49421
1620.54	0.485366
1623.18	0.464949
1625.81	22.4445
1628.45	12.4241
1631.08	-3.59636
1633.72	14.3832
1636.35	0.362736
1638.98	16.3423
1641.61	10.3218
1644.24	4.30134
1646.87	0.280861
1649.5	18.2604
1652.13	6.23991
1654.75	20.2194
1657.38	-1.80106
1660	10.1784
1662.63	2.15796
1665.25	10.1375
1667.87	-11.883
1670.49	8.09648
1673.11	10.076
1675.73	24.0555
1678.35	14.035
1680.96	4.01451
1683.58	7.99404
1686.19	7.97355
1688.81	-6.04694
1691.42	3.93258
1694.03	9.9121
1696.64	23.8916
1699.25	3.87117
1701.87	11.8507
1704.47	1.83023
1707.08	15.8098
1709.69	3.78933
1712.29	-0.231116
1714.9	3.74845
1717.5	13.728
1720.1	21.7076
1722.71	15.6872
1725.31	15.6668
1727.91	5.64637
1730.51	11.626
1733.1	-2.39439
1735.7	7.58522
1738.3	5.56486
1740.89	11.5445
1743.49	21.5242
1746.08	9.50384
1748.67	-0.516482
1751.26	11.4632
1753.86	-0.557078
1756.45	19.4226
1759.03	5.40237
1761.62	29.3821
1764.21	-4.63813
1766.8	11.3416
1769.38	7.32143
1771.97	1.30122
1774.55	17.281
1777.13	-2.73914
1779.71	17.2407
1782.29	-6.77942
1784.87	9.20046
1787.45	25.1804
1790.03	9.16027
1792.61	-2.8598
1795.18	7.12015
1797.76	13.1001
1800.33	1.0801
1802.9	9.06011
1805.48	9.04013
1808.05	9.02018
1810.62	5.00024
1813.19	20.9803
1815.76	6.96043
1818.33	2.94055
1820.89	-9.07931
1823.46	12.9009
1826.02	20.8811
1828.59	12.8613
1831.15	8.84152
1833.71	6.82177
1836.27	-5.19794
1838.84	-1.21763
1841.39	4.76271
1843.95	8.74307
1846.51	8.72345
1849.07	12.7039
1851.62	16.6843
1854.18	18.6648
1856.73	8.64525
1859.29	4.62576
1861.84	14.6063
1864.39	8.58688
1866.94	18.5675
1869.49	4.54809
1872.04	10.5287
1874.59	0.509431
1877.13	22.4901
1879.68	-3.52911
1882.22	16.4517
1884.77	16.4325
1887.31	12.4133
1889.85	14.3942
1892.39	6.37506
1894.93	14.356
1897.47	8.33694
1900.01	0.317928
1902.55	14.299
1905.09	16.28
1907.62	8.2611
1910.16	16.2422
1912.69	8.22338
1915.22	4.20457
1917.76	14.1858
1920.29	-1.83294
1922.82	16.1484
1925.35	34.1297
1927.88	-9.88895
1930.4	6.09245
1932.93	14.0739
1935.46	14.0554
1937.98	2.03688
1940.51	2.01843
1943.03	8.00002
1945.55	-0.0183459
1948.07	7.96331
1950.59	5.94502
1953.11	29.9268
1955.63	1.90855
1958.15	3.89037
1960.67	7.87224
1963.18	11.8541
1965.7	15.8361
1968.21	-2.18193
1970.73	19.8001
1973.24	9.78215
1975.75	21.7643
1978.26	7.74641
1980.77	3.72861
1983.28	13.7108
1985.79	7.69313
1988.29	11.6755
1990.8	15.6578
1993.31	7.64022
1995.81	23.6227
1998.31	9.60518
