100.093	-2.17318
103.274	9.93619
106.457	4.04484
109.636	12.1526
112.817	26.2597
115.994	4.36596
119.172	0.471484
122.347	22.5762
125.521	4.68008
128.696	18.7833
131.868	4.88567
135.039	18.9873
138.209	3.08814
141.379	9.18831
144.547	11.2877
147.713	11.3862
150.879	5.48409
154.043	-0.418813
157.206	9.67754
160.368	3.77316
163.529	9.86804
166.689	13.9622
169.848	10.0556
173.006	12.1483
176.163	2.24023
179.316	10.3314
182.471	14.4219
185.625	12.5117
188.777	4.60077
191.927	16.6891
195.077	0.776726
198.224	12.8636
201.372	-5.05015
204.52	5.03539
207.664	1.12017
210.809	1.20431
213.95	-4.7123
217.091	23.3704
220.233	-0.547534
223.372	-8.46621
226.509	19.6144
229.648	3.69445
232.784	-0.226268
235.918	5.85234
239.051	3.93028
242.186	8.0076
245.317	-1.91581
248.447	22.1601
251.577	6.2354
254.705	28.31
257.832	0.383967
260.958	24.4573
264.083	28.5299
267.204	0.601871
270.327	12.6732
273.449	10.7439
276.57	22.814
279.69	14.8834
282.806	22.9522
285.924	15.0203
289.04	21.0879
292.154	3.15473
295.268	19.221
298.379	3.28661
301.492	1.35164
304.601	-6.58399
307.711	17.4798
310.818	17.543
313.924	7.60548
317.031	9.66745
320.135	11.7288
323.238	-8.21052
326.34	3.84959
329.443	13.9092
332.543	-0.0319278
335.642	8.0264
338.74	38.0841
341.836	22.1413
344.932	6.19785
348.027	18.2538
351.12	8.30924
354.213	16.3641
357.302	10.4183
360.393	-3.52805
363.482	4.52505
366.57	-1.42241
369.656	2.62953
372.742	4.68093
375.827	4.73178
378.91	-5.21797
381.993	0.831767
385.073	6.88091
388.154	8.92954
391.232	8.97759
394.311	11.0251
397.387	-0.927925
400.462	15.1185
403.536	17.1644
406.611	9.20974
409.683	9.25454
412.754	15.2988
415.824	1.34256
418.893	5.38578
421.961	15.4285
425.027	19.4706
428.093	9.5123
431.158	7.55343
434.222	1.59405
437.284	5.63416
440.346	5.67375
443.407	-0.287163
446.464	3.75139
449.523	3.78947
452.581	-2.17295
455.635	-2.1359
458.691	5.90068
461.743	9.93674
464.797	9.97234
467.847	16.0074
470.899	-3.95796
473.947	0.0761464
476.994	10.1098
480.043	2.14294
483.088	4.17561
486.133	2.20781
489.176	8.23953
492.22	6.2708
495.262	18.3016
498.302	18.3319
501.341	6.36174
504.38	6.39112
507.417	16.4201
510.453	10.4485
513.487	-3.52348
516.521	10.5041
519.554	12.5312
522.586	4.55785
525.616	-7.41595
528.646	10.6098
531.675	2.63514
534.701	20.66
537.729	10.6845
540.753	10.7085
543.778	10.732
546.8	6.75518
549.821	-1.22211
552.844	20.8002
555.863	4.82204
558.881	-1.15652
561.898	8.86449
564.916	4.8851
567.932	30.9053
570.946	6.92505
573.959	2.94441
576.971	10.9634
579.982	2.98189
582.993	11
586	11.0177
589.008	11.0351
592.015	13.052
595.022	17.0685
598.025	-0.915319
601.029	7.10043
604.032	-0.884209
607.033	5.13075
610.034	11.1453
613.032	1.15953
616.032	7.17336
619.028	-0.813211
622.023	-4.80016
625.018	13.2125
628.013	13.2248
631.005	1.23678
633.997	13.2483
636.987	5.25955
639.977	17.2704
642.965	3.28086
645.952	17.291
648.939	5.30073
651.924	-4.68988
654.909	15.3192
657.892	-14.6721
660.873	-0.663805
663.854	-8.65581
666.835	11.3518
669.813	15.3591
672.791	11.3661
675.767	11.3727
678.743	11.379
681.717	17.3849
684.692	25.3905
687.664	11.3958
690.634	17.4008
693.606	9.40538
696.575	5.40967
699.543	15.4136
702.51	7.41728
705.475	11.4206
708.44	11.4236
711.404	7.4263
714.367	19.4287
717.329	-8.56926
720.29	21.4325
723.25	21.4339
726.207	13.4351
729.166	1.43591
732.123	15.4364
735.077	15.4367
738.032	1.43661
740.984	19.4362
743.938	17.4356
746.888	5.43464
749.839	1.4334
752.788	19.4319
755.735	21.4301
758.682	3.42795
761.627	5.42557
764.574	13.4229
767.517	7.41996
770.46	5.41674
773.402	13.4132
776.342	17.4095
779.282	7.40542
782.219	5.40112
785.157	23.3965
788.094	17.3917
791.029	9.38658
793.962	25.3812
796.896	-0.624422
799.828	27.3697
802.76	11.3635
805.689	17.3571
808.619	11.3505
811.546	11.3436
814.473	17.3364
817.4	15.329
820.324	29.3214
823.248	21.3135
826.17	27.3054
829.092	27.297
832.012	1.28839
834.932	7.27955
837.851	5.27047
840.768	25.2612
843.685	17.2516
846.599	29.2419
849.514	17.2319
852.428	5.22163
855.339	9.21119
858.251	17.2005
861.16	-4.81036
864.07	21.1785
866.978	15.1672
869.884	5.15569
872.792	19.1439
875.696	13.132
878.599	7.11982
881.502	21.1074
884.404	5.09487
887.304	1.08208
890.204	5.0691
893.103	15.0559
896.001	9.04253
898.898	11.029
901.794	31.0152
904.689	1.00121
907.581	14.9871
910.474	10.9727
913.364	2.95817
916.256	22.9434
919.144	10.9285
922.034	6.91345
924.92	6.89819
927.808	2.88273
930.693	14.8671
933.576	18.8513
936.459	18.8353
939.341	4.81918
942.222	2.80287
945.102	14.7864
947.981	16.7697
950.859	12.7529
953.737	22.7359
956.613	10.7188
959.488	16.7015
962.361	18.684
965.235	8.66637
968.105	14.6486
970.977	-7.36934
973.846	10.6126
976.716	30.5943
979.583	14.576
982.449	8.55743
985.316	8.53874
988.18	6.51992
991.043	18.501
993.906	10.4819
996.767	8.46262
999.628	14.4432
1002.49	8.42372
1005.35	22.4041
1008.2	18.3843
1011.06	-3.63562
1013.91	8.34434
1016.77	16.3242
1019.62	6.30388
1022.48	26.2835
1025.33	0.262915
1028.18	18.2422
1031.03	10.2215
1033.87	2.20057
1036.72	20.1795
1039.57	20.1584
1042.41	14.1372
1045.26	16.1158
1048.1	8.09435
1050.94	14.0728
1053.78	20.0511
1056.62	8.0293
1059.46	12.0074
1062.3	9.98541
1065.14	-0.0366679
1067.97	19.9411
1070.81	5.91885
1073.64	5.89646
1076.47	13.874
1079.31	21.8514
1082.14	15.8287
1084.97	9.80598
1087.8	-0.216852
1090.63	15.7602
1093.45	13.7372
1096.28	25.7141
1099.1	11.6909
1101.93	-6.33232
1104.75	11.6443
1107.57	21.6209
1110.39	7.59742
1113.21	7.57387
1116.03	-0.449779
1118.85	15.5265
1121.66	7.50273
1124.48	3.47887
1127.3	-2.54504
1130.11	19.431
1132.92	9.40693
1135.73	1.38283
1138.54	13.3587
1141.35	9.33443
1144.16	3.31013
1146.97	7.28578
1149.78	15.2614
1152.58	9.23695
1155.39	13.2124
1158.19	5.18788
1161	3.16327
1163.8	5.13863
1166.6	11.1139
1169.4	19.0892
1172.2	23.0644
1174.99	5.03955
1177.79	9.01468
1180.59	-1.01022
1183.38	16.9648
1186.17	22.9398
1188.97	24.9148
1191.76	6.88977
1194.55	12.8647
1197.34	-1.16044
1200.13	8.81442
1202.92	-7.21076
1205.7	2.76406
1208.49	10.7388
1211.27	10.7136
1214.06	12.6883
1216.84	2.66301
1219.62	12.6377
1222.4	8.61237
1225.18	4.58703
1227.96	14.5617
1230.74	20.5363
1233.51	18.5109
1236.29	10.4855
1239.06	0.460095
1241.84	4.43468
1244.61	0.409251
1247.38	-5.61618
1250.15	4.3584
1252.92	4.33296
1255.69	38.3075
1258.46	18.2821
1261.23	12.2566
1263.99	6.23121
1266.76	18.2058
1269.52	16.1803
1272.28	20.1549
1275.05	10.1295
1277.81	14.1041
1280.57	-1.92129
1283.33	4.05333
1286.08	4.02796
1288.84	14.0026
1291.6	7.97726
1294.35	-4.04806
1297.11	17.9266
1299.86	9.90136
1302.61	15.8761
1305.36	-4.14914
1308.11	3.82563
1310.86	13.8004
1313.61	3.77529
1316.36	23.7501
1319.1	17.725
1321.85	21.7
1324.59	23.6749
1327.33	-0.350112
1330.08	1.6249
1332.82	1.59996
1335.56	13.575
1338.3	1.55016
1341.04	-2.47466
1343.77	13.5005
1346.51	5.4758
1349.25	-2.54892
1351.98	5.42642
1354.71	7.40179
1357.45	19.3772
1360.18	37.3527
1362.91	7.32821
1365.64	11.3038
1368.37	9.2794
1371.09	-0.744919
1373.82	-2.76919
1376.54	9.20661
1379.27	7.18245
1381.99	7.15834
1384.72	3.13429
1387.44	7.11032
1390.16	1.08639
1392.88	9.06254
1395.6	13.0387
1398.31	15.015
1401.03	18.9914
1403.75	10.9678
1406.46	0.944217
1409.18	22.9208
1411.89	-3.10263
1414.6	14.8741
1417.31	2.85083
1420.02	-1.17234
1422.73	8.80456
1425.44	2.78154
1428.15	12.7586
1430.85	12.7357
1433.56	-1.28703
1436.26	10.6903
1438.97	16.6677
1441.67	6.64513
1444.37	12.6227
1447.07	24.6003
1449.77	12.5781
1452.47	20.5559
1455.16	22.5338
1457.86	10.5118
1460.56	-1.51013
1463.25	12.468
1465.94	14.4463
1468.64	22.4247
1471.33	2.40318
1474.02	8.38173
1476.71	-1.6396
1479.4	-5.66084
1482.09	0.318029
1484.77	6.297
1487.46	12.2761
1490.14	14.2552
1492.83	8.23453
1495.51	8.21392
1498.19	10.1934
1500.87	18.173
1503.55	4.15273
1506.23	2.13255
1508.91	12.1125
1511.59	6.09254
1514.27	6.07271
1516.94	14.053
1519.62	8.03339
1522.29	6.01391
1524.96	9.99454
1527.63	-2.0247
1530.3	9.95617
1532.97	-0.0628349
1535.64	17.9183
1538.31	7.89952
1540.98	3.8809
1543.64	-0.137608
1546.31	13.844
1548.97	3.82577
1551.63	17.8077
1554.3	11.7897
1556.96	11.7718
1559.62	13.7541
1562.28	3.73649
1564.94	11.719
1567.59	5.70172
1570.25	19.6845
1572.9	7.66748
1575.56	11.6506
1578.21	11.6338
1580.86	7.61719
1583.52	7.6007
1586.17	17.5844
1588.82	1.56816
1591.47	21.5521
1594.11	15.5362
1596.76	17.5205
1599.41	21.5048
1602.05	1.48939
1604.69	3.47408
1607.34	21.4589
1609.98	3.44391
1612.62	21.4291
1615.26	3.41435
1617.9	-0.600188
1620.54	-4.61458
1623.18	5.37119
1625.81	-0.642884
1628.45	-2.65679
1631.08	1.32946
1633.72	21.3159
1636.35	-8.69756
1638.98	13.2892
1641.61	-2.72393
1644.24	-4.73687
1646.87	3.25036
1649.5	7.23776
1652.13	17.2253
1654.75	7.21306
1657.38	13.201
1660	-0.810965
1662.63	9.17729
1665.25	3.1657
1667.87	15.1543
1670.49	-10.8569
1673.11	13.132
1675.73	11.1211
1678.35	11.1104
1680.96	5.09991
1683.58	23.0896
1686.19	9.0794
1688.81	7.06942
1691.42	25.0596
1694.03	23.05
1696.64	19.0406
1699.25	-0.968666
1701.87	25.0223
1704.47	9.0134
1707.08	17.0047
1709.69	-1.00378
1712.29	10.9879
1714.9	6.9798
1717.5	0.971878
1720.1	12.9641
1722.71	4.95661
1725.31	6.94927
1727.91	18.9421
1730.51	14.9352
1733.1	0.928415
1735.7	2.92186
1738.3	14.9155
1740.89	8.90934
1743.49	6.90339
1746.08	-1.10237
1748.67	14.8921
1751.26	14.8867
1753.86	6.88158
1756.45	8.87664
1759.03	16.8719
1761.62	16.8674
1764.21	12.8631
1766.8	-1.14104
1769.38	-1.14495
1771.97	12.8514
1774.55	-3.15212
1777.13	12.8446
1779.71	14.8416
1782.29	20.8387
1784.87	24.8361
1787.45	22.8337
1790.03	6.83149
1792.61	10.8295
1795.18	-5.17224
1797.76	24.8262
1800.33	16.8249
1802.9	10.8238
1805.48	14.8229
1808.05	16.8223
1810.62	0.821838
1813.19	20.8216
1815.76	8.82165
1818.33	4.82189
1820.89	-5.17764
1823.46	10.8231
1826.02	18.824
1828.59	6.82513
1831.15	-9.17348
1833.71	12.8281
1836.27	12.83
1838.84	14.8321
1841.39	0.834368
1843.95	16.8369
1846.51	16.8397
1849.07	2.84271
1851.62	14.846
1854.18	10.8494
1856.73	8.85317
1859.29	10.8571
1861.84	8.86134
1864.39	14.8658
1866.94	16.8705
1869.49	12.8754
1872.04	16.8806
1874.59	14.886
1877.13	0.891648
1879.68	20.8975
1882.22	-3.0963
1884.77	16.9101
1887.31	6.91674
1889.85	22.9236
1892.39	0.930769
1894.93	12.9382
1897.47	4.9458
1900.01	2.95369
1902.55	2.96183
1905.09	6.97023
1907.62	30.9789
1910.16	20.9878
1912.69	20.9969
1915.22	19.0064
1917.76	25.016
1920.29	-6.97404
1922.82	9.03614
1925.35	27.0466
1927.88	7.05729
1930.4	13.0683
1932.93	9.07948
1935.46	25.091
1937.98	3.10272
1940.51	17.1147
1943.03	3.12702
1945.55	17.1396
1948.07	13.1524
1950.59	9.16543
1953.11	23.1788
1955.63	13.1924
1958.15	9.20626
1960.67	19.2204
1963.18	3.23482
1965.7	1.2495
1968.21	23.2645
1970.73	-0.72031
1973.24	5.29519
1975.75	17.311
1978.26	11.327
1980.77	29.3433
1983.28	15.3599
1985.79	35.3768
1988.29	3.39396
1990.8	21.4114
1993.31	7.4291
1995.81	21.4471
1998.31	3.46534
