100.093	18.3348
103.274	12.4677
106.457	2.59994
109.636	-1.26883
112.817	30.8616
115.994	8.99107
119.172	17.1198
122.347	-0.752518
125.521	3.37434
128.696	-4.49957
131.868	11.6256
135.039	-2.25015
138.209	15.8733
141.379	11.9959
144.547	6.11767
147.713	6.23857
150.879	-1.64138
154.043	8.47783
157.206	8.59621
160.368	16.7138
163.529	0.830488
166.689	8.94639
169.848	5.06147
173.006	11.1757
176.163	1.28918
179.316	1.40174
182.471	7.51357
185.625	-2.3754
188.777	9.73482
191.927	23.8442
195.077	7.95281
198.224	2.06057
201.372	8.16762
204.52	8.27389
207.664	2.3793
210.809	10.484
213.95	6.58786
217.091	-3.30905
220.233	18.7933
223.372	4.89488
226.509	14.9957
229.648	13.0958
232.784	-2.80496
235.918	7.29355
239.051	-4.60868
242.186	-0.511597
245.317	9.58468
248.447	5.68021
251.577	-10.225
254.705	9.86906
257.832	19.9624
260.958	4.05499
264.083	2.14686
267.204	12.2379
270.327	12.3284
273.449	20.4181
276.57	4.50708
279.69	8.59537
282.806	2.68289
285.924	18.7698
289.04	10.8559
292.154	20.9413
295.268	-0.973879
298.379	1.11015
301.492	1.19354
304.601	-0.723809
307.711	15.3582
310.818	19.4395
313.924	7.52011
317.031	11.6001
320.135	9.67936
323.238	3.75795
326.34	11.8359
329.443	3.91319
332.543	11.9898
335.642	4.06574
338.74	16.141
341.836	4.21567
344.932	14.2897
348.027	16.363
351.12	8.43572
354.213	8.50778
357.302	10.5792
360.393	-1.35005
363.482	28.7201
366.57	18.7896
369.656	6.85851
372.742	14.9268
375.827	-1.00554
378.91	15.0615
381.993	17.1279
385.073	1.19368
388.154	5.25889
391.232	7.32346
394.311	11.3875
397.387	7.45083
400.462	15.5136
403.536	-6.42423
406.611	17.6374
409.683	15.6984
412.754	1.7588
415.824	9.81862
418.893	11.8779
421.961	5.93653
425.027	7.99463
428.093	24.0521
431.158	10.1091
434.222	10.1655
437.284	4.22131
440.346	16.2766
443.407	18.3313
446.464	16.3854
449.523	4.43898
452.581	4.49203
455.635	2.54449
458.691	-3.40356
461.743	10.6478
464.797	-1.3013
467.847	10.749
470.899	12.7988
473.947	-1.15196
476.994	-9.10325
480.043	10.945
483.088	22.9926
486.133	13.0398
489.176	21.0864
492.22	13.1325
495.262	9.17814
498.302	7.22323
501.341	7.26781
504.38	9.31189
507.417	11.3555
510.453	3.39855
513.487	13.4411
516.521	23.4832
519.554	-2.47521
522.586	1.56589
525.616	7.60649
528.646	7.64663
531.675	25.6863
534.701	13.7254
537.729	5.76415
540.753	1.80235
543.778	-2.15988
546.8	-2.12262
549.821	13.9142
552.844	13.9506
555.863	17.9864
558.881	4.02186
561.898	2.05683
564.916	4.09137
567.932	4.12544
570.946	4.15906
573.959	2.19223
576.971	8.22497
579.982	20.2573
582.993	4.28912
586	18.3205
589.008	10.3515
592.015	12.3821
595.022	-11.5878
598.025	0.441891
601.029	10.4712
604.032	10.5
607.033	24.5285
610.034	-19.4435
613.032	10.5841
616.032	12.6113
619.028	12.6381
622.023	-1.33551
625.018	16.6905
628.013	6.71607
631.005	10.7412
633.997	4.76604
636.987	6.79043
639.977	4.81443
642.965	12.8381
645.952	6.86128
648.939	16.8841
651.924	6.9066
654.909	14.9287
657.892	28.9504
660.873	4.97173
663.854	26.9927
666.835	9.0133
669.813	7.03352
672.791	21.0534
675.767	-4.92712
678.743	23.092
681.717	11.1108
684.692	1.12925
687.664	19.1473
690.634	17.165
693.606	21.1824
696.575	7.19947
699.543	13.2162
702.51	11.2325
705.475	5.24851
708.44	9.26419
711.404	11.2795
714.367	15.2945
717.329	17.3092
720.29	21.3236
723.25	13.3376
726.207	19.3513
729.166	21.3647
732.123	9.37777
735.077	11.3905
738.032	23.403
740.984	-0.58491
743.938	17.4269
746.888	23.4384
749.839	7.44964
752.788	13.4605
755.735	5.47116
758.682	15.4815
761.627	9.49148
764.574	19.5012
767.517	11.5106
770.46	3.51979
773.402	9.52865
776.342	23.5372
779.282	7.54552
782.219	21.5535
785.157	19.5613
788.094	23.5687
791.029	5.57592
793.962	15.5828
796.896	1.58949
799.828	27.5959
802.76	7.602
805.689	11.6079
808.619	9.61345
811.546	1.6188
814.473	7.62388
817.4	11.6287
820.324	27.6333
823.248	13.6376
826.17	3.64172
829.092	7.64556
832.012	7.64916
834.932	13.6525
837.851	19.6556
840.768	7.65853
843.685	13.6612
846.599	11.6636
849.514	19.6658
852.428	5.66775
855.339	5.66949
858.251	11.671
861.16	19.6723
864.07	9.67337
866.978	-4.32577
869.884	11.6749
872.792	17.6753
875.696	15.6755
878.599	13.6755
881.502	9.67533
884.404	5.67493
887.304	15.6743
890.204	15.6735
893.103	27.6725
896.001	5.67133
898.898	23.6699
901.794	9.66835
904.689	7.66657
907.581	9.66461
910.474	-2.33754
913.364	15.6601
916.256	13.6576
919.144	19.6549
922.034	3.65205
924.92	23.649
927.808	19.6458
930.693	5.64238
933.576	-12.3612
936.459	21.6351
939.341	17.6312
942.222	-0.372875
945.102	-0.377099
947.981	11.6185
950.859	7.61397
953.737	3.60927
956.613	17.6044
959.488	9.59942
962.361	3.59426
965.235	7.58896
968.105	-0.416489
970.977	9.57792
973.846	13.5722
976.716	-0.433698
979.583	9.56029
982.449	9.55414
985.316	-2.45215
988.18	17.5414
991.043	9.53488
993.906	-8.4718
996.767	31.5214
999.628	3.51447
1002.49	5.50741
1005.35	5.50023
1008.2	13.4929
1011.06	5.48553
1013.91	9.478
1016.77	9.47036
1019.62	19.4626
1022.48	11.4547
1025.33	3.44677
1028.18	3.43869
1031.03	25.4305
1033.87	5.42223
1036.72	15.4138
1039.57	15.4054
1042.41	25.3968
1045.26	25.3881
1048.1	19.3793
1050.94	11.3705
1053.78	5.36152
1056.62	19.3525
1059.46	-2.65665
1062.3	11.3341
1065.14	1.32486
1067.97	5.31548
1070.81	9.30604
1073.64	-2.70349
1076.47	3.28691
1079.31	7.27723
1082.14	-10.7325
1084.97	13.2577
1087.8	7.24778
1090.63	1.23783
1093.45	-2.77218
1096.28	17.2177
1099.1	17.2076
1101.93	11.1974
1104.75	15.1872
1107.57	-8.82316
1110.39	7.16648
1113.21	15.1561
1116.03	1.1456
1118.85	1.13508
1121.66	19.1245
1124.48	17.1139
1127.3	1.10327
1130.11	11.0926
1132.92	7.08185
1135.73	11.0711
1138.54	3.06028
1141.35	-0.950558
1144.16	5.03856
1146.97	17.0277
1149.78	5.01673
1152.58	7.00577
1155.39	0.994785
1158.19	2.98377
1161	24.9727
1163.8	0.961687
1166.6	14.9506
1169.4	18.9395
1172.2	8.92841
1174.99	6.91728
1177.79	4.90615
1180.59	6.89501
1183.38	16.8839
1186.17	4.87269
1188.97	10.8615
1191.76	6.85035
1194.55	2.83917
1197.34	-3.172
1200.13	10.8168
1202.92	16.8056
1205.7	-3.20552
1208.49	12.7833
1211.27	0.772154
1214.06	14.761
1216.84	4.74987
1219.62	10.7387
1222.4	12.7276
1225.18	-1.28346
1227.96	10.7055
1230.74	14.6944
1233.51	10.6833
1236.29	-13.3277
1239.06	16.6613
1241.84	-1.34964
1244.61	0.639416
1247.38	0.628497
1250.15	0.617616
1252.92	8.60676
1255.69	8.59593
1258.46	4.58514
1261.23	6.57439
1263.99	0.563676
1266.76	6.55299
1269.52	-5.45764
1272.28	4.53177
1275.05	12.5212
1277.81	8.51071
1280.57	6.50025
1283.33	0.489838
1286.08	12.4795
1288.84	10.4692
1291.6	2.45891
1294.35	16.4487
1297.11	2.43856
1299.86	4.42847
1302.61	10.4184
1305.36	16.4085
1308.11	10.3986
1310.86	0.388723
1313.61	24.3789
1316.36	2.36923
1319.1	14.3596
1321.85	-1.64999
1324.59	18.3405
1327.33	-1.66892
1330.08	2.32172
1332.82	8.31244
1335.56	6.30323
1338.3	14.2941
1341.04	6.28506
1343.77	4.27609
1346.51	6.26721
1349.25	14.2584
1351.98	-5.7503
1354.71	14.2411
1357.45	8.23254
1360.18	2.22409
1362.91	8.21573
1365.64	12.2075
1368.37	6.1993
1371.09	6.19123
1373.82	22.1833
1376.54	-1.82462
1379.27	8.1676
1381.99	12.1599
1384.72	0.152353
1387.44	-1.85511
1390.16	14.1375
1392.88	8.13027
1395.6	8.12312
1398.31	6.11609
1401.03	-1.89084
1403.75	12.1024
1406.46	0.0956503
1409.18	10.0891
1411.89	12.0826
1414.6	0.0762553
1417.31	4.07003
1420.02	22.0639
1422.73	0.0579387
1425.44	8.05208
1428.15	6.04634
1430.85	12.0407
1433.56	6.03526
1436.26	10.0299
1438.97	0.0246825
1441.67	6.01959
1444.37	6.01464
1447.07	18.0098
1449.77	6.00514
1452.47	0.000587549
1455.16	1.99618
1457.86	21.9919
1460.56	9.98778
1463.25	13.9838
1465.94	3.97996
1468.64	9.97626
1471.33	11.9727
1474.02	11.9693
1476.71	15.9661
1479.4	-0.0370403
1482.09	-0.0399885
1484.77	7.95722
1487.46	3.95458
1490.14	-2.04791
1492.83	9.94976
1495.51	11.9476
1498.19	7.94558
1500.87	25.9437
1503.55	-0.0579537
1506.23	21.9405
1508.91	9.93916
1511.59	11.938
1514.27	23.9369
1516.94	-6.06391
1519.62	11.9354
1522.29	15.9349
1524.96	21.9345
1527.63	1.93438
1530.3	-2.06562
1532.97	15.9346
1535.64	11.9349
1538.31	13.9355
1540.98	7.93618
1543.64	-4.06292
1546.31	9.93816
1548.97	3.93942
1551.63	9.94087
1554.3	3.94251
1556.96	-6.05567
1559.62	17.9463
1562.28	11.9485
1564.94	11.9509
1567.59	15.9535
1570.25	-0.0437038
1572.9	3.95927
1575.56	13.9624
1578.21	7.9658
1580.86	5.96936
1583.52	3.97313
1586.17	19.9771
1588.82	11.9813
1591.47	-2.01438
1594.11	17.9902
1596.76	-0.0050289
1599.41	9.99995
1602.05	8.00515
1604.69	4.01055
1607.34	8.01616
1609.98	-1.97802
1612.62	2.02801
1615.26	4.03426
1617.9	10.0407
1620.54	14.0474
1623.18	10.0543
1625.81	12.0614
1628.45	8.06874
1631.08	16.0763
1633.72	6.08406
1636.35	12.0921
1638.98	12.1003
1641.61	18.1087
1644.24	4.1174
1646.87	10.1263
1649.5	6.13543
1652.13	8.14478
1654.75	10.1544
1657.38	2.16418
1660	14.1742
1662.63	10.1845
1665.25	4.19505
1667.87	20.2058
1670.49	4.2168
1673.11	-7.77197
1675.73	12.2395
1678.35	12.2512
1680.96	2.26317
1683.58	12.2754
1686.19	6.28781
1688.81	18.3005
1691.42	-5.68658
1694.03	34.3266
1696.64	26.34
1699.25	4.3537
1701.87	-1.63236
1704.47	10.3818
1707.08	6.39624
1709.69	2.41093
1712.29	6.42587
1714.9	12.4411
1717.5	20.4565
1720.1	18.4722
1722.71	12.4882
1725.31	4.50441
1727.91	14.5209
1730.51	18.5376
1733.1	24.5547
1735.7	-1.42806
1738.3	16.5895
1740.89	8.60729
1743.49	8.62537
1746.08	-1.35629
1748.67	14.6623
1751.26	6.6812
1753.86	4.70036
1756.45	20.7198
1759.03	12.7395
1761.62	4.75946
1764.21	-5.2203
1766.8	14.8002
1769.38	22.821
1771.97	14.8421
1774.55	0.863473
1777.13	16.8851
1779.71	14.907
1782.29	-3.07077
1784.87	10.9517
1787.45	8.97449
1790.03	14.9975
1792.61	27.0209
1795.18	5.04451
1797.76	19.0684
1800.33	11.0926
1802.9	19.1171
1805.48	3.14192
1808.05	13.167
1810.62	-6.80762
1813.19	7.21804
1815.76	31.244
1818.33	11.2703
1820.89	17.2968
1823.46	19.3237
1826.02	17.3508
1828.59	1.37828
1831.15	17.406
1833.71	13.4341
1836.27	-8.53755
1838.84	13.4911
1841.39	7.52007
1843.95	13.5493
1846.51	19.5789
1849.07	-2.39122
1851.62	-2.36102
1854.18	15.6695
1856.73	33.7003
1859.29	13.7314
1861.84	9.76284
1864.39	7.79458
1866.94	23.8267
1869.49	-0.140976
1872.04	13.8917
1874.59	15.9247
1877.13	1.95804
1879.68	21.9917
1882.22	8.02563
1884.77	18.0599
1887.31	2.0945
1889.85	22.1294
1892.39	12.1647
1894.93	24.2002
1897.47	2.23614
1900.01	2.27235
1902.55	10.3089
1905.09	2.34577
1907.62	6.38297
1910.16	12.4205
1912.69	12.4583
1915.22	2.49653
1917.76	-1.46497
1920.29	10.5739
1922.82	2.61307
1925.35	28.6526
1927.88	10.6925
1930.4	20.7326
1932.93	12.7732
1935.46	26.814
1937.98	2.85522
1940.51	16.8968
1943.03	8.93865
1945.55	18.9809
1948.07	19.0234
1950.59	31.0663
1953.11	5.10958
1955.63	15.1532
1958.15	-4.80292
1960.67	17.2414
1963.18	17.286
1965.7	15.331
1968.21	3.37628
1970.73	1.42196
1973.24	7.46799
1975.75	13.5143
1978.26	11.5611
1980.77	17.6081
1983.28	7.65559
1985.79	-4.29664
1988.29	17.7515
1990.8	21.8
1993.31	15.8489
1995.81	21.8981
1998.31	9.94759
