100.093	21.3652
103.274	11.4021
106.457	1.43876
109.636	15.4752
112.817	25.5114
115.994	19.5474
119.172	15.5832
122.347	3.61878
125.521	9.65412
128.696	15.6893
131.868	15.7242
135.039	17.7588
138.209	-6.20669
141.379	-0.172419
144.547	3.86162
147.713	11.8954
150.879	-2.07094
154.043	13.9625
157.206	15.9956
160.368	8.02863
163.529	14.0614
166.689	24.094
169.848	12.1263
173.006	16.1585
176.163	16.1904
179.316	16.2221
182.471	0.253636
185.625	28.285
188.777	18.3161
191.927	24.347
195.077	16.3777
198.224	10.4082
201.372	6.43851
204.52	6.46863
207.664	6.49853
210.809	20.5282
213.95	14.5577
217.091	20.5871
220.233	-5.38381
223.372	20.6451
226.509	20.6738
229.648	26.7024
232.784	2.73071
235.918	16.7589
239.051	4.78681
242.186	4.81459
245.317	18.8422
248.447	8.86955
251.577	10.8967
254.705	6.92375
257.832	20.9506
260.958	8.97721
264.083	11.0037
267.204	21.0299
270.327	3.05599
273.449	21.0819
276.57	11.1076
279.69	-2.86685
282.806	17.1585
285.924	21.1837
289.04	11.2087
292.154	11.2335
295.268	3.2581
298.379	5.28254
301.492	23.3068
304.601	13.3309
307.711	9.35486
310.818	7.3786
313.924	19.4022
317.031	7.42559
320.135	-0.551188
323.238	7.47187
326.34	5.49475
329.443	9.51748
332.543	9.54002
335.642	3.5624
338.74	15.5846
341.836	7.60665
344.932	13.6285
348.027	-4.34977
351.12	11.6718
354.213	7.69316
357.302	19.7144
360.393	3.73541
363.482	7.7563
366.57	21.777
369.656	-0.202418
372.742	-0.182011
375.827	11.8382
378.91	25.8583
381.993	13.8782
385.073	1.898
388.154	19.9176
391.232	-6.06293
394.311	13.9564
397.387	13.9755
400.462	3.99449
403.536	0.0133222
406.611	0.032012
409.683	10.0505
412.754	0.068911
415.824	4.08713
418.893	8.10521
421.961	18.1231
425.027	6.14091
428.093	6.15853
431.158	12.176
434.222	-7.80665
437.284	8.21054
440.346	10.2276
443.407	10.2445
446.464	-1.73878
449.523	4.27783
452.581	2.29429
455.635	22.3106
458.691	4.32679
461.743	10.3428
464.797	8.35873
467.847	8.37448
470.899	2.3901
473.947	8.40558
476.994	0.420918
480.043	18.4361
483.088	-3.5488
486.133	8.46613
489.176	2.48092
492.22	26.4956
495.262	-1.48988
498.302	-3.47549
501.341	14.5388
504.38	12.5529
507.417	-11.4331
510.453	8.58078
513.487	8.59451
516.521	4.60812
519.554	0.621599
522.586	18.635
525.616	6.64817
528.646	2.66127
531.675	0.674244
534.701	-3.31292
537.729	4.69981
540.753	2.7124
543.778	8.72488
546.8	6.73722
549.821	-3.25056
552.844	4.76155
555.863	18.7735
558.881	10.7854
561.898	14.7971
564.916	8.80876
567.932	-1.17974
570.946	4.83165
573.959	8.84291
576.971	10.8541
579.982	16.8651
582.993	4.87602
586	6.88682
589.008	16.8975
592.015	8.90808
595.022	-3.08146
598.025	10.9289
601.029	6.93913
604.032	4.94925
607.033	-3.04074
610.034	0.969168
613.032	8.97896
616.032	4.98865
619.028	18.9982
622.023	3.00768
625.018	-12.983
628.013	21.0263
631.005	3.03545
633.997	11.0445
636.987	11.0534
639.977	3.06225
642.965	9.07098
645.952	5.07961
648.939	3.08813
651.924	3.09655
654.909	1.10487
657.892	7.11309
660.873	17.1212
663.854	11.1292
666.835	9.13714
669.813	-0.855043
672.791	21.1527
675.767	27.1603
678.743	-0.832167
681.717	13.1753
684.692	3.1826
687.664	3.18984
690.634	7.19698
693.606	11.204
696.575	5.21099
699.543	15.2179
702.51	3.22463
705.475	3.23131
708.44	13.2379
711.404	-0.7556
714.367	3.25081
717.329	-2.74287
720.29	13.2634
723.25	13.2695
726.207	3.27555
729.166	-8.71848
732.123	7.28741
735.077	27.2932
738.032	11.2989
740.984	13.3045
743.938	5.31007
746.888	13.3155
749.839	3.3209
752.788	9.32618
755.735	27.3314
758.682	5.33651
761.627	17.3416
764.574	9.34652
767.517	7.3514
770.46	9.3562
773.402	1.36093
776.342	5.36557
779.282	15.3701
782.219	23.3746
785.157	7.37904
788.094	3.38338
791.029	15.3876
793.962	3.39182
796.896	-0.604069
799.828	7.39997
802.76	13.4039
805.689	19.4078
808.619	19.4116
811.546	3.41538
814.473	15.419
817.4	3.42265
820.324	21.4262
823.248	1.42964
826.17	19.433
829.092	-2.56365
832.012	11.4396
834.932	15.4428
837.851	19.4459
840.768	25.449
843.685	9.45195
846.599	9.45486
849.514	1.45772
852.428	17.4605
855.339	7.46323
858.251	1.46589
861.16	13.4685
864.07	11.471
866.978	15.4735
869.884	15.4759
872.792	5.47824
875.696	19.4805
878.599	5.48276
881.502	27.4849
884.404	15.487
887.304	7.48908
890.204	17.4911
893.103	1.493
896.001	11.4949
898.898	9.4967
901.794	13.4985
904.689	-4.49984
907.581	15.5018
910.474	9.50341
913.364	11.5049
916.256	9.50644
919.144	21.5079
922.034	-0.490748
924.92	7.51058
927.808	19.5119
930.693	11.5131
933.576	3.51425
936.459	7.51538
939.341	3.51645
942.222	13.5175
945.102	1.51845
947.981	17.5194
950.859	3.52025
953.737	11.5211
956.613	17.5219
959.488	5.5226
962.361	1.52329
965.235	5.52394
968.105	11.5245
970.977	1.52509
973.846	-0.474397
976.716	-4.47393
979.583	5.52649
982.449	23.5269
985.316	-0.47279
988.18	29.5275
991.043	3.52776
993.906	9.52797
996.767	9.52814
999.628	1.52828
1002.49	-6.47163
1005.35	27.5284
1008.2	5.52844
1011.06	1.52841
1013.91	9.52835
1016.77	13.5283
1019.62	7.52812
1022.48	7.52795
1025.33	15.5277
1028.18	21.5275
1031.03	5.52721
1033.87	-4.4731
1036.72	7.52655
1039.57	1.52617
1042.41	-4.47424
1045.26	5.52531
1048.1	23.5248
1050.94	11.5243
1053.78	7.52377
1056.62	9.5232
1059.46	7.52259
1062.3	13.522
1065.14	7.52129
1067.97	1.5206
1070.81	7.51987
1073.64	17.5191
1076.47	13.5183
1079.31	1.51753
1082.14	9.5167
1084.97	9.51584
1087.8	13.5149
1090.63	5.51403
1093.45	-6.4869
1096.28	7.51213
1099.1	11.5111
1101.93	-4.48987
1104.75	7.50909
1107.57	13.508
1110.39	21.507
1113.21	11.5058
1116.03	3.50472
1118.85	11.5036
1121.66	5.5024
1124.48	1.50121
1127.3	21.5
1130.11	19.4988
1132.92	-2.50248
1135.73	-2.50375
1138.54	3.49496
1141.35	9.49366
1144.16	15.4923
1146.97	3.49099
1149.78	7.48964
1152.58	-2.51174
1155.39	13.4869
1158.19	13.4855
1161	-2.51596
1163.8	11.4826
1166.6	-6.51884
1169.4	5.47969
1172.2	13.4782
1174.99	9.47672
1177.79	7.47522
1180.59	9.4737
1183.38	9.47217
1186.17	9.47063
1188.97	9.46908
1191.76	7.46751
1194.55	1.46594
1197.34	17.4644
1200.13	3.46276
1202.92	21.4612
1205.7	7.45955
1208.49	11.4579
1211.27	-0.543699
1214.06	5.45467
1216.84	-0.546977
1219.62	15.4514
1222.4	7.44972
1225.18	7.44806
1227.96	5.44639
1230.74	-4.55529
1233.51	5.44304
1236.29	-8.55865
1239.06	5.43967
1241.84	19.438
1244.61	23.4363
1247.38	5.43458
1250.15	9.43289
1252.92	-2.56882
1255.69	11.4295
1258.46	27.4278
1261.23	3.42607
1263.99	11.4244
1266.76	13.4227
1269.52	9.42095
1272.28	15.4192
1275.05	5.41753
1277.81	9.41583
1280.57	7.41413
1283.33	9.41243
1286.08	1.41073
1288.84	3.40903
1291.6	1.40734
1294.35	1.40565
1297.11	11.404
1299.86	1.40228
1302.61	7.4006
1305.36	13.3989
1308.11	5.39726
1310.86	-0.604399
1313.61	-8.60605
1316.36	27.3923
1319.1	-4.60935
1321.85	-0.610981
1324.59	27.3874
1327.33	9.38577
1330.08	3.38416
1332.82	9.38256
1335.56	5.38096
1338.3	1.37938
1341.04	13.3778
1343.77	15.3762
1346.51	11.3747
1349.25	-4.62686
1351.98	3.3716
1354.71	11.3701
1357.45	11.3686
1360.18	17.3671
1362.91	15.3656
1365.64	-0.635889
1368.37	3.36265
1371.09	1.3612
1373.82	5.35977
1376.54	11.3584
1379.27	23.357
1381.99	-0.644439
1384.72	5.35419
1387.44	7.35283
1390.16	9.35149
1392.88	7.35016
1395.6	11.3489
1398.31	5.34756
1401.03	11.3463
1403.75	9.34503
1406.46	13.3438
1409.18	17.3426
1411.89	21.3414
1414.6	17.3402
1417.31	11.339
1420.02	-0.662132
1422.73	11.3367
1425.44	13.3356
1428.15	3.33455
1430.85	3.33349
1433.56	11.3324
1436.26	-2.66857
1438.97	13.3304
1441.67	7.32946
1444.37	-2.6715
1447.07	13.3276
1449.77	-0.673334
1452.47	11.3258
1455.16	7.32492
1457.86	-0.675912
1460.56	11.3233
1463.25	19.3225
1465.94	11.3217
1468.64	5.321
1471.33	13.3203
1474.02	5.3196
1476.71	11.3189
1479.4	9.31832
1482.09	11.3177
1484.77	7.31714
1487.46	1.31659
1490.14	15.3161
1492.83	7.31559
1495.51	-2.68488
1498.19	1.31469
1500.87	13.3143
1503.55	19.3139
1506.23	21.3136
1508.91	7.31326
1511.59	13.313
1514.27	1.31272
1516.94	9.3125
1519.62	13.3123
1522.29	3.31216
1524.96	5.31203
1527.63	3.31194
1530.3	-0.688123
1532.97	13.3119
1535.64	-2.68814
1538.31	1.3119
1540.98	7.31197
1543.64	9.31208
1546.31	11.3122
1548.97	11.3124
1551.63	13.3126
1554.3	13.3129
1556.96	17.3131
1559.62	13.3135
1562.28	7.31382
1564.94	7.31422
1567.59	11.3146
1570.25	9.31512
1572.9	17.3156
1575.56	-6.68383
1578.21	-0.683253
1580.86	5.31737
1583.52	11.318
1586.17	9.31872
1588.82	5.31946
1591.47	13.3202
1594.11	17.3211
1596.76	7.32191
1599.41	15.3228
1602.05	9.32374
1604.69	9.32472
1607.34	15.3257
1609.98	13.3268
1612.62	15.3279
1615.26	21.3291
1617.9	11.3302
1620.54	3.33147
1623.18	15.3327
1625.81	13.3341
1628.45	11.3354
1631.08	11.3368
1633.72	-0.66172
1636.35	9.33977
1638.98	1.34131
1641.61	17.3429
1644.24	1.34452
1646.87	7.3462
1649.5	3.34792
1652.13	15.3497
1654.75	27.3515
1657.38	11.3534
1660	7.35526
1662.63	13.3572
1665.25	23.3592
1667.87	1.36126
1670.49	13.3634
1673.11	-0.634498
1675.73	17.3677
1678.35	9.36994
1680.96	13.3722
1683.58	5.37457
1686.19	11.377
1688.81	3.3794
1691.42	29.3819
1694.03	9.38443
1696.64	-0.612983
1699.25	27.3897
1701.87	1.39235
1704.47	23.3951
1707.08	7.39789
1709.69	13.4007
1712.29	11.4036
1714.9	11.4066
1717.5	17.4096
1720.1	1.41266
1722.71	19.4158
1725.31	7.41893
1727.91	13.4222
1730.51	5.42543
1733.1	9.42875
1735.7	5.43214
1738.3	9.43557
1740.89	5.43906
1743.49	11.4426
1746.08	13.4462
1748.67	1.44987
1751.26	7.45359
1753.86	31.4574
1756.45	15.4612
1759.03	25.4651
1761.62	-2.53099
1764.21	19.473
1766.8	13.4771
1769.38	21.4812
1771.97	13.4853
1774.55	23.4896
1777.13	17.4939
1779.71	5.49822
1782.29	3.50262
1784.87	13.5071
1787.45	17.5116
1790.03	13.5162
1792.61	19.5208
1795.18	25.5255
1797.76	3.53031
1800.33	5.53514
1802.9	15.54
1805.48	15.545
1808.05	15.55
1810.62	9.55505
1813.19	15.5602
1815.76	-8.43462
1818.33	1.57064
1820.89	15.576
1823.46	17.5813
1826.02	21.5868
1828.59	15.5923
1831.15	15.5979
1833.71	7.60351
1836.27	15.6092
1838.84	-0.385026
1841.39	9.6208
1843.95	-4.3733
1846.51	25.6327
1849.07	3.63868
1851.62	21.6448
1854.18	21.6509
1856.73	13.6571
1859.29	-4.33657
1861.84	15.6698
1864.39	-2.3238
1866.94	13.6827
1869.49	3.68924
1872.04	13.6959
1874.59	11.7026
1877.13	1.70931
1879.68	11.7161
1882.22	11.723
1884.77	5.72998
1887.31	11.737
1889.85	7.74411
1892.39	5.75127
1894.93	27.7585
1897.47	-2.23419
1900.01	11.7732
1902.55	3.78062
1905.09	3.78814
1907.62	13.7957
1910.16	13.8034
1912.69	11.8111
1915.22	17.8189
1917.76	19.8268
1920.29	35.8347
1922.82	-0.157294
1925.35	-2.14921
1927.88	15.8589
1930.4	-4.13283
1932.93	9.87546
1935.46	7.88383
1937.98	3.89228
1940.51	13.9008
1943.03	13.9094
1945.55	13.918
1948.07	17.9268
1950.59	-4.06442
1953.11	5.94447
1955.63	3.95343
1958.15	5.96246
1960.67	21.9716
1963.18	13.9807
1965.7	9.99
1968.21	5.99933
1970.73	4.00874
1973.24	6.01822
1975.75	16.0278
1978.26	-1.96259
1980.77	10.0471
1983.28	14.0569
1985.79	10.0668
1988.29	14.0767
1990.8	10.0867
1993.31	14.0968
1995.81	-7.893
1998.31	2.11724
