100.093	29.3235
103.274	13.3772
106.457	19.4306
109.636	5.48364
112.817	5.53632
115.994	21.5886
119.172	17.6406
122.347	-4.30782
125.521	11.7434
128.696	21.7944
131.868	25.8449
135.039	21.8951
138.209	19.945
141.379	-6.00546
144.547	10.0437
147.713	4.09257
150.879	16.1411
154.043	18.1892
157.206	14.2371
160.368	14.2846
163.529	4.33175
166.689	2.37859
169.848	20.4251
173.006	26.4713
176.163	4.51713
179.316	-3.43738
182.471	4.60782
185.625	4.6527
188.777	-3.30275
191.927	18.7415
195.077	-3.21464
198.224	10.8289
201.372	18.8722
204.52	6.91517
207.664	10.9578
210.809	13.0001
213.95	1.04211
217.091	1.08379
220.233	-10.8748
223.372	17.1662
226.509	5.207
229.648	1.24748
232.784	3.28762
235.918	5.32746
239.051	19.367
242.186	9.40626
245.317	13.4452
248.447	15.4838
251.577	1.52217
254.705	19.5602
257.832	17.598
260.958	19.6354
264.083	17.6726
267.204	5.70943
270.327	17.746
273.449	15.7823
276.57	-2.18169
279.69	11.854
282.806	1.88943
285.924	11.9246
289.04	15.9594
292.154	13.994
295.268	8.0283
298.379	20.0623
301.492	4.09605
304.601	32.1295
307.711	26.1627
310.818	26.1956
313.924	10.2282
317.031	6.26056
320.135	0.292638
323.238	8.32444
326.34	2.35598
329.443	0.387273
332.543	30.4183
335.642	32.449
338.74	-9.52051
341.836	22.5097
344.932	12.5396
348.027	28.5693
351.12	10.5988
354.213	14.6279
357.302	20.6568
360.393	12.6855
363.482	26.7139
366.57	10.742
369.656	16.7699
372.742	-3.20245
375.827	24.8249
378.91	12.8521
381.993	-1.12103
385.073	10.9056
388.154	12.932
391.232	20.9581
394.311	6.98405
397.387	19.0097
400.462	23.0351
403.536	3.06029
406.611	13.0852
409.683	11.1099
412.754	5.13439
415.824	3.15861
418.893	11.1826
421.961	7.20635
425.027	5.22987
428.093	11.2532
431.158	7.27621
434.222	5.29904
437.284	3.32164
440.346	7.34402
443.407	13.3662
446.464	11.3881
449.523	15.4098
452.581	11.4312
455.635	7.45249
458.691	15.4735
461.743	-0.50568
464.797	7.51491
467.847	5.53528
470.899	1.55544
473.947	9.57537
476.994	11.5951
480.043	13.6146
483.088	31.6339
486.133	-4.34701
489.176	23.6719
492.22	1.69053
495.262	15.709
498.302	15.7272
501.341	-2.25472
504.38	19.7631
507.417	5.78076
510.453	3.79819
513.487	15.8154
516.521	7.83244
519.554	7.84927
522.586	17.8659
525.616	5.88232
528.646	5.89856
531.675	21.9146
534.701	9.93044
537.729	-2.0539
540.753	-8.03845
543.778	7.97682
546.8	11.9919
549.821	8.00677
552.844	-3.97852
555.863	30.036
558.881	6.05031
561.898	6.06444
564.916	4.0784
567.932	2.09217
570.946	0.105756
573.959	6.11916
576.971	12.1324
579.982	-3.85457
582.993	6.1583
586	6.17098
589.008	8.1835
592.015	-5.80417
595.022	6.208
598.025	4.21998
601.029	6.2318
604.032	6.24345
607.033	10.2549
610.034	4.26623
613.032	0.277363
616.032	4.28834
619.028	16.2991
622.023	12.3098
625.018	2.32024
628.013	-5.66945
631.005	14.3407
633.997	-7.64932
636.987	14.3605
639.977	4.37017
642.965	-1.62033
645.952	16.389
648.939	-3.60179
651.924	16.4072
654.909	2.41612
657.892	16.4248
660.873	8.43341
663.854	10.4418
666.835	0.450104
669.813	10.4582
672.791	8.46619
675.767	2.47401
678.743	20.4817
681.717	12.4892
684.692	6.49659
687.664	-13.4962
690.634	18.5109
693.606	16.5179
696.575	34.5247
699.543	8.53134
702.51	0.537868
705.475	10.5443
708.44	2.55051
711.404	8.55662
714.367	20.5626
717.329	16.5684
720.29	22.5741
723.25	10.5797
726.207	16.5852
729.166	8.59047
732.123	10.5956
735.077	4.60069
738.032	6.60561
740.984	12.6104
743.938	8.61507
746.888	20.6196
749.839	16.624
752.788	6.62831
755.735	18.6325
758.682	-5.36349
761.627	8.64043
764.574	14.6442
767.517	18.6479
770.46	0.651471
773.402	30.6549
776.342	-1.34176
779.282	10.6614
782.219	12.6645
785.157	10.6675
788.094	10.6704
791.029	12.6731
793.962	10.6758
796.896	16.6783
799.828	10.6807
802.76	2.68302
805.689	10.6852
808.619	10.6873
811.546	4.6893
814.473	16.6912
817.4	0.692951
820.324	12.6946
823.248	18.6962
826.17	18.6976
829.092	14.699
832.012	-1.29973
834.932	6.70143
837.851	30.7025
840.768	10.7035
843.685	6.70432
846.599	18.7051
849.514	14.7058
852.428	10.7063
855.339	6.70683
858.251	28.7072
861.16	18.7075
864.07	-1.29228
866.978	28.7078
869.884	4.70787
872.792	14.7078
875.696	10.7077
878.599	10.7074
881.502	0.707086
884.404	10.7067
887.304	-1.29382
890.204	10.7056
893.103	22.7049
896.001	14.7042
898.898	-3.29664
901.794	-7.29755
904.689	6.70146
907.581	10.7004
910.474	0.699242
913.364	-1.30198
916.256	4.69672
919.144	10.6953
922.034	8.69388
924.92	-1.30764
927.808	20.6908
930.693	16.6891
933.576	2.68733
936.459	10.6855
939.341	24.6836
942.222	12.6817
945.102	8.67964
947.981	8.67754
950.859	0.67538
953.737	2.67315
956.613	6.67085
959.488	-1.33151
962.361	2.66607
965.235	8.66358
968.105	10.661
970.977	4.65841
973.846	14.6557
976.716	-1.347
979.583	8.65021
982.449	18.6474
985.316	14.6444
988.18	12.6415
991.043	4.63845
993.906	16.6354
996.767	30.6322
999.628	2.62904
1002.49	14.6258
1005.35	16.6225
1008.2	24.6192
1011.06	8.61575
1013.91	6.6123
1016.77	22.6088
1019.62	14.6052
1022.48	12.6016
1025.33	28.598
1028.18	14.5943
1031.03	10.5906
1033.87	18.5868
1036.72	14.583
1039.57	6.57908
1042.41	2.57517
1045.26	2.57121
1048.1	0.567208
1050.94	8.56317
1053.78	8.55908
1056.62	12.555
1059.46	6.5508
1062.3	8.5466
1065.14	16.5424
1067.97	6.5381
1070.81	12.5338
1073.64	6.52945
1076.47	10.5251
1079.31	6.52066
1082.14	2.51621
1084.97	-3.48827
1087.8	10.5072
1090.63	2.50269
1093.45	18.4981
1096.28	6.49352
1099.1	22.4889
1101.93	14.4842
1104.75	12.4796
1107.57	26.4748
1110.39	-3.5299
1113.21	14.4653
1116.03	8.46056
1118.85	10.4557
1121.66	10.4509
1124.48	10.4461
1127.3	10.4412
1130.11	2.43628
1132.92	8.43136
1135.73	4.42643
1138.54	12.4215
1141.35	10.4165
1144.16	-3.58851
1146.97	2.40648
1149.78	6.40146
1152.58	8.39642
1155.39	8.39136
1158.19	12.3863
1161	2.3812
1163.8	12.3761
1166.6	16.371
1169.4	18.3659
1172.2	-7.63927
1174.99	16.3556
1177.79	4.35043
1180.59	28.3453
1183.38	22.3401
1186.17	4.33491
1188.97	-5.67027
1191.76	10.3245
1194.55	20.3193
1197.34	6.31413
1200.13	-1.69108
1202.92	12.3037
1205.7	8.2985
1208.49	-7.70672
1211.27	-3.71194
1214.06	-3.71716
1216.84	8.27761
1219.62	2.2724
1222.4	14.2672
1225.18	12.262
1227.96	18.2567
1230.74	12.2515
1233.51	6.24631
1236.29	0.241105
1239.06	12.2359
1241.84	4.23071
1244.61	18.2255
1247.38	12.2203
1250.15	0.215153
1252.92	2.20998
1255.69	0.204819
1258.46	10.1997
1261.23	2.19452
1263.99	20.1894
1266.76	2.18427
1269.52	6.17916
1272.28	24.1741
1275.05	10.169
1277.81	-1.8361
1280.57	14.1588
1283.33	8.1538
1286.08	8.14877
1288.84	-3.85625
1291.6	6.13876
1294.35	-1.86623
1297.11	8.12881
1299.86	4.12387
1302.61	10.1189
1305.36	6.11404
1308.11	8.10915
1310.86	0.104284
1313.61	-9.90056
1316.36	26.0946
1319.1	14.0898
1321.85	0.0850375
1324.59	10.0803
1327.33	8.07555
1330.08	-1.92915
1332.82	4.06617
1335.56	0.0615128
1338.3	22.0569
1341.04	14.0523
1343.77	2.04771
1346.51	6.04317
1349.25	14.0387
1351.98	4.03417
1354.71	8.02971
1357.45	18.0253
1360.18	-1.97911
1362.91	12.0165
1365.64	8.01219
1368.37	20.0079
1371.09	12.0036
1373.82	-0.000603009
1376.54	21.9952
1379.27	-4.00896
1381.99	-6.01309
1384.72	7.98282
1387.44	17.9788
1390.16	-4.02524
1392.88	5.97078
1395.6	15.9668
1398.31	1.96294
1401.03	13.9591
1403.75	13.9553
1406.46	21.9515
1409.18	5.94774
1411.89	1.94405
1414.6	-2.05961
1417.31	1.93678
1420.02	9.93321
1422.73	19.9297
1425.44	11.9262
1428.15	7.92278
1430.85	11.9194
1433.56	27.916
1436.26	3.91275
1438.97	9.9095
1441.67	15.9063
1444.37	5.90315
1447.07	7.90005
1449.77	7.89699
1452.47	9.89399
1455.16	5.89103
1457.86	15.8881
1460.56	1.88528
1463.25	5.88248
1465.94	-0.120266
1468.64	-8.12296
1471.33	3.8744
1474.02	11.8718
1476.71	13.8693
1479.4	31.8668
1482.09	5.86439
1484.77	-4.13798
1487.46	3.85972
1490.14	3.85747
1492.83	15.8553
1495.51	5.85314
1498.19	11.8511
1500.87	11.849
1503.55	9.84709
1506.23	-6.1548
1508.91	3.84336
1511.59	13.8416
1514.27	1.83988
1516.94	-0.161774
1519.62	19.8366
1522.29	11.8351
1524.96	13.8337
1527.63	11.8323
1530.3	23.8309
1532.97	11.8297
1535.64	5.82847
1538.31	9.82733
1540.98	-0.17373
1543.64	13.8253
1546.31	11.8243
1548.97	11.8235
1551.63	7.82268
1554.3	21.822
1556.96	19.8213
1559.62	13.8207
1562.28	11.8202
1564.94	5.81977
1567.59	1.8194
1570.25	11.8191
1572.9	11.8189
1575.56	3.81872
1578.21	17.8186
1580.86	15.8186
1583.52	11.8187
1586.17	5.81885
1588.82	-0.18093
1591.47	3.81937
1594.11	7.81974
1596.76	-2.17981
1599.41	13.8207
1602.05	-6.17868
1604.69	1.822
1607.34	21.8228
1609.98	13.8236
1612.62	17.8245
1615.26	5.82553
1617.9	11.8266
1620.54	9.82778
1623.18	1.82902
1625.81	5.83035
1628.45	3.83176
1631.08	7.83325
1633.72	3.83483
1636.35	9.83649
1638.98	15.8382
1641.61	9.84006
1644.24	1.84197
1646.87	21.844
1649.5	9.84606
1652.13	-0.15177
1654.75	-6.14951
1657.38	1.85284
1660	9.85527
1662.63	5.85779
1665.25	5.86041
1667.87	9.86311
1670.49	-8.1341
1673.11	19.8688
1675.73	25.8717
1678.35	-4.12519
1680.96	11.878
1683.58	7.88121
1686.19	7.88455
1688.81	-0.112019
1691.42	11.8915
1694.03	11.8951
1696.64	5.89883
1699.25	9.90264
1701.87	7.90654
1704.47	1.91054
1707.08	5.91463
1709.69	7.91881
1712.29	5.9231
1714.9	7.92748
1717.5	15.932
1720.1	1.93653
1722.71	9.94121
1725.31	9.94598
1727.91	-2.04914
1730.51	17.9558
1733.1	7.9609
1735.7	17.9661
1738.3	19.9713
1740.89	13.9767
1743.49	11.9822
1746.08	-4.01223
1748.67	5.99345
1751.26	17.9992
1753.86	0.0051177
1756.45	6.01111
1759.03	26.0172
1761.62	16.0234
1764.21	2.0297
1766.8	8.03611
1769.38	-3.95738
1771.97	0.0492422
1774.55	14.056
1777.13	20.0628
1779.71	12.0697
1782.29	12.0768
1784.87	16.0839
1787.45	14.0912
1790.03	14.0986
1792.61	10.1061
1795.18	6.11365
1797.76	4.12135
1800.33	12.1292
1802.9	18.1371
1805.48	14.1451
1808.05	14.1533
1810.62	20.1615
1813.19	20.1699
1815.76	4.17837
1818.33	10.187
1820.89	-9.80433
1823.46	-3.79551
1826.02	8.21343
1828.59	8.22248
1831.15	2.23164
1833.71	10.2409
1836.27	4.25032
1838.84	2.25983
1841.39	20.2695
1843.95	30.2792
1846.51	10.2891
1849.07	8.29904
1851.62	22.3091
1854.18	22.3194
1856.73	0.329692
1859.29	10.3401
1861.84	2.35072
1864.39	4.36141
1866.94	8.37223
1869.49	14.3832
1872.04	8.39421
1874.59	22.4054
1877.13	-1.58331
1879.68	-1.5719
1882.22	18.4396
1884.77	10.4513
1887.31	4.46309
1889.85	2.475
1892.39	16.487
1894.93	-3.50081
1897.47	10.5115
1900.01	12.5239
1902.55	2.53641
1905.09	14.5491
1907.62	8.56185
1910.16	22.5748
1912.69	14.5878
1915.22	-1.39904
1917.76	10.6142
1920.29	18.6277
1922.82	4.6412
1925.35	34.6549
1927.88	8.66868
1930.4	8.68261
1932.93	16.6967
1935.46	8.71086
1937.98	18.7252
1940.51	16.7396
1943.03	12.7542
1945.55	8.76891
1948.07	8.78376
1950.59	22.7987
1953.11	12.8138
1955.63	12.8291
1958.15	12.8444
1960.67	20.8599
1963.18	10.8756
1965.7	-3.10866
1968.21	10.9072
1970.73	0.923282
1973.24	14.9395
1975.75	20.9558
1978.26	18.9722
1980.77	6.98877
1983.28	17.0055
1985.79	13.0223
1988.29	21.0393
1990.8	25.0565
1993.31	23.0737
1995.81	15.0911
1998.31	-4.89137
