100.093	27.0088
103.274	7.01397
106.457	25.0192
109.636	9.02436
112.817	29.0296
115.994	25.0348
119.172	25.04
122.347	27.0452
125.521	17.0504
128.696	39.0556
131.868	33.0608
135.039	7.06602
138.209	9.07123
141.379	33.0765
144.547	15.0817
147.713	-0.913108
150.879	19.0921
154.043	13.0973
157.206	31.1026
160.368	13.1078
163.529	19.113
166.689	11.1183
169.848	7.1235
173.006	31.1287
176.163	11.134
179.316	13.1392
182.471	17.1445
185.625	5.1497
188.777	3.15495
191.927	13.1602
195.077	-4.83455
198.224	21.1707
201.372	9.17596
204.52	7.18122
207.664	27.1865
210.809	23.1917
213.95	7.197
217.091	25.2023
220.233	21.2075
223.372	15.2128
226.509	31.2181
229.648	25.2234
232.784	5.22863
235.918	11.2339
239.051	15.2392
242.186	25.2445
245.317	3.24976
248.447	17.255
251.577	3.26033
254.705	21.2656
257.832	-2.72908
260.958	19.2762
264.083	13.2815
267.204	1.28681
270.327	13.2921
273.449	11.2974
276.57	17.3027
279.69	-0.691972
282.806	25.3133
285.924	21.3186
289.04	19.324
292.154	23.3293
295.268	13.3346
298.379	19.3399
301.492	-0.654755
304.601	27.3506
307.711	15.3559
310.818	9.36123
313.924	9.36656
317.031	27.3719
320.135	9.37723
323.238	23.3826
326.34	7.38791
329.443	7.39325
332.543	15.3986
335.642	7.40395
338.74	13.4093
341.836	25.4146
344.932	25.42
348.027	1.42536
351.12	25.4307
354.213	5.43608
357.302	7.44144
360.393	9.44681
363.482	15.4522
366.57	3.45755
369.656	21.4629
372.742	17.4683
375.827	5.47367
378.91	9.47905
381.993	11.4844
385.073	7.48981
388.154	-8.5048
391.232	27.5006
394.311	17.506
397.387	3.51137
400.462	7.51677
403.536	5.52216
406.611	9.52757
409.683	-2.46703
412.754	11.5384
415.824	11.5438
418.893	-8.45081
421.961	7.5546
425.027	-0.439989
428.093	15.5654
431.158	9.57085
434.222	17.5763
437.284	13.5817
440.346	15.5871
443.407	13.5925
446.464	3.59797
449.523	-4.39659
452.581	11.6088
455.635	11.6143
458.691	3.61972
461.743	-2.37484
464.797	3.63061
467.847	5.63605
470.899	-0.358496
473.947	3.64695
476.994	5.65241
480.043	7.65787
483.088	9.66332
486.133	11.6688
489.176	19.6742
492.22	11.6797
495.262	5.68519
498.302	9.69066
501.341	21.6961
504.38	9.70161
507.417	11.7071
510.453	13.7126
513.487	-2.28195
516.521	3.72353
519.554	11.729
522.586	3.73451
525.616	7.74
528.646	3.7455
531.675	19.751
534.701	11.7565
537.729	-4.238
540.753	7.76751
543.778	19.773
546.8	-6.22148
549.821	-8.21596
552.844	11.7896
555.863	11.7951
558.881	7.80059
561.898	7.80611
564.916	1.81164
567.932	19.8172
570.946	-0.177303
573.959	7.82823
576.971	7.83376
579.982	-0.160698
582.993	7.84484
586	11.8504
589.008	5.85593
592.015	5.86148
595.022	-0.132972
598.025	15.8726
601.029	3.87814
604.032	-2.11631
607.033	7.88925
610.034	15.8948
613.032	-6.09962
616.032	19.906
619.028	3.91152
622.023	-4.08291
625.018	-10.0773
628.013	3.92825
631.005	11.9338
633.997	5.93941
636.987	15.945
639.977	3.95058
642.965	9.95617
645.952	15.9618
648.939	-2.03263
651.924	3.97296
654.909	1.97857
657.892	3.98417
660.873	-6.01023
663.854	3.99538
666.835	-3.999
669.813	18.0066
672.791	-5.98777
675.767	6.01785
678.743	6.02347
681.717	14.0291
684.692	6.03472
687.664	12.0403
690.634	18.046
693.606	14.0516
696.575	-3.94274
699.543	8.0629
702.51	4.06854
705.475	14.0742
708.44	12.0798
711.404	0.0854823
714.367	-3.90886
717.329	8.09679
720.29	14.1025
723.25	-1.89189
726.207	6.11377
729.166	12.1194
732.123	2.12511
735.077	4.13078
738.032	8.13646
740.984	4.14213
743.938	8.14782
746.888	10.1535
749.839	8.15918
752.788	24.1649
755.735	2.17056
758.682	12.1763
761.627	4.18195
764.574	28.1877
767.517	18.1934
770.46	4.19905
773.402	8.20476
776.342	10.2105
779.282	6.21618
782.219	14.2219
785.157	20.2276
788.094	-7.76667
791.029	26.2391
793.962	6.24478
796.896	6.25051
799.828	6.25624
802.76	18.262
805.689	14.2677
808.619	12.2734
811.546	12.2792
814.473	18.2849
817.4	8.29068
820.324	6.29643
823.248	30.3022
826.17	14.3079
829.092	12.3137
832.012	4.31946
834.932	34.3252
837.851	16.331
840.768	12.3368
843.685	6.34253
846.599	6.3483
849.514	6.35408
852.428	10.3599
855.339	6.36564
858.251	22.3714
861.16	10.3772
864.07	10.383
866.978	4.38879
869.884	16.3946
872.792	10.4004
875.696	14.4062
878.599	2.412
881.502	-1.5822
884.404	12.4236
887.304	0.429424
890.204	6.43524
893.103	0.441058
896.001	4.44688
898.898	4.4527
901.794	4.45853
904.689	2.46436
907.581	2.47019
910.474	6.47603
913.364	8.48186
916.256	4.4877
919.144	12.4935
922.034	2.49939
924.92	4.50524
927.808	16.5111
930.693	-3.48305
933.576	6.52281
936.459	12.5287
939.341	10.5345
942.222	2.54039
945.102	18.5463
947.981	4.55213
950.859	8.55801
953.737	2.56388
956.613	8.56976
959.488	-1.42435
962.361	4.58153
965.235	8.58742
968.105	6.59331
970.977	-7.4008
973.846	12.6051
976.716	6.611
979.583	8.6169
982.449	0.622802
985.316	0.628713
988.18	14.6346
991.043	18.6405
993.906	-7.35355
996.767	-1.34763
999.628	12.6583
1002.49	4.66422
1005.35	10.6701
1008.2	8.67607
1011.06	14.682
1013.91	6.68794
1016.77	8.69388
1019.62	2.69982
1022.48	2.70577
1025.33	22.7117
1028.18	-1.28233
1031.03	18.7236
1033.87	0.729571
1036.72	14.7355
1039.57	8.74149
1042.41	10.7475
1045.26	8.75342
1048.1	8.75939
1050.94	12.7654
1053.78	6.77134
1056.62	12.7773
1059.46	18.7833
1062.3	4.78929
1065.14	6.79527
1067.97	2.80126
1070.81	6.80726
1073.64	-3.18675
1076.47	2.81925
1079.31	10.8253
1082.14	6.83126
1084.97	14.8373
1087.8	20.8433
1090.63	2.84929
1093.45	4.8553
1096.28	2.86132
1099.1	20.8673
1101.93	-1.12663
1104.75	-1.1206
1107.57	-1.11457
1110.39	4.89146
1113.21	16.8975
1116.03	-3.09647
1118.85	-3.09042
1121.66	12.9156
1124.48	2.92167
1127.3	14.9277
1130.11	10.9338
1132.92	6.93983
1135.73	4.94589
1138.54	12.9519
1141.35	22.958
1144.16	18.9641
1146.97	0.970154
1149.78	4.97623
1152.58	18.9823
1155.39	-3.01162
1158.19	10.9945
1161	21.0005
1163.8	3.00663
1166.6	11.0127
1169.4	5.01882
1172.2	5.02492
1174.99	9.03102
1177.79	11.0371
1180.59	5.04323
1183.38	7.04933
1186.17	7.05545
1188.97	9.06156
1191.76	13.0677
1194.55	-0.926202
1197.34	3.07992
1200.13	7.08605
1202.92	3.09218
1205.7	5.09831
1208.49	13.1044
1211.27	9.11058
1214.06	19.1167
1216.84	1.12286
1219.62	-0.870992
1222.4	15.1352
1225.18	13.1413
1227.96	11.1475
1230.74	3.15363
1233.51	-0.840214
1236.29	11.1659
1239.06	11.1721
1241.84	7.17829
1244.61	13.1845
1247.38	3.19064
1250.15	19.1968
1252.92	7.20299
1255.69	11.2092
1258.46	5.21536
1261.23	3.22156
1263.99	3.22775
1266.76	5.23395
1269.52	9.24014
1272.28	9.24634
1275.05	21.2526
1277.81	3.25876
1280.57	-2.73503
1283.33	17.2712
1286.08	15.2774
1288.84	13.2836
1291.6	-6.71016
1294.35	7.29607
1297.11	11.3023
1299.86	-0.691471
1302.61	3.31477
1305.36	3.321
1308.11	7.32724
1310.86	13.3335
1313.61	3.33973
1316.36	5.34598
1319.1	3.35223
1321.85	-0.641513
1324.59	7.36474
1327.33	1.37101
1330.08	3.37727
1332.82	-2.61646
1335.56	-12.6102
1338.3	-8.60392
1341.04	19.4024
1343.77	15.4086
1346.51	-0.585086
1349.25	11.4212
1351.98	1.42749
1354.71	7.43378
1357.45	1.44007
1360.18	3.44637
1362.91	3.45267
1365.64	-0.541028
1368.37	13.4653
1371.09	7.47158
1373.82	-0.522103
1376.54	-2.51579
1379.27	5.49053
1381.99	15.4968
1384.72	11.5032
1387.44	-2.49051
1390.16	7.51583
1392.88	13.5222
1395.6	13.5285
1398.31	15.5348
1401.03	13.5412
1403.75	5.54751
1406.46	9.55386
1409.18	21.5602
1411.89	3.56657
1414.6	-2.42708
1417.31	15.5793
1420.02	17.5856
1422.73	11.592
1425.44	13.5984
1428.15	17.6047
1430.85	15.6111
1433.56	17.6175
1436.26	-14.3761
1438.97	23.6303
1441.67	15.6366
1444.37	9.64303
1447.07	17.6494
1449.77	7.65581
1452.47	-0.337789
1455.16	9.66861
1457.86	15.675
1460.56	15.6814
1463.25	9.68783
1465.94	11.6942
1468.64	17.7007
1471.33	5.70708
1474.02	5.7135
1476.71	5.71992
1479.4	7.72635
1482.09	3.73278
1484.77	15.7392
1487.46	15.7456
1490.14	5.75209
1492.83	11.7585
1495.51	9.76498
1498.19	-0.228575
1500.87	15.7779
1503.55	17.7843
1506.23	-6.20921
1508.91	15.7972
1511.59	7.80371
1514.27	9.81017
1516.94	13.8166
1519.62	15.8231
1522.29	27.8296
1524.96	3.83607
1527.63	1.84255
1530.3	23.849
1532.97	7.85552
1535.64	11.862
1538.31	5.8685
1540.98	9.875
1543.64	9.8815
1546.31	7.88799
1548.97	7.8945
1551.63	23.901
1554.3	27.9075
1556.96	-8.08597
1559.62	5.92055
1562.28	5.92707
1564.94	13.9336
1567.59	9.94012
1570.25	3.94664
1572.9	11.9532
1575.56	5.95971
1578.21	-8.03375
1580.86	7.97279
1583.52	19.9793
1586.17	13.9859
1588.82	1.99243
1591.47	-0.00101941
1594.11	4.00553
1596.76	8.01209
1599.41	22.0187
1602.05	8.02522
1604.69	10.0318
1607.34	12.0384
1609.98	6.04493
1612.62	8.05151
1615.26	4.05809
1617.9	0.0646658
1620.54	0.0712531
1623.18	4.07784
1625.81	20.0844
1628.45	-1.90897
1631.08	0.0976213
1633.72	0.104221
1636.35	12.1108
1638.98	14.1174
1641.61	-3.87596
1644.24	14.1307
1646.87	10.1373
1649.5	16.1439
1652.13	18.1505
1654.75	2.15713
1657.38	8.16375
1660	-1.82961
1662.63	28.177
1665.25	4.18366
1667.87	12.1903
1670.49	18.1969
1673.11	6.20358
1675.73	2.21023
1678.35	4.21688
1680.96	24.2235
1683.58	-3.76981
1686.19	8.23685
1688.81	18.2435
1691.42	8.25017
1694.03	12.2568
1696.64	2.26352
1699.25	10.2702
1701.87	8.27687
1704.47	6.28355
1707.08	6.29023
1709.69	12.2969
1712.29	10.3036
1714.9	-3.6897
1717.5	10.317
1720.1	6.32369
1722.71	8.3304
1725.31	14.3371
1727.91	10.3438
1730.51	12.3505
1733.1	6.35723
1735.7	14.3639
1738.3	0.370665
1740.89	6.37739
1743.49	10.3841
1746.08	10.3908
1748.67	20.3976
1751.26	16.4043
1753.86	22.411
1756.45	8.41778
1759.03	10.4245
1761.62	2.43127
1764.21	12.438
1766.8	6.44477
1769.38	12.4515
1771.97	4.45828
1774.55	14.465
1777.13	-1.52819
1779.71	0.478574
1782.29	0.48534
1784.87	16.4921
1787.45	26.4989
1790.03	10.5057
1792.61	10.5124
1795.18	4.51923
1797.76	22.526
1800.33	0.532811
1802.9	0.539603
1805.48	10.5464
1808.05	8.5532
1810.62	6.56
1813.19	0.566805
1815.76	0.573614
1818.33	16.5804
1820.89	-1.41276
1823.46	12.5941
1826.02	6.60088
1828.59	6.6077
1831.15	-5.38548
1833.71	12.6214
1836.27	18.6282
1838.84	8.63502
1841.39	10.6419
1843.95	14.6487
1846.51	10.6555
1849.07	24.6624
1851.62	4.66924
1854.18	-3.32391
1856.73	14.6829
1859.29	-3.3102
1861.84	22.6967
1864.39	14.7035
1866.94	14.7104
1869.49	8.71727
1872.04	8.72414
1874.59	6.73102
1877.13	2.7379
1879.68	16.7448
1882.22	10.7517
1884.77	16.7585
1887.31	0.765437
1889.85	22.7723
1892.39	6.77923
1894.93	10.7861
1897.47	20.793
1900.01	20.7999
1902.55	2.80684
1905.09	14.8138
1907.62	14.8207
1910.16	2.82758
1912.69	12.8345
1915.22	12.8414
1917.76	24.8484
1920.29	16.8553
1922.82	18.8622
1925.35	6.86915
1927.88	-1.12391
1930.4	0.883029
1932.93	8.88997
1935.46	18.8969
1937.98	6.90387
1940.51	0.910822
1943.03	28.9178
1945.55	6.92473
1948.07	14.9317
1950.59	12.9387
1953.11	12.9456
1955.63	0.952596
1958.15	6.95957
1960.67	14.9665
1963.18	18.9735
1965.7	-9.0195
1968.21	6.98749
1970.73	8.99448
1973.24	9.00147
1975.75	13.0085
1978.26	9.01546
1980.77	3.02245
1983.28	3.02946
1985.79	17.0365
1988.29	-0.956532
1990.8	9.05048
1993.31	1.0575
1995.81	9.06451
1998.31	1.07153
