100.093	19.1559
103.274	21.1913
106.457	5.22661
109.636	15.2619
112.817	1.29708
115.994	13.3322
119.172	29.3673
122.347	9.40233
125.521	27.4373
128.696	7.4722
131.868	-0.492966
135.039	17.5418
138.209	7.57651
141.379	27.6112
144.547	7.64577
147.713	21.6803
150.879	5.71475
154.043	9.74915
157.206	15.7835
160.368	-4.18223
163.529	-4.14802
166.689	13.8861
169.848	7.92022
173.006	15.9542
176.163	17.9882
179.316	4.02208
182.471	8.05592
185.625	12.0897
188.777	12.1234
191.927	4.15703
195.077	4.19061
198.224	-1.77589
201.372	2.25757
204.52	2.29096
207.664	12.3243
210.809	18.3575
213.95	8.39071
217.091	4.42382
220.233	14.4569
223.372	2.48988
226.509	18.5228
229.648	4.55568
232.784	22.5885
235.918	4.6212
239.051	24.6539
242.186	12.6865
245.317	24.719
248.447	14.7515
251.577	4.78389
254.705	10.8162
257.832	4.8485
260.958	14.8807
264.083	14.9128
267.204	12.9449
270.327	10.9769
273.449	15.0088
276.57	15.0407
279.69	13.0725
282.806	7.10426
285.924	-4.86406
289.04	19.1675
292.154	5.19907
295.268	-0.76945
298.379	19.2619
301.492	5.29328
304.601	7.32454
307.711	9.35575
310.818	-0.613126
313.924	13.4179
317.031	-6.55106
320.135	19.4799
323.238	-2.48929
326.34	3.5415
329.443	3.57224
332.543	15.6029
335.642	-2.36653
338.74	3.66398
341.836	17.6944
344.932	7.72481
348.027	9.75512
351.12	13.7854
354.213	5.81553
357.302	17.8456
360.393	-0.124349
363.482	13.9056
366.57	17.9355
369.656	7.96533
372.742	-0.00491326
375.827	8.02478
378.91	-7.94562
381.993	2.08393
385.073	6.1134
388.154	2.14281
391.232	20.1721
394.311	10.2014
397.387	0.230597
400.462	-3.74029
403.536	24.2888
406.611	12.3178
409.683	0.346661
412.754	6.3755
415.824	2.40426
418.893	-11.567
421.961	4.46158
425.027	10.4901
428.093	8.51862
431.158	2.54704
434.222	2.57538
437.284	8.60365
440.346	-3.36815
443.407	0.659983
446.464	2.68802
449.523	8.71601
452.581	10.7439
455.635	-5.22824
458.691	16.7995
461.743	14.8272
464.797	6.85484
467.847	10.8824
470.899	6.90987
473.947	12.9373
476.994	6.9646
480.043	26.9919
483.088	9.01905
486.133	13.0462
489.176	7.0732
492.22	3.10018
495.262	9.12707
498.302	9.15389
501.341	3.18064
504.38	7.20732
507.417	-4.76608
510.453	19.2605
513.487	13.2869
516.521	5.31327
519.554	9.33959
522.586	9.36582
525.616	1.39197
528.646	-0.581937
531.675	9.44408
534.701	11.47
537.729	11.4959
540.753	5.52166
543.778	7.54739
546.8	-2.42698
549.821	13.5986
552.844	1.62408
555.863	7.6495
558.881	17.6748
561.898	7.7001
564.916	3.72531
567.932	5.75042
570.946	5.77546
573.959	3.80043
576.971	5.82532
579.982	11.8501
582.993	-8.12511
586	7.89954
589.008	7.92414
592.015	5.94866
595.022	11.9731
598.025	-2.00255
601.029	10.0218
604.032	12.046
607.033	4.0701
610.034	8.09417
613.032	10.1181
616.032	4.14207
619.028	-5.8341
622.023	16.1896
625.018	2.21333
628.013	14.2369
631.005	2.26047
633.997	6.28392
636.987	8.30729
639.977	2.33059
642.965	20.3538
645.952	6.37696
648.939	18.4
651.924	6.42303
654.909	10.4459
657.892	6.46879
660.873	20.4915
663.854	14.5142
666.835	0.536839
669.813	10.5594
672.791	20.5818
675.767	12.6042
678.743	6.62649
681.717	2.64871
684.692	28.6709
687.664	16.6929
690.634	10.7149
693.606	-9.26317
696.575	18.7587
699.543	4.78041
702.51	4.80208
705.475	2.82368
708.44	14.8452
711.404	10.8666
714.367	10.888
717.329	-1.0907
720.29	10.9305
723.25	16.9516
726.207	12.9727
729.166	4.99366
732.123	7.01456
735.077	3.03537
738.032	19.0561
740.984	3.07677
743.938	19.0974
746.888	9.11785
749.839	3.13828
752.788	9.15862
755.735	5.17888
758.682	21.1991
761.627	7.21917
764.574	11.2392
767.517	7.25915
770.46	15.279
773.402	11.2988
776.342	7.31852
779.282	3.33816
782.219	7.3577
785.157	-2.62283
788.094	9.39657
791.029	1.41588
793.962	5.43511
796.896	-2.54573
799.828	19.4733
802.76	1.49233
805.689	9.51124
808.619	-0.469917
811.546	11.5488
814.473	3.5675
817.4	11.5861
820.324	9.60462
823.248	7.62305
826.17	29.6414
829.092	21.6597
832.012	1.67786
834.932	21.696
837.851	13.714
840.768	19.732
843.685	25.7498
846.599	23.7676
849.514	1.78533
852.428	7.80296
855.339	15.8205
858.251	17.838
861.16	17.8553
864.07	-0.12734
866.978	3.88988
869.884	17.907
872.792	25.9241
875.696	3.94106
878.599	11.958
881.502	7.97478
884.404	-2.00849
887.304	2.00817
890.204	8.02474
893.103	22.0412
896.001	14.0576
898.898	8.07398
901.794	6.09023
904.689	6.1064
907.581	4.12248
910.474	10.1385
913.364	6.1544
916.256	10.1702
919.144	0.185998
922.034	2.20168
924.92	22.2173
927.808	16.2328
930.693	14.2482
933.576	6.26356
936.459	0.278827
939.341	0.29401
942.222	2.30911
945.102	0.324131
947.981	16.3391
950.859	4.35392
953.737	6.3687
956.613	14.3834
959.488	8.398
962.361	6.41252
965.235	8.42697
968.105	-3.55868
970.977	10.4556
973.846	16.4698
976.716	6.48391
979.583	2.49794
982.449	2.51188
985.316	-1.47425
988.18	20.5395
991.043	10.5532
993.906	0.566842
996.767	6.58037
999.628	16.5938
1002.49	-1.39281
1005.35	8.62047
1008.2	10.6337
1011.06	0.646786
1013.91	12.6598
1016.77	8.67278
1019.62	4.68564
1022.48	10.6984
1025.33	-3.28888
1028.18	6.72374
1031.03	0.736273
1033.87	16.7487
1036.72	14.7611
1039.57	2.77337
1042.41	8.78557
1045.26	16.7977
1048.1	10.8097
1050.94	12.8217
1053.78	2.83353
1056.62	24.8453
1059.46	10.857
1062.3	0.868629
1065.14	12.8802
1067.97	10.8916
1070.81	4.90296
1073.64	10.9142
1076.47	26.9254
1079.31	12.9365
1082.14	10.9476
1084.97	0.958513
1087.8	12.9694
1090.63	2.98014
1093.45	22.9908
1096.28	21.0014
1099.1	15.012
1101.93	15.0224
1104.75	11.0327
1107.57	15.043
1110.39	-2.94681
1113.21	19.0633
1116.03	7.0733
1118.85	11.0832
1121.66	-10.9069
1124.48	-6.89716
1127.3	13.1125
1130.11	7.12211
1132.92	11.1316
1135.73	13.141
1138.54	5.15037
1141.35	15.1596
1144.16	-2.83121
1146.97	13.1779
1149.78	7.18687
1152.58	9.19578
1155.39	9.20461
1158.19	7.21336
1161	19.222
1163.8	-2.76942
1166.6	-2.76093
1169.4	13.2475
1172.2	7.2558
1174.99	7.26403
1177.79	15.2722
1180.59	25.2802
1183.38	19.2882
1186.17	5.29611
1188.97	11.3039
1191.76	9.31164
1194.55	17.3193
1197.34	7.32683
1200.13	11.3343
1202.92	17.3417
1205.7	-4.65103
1208.49	13.3562
1211.27	7.3633
1214.06	-2.62966
1216.84	19.3773
1219.62	9.38416
1222.4	3.39095
1225.18	-2.60236
1227.96	5.40425
1230.74	11.4108
1233.51	7.41722
1236.29	9.42357
1239.06	-2.57016
1241.84	9.43602
1244.61	5.44212
1247.38	5.44813
1250.15	-2.54594
1252.92	-2.5401
1255.69	5.46565
1258.46	9.47132
1261.23	9.4769
1263.99	-8.5176
1266.76	5.48781
1269.52	7.49313
1272.28	15.4984
1275.05	7.50352
1277.81	15.5086
1280.57	9.51357
1283.33	-0.481538
1286.08	19.5233
1288.84	11.528
1291.6	11.5326
1294.35	27.5372
1297.11	3.54164
1299.86	5.54602
1302.61	5.55031
1305.36	13.5545
1308.11	-0.441365
1310.86	5.56267
1313.61	11.5666
1316.36	17.5705
1319.1	1.57425
1321.85	-0.422067
1324.59	5.58153
1327.33	17.585
1330.08	19.5885
1332.82	-6.40818
1335.56	13.5951
1338.3	3.59824
1341.04	9.60132
1343.77	15.6043
1346.51	19.6072
1349.25	17.6101
1351.98	1.61279
1354.71	7.61544
1357.45	15.618
1360.18	11.6205
1362.91	3.62287
1365.64	21.6252
1368.37	-0.372613
1371.09	17.6295
1373.82	23.6316
1376.54	-2.36648
1379.27	9.63539
1381.99	5.63717
1384.72	15.6389
1387.44	17.6405
1390.16	-0.358001
1392.88	11.6434
1395.6	7.64478
1398.31	-0.353954
1401.03	15.6472
1403.75	3.64831
1406.46	19.6493
1409.18	7.65023
1411.89	29.6511
1414.6	9.6518
1417.31	1.65245
1420.02	23.653
1422.73	9.6535
1425.44	9.65389
1428.15	5.6542
1430.85	1.65442
1433.56	25.6546
1436.26	7.6546
1438.97	11.6546
1441.67	17.6544
1444.37	13.6542
1447.07	1.65391
1449.77	17.6535
1452.47	17.653
1455.16	9.65248
1457.86	9.65183
1460.56	13.6511
1463.25	9.65026
1465.94	1.64935
1468.64	9.64835
1471.33	11.6473
1474.02	-2.35391
1476.71	7.64483
1479.4	1.64348
1482.09	13.642
1484.77	9.64053
1487.46	15.6389
1490.14	11.6372
1492.83	3.63544
1495.51	-2.36644
1498.19	7.6316
1500.87	7.62956
1503.55	9.62743
1506.23	27.6252
1508.91	5.6229
1511.59	7.6205
1514.27	5.61802
1516.94	3.61545
1519.62	17.6128
1522.29	-0.389952
1524.96	17.6072
1527.63	7.6043
1530.3	15.6013
1532.97	19.5982
1535.64	21.595
1538.31	3.59175
1540.98	7.58839
1543.64	-0.415053
1546.31	13.5814
1548.97	9.5778
1551.63	9.57409
1554.3	15.5703
1556.96	5.56642
1559.62	11.5625
1562.28	21.5584
1564.94	17.5543
1567.59	5.55002
1570.25	15.5457
1572.9	9.5413
1575.56	11.5368
1578.21	15.5322
1580.86	9.52756
1583.52	1.5228
1586.17	9.51796
1588.82	13.513
1591.47	11.508
1594.11	-4.49709
1596.76	1.49772
1599.41	33.4924
1602.05	-0.51293
1604.69	1.48161
1607.34	7.47607
1609.98	13.4704
1612.62	9.46472
1615.26	9.45891
1617.9	21.453
1620.54	9.44704
1623.18	21.441
1625.81	17.4348
1628.45	15.4286
1631.08	13.4222
1633.72	-4.58417
1636.35	3.40932
1638.98	1.40273
1641.61	11.3961
1644.24	1.38928
1646.87	9.38242
1649.5	7.37548
1652.13	11.3685
1654.75	7.36133
1657.38	-0.645873
1660	15.3468
1662.63	17.3395
1665.25	3.33198
1667.87	5.32442
1670.49	3.31678
1673.11	5.30905
1675.73	5.30123
1678.35	1.29332
1680.96	3.28533
1683.58	5.27725
1686.19	1.26908
1688.81	3.26082
1691.42	7.25247
1694.03	13.244
1696.64	9.23552
1699.25	3.22692
1701.87	15.2182
1704.47	13.2094
1707.08	7.20056
1709.69	1.19161
1712.29	7.18256
1714.9	-0.826573
1717.5	9.16421
1720.1	11.1549
1722.71	-2.8545
1725.31	7.13602
1727.91	9.12645
1730.51	11.1168
1733.1	9.10705
1735.7	7.09721
1738.3	5.08729
1740.89	15.0773
1743.49	11.0672
1746.08	19.057
1748.67	19.0467
1751.26	3.03638
1753.86	15.0259
1756.45	17.0154
1759.03	1.00478
1761.62	22.9941
1764.21	6.98327
1766.8	-1.02761
1769.38	12.9614
1771.97	14.9504
1774.55	18.9392
1777.13	16.928
1779.71	-5.08335
1782.29	16.9052
1784.87	12.8937
1787.45	18.8822
1790.03	12.8705
1792.61	16.8587
1795.18	10.8469
1797.76	14.835
1800.33	8.82293
1802.9	18.8108
1805.48	8.79863
1808.05	4.78635
1810.62	8.77398
1813.19	6.76152
1815.76	28.749
1818.33	4.73633
1820.89	16.7236
1823.46	22.7108
1826.02	-3.30209
1828.59	12.6849
1831.15	4.67186
1833.71	16.6587
1836.27	16.6455
1838.84	0.632121
1841.39	26.6187
1843.95	-5.39481
1846.51	0.591598
1849.07	10.5779
1851.62	12.5642
1854.18	24.5503
1856.73	0.536352
1859.29	8.52232
1861.84	4.5082
1864.39	16.494
1866.94	10.4797
1869.49	12.4653
1872.04	18.4509
1874.59	8.4363
1877.13	8.42165
1879.68	12.4069
1882.22	4.39211
1884.77	10.3772
1887.31	8.36222
1889.85	20.3471
1892.39	-5.66802
1894.93	-1.68327
1897.47	2.30138
1900.01	-7.71405
1902.55	18.2704
1905.09	14.2548
1907.62	20.2391
1910.16	10.2234
1912.69	8.20752
1915.22	14.1916
1917.76	6.17553
1920.29	4.1594
1922.82	14.1432
1925.35	0.126892
1927.88	12.1105
1930.4	10.094
1932.93	6.07748
1935.46	2.06083
1937.98	14.0441
1940.51	6.02728
1943.03	10.0104
1945.55	5.99338
1948.07	13.9763
1950.59	5.95913
1953.11	17.9419
1955.63	19.9245
1958.15	-0.0928935
1960.67	-0.110408
1963.18	9.87199
1965.7	-0.145699
1968.21	7.83652
1970.73	3.81866
1973.24	15.8007
1975.75	-0.217324
1978.26	23.7645
1980.77	13.7463
1983.28	3.72804
1985.79	17.7097
1988.29	17.6912
1990.8	-4.32738
1993.31	5.65398
1995.81	3.63524
1998.31	-0.383562
