100.093	2.25239
103.274	2.43747
106.457	-3.3785
109.636	-5.19575
112.817	2.98596
115.994	5.1664
119.172	-0.654195
122.347	9.52395
125.521	3.70095
128.696	3.87694
131.868	12.0517
135.039	8.22528
138.209	0.397756
141.379	10.5692
144.547	-5.26053
147.713	-3.0914
150.879	13.0766
154.043	-0.756461
157.206	15.4094
160.368	15.5741
163.529	13.7377
166.689	-4.09977
169.848	-1.93831
173.006	14.2221
176.163	10.3813
179.316	2.53946
182.471	4.69661
185.625	4.8527
188.777	5.00772
191.927	7.16158
195.077	5.31449
198.224	5.46625
201.372	5.61707
204.52	-4.23316
207.664	17.9155
210.809	4.06317
213.95	0.209745
217.091	0.35529
220.233	2.49991
223.372	20.6434
226.509	6.7859
229.648	16.9275
232.784	5.06795
235.918	1.20741
239.051	1.34588
242.186	13.4834
245.317	13.6199
248.447	19.7554
251.577	13.8899
254.705	8.02345
257.832	4.156
260.958	10.2876
264.083	16.4182
267.204	12.5477
270.327	-3.32359
273.449	18.8041
276.57	2.9309
279.69	5.05671
282.806	11.1815
285.924	-2.69458
289.04	5.4284
292.154	-2.44964
295.268	15.6715
298.379	1.79158
301.492	17.9108
304.601	4.0291
307.711	10.1465
310.818	14.2629
313.924	10.3785
317.031	4.49314
320.135	20.6068
323.238	8.71966
326.34	18.8316
329.443	6.94266
332.543	11.0528
335.642	7.16204
338.74	11.2704
341.836	11.3779
344.932	3.48449
348.027	9.59023
351.12	9.69511
354.213	9.79911
357.302	-0.0978065
360.393	10.0045
363.482	12.1059
366.57	10.2065
369.656	8.30619
372.742	0.405086
375.827	-5.49685
378.91	0.600305
381.993	6.6967
385.073	14.7922
388.154	-1.11307
391.232	16.9808
394.311	7.07388
397.387	15.1661
400.462	5.25751
403.536	27.3481
406.611	17.438
409.683	13.527
412.754	7.61517
415.824	7.70257
418.893	-2.21081
421.961	13.875
425.027	3.96006
428.093	18.0443
431.158	10.1278
434.222	4.21052
437.284	10.2925
440.346	6.37364
443.407	14.454
446.464	10.5336
449.523	0.612539
452.581	0.690679
455.635	12.768
458.691	2.84466
461.743	10.9205
464.797	-1.00433
467.847	5.07004
470.899	5.14373
473.947	17.2166
476.994	11.2888
480.043	17.3603
483.088	15.4311
486.133	15.5011
489.176	-2.4296
492.22	9.63904
495.262	7.70693
498.302	15.7741
501.341	7.8406
504.38	21.9064
507.417	9.97149
510.453	14.0359
513.487	12.0996
516.521	10.1626
519.554	2.22494
522.586	-3.71338
525.616	-11.6524
528.646	0.407896
531.675	-1.53245
534.701	10.5265
537.729	-7.41517
540.753	-3.35754
543.778	-3.30053
546.8	4.7558
549.821	8.81147
552.844	6.86653
555.863	4.92092
558.881	12.9747
561.898	17.0278
564.916	9.08027
567.932	-0.867882
570.946	-2.81667
573.959	1.23392
576.971	-2.71611
579.982	1.33324
582.993	1.38198
586	3.43007
589.008	1.47758
592.015	5.52449
595.022	5.5708
598.025	19.6165
601.029	5.66158
604.032	13.7061
607.033	11.75
610.034	-0.206672
613.032	11.8361
616.032	11.8782
619.028	7.91978
622.023	-4.03923
625.018	-1.99881
628.013	6.04106
631.005	6.08034
633.997	-9.88094
636.987	24.1572
639.977	2.19481
642.965	4.23185
645.952	4.26835
648.939	24.3043
651.924	6.33969
654.909	0.374542
657.892	0.408858
660.873	10.4426
663.854	14.4759
666.835	6.50857
669.813	8.54073
672.791	14.5724
675.767	16.6035
678.743	20.6341
681.717	6.66421
684.692	12.6938
687.664	18.7229
690.634	16.7514
693.606	14.7795
696.575	14.807
699.543	12.8341
702.51	22.8606
705.475	16.8867
708.44	14.9122
711.404	0.937304
714.367	6.9619
717.329	24.986
720.29	17.0096
723.25	13.0328
726.207	19.0555
729.166	7.07767
732.123	-2.90059
735.077	23.1207
738.032	13.1415
740.984	3.16183
743.938	7.18173
746.888	23.2012
749.839	9.22015
752.788	29.2387
755.735	1.25677
758.682	27.2744
761.627	-0.708383
764.574	23.3084
767.517	11.3247
770.46	7.34063
773.402	11.3561
776.342	27.3711
779.282	13.3858
782.219	5.39995
785.157	19.4137
788.094	19.4271
791.029	19.4401
793.962	23.4526
796.896	25.4647
799.828	15.4764
802.76	13.4878
805.689	21.4987
808.619	19.5092
811.546	19.5194
814.473	23.5291
817.4	9.53846
820.324	23.5474
823.248	11.556
826.17	19.5642
829.092	29.572
832.012	11.5795
834.932	9.58656
837.851	11.5933
840.768	13.5996
843.685	27.6056
846.599	17.6112
849.514	15.6164
852.428	27.6213
855.339	19.6259
858.251	19.6301
861.16	5.63389
864.07	9.63738
866.978	9.64052
869.884	9.64332
872.792	23.6458
875.696	19.6479
878.599	17.6497
881.502	11.6512
884.404	17.6523
887.304	15.6531
890.204	7.65358
893.103	3.65374
896.001	11.6536
898.898	11.6531
901.794	9.65232
904.689	11.6512
907.581	21.6498
910.474	9.6481
913.364	11.6461
916.256	7.64376
919.144	7.64114
922.034	1.63822
924.92	17.635
927.808	1.63151
930.693	5.62773
933.576	9.62365
936.459	5.61929
939.341	9.61465
942.222	23.6097
945.102	19.6045
947.981	19.5991
950.859	17.5933
953.737	1.58731
956.613	15.581
959.488	17.5745
962.361	19.5677
965.235	15.5606
968.105	13.5533
970.977	9.54572
973.846	29.5379
976.716	5.52981
979.583	23.5215
982.449	13.5129
985.316	15.5041
988.18	17.495
991.043	7.48576
993.906	13.4762
996.767	19.4665
999.628	7.45648
1002.49	7.44625
1005.35	9.43581
1008.2	13.4251
1011.06	7.41425
1013.91	-2.59687
1016.77	5.3918
1019.62	5.38026
1022.48	15.3685
1025.33	-4.64346
1028.18	11.3444
1031.03	9.33199
1033.87	25.3194
1036.72	11.3066
1039.57	9.29364
1042.41	25.2805
1045.26	13.2671
1048.1	3.25353
1050.94	1.23978
1053.78	17.2258
1056.62	9.21171
1059.46	7.1974
1062.3	17.1829
1065.14	17.1683
1067.97	11.1534
1070.81	9.1384
1073.64	19.1232
1076.47	-0.892139
1079.31	3.09233
1082.14	1.07665
1084.97	15.0608
1087.8	11.0448
1090.63	17.0286
1093.45	19.0123
1096.28	16.9958
1099.1	12.9792
1101.93	-7.03758
1104.75	14.9455
1107.57	18.9284
1110.39	20.9112
1113.21	16.8939
1116.03	12.8764
1118.85	-7.14126
1121.66	10.841
1124.48	6.82308
1127.3	8.80507
1130.11	16.7869
1132.92	-1.23136
1135.73	12.7502
1138.54	16.7317
1141.35	16.7131
1144.16	0.69432
1146.97	24.6754
1149.78	10.6565
1152.58	12.6374
1155.39	0.618178
1158.19	32.5989
1161	8.57945
1163.8	14.5599
1166.6	6.54032
1169.4	10.5206
1172.2	14.5008
1174.99	4.48089
1177.79	16.4609
1180.59	14.4408
1183.38	12.4207
1186.17	16.4004
1188.97	2.38004
1191.76	10.3596
1194.55	10.3391
1197.34	16.3185
1200.13	-3.70212
1202.92	18.2772
1205.7	0.256363
1208.49	8.23549
1211.27	0.214548
1214.06	0.193556
1216.84	4.17248
1219.62	10.1514
1222.4	16.1302
1225.18	18.1089
1227.96	12.0876
1230.74	22.0663
1233.51	28.0449
1236.29	18.0234
1239.06	16.0019
1241.84	11.9804
1244.61	9.9588
1247.38	11.9372
1250.15	11.9155
1252.92	-0.106198
1255.69	5.87206
1258.46	7.85029
1261.23	9.82848
1263.99	11.8067
1266.76	7.78478
1269.52	13.7629
1272.28	17.741
1275.05	7.71904
1277.81	1.69709
1280.57	7.67512
1283.33	5.65313
1286.08	-2.36888
1288.84	1.60911
1291.6	17.5871
1294.35	1.56504
1297.11	3.54301
1299.86	9.52096
1302.61	11.4989
1305.36	5.47686
1308.11	7.4548
1310.86	1.43276
1313.61	9.41072
1316.36	15.3887
1319.1	1.36665
1321.85	1.34464
1324.59	3.32263
1327.33	3.30064
1330.08	7.27867
1332.82	13.2567
1335.56	9.23476
1338.3	7.21284
1341.04	15.191
1343.77	17.1691
1346.51	-6.85275
1349.25	3.12543
1351.98	3.10365
1354.71	-4.91811
1357.45	17.0602
1360.18	9.03849
1362.91	1.01684
1365.64	10.9952
1368.37	26.9737
1371.09	8.95215
1373.82	10.9307
1376.54	-1.09075
1379.27	-5.11214
1381.99	22.8665
1384.72	14.8452
1387.44	14.824
1390.16	8.80285
1392.88	0.781736
1395.6	16.7607
1398.31	2.73968
1401.03	0.71875
1403.75	4.69788
1406.46	18.6771
1409.18	-3.34367
1411.89	2.63566
1414.6	20.6151
1417.31	4.59456
1420.02	14.5741
1422.73	18.5537
1425.44	6.53343
1428.15	4.51322
1430.85	0.493078
1433.56	20.473
1436.26	18.4531
1438.97	26.4332
1441.67	-3.58661
1444.37	4.39369
1447.07	6.37408
1449.77	28.3546
1452.47	-3.66486
1455.16	2.31581
1457.86	-1.70343
1460.56	6.27744
1463.25	16.2584
1465.94	0.239489
1468.64	12.2207
1471.33	14.202
1474.02	10.1833
1476.71	8.16484
1479.4	12.1464
1482.09	8.12818
1484.77	8.11002
1487.46	18.092
1490.14	0.0740516
1492.83	18.0562
1495.51	10.0386
1498.19	12.021
1500.87	12.0036
1503.55	1.98624
1506.23	9.96905
1508.91	11.952
1511.59	-0.0649312
1514.27	3.91828
1516.94	11.9016
1519.62	9.88509
1522.29	11.8687
1524.96	-0.14755
1527.63	9.83634
1530.3	9.82037
1532.97	15.8045
1535.64	7.78886
1538.31	7.77332
1540.98	7.75794
1543.64	9.7427
1546.31	13.7276
1548.97	-6.28732
1551.63	11.6979
1554.3	-6.31673
1556.96	-6.3312
1559.62	23.6545
1562.28	7.64034
1564.94	5.62636
1567.59	7.61253
1570.25	11.5989
1572.9	13.5854
1575.56	19.572
1578.21	5.55889
1580.86	7.5459
1583.52	17.5331
1586.17	3.52044
1588.82	7.50797
1591.47	5.49568
1594.11	19.4836
1596.76	7.47164
1599.41	11.4599
1602.05	3.44832
1604.69	-10.5631
1607.34	7.42574
1609.98	7.41472
1612.62	9.4039
1615.26	3.39326
1617.9	11.3828
1620.54	1.37256
1623.18	-0.637489
1625.81	23.3526
1628.45	13.343
1631.08	1.33352
1633.72	13.3243
1636.35	-4.68481
1638.98	5.30633
1641.61	3.29767
1644.24	-2.71078
1646.87	17.281
1649.5	9.27293
1652.13	-0.734891
1654.75	-10.7425
1657.38	7.25009
1660	17.2429
1662.63	17.2359
1665.25	7.22917
1667.87	5.22263
1670.49	5.21631
1673.11	7.21021
1675.73	-0.795665
1678.35	5.19868
1680.96	19.1933
1683.58	7.18806
1686.19	-0.816917
1688.81	-0.821662
1691.42	3.17383
1694.03	5.16954
1696.64	7.1655
1699.25	-2.83832
1701.87	11.1581
1704.47	15.1548
1707.08	13.1517
1709.69	7.1488
1712.29	7.14618
1714.9	33.1438
1717.5	9.14167
1720.1	13.1398
1722.71	7.13814
1725.31	13.1367
1727.91	21.1356
1730.51	3.13471
1733.1	15.1341
1735.7	15.1337
1738.3	7.13354
1740.89	3.13366
1743.49	-2.86596
1746.08	-4.86532
1748.67	5.13557
1751.26	7.13673
1753.86	17.1381
1756.45	7.13983
1759.03	1.14178
1761.62	7.14399
1764.21	13.1465
1766.8	9.14922
1769.38	15.1522
1771.97	9.15553
1774.55	15.1591
1777.13	13.1629
1779.71	5.16704
1782.29	-4.82857
1784.87	7.17609
1787.45	19.181
1790.03	7.18626
1792.61	17.1918
1795.18	3.19755
1797.76	1.20362
1800.33	5.20997
1802.9	7.21661
1805.48	-0.776462
1808.05	3.23075
1810.62	3.23826
1813.19	7.24606
1815.76	7.25415
1818.33	-2.73747
1820.89	19.2712
1823.46	3.28018
1826.02	5.28945
1828.59	9.29902
1831.15	7.30888
1833.71	17.3191
1836.27	7.32952
1838.84	9.34029
1841.39	19.3514
1843.95	15.3627
1846.51	1.37443
1849.07	5.38642
1851.62	-2.60127
1854.18	-0.588655
1856.73	-0.575735
1859.29	13.4375
1861.84	7.45105
1864.39	19.4649
1866.94	-0.520899
1869.49	11.4936
1872.04	17.5084
1874.59	3.52354
1877.13	23.539
1879.68	1.55477
1882.22	15.5709
1884.77	13.5873
1887.31	7.60403
1889.85	9.62111
1892.39	11.6385
1894.93	5.65623
1897.47	9.67429
1900.01	3.69268
1902.55	-0.288604
1905.09	11.7304
1907.62	13.7498
1910.16	5.76954
1912.69	3.7896
1915.22	15.81
1917.76	9.83072
1920.29	9.8518
1922.82	15.8732
1925.35	1.89496
1927.88	11.917
1930.4	3.93948
1932.93	23.9623
1935.46	11.9854
1937.98	12.0089
1940.51	-3.96731
1943.03	16.0569
1945.55	10.0814
1948.07	22.1063
1950.59	-11.8685
1953.11	10.1571
1955.63	24.183
1958.15	2.20926
1960.67	14.2359
1963.18	8.26289
1965.7	10.2903
1968.21	18.318
1970.73	6.34605
1973.24	14.3745
1975.75	10.4033
1978.26	0.432455
1980.77	16.462
1983.28	20.4919
1985.79	12.5221
1988.29	0.552759
1990.8	26.5838
1993.31	12.6151
1995.81	2.64688
1998.31	8.67897
