100.093	16.4349
103.274	18.4136
106.457	18.3927
109.636	22.3721
112.817	12.3518
115.994	18.332
119.172	6.31244
122.347	12.2933
125.521	22.2745
128.696	18.256
131.868	-3.76211
135.039	-3.77987
138.209	10.2027
141.379	4.18562
144.547	14.1689
147.713	10.1525
150.879	16.1364
154.043	10.1207
157.206	22.1053
160.368	10.0902
163.529	34.0755
166.689	14.0611
169.848	20.047
173.006	8.03326
176.163	22.0198
179.316	24.0067
182.471	9.99392
185.625	19.9814
188.777	7.96928
191.927	17.9574
195.077	-2.0541
198.224	15.9347
201.372	7.92376
204.52	3.91314
207.664	-0.0971658
210.809	21.8928
213.95	9.88312
217.091	3.87372
220.233	5.86461
223.372	11.8558
226.509	15.8473
229.648	13.839
232.784	15.8311
235.918	-0.176542
239.051	13.8161
242.186	-2.19099
245.317	15.8022
248.447	9.7957
251.577	23.7895
254.705	3.78351
257.832	9.77783
260.958	17.7724
264.083	17.7673
267.204	17.7624
270.327	3.75784
273.449	17.7535
276.57	9.74945
279.69	15.7456
282.806	5.74212
285.924	7.73884
289.04	-0.264175
292.154	13.7331
295.268	7.73056
298.379	19.7283
301.492	21.7263
304.601	9.72457
307.711	13.7231
310.818	17.7218
313.924	19.7208
317.031	7.72006
320.135	3.71954
323.238	11.7193
326.34	3.71922
329.443	-8.28059
332.543	7.71984
335.642	9.72051
338.74	23.7214
341.836	15.7225
344.932	15.7239
348.027	3.72547
351.12	-0.272722
354.213	7.72931
357.302	13.7316
360.393	7.73404
363.482	1.73673
366.57	11.7396
369.656	-6.25723
372.742	9.74611
375.827	11.7497
378.91	3.75342
381.993	5.7574
385.073	11.7616
388.154	29.766
391.232	3.77055
394.311	9.77535
397.387	1.78034
400.462	15.7855
403.536	-0.209073
406.611	27.7965
409.683	9.8023
412.754	17.8083
415.824	11.8144
418.893	3.8208
421.961	-2.17265
425.027	3.83408
428.093	13.841
431.158	-14.1519
434.222	23.8554
437.284	15.8629
440.346	11.8705
443.407	-8.12167
446.464	9.88632
449.523	7.8945
452.581	-2.09715
455.635	-4.08864
458.691	21.9201
461.743	-2.07109
464.797	1.93793
467.847	9.94712
470.899	7.95648
473.947	3.96599
476.994	-6.02434
480.043	-2.0145
483.088	5.99549
486.133	6.00564
489.176	6.01594
492.22	8.02641
495.262	6.03702
498.302	4.04778
501.341	2.05868
504.38	10.0697
507.417	6.08094
510.453	12.0923
513.487	4.10377
516.521	4.1154
519.554	4.12718
522.586	16.1391
525.616	-7.84887
528.646	10.1633
531.675	4.17563
534.701	8.18808
537.729	0.200661
540.753	4.21337
543.778	-1.77379
546.8	-1.76083
549.821	8.25226
552.844	-5.73452
555.863	10.2788
558.881	-1.70773
561.898	14.3058
564.916	0.319548
567.932	0.33336
570.946	12.3473
573.959	10.3613
576.971	-1.62451
579.982	12.3898
582.993	4.40413
586	4.41861
589.008	0.433198
592.015	0.447897
595.022	8.4627
598.025	0.477598
601.029	4.49261
604.032	-7.49228
607.033	4.52291
610.034	0.538221
613.032	4.55361
616.032	-1.43089
619.028	8.58469
622.023	-1.39964
625.018	6.61613
628.013	0.631991
631.005	10.6479
633.997	12.664
636.987	18.6801
639.977	2.69627
642.965	0.712551
645.952	14.7289
648.939	0.745353
651.924	2.76187
654.909	14.7785
657.892	8.79514
660.873	0.81188
663.854	2.8287
666.835	10.8456
669.813	10.8625
672.791	-7.12042
675.767	6.89667
678.743	4.91384
681.717	-1.06894
684.692	4.94836
687.664	6.96571
690.634	2.98312
693.606	17.0006
696.575	7.01813
699.543	13.0357
702.51	5.05336
705.475	11.0711
708.44	17.0888
711.404	9.10661
714.367	3.12447
717.329	9.14237
720.29	-2.83967
723.25	1.17833
726.207	7.19636
729.166	19.2145
732.123	3.23259
735.077	7.25076
738.032	-0.731024
740.984	13.2872
743.938	17.3055
746.888	1.32384
749.839	3.34221
752.788	19.3606
755.735	9.37903
758.682	5.39749
761.627	9.41597
764.574	17.4345
767.517	19.4531
770.46	13.4716
773.402	-6.50977
776.342	9.50885
779.282	7.5275
782.219	13.5462
785.157	9.56485
788.094	13.5836
791.029	9.60229
793.962	13.621
796.896	15.6398
799.828	7.65856
802.76	-2.32265
805.689	5.69615
808.619	9.71496
811.546	5.73378
814.473	-0.247397
817.4	11.7714
820.324	19.7903
823.248	21.8091
826.17	1.82798
829.092	25.8468
832.012	7.86568
834.932	9.88454
837.851	9.90339
840.768	5.92224
843.685	5.94109
846.599	9.95992
849.514	9.97876
852.428	7.9976
855.339	2.01641
858.251	6.03523
861.16	2.05402
864.07	14.0728
866.978	16.0916
869.884	14.1104
872.792	12.1291
875.696	8.14784
878.599	16.1666
881.502	8.18525
884.404	24.2039
887.304	12.2226
890.204	6.24121
893.103	12.2598
896.001	18.2784
898.898	10.297
901.794	14.3155
904.689	2.33403
907.581	0.352501
910.474	10.371
913.364	10.3894
916.256	16.4078
919.144	6.42611
922.034	14.4444
924.92	14.4627
927.808	0.480976
930.693	24.4992
933.576	12.5174
936.459	8.53549
939.341	26.5536
942.222	20.5716
945.102	12.5896
947.981	6.6076
950.859	14.6255
953.737	10.6434
956.613	8.66123
959.488	0.679006
962.361	6.69673
965.235	6.71441
968.105	0.732028
970.977	16.7496
973.846	8.76712
976.716	10.7846
979.583	2.802
982.449	12.8194
985.316	-1.16335
988.18	10.8539
991.043	0.871063
993.906	10.8882
996.767	6.90523
999.628	8.92222
1002.49	8.93915
1005.35	24.956
1008.2	0.972808
1011.06	10.9895
1013.91	11.0062
1016.77	-4.97721
1019.62	13.0393
1022.48	5.05575
1025.33	-2.92788
1028.18	7.08843
1031.03	-2.89534
1033.87	1.12081
1036.72	-0.863106
1039.57	7.15289
1042.41	11.1688
1045.26	17.1847
1048.1	19.2004
1050.94	3.21609
1053.78	15.2317
1056.62	-8.75279
1059.46	19.2626
1062.3	9.27799
1065.14	13.2932
1067.97	7.30841
1070.81	13.3235
1073.64	11.3385
1076.47	9.35338
1079.31	7.3682
1082.14	1.38292
1084.97	5.39755
1087.8	3.41208
1090.63	13.4265
1093.45	9.44086
1096.28	15.4551
1099.1	11.4692
1101.93	15.4833
1104.75	7.49724
1107.57	11.5111
1110.39	3.52483
1113.21	5.53847
1116.03	9.55201
1118.85	7.56544
1121.66	5.57876
1124.48	5.59199
1127.3	1.6051
1130.11	9.61811
1132.92	3.631
1135.73	11.6438
1138.54	9.65645
1141.35	11.669
1144.16	3.68147
1146.97	1.6938
1149.78	7.70602
1152.58	25.7181
1155.39	5.7301
1158.19	13.742
1161	13.7537
1163.8	-2.23465
1166.6	-0.22314
1169.4	1.78825
1172.2	13.7995
1174.99	21.8107
1177.79	1.82168
1180.59	7.83257
1183.38	21.8433
1186.17	9.85398
1188.97	-0.13551
1191.76	17.8749
1194.55	9.88513
1197.34	3.89525
1200.13	1.90525
1202.92	15.9151
1205.7	5.92483
1208.49	-4.06557
1211.27	9.94389
1214.06	5.95321
1216.84	7.9624
1219.62	15.9714
1222.4	13.9804
1225.18	5.98913
1227.96	3.99776
1230.74	0.00626039
1233.51	10.0146
1236.29	10.0228
1239.06	24.0309
1241.84	14.0388
1244.61	12.0466
1247.38	18.0542
1250.15	14.0617
1252.92	6.06902
1255.69	14.0762
1258.46	12.0832
1261.23	8.09013
1263.99	8.09686
1266.76	24.1034
1269.52	-5.89013
1272.28	2.11615
1275.05	6.12227
1277.81	6.12824
1280.57	4.13405
1283.33	18.1397
1286.08	8.1452
1288.84	22.1505
1291.6	14.1557
1294.35	0.16074
1297.11	16.1656
1299.86	-3.82971
1302.61	8.17483
1305.36	10.1792
1308.11	-7.8166
1310.86	12.1874
1313.61	0.191317
1316.36	6.19503
1319.1	10.1986
1321.85	16.2019
1324.59	10.2051
1327.33	16.2082
1330.08	18.211
1332.82	6.21373
1335.56	4.21626
1338.3	-1.7814
1341.04	4.22078
1343.77	20.2228
1346.51	0.224598
1349.25	8.22625
1351.98	18.2277
1354.71	20.229
1357.45	0.230126
1360.18	16.2311
1362.91	0.231818
1365.64	0.232393
1368.37	16.2328
1371.09	18.233
1373.82	32.233
1376.54	10.2329
1379.27	0.232533
1381.99	10.232
1384.72	8.2313
1387.44	-5.7696
1390.16	14.2293
1392.88	16.228
1395.6	10.2266
1398.31	10.2249
1401.03	14.2231
1403.75	-5.77895
1406.46	6.21883
1409.18	6.21641
1411.89	10.2138
1414.6	6.21099
1417.31	6.20799
1420.02	0.204797
1422.73	16.2014
1425.44	2.19781
1428.15	2.19403
1430.85	24.19
1433.56	10.1859
1436.26	22.1815
1438.97	12.1769
1441.67	8.1721
1444.37	12.1671
1447.07	0.161922
1449.77	8.15653
1452.47	2.15093
1455.16	10.1451
1457.86	6.13911
1460.56	14.1329
1463.25	8.12647
1465.94	8.11984
1468.64	20.113
1471.33	-7.89404
1474.02	6.0987
1476.71	14.0912
1479.4	16.0835
1482.09	12.0757
1484.77	16.0676
1487.46	16.0592
1490.14	0.0507038
1492.83	6.04196
1495.51	-7.967
1498.19	-5.97618
1500.87	10.0144
1503.55	4.00482
1506.23	5.99498
1508.91	1.98494
1511.59	9.97467
1514.27	19.9642
1516.94	19.9535
1519.62	1.94255
1522.29	17.9314
1524.96	15.92
1527.63	-0.0915709
1530.3	5.89661
1532.97	11.8846
1535.64	5.87229
1538.31	17.8598
1540.98	15.8471
1543.64	5.83412
1546.31	7.82095
1548.97	1.80754
1551.63	17.7939
1554.3	11.78
1556.96	-0.234056
1559.62	9.75162
1562.28	11.7371
1564.94	-0.277727
1567.59	13.7072
1570.25	17.692
1572.9	13.6765
1575.56	15.6608
1578.21	-2.35518
1580.86	-4.37139
1583.52	9.61217
1586.17	19.5955
1588.82	3.57859
1591.47	9.56145
1594.11	7.54407
1596.76	9.52644
1599.41	9.50858
1602.05	9.49047
1604.69	15.4721
1607.34	5.45352
1609.98	9.43469
1612.62	13.4156
1615.26	13.3963
1617.9	-2.62328
1620.54	17.3569
1623.18	5.33685
1625.81	1.31654
1628.45	19.296
1631.08	-0.724804
1633.72	11.2542
1636.35	15.2329
1638.98	11.2113
1641.61	1.18952
1644.24	7.16747
1646.87	17.1452
1649.5	-0.877384
1652.13	11.0998
1654.75	19.0768
1657.38	15.0535
1660	5.02989
1662.63	1.00609
1665.25	12.982
1667.87	18.9577
1670.49	12.9331
1673.11	0.90826
1675.73	22.8832
1678.35	8.8578
1680.96	8.83219
1683.58	2.80633
1686.19	12.7802
1688.81	18.7538
1691.42	10.7271
1694.03	0.700221
1696.64	16.6731
1699.25	-1.35438
1701.87	22.6179
1704.47	8.58994
1707.08	8.56171
1709.69	2.53322
1712.29	2.50445
1714.9	0.475426
1717.5	12.4461
1720.1	10.4166
1722.71	6.38675
1725.31	14.3567
1727.91	6.32629
1730.51	-3.70433
1733.1	14.2648
1735.7	4.23359
1738.3	2.20215
1740.89	20.1704
1743.49	4.13846
1746.08	8.1062
1748.67	8.07367
1751.26	6.04089
1753.86	12.0078
1756.45	7.97445
1759.03	-4.05917
1761.62	19.9069
1764.21	9.87276
1766.8	-10.1617
1769.38	13.8036
1771.97	3.76856
1774.55	11.7333
1777.13	1.69772
1779.71	15.6619
1782.29	7.62578
1784.87	-0.410625
1787.45	7.55269
1790.03	9.51574
1792.61	1.47849
1795.18	3.44098
1797.76	13.4032
1800.33	5.36507
1802.9	7.32671
1805.48	21.2881
1808.05	3.24912
1810.62	21.2099
1813.19	7.17038
1815.76	13.1306
1818.33	-8.90951
1820.89	-2.94988
1823.46	3.00948
1826.02	8.96852
1828.59	6.9273
1831.15	14.8858
1833.71	22.844
1836.27	14.8019
1838.84	6.75948
1841.39	6.7168
1843.95	6.67383
1846.51	4.63057
1849.07	6.58704
1851.62	12.5432
1854.18	8.49904
1856.73	4.45462
1859.29	12.4099
1861.84	14.3649
1864.39	16.3196
1866.94	14.2739
1869.49	14.228
1872.04	-3.81816
1874.59	6.13534
1877.13	2.08854
1879.68	2.04148
1882.22	13.9941
1884.77	7.94638
1887.31	5.89842
1889.85	11.8501
1892.39	3.80155
1894.93	5.75267
1897.47	19.7035
1900.01	15.654
1902.55	5.6042
1905.09	11.5541
1907.62	-6.49628
1910.16	3.45305
1912.69	7.40205
1915.22	1.35074
1917.76	11.2992
1920.29	7.24723
1922.82	-10.805
1925.35	9.14249
1927.88	11.0897
1930.4	11.0366
1932.93	-5.01688
1935.46	12.9294
1937.98	16.8753
1940.51	6.82096
1943.03	4.76629
1945.55	12.7113
1948.07	8.65604
1950.59	4.60047
1953.11	6.54454
1955.63	2.48834
1958.15	2.43183
1960.67	4.375
1963.18	20.3179
1965.7	16.2604
1968.21	-3.79736
1970.73	4.14455
1973.24	0.0861406
1975.75	20.0275
1978.26	13.9684
1980.77	5.90911
1983.28	1.84943
1985.79	5.78948
1988.29	9.72921
1990.8	3.66858
1993.31	-0.39233
1995.81	-8.45356
1998.31	1.48493
