100.093	1.76123
103.274	5.75362
106.457	5.74628
109.636	5.7392
112.817	21.7324
115.994	29.7258
119.172	13.7195
122.347	25.7135
125.521	23.7077
128.696	23.7021
131.868	-8.30317
135.039	15.6918
138.209	25.687
141.379	19.6825
144.547	17.6782
147.713	21.6741
150.879	1.67028
154.043	17.6667
157.206	9.66337
160.368	17.6603
163.529	13.6574
166.689	21.6548
169.848	17.6524
173.006	-6.34979
176.163	17.6483
179.316	7.64657
182.471	27.6451
185.625	15.6438
188.777	11.6428
191.927	19.642
195.077	11.6414
198.224	-6.35899
201.372	13.6408
204.52	15.6409
207.664	3.64118
210.809	9.64166
213.95	25.6424
217.091	9.64326
220.233	19.6444
223.372	9.64569
226.509	23.6472
229.648	9.64894
232.784	3.65087
235.918	-2.347
239.051	5.65532
242.186	19.6579
245.317	19.6606
248.447	3.66349
251.577	17.6666
254.705	21.6699
257.832	5.67339
260.958	13.6771
264.083	11.6809
267.204	11.685
270.327	19.6892
273.449	19.6936
276.57	29.6982
279.69	17.703
282.806	11.708
285.924	9.71313
289.04	9.71844
292.154	15.7239
295.268	1.72958
298.379	27.7354
301.492	3.74141
304.601	7.74758
307.711	11.7539
310.818	13.7604
313.924	15.7671
317.031	25.7739
320.135	9.7809
323.238	3.78805
326.34	27.7954
329.443	15.8028
332.543	11.8104
335.642	21.8182
338.74	7.82614
341.836	9.83422
344.932	15.8424
348.027	25.8508
351.12	11.8594
354.213	25.868
357.302	29.8768
360.393	5.88579
363.482	9.89489
366.57	17.9041
369.656	11.9135
372.742	1.92303
375.827	19.9327
378.91	-2.05753
381.993	13.9524
385.073	7.96245
388.154	7.97264
391.232	3.98295
394.311	5.9934
397.387	4.00397
400.462	34.0147
403.536	0.025477
406.611	14.0364
409.683	8.04749
412.754	0.0586715
415.824	2.06997
418.893	2.08139
421.961	20.0929
425.027	-1.89542
428.093	16.1163
431.158	14.1282
434.222	6.14022
437.284	4.15232
440.346	20.1645
443.407	-1.82316
446.464	4.18925
449.523	0.20178
452.581	2.21441
455.635	6.22713
458.691	4.23997
461.743	12.2529
464.797	10.2659
467.847	8.27904
470.899	6.29227
473.947	4.30558
476.994	12.319
480.043	16.3325
483.088	-1.65393
486.133	4.35974
489.176	10.3735
492.22	12.3874
495.262	16.4013
498.302	2.41532
501.341	24.4294
504.38	14.4436
507.417	20.4579
510.453	2.47222
513.487	0.486633
516.521	6.50113
519.554	10.5157
522.586	8.53036
525.616	-1.45493
528.646	22.5599
531.675	12.5747
534.701	14.5897
537.729	6.60467
540.753	4.61973
543.778	12.6349
546.8	10.6501
549.821	6.66531
552.844	24.6806
555.863	8.69602
558.881	6.71146
561.898	8.72695
564.916	-13.2575
567.932	8.75813
570.946	2.7738
573.959	8.78952
576.971	4.80529
579.982	10.8211
582.993	8.83699
586	14.8529
589.008	10.8689
592.015	12.8849
595.022	2.90095
598.025	-1.08295
601.029	-3.0668
604.032	10.9494
607.033	-3.03438
610.034	24.9819
613.032	18.9982
616.032	-8.98545
619.028	7.03093
622.023	9.04734
625.018	3.06378
628.013	-0.919728
631.005	15.0968
633.997	3.11332
636.987	5.12989
639.977	-0.853509
642.965	15.1631
645.952	13.1798
648.939	13.1964
651.924	-0.786856
654.909	7.22987
657.892	13.2466
660.873	11.2634
663.854	5.28015
666.835	17.297
669.813	7.31376
672.791	11.3306
675.767	17.3474
678.743	5.3643
681.717	3.38116
684.692	7.39805
687.664	1.41494
690.634	-0.568165
693.606	7.44875
696.575	-2.53434
699.543	23.4826
702.51	5.4995
705.475	11.5164
708.44	15.5334
711.404	3.55029
714.367	1.56722
717.329	1.58416
720.29	3.60109
723.25	9.61801
726.207	19.6349
729.166	7.65184
732.123	19.6688
735.077	21.6857
738.032	9.70255
740.984	13.7194
743.938	5.73631
746.888	19.7532
749.839	15.77
752.788	11.7869
755.735	-2.19633
758.682	5.82047
761.627	11.8373
764.574	3.85404
767.517	-2.12921
770.46	9.88752
773.402	-0.0957676
776.342	17.9209
779.282	11.9376
782.219	3.95422
785.157	9.97084
788.094	-0.0125693
791.029	4.004
793.962	6.02052
796.896	16.037
799.828	6.0535
802.76	20.07
805.689	8.08636
808.619	20.1027
811.546	14.1191
814.473	10.1354
817.4	12.1517
820.324	4.1679
823.248	-3.8159
826.17	28.2003
829.092	16.2164
832.012	8.23245
834.932	30.2485
837.851	10.2645
840.768	24.2804
843.685	28.2963
846.599	10.3122
849.514	8.32799
852.428	18.3438
855.339	20.3595
858.251	8.37512
861.16	26.3907
864.07	22.4063
866.978	14.4218
869.884	4.43724
872.792	6.45265
875.696	4.46798
878.599	12.4833
881.502	32.4985
884.404	2.51366
887.304	14.5288
890.204	0.543814
893.103	18.5588
896.001	8.57373
898.898	4.58859
901.794	-1.39661
904.689	8.61812
907.581	8.63278
910.474	0.647378
913.364	10.6619
916.256	32.6764
919.144	10.6908
922.034	-7.29492
924.92	-5.28068
927.808	-3.2665
930.693	6.7476
933.576	18.7616
936.459	16.7756
939.341	18.7895
942.222	4.80325
945.102	6.81697
947.981	14.8306
950.859	6.84417
953.737	10.8577
956.613	8.87105
959.488	6.88437
962.361	28.8976
965.235	10.9107
968.105	12.9238
970.977	6.93679
973.846	6.94967
976.716	18.9625
979.583	18.9752
982.449	6.98781
985.316	11.0003
988.18	3.01278
991.043	5.02513
993.906	15.0374
996.767	7.04954
999.628	17.0616
1002.49	25.0736
1005.35	1.08545
1008.2	15.0972
1011.06	21.1089
1013.91	27.1205
1016.77	-4.86804
1019.62	7.14333
1022.48	13.1546
1025.33	15.1658
1028.18	7.17685
1031.03	7.18781
1033.87	21.1987
1036.72	15.2094
1039.57	1.22006
1042.41	7.2306
1045.26	11.241
1048.1	1.25135
1050.94	19.2616
1053.78	9.27166
1056.62	7.28164
1059.46	19.2915
1062.3	19.3013
1065.14	5.31092
1067.97	7.32045
1070.81	-4.67014
1073.64	3.33916
1076.47	9.34834
1079.31	13.3574
1082.14	17.3663
1084.97	15.3752
1087.8	9.38386
1090.63	1.39244
1093.45	17.4009
1096.28	25.4092
1099.1	7.41743
1101.93	11.4255
1104.75	7.43347
1107.57	15.4413
1110.39	7.44901
1113.21	9.45658
1116.03	27.464
1118.85	1.47135
1121.66	17.4785
1124.48	15.4856
1127.3	-4.50749
1130.11	7.4993
1132.92	15.506
1135.73	17.5125
1138.54	15.5189
1141.35	15.5251
1144.16	1.53123
1146.97	-4.46279
1149.78	21.543
1152.58	-0.451259
1155.39	9.5543
1158.19	1.55972
1161	7.565
1163.8	11.5701
1166.6	1.57512
1169.4	5.57998
1172.2	19.5847
1174.99	13.5892
1177.79	23.5937
1180.59	19.5979
1183.38	19.602
1186.17	9.60601
1188.97	-0.390167
1191.76	9.61351
1194.55	15.617
1197.34	7.6204
1200.13	-4.37638
1202.92	7.62669
1205.7	15.6296
1208.49	5.63236
1211.27	21.635
1214.06	13.6374
1216.84	11.6397
1219.62	9.64185
1222.4	11.6438
1225.18	15.6457
1227.96	19.6473
1230.74	17.6488
1233.51	-4.34984
1236.29	-2.34866
1239.06	9.65236
1241.84	-8.34679
1244.61	1.65391
1247.38	27.6544
1250.15	33.6548
1252.92	-2.345
1255.69	1.65503
1258.46	5.6549
1261.23	29.6546
1263.99	1.65413
1266.76	13.6535
1269.52	3.65268
1272.28	1.65171
1275.05	9.65056
1277.81	11.6492
1280.57	13.6477
1283.33	21.6461
1286.08	9.64424
1288.84	3.64222
1291.6	25.64
1294.35	9.63767
1297.11	11.6351
1299.86	23.6324
1302.61	3.62951
1305.36	3.62644
1308.11	5.62319
1310.86	19.6198
1313.61	13.6161
1316.36	5.61235
1319.1	1.60837
1321.85	5.60421
1324.59	-4.40013
1327.33	19.5953
1330.08	25.5906
1332.82	-0.414259
1335.56	15.5807
1338.3	7.57539
1341.04	1.56994
1343.77	29.5643
1346.51	9.55847
1349.25	5.55245
1351.98	13.5462
1354.71	3.53985
1357.45	13.5333
1360.18	15.5265
1362.91	19.5195
1365.64	15.5123
1368.37	15.505
1371.09	7.49743
1373.82	27.4897
1376.54	17.4817
1379.27	17.4736
1381.99	13.4653
1384.72	-0.54326
1387.44	17.448
1390.16	5.43909
1392.88	-0.570038
1395.6	13.4206
1398.31	17.4111
1401.03	7.40138
1403.75	17.3915
1406.46	7.38132
1409.18	-0.629009
1411.89	17.3605
1414.6	15.3497
1417.31	9.33878
1420.02	27.3276
1422.73	11.3163
1425.44	9.30471
1428.15	7.29295
1430.85	13.281
1433.56	3.26879
1436.26	-0.743607
1438.97	25.2438
1441.67	7.23099
1444.37	7.21797
1447.07	15.2047
1449.77	17.1913
1452.47	5.17764
1455.16	-2.83623
1457.86	11.1497
1460.56	11.1354
1463.25	25.1209
1465.94	15.1062
1468.64	5.09122
1471.33	11.0761
1474.02	13.0607
1476.71	-0.954891
1479.4	13.0293
1482.09	5.01327
1484.77	-7.00297
1487.46	2.98057
1490.14	12.9639
1492.83	6.94698
1495.51	14.9299
1498.19	-5.0875
1500.87	6.89494
1503.55	10.8771
1506.23	4.85912
1508.91	6.84089
1511.59	2.82242
1514.27	2.80373
1516.94	4.78482
1519.62	12.7657
1522.29	0.746306
1524.96	4.72671
1527.63	2.70689
1530.3	10.6868
1532.97	10.6666
1535.64	6.64605
1538.31	16.6253
1540.98	4.60435
1543.64	0.583139
1546.31	10.5617
1548.97	10.54
1551.63	6.51815
1554.3	8.49601
1556.96	16.4737
1559.62	16.4511
1562.28	6.42823
1564.94	-1.59483
1567.59	16.3819
1570.25	6.35832
1572.9	18.3345
1575.56	16.3105
1578.21	4.28629
1580.86	18.2618
1583.52	-3.76294
1586.17	2.2121
1588.82	10.1869
1591.47	-3.83856
1594.11	16.1358
1596.76	18.1098
1599.41	18.0837
1602.05	2.05726
1604.69	8.0306
1607.34	-3.9963
1609.98	-2.02345
1612.62	25.9492
1615.26	-0.078475
1617.9	3.89366
1620.54	7.86553
1623.18	11.8372
1625.81	3.80854
1628.45	3.77969
1631.08	13.7506
1633.72	1.72123
1636.35	9.69162
1638.98	9.66177
1641.61	19.6317
1644.24	-0.398697
1646.87	17.5707
1649.5	1.53983
1652.13	3.50873
1654.75	11.4774
1657.38	1.44576
1660	11.4139
1662.63	11.3818
1665.25	5.34939
1667.87	19.3168
1670.49	7.28389
1673.11	1.25075
1675.73	1.21736
1678.35	13.1837
1680.96	13.1498
1683.58	5.11565
1686.19	15.0812
1688.81	1.04654
1691.42	5.01161
1694.03	10.9764
1696.64	4.94096
1699.25	6.90525
1701.87	-5.13074
1704.47	14.833
1707.08	6.79654
1709.69	6.75978
1712.29	10.7228
1714.9	4.68547
1717.5	8.64795
1720.1	6.61013
1722.71	0.572049
1725.31	6.53373
1727.91	14.4951
1730.51	12.4563
1733.1	-5.58286
1735.7	-1.62228
1738.3	10.3381
1740.89	0.298132
1743.49	14.2579
1746.08	6.21747
1748.67	28.1767
1751.26	6.13575
1753.86	2.09447
1756.45	8.05292
1759.03	-1.98887
1761.62	5.96904
1764.21	-4.0733
1766.8	5.88409
1769.38	11.8412
1771.97	5.79801
1774.55	3.75458
1777.13	-0.289128
1779.71	-4.33311
1782.29	9.62266
1784.87	-4.42188
1787.45	25.5333
1790.03	5.48825
1792.61	9.44289
1795.18	1.39727
1797.76	1.35135
1800.33	1.30518
1802.9	9.25873
1805.48	7.212
1808.05	3.16499
1810.62	23.1177
1813.19	17.0701
1815.76	7.02228
1818.33	10.9741
1820.89	0.925735
1823.46	12.8771
1826.02	12.8281
1828.59	6.77886
1831.15	2.72935
1833.71	-1.32048
1836.27	2.62944
1838.84	8.57907
1841.39	8.52842
1843.95	0.477482
1846.51	12.4263
1849.07	8.37479
1851.62	0.32299
1854.18	6.27091
1856.73	2.21857
1859.29	0.165911
1861.84	12.113
1864.39	4.0598
1866.94	8.00628
1869.49	7.9525
1872.04	-0.101571
1874.59	1.84407
1877.13	-0.210578
1879.68	3.73452
1882.22	3.67929
1884.77	3.62376
1887.31	17.568
1889.85	7.51188
1892.39	17.4555
1894.93	5.39886
1897.47	1.34188
1900.01	7.28463
1902.55	9.2271
1905.09	13.1693
1907.62	9.11114
1910.16	-0.947245
1912.69	2.99404
1915.22	10.935
1917.76	0.875751
1920.29	2.81614
1922.82	4.75628
1925.35	10.6961
1927.88	24.6356
1930.4	12.5749
1932.93	0.5138
1935.46	4.45244
1937.98	0.390787
1940.51	8.32883
1943.03	6.26658
1945.55	0.204065
1948.07	10.1412
1950.59	0.0780943
1953.11	-1.98537
1955.63	5.95092
1958.15	-0.113104
1960.67	-0.177427
1963.18	13.7579
1965.7	-0.306981
1968.21	-6.37221
1970.73	7.56225
1973.24	7.49641
1975.75	5.43031
1978.26	3.36386
1980.77	1.29715
1983.28	5.23009
1985.79	1.16277
1988.29	-0.904856
1990.8	-8.97284
1993.31	10.9589
1995.81	12.8904
1998.31	-3.17843
