100.093	12.6197
103.274	8.64223
106.457	18.6648
109.636	22.6873
112.817	-1.29022
115.994	12.7322
119.172	-3.24531
122.347	2.77709
125.521	8.79947
128.696	2.82184
131.868	22.8442
135.039	16.8665
138.209	10.8888
141.379	10.911
144.547	14.9332
147.713	-5.04457
150.879	4.9776
154.043	12.9997
157.206	25.0219
160.368	9.04394
163.529	13.066
166.689	19.088
169.848	5.11002
173.006	13.132
176.163	17.1539
179.316	5.17583
182.471	17.1977
185.625	9.21957
188.777	9.24139
191.927	5.26317
195.077	11.2849
198.224	5.30665
201.372	15.3284
204.52	17.35
207.664	11.3717
210.809	15.3933
213.95	7.41483
217.091	15.4364
220.233	21.4579
223.372	9.47935
226.509	7.50079
229.648	7.52221
232.784	17.5436
235.918	1.56492
239.051	5.58623
242.186	7.60752
245.317	-0.371236
248.447	19.65
251.577	21.6711
254.705	1.69229
257.832	-0.286602
260.958	9.73447
264.083	15.7555
267.204	15.7765
270.327	17.7975
273.449	7.81841
276.57	9.83931
279.69	25.8602
282.806	9.881
285.924	-2.09821
289.04	1.92255
292.154	9.94326
295.268	9.96395
298.379	7.98459
301.492	10.0052
304.601	8.02577
307.711	24.0463
310.818	10.0668
313.924	0.0872586
317.031	4.10769
320.135	20.1281
323.238	10.1484
326.34	18.1687
329.443	0.188999
332.543	16.2092
335.642	4.22942
338.74	-1.75043
341.836	12.2697
344.932	4.28976
348.027	20.3098
351.12	12.3298
354.213	18.3498
357.302	10.3697
360.393	4.38953
363.482	8.40937
366.57	8.42917
369.656	8.44892
372.742	10.4686
375.827	6.48832
378.91	22.5079
381.993	6.52754
385.073	-1.45292
388.154	16.5666
391.232	10.5861
394.311	-5.39451
397.387	0.624864
400.462	14.6442
403.536	20.6635
406.611	8.68276
409.683	24.702
412.754	10.7211
415.824	-5.25974
418.893	6.75934
421.961	14.7784
425.027	2.79738
428.093	10.8163
431.158	8.83524
434.222	-3.1459
437.284	-1.12707
440.346	2.8917
443.407	-3.08956
446.464	4.92912
449.523	20.9478
452.581	2.96636
455.635	2.98491
458.691	-8.99658
461.743	7.02187
464.797	1.0403
467.847	7.05866
470.899	-0.923009
473.947	7.09526
476.994	21.1135
480.043	13.1317
483.088	11.1498
486.133	7.16791
489.176	-6.81405
492.22	-0.796036
495.262	9.22191
498.302	9.23982
501.341	3.25767
504.38	21.2755
507.417	3.29325
510.453	-4.68904
513.487	7.32862
516.521	-8.65376
519.554	-2.63619
522.586	1.38133
525.616	3.39879
528.646	15.4162
531.675	-2.5664
534.701	15.4509
537.729	15.4682
540.753	15.4854
543.778	-0.497393
546.8	-0.48027
549.821	3.5368
552.844	1.55384
555.863	7.57082
558.881	11.5877
561.898	9.60462
564.916	1.62145
567.932	-0.361772
570.946	3.65495
573.959	-4.32837
576.971	5.68825
579.982	1.70482
582.993	17.7213
586	11.7378
589.008	1.75423
592.015	7.7706
595.022	5.78691
598.025	15.8032
601.029	-0.180616
604.032	3.83555
607.033	1.85165
610.034	-8.13229
613.032	11.8837
616.032	-0.100346
619.028	1.91554
622.023	-8.06862
625.018	9.94717
628.013	7.96291
631.005	1.97859
633.997	-4.00578
636.987	4.00979
639.977	6.02531
642.965	16.0408
645.952	24.0562
648.939	2.07154
651.924	12.0868
654.909	6.1021
657.892	-3.88271
660.873	14.1324
663.854	22.1475
666.835	8.16255
669.813	4.17751
672.791	10.1924
675.767	22.2073
678.743	6.2221
681.717	12.2369
684.692	8.25155
687.664	6.26619
690.634	14.2808
693.606	6.2953
696.575	16.3098
699.543	16.3242
702.51	2.33854
705.475	4.35284
708.44	14.3671
711.404	30.3813
714.367	6.3954
717.329	4.40948
720.29	18.4235
723.25	6.43745
726.207	2.45135
729.166	16.4652
732.123	30.479
735.077	0.492701
738.032	0.506374
740.984	0.51998
743.938	6.53354
746.888	16.547
749.839	24.5605
752.788	4.57384
755.735	18.5872
758.682	8.60041
761.627	14.6136
764.574	-1.37324
767.517	8.63984
770.46	26.6529
773.402	16.6658
776.342	10.6787
779.282	8.69156
782.219	2.70434
785.157	8.71706
788.094	4.72973
791.029	4.74233
793.962	8.75487
796.896	10.7674
799.828	10.7798
802.76	12.7921
805.689	-1.19557
808.619	22.8167
811.546	12.8288
814.473	12.841
817.4	8.85302
820.324	18.865
823.248	12.8769
826.17	12.8888
829.092	16.9006
832.012	10.9124
834.932	-1.07595
837.851	16.9357
840.768	22.9472
843.685	-1.04127
846.599	16.9702
849.514	6.98154
852.428	12.9929
855.339	13.0041
858.251	-2.98472
861.16	19.0264
864.07	33.0375
866.978	17.0485
869.884	5.05939
872.792	9.07026
875.696	5.08107
878.599	13.0918
881.502	1.10248
884.404	13.1131
887.304	-2.87635
890.204	13.1341
893.103	13.1446
896.001	11.1549
898.898	15.1652
901.794	11.1754
904.689	9.18561
907.581	11.1957
910.474	11.2057
913.364	5.21572
916.256	1.22563
919.144	-0.764536
922.034	11.2452
924.92	13.255
927.808	9.2646
930.693	-4.72582
933.576	9.28369
936.459	-2.70686
939.341	11.3025
942.222	3.31184
945.102	3.32109
947.981	3.33028
950.859	5.3394
953.737	13.3485
956.613	19.3574
959.488	13.3664
962.361	11.3752
965.235	13.384
968.105	1.39272
970.977	15.4014
973.846	27.41
976.716	-2.58151
979.583	13.4269
982.449	13.4353
985.316	7.44365
988.18	5.4519
991.043	13.4601
993.906	7.46819
996.767	19.4762
999.628	5.48422
1002.49	27.4921
1005.35	21.5
1008.2	13.5078
1011.06	7.51547
1013.91	21.5231
1016.77	11.5307
1019.62	17.5382
1022.48	13.5456
1025.33	1.55298
1028.18	19.5603
1031.03	9.56751
1033.87	9.57467
1036.72	17.5818
1039.57	13.5888
1042.41	7.59574
1045.26	-6.39737
1048.1	11.6094
1050.94	1.61619
1053.78	3.62286
1056.62	3.62947
1059.46	-6.36399
1062.3	17.6425
1065.14	5.64887
1067.97	7.6552
1070.81	15.6615
1073.64	11.6676
1076.47	5.67376
1079.31	3.67981
1082.14	7.68579
1084.97	3.6917
1087.8	-0.302469
1090.63	17.7033
1093.45	3.70899
1096.28	17.7146
1099.1	15.7202
1101.93	1.72565
1104.75	11.7311
1107.57	23.7364
1110.39	9.74167
1113.21	1.74687
1116.03	7.75199
1118.85	25.757
1121.66	23.762
1124.48	-6.23305
1127.3	3.77178
1130.11	3.77655
1132.92	9.78125
1135.73	11.7859
1138.54	3.79043
1141.35	3.79491
1144.16	7.79932
1146.97	7.80366
1149.78	3.80792
1152.58	5.81211
1155.39	1.81623
1158.19	15.8203
1161	15.8243
1163.8	7.82815
1166.6	27.832
1169.4	15.8357
1172.2	7.83942
1174.99	15.843
1177.79	5.84657
1180.59	25.85
1183.38	-6.14658
1186.17	13.8567
1188.97	13.86
1191.76	11.8632
1194.55	1.86625
1197.34	3.86928
1200.13	13.8722
1202.92	1.8751
1205.7	19.8779
1208.49	-2.11937
1211.27	25.8833
1214.06	3.88587
1216.84	7.88837
1219.62	5.89081
1222.4	15.8932
1225.18	1.89545
1227.96	7.89766
1230.74	7.89979
1233.51	13.9019
1236.29	17.9038
1239.06	9.90575
1241.84	21.9076
1244.61	11.9093
1247.38	13.911
1250.15	-0.0873528
1252.92	17.9142
1255.69	11.9156
1258.46	-2.08297
1261.23	9.91834
1263.99	-0.0804198
1266.76	11.9207
1269.52	-2.07817
1272.28	13.9228
1275.05	17.9238
1277.81	1.92463
1280.57	11.9254
1283.33	-0.0738797
1286.08	1.92675
1288.84	11.9273
1291.6	13.9278
1294.35	7.92819
1297.11	15.9285
1299.86	15.9288
1302.61	21.9289
1305.36	15.929
1308.11	15.9291
1310.86	-0.0709868
1313.61	9.92888
1316.36	9.92868
1319.1	-0.0716071
1321.85	-4.07197
1324.59	11.9276
1327.33	23.9271
1330.08	-6.07351
1332.82	-0.0741745
1335.56	1.92508
1338.3	5.92426
1341.04	15.9234
1343.77	1.92239
1346.51	13.9213
1349.25	15.9202
1351.98	-8.081
1354.71	1.91771
1357.45	15.9164
1360.18	5.91491
1362.91	-2.08661
1365.64	9.9118
1368.37	13.9101
1371.09	3.90838
1373.82	11.9065
1376.54	-2.09536
1379.27	1.90266
1381.99	15.9006
1384.72	-0.101542
1387.44	11.8962
1390.16	9.89394
1392.88	9.89157
1395.6	17.8891
1398.31	15.8866
1401.03	13.884
1403.75	9.88129
1406.46	1.87853
1409.18	7.87568
1411.89	5.87276
1414.6	-4.13024
1417.31	5.86668
1420.02	9.86352
1422.73	13.8603
1425.44	3.85696
1428.15	21.8536
1430.85	9.85009
1433.56	-2.15346
1436.26	9.84291
1438.97	9.83919
1441.67	-0.164596
1444.37	23.8315
1447.07	7.82759
1449.77	15.8236
1452.47	11.8194
1455.16	9.81526
1457.86	-4.18901
1460.56	15.8066
1463.25	11.8022
1465.94	5.79771
1468.64	17.7931
1471.33	5.78846
1474.02	13.7837
1476.71	19.7789
1479.4	3.77399
1482.09	11.769
1484.77	13.7639
1487.46	13.7588
1490.14	11.7536
1492.83	5.74826
1495.51	11.7429
1498.19	7.73741
1500.87	5.73187
1503.55	7.72624
1506.23	9.72053
1508.91	9.71475
1511.59	11.7089
1514.27	25.7029
1516.94	3.69691
1519.62	15.6908
1522.29	1.6846
1524.96	-0.321665
1527.63	9.67198
1530.3	19.6656
1532.97	21.659
1535.64	5.65244
1538.31	7.64577
1540.98	7.63902
1543.64	3.63218
1546.31	3.62526
1548.97	7.61826
1551.63	3.61119
1554.3	25.604
1556.96	-12.4032
1559.62	9.58946
1562.28	25.5821
1564.94	23.5746
1567.59	11.567
1570.25	-0.440649
1572.9	19.5516
1575.56	-8.45619
1578.21	7.53592
1580.86	11.5279
1583.52	5.51988
1586.17	11.5117
1588.82	17.5035
1591.47	1.49522
1594.11	7.48684
1596.76	27.4784
1599.41	15.4698
1602.05	-0.538803
1604.69	13.4525
1607.34	-0.556309
1609.98	13.4348
1612.62	25.4259
1615.26	9.41681
1617.9	13.4077
1620.54	19.3985
1623.18	15.3892
1625.81	7.37983
1628.45	11.3704
1631.08	11.3609
1633.72	23.3512
1636.35	9.34154
1638.98	9.33176
1641.61	21.3219
1644.24	9.31195
1646.87	-6.69808
1649.5	15.2918
1652.13	19.2816
1654.75	-2.72866
1657.38	3.26098
1660	1.25054
1662.63	7.24002
1665.25	-0.770597
1667.87	-0.781286
1670.49	21.2079
1673.11	7.19709
1675.73	-0.813853
1678.35	23.1751
1680.96	11.164
1683.58	7.15284
1686.19	-0.858438
1688.81	7.13021
1691.42	11.1188
1694.03	7.10725
1696.64	3.09565
1699.25	5.08396
1701.87	23.0722
1704.47	-10.9397
1707.08	-2.95161
1709.69	15.0364
1712.29	7.02427
1714.9	23.0121
1717.5	8.99982
1720.1	2.98746
1722.71	6.97502
1725.31	-3.0375
1727.91	18.9499
1730.51	10.9372
1733.1	-1.07556
1735.7	10.9116
1738.3	-3.10137
1740.89	14.8856
1743.49	14.8725
1746.08	6.85931
1748.67	2.84603
1751.26	6.83268
1753.86	4.81924
1756.45	4.80571
1759.03	2.7921
1761.62	2.7784
1764.21	12.7646
1766.8	10.7508
1769.38	4.73682
1771.97	14.7228
1774.55	2.70867
1777.13	-1.30553
1779.71	18.6802
1782.29	2.66582
1784.87	-11.3486
1787.45	14.6368
1790.03	20.6222
1792.61	4.6075
1795.18	4.59272
1797.76	0.577838
1800.33	4.56288
1802.9	8.54784
1805.48	18.5327
1808.05	2.51751
1810.62	10.5022
1813.19	6.48683
1815.76	20.4714
1818.33	10.4558
1820.89	14.4402
1823.46	6.42446
1826.02	4.40865
1828.59	22.3928
1831.15	4.3768
1833.71	4.36073
1836.27	18.3446
1838.84	14.3284
1841.39	26.3121
1843.95	6.29566
1846.51	8.27917
1849.07	18.2626
1851.62	0.24596
1854.18	4.22922
1856.73	10.2124
1859.29	16.1955
1861.84	18.1785
1864.39	10.1614
1866.94	4.14426
1869.49	8.12702
1872.04	-5.89031
1874.59	6.09227
1877.13	14.0748
1879.68	20.0572
1882.22	6.03952
1884.77	-1.97824
1887.31	14.0039
1889.85	-4.01401
1892.39	-4.03202
1894.93	7.94989
1897.47	7.9317
1900.01	3.91343
1902.55	23.8951
1905.09	17.8766
1907.62	9.85812
1910.16	11.8395
1912.69	15.8208
1915.22	11.802
1917.76	1.78318
1920.29	19.7642
1922.82	15.7452
1925.35	13.7261
1927.88	17.7069
1930.4	5.68757
1932.93	13.6682
1935.46	7.64873
1937.98	3.62918
1940.51	13.6095
1943.03	-6.41018
1945.55	5.57002
1948.07	7.55013
1950.59	9.53016
1953.11	17.5101
1955.63	9.48994
1958.15	11.4697
1960.67	9.4494
1963.18	17.429
1965.7	11.4085
1968.21	13.3879
1970.73	11.3673
1973.24	3.34651
1975.75	13.3257
1978.26	15.3048
1980.77	-6.71624
1983.28	7.26266
1985.79	7.24149
1988.29	15.2202
1990.8	23.1989
1993.31	3.17744
1995.81	3.15592
1998.31	9.13433
