100.093	10.3426
103.274	-5.63637
106.457	16.3846
109.636	8.40543
112.817	36.4262
115.994	2.44678
119.172	12.4673
122.347	16.4877
125.521	18.5079
128.696	8.52808
131.868	10.5481
135.039	8.56804
138.209	8.58784
141.379	16.6075
144.547	-1.37287
147.713	10.6466
150.879	0.665949
154.043	6.68519
157.206	10.7043
160.368	2.72333
163.529	12.7422
166.689	2.76103
169.848	0.779712
173.006	12.7983
176.163	4.81674
179.316	16.8351
182.471	10.8533
185.625	12.8714
188.777	20.8895
191.927	16.9074
195.077	24.9252
198.224	6.94283
201.372	2.96041
204.52	8.97788
207.664	6.99523
210.809	21.0125
213.95	-2.97038
217.091	7.04665
220.233	-0.936424
223.372	1.08039
226.509	-8.90291
229.648	5.1137
232.784	9.13019
235.918	15.1466
239.051	-6.83715
242.186	11.179
245.317	27.1951
248.447	21.2111
251.577	11.2269
254.705	11.2427
257.832	1.25831
260.958	11.2738
264.083	13.2893
267.204	7.30461
270.327	29.3198
273.449	15.335
276.57	11.35
279.69	13.3649
282.806	17.3797
285.924	13.3944
289.04	21.409
292.154	23.4235
295.268	15.4379
298.379	11.4522
301.492	13.4664
304.601	5.48049
307.711	-2.50551
310.818	1.50837
313.924	7.52216
317.031	7.53585
320.135	3.54944
323.238	19.5629
326.34	21.5763
329.443	1.5896
332.543	15.6028
335.642	-4.38414
338.74	3.62885
341.836	3.64174
344.932	5.65453
348.027	1.66722
351.12	7.67981
354.213	19.6923
357.302	5.70469
360.393	9.71698
363.482	-2.27081
366.57	13.7413
369.656	11.7533
372.742	9.7652
375.827	15.777
378.91	13.7887
381.993	7.80034
385.073	1.81185
388.154	7.82328
391.232	7.83461
394.311	9.84585
397.387	-6.14302
400.462	11.868
403.536	-2.12103
406.611	-2.11017
409.683	17.9006
412.754	3.91125
415.824	9.92182
418.893	11.9323
421.961	3.94267
425.027	11.953
428.093	5.96316
431.158	11.9733
434.222	9.98327
437.284	13.9932
440.346	6.00302
443.407	-7.98725
446.464	8.02239
449.523	12.0319
452.581	12.0414
455.635	14.0508
458.691	18.06
461.743	18.0692
464.797	18.0783
467.847	24.0873
470.899	24.0962
473.947	18.1051
476.994	12.1138
480.043	-3.87757
483.088	18.131
486.133	8.13945
489.176	6.14782
492.22	20.1561
495.262	4.16431
498.302	8.17242
501.341	8.18044
504.38	22.1884
507.417	2.19621
510.453	8.20397
513.487	4.21164
516.521	14.2192
519.554	-13.7733
522.586	4.23413
525.616	8.24144
528.646	-5.75132
531.675	0.255832
534.701	8.26289
537.729	18.2699
540.753	2.27676
543.778	6.28357
546.8	2.29029
549.821	20.2969
552.844	0.303473
555.863	6.30994
558.881	16.3163
561.898	8.32261
564.916	10.3288
567.932	-5.66504
570.946	10.341
573.959	16.347
576.971	4.35284
579.982	2.35864
582.993	4.36435
586	18.37
589.008	12.3755
592.015	18.381
595.022	10.3864
598.025	2.39167
601.029	6.39689
604.032	18.402
607.033	2.40708
610.034	-3.58794
613.032	-3.58305
616.032	6.42176
619.028	4.4265
622.023	0.431145
625.018	-1.56428
628.013	4.44021
631.005	8.44462
633.997	-7.55105
636.987	18.4532
639.977	8.45737
642.965	14.4615
645.952	4.46548
648.939	4.46942
651.924	6.47328
654.909	0.477055
657.892	8.48076
660.873	2.48438
663.854	12.4879
666.835	2.49139
669.813	2.49478
672.791	12.4981
675.767	12.5013
678.743	0.504486
681.717	6.50757
684.692	18.5106
687.664	22.5135
690.634	8.51635
693.606	14.5191
696.575	2.52183
699.543	8.52446
702.51	8.52701
705.475	0.529481
708.44	-9.46812
711.404	6.53421
714.367	-1.46354
717.329	24.5386
720.29	16.5407
723.25	20.5428
726.207	-7.45529
729.166	10.5466
732.123	4.5484
735.077	6.55013
738.032	20.5518
740.984	-3.44663
743.938	12.5549
746.888	16.5563
749.839	10.5577
752.788	6.55899
755.735	2.56021
758.682	22.5614
761.627	18.5624
764.574	-5.43655
767.517	10.5644
770.46	4.56525
773.402	2.56604
776.342	12.5668
779.282	6.56742
782.219	32.568
785.157	14.5685
788.094	6.56895
791.029	22.5693
793.962	-5.43038
796.896	16.5698
799.828	26.57
802.76	8.5701
805.689	20.5701
808.619	10.5701
811.546	6.56996
814.473	20.5698
817.4	16.5695
820.324	16.5692
823.248	24.5688
826.17	8.56835
829.092	0.56783
832.012	20.5672
834.932	20.5666
837.851	24.5658
840.768	28.5651
843.685	16.5642
846.599	8.56326
849.514	18.5623
852.428	0.561202
855.339	8.56007
858.251	10.5589
861.16	14.5576
864.07	20.5563
866.978	16.5549
869.884	28.5534
872.792	8.55192
875.696	12.5503
878.599	2.54868
881.502	4.54696
884.404	12.5452
887.304	10.5433
890.204	-5.45859
893.103	32.5394
896.001	12.5374
898.898	10.5353
901.794	-3.46687
904.689	10.5309
907.581	12.5286
910.474	2.52624
913.364	16.5238
916.256	12.5213
919.144	6.51879
922.034	0.516181
924.92	0.51351
927.808	18.5108
930.693	-3.49202
933.576	6.50512
936.459	6.5022
939.341	8.49922
942.222	12.4962
945.102	24.4931
947.981	8.48991
950.859	6.48668
953.737	22.4834
956.613	14.48
959.488	14.4766
962.361	16.4732
965.235	20.4696
968.105	0.466056
970.977	8.46241
973.846	8.4587
976.716	2.45493
979.583	6.4511
982.449	0.447219
985.316	-3.55673
988.18	14.4393
991.043	8.43521
993.906	12.4311
996.767	2.4269
999.628	2.42267
1002.49	14.4184
1005.35	0.414013
1008.2	18.4096
1011.06	24.4051
1013.91	-3.5994
1016.77	6.39602
1019.62	4.39138
1022.48	16.3867
1025.33	12.3819
1028.18	10.3771
1031.03	4.37224
1033.87	30.3673
1036.72	20.3623
1039.57	14.3573
1042.41	22.3522
1045.26	16.347
1048.1	10.3418
1050.94	6.33658
1053.78	8.33126
1056.62	12.3259
1059.46	2.32046
1062.3	20.315
1065.14	6.30944
1067.97	20.3038
1070.81	8.2982
1073.64	2.2925
1076.47	-5.71325
1079.31	14.2809
1082.14	10.2751
1084.97	6.26916
1087.8	16.2632
1090.63	6.25716
1093.45	16.2511
1096.28	8.24496
1099.1	18.2388
1101.93	4.23253
1104.75	6.22625
1107.57	28.2199
1110.39	6.21351
1113.21	10.2071
1116.03	-1.79944
1118.85	14.194
1121.66	16.1874
1124.48	18.1808
1127.3	14.1741
1130.11	-3.83271
1132.92	-1.83952
1135.73	18.1536
1138.54	14.1467
1141.35	20.1398
1144.16	12.1327
1146.97	20.1257
1149.78	20.1186
1152.58	16.1114
1155.39	26.1042
1158.19	12.0969
1161	2.0896
1163.8	8.08224
1166.6	8.07483
1169.4	6.06736
1172.2	-1.94015
1174.99	10.0523
1177.79	16.0447
1180.59	18.037
1183.38	4.02931
1186.17	-1.97845
1188.97	-11.9863
1191.76	-5.9941
1194.55	21.998
1197.34	13.99
1200.13	13.982
1202.92	11.974
1205.7	11.9659
1208.49	5.95777
1211.27	3.94958
1214.06	9.94134
1216.84	23.9331
1219.62	7.92473
1222.4	11.9164
1225.18	21.9079
1227.96	5.89946
1230.74	9.89094
1233.51	3.88238
1236.29	21.8738
1239.06	1.86512
1241.84	11.8564
1244.61	-6.15233
1247.38	17.8389
1250.15	-0.169958
1252.92	3.82116
1255.69	3.81223
1258.46	13.8033
1261.23	11.7942
1263.99	3.78518
1266.76	9.77606
1269.52	15.7669
1272.28	11.7577
1275.05	1.74847
1277.81	-0.260811
1280.57	-10.2701
1283.33	-0.279513
1286.08	13.7111
1288.84	15.7016
1291.6	11.6921
1294.35	15.6826
1297.11	9.67297
1299.86	7.66333
1302.61	13.6537
1305.36	7.64394
1308.11	13.6342
1310.86	-2.37563
1313.61	7.61452
1316.36	3.60463
1319.1	25.5947
1321.85	9.58472
1324.59	3.57471
1327.33	19.5646
1330.08	-10.4455
1332.82	7.54441
1335.56	13.5342
1338.3	19.524
1341.04	7.51373
1343.77	13.5034
1346.51	3.49308
1349.25	17.4827
1351.98	3.47226
1354.71	19.4618
1357.45	3.45128
1360.18	1.44073
1362.91	7.43014
1365.64	29.4195
1368.37	3.40884
1371.09	13.3981
1373.82	11.3874
1376.54	13.3766
1379.27	13.3658
1381.99	7.35489
1384.72	17.344
1387.44	5.33303
1390.16	3.32205
1392.88	7.31102
1395.6	17.3
1398.31	13.2889
1401.03	5.27772
1403.75	13.2665
1406.46	15.2553
1409.18	17.2441
1411.89	9.23277
1414.6	7.22144
1417.31	7.21007
1420.02	7.19866
1422.73	-2.81278
1425.44	7.17573
1428.15	19.1642
1430.85	-0.84734
1433.56	25.1411
1436.26	7.12944
1438.97	7.11777
1441.67	9.10607
1444.37	11.0943
1447.07	19.0826
1449.77	15.0707
1452.47	23.0589
1455.16	19.047
1457.86	23.0351
1460.56	19.0231
1463.25	11.0111
1465.94	-9.00089
1468.64	4.98704
1471.33	8.97495
1474.02	10.9628
1476.71	0.950642
1479.4	20.9384
1482.09	18.9262
1484.77	14.9139
1487.46	8.90161
1490.14	8.88927
1492.83	-9.12311
1495.51	6.86448
1498.19	-1.14797
1500.87	10.8396
1503.55	6.82704
1506.23	12.8145
1508.91	6.80191
1511.59	8.78929
1514.27	10.7766
1516.94	2.76396
1519.62	-1.24876
1522.29	8.73849
1524.96	10.7257
1527.63	10.7129
1530.3	0.700047
1532.97	6.68716
1535.64	-3.32575
1538.31	-5.3387
1540.98	6.64833
1543.64	12.6353
1546.31	6.62228
1548.97	14.6092
1551.63	20.5961
1554.3	-1.41705
1556.96	12.5698
1559.62	16.5566
1562.28	10.5433
1564.94	12.5301
1567.59	4.51678
1570.25	4.50346
1572.9	10.4901
1575.56	-1.5233
1578.21	2.46329
1580.86	8.44983
1583.52	8.43635
1586.17	8.42284
1588.82	8.40929
1591.47	10.3957
1594.11	12.3821
1596.76	-11.6315
1599.41	20.3548
1602.05	22.3411
1604.69	10.3274
1607.34	4.31365
1609.98	-1.70013
1612.62	10.2861
1615.26	2.27221
1617.9	0.258343
1620.54	0.244438
1623.18	16.2305
1625.81	4.21655
1628.45	6.20257
1631.08	2.18855
1633.72	16.1745
1636.35	12.1604
1638.98	-3.85366
1641.61	0.132206
1644.24	12.118
1646.87	6.10386
1649.5	2.08964
1652.13	12.0754
1654.75	18.0611
1657.38	12.0468
1660	12.0325
1662.63	-9.98184
1665.25	10.0038
1667.87	19.9894
1670.49	-4.02506
1673.11	11.9605
1675.73	13.946
1678.35	13.9315
1680.96	13.9169
1683.58	7.90237
1686.19	17.8878
1688.81	19.8731
1691.42	-0.141498
1694.03	-4.15618
1696.64	13.8291
1699.25	3.8144
1701.87	31.7996
1704.47	25.7849
1707.08	23.7701
1709.69	3.75523
1712.29	1.74038
1714.9	13.7255
1717.5	-0.289402
1720.1	11.6957
1722.71	19.6807
1725.31	9.66573
1727.91	11.6507
1730.51	15.6357
1733.1	9.62064
1735.7	3.60555
1738.3	13.5904
1740.89	17.5753
1743.49	17.5602
1746.08	5.54498
1748.67	25.5298
1751.26	15.5146
1753.86	3.49931
1756.45	7.48403
1759.03	9.46874
1761.62	19.4534
1764.21	1.43807
1766.8	7.4227
1769.38	9.40731
1771.97	15.3919
1774.55	3.37645
1777.13	17.361
1779.71	-4.6545
1782.29	1.33
1784.87	1.31447
1787.45	5.29891
1790.03	9.28334
1792.61	15.2677
1795.18	43.2521
1797.76	9.23647
1800.33	9.22081
1802.9	13.2051
1805.48	19.1894
1808.05	-10.8263
1810.62	11.1579
1813.19	5.14216
1815.76	11.1264
1818.33	15.1105
1820.89	3.09469
1823.46	15.0788
1826.02	1.06295
1828.59	9.04705
1831.15	27.0311
1833.71	3.01517
1836.27	18.9992
1838.84	12.9832
1841.39	10.9672
1843.95	4.95118
1846.51	8.93513
1849.07	26.9191
1851.62	10.903
1854.18	2.88685
1856.73	6.87073
1859.29	20.8546
1861.84	-1.1616
1864.39	-15.1778
1866.94	22.806
1869.49	10.7898
1872.04	10.7735
1874.59	8.75724
1877.13	12.7409
1879.68	6.72465
1882.22	8.70831
1884.77	18.692
1887.31	8.6756
1889.85	12.6592
1892.39	6.6428
1894.93	14.6264
1897.47	16.6099
1900.01	4.59347
1902.55	18.577
1905.09	16.5605
1907.62	16.544
1910.16	16.5274
1912.69	2.51089
1915.22	-1.50569
1917.76	20.4777
1920.29	-3.53889
1922.82	12.4445
1925.35	18.4278
1927.88	2.41118
1930.4	8.3945
1932.93	20.3778
1935.46	8.36109
1937.98	12.3444
1940.51	16.3276
1943.03	6.31083
1945.55	8.29406
1948.07	20.2773
1950.59	6.26044
1953.11	-1.7564
1955.63	8.22675
1958.15	18.2099
1960.67	14.193
1963.18	2.1761
1965.7	0.159177
1968.21	0.142241
1970.73	10.1253
1973.24	-1.89168
1975.75	28.0913
1978.26	8.07434
1980.77	18.0573
1983.28	8.04029
1985.79	10.0232
1988.29	0.00618241
1990.8	11.9891
1993.31	-2.028
1995.81	9.95489
1998.31	9.93777
