100.093	13.2694
103.274	13.3479
106.457	1.42594
109.636	1.50345
112.817	19.5805
115.994	3.65706
119.172	9.73317
122.347	3.80876
125.521	29.8839
128.696	9.95857
131.868	4.03274
135.039	10.1064
138.209	2.17968
141.379	16.2525
144.547	8.32481
147.713	2.39666
150.879	0.468045
154.043	2.53897
157.206	8.60944
160.368	8.67946
163.529	4.74902
166.689	-5.18187
169.848	8.88679
173.006	4.95501
176.163	-2.97723
179.316	5.09004
182.471	13.1569
185.625	11.2234
188.777	13.2893
191.927	5.35486
195.077	13.42
198.224	9.48462
201.372	-0.451132
204.52	13.6127
207.664	19.676
210.809	11.739
213.95	9.80148
217.091	9.86354
220.233	-2.07478
223.372	15.9864
226.509	16.0472
229.648	14.1077
232.784	-5.83239
235.918	4.22716
239.051	20.2863
242.186	0.345045
245.317	-3.59665
248.447	4.46125
251.577	8.51874
254.705	22.5758
257.832	2.6325
260.958	6.68878
264.083	-1.25535
267.204	-3.19991
270.327	12.8552
273.449	0.909843
276.57	8.96413
279.69	17.018
282.806	13.0715
285.924	7.12459
289.04	-2.82269
292.154	5.2296
295.268	9.28155
298.379	-0.666928
301.492	9.38425
304.601	11.435
307.711	11.4854
310.818	3.53543
313.924	-2.41494
317.031	-0.365654
320.135	7.68323
323.238	13.7317
326.34	5.77987
329.443	5.82767
332.543	3.87507
335.642	17.9221
338.74	13.9688
341.836	4.01508
344.932	16.061
348.027	-1.89339
351.12	-1.84816
354.213	18.1967
357.302	18.2412
360.393	14.2854
363.482	2.32917
366.57	14.3726
369.656	10.4157
372.742	24.4585
375.827	-1.49912
378.91	12.5429
381.993	2.58464
385.073	4.626
388.154	-3.33296
391.232	8.70771
394.311	4.74808
397.387	14.7881
400.462	10.8277
403.536	8.86708
406.611	-5.09389
409.683	16.9448
412.754	2.98312
415.824	5.02113
418.893	-4.94118
421.961	3.09618
425.027	-0.866775
428.093	1.16994
431.158	5.20634
434.222	9.24242
437.284	19.2782
440.346	-0.686372
443.407	5.34876
446.464	23.3836
449.523	3.41806
452.581	1.45225
455.635	9.48612
458.691	11.5197
461.743	3.55294
464.797	7.58591
467.847	13.6186
470.899	1.65091
473.947	15.683
476.994	-4.28531
480.043	-2.25385
483.088	1.7773
486.133	-8.19185
489.176	3.83871
492.22	3.86899
495.262	11.899
498.302	21.9286
501.341	5.95804
504.38	13.9872
507.417	0.0159765
510.453	8.04452
513.487	-7.92725
516.521	0.100727
519.554	14.1284
522.586	12.1558
525.616	4.18296
528.646	10.2098
531.675	16.2364
534.701	-3.73729
537.729	-1.71125
540.753	2.3145
543.778	14.34
546.8	2.36522
549.821	2.39017
552.844	6.41487
555.863	10.4393
558.881	10.4635
561.898	10.4873
564.916	4.511
567.932	0.534381
570.946	12.5575
573.959	20.5804
576.971	4.60298
579.982	8.62533
582.993	0.647437
586	8.66928
589.008	8.69088
592.015	2.71223
595.022	8.73334
598.025	2.75419
601.029	4.77481
604.032	8.79518
607.033	-13.1847
610.034	-1.1648
613.032	26.8548
616.032	4.87425
619.028	-3.10659
622.023	8.91234
625.018	4.93104
628.013	6.94951
631.005	16.9677
633.997	8.98574
636.987	15.0035
639.977	5.02106
642.965	7.03837
645.952	21.0555
648.939	11.0723
651.924	3.08897
654.909	-0.894604
657.892	5.1216
660.873	5.13757
663.854	3.15333
666.835	7.16888
669.813	-2.8158
672.791	7.19932
675.767	11.2142
678.743	21.2289
681.717	5.24338
684.692	17.2576
687.664	-4.7283
690.634	19.2856
693.606	7.2992
696.575	3.31264
699.543	11.3259
702.51	7.3389
705.475	7.35174
708.44	7.36437
711.404	15.3768
714.367	-0.610965
717.329	1.40107
720.29	7.41292
723.25	7.42457
726.207	17.436
729.166	7.44729
732.123	-2.54164
735.077	-0.530759
738.032	13.4799
740.984	11.4904
743.938	1.50077
746.888	-0.489092
749.839	11.5209
752.788	19.5306
755.735	13.5402
758.682	3.54964
761.627	15.5589
764.574	9.56793
767.517	15.5768
770.46	15.5855
773.402	9.59404
776.342	11.6024
779.282	11.6106
782.219	11.6186
785.157	13.6264
788.094	9.63411
791.029	3.64162
793.962	25.649
796.896	9.65614
799.828	17.6632
802.76	17.67
805.689	9.67669
808.619	19.6832
811.546	15.6896
814.473	25.6958
817.4	1.70186
820.324	21.7078
823.248	27.7135
826.17	5.71909
829.092	13.7245
832.012	-6.27019
834.932	19.7349
837.851	-0.260064
840.768	-2.25523
843.685	23.7495
846.599	21.754
849.514	7.75841
852.428	-0.237334
855.339	23.7668
858.251	19.7708
861.16	5.77458
864.07	9.77827
866.978	11.7818
869.884	7.78524
872.792	13.7885
875.696	21.7917
878.599	7.79468
881.502	11.7976
884.404	13.8003
887.304	5.80292
890.204	3.80541
893.103	3.80776
896.001	5.80999
898.898	7.8121
901.794	15.8141
904.689	9.81593
907.581	5.81766
910.474	11.8193
913.364	13.8208
916.256	13.8221
919.144	3.82337
922.034	5.8245
924.92	9.82551
927.808	-0.173594
930.693	19.8272
933.576	11.8279
936.459	7.82841
939.341	1.82885
942.222	19.8292
945.102	5.82941
947.981	7.82952
950.859	5.82952
953.737	5.82942
956.613	9.82922
959.488	-2.17109
962.361	11.8285
965.235	19.828
968.105	3.82735
970.977	3.82663
973.846	3.82581
976.716	11.8249
979.583	11.8239
982.449	5.82277
985.316	-0.178441
988.18	5.82026
991.043	11.8189
993.906	-0.182628
996.767	-0.184208
999.628	13.8141
1002.49	9.81236
1005.35	7.81051
1008.2	9.80857
1011.06	17.8066
1013.91	11.8044
1016.77	21.8022
1019.62	3.79997
1022.48	17.7976
1025.33	11.7952
1028.18	23.7926
1031.03	15.79
1033.87	17.7874
1036.72	11.7846
1039.57	9.78176
1042.41	1.77885
1045.26	7.77586
1048.1	13.7728
1050.94	17.7697
1053.78	13.7665
1056.62	5.76318
1059.46	19.7598
1062.3	-0.243585
1065.14	9.75293
1067.97	1.74938
1070.81	1.74576
1073.64	7.74207
1076.47	15.7383
1079.31	-8.26549
1082.14	7.73063
1084.97	17.7267
1087.8	11.7227
1090.63	9.71863
1093.45	27.7145
1096.28	1.71034
1099.1	3.70611
1101.93	3.70182
1104.75	5.69747
1107.57	5.69307
1110.39	1.68862
1113.21	-4.31589
1116.03	11.6796
1118.85	3.67495
1121.66	1.67029
1124.48	15.6656
1127.3	9.66083
1130.11	7.65602
1132.92	11.6512
1135.73	13.6463
1138.54	9.64135
1141.35	15.6364
1144.16	7.63134
1146.97	15.6263
1149.78	19.6212
1152.58	13.616
1155.39	3.61083
1158.19	7.60561
1161	-2.39965
1163.8	11.595
1166.6	13.5897
1169.4	3.58434
1172.2	15.5789
1174.99	-0.426493
1177.79	17.568
1180.59	17.5625
1183.38	13.557
1186.17	7.55145
1188.97	9.54587
1191.76	3.54025
1194.55	1.53461
1197.34	5.52894
1200.13	11.5232
1202.92	1.51753
1205.7	23.5118
1208.49	-0.493972
1211.27	13.5002
1214.06	21.4944
1216.84	-6.51139
1219.62	13.4828
1222.4	7.4769
1225.18	3.47102
1227.96	15.4651
1230.74	1.4592
1233.51	9.45327
1236.29	11.4473
1239.06	-6.55863
1241.84	13.4354
1244.61	1.42942
1247.38	1.42343
1250.15	9.41743
1252.92	-6.58858
1255.69	5.4054
1258.46	9.39937
1261.23	21.3933
1263.99	-0.612705
1266.76	-0.618754
1269.52	1.3752
1272.28	-6.63086
1275.05	15.3631
1277.81	1.35703
1280.57	11.351
1283.33	5.34491
1286.08	13.3388
1288.84	-0.667211
1291.6	-6.67327
1294.35	3.32068
1297.11	3.31463
1299.86	11.3086
1302.61	15.3025
1305.36	13.2965
1308.11	13.2905
1310.86	11.2845
1313.61	11.2785
1316.36	17.2724
1319.1	13.2665
1321.85	3.26047
1324.59	7.25451
1327.33	5.24855
1330.08	15.2426
1332.82	11.2367
1335.56	-4.76925
1338.3	3.22485
1341.04	27.219
1343.77	11.2131
1346.51	1.20725
1349.25	17.2014
1351.98	13.1956
1354.71	-6.81019
1357.45	25.184
1360.18	19.1783
1362.91	-2.82744
1365.64	9.16685
1368.37	13.1612
1371.09	-0.844486
1373.82	3.14988
1376.54	5.14428
1379.27	13.1387
1381.99	11.1331
1384.72	13.1276
1387.44	23.1221
1390.16	9.11666
1392.88	15.1112
1395.6	9.10582
1398.31	25.1004
1401.03	1.09511
1403.75	13.0898
1406.46	1.08453
1409.18	11.0793
1411.89	5.07409
1414.6	19.0689
1417.31	11.0638
1420.02	19.0587
1422.73	15.0537
1425.44	11.0486
1428.15	21.0437
1430.85	19.0387
1433.56	11.0338
1436.26	11.029
1438.97	9.02418
1441.67	1.01942
1444.37	7.0147
1447.07	7.01003
1449.77	11.0054
1452.47	9.00081
1455.16	10.9963
1457.86	10.9918
1460.56	8.98735
1463.25	0.982953
1465.94	0.978613
1468.64	8.97432
1471.33	8.97008
1474.02	4.96589
1476.71	26.9618
1479.4	18.9577
1482.09	4.95364
1484.77	4.94967
1487.46	0.945746
1490.14	6.94188
1492.83	4.93807
1495.51	6.93432
1498.19	6.93063
1500.87	4.927
1503.55	2.92342
1506.23	6.91991
1508.91	6.91645
1511.59	-3.08694
1514.27	6.90973
1516.94	-7.09354
1519.62	0.903254
1522.29	10.9001
1524.96	8.89704
1527.63	12.894
1530.3	8.89108
1532.97	12.8882
1535.64	16.8854
1538.31	14.8826
1540.98	12.88
1543.64	12.8774
1546.31	12.8748
1548.97	16.8724
1551.63	8.86996
1554.3	6.86763
1556.96	12.8654
1559.62	14.8632
1562.28	8.8611
1564.94	14.8591
1567.59	-7.14289
1570.25	10.8552
1572.9	22.8534
1575.56	12.8517
1578.21	0.85005
1580.86	26.8485
1583.52	20.847
1586.17	6.84557
1588.82	-5.15576
1591.47	10.843
1594.11	4.84181
1596.76	8.84072
1599.41	6.83971
1602.05	-1.16121
1604.69	24.8379
1607.34	4.83719
1609.98	8.83651
1612.62	10.8359
1615.26	8.83543
1617.9	12.835
1620.54	0.834686
1623.18	14.8344
1625.81	30.8343
1628.45	14.8342
1631.08	8.83426
1633.72	20.8344
1636.35	6.83459
1638.98	20.8349
1641.61	-5.16471
1644.24	0.835772
1646.87	0.836352
1649.5	14.837
1652.13	8.83779
1654.75	20.8387
1657.38	16.8396
1660	18.8407
1662.63	18.8418
1665.25	12.8431
1667.87	28.8444
1670.49	20.8459
1673.11	0.847406
1675.73	0.84905
1678.35	12.8508
1680.96	18.8526
1683.58	0.854587
1686.19	6.85664
1688.81	18.8588
1691.42	22.861
1694.03	8.8634
1696.64	4.86586
1699.25	2.86843
1701.87	4.87111
1704.47	6.87388
1707.08	0.87677
1709.69	16.8798
1712.29	0.882864
1714.9	16.8861
1717.5	-1.11061
1720.1	-3.10718
1722.71	14.8964
1725.31	8.9
1727.91	-1.09624
1730.51	18.9076
1733.1	8.91161
1735.7	24.9157
1738.3	20.9199
1740.89	10.9242
1743.49	14.9287
1746.08	20.9332
1748.67	12.9379
1751.26	10.9427
1753.86	4.94757
1756.45	6.95258
1759.03	4.95771
1761.62	20.963
1764.21	14.9683
1766.8	4.97382
1769.38	12.9794
1771.97	8.98516
1774.55	14.991
1777.13	2.99698
1779.71	17.0031
1782.29	9.00928
1784.87	11.0156
1787.45	17.0221
1790.03	25.0287
1792.61	17.0354
1795.18	11.0422
1797.76	13.0492
1800.33	19.0563
1802.9	3.06346
1805.48	5.0708
1808.05	-2.92174
1810.62	15.0859
1813.19	23.0936
1815.76	15.1014
1818.33	15.1094
1820.89	17.1175
1823.46	-0.874237
1826.02	19.1341
1828.59	19.1426
1831.15	11.1513
1833.71	27.16
1836.27	21.1689
1838.84	3.17798
1841.39	15.1871
1843.95	11.1964
1846.51	3.20588
1849.07	13.2155
1851.62	5.22516
1854.18	9.23501
1856.73	3.24499
1859.29	3.25511
1861.84	13.2654
1864.39	7.27576
1866.94	13.2863
1869.49	25.297
1872.04	-2.69222
1874.59	9.31874
1877.13	1.32983
1879.68	13.3411
1882.22	13.3524
1884.77	3.36396
1887.31	7.37562
1889.85	-6.61257
1892.39	-6.60062
1894.93	11.4115
1897.47	13.4237
1900.01	13.4361
1902.55	25.4486
1905.09	15.4613
1907.62	7.47411
1910.16	5.48707
1912.69	9.50019
1915.22	11.5135
1917.76	11.5269
1920.29	23.5404
1922.82	17.5541
1925.35	15.568
1927.88	7.58199
1930.4	5.59615
1932.93	13.6105
1935.46	17.6249
1937.98	11.6395
1940.51	21.6543
1943.03	13.6692
1945.55	17.6843
1948.07	-0.300497
1950.59	15.7149
1953.11	23.7304
1955.63	17.7461
1958.15	21.7619
1960.67	29.7779
1963.18	15.7941
1965.7	1.8104
1968.21	27.8269
1970.73	-2.15651
1973.24	3.86028
1975.75	1.87721
1978.26	9.89432
1980.77	9.91157
1983.28	11.929
1985.79	11.9466
1988.29	21.9643
1990.8	13.9822
1993.31	26.0003
1995.81	16.0185
1998.31	16.0369
