100.093	-3.48365
103.274	22.5599
106.457	0.603262
109.636	10.6465
112.817	20.6897
115.994	12.7327
119.172	20.7757
122.347	8.81845
125.521	14.8611
128.696	12.9037
131.868	0.946132
135.039	8.98845
138.209	31.0306
141.379	-2.92726
144.547	13.1147
147.713	-0.843459
150.879	5.19826
154.043	1.23986
157.206	15.2813
160.368	-2.67729
163.529	5.36395
166.689	5.40508
169.848	9.44609
173.006	1.48698
176.163	13.5277
179.316	3.56837
182.471	11.6089
185.625	9.64932
188.777	15.6896
191.927	3.72976
195.077	11.7698
198.224	-0.190269
201.372	-0.150449
204.52	21.8893
207.664	7.92881
210.809	23.9683
213.95	0.00759188
217.091	12.0468
220.233	10.0859
223.372	16.1249
226.509	8.16371
229.648	10.2025
232.784	26.2411
235.918	16.2796
239.051	4.31793
242.186	14.3562
245.317	24.3943
248.447	8.43235
251.577	2.47025
254.705	8.50802
257.832	2.54568
260.958	16.5832
264.083	12.6206
267.204	2.65792
270.327	4.69511
273.449	0.732172
276.57	-3.23088
279.69	2.80595
282.806	6.84263
285.924	12.8792
289.04	16.9157
292.154	6.95203
295.268	-7.01173
298.379	-6.97564
301.492	11.0604
304.601	23.0962
307.711	11.132
310.818	3.1676
313.924	-4.7969
317.031	9.2385
320.135	3.27377
323.238	5.30892
326.34	13.3439
329.443	15.3789
332.543	-4.58633
335.642	1.44834
338.74	13.4829
341.836	3.51733
344.932	-14.4484
348.027	17.5858
351.12	3.61993
354.213	23.6539
357.302	3.68771
360.393	19.7214
363.482	15.755
366.57	3.78854
369.656	1.82189
372.742	-4.14486
375.827	3.88828
378.91	7.92127
381.993	13.9542
385.073	9.98693
388.154	0.0195904
391.232	12.0521
394.311	8.08454
397.387	16.1168
400.462	-3.85101
403.536	10.181
406.611	2.213
409.683	-3.75519
412.754	14.2765
415.824	4.30808
418.893	10.3395
421.961	12.3709
425.027	12.4021
428.093	22.4332
431.158	0.464201
434.222	2.49507
437.284	2.52582
440.346	8.55646
443.407	10.587
446.464	16.6173
449.523	-1.35237
452.581	16.6778
455.635	4.70782
458.691	0.737742
461.743	14.7675
464.797	10.7972
467.847	10.8268
470.899	6.85623
473.947	12.8855
476.994	2.91475
480.043	12.9438
483.088	10.9728
486.133	11.0017
489.176	13.0304
492.22	-4.94098
495.262	9.08751
498.302	11.1159
501.341	3.14415
504.38	-2.82771
507.417	11.2003
510.453	17.2282
513.487	-2.74401
516.521	-0.716344
519.554	17.3112
522.586	11.3386
525.616	13.3659
528.646	23.3931
531.675	5.42023
534.701	9.44718
537.729	9.47402
540.753	11.5007
543.778	3.52735
546.8	1.55383
549.821	1.58019
552.844	9.60645
555.863	9.63257
558.881	9.65858
561.898	9.68447
564.916	9.71027
567.932	-6.26408
570.946	13.7615
573.959	7.78689
576.971	3.81219
579.982	3.83738
582.993	-2.13755
586	9.88739
589.008	11.9122
592.015	7.93694
595.022	11.9615
598.025	7.98602
601.029	26.0104
604.032	14.0346
607.033	-7.94125
610.034	4.08277
613.032	14.1067
616.032	6.13044
619.028	6.15409
622.023	0.177623
625.018	12.201
628.013	-1.77564
631.005	8.24754
633.997	6.27061
636.987	0.293555
639.977	-5.68361
642.965	2.3391
645.952	16.3617
648.939	0.384186
651.924	12.4066
654.909	24.4288
657.892	2.45093
660.873	-1.52706
663.854	8.49483
666.835	10.5166
669.813	16.5383
672.791	24.5598
675.767	-3.41876
678.743	12.6026
681.717	16.6237
684.692	14.6448
687.664	14.6658
690.634	8.68661
693.606	24.7073
696.575	22.728
699.543	4.74844
702.51	16.7688
705.475	10.7891
708.44	10.8092
711.404	8.82923
714.367	14.8491
717.329	8.86893
720.29	2.8886
723.25	16.9082
726.207	-1.07241
729.166	8.94691
732.123	16.9661
735.077	8.9852
738.032	9.00418
740.984	11.023
743.938	15.0418
746.888	13.0604
749.839	5.07891
752.788	13.0973
755.735	9.11556
758.682	11.1337
761.627	11.1518
764.574	7.16969
767.517	17.1875
770.46	3.20518
773.402	9.22276
776.342	5.24022
779.282	9.25756
782.219	15.2748
785.157	9.29189
788.094	11.3089
791.029	15.3258
793.962	17.3425
796.896	3.35917
799.828	11.3757
802.76	9.39211
805.689	15.4084
808.619	15.4246
811.546	9.44065
814.473	23.4566
817.4	9.47244
820.324	23.4882
823.248	11.5038
826.17	7.51924
829.092	13.5346
832.012	15.5499
834.932	31.565
837.851	11.58
840.768	11.5949
843.685	7.60973
846.599	7.6244
849.514	15.639
852.428	17.6534
855.339	11.6677
858.251	11.682
861.16	7.69605
864.07	7.71003
866.978	19.7239
869.884	9.73765
872.792	19.7513
875.696	23.7648
878.599	21.7782
881.502	1.79151
884.404	13.8047
887.304	15.8177
890.204	-0.169308
893.103	9.84352
896.001	29.8562
898.898	5.86884
901.794	11.8813
904.689	-4.10629
907.581	5.90596
910.474	17.9181
913.364	9.93012
916.256	15.942
919.144	7.95383
922.034	7.96552
924.92	21.9771
927.808	-2.01146
930.693	9.99988
933.576	4.0111
936.459	14.0222
939.341	6.0332
942.222	4.04408
945.102	20.0548
947.981	10.0655
950.859	10.076
953.737	8.08646
956.613	0.0967674
959.488	14.107
962.361	4.11704
965.235	16.127
968.105	-1.86315
970.977	14.1466
973.846	8.15621
976.716	6.16572
979.583	20.1751
982.449	-9.81561
985.316	14.1936
988.18	8.20261
991.043	12.2116
993.906	18.2204
996.767	2.22908
999.628	12.2377
1002.49	6.24616
1005.35	18.2545
1008.2	14.2628
1011.06	16.2709
1013.91	12.279
1016.77	6.28687
1019.62	-1.70533
1022.48	18.3024
1025.33	2.30993
1028.18	-5.68261
1031.03	0.324735
1033.87	20.332
1036.72	20.3391
1039.57	-9.6539
1042.41	16.353
1045.26	22.3598
1048.1	16.3664
1050.94	-7.62701
1053.78	0.379426
1056.62	8.38575
1059.46	8.39197
1062.3	4.39807
1065.14	6.40405
1067.97	20.4099
1070.81	12.4157
1073.64	-5.57866
1076.47	-7.57313
1079.31	4.4323
1082.14	12.4376
1084.97	12.4428
1087.8	10.4479
1090.63	18.4529
1093.45	16.4577
1096.28	6.46247
1099.1	0.467101
1101.93	2.47162
1104.75	2.47603
1107.57	18.4803
1110.39	18.4845
1113.21	10.4886
1116.03	8.49254
1118.85	10.4964
1121.66	16.5001
1124.48	24.5037
1127.3	18.5073
1130.11	2.51066
1132.92	6.51394
1135.73	4.51711
1138.54	4.52018
1141.35	8.52313
1144.16	0.525965
1146.97	6.52869
1149.78	18.5313
1152.58	14.5338
1155.39	4.5362
1158.19	12.5385
1161	16.5406
1163.8	-1.4573
1166.6	14.5446
1169.4	2.54647
1172.2	10.5482
1174.99	12.5498
1177.79	10.5513
1180.59	4.55268
1183.38	18.554
1186.17	6.55512
1188.97	14.5562
1191.76	20.5571
1194.55	6.55794
1197.34	22.5587
1200.13	10.5593
1202.92	18.5598
1205.7	4.56014
1208.49	4.56041
1211.27	8.56058
1214.06	14.5606
1216.84	16.5606
1219.62	22.5604
1222.4	18.5601
1225.18	10.5597
1227.96	10.5592
1230.74	8.5586
1233.51	4.55788
1236.29	8.55704
1239.06	16.5561
1241.84	14.555
1244.61	2.55387
1247.38	10.5526
1250.15	26.5512
1252.92	2.54971
1255.69	12.5481
1258.46	18.5464
1261.23	6.54455
1263.99	-5.45739
1266.76	4.54056
1269.52	10.5384
1272.28	8.53613
1275.05	2.53375
1277.81	8.53126
1280.57	8.52866
1283.33	8.52595
1286.08	18.5231
1288.84	20.5202
1291.6	-7.48284
1294.35	18.514
1297.11	10.5107
1299.86	16.5074
1302.61	0.503897
1305.36	-1.49969
1308.11	12.4966
1310.86	20.4928
1313.61	2.48889
1316.36	10.4849
1319.1	8.48072
1321.85	14.4765
1324.59	12.4721
1327.33	8.46766
1330.08	12.4631
1332.82	12.4584
1335.56	-7.54639
1338.3	8.44871
1341.04	6.4437
1343.77	22.4386
1346.51	6.43335
1349.25	18.428
1351.98	20.4226
1354.71	22.417
1357.45	-5.58865
1360.18	10.4056
1362.91	20.3997
1365.64	16.3937
1368.37	2.38761
1371.09	12.3814
1373.82	16.3751
1376.54	20.3687
1379.27	12.3621
1381.99	6.35549
1384.72	8.34874
1387.44	8.34188
1390.16	16.3349
1392.88	2.32784
1395.6	-1.67934
1398.31	10.3134
1401.03	22.306
1403.75	4.29847
1406.46	10.2908
1409.18	-7.71688
1411.89	16.2753
1414.6	6.26736
1417.31	14.2593
1420.02	6.25116
1422.73	14.2429
1425.44	-1.76548
1428.15	6.22605
1430.85	10.2175
1433.56	14.2088
1436.26	0.19997
1438.97	18.1911
1441.67	12.1821
1444.37	0.172931
1447.07	10.1637
1449.77	12.1544
1452.47	20.1449
1455.16	14.1354
1457.86	22.1257
1460.56	-1.88406
1463.25	2.10607
1465.94	10.0961
1468.64	14.086
1471.33	8.07582
1474.02	10.0655
1476.71	6.05511
1479.4	2.04459
1482.09	0.0339681
1484.77	-3.97676
1487.46	10.0124
1490.14	8.00147
1492.83	13.9904
1495.51	5.97927
1498.19	15.968
1500.87	7.95664
1503.55	21.9452
1506.23	1.93359
1508.91	7.9219
1511.59	1.91011
1514.27	17.8982
1516.94	15.8862
1519.62	13.8741
1522.29	25.8619
1524.96	5.84956
1527.63	11.8371
1530.3	5.8246
1532.97	27.812
1535.64	-6.20079
1538.31	-0.213644
1540.98	-0.226595
1543.64	11.7603
1546.31	23.7472
1548.97	11.7339
1551.63	7.72052
1554.3	13.707
1556.96	15.6934
1559.62	15.6797
1562.28	7.66595
1564.94	19.652
1567.59	9.63803
1570.25	19.6239
1572.9	23.6097
1575.56	5.59536
1578.21	7.58093
1580.86	17.5664
1583.52	1.55174
1586.17	15.537
1588.82	-6.47786
1591.47	7.50719
1594.11	11.4921
1596.76	5.47697
1599.41	13.4617
1602.05	13.4463
1604.69	11.4308
1607.34	7.41526
1609.98	3.39957
1612.62	15.3838
1615.26	1.36787
1617.9	15.3519
1620.54	5.33576
1623.18	9.31956
1625.81	5.30323
1628.45	-0.713181
1631.08	23.2703
1633.72	5.25367
1636.35	9.23694
1638.98	13.2201
1641.61	7.20317
1644.24	13.1861
1646.87	19.169
1649.5	13.1517
1652.13	3.13438
1654.75	-10.8831
1657.38	17.0994
1660	3.08169
1662.63	-12.9361
1665.25	3.04604
1667.87	9.02807
1670.49	11.01
1673.11	24.9918
1675.73	20.9735
1678.35	0.955136
1680.96	2.93664
1683.58	14.9181
1686.19	10.8994
1688.81	4.88055
1691.42	20.8617
1694.03	8.84264
1696.64	22.8235
1699.25	18.8043
1701.87	14.785
1704.47	24.7656
1707.08	10.7461
1709.69	26.7264
1712.29	10.7067
1714.9	-3.31311
1717.5	20.667
1720.1	14.6469
1722.71	8.62679
1725.31	4.60656
1727.91	8.58622
1730.51	12.5658
1733.1	8.54524
1735.7	10.5246
1738.3	2.50384
1740.89	8.48299
1743.49	10.462
1746.08	10.441
1748.67	2.41983
1751.26	12.3986
1753.86	14.3772
1756.45	-3.64425
1759.03	2.3342
1761.62	22.3125
1764.21	18.2908
1766.8	4.2689
1769.38	2.24694
1771.97	18.2249
1774.55	16.2027
1777.13	2.18041
1779.71	2.15804
1782.29	12.1356
1784.87	12.113
1787.45	6.09031
1790.03	4.06755
1792.61	10.0447
1795.18	8.02169
1797.76	3.9986
1800.33	1.97542
1802.9	15.9521
1805.48	15.9288
1808.05	17.9053
1810.62	9.88169
1813.19	1.858
1815.76	9.83421
1818.33	7.81032
1820.89	3.78633
1823.46	11.7623
1826.02	5.73806
1828.59	17.7138
1831.15	15.6894
1833.71	15.6649
1836.27	9.64031
1838.84	7.61563
1841.39	5.59084
1843.95	3.56595
1846.51	19.541
1849.07	7.51589
1851.62	19.4907
1854.18	17.4654
1856.73	-2.55998
1859.29	-2.58547
1861.84	13.3889
1864.39	-18.6367
1866.94	3.33747
1869.49	7.31159
1872.04	21.2856
1874.59	5.25952
1877.13	21.2333
1879.68	1.20707
1882.22	3.18069
1884.77	-6.8458
1887.31	1.12763
1889.85	5.10094
1892.39	3.07417
1894.93	15.0473
1897.47	9.02032
1900.01	8.99325
1902.55	8.96608
1905.09	-5.06119
1907.62	4.91144
1910.16	0.883983
1912.69	12.8564
1915.22	4.82874
1917.76	4.80099
1920.29	12.7731
1922.82	4.74516
1925.35	14.7171
1927.88	18.6889
1930.4	18.6607
1932.93	4.63234
1935.46	8.60389
1937.98	4.57534
1940.51	26.5467
1943.03	-9.48206
1945.55	-1.51089
1948.07	10.4602
1950.59	12.4311
1953.11	-5.59801
1955.63	16.3728
1958.15	22.3434
1960.67	-3.68599
1963.18	8.28449
1965.7	14.2549
1968.21	2.22514
1970.73	6.19532
1973.24	-3.8346
1975.75	-1.8646
1978.26	6.10529
1980.77	4.07509
1983.28	4.04477
1985.79	10.0144
1988.29	3.98389
1990.8	21.9533
1993.31	9.92259
1995.81	-0.108202
1998.31	15.8609
