100.093	8.16911
103.274	16.1977
106.457	22.2263
109.636	6.25476
112.817	14.2832
115.994	28.3117
119.172	0.340097
122.347	12.3685
125.521	22.3968
128.696	12.4251
131.868	2.45332
135.039	14.4815
138.209	20.5097
141.379	8.53783
144.547	12.5659
147.713	20.594
150.879	2.62196
154.043	4.64992
157.206	22.6778
160.368	14.7057
163.529	20.7336
166.689	-3.23864
169.848	6.78911
173.006	12.8168
176.163	12.8445
179.316	-1.1279
182.471	4.89968
185.625	-3.07278
188.777	2.95471
191.927	16.9821
195.077	15.0095
198.224	7.03689
201.372	27.0642
204.52	25.0915
207.664	25.1187
210.809	29.1458
213.95	-2.82704
217.091	9.20002
220.233	9.22706
223.372	11.254
226.509	25.2809
229.648	-2.69216
232.784	3.33467
235.918	17.3614
239.051	23.3882
242.186	21.4149
245.317	15.4415
248.447	9.46808
251.577	3.49461
254.705	11.5211
257.832	-0.452481
260.958	5.5739
264.083	7.60022
267.204	7.62648
270.327	17.6527
273.449	13.6789
276.57	3.705
279.69	25.7311
282.806	23.7571
285.924	15.783
289.04	13.8089
292.154	11.8348
295.268	17.8606
298.379	5.8863
301.492	9.91199
304.601	21.9376
307.711	15.9632
310.818	1.9887
313.924	14.0142
317.031	14.0396
320.135	20.0649
323.238	16.0902
326.34	24.1154
329.443	16.1406
332.543	16.1657
335.642	-5.80921
338.74	8.21579
341.836	8.24073
344.932	0.265615
348.027	2.29044
351.12	-11.6848
354.213	14.3399
357.302	2.36455
360.393	16.3891
363.482	2.41366
366.57	22.4381
369.656	20.4625
372.742	14.4869
375.827	16.5112
378.91	10.5354
381.993	14.5595
385.073	12.5836
388.154	16.6077
391.232	16.6316
394.311	14.6555
397.387	8.67937
400.462	16.7031
403.536	0.726859
406.611	8.75052
409.683	18.7741
412.754	12.7976
415.824	16.8211
418.893	16.8445
421.961	-5.1322
425.027	2.89106
428.093	16.9143
431.158	8.93739
434.222	10.9605
437.284	14.9835
440.346	9.00639
443.407	-0.970741
446.464	11.052
449.523	7.07478
452.581	7.09744
455.635	23.12
458.691	15.1426
461.743	7.16501
464.797	3.1874
467.847	1.20972
470.899	-0.768025
473.947	3.25415
476.994	15.2763
480.043	15.2983
483.088	19.3203
486.133	3.34217
489.176	19.364
492.22	19.3858
495.262	-2.59254
498.302	7.42907
501.341	7.45062
504.38	9.47209
507.417	13.4935
510.453	9.51482
513.487	19.5361
516.521	11.5573
519.554	13.5784
522.586	9.59941
525.616	-4.37964
528.646	-2.35874
531.675	3.66208
534.701	-0.317184
537.729	-6.29651
540.753	21.7241
543.778	3.74461
546.8	15.765
549.821	1.78541
552.844	1.80571
555.863	3.82593
558.881	-6.15394
561.898	9.86613
564.916	-6.11387
567.932	3.90604
570.946	11.9259
573.959	5.94563
576.971	-8.03468
579.982	13.9849
582.993	8.00445
586	14.0239
589.008	10.0433
592.015	4.06256
595.022	8.08178
598.025	2.1009
601.029	4.11997
604.032	16.1389
607.033	2.15784
610.034	4.17667
613.032	4.1954
616.032	2.21406
619.028	8.23264
622.023	4.25113
625.018	-7.73045
628.013	18.2879
631.005	12.3061
633.997	10.3243
636.987	12.3424
639.977	10.3604
642.965	12.3784
645.952	4.3962
648.939	6.41397
651.924	-9.56835
654.909	6.44925
657.892	22.4668
660.873	12.4842
663.854	-7.49845
666.835	-7.48118
669.813	10.536
672.791	24.5531
675.767	2.57011
678.743	6.58705
681.717	6.60389
684.692	4.62066
687.664	22.6373
690.634	4.65392
693.606	0.670438
696.575	-1.31314
699.543	10.7032
702.51	20.7194
705.475	10.7356
708.44	14.7517
711.404	18.7677
714.367	10.7836
717.329	16.7994
720.29	24.8151
723.25	20.8308
726.207	-7.15368
729.166	12.8618
732.123	4.87717
735.077	12.8925
738.032	0.907669
740.984	0.922779
743.938	0.937812
746.888	24.9527
749.839	0.967601
752.788	18.9824
755.735	10.997
758.682	17.0116
761.627	11.0261
764.574	23.0405
767.517	11.0548
770.46	13.069
773.402	5.08317
776.342	9.09721
779.282	17.1112
782.219	11.125
785.157	5.13878
788.094	15.1525
791.029	15.166
793.962	5.17954
796.896	9.19294
799.828	25.2062
802.76	19.2195
805.689	17.2326
808.619	5.24562
811.546	7.25856
814.473	23.2714
817.4	15.2842
820.324	17.2968
823.248	23.3094
826.17	17.3219
829.092	15.3342
832.012	1.34652
834.932	7.35871
837.851	7.37081
840.768	11.3828
843.685	19.3947
846.599	7.40653
849.514	15.4182
852.428	11.4299
855.339	23.4414
858.251	11.4528
861.16	19.4642
864.07	9.47541
866.978	5.48655
869.884	9.49759
872.792	7.50855
875.696	13.5194
878.599	13.5302
881.502	7.54082
884.404	13.5514
887.304	27.5619
890.204	7.57222
893.103	7.58249
896.001	21.5927
898.898	15.6027
901.794	17.6127
904.689	9.62261
907.581	23.6324
910.474	3.64208
913.364	9.65166
916.256	19.6611
919.144	11.6705
922.034	3.67982
924.92	19.689
927.808	19.6981
930.693	-2.29291
933.576	5.71598
936.459	15.7248
939.341	15.7335
942.222	5.74205
945.102	13.7505
947.981	15.7589
950.859	15.7672
953.737	-12.2246
956.613	5.7835
959.488	7.79149
962.361	9.79937
965.235	-0.192843
968.105	-6.18516
970.977	11.8224
973.846	7.8299
976.716	19.8373
979.583	15.8445
982.449	9.85172
985.316	13.8588
988.18	5.86576
991.043	3.87262
993.906	11.8794
996.767	7.88604
999.628	15.8926
1002.49	-0.100953
1005.35	-0.0946038
1008.2	27.9116
1011.06	13.9178
1013.91	1.92382
1016.77	27.9298
1019.62	11.9356
1022.48	5.94131
1025.33	5.94692
1028.18	17.9524
1031.03	15.9579
1033.87	9.96316
1036.72	21.9684
1039.57	15.9735
1042.41	-0.0215563
1045.26	-0.0166717
1048.1	5.98811
1050.94	9.99278
1053.78	1.99735
1056.62	18.0018
1059.46	14.0062
1062.3	6.01042
1065.14	0.0145588
1067.97	20.0186
1070.81	6.02252
1073.64	22.0263
1076.47	14.0301
1079.31	6.03367
1082.14	0.0371749
1084.97	8.04057
1087.8	16.0439
1090.63	16.047
1093.45	10.0501
1096.28	20.0531
1099.1	26.0559
1101.93	16.0587
1104.75	12.0613
1107.57	2.06385
1110.39	18.0663
1113.21	6.06858
1116.03	2.07079
1118.85	0.0728848
1121.66	20.0749
1124.48	12.0768
1127.3	10.0785
1130.11	18.0802
1132.92	20.0817
1135.73	16.0832
1138.54	12.0845
1141.35	12.0857
1144.16	16.0868
1146.97	6.08783
1149.78	2.08872
1152.58	18.0895
1155.39	6.09017
1158.19	20.0907
1161	-3.90882
1163.8	-1.90848
1166.6	8.09174
1169.4	6.09186
1172.2	14.0919
1174.99	6.09175
1177.79	14.0915
1180.59	18.0912
1183.38	-3.90924
1186.17	18.0902
1188.97	16.0895
1191.76	8.08877
1194.55	18.0879
1197.34	10.0869
1200.13	16.0858
1202.92	14.0845
1205.7	10.0832
1208.49	8.08174
1211.27	10.0802
1214.06	6.0785
1216.84	18.0767
1219.62	22.0748
1222.4	6.07278
1225.18	0.0706542
1227.96	16.0684
1230.74	4.06605
1233.51	0.0635791
1236.29	8.06099
1239.06	4.05829
1241.84	4.05548
1244.61	6.05255
1247.38	18.0495
1250.15	8.04635
1252.92	0.043083
1255.69	4.0397
1258.46	4.0362
1261.23	10.0326
1263.99	4.02885
1266.76	14.025
1269.52	10.021
1272.28	18.017
1275.05	10.0128
1277.81	10.0085
1280.57	10.0041
1283.33	13.9995
1286.08	13.9949
1288.84	7.99009
1291.6	-4.01479
1294.35	13.9802
1297.11	17.9751
1299.86	3.96986
1302.61	17.9645
1305.36	7.95904
1308.11	5.95346
1310.86	1.94776
1313.61	19.9419
1316.36	11.936
1319.1	-4.07004
1321.85	1.92379
1324.59	15.9175
1327.33	-0.0888929
1330.08	9.90459
1332.82	-2.10205
1335.56	13.8912
1338.3	1.88432
1341.04	19.8773
1343.77	-2.12977
1346.51	5.86301
1349.25	7.85566
1351.98	1.8482
1354.71	13.8406
1357.45	15.8329
1360.18	17.8251
1362.91	3.81717
1365.64	11.8091
1368.37	-4.19905
1371.09	13.7927
1373.82	11.7843
1376.54	-2.22427
1379.27	3.76708
1381.99	7.75831
1384.72	-14.2506
1387.44	3.74042
1390.16	11.7313
1392.88	9.72206
1395.6	3.71269
1398.31	1.70321
1401.03	7.69361
1403.75	7.68389
1406.46	13.674
1409.18	17.6641
1411.89	9.654
1414.6	-10.3562
1417.31	-0.366524
1420.02	1.62303
1422.73	11.6125
1425.44	17.6018
1428.15	21.591
1430.85	1.58005
1433.56	1.56901
1436.26	3.55784
1438.97	19.5466
1441.67	9.53515
1444.37	-2.47638
1447.07	5.51197
1449.77	13.5002
1452.47	19.4883
1455.16	19.4763
1457.86	3.46415
1460.56	19.4519
1463.25	7.43951
1465.94	13.427
1468.64	7.41439
1471.33	3.40165
1474.02	21.3888
1476.71	5.37579
1479.4	5.36268
1482.09	15.3494
1484.77	23.3361
1487.46	-8.67739
1490.14	-4.69099
1492.83	9.29529
1495.51	5.28145
1498.19	9.26748
1500.87	9.25339
1503.55	15.2392
1506.23	17.2248
1508.91	-4.78962
1511.59	7.1958
1514.27	7.1811
1516.94	19.1663
1519.62	13.1513
1522.29	1.13624
1524.96	27.121
1527.63	3.10572
1530.3	11.0903
1532.97	13.0747
1535.64	15.059
1538.31	9.04319
1540.98	-0.972738
1543.64	7.01119
1546.31	0.995013
1548.97	4.9787
1551.63	-3.03774
1554.3	20.9457
1556.96	8.92902
1559.62	34.9122
1562.28	10.8953
1564.94	10.8782
1567.59	12.861
1570.25	20.8437
1572.9	8.8263
1575.56	12.8087
1578.21	8.79107
1580.86	4.77326
1583.52	10.7553
1586.17	10.7373
1588.82	24.7191
1591.47	12.7008
1594.11	-1.31763
1596.76	0.663814
1599.41	0.645137
1602.05	-1.37367
1604.69	0.607401
1607.34	12.5883
1609.98	0.569159
1612.62	10.5498
1615.26	10.5304
1617.9	22.5109
1620.54	6.49117
1623.18	14.4714
1625.81	12.4514
1628.45	4.43137
1631.08	-11.5888
1633.72	-5.60913
1636.35	10.3704
1638.98	8.34987
1641.61	6.32917
1644.24	2.30835
1646.87	16.2874
1649.5	0.266332
1652.13	20.2451
1654.75	8.22381
1657.38	2.20237
1660	12.1808
1662.63	2.15909
1665.25	14.1372
1667.87	-3.88471
1670.49	10.0932
1673.11	16.071
1675.73	12.0487
1678.35	-3.9738
1680.96	12.0036
1683.58	13.9809
1686.19	11.958
1688.81	17.9351
1691.42	7.91197
1694.03	3.88874
1696.64	13.8654
1699.25	1.84191
1701.87	15.8183
1704.47	7.79455
1707.08	3.77069
1709.69	17.7467
1712.29	13.7226
1714.9	-6.30167
1717.5	11.674
1720.1	7.64945
1722.71	-0.375183
1725.31	9.60007
1727.91	21.5752
1730.51	3.55016
1733.1	7.52502
1735.7	23.4997
1738.3	3.47434
1740.89	21.4488
1743.49	5.42316
1746.08	17.3974
1748.67	1.37146
1751.26	-4.65456
1753.86	5.31926
1756.45	-2.70704
1759.03	1.26654
1761.62	19.24
1764.21	29.2133
1766.8	5.1865
1769.38	5.15956
1771.97	-2.86752
1774.55	15.1053
1777.13	11.078
1779.71	3.0505
1782.29	5.02293
1784.87	6.99521
1787.45	6.96736
1790.03	24.9394
1792.61	-1.08871
1795.18	2.88307
1797.76	10.8547
1800.33	16.8262
1802.9	22.7976
1805.48	4.76887
1808.05	14.74
1810.62	16.711
1813.19	22.6819
1815.76	-1.34741
1818.33	-3.37681
1820.89	4.59366
1823.46	6.56402
1826.02	8.53423
1828.59	14.5043
1831.15	4.47429
1833.71	-1.55589
1836.27	6.41381
1838.84	2.38338
1841.39	2.35283
1843.95	2.32214
1846.51	16.2913
1849.07	10.2604
1851.62	16.2293
1854.18	-5.80192
1856.73	2.16675
1859.29	14.1353
1861.84	4.10368
1864.39	14.072
1866.94	8.04008
1869.49	0.00809899
1872.04	9.97598
1874.59	13.9437
1877.13	9.91135
1879.68	23.8789
1882.22	5.84621
1884.77	15.8134
1887.31	15.7805
1889.85	11.7475
1892.39	3.71435
1894.93	-0.318933
1897.47	1.64763
1900.01	5.61408
1902.55	7.5804
1905.09	5.54658
1907.62	-0.487365
1910.16	25.4786
1912.69	1.44437
1915.22	-10.59
1917.76	9.37557
1920.29	3.34096
1922.82	5.30624
1925.35	13.2714
1927.88	5.23638
1930.4	17.2013
1932.93	3.16601
1935.46	7.13063
1937.98	-0.904887
1940.51	17.0595
1943.03	9.02368
1945.55	12.9878
1948.07	-5.04826
1950.59	2.91559
1953.11	14.8793
1955.63	12.8428
1958.15	0.806294
1960.67	6.7696
1963.18	8.73278
1965.7	-7.30417
1968.21	8.65874
1970.73	8.62152
1973.24	8.58416
1975.75	8.54669
1978.26	14.5091
1980.77	6.47134
1983.28	8.43345
1985.79	-1.60455
1988.29	2.35732
1990.8	18.319
1993.31	12.2806
1995.81	2.2421
1998.31	6.20346
