100.093	8.47091
103.274	24.5799
106.457	18.6884
109.636	10.7962
112.817	-7.09643
115.994	11.0102
119.172	1.11641
122.347	13.2219
125.521	1.32688
128.696	11.4313
131.868	3.53512
135.039	15.6384
138.209	19.741
141.379	13.8432
144.547	7.94474
147.713	10.0457
150.879	6.14614
154.043	0.246
157.206	4.34531
160.368	0.44406
163.529	-13.4577
166.689	12.6399
169.848	10.737
173.006	10.8336
176.163	2.92959
179.316	1.02499
182.471	3.11992
185.625	5.21431
188.777	7.30817
191.927	-2.59858
195.077	5.49421
198.224	9.5864
201.372	-4.32188
204.52	5.76932
207.664	1.85993
210.809	9.95007
213.95	10.0396
217.091	4.12867
220.233	8.21725
223.372	30.3053
226.509	2.39275
229.648	0.479786
232.784	12.5663
235.918	12.6522
239.051	10.7377
242.186	0.822654
245.317	8.90709
248.447	8.99103
251.577	3.07446
254.705	1.15739
257.832	7.23983
260.958	17.3218
264.083	7.40322
267.204	7.48412
270.327	-4.43542
273.449	13.6446
276.57	15.724
279.69	-0.196949
282.806	7.88152
285.924	15.9596
289.04	14.0371
292.154	12.1141
295.268	18.1907
298.379	20.2668
301.492	6.34248
304.601	8.41761
307.711	10.4923
310.818	22.5665
313.924	18.6402
317.031	2.71356
320.135	6.78637
323.238	12.8587
326.34	2.93059
329.443	7.00206
332.543	17.073
335.642	1.14354
338.74	13.2136
341.836	5.28322
344.932	3.35238
348.027	25.4211
351.12	1.48936
354.213	11.5572
357.302	-0.375482
360.393	13.6915
363.482	15.758
366.57	13.824
369.656	1.8896
372.742	1.9548
375.827	10.0196
378.91	22.0838
381.993	-9.85226
385.073	2.21117
388.154	12.2742
391.232	-1.66321
394.311	12.399
397.387	22.4607
400.462	14.522
403.536	0.582934
406.611	2.64346
409.683	22.7035
412.754	0.763174
415.824	4.82242
418.893	12.8812
421.961	2.93967
425.027	6.99769
428.093	17.0553
431.158	-4.88749
434.222	-0.830688
437.284	9.22572
440.346	5.28172
443.407	3.33733
446.464	3.39251
449.523	-0.55267
452.581	3.50176
455.635	-6.44424
458.691	-0.390596
461.743	1.66263
464.797	-0.284499
467.847	-2.23205
470.899	19.8201
473.947	5.87175
476.994	-4.07694
480.043	19.974
483.088	-1.97543
486.133	14.0748
489.176	10.1246
492.22	0.174023
495.262	14.2231
498.302	10.2718
501.341	8.3201
504.38	4.36806
507.417	4.41566
510.453	2.46289
513.487	12.5097
516.521	-7.44377
519.554	4.60239
522.586	-1.35182
525.616	0.693588
528.646	6.73867
531.675	14.7834
534.701	0.827754
537.729	20.8718
540.753	-1.08456
543.778	2.95878
546.8	13.0017
549.821	15.0444
552.844	1.08666
555.863	17.1286
558.881	13.1702
561.898	7.21146
564.916	5.25241
567.932	-8.707
570.946	-0.666748
573.959	9.37318
576.971	5.41277
579.982	13.452
582.993	11.491
586	21.5296
589.008	-4.43216
592.015	9.60581
595.022	-0.356549
598.025	1.68075
601.029	9.71775
604.032	5.75444
607.033	-0.209218
610.034	-12.1732
613.032	7.86256
616.032	1.89799
619.028	-0.0669171
622.023	3.96787
625.018	12.0024
628.013	-5.96345
631.005	4.07042
633.997	10.104
636.987	0.137254
639.977	6.17022
642.965	0.202887
645.952	6.23526
648.939	-7.73267
651.924	-5.70089
654.909	14.3306
657.892	0.361787
660.873	0.392669
663.854	2.42328
666.835	8.45361
669.813	-1.51637
672.791	10.5134
675.767	8.54283
678.743	12.572
681.717	6.60091
684.692	22.6295
687.664	6.65787
690.634	2.68592
693.606	20.7137
696.575	12.7412
699.543	14.7685
702.51	20.7954
705.475	16.8221
708.44	2.84853
711.404	2.87468
714.367	10.9006
717.329	12.9262
720.29	20.9516
723.25	12.9766
726.207	15.0015
729.166	13.026
732.123	1.05037
735.077	-0.925585
738.032	11.0982
740.984	11.1218
743.938	9.14506
746.888	23.1681
749.839	3.19089
752.788	9.21343
755.735	11.2357
758.682	17.2578
761.627	5.27955
764.574	17.3011
767.517	7.32243
770.46	17.3435
773.402	5.36433
776.342	13.3849
779.282	1.40528
782.219	11.4254
785.157	21.4453
788.094	27.4649
791.029	13.4843
793.962	15.5035
796.896	11.5225
799.828	15.5412
802.76	15.5597
805.689	-2.42205
808.619	11.596
811.546	11.6138
814.473	5.63142
817.4	9.6488
820.324	9.66596
823.248	25.6829
826.17	7.69961
829.092	21.7161
832.012	-0.267592
834.932	13.7485
837.851	19.7643
840.768	21.78
843.685	35.7954
846.599	11.8107
849.514	15.8257
852.428	9.84053
855.339	11.8551
858.251	11.8696
861.16	17.8838
864.07	-2.10223
866.978	-2.08843
869.884	11.9252
872.792	25.9386
875.696	7.9518
878.599	7.96482
881.502	7.97764
884.404	11.9903
887.304	14.0027
890.204	14.015
893.103	18.027
896.001	4.03889
898.898	4.05058
901.794	4.06208
904.689	-3.92661
907.581	-1.91548
910.474	20.0955
913.364	-1.89377
916.256	16.1168
919.144	14.1272
922.034	4.13747
924.92	6.14752
927.808	4.1574
930.693	18.1671
933.576	6.17664
936.459	16.186
939.341	14.1952
942.222	0.204214
945.102	8.21307
947.981	6.22176
950.859	10.2303
953.737	20.2386
956.613	16.2468
959.488	-1.74514
962.361	-1.73727
965.235	14.2704
968.105	10.278
970.977	2.28538
973.846	4.29261
976.716	10.2997
979.583	4.30662
982.449	10.3134
985.316	10.32
988.18	28.3265
991.043	8.3328
993.906	16.339
996.767	14.345
999.628	18.3509
1002.49	14.3566
1005.35	8.36219
1008.2	-7.63237
1011.06	16.3729
1013.91	8.37809
1016.77	8.38312
1019.62	12.388
1022.48	20.3927
1025.33	18.3973
1028.18	10.4018
1031.03	16.4062
1033.87	10.4104
1036.72	18.4144
1039.57	6.41837
1042.41	-7.57782
1045.26	16.4259
1048.1	16.4294
1050.94	12.4328
1053.78	-3.56386
1056.62	0.439318
1059.46	14.4424
1062.3	24.4453
1065.14	14.4481
1067.97	14.4508
1070.81	10.4534
1073.64	12.4558
1076.47	8.45814
1079.31	16.4604
1082.14	20.4625
1084.97	14.4644
1087.8	0.466324
1090.63	6.46809
1093.45	22.4697
1096.28	12.4713
1099.1	4.47271
1101.93	16.474
1104.75	14.4753
1107.57	12.4764
1110.39	4.47737
1113.21	0.478273
1116.03	8.47907
1118.85	4.47977
1121.66	6.48037
1124.48	10.4809
1127.3	-3.51873
1130.11	22.4816
1132.92	20.4818
1135.73	20.4819
1138.54	12.4819
1141.35	10.4818
1144.16	20.4817
1146.97	12.4814
1149.78	10.481
1152.58	20.4806
1155.39	14.4801
1158.19	8.47945
1161	8.47874
1163.8	-3.52205
1166.6	6.47708
1169.4	2.47612
1172.2	8.47508
1174.99	18.474
1177.79	-1.52725
1180.59	12.4715
1183.38	-1.52989
1186.17	24.4687
1188.97	14.4672
1191.76	-1.53444
1194.55	2.4639
1197.34	0.462159
1200.13	14.4603
1202.92	8.45846
1205.7	12.4565
1208.49	4.45448
1211.27	12.4524
1214.06	-9.54978
1216.84	8.448
1219.62	6.4457
1222.4	20.4433
1225.18	14.4409
1227.96	12.4384
1230.74	14.4359
1233.51	12.4333
1236.29	12.4306
1239.06	0.427861
1241.84	4.42507
1244.61	20.4222
1247.38	14.4193
1250.15	18.4164
1252.92	12.4133
1255.69	16.4103
1258.46	8.40715
1261.23	2.40398
1263.99	8.40076
1266.76	14.3975
1269.52	8.39416
1272.28	-3.60922
1275.05	12.3874
1277.81	12.3839
1280.57	2.38038
1283.33	4.37683
1286.08	14.3732
1288.84	-3.63042
1291.6	12.3659
1294.35	16.3622
1297.11	-1.64159
1299.86	4.3546
1302.61	-5.64925
1305.36	8.34687
1308.11	-5.65705
1310.86	6.339
1313.61	4.33501
1316.36	28.331
1319.1	8.32693
1321.85	0.322844
1324.59	18.3187
1327.33	4.31457
1330.08	0.310395
1332.82	26.3062
1335.56	10.302
1338.3	14.2977
1341.04	6.2934
1343.77	20.2891
1346.51	12.2847
1349.25	12.2804
1351.98	18.276
1354.71	12.2716
1357.45	10.2672
1360.18	4.26272
1362.91	12.2583
1365.64	-11.7462
1368.37	12.2493
1371.09	-3.75525
1373.82	24.2402
1376.54	0.235673
1379.27	4.23111
1381.99	8.22653
1384.72	4.22194
1387.44	6.21735
1390.16	16.2127
1392.88	4.20812
1395.6	0.203484
1398.31	10.1988
1401.03	2.1942
1403.75	10.1896
1406.46	-3.81511
1409.18	10.1802
1411.89	22.1756
1414.6	4.1709
1417.31	16.1662
1420.02	18.1616
1422.73	2.15688
1425.44	8.1522
1428.15	20.1475
1430.85	20.1429
1433.56	8.13819
1436.26	16.1335
1438.97	16.1289
1441.67	12.1242
1444.37	6.11956
1447.07	16.1149
1449.77	0.11028
1452.47	18.1057
1455.16	6.10103
1457.86	6.09642
1460.56	12.0918
1463.25	14.0872
1465.94	4.08266
1468.64	6.07809
1471.33	-1.92646
1474.02	12.069
1476.71	-1.93551
1479.4	4.05998
1482.09	0.0554947
1484.77	10.051
1487.46	14.0466
1490.14	14.0421
1492.83	26.0377
1495.51	10.0333
1498.19	-3.97103
1500.87	18.0246
1503.55	16.0203
1506.23	8.01599
1508.91	12.0117
1511.59	6.00746
1514.27	22.0032
1516.94	11.999
1519.62	11.9949
1522.29	7.99072
1524.96	1.98661
1527.63	-8.01748
1530.3	17.9785
1532.97	11.9744
1535.64	3.97045
1538.31	11.9665
1540.98	5.96257
1543.64	13.9587
1546.31	7.95483
1548.97	9.95101
1551.63	17.9472
1554.3	7.94348
1556.96	9.93977
1559.62	13.9361
1562.28	13.9325
1564.94	13.9289
1567.59	7.92533
1570.25	1.92182
1572.9	9.91835
1575.56	19.9149
1578.21	5.91155
1580.86	7.90822
1583.52	9.90493
1586.17	1.90169
1588.82	15.8985
1591.47	21.8953
1594.11	1.89224
1596.76	15.8892
1599.41	13.8862
1602.05	13.8832
1604.69	9.88033
1607.34	11.8775
1609.98	11.8747
1612.62	13.8719
1615.26	1.86924
1617.9	5.8666
1620.54	9.86401
1623.18	-6.13851
1625.81	3.85902
1628.45	3.8566
1631.08	1.85425
1633.72	9.85195
1636.35	7.84971
1638.98	5.84753
1641.61	7.84541
1644.24	9.84336
1646.87	5.84136
1649.5	3.83943
1652.13	1.83756
1654.75	-8.16425
1657.38	5.83401
1660	15.8323
1662.63	7.83073
1665.25	11.8292
1667.87	13.8277
1670.49	17.8263
1673.11	7.82496
1675.73	-2.17631
1678.35	21.8225
1680.96	3.82136
1683.58	-8.1797
1686.19	9.81931
1688.81	7.8184
1691.42	13.8176
1694.03	9.81679
1696.64	11.8161
1699.25	-4.18452
1701.87	15.8149
1704.47	7.81447
1707.08	5.81408
1709.69	3.81377
1712.29	13.8135
1714.9	-0.186616
1717.5	9.81331
1720.1	5.81332
1722.71	7.8134
1725.31	7.81357
1727.91	-0.186178
1730.51	19.8142
1733.1	17.8146
1735.7	7.81507
1738.3	19.8157
1740.89	17.8163
1743.49	5.81709
1746.08	-2.18207
1748.67	-10.1811
1751.26	15.8199
1753.86	9.82099
1756.45	3.82218
1759.03	5.82347
1761.62	13.8248
1764.21	3.82631
1766.8	9.82787
1769.38	13.8295
1771.97	23.8313
1774.55	13.8331
1777.13	23.835
1779.71	11.837
1782.29	13.8392
1784.87	9.84138
1787.45	17.8437
1790.03	-2.1539
1792.61	11.8486
1795.18	-0.14879
1797.76	15.8539
1800.33	-2.14329
1802.9	-4.14038
1805.48	5.86262
1808.05	11.8657
1810.62	19.8689
1813.19	11.8722
1815.76	9.87564
1818.33	9.87916
1820.89	31.8828
1823.46	-4.11351
1826.02	-4.10968
1828.59	17.8943
1831.15	7.89829
1833.71	9.90244
1836.27	3.90669
1838.84	7.91105
1841.39	-0.0844823
1843.95	9.9201
1846.51	-0.0752154
1849.07	13.9296
1851.62	1.93449
1854.18	19.9395
1856.73	17.9446
1859.29	15.9499
1861.84	5.95525
1864.39	-0.039284
1866.94	21.9663
1869.49	17.972
1872.04	11.9778
1874.59	-2.01625
1877.13	5.9898
1879.68	5.99596
1882.22	10.0022
1884.77	8.00865
1887.31	10.0152
1889.85	22.0218
1892.39	14.0286
1894.93	10.0354
1897.47	8.04244
1900.01	10.0496
1902.55	10.0568
1905.09	14.0642
1907.62	14.0716
1910.16	12.0793
1912.69	12.087
1915.22	22.0949
1917.76	12.1028
1920.29	10.1109
1922.82	12.1192
1925.35	8.12754
1927.88	12.136
1930.4	2.14464
1932.93	12.1534
1935.46	0.162262
1937.98	16.1713
1940.51	10.1804
1943.03	4.18966
1945.55	8.19905
1948.07	-5.79142
1950.59	16.2182
1953.11	14.228
1955.63	16.2379
1958.15	12.248
1960.67	14.2582
1963.18	8.26851
1965.7	4.27896
1968.21	2.28956
1970.73	2.30029
1973.24	22.3112
1975.75	24.3222
1978.26	8.33329
1980.77	10.3446
1983.28	10.356
1985.79	-1.63246
1988.29	8.37923
1990.8	22.3911
1993.31	0.403044
1995.81	2.41516
1998.31	8.42741
