100.093	17.7305
103.274	33.6844
106.457	27.6387
109.636	-4.40649
112.817	15.5488
115.994	7.50462
119.172	41.4609
122.347	23.4177
125.521	29.375
128.696	1.33275
131.868	23.291
135.039	19.2497
138.209	21.209
141.379	23.1686
144.547	19.1288
147.713	27.0894
150.879	-4.94944
154.043	29.0121
157.206	2.97418
160.368	18.9367
163.529	-1.10035
166.689	16.8631
169.848	10.827
173.006	14.7913
176.163	20.7561
179.316	-9.27866
182.471	20.687
185.625	14.6531
188.777	24.6197
191.927	-3.41325
195.077	6.5542
198.224	10.5221
201.372	4.49043
204.52	30.4592
207.664	4.42838
210.809	16.398
213.95	6.36805
217.091	28.3385
220.233	8.3094
223.372	12.2807
226.509	6.25245
229.648	2.22458
232.784	14.1971
235.918	18.1701
239.051	4.14348
242.186	2.11724
245.317	12.0914
248.447	24.066
251.577	4.041
254.705	22.0164
257.832	9.99216
260.958	23.9683
264.083	3.9449
267.204	7.92186
270.327	19.8992
273.449	1.87692
276.57	13.855
279.69	11.8335
282.806	17.8124
285.924	9.79162
289.04	3.77123
292.154	15.7512
295.268	3.73158
298.379	19.7123
301.492	15.6934
304.601	-2.32513
307.711	13.6567
310.818	19.6389
313.924	9.62141
317.031	9.60429
320.135	-0.412456
323.238	13.5711
326.34	5.5551
329.443	3.53938
332.543	11.524
335.642	15.509
338.74	5.49434
341.836	5.48
344.932	11.466
348.027	1.45234
351.12	17.439
354.213	11.426
357.302	-2.58664
360.393	1.40101
363.482	11.389
366.57	13.3773
369.656	15.3659
372.742	19.3549
375.827	9.34415
378.91	7.33374
381.993	13.3236
385.073	-0.686161
388.154	13.3044
391.232	3.29518
394.311	3.2863
397.387	11.2777
400.462	7.26948
403.536	27.2615
406.611	3.25384
409.683	7.24647
412.754	7.23939
415.824	-2.76739
418.893	3.22611
421.961	-0.780097
425.027	13.214
428.093	11.2083
431.158	7.20299
434.222	3.19791
437.284	9.19312
440.346	9.18859
443.407	9.18435
446.464	7.18038
449.523	5.17668
452.581	-2.82676
455.635	1.17008
458.691	13.1672
461.743	17.1645
464.797	5.16217
467.847	-2.83995
470.899	-0.841805
473.947	-0.843407
476.994	5.15525
480.043	3.15415
483.088	5.1533
486.133	19.1527
489.176	7.15236
492.22	11.1523
495.262	19.1524
498.302	3.15277
501.341	11.1534
504.38	5.15424
507.417	7.15533
510.453	15.1567
513.487	1.15822
516.521	21.16
519.554	1.16202
522.586	17.1643
525.616	-4.83327
528.646	13.1694
531.675	9.17233
534.701	-0.824541
537.729	-0.821192
540.753	-0.817629
543.778	-4.81385
546.8	17.1901
549.821	11.1943
552.844	5.19875
555.863	5.20337
558.881	11.2082
561.898	-2.78679
564.916	1.21844
567.932	15.2239
570.946	-2.77051
573.959	11.2353
576.971	23.2413
579.982	-2.75246
582.993	11.2539
586	11.2605
589.008	-0.732699
592.015	3.27426
595.022	-4.71859
598.025	7.28874
601.029	1.29625
604.032	13.3039
607.033	9.31181
610.034	-0.680144
613.032	-0.671929
616.032	11.3365
619.028	7.34502
622.023	9.35375
625.018	1.36264
628.013	5.37171
631.005	11.3809
633.997	19.3903
636.987	-0.60013
639.977	5.40958
642.965	13.4194
645.952	3.42946
648.939	19.4396
651.924	3.44996
654.909	-4.53956
657.892	29.4711
660.873	3.48184
663.854	-0.50724
666.835	1.50382
669.813	5.51503
672.791	7.52638
675.767	-4.46214
678.743	9.54948
681.717	9.56124
684.692	7.57314
687.664	-0.414842
690.634	13.5973
693.606	7.6096
696.575	3.62202
699.543	11.6346
702.51	13.6472
705.475	13.66
708.44	9.67291
711.404	-4.31406
714.367	17.6991
717.329	13.7124
720.29	11.7257
723.25	-12.2608
726.207	1.75282
729.166	15.7665
732.123	11.7804
735.077	21.7943
738.032	3.80833
740.984	-6.17753
743.938	21.8367
746.888	13.8511
749.839	-6.1345
752.788	-2.11996
755.735	7.89467
758.682	9.9094
761.627	9.92422
764.574	7.93915
767.517	-2.04584
770.46	3.96925
773.402	9.98443
776.342	21.9997
779.282	16.0151
782.219	26.0305
785.157	16.046
788.094	4.0616
791.029	2.07728
793.962	18.093
796.896	0.108849
799.828	-1.87526
802.76	6.14072
805.689	14.1568
808.619	-1.82713
811.546	10.189
814.473	16.2053
817.4	16.2216
820.324	-1.76203
823.248	14.2544
826.17	14.2709
829.092	6.28745
832.012	22.3041
834.932	26.3207
837.851	20.3375
840.768	8.35422
843.685	26.3711
846.599	32.3879
849.514	10.4048
852.428	-1.57818
855.339	16.4388
858.251	14.4559
861.16	6.47299
864.07	26.4901
866.978	16.5073
869.884	30.5245
872.792	16.5418
875.696	14.5591
878.599	16.5764
881.502	18.5938
884.404	14.6112
887.304	24.6286
890.204	14.6461
893.103	8.66356
896.001	26.6811
898.898	4.6986
901.794	24.7162
904.689	14.7337
907.581	8.75133
910.474	8.76895
913.364	8.78658
916.256	26.8042
919.144	12.8219
922.034	6.83958
924.92	2.85726
927.808	14.875
930.693	18.8927
933.576	10.9104
936.459	6.92812
939.341	6.94585
942.222	2.96359
945.102	22.9813
947.981	-1.00093
950.859	17.0168
953.737	7.03455
956.613	11.0523
959.488	3.07002
962.361	15.0877
965.235	7.10546
968.105	1.12317
970.977	-0.859124
973.846	3.15856
976.716	25.1762
979.583	-0.806089
982.449	21.2116
985.316	15.2292
988.18	17.2468
991.043	3.26442
993.906	13.282
996.767	-0.700442
999.628	5.3171
1002.49	17.3346
1005.35	17.3521
1008.2	-6.63044
1011.06	5.38699
1013.91	-2.5956
1016.77	25.4218
1019.62	19.4391
1022.48	23.4564
1025.33	7.47371
1028.18	7.49096
1031.03	7.50816
1033.87	19.5253
1036.72	-0.457534
1039.57	15.5596
1042.41	15.5766
1045.26	13.5936
1048.1	17.6106
1050.94	19.6275
1053.78	5.64436
1056.62	-4.33882
1059.46	5.67796
1062.3	7.69469
1065.14	17.7114
1067.97	5.72798
1070.81	23.7445
1073.64	9.76105
1076.47	9.7775
1079.31	11.7939
1082.14	11.8102
1084.97	9.82653
1087.8	3.84275
1090.63	9.8589
1093.45	15.875
1096.28	11.891
1099.1	1.90699
1101.93	9.92288
1104.75	11.9387
1107.57	9.95447
1110.39	11.9702
1113.21	3.98577
1116.03	6.00132
1118.85	6.01679
1121.66	10.0322
1124.48	16.0475
1127.3	0.0627345
1130.11	12.0779
1132.92	16.093
1135.73	8.10798
1138.54	4.12289
1141.35	4.13772
1144.16	14.1525
1146.97	-3.83285
1149.78	10.1817
1152.58	6.1962
1155.39	0.210604
1158.19	2.22492
1161	22.2391
1163.8	4.25325
1166.6	6.26729
1169.4	12.2812
1172.2	6.29507
1174.99	0.308815
1177.79	14.3225
1180.59	-1.664
1183.38	8.34944
1186.17	10.3628
1188.97	14.376
1191.76	12.3892
1194.55	4.4022
1197.34	4.41513
1200.13	26.4279
1202.92	8.44066
1205.7	6.45326
1208.49	14.4658
1211.27	6.47813
1214.06	4.4904
1216.84	4.50255
1219.62	10.5146
1222.4	18.5265
1225.18	12.5383
1227.96	12.55
1230.74	20.5616
1233.51	20.573
1236.29	20.5844
1239.06	22.5956
1241.84	4.60664
1244.61	22.6176
1247.38	22.6284
1250.15	6.63913
1252.92	10.6497
1255.69	22.6602
1258.46	14.6705
1261.23	8.68067
1263.99	20.6907
1266.76	16.7006
1269.52	10.7104
1272.28	6.72009
1275.05	4.72961
1277.81	26.739
1280.57	-3.25176
1283.33	0.757341
1286.08	4.76631
1288.84	2.77513
1291.6	-13.2162
1294.35	14.7924
1297.11	14.8007
1299.86	8.80899
1302.61	18.8171
1305.36	6.82505
1308.11	-1.16714
1310.86	2.84052
1313.61	22.848
1316.36	16.8554
1319.1	14.8626
1321.85	4.86963
1324.59	18.8765
1327.33	6.88327
1330.08	10.8899
1332.82	14.8963
1335.56	34.9026
1338.3	4.90867
1341.04	16.9146
1343.77	20.9204
1346.51	20.926
1349.25	14.9315
1351.98	24.9368
1354.71	36.9419
1357.45	-5.05309
1360.18	2.95171
1362.91	8.95634
1365.64	10.9608
1368.37	12.9651
1371.09	22.9692
1373.82	8.97319
1376.54	4.97696
1379.27	8.98057
1381.99	20.984
1384.72	-3.01274
1387.44	26.9903
1390.16	10.9932
1392.88	8.99597
1395.6	-1.00148
1398.31	17.0009
1401.03	1.00307
1403.75	13.0051
1406.46	17.0069
1409.18	3.00853
1411.89	13.01
1414.6	-0.988758
1417.31	13.0123
1420.02	17.0132
1422.73	9.01391
1425.44	-4.98557
1428.15	11.0148
1430.85	23.0149
1433.56	7.01482
1436.26	17.0146
1438.97	-0.985879
1441.67	3.01348
1444.37	9.01264
1447.07	21.0116
1449.77	13.0104
1452.47	5.00894
1455.16	23.0073
1457.86	11.0055
1460.56	15.0035
1463.25	-0.998777
1465.94	10.9988
1468.64	12.9961
1471.33	2.99331
1474.02	18.9903
1476.71	12.987
1479.4	-5.01646
1482.09	10.9799
1484.77	10.976
1487.46	34.9719
1490.14	-3.0324
1492.83	20.9631
1495.51	6.95837
1498.19	2.95343
1500.87	-1.05171
1503.55	16.9429
1506.23	10.9373
1508.91	18.9315
1511.59	14.9255
1514.27	-3.0807
1516.94	0.91285
1519.62	12.9062
1522.29	14.8993
1524.96	12.8922
1527.63	18.8848
1530.3	8.87728
1532.97	2.8695
1535.64	14.8615
1538.31	8.85325
1540.98	2.8448
1543.64	18.8361
1546.31	14.8272
1548.97	12.8181
1551.63	6.80868
1554.3	6.79907
1556.96	20.7892
1559.62	20.7792
1562.28	14.7689
1564.94	24.7583
1567.59	10.7476
1570.25	-5.26343
1572.9	14.7253
1575.56	18.7138
1578.21	12.7021
1580.86	6.69018
1583.52	10.678
1586.17	10.6656
1588.82	16.6529
1591.47	-3.36003
1594.11	18.6268
1596.76	6.61342
1599.41	8.59978
1602.05	12.5859
1604.69	20.5718
1607.34	20.5574
1609.98	8.54274
1612.62	14.5279
1615.26	18.5127
1617.9	18.4974
1620.54	20.4817
1623.18	10.4659
1625.81	8.44975
1628.45	16.4334
1631.08	10.4167
1633.72	12.3999
1636.35	14.3827
1638.98	12.3653
1641.61	14.3477
1644.24	0.329778
1646.87	-15.6884
1649.5	22.2932
1652.13	-1.72549
1654.75	14.2556
1657.38	4.23637
1660	22.2169
1662.63	2.19718
1665.25	30.1772
1667.87	0.15694
1670.49	6.13643
1673.11	18.1157
1675.73	14.0946
1678.35	10.0733
1680.96	30.0517
1683.58	4.02988
1686.19	16.0078
1688.81	15.9854
1691.42	7.96273
1694.03	-0.0601996
1696.64	1.91661
1699.25	1.89315
1701.87	5.8694
1704.47	-0.154605
1707.08	-2.17889
1709.69	17.7966
1712.29	-2.22828
1714.9	7.7466
1717.5	7.72123
1720.1	11.6956
1722.71	7.66961
1725.31	5.6434
1727.91	13.6169
1730.51	3.59011
1733.1	11.5631
1735.7	7.5357
1738.3	3.50808
1740.89	13.4802
1743.49	11.452
1746.08	11.4235
1748.67	3.39474
1751.26	-2.63429
1753.86	13.3364
1756.45	7.30675
1759.03	13.2769
1761.62	21.2467
1764.21	7.21618
1766.8	13.1854
1769.38	7.15435
1771.97	-6.87702
1774.55	29.0913
1777.13	13.0594
1779.71	11.0272
1782.29	14.9947
1784.87	10.9619
1787.45	-1.07126
1790.03	16.8953
1792.61	12.8616
1795.18	16.8276
1797.76	8.79334
1800.33	8.75875
1802.9	10.7239
1805.48	16.6887
1808.05	8.6532
1810.62	8.61741
1813.19	2.58132
1815.76	12.5449
1818.33	16.5082
1820.89	0.47122
1823.46	10.4339
1826.02	24.3963
1828.59	16.3584
1831.15	6.32022
1833.71	12.2817
1836.27	2.24287
1838.84	20.2037
1841.39	12.1643
1843.95	2.12456
1846.51	0.0844971
1849.07	8.04416
1851.62	4.00347
1854.18	7.96248
1856.73	15.9212
1859.29	1.87958
1861.84	21.8377
1864.39	17.7954
1866.94	13.7529
1869.49	11.71
1872.04	13.6669
1874.59	-4.37664
1877.13	13.5796
1879.68	23.5355
1882.22	15.491
1884.77	11.4462
1887.31	-0.598808
1889.85	15.3558
1892.39	7.31009
1894.93	13.2641
1897.47	3.21769
1900.01	7.17103
1902.55	7.12404
1905.09	5.07672
1907.62	19.0291
1910.16	0.98115
1912.69	2.93286
1915.22	4.88424
1917.76	18.8353
1920.29	0.786052
1922.82	16.7365
1925.35	2.68655
1927.88	16.6363
1930.4	8.58577
1932.93	2.53488
1935.46	-5.51634
1937.98	14.4321
1940.51	8.38022
1943.03	4.328
1945.55	20.2755
1948.07	2.2226
1950.59	2.16942
1953.11	12.1159
1955.63	10.062
1958.15	-1.99218
1960.67	-0.0467098
1963.18	17.8984
1965.7	13.8432
1968.21	21.7877
1970.73	7.7318
1973.24	-10.3244
1975.75	5.61906
1978.26	19.5622
1980.77	11.505
1983.28	-2.55263
1985.79	23.3895
1988.29	11.3313
1990.8	17.2726
1993.31	5.21372
1995.81	3.15446
1998.31	1.0949
