100.093	8.78977
103.274	20.8572
106.457	14.9244
109.636	4.99121
112.817	11.0578
115.994	19.1241
119.172	21.1901
122.347	5.25587
125.521	17.3213
128.696	7.38651
131.868	17.4514
135.039	13.516
138.209	5.58031
141.379	1.6444
144.547	9.70817
147.713	-0.228336
150.879	-0.165116
154.043	19.8978
157.206	-2.0395
160.368	14.0229
163.529	0.0850308
166.689	16.1469
169.848	0.208474
173.006	2.26979
176.163	6.33084
179.316	14.3916
182.471	2.45209
185.625	2.51233
188.777	-1.42769
191.927	0.631981
195.077	8.69143
198.224	10.7506
201.372	-3.19051
204.52	6.86815
207.664	0.926503
210.809	10.9846
213.95	11.0425
217.091	15.1
220.233	17.1574
223.372	-0.785549
226.509	7.27125
229.648	13.3278
232.784	7.38411
235.918	11.4401
239.051	-8.50409
242.186	9.55147
245.317	13.6067
248.447	25.6617
251.577	9.71651
254.705	11.771
257.832	11.8253
260.958	11.8793
264.083	7.93303
267.204	9.9865
270.327	10.0398
273.449	0.0927735
276.57	12.1455
279.69	16.1981
282.806	18.2503
285.924	12.3023
289.04	6.3541
292.154	6.40561
295.268	10.4569
298.379	4.50792
301.492	18.5587
304.601	8.60927
307.711	16.6596
310.818	14.7097
313.924	22.7595
317.031	12.8091
320.135	12.8584
323.238	10.9075
326.34	4.9564
329.443	9.00506
332.543	11.0535
335.642	-2.89838
338.74	9.14955
341.836	5.19724
344.932	-0.755295
348.027	7.29194
351.12	11.3389
354.213	3.3857
357.302	11.4322
360.393	7.47852
363.482	9.5246
366.57	11.5705
369.656	1.61605
372.742	11.6614
375.827	9.70662
378.91	13.7515
381.993	-2.20374
385.073	9.84072
388.154	3.885
391.232	9.92902
394.311	9.97285
397.387	4.01642
400.462	4.05978
403.536	4.10292
406.611	18.1459
409.683	10.1886
412.754	18.231
415.824	12.2733
418.893	6.31534
421.961	0.357163
425.027	12.3988
428.093	0.440167
431.158	-7.51865
434.222	10.5223
437.284	20.5631
440.346	2.6036
443.407	-1.35607
446.464	20.684
449.523	0.723917
452.581	4.76361
455.635	4.80306
458.691	-1.15766
461.743	4.88137
464.797	12.9202
467.847	6.95885
470.899	18.9973
473.947	-6.9645
476.994	1.0735
480.043	15.1113
483.088	1.14892
486.133	17.1863
489.176	-0.776504
492.22	5.2605
495.262	9.29729
498.302	9.33386
501.341	-0.629757
504.38	17.4064
507.417	11.4424
510.453	5.47818
513.487	13.5137
516.521	5.54912
519.554	3.5843
522.586	7.61929
525.616	9.65406
528.646	1.68865
531.675	3.72305
534.701	11.7572
537.729	15.7912
540.753	1.82504
543.778	5.85867
546.8	-4.10792
549.821	7.9253
552.844	15.9584
555.863	-6.00881
558.881	4.02384
561.898	4.0563
564.916	-3.91141
567.932	10.1207
570.946	0.152562
573.959	10.1843
576.971	8.21579
579.982	-9.75288
582.993	14.2783
586	4.30922
589.008	2.34
592.015	24.3706
595.022	6.40101
598.025	4.43122
601.029	8.46126
604.032	14.4911
607.033	2.5208
610.034	-1.4497
613.032	12.5796
616.032	4.60875
619.028	-1.3623
622.023	-3.33353
625.018	-1.30493
628.013	10.7235
631.005	8.75174
633.997	8.7798
636.987	2.80769
639.977	0.835404
642.965	16.8629
645.952	24.8903
648.939	6.9175
651.924	2.94452
654.909	10.9714
657.892	10.998
660.873	-4.97547
663.854	15.0509
666.835	15.077
669.813	7.103
672.791	15.1288
675.767	5.15447
678.743	5.17996
681.717	19.2053
684.692	1.23042
687.664	1.25539
690.634	-4.7198
693.606	9.30486
696.575	9.32933
699.543	9.35365
702.51	-6.6222
705.475	9.40178
708.44	7.42561
711.404	19.4493
714.367	7.47277
717.329	13.4961
720.29	7.51929
723.25	9.54231
726.207	13.5652
729.166	5.58785
732.123	11.6104
735.077	5.63277
738.032	7.65499
740.984	23.677
743.938	7.69896
746.888	5.72071
749.839	19.7423
752.788	15.7637
755.735	21.785
758.682	1.80615
761.627	23.8271
764.574	17.848
767.517	19.8686
770.46	15.8891
773.402	5.90951
776.342	3.92972
779.282	23.9498
782.219	7.96969
785.157	11.9895
788.094	14.0091
791.029	10.0285
793.962	12.0479
796.896	8.06702
799.828	6.08604
802.76	8.10492
805.689	20.1236
808.619	14.1422
811.546	10.1607
814.473	10.179
817.4	16.1971
820.324	12.2151
823.248	14.233
826.17	4.25069
829.092	2.26827
832.012	22.2857
834.932	22.303
837.851	14.3201
840.768	6.33716
843.685	14.354
846.599	20.3708
849.514	12.3874
852.428	20.4038
855.339	4.42013
858.251	14.4363
861.16	14.4524
864.07	14.4683
866.978	14.484
869.884	8.49966
872.792	18.5152
875.696	12.5305
878.599	28.5458
881.502	28.5609
884.404	14.5758
887.304	-3.40935
890.204	10.6054
893.103	14.6199
896.001	12.6344
898.898	14.6487
901.794	14.6628
904.689	16.6769
907.581	6.69081
910.474	-5.2954
913.364	2.71825
916.256	4.73179
919.144	24.7452
922.034	10.7585
924.92	4.77162
927.808	2.78465
930.693	8.79755
933.576	8.81032
936.459	16.823
939.341	8.83549
942.222	2.8479
945.102	14.8602
947.981	-1.12767
950.859	22.8844
953.737	14.8963
956.613	-1.09193
959.488	12.9197
962.361	18.9313
965.235	-7.05729
968.105	14.954
970.977	4.96521
973.846	10.9763
976.716	8.98723
979.583	10.9981
982.449	17.0088
985.316	9.01938
988.18	13.0299
991.043	7.04023
993.906	5.05048
996.767	9.06062
999.628	3.07064
1002.49	3.08055
1005.35	3.09034
1008.2	15.1
1011.06	25.1096
1013.91	1.11904
1016.77	3.12839
1019.62	9.13762
1022.48	9.14674
1025.33	15.1557
1028.18	19.1646
1031.03	25.1734
1033.87	7.18211
1036.72	3.19068
1039.57	9.19915
1042.41	3.2075
1045.26	5.21574
1048.1	7.22388
1050.94	21.2319
1053.78	9.23984
1056.62	13.2477
1059.46	7.25537
1062.3	17.263
1065.14	13.2705
1067.97	15.2779
1070.81	13.2852
1073.64	-6.70763
1076.47	23.2995
1079.31	7.30645
1082.14	5.31333
1084.97	3.32012
1087.8	23.3268
1090.63	1.33337
1093.45	7.33985
1096.28	3.34623
1099.1	17.3525
1101.93	7.35869
1104.75	11.3648
1107.57	25.3708
1110.39	17.3766
1113.21	9.38243
1116.03	13.3881
1118.85	9.39371
1121.66	1.39921
1124.48	11.4046
1127.3	9.40992
1130.11	11.4151
1132.92	5.42024
1135.73	1.42526
1138.54	11.4302
1141.35	15.435
1144.16	7.43977
1146.97	25.4444
1149.78	13.449
1152.58	7.45343
1155.39	5.45781
1158.19	17.4621
1161	-4.53372
1163.8	7.47038
1166.6	13.4744
1169.4	-8.52169
1172.2	21.4821
1174.99	23.4859
1177.79	7.48954
1180.59	-4.5069
1183.38	21.4966
1186.17	-0.500026
1188.97	15.5033
1191.76	5.5065
1194.55	-2.49037
1197.34	15.5127
1200.13	7.51564
1202.92	7.51852
1205.7	-4.47869
1208.49	7.52402
1211.27	7.52664
1214.06	11.5292
1216.84	7.53164
1219.62	7.53402
1222.4	-2.46369
1225.18	7.53853
1227.96	23.5407
1230.74	13.5427
1233.51	13.5447
1236.29	5.54657
1239.06	-4.45162
1241.84	5.55011
1244.61	-6.44824
1247.38	9.55333
1250.15	-4.44518
1252.92	15.5562
1255.69	5.55758
1258.46	3.55884
1261.23	7.56003
1263.99	-0.438866
1266.76	5.56217
1269.52	1.56312
1272.28	21.564
1275.05	11.5648
1277.81	1.56554
1280.57	11.5662
1283.33	13.5668
1286.08	1.5673
1288.84	7.56773
1291.6	5.5681
1294.35	9.56839
1297.11	-2.43139
1299.86	7.56876
1302.61	3.56884
1305.36	7.56884
1308.11	25.5688
1310.86	5.56864
1313.61	-2.43156
1316.36	-0.431835
1319.1	3.56782
1321.85	5.56741
1324.59	3.56693
1327.33	11.5664
1330.08	3.56577
1332.82	7.56509
1335.56	7.56434
1338.3	5.56352
1341.04	7.56264
1343.77	-10.4383
1346.51	3.56067
1349.25	-0.440405
1351.98	13.5585
1354.71	-4.44276
1357.45	5.55597
1360.18	5.55463
1362.91	7.55323
1365.64	13.5518
1368.37	7.55024
1371.09	1.54866
1373.82	7.54701
1376.54	9.5453
1379.27	17.5435
1381.99	7.54169
1384.72	5.53979
1387.44	5.53784
1390.16	13.5358
1392.88	-2.46625
1395.6	1.53161
1398.31	23.5294
1401.03	5.52717
1403.75	11.5249
1406.46	9.52249
1409.18	11.5201
1411.89	-4.48242
1414.6	11.515
1417.31	25.5124
1420.02	11.5098
1422.73	15.5071
1425.44	7.50432
1428.15	17.5015
1430.85	15.4986
1433.56	1.4957
1436.26	5.49272
1438.97	-0.510317
1441.67	19.4866
1444.37	21.4834
1447.07	9.48025
1449.77	-4.52299
1452.47	15.4737
1455.16	5.47035
1457.86	11.4669
1460.56	17.4635
1463.25	3.45998
1465.94	19.4564
1468.64	3.45282
1471.33	5.44916
1474.02	1.44545
1476.71	7.44169
1479.4	11.4379
1482.09	-6.56597
1484.77	1.43013
1487.46	-4.57382
1490.14	7.42218
1492.83	5.41813
1495.51	11.414
1498.19	5.4099
1500.87	5.40571
1503.55	1.40148
1506.23	13.3972
1508.91	3.39287
1511.59	7.3885
1514.27	-8.61591
1516.94	-2.62037
1519.62	13.3751
1522.29	9.37058
1524.96	3.36599
1527.63	3.36136
1530.3	3.35668
1532.97	5.35196
1535.64	11.3472
1538.31	23.3424
1540.98	15.3375
1543.64	9.33266
1546.31	15.3277
1548.97	7.32276
1551.63	7.31775
1554.3	7.3127
1556.96	15.3076
1559.62	21.3025
1562.28	9.29731
1564.94	3.2921
1567.59	11.2868
1570.25	5.28156
1572.9	3.27624
1575.56	7.27088
1578.21	5.26548
1580.86	25.26
1583.52	13.2546
1586.17	1.24906
1588.82	9.24351
1591.47	11.2379
1594.11	5.23231
1596.76	-0.773344
1599.41	7.22097
1602.05	9.21524
1604.69	1.20948
1607.34	3.20369
1609.98	15.1979
1612.62	7.192
1615.26	5.18611
1617.9	5.18018
1620.54	1.17422
1623.18	-8.83177
1625.81	11.1622
1628.45	15.1561
1631.08	9.15006
1633.72	11.1439
1636.35	15.1378
1638.98	11.1316
1641.61	5.12539
1644.24	-2.88085
1646.87	7.11288
1649.5	5.10657
1652.13	7.10024
1654.75	21.0939
1657.38	7.08749
1660	11.0811
1662.63	11.0746
1665.25	7.06815
1667.87	-2.93835
1670.49	3.05512
1673.11	15.0486
1675.73	1.04198
1678.35	17.0354
1680.96	1.02873
1683.58	5.02207
1686.19	-0.98462
1688.81	13.0087
1691.42	3.00193
1694.03	-1.00484
1696.64	0.988373
1699.25	6.98156
1701.87	0.97472
1704.47	8.96786
1707.08	10.961
1709.69	12.9541
1712.29	8.94713
1714.9	2.94018
1717.5	2.93321
1720.1	8.92621
1722.71	2.91918
1725.31	12.9121
1727.91	0.905078
1730.51	14.898
1733.1	22.8909
1735.7	-1.11624
1738.3	0.876614
1740.89	16.8694
1743.49	2.86226
1746.08	4.85505
1748.67	2.84783
1751.26	-1.15941
1753.86	14.8333
1756.45	8.82604
1759.03	0.818739
1761.62	6.81142
1764.21	16.8041
1766.8	6.79673
1769.38	12.7894
1771.97	0.781969
1774.55	6.77456
1777.13	-1.23286
1779.71	14.7597
1782.29	14.7523
1784.87	-5.25521
1787.45	-1.2627
1790.03	6.7298
1792.61	16.7223
1795.18	-1.28524
1797.76	0.707213
1800.33	2.69966
1802.9	14.6921
1805.48	12.6845
1808.05	12.6769
1810.62	4.66929
1813.19	2.66166
1815.76	8.65403
1818.33	10.6464
1820.89	10.6387
1823.46	2.63104
1826.02	10.6234
1828.59	4.61566
1831.15	14.608
1833.71	16.6002
1836.27	20.5925
1838.84	16.5848
1841.39	2.57701
1843.95	0.569246
1846.51	-1.43852
1849.07	8.5537
1851.62	2.54591
1854.18	24.5381
1856.73	10.5303
1859.29	6.52249
1861.84	2.51467
1864.39	4.50683
1866.94	16.499
1869.49	6.49115
1872.04	6.48329
1874.59	2.47543
1877.13	2.46756
1879.68	12.4597
1882.22	8.45181
1884.77	10.4439
1887.31	10.436
1889.85	10.4281
1892.39	10.4202
1894.93	2.41232
1897.47	0.404399
1900.01	10.3965
1902.55	-9.61144
1905.09	6.38063
1907.62	8.3727
1910.16	8.36477
1912.69	10.3568
1915.22	4.34888
1917.76	6.34094
1920.29	10.333
1922.82	18.325
1925.35	10.3171
1927.88	14.3091
1930.4	-1.69883
1932.93	4.29321
1935.46	0.285249
1937.98	8.27729
1940.51	10.2693
1943.03	12.2614
1945.55	-7.7466
1948.07	2.24543
1950.59	10.2375
1953.11	2.2295
1955.63	2.22153
1958.15	-5.78643
1960.67	12.2056
1963.18	0.197644
1965.7	6.18968
1968.21	-1.81828
1970.73	2.17376
1973.24	4.1658
1975.75	14.1579
1978.26	6.1499
1980.77	8.14195
1983.28	6.134
1985.79	0.126055
1988.29	12.1181
1990.8	2.11017
1993.31	12.1022
1995.81	-3.90569
1998.31	-1.91362
