100.093	25.3463
103.274	29.4093
106.457	21.4722
109.636	21.5347
112.817	11.597
115.994	23.6589
119.172	13.7206
122.347	11.782
125.521	-4.15697
128.696	29.9039
131.868	9.96438
135.039	18.0246
138.209	0.0845517
141.379	16.1443
144.547	22.2036
147.713	-5.73726
150.879	8.32156
154.043	14.3801
157.206	0.438375
160.368	10.4964
163.529	8.55407
166.689	4.61151
169.848	18.6687
173.006	16.7256
176.163	18.7822
179.316	6.83846
182.471	18.8945
185.625	14.9503
188.777	9.00583
191.927	7.06105
195.077	11.116
198.224	7.17069
201.372	9.22513
204.52	9.2793
207.664	3.33317
210.809	15.3868
213.95	9.44014
217.091	17.4932
220.233	9.54604
223.372	-0.401422
226.509	9.65085
229.648	17.7029
232.784	17.7546
235.918	17.8061
239.051	7.85735
242.186	13.9084
245.317	17.9591
248.447	12.0095
251.577	4.05968
254.705	10.1096
257.832	4.15928
260.958	16.2087
264.083	20.2578
267.204	8.30672
270.327	18.3554
273.449	14.4038
276.57	6.45189
279.69	14.4998
282.806	18.5474
285.924	8.59475
289.04	16.6419
292.154	8.68873
295.268	20.7354
298.379	8.7817
301.492	0.827828
304.601	22.8737
307.711	10.9193
310.818	0.964666
313.924	-4.99023
317.031	11.0547
320.135	17.0993
323.238	11.1437
326.34	7.18779
329.443	15.2317
332.543	5.27535
335.642	19.3188
338.74	31.3619
341.836	21.4048
344.932	13.4475
348.027	11.4899
351.12	9.53215
354.213	9.57411
357.302	25.6158
360.393	9.65729
363.482	21.6985
366.57	15.7396
369.656	23.7803
372.742	3.82085
375.827	5.86116
378.91	1.90121
381.993	11.941
385.073	11.9806
388.154	12.02
391.232	4.05913
394.311	28.098
397.387	8.1367
400.462	4.17513
403.536	-3.78667
406.611	10.2513
409.683	-3.71093
412.754	8.32659
415.824	18.3639
418.893	10.4009
421.961	32.4378
425.027	12.4744
428.093	18.5108
431.158	6.54694
434.222	6.58289
437.284	14.6186
440.346	8.6541
443.407	0.689378
446.464	4.72441
449.523	-9.24076
452.581	12.7939
455.635	12.8282
458.691	4.86241
461.743	6.89634
464.797	6.93008
467.847	4.96358
470.899	-5.00311
473.947	19.03
476.994	-4.93719
480.043	-2.90453
483.088	13.1279
486.133	21.1601
489.176	3.19211
492.22	15.2239
495.262	5.25549
498.302	-0.71315
501.341	3.318
504.38	-2.65106
507.417	19.3797
510.453	19.4102
513.487	11.4405
516.521	17.4706
519.554	-4.49951
522.586	1.53018
525.616	-0.44035
528.646	17.5889
531.675	-8.382
534.701	9.64685
537.729	11.6755
540.753	9.70396
543.778	3.73221
546.8	5.76025
549.821	11.7881
552.844	13.8157
555.863	27.8432
558.881	-4.1296
561.898	3.89743
564.916	1.92428
567.932	3.95091
570.946	1.97734
573.959	-5.99642
576.971	14.0296
579.982	-1.94454
582.993	12.0811
586	18.1065
589.008	12.1318
592.015	10.1569
595.022	2.18172
598.025	12.2064
601.029	2.23086
604.032	8.25515
607.033	16.2792
610.034	0.30313
613.032	-1.67317
616.032	10.3503
619.028	2.37366
622.023	-7.60321
625.018	10.4197
628.013	4.4425
631.005	20.4651
633.997	4.48743
636.987	8.50962
639.977	4.53162
642.965	8.55344
645.952	-3.42493
648.939	2.59651
651.924	8.61778
654.909	0.638853
657.892	10.6597
660.873	20.6804
663.854	14.701
666.835	8.72132
669.813	12.7415
672.791	20.7615
675.767	8.78125
678.743	4.80088
681.717	20.8203
684.692	6.83958
687.664	6.85865
690.634	26.8776
693.606	16.8963
696.575	6.91483
699.543	10.9332
702.51	20.9514
705.475	0.96941
708.44	-9.01275
711.404	19.0049
714.367	15.0224
717.329	17.0397
720.29	3.05689
723.25	9.07386
726.207	17.0907
729.166	13.1073
732.123	15.1237
735.077	9.14003
738.032	1.15615
740.984	3.17209
743.938	9.18788
746.888	13.2035
749.839	7.21893
752.788	19.2342
755.735	11.2493
758.682	3.26424
761.627	23.279
764.574	-0.70638
767.517	5.30806
770.46	9.32233
773.402	19.3364
776.342	5.35039
779.282	25.3642
782.219	23.3778
785.157	21.3912
788.094	-2.59546
791.029	13.4177
793.962	23.4306
796.896	17.4435
799.828	9.4561
802.76	23.4686
805.689	-0.519075
808.619	7.4931
811.546	21.5051
814.473	23.517
817.4	13.5287
820.324	17.5402
823.248	11.5516
826.17	19.5628
829.092	5.5739
832.012	19.5848
834.932	21.5956
837.851	15.6062
840.768	15.6166
843.685	31.6269
846.599	17.6371
849.514	7.64709
852.428	17.6569
855.339	7.66663
858.251	17.6762
861.16	7.68556
864.07	25.6948
866.978	23.7039
869.884	19.7128
872.792	9.72164
875.696	13.7303
878.599	11.7388
881.502	11.7471
884.404	21.7553
887.304	13.7634
890.204	-2.2287
893.103	5.77907
896.001	23.7867
898.898	13.7942
901.794	9.8015
904.689	17.8087
907.581	19.8157
910.474	13.8226
913.364	21.8294
916.256	17.836
919.144	3.84248
922.034	-0.15118
924.92	11.855
927.808	11.8611
930.693	25.867
933.576	19.8728
936.459	-0.121611
939.341	7.88388
942.222	17.8892
945.102	3.89446
947.981	7.89955
950.859	19.9045
953.737	11.9093
956.613	1.91398
959.488	3.91852
962.361	17.9229
965.235	3.92719
968.105	9.93133
970.977	9.93533
973.846	25.9392
976.716	7.94293
979.583	7.94653
982.449	13.95
985.316	19.9533
988.18	-0.0434485
991.043	1.95963
993.906	3.96257
996.767	15.9654
999.628	-2.03192
1002.49	3.97063
1005.35	9.97306
1008.2	1.97536
1011.06	11.9775
1013.91	5.97958
1016.77	13.9815
1019.62	15.9833
1022.48	7.98496
1025.33	7.9865
1028.18	11.9879
1031.03	5.9892
1033.87	11.9904
1036.72	19.9914
1039.57	-2.00768
1042.41	15.9931
1045.26	5.99378
1048.1	13.9943
1050.94	7.99476
1053.78	9.99506
1056.62	-0.00475687
1059.46	1.9953
1062.3	9.99525
1065.14	-8.00493
1067.97	17.9948
1070.81	21.9944
1073.64	15.9938
1076.47	-6.00684
1079.31	27.9924
1082.14	17.9915
1084.97	5.99049
1087.8	11.9894
1090.63	29.9881
1093.45	13.9868
1096.28	11.9853
1099.1	9.9837
1101.93	15.982
1104.75	17.9802
1107.57	19.9782
1110.39	7.9762
1113.21	7.97404
1116.03	7.97177
1118.85	13.9694
1121.66	5.96688
1124.48	13.9643
1127.3	-2.03845
1130.11	5.95872
1132.92	7.95578
1135.73	5.95273
1138.54	19.9496
1141.35	1.94629
1144.16	1.94291
1146.97	5.93942
1149.78	11.9358
1152.58	11.9321
1155.39	5.92831
1158.19	3.92439
1161	21.9204
1163.8	9.91623
1166.6	9.91199
1169.4	5.90764
1172.2	13.9032
1174.99	11.8986
1177.79	19.894
1180.59	17.8892
1183.38	1.88435
1186.17	13.8794
1188.97	13.8743
1191.76	23.8691
1194.55	-2.13616
1197.34	9.85846
1200.13	11.853
1202.92	11.8474
1205.7	1.84171
1208.49	7.83593
1211.27	7.83004
1214.06	7.82406
1216.84	21.818
1219.62	21.8118
1222.4	1.80551
1225.18	3.79913
1227.96	-0.207347
1230.74	5.78608
1233.51	11.7794
1236.29	5.77263
1239.06	13.7658
1241.84	-4.24119
1244.61	11.7518
1247.38	11.7446
1250.15	3.73735
1252.92	19.73
1255.69	7.72257
1258.46	5.71505
1261.23	7.70742
1263.99	15.6997
1266.76	3.69189
1269.52	11.684
1272.28	15.676
1275.05	15.6679
1277.81	3.65973
1280.57	11.6515
1283.33	-4.35689
1286.08	-6.36534
1288.84	3.62612
1291.6	-4.38251
1294.35	11.6088
1297.11	1.59997
1299.86	-6.40893
1302.61	19.5821
1305.36	7.57301
1308.11	1.56385
1310.86	9.55461
1313.61	13.5453
1316.36	11.5358
1319.1	13.5263
1321.85	7.51675
1324.59	1.50708
1327.33	11.4973
1330.08	19.4875
1332.82	7.47753
1335.56	9.46751
1338.3	3.45741
1341.04	5.44723
1343.77	11.437
1346.51	3.42662
1349.25	31.4162
1351.98	9.40567
1354.71	11.3951
1357.45	7.3844
1360.18	3.37364
1362.91	-6.6372
1365.64	11.3519
1368.37	7.34088
1371.09	15.3298
1373.82	15.3186
1376.54	21.3074
1379.27	-4.70391
1381.99	1.2847
1384.72	9.27322
1387.44	7.26167
1390.16	13.25
1392.88	-10.7617
1395.6	3.22655
1398.31	23.2147
1401.03	1.20276
1403.75	5.19075
1406.46	5.17866
1409.18	7.1665
1411.89	9.15426
1414.6	15.142
1417.31	11.1296
1420.02	13.1171
1422.73	9.10458
1425.44	17.092
1428.15	13.0793
1430.85	7.06654
1433.56	-6.94628
1436.26	13.0408
1438.97	1.02786
1441.67	7.01482
1444.37	21.0017
1447.07	2.98853
1449.77	16.9753
1452.47	10.962
1455.16	2.94857
1457.86	-5.06489
1460.56	18.9216
1463.25	24.908
1465.94	-5.10568
1468.64	18.8806
1471.33	0.866785
1474.02	20.8529
1476.71	6.83898
1479.4	14.825
1482.09	14.8109
1484.77	16.7968
1487.46	12.7826
1490.14	26.7683
1492.83	18.754
1495.51	8.73956
1498.19	-1.27491
1500.87	12.7106
1503.55	8.69597
1506.23	0.681312
1508.91	8.6666
1511.59	-5.34819
1514.27	6.63697
1516.94	16.6221
1519.62	22.6071
1522.29	8.59205
1524.96	6.57695
1527.63	8.5618
1530.3	4.54658
1532.97	2.5313
1535.64	8.51596
1538.31	2.50056
1540.98	10.4851
1543.64	14.4696
1546.31	4.45401
1548.97	8.43836
1551.63	10.4227
1554.3	16.4069
1556.96	2.3911
1559.62	12.3752
1562.28	16.3593
1564.94	14.3433
1567.59	10.3273
1570.25	24.3112
1572.9	12.295
1575.56	8.27879
1578.21	8.26253
1580.86	8.2462
1583.52	8.22982
1586.17	14.2134
1588.82	-1.80311
1591.47	18.1803
1594.11	6.16375
1596.76	16.1471
1599.41	12.1304
1602.05	6.11364
1604.69	12.0968
1607.34	6.07996
1609.98	20.063
1612.62	18.0461
1615.26	18.029
1617.9	10.012
1620.54	5.99485
1623.18	3.97767
1625.81	1.96044
1628.45	1.94317
1631.08	15.9258
1633.72	3.90847
1636.35	5.89104
1638.98	-2.12644
1641.61	5.85604
1644.24	17.8385
1646.87	9.82084
1649.5	9.80316
1652.13	11.7854
1654.75	-2.23232
1657.38	5.74987
1660	13.732
1662.63	15.7141
1665.25	-2.30387
1667.87	1.67813
1670.49	19.6601
1673.11	23.642
1675.73	27.6238
1678.35	7.60566
1680.96	11.5874
1683.58	-0.430834
1686.19	-0.449158
1688.81	5.53247
1691.42	-4.48593
1694.03	1.49561
1696.64	15.4771
1699.25	25.4586
1701.87	-2.56
1704.47	7.42138
1707.08	13.4027
1709.69	9.384
1712.29	1.36525
1714.9	-10.6535
1717.5	5.32763
1720.1	1.30876
1722.71	7.28984
1725.31	5.27089
1727.91	5.25188
1730.51	5.23285
1733.1	7.21378
1735.7	17.1947
1738.3	5.1755
1740.89	-2.84369
1743.49	19.1371
1746.08	1.11781
1748.67	5.09849
1751.26	1.07916
1753.86	9.05977
1756.45	13.0403
1759.03	3.02089
1761.62	11.0014
1764.21	18.9819
1766.8	8.96229
1769.38	20.9427
1771.97	0.923033
1774.55	10.9034
1777.13	-9.11636
1779.71	8.86389
1782.29	12.8441
1784.87	4.8243
1787.45	6.80444
1790.03	8.78456
1792.61	16.7646
1795.18	2.74468
1797.76	2.72469
1800.33	8.70467
1802.9	8.68462
1805.48	12.6645
1808.05	2.64441
1810.62	-3.37574
1813.19	12.6041
1815.76	0.583854
1818.33	8.5636
1820.89	2.54332
1823.46	14.523
1826.02	14.5027
1828.59	18.4823
1831.15	4.46191
1833.71	20.4415
1836.27	10.421
1838.84	-1.59949
1841.39	12.38
1843.95	2.35944
1846.51	4.33886
1849.07	6.31826
1851.62	12.2976
1854.18	16.277
1856.73	8.25627
1859.29	16.2355
1861.84	12.2148
1864.39	8.19403
1866.94	8.17322
1869.49	24.1524
1872.04	4.13153
1874.59	8.11065
1877.13	12.0897
1879.68	10.0688
1882.22	20.0479
1884.77	8.02687
1887.31	14.0059
1889.85	1.98482
1892.39	9.96377
1894.93	11.9427
1897.47	5.92157
1900.01	-6.09956
1902.55	17.8793
1905.09	7.85811
1907.62	3.8369
1910.16	11.8157
1912.69	9.79444
1915.22	-4.22684
1917.76	-4.24813
1920.29	-0.269452
1922.82	9.70922
1925.35	5.68785
1927.88	7.66647
1930.4	-0.354933
1932.93	7.62364
1935.46	7.6022
1937.98	1.58073
1940.51	1.55924
1943.03	1.53773
1945.55	-4.48379
1948.07	11.4947
1950.59	9.4731
1953.11	-4.54849
1955.63	11.4299
1958.15	-2.59171
1960.67	3.38665
1963.18	-4.63501
1965.7	7.34331
1968.21	15.3216
1970.73	3.2999
1973.24	1.27816
1975.75	3.25642
1978.26	5.23465
1980.77	3.21287
1983.28	-2.80894
1985.79	23.1692
1988.29	3.14742
1990.8	3.12555
1993.31	15.1037
1995.81	-4.91819
1998.31	13.0599
