100.093	-2.08352
103.274	13.9721
106.457	18.0275
109.636	6.08267
112.817	22.1376
115.994	16.1922
119.172	0.246562
122.347	26.3007
125.521	2.35449
128.696	8.4081
131.868	4.46143
135.039	2.5145
138.209	14.5673
141.379	8.61992
144.547	-7.32777
147.713	-1.27571
150.879	14.7761
154.043	-1.17234
157.206	14.879
160.368	0.930036
163.529	2.98085
166.689	-0.968579
169.848	23.0817
173.006	19.1318
176.163	3.18165
179.316	11.2312
182.471	11.2806
185.625	-0.670342
188.777	-2.62148
191.927	-2.57289
195.077	11.4755
198.224	5.52359
201.372	-0.428507
204.52	9.61915
207.664	11.6665
210.809	7.71373
213.95	11.7607
217.091	5.80734
220.233	3.85382
223.372	7.90003
226.509	17.946
229.648	5.99179
232.784	4.03731
235.918	20.0826
239.051	12.1277
242.186	10.1725
245.317	20.2171
248.447	12.2615
251.577	4.30561
254.705	10.3495
257.832	14.3932
260.958	8.43667
264.083	-1.5201
267.204	4.52288
270.327	8.56567
273.449	4.60823
276.57	30.6506
279.69	24.6927
282.806	12.7346
285.924	0.776241
289.04	4.8177
292.154	6.85891
295.268	2.89993
298.379	22.9407
301.492	-1.01871
304.601	11.0216
307.711	9.06178
310.818	1.1017
313.924	11.1414
317.031	3.1809
320.135	11.2202
323.238	5.25923
326.34	1.29808
329.443	11.3367
332.543	1.37516
335.642	5.41338
338.74	1.45138
341.836	7.48918
344.932	11.5268
348.027	11.5642
351.12	-0.398673
354.213	-0.361703
357.302	17.675
360.393	-0.288402
363.482	19.748
366.57	15.7841
369.656	9.82003
372.742	-2.14422
375.827	11.8913
378.91	3.92665
381.993	3.9618
385.073	11.9967
388.154	10.0315
391.232	12.066
394.311	22.1003
397.387	10.1345
400.462	6.16841
403.536	12.2022
406.611	8.23572
409.683	4.26907
412.754	-3.69777
415.824	4.33519
418.893	12.368
421.961	-9.59945
425.027	0.432935
428.093	14.4651
431.158	8.49714
434.222	-1.47104
437.284	4.56059
440.346	-7.40797
443.407	4.62329
446.464	2.65433
449.523	6.68521
452.581	6.71591
455.635	8.7464
458.691	14.7767
461.743	10.8068
464.797	0.836804
467.847	6.86656
470.899	4.89615
473.947	-3.07445
476.994	6.95476
480.043	2.98381
483.088	5.01266
486.133	17.0413
489.176	21.0698
492.22	15.0982
495.262	1.12631
498.302	1.15427
501.341	13.1821
504.38	9.20967
507.417	-2.76289
510.453	15.2644
513.487	-2.70856
516.521	13.3184
519.554	13.3451
522.586	-0.628327
525.616	1.39806
528.646	-12.5757
531.675	11.4503
534.701	11.4762
537.729	3.50194
540.753	7.52748
543.778	11.5529
546.8	-2.42194
549.821	11.6031
552.844	17.628
555.863	-2.34731
558.881	-4.32278
561.898	7.7016
564.916	9.72582
567.932	-6.25013
570.946	-0.226243
573.959	-4.20252
576.971	7.82104
579.982	17.8444
582.993	23.8677
586	5.89075
589.008	-14.0863
592.015	7.93643
595.022	15.959
598.025	5.98147
601.029	4.00376
604.032	16.0259
607.033	6.04786
610.034	14.0697
613.032	14.0913
616.032	2.11285
619.028	14.1342
622.023	0.155386
625.018	12.1764
628.013	-5.80267
631.005	10.2181
633.997	-5.76135
636.987	18.2591
639.977	6.27938
642.965	14.2995
645.952	2.31951
648.939	2.33935
651.924	0.35904
654.909	10.3786
657.892	2.39799
660.873	-7.58277
663.854	24.4363
666.835	10.4553
669.813	12.4741
672.791	6.49279
675.767	8.51131
678.743	10.5297
681.717	8.54794
684.692	10.566
687.664	-1.416
690.634	12.6018
693.606	8.6195
696.575	14.637
699.543	22.6544
702.51	22.6717
705.475	-1.3112
708.44	2.70578
711.404	8.72263
714.367	4.73934
717.329	8.75591
720.29	10.7723
723.25	14.7887
726.207	4.80481
729.166	12.8208
732.123	6.83675
735.077	2.85251
738.032	8.86814
740.984	0.883641
743.938	24.899
746.888	18.9142
749.839	8.92936
752.788	12.9443
755.735	10.9592
758.682	14.9739
761.627	6.98849
764.574	1.00296
767.517	11.0173
770.46	13.0315
773.402	15.0456
776.342	11.0595
779.282	9.07338
782.219	-2.91292
785.157	17.1007
788.094	25.1141
791.029	17.1275
793.962	17.1407
796.896	11.1538
799.828	15.1667
802.76	7.17957
805.689	13.1923
808.619	-0.795097
811.546	13.2174
814.473	5.22975
817.4	1.242
820.324	19.2541
823.248	25.2661
826.17	5.27803
829.092	5.28981
832.012	17.3015
834.932	15.313
837.851	17.3244
840.768	9.33576
843.685	11.347
846.599	9.35804
849.514	7.36901
852.428	9.37988
855.339	1.39062
858.251	15.4013
861.16	23.4118
864.07	1.42219
866.978	13.4325
869.884	23.4427
872.792	9.45277
875.696	13.4627
878.599	9.4726
881.502	9.48236
884.404	13.492
887.304	7.50154
890.204	5.51098
893.103	7.52031
896.001	19.5295
898.898	29.5386
901.794	23.5477
904.689	17.5566
907.581	23.5654
910.474	15.5741
913.364	9.58267
916.256	17.5912
919.144	-2.40044
922.034	5.60785
924.92	17.616
927.808	17.6241
930.693	3.63212
933.576	17.64
936.459	13.6478
939.341	13.6555
942.222	21.6631
945.102	-0.329421
947.981	9.67798
950.859	11.6853
953.737	7.69248
956.613	11.6996
959.488	21.7066
962.361	11.7135
965.235	5.72035
968.105	5.72707
970.977	-6.26629
973.846	11.7402
976.716	9.7467
979.583	7.75305
982.449	13.7593
985.316	9.76549
988.18	11.7716
991.043	1.77756
993.906	7.78346
996.767	25.7893
999.628	15.795
1002.49	7.80063
1005.35	17.8062
1008.2	5.81163
1011.06	3.81699
1013.91	-0.177727
1016.77	13.8275
1019.62	5.83257
1022.48	5.8376
1025.33	5.84253
1028.18	3.84739
1031.03	1.85215
1033.87	11.8568
1036.72	-0.138565
1039.57	9.86595
1042.41	17.8704
1045.26	-2.12527
1048.1	11.879
1050.94	9.88319
1053.78	13.8873
1056.62	1.89132
1059.46	15.8953
1062.3	1.89913
1065.14	17.9029
1067.97	19.9066
1070.81	13.9102
1073.64	31.9138
1076.47	9.91727
1079.31	11.9207
1082.14	17.924
1084.97	15.9272
1087.8	11.9304
1090.63	13.9335
1093.45	9.9365
1096.28	13.9394
1099.1	15.9423
1101.93	3.94509
1104.75	19.9478
1107.57	-0.0495461
1110.39	7.95303
1113.21	17.9555
1116.03	5.95795
1118.85	11.9603
1121.66	7.96259
1124.48	21.9648
1127.3	11.9669
1130.11	7.96902
1132.92	3.97103
1135.73	3.97296
1138.54	15.9748
1141.35	19.9766
1144.16	11.9784
1146.97	-0.0199816
1149.78	-6.01839
1152.58	11.9831
1155.39	-2.0154
1158.19	-0.0139997
1161	9.98733
1163.8	5.9886
1166.6	3.9898
1169.4	13.9909
1172.2	17.992
1174.99	1.99302
1177.79	9.99396
1180.59	5.99485
1183.38	5.99567
1186.17	17.9964
1188.97	5.99712
1191.76	11.9978
1194.55	9.99833
1197.34	-2.00115
1200.13	17.9993
1202.92	9.9997
1205.7	8.00003
1208.49	14.0003
1211.27	2.00053
1214.06	6.00069
1216.84	8.00079
1219.62	10.0008
1222.4	8.00082
1225.18	10.0008
1227.96	16.0006
1230.74	-1.99955
1233.51	6.00021
1236.29	9.99992
1239.06	17.9996
1241.84	5.99918
1244.61	17.9987
1247.38	-4.00179
1250.15	11.9977
1252.92	-0.00296084
1255.69	15.9964
1258.46	9.99565
1261.23	7.99488
1263.99	7.99406
1266.76	9.99319
1269.52	1.99227
1272.28	11.9913
1275.05	-4.00973
1277.81	-0.0108052
1280.57	9.98807
1283.33	-2.0131
1286.08	11.9857
1288.84	5.98441
1291.6	-2.0169
1294.35	19.9817
1297.11	-0.019674
1299.86	3.97887
1302.61	5.97737
1305.36	-0.0241822
1308.11	15.9742
1310.86	5.97258
1313.61	-6.0291
1316.36	-6.03083
1319.1	23.9674
1321.85	7.96558
1324.59	11.9637
1327.33	17.9618
1330.08	-0.0401293
1332.82	11.9579
1335.56	13.9559
1338.3	5.95378
1341.04	11.9517
1343.77	15.9495
1346.51	13.9473
1349.25	7.94508
1351.98	1.94281
1354.71	17.9405
1357.45	23.9381
1360.18	23.9357
1362.91	9.93331
1365.64	3.93084
1368.37	23.9283
1371.09	15.9258
1373.82	15.9232
1376.54	21.9206
1379.27	-2.08207
1381.99	-0.0847641
1384.72	15.9125
1387.44	13.9097
1390.16	-0.093055
1392.88	3.90411
1395.6	17.9012
1398.31	5.89834
1401.03	7.89541
1403.75	11.8924
1406.46	7.88943
1409.18	3.8864
1411.89	21.8833
1414.6	5.88023
1417.31	1.8771
1420.02	11.8739
1422.73	13.8707
1425.44	31.8675
1428.15	13.8643
1430.85	-0.139031
1433.56	11.8577
1436.26	1.85431
1438.97	11.8509
1441.67	-0.152471
1444.37	-0.155903
1447.07	15.8406
1449.77	-0.162852
1452.47	21.8336
1455.16	1.83009
1457.86	9.82652
1460.56	19.8229
1463.25	5.81929
1465.94	5.81565
1468.64	13.812
1471.33	1.80827
1474.02	1.80454
1476.71	13.8008
1479.4	23.797
1482.09	-4.20678
1484.77	5.7894
1487.46	7.78555
1490.14	15.7817
1492.83	-8.22221
1495.51	7.77388
1498.19	7.76994
1500.87	-2.23402
1503.55	-0.238
1506.23	7.758
1508.91	3.75398
1511.59	9.74993
1514.27	9.74587
1516.94	1.74178
1519.62	7.73768
1522.29	5.73356
1524.96	17.7294
1527.63	7.72525
1530.3	15.7211
1532.97	21.7169
1535.64	5.71266
1538.31	15.7084
1540.98	11.7042
1543.64	3.69991
1546.31	9.69562
1548.97	-0.30868
1551.63	3.687
1554.3	3.68267
1556.96	15.6783
1559.62	27.674
1562.28	5.66958
1564.94	7.66519
1567.59	25.6608
1570.25	11.6564
1572.9	-0.348081
1575.56	9.64747
1578.21	-8.35699
1580.86	9.63853
1583.52	-4.36596
1586.17	-2.37046
1588.82	13.625
1591.47	15.6205
1594.11	1.61597
1596.76	1.61142
1599.41	-2.39313
1602.05	-0.397701
1604.69	15.5977
1607.34	9.59313
1609.98	21.5885
1612.62	7.58392
1615.26	13.5793
1617.9	13.5747
1620.54	13.57
1623.18	-4.4346
1625.81	13.5608
1628.45	3.55609
1631.08	25.5514
1633.72	7.54676
1636.35	-0.457924
1638.98	13.5374
1641.61	19.5327
1644.24	5.528
1646.87	11.5233
1649.5	-4.48142
1652.13	13.5139
1654.75	-0.490858
1657.38	-0.495582
1660	5.49969
1662.63	15.495
1665.25	15.4902
1667.87	15.4855
1670.49	-4.51927
1673.11	-0.524022
1675.73	15.4712
1678.35	15.4665
1680.96	1.46172
1683.58	3.45696
1686.19	1.4522
1688.81	7.44744
1691.42	1.44268
1694.03	15.4379
1696.64	19.4332
1699.25	7.42839
1701.87	-0.57638
1704.47	17.4189
1707.08	13.4141
1709.69	1.40933
1712.29	19.4046
1714.9	-0.600194
1717.5	5.39505
1720.1	11.3903
1722.71	15.3855
1725.31	13.3808
1727.91	27.376
1730.51	11.3713
1733.1	9.36654
1735.7	7.36179
1738.3	3.35705
1740.89	13.3523
1743.49	9.34759
1746.08	7.34286
1748.67	11.3381
1751.26	1.33342
1753.86	19.3287
1756.45	25.324
1759.03	9.3193
1761.62	3.3146
1764.21	-0.690085
1766.8	-0.694767
1769.38	11.3006
1771.97	7.29588
1774.55	23.2912
1777.13	5.28657
1779.71	-4.71808
1782.29	1.27728
1784.87	5.27265
1787.45	19.268
1790.03	13.2634
1792.61	11.2588
1795.18	15.2542
1797.76	-8.75039
1800.33	19.245
1802.9	25.2405
1805.48	9.23591
1808.05	7.23136
1810.62	3.22682
1813.19	5.22229
1815.76	11.2178
1818.33	13.2133
1820.89	-0.791226
1823.46	3.20429
1826.02	5.19982
1828.59	21.1954
1831.15	7.19092
1833.71	-8.81352
1836.27	11.1821
1838.84	9.17766
1841.39	15.1733
1843.95	7.16888
1846.51	25.1645
1849.07	3.16017
1851.62	7.15583
1854.18	15.1515
1856.73	11.1472
1859.29	11.1429
1861.84	15.1386
1864.39	-0.865642
1866.94	1.13011
1869.49	7.12588
1872.04	15.1217
1874.59	1.11746
1877.13	11.1133
1879.68	-2.89088
1882.22	3.10497
1884.77	5.10083
1887.31	17.0967
1889.85	17.0926
1892.39	11.0885
1894.93	7.08449
1897.47	11.0804
1900.01	15.0764
1902.55	5.07241
1905.09	15.0684
1907.62	-2.93554
1910.16	1.06052
1912.69	15.0566
1915.22	25.0527
1917.76	3.0488
1920.29	-0.955071
1922.82	17.0411
1925.35	9.03726
1927.88	23.0335
1930.4	9.02967
1932.93	3.02591
1935.46	19.0222
1937.98	15.0185
1940.51	9.01476
1943.03	-2.98892
1945.55	-0.992566
1948.07	-0.996195
1950.59	9.0002
1953.11	2.99662
1955.63	14.9931
1958.15	14.9895
1960.67	12.986
1963.18	10.9825
1965.7	10.9791
1968.21	12.9756
1970.73	14.9722
1973.24	10.9688
1975.75	22.9655
1978.26	6.96212
1980.77	4.95881
1983.28	6.95552
1985.79	10.9523
1988.29	0.94903
1990.8	0.945819
1993.31	2.94264
1995.81	10.9395
1998.31	4.93636
