100.093	20.4704
103.274	4.57536
106.457	6.67983
109.636	6.78368
112.817	-11.1129
115.994	6.98984
119.172	3.09215
122.347	5.19385
125.521	5.29502
128.696	9.39572
131.868	7.49582
135.039	3.5954
138.209	9.69444
141.379	17.793
144.547	9.89102
147.713	19.9885
150.879	0.0854379
154.043	14.1819
157.206	-1.72222
160.368	6.37317
163.529	0.468047
166.689	4.56241
169.848	8.65626
173.006	10.7496
176.163	0.842437
179.316	-3.0653
182.471	5.02652
185.625	21.1178
188.777	3.20865
191.927	3.2989
195.077	13.3887
198.224	7.47796
201.372	-10.4332
204.52	11.6551
207.664	15.7429
210.809	7.83021
213.95	-0.0830023
217.091	16.0033
220.233	20.0892
223.372	2.1745
226.509	10.2593
229.648	6.34376
232.784	-3.57236
235.918	2.51104
239.051	20.594
242.186	12.6765
245.317	4.75845
248.447	18.8399
251.577	12.921
254.705	1.00153
257.832	27.0816
260.958	3.16125
264.083	3.24041
267.204	7.31905
270.327	7.39728
273.449	7.47505
276.57	3.55236
279.69	1.62921
282.806	1.70556
285.924	1.7815
289.04	19.857
292.154	3.93197
295.268	14.0066
298.379	10.0806
301.492	16.1543
304.601	8.22752
307.711	30.3003
310.818	-5.62738
313.924	-5.55552
317.031	20.516
320.135	12.5869
323.238	4.65748
326.34	8.72759
329.443	4.79732
332.543	6.86656
335.642	10.9354
338.74	21.0038
341.836	-6.92829
344.932	7.13923
348.027	5.20634
351.12	17.273
354.213	-8.66073
357.302	19.4051
360.393	15.4705
363.482	7.53546
366.57	3.60004
369.656	13.6642
372.742	9.7279
375.827	7.79123
378.91	5.85411
381.993	17.9166
385.073	19.9787
388.154	14.0404
391.232	16.1016
394.311	6.16252
397.387	6.22296
400.462	4.283
403.536	2.34264
406.611	-1.59808
409.683	4.46077
412.754	-3.48079
415.824	24.5773
418.893	-1.36507
421.961	-5.3078
425.027	14.7491
428.093	14.8056
431.158	8.86166
434.222	18.9174
437.284	6.97271
440.346	7.02766
443.407	7.08222
446.464	3.13637
449.523	13.1902
452.581	-0.756404
455.635	15.2966
458.691	7.34928
461.743	3.40154
464.797	33.4535
467.847	11.505
470.899	-4.44383
473.947	5.60696
476.994	3.65737
480.043	9.70745
483.088	1.75713
486.133	11.8065
489.176	11.8554
492.22	7.90404
495.262	13.9523
498.302	14.0002
501.341	14.0477
504.38	-3.90515
507.417	14.1417
510.453	8.18812
513.487	12.2342
516.521	2.27996
519.554	4.32537
522.586	4.37043
525.616	4.41511
528.646	10.4595
531.675	14.5035
534.701	0.547166
537.729	14.5905
540.753	18.6335
543.778	0.676148
546.8	0.718445
549.821	12.7604
552.844	18.8021
555.863	2.84336
558.881	-1.11568
561.898	4.92495
564.916	6.96528
567.932	9.00525
570.946	-8.9551
573.959	1.08422
576.971	7.12322
579.982	-2.83811
582.993	11.2002
586	9.23825
589.008	13.276
592.015	-2.68665
595.022	9.35042
598.025	17.3872
601.029	-2.5764
604.032	21.4597
607.033	19.4955
610.034	7.53103
613.032	-0.433791
616.032	25.6011
619.028	1.63566
622.023	9.66991
625.018	1.70386
628.013	13.7375
631.005	-0.229131
633.997	15.8039
636.987	11.8367
639.977	11.8691
642.965	3.90124
645.952	1.93309
648.939	9.96465
651.924	7.99591
654.909	24.0269
657.892	16.0576
660.873	2.08792
663.854	14.118
666.835	20.1478
669.813	22.1773
672.791	4.20657
675.767	8.2355
678.743	-3.73583
681.717	16.2925
684.692	-3.67935
687.664	12.3485
690.634	16.376
693.606	4.40326
696.575	6.43023
699.543	6.45694
702.51	18.4834
705.475	4.50952
708.44	10.5354
711.404	4.56102
714.367	10.5864
717.329	10.6114
720.29	18.6363
723.25	14.6608
726.207	12.6851
729.166	36.7091
732.123	-1.26716
735.077	10.7563
738.032	6.77956
740.984	18.8025
743.938	12.8252
746.888	2.84768
749.839	2.86989
752.788	12.8918
755.735	10.9135
758.682	-1.06506
761.627	16.9561
764.574	6.97707
767.517	6.99776
770.46	1.01819
773.402	13.0384
776.342	15.0583
779.282	1.07803
782.219	5.09747
785.157	11.1167
788.094	21.1357
791.029	31.1544
793.962	9.17288
796.896	13.1911
799.828	23.2092
802.76	13.2269
805.689	15.2445
808.619	7.2618
811.546	7.27888
814.473	19.2957
817.4	5.31235
820.324	13.3287
823.248	7.3449
826.17	9.36084
829.092	21.3765
832.012	21.392
834.932	11.4073
837.851	11.4223
840.768	5.43714
843.685	11.4517
846.599	21.4661
849.514	15.4803
852.428	15.4942
855.339	19.5079
858.251	9.52144
861.16	33.5347
864.07	13.5478
866.978	13.5607
869.884	13.5733
872.792	9.58578
875.696	17.598
878.599	-0.389949
881.502	19.6219
884.404	19.6335
887.304	19.6449
890.204	7.65611
893.103	19.6671
896.001	15.6779
898.898	17.6885
901.794	15.6989
904.689	-2.29085
907.581	11.7192
910.474	27.729
913.364	3.73858
916.256	21.748
919.144	11.7572
922.034	-0.233726
924.92	3.77512
927.808	7.78378
930.693	13.7922
933.576	23.8005
936.459	17.8086
939.341	9.81651
942.222	9.82423
945.102	21.8318
947.981	3.83912
950.859	15.8463
953.737	3.85328
956.613	17.8601
959.488	7.86672
962.361	21.8732
965.235	19.8794
968.105	17.8855
970.977	-0.108544
973.846	11.8972
976.716	15.9028
979.583	17.9082
982.449	23.9134
985.316	7.91847
988.18	7.92336
991.043	-0.0719187
993.906	5.93264
996.767	3.93702
999.628	-2.05875
1002.49	11.9453
1005.35	5.9492
1008.2	19.9529
1011.06	-4.0435
1013.91	-6.04009
1016.77	15.9632
1019.62	13.9663
1022.48	7.96919
1025.33	13.972
1028.18	11.9746
1031.03	15.977
1033.87	25.9794
1036.72	11.9815
1039.57	-0.0164752
1042.41	9.98538
1045.26	1.98708
1048.1	17.9886
1050.94	1.99005
1053.78	1.99131
1056.62	13.9924
1059.46	-0.00661069
1062.3	5.99421
1065.14	31.9949
1067.97	5.99543
1070.81	13.9958
1073.64	13.9961
1076.47	9.99619
1079.31	19.9962
1082.14	5.996
1084.97	7.9957
1087.8	-4.00473
1090.63	13.9947
1093.45	13.994
1096.28	37.9931
1099.1	-4.00783
1101.93	13.9911
1104.75	11.9898
1107.57	19.9885
1110.39	17.987
1113.21	19.9853
1116.03	7.9836
1118.85	17.9817
1121.66	17.9797
1124.48	1.97759
1127.3	7.97534
1130.11	1.97297
1132.92	3.97047
1135.73	7.96786
1138.54	21.9651
1141.35	9.96226
1144.16	3.95929
1146.97	17.9562
1149.78	15.953
1152.58	3.94966
1155.39	13.9462
1158.19	3.94267
1161	11.939
1163.8	15.9352
1166.6	1.93133
1169.4	9.92733
1172.2	1.92322
1174.99	23.919
1177.79	-0.0853275
1180.59	7.91024
1183.38	-10.0943
1186.17	7.90105
1188.97	9.8963
1191.76	-10.1086
1194.55	9.88648
1197.34	1.88142
1200.13	1.87626
1202.92	-2.129
1205.7	9.86564
1208.49	5.86018
1211.27	-2.14538
1214.06	-2.15103
1216.84	7.84322
1219.62	13.8374
1222.4	11.8314
1225.18	15.8254
1227.96	11.8193
1230.74	7.81305
1233.51	21.8067
1236.29	13.8003
1239.06	-2.20616
1241.84	13.7873
1244.61	9.7806
1247.38	1.77384
1250.15	15.767
1252.92	21.7601
1255.69	11.7531
1258.46	13.746
1261.23	23.7388
1263.99	9.73153
1266.76	9.72419
1269.52	19.7168
1272.28	9.70927
1275.05	13.7017
1277.81	7.69403
1280.57	13.6863
1283.33	-0.321524
1286.08	9.67059
1288.84	1.66262
1291.6	5.65458
1294.35	13.6465
1297.11	9.63829
1299.86	23.63
1302.61	-6.3783
1305.36	-0.386694
1308.11	13.6048
1310.86	13.5963
1313.61	13.5877
1316.36	11.579
1319.1	7.57029
1321.85	-0.438516
1324.59	19.5526
1327.33	-0.456317
1330.08	17.5347
1332.82	25.5256
1335.56	5.51651
1338.3	21.5073
1341.04	15.4981
1343.77	13.4888
1346.51	15.4794
1349.25	11.47
1351.98	11.4605
1354.71	17.451
1357.45	15.4414
1360.18	13.4318
1362.91	17.4221
1365.64	5.41232
1368.37	17.4025
1371.09	9.39266
1373.82	3.38275
1376.54	15.3728
1379.27	-2.63721
1381.99	3.35273
1384.72	-0.657372
1387.44	23.3325
1390.16	21.3223
1392.88	11.312
1395.6	13.3017
1398.31	5.29141
1401.03	3.28103
1403.75	-12.7294
1406.46	15.2601
1409.18	-0.750362
1411.89	3.23909
1414.6	17.2285
1417.31	7.21788
1420.02	21.2072
1422.73	7.19651
1425.44	25.1858
1428.15	-0.825007
1430.85	-0.835824
1433.56	11.1533
1436.26	7.14244
1438.97	-0.868473
1441.67	23.1206
1444.37	3.1096
1447.07	-4.90142
1449.77	13.0875
1452.47	9.07646
1455.16	5.06535
1457.86	25.0542
1460.56	3.04305
1463.25	19.0319
1465.94	15.0206
1468.64	3.0094
1471.33	24.9981
1474.02	14.9868
1476.71	10.9755
1479.4	8.96418
1482.09	16.9528
1484.77	12.9414
1487.46	4.93002
1490.14	6.9186
1492.83	12.9071
1495.51	14.8957
1498.19	14.8842
1500.87	10.8727
1503.55	-1.13883
1506.23	0.84963
1508.91	10.8381
1511.59	10.8265
1514.27	4.81493
1516.94	8.80333
1519.62	14.7917
1522.29	8.78009
1524.96	-1.23154
1527.63	6.75681
1530.3	16.7452
1532.97	16.7335
1535.64	8.72181
1538.31	12.7101
1540.98	2.69843
1543.64	14.6867
1546.31	14.675
1548.97	6.66331
1551.63	8.65159
1554.3	6.63986
1556.96	8.62814
1559.62	8.61641
1562.28	14.6047
1564.94	8.59294
1567.59	14.5812
1570.25	2.56946
1572.9	14.5577
1575.56	22.546
1578.21	2.53425
1580.86	10.5225
1583.52	10.5108
1586.17	-1.50095
1588.82	14.4873
1591.47	2.4756
1594.11	18.4639
1596.76	0.45217
1599.41	-5.55954
1602.05	4.42877
1604.69	12.4171
1607.34	-1.59461
1609.98	16.3937
1612.62	8.38204
1615.26	8.37038
1617.9	8.35874
1620.54	0.347098
1623.18	16.3355
1625.81	-5.67614
1628.45	8.31226
1631.08	8.30068
1633.72	10.2891
1636.35	8.27755
1638.98	14.266
1641.61	8.25448
1644.24	12.243
1646.87	-1.76852
1649.5	8.22
1652.13	12.2086
1654.75	10.1971
1657.38	10.1857
1660	12.1743
1662.63	8.16292
1665.25	6.15155
1667.87	12.1402
1670.49	10.1289
1673.11	8.11762
1675.73	4.10635
1678.35	6.09511
1680.96	10.0839
1683.58	0.0727077
1686.19	6.06154
1688.81	4.0504
1691.42	6.03929
1694.03	10.0282
1696.64	12.0171
1699.25	20.0061
1701.87	3.99512
1704.47	11.9841
1707.08	13.9732
1709.69	-0.0376946
1712.29	5.95143
1714.9	-4.05941
1717.5	1.92978
1720.1	-2.081
1722.71	1.90826
1725.31	-0.102449
1727.91	1.88687
1730.51	7.87624
1733.1	1.86564
1735.7	9.85507
1738.3	5.84454
1740.89	11.8341
1743.49	29.8236
1746.08	-6.18681
1748.67	3.80281
1751.26	11.7925
1753.86	13.7822
1756.45	3.77194
1759.03	15.7617
1761.62	9.75156
1764.21	15.7414
1766.8	13.7314
1769.38	15.7213
1771.97	11.7113
1774.55	-0.298628
1777.13	7.69147
1779.71	21.6816
1782.29	5.67181
1784.87	13.662
1787.45	23.6523
1790.03	23.6427
1792.61	7.63303
1795.18	-2.37653
1797.76	17.6139
1800.33	15.6045
1802.9	3.59506
1805.48	31.5857
1808.05	19.5764
1810.62	-0.432893
1813.19	11.5579
1815.76	11.5487
1818.33	-0.46037
1820.89	3.53058
1823.46	21.5216
1826.02	17.5126
1828.59	17.5038
1831.15	7.49494
1833.71	7.48616
1836.27	11.4775
1838.84	15.4688
1841.39	11.4602
1843.95	-0.548336
1846.51	15.4432
1849.07	13.4348
1851.62	13.4264
1854.18	5.41812
1856.73	9.40988
1859.29	5.40171
1861.84	9.3936
1864.39	7.38555
1866.94	1.37757
1869.49	9.36965
1872.04	1.36179
1874.59	1.354
1877.13	1.34628
1879.68	11.3386
1882.22	7.33103
1884.77	19.3235
1887.31	-0.683956
1889.85	9.30865
1892.39	-0.698668
1894.93	3.29408
1897.47	7.28689
1900.01	13.2798
1902.55	25.2727
1905.09	5.26576
1907.62	21.2589
1910.16	9.25204
1912.69	13.2453
1915.22	15.2386
1917.76	3.23198
1920.29	7.22544
1922.82	9.21898
1925.35	19.2126
1927.88	5.20628
1930.4	9.20004
1932.93	5.19388
1935.46	11.1878
1937.98	-2.81822
1940.51	15.1758
1943.03	13.17
1945.55	9.16422
1948.07	15.1585
1950.59	1.15291
1953.11	13.1474
1955.63	13.1419
1958.15	31.1365
1960.67	-2.86876
1963.18	-0.873975
1965.7	11.1209
1968.21	-2.88416
1970.73	15.1109
1973.24	11.106
1975.75	1.10119
1978.26	7.09647
1980.77	13.0918
1983.28	19.0873
1985.79	5.08284
1988.29	11.0785
1990.8	3.07417
1993.31	17.07
1995.81	-6.93414
1998.31	-0.938168
