100.093	3.53869
103.274	23.5986
106.457	9.65817
109.636	7.71744
112.817	7.77644
115.994	27.8351
119.172	15.8935
122.347	17.9516
125.521	-1.99068
128.696	10.0668
131.868	14.124
135.039	24.1809
138.209	6.23743
141.379	8.29374
144.547	6.34972
147.713	12.4054
150.879	16.4608
154.043	4.51589
157.206	18.5707
160.368	6.62521
163.529	2.67944
166.689	12.7334
169.848	18.787
173.006	6.84036
176.163	22.8934
179.316	10.9462
182.471	2.99866
185.625	3.05086
188.777	1.10278
191.927	13.1544
195.077	21.2057
198.224	13.2568
201.372	-4.69246
204.52	-2.64196
207.664	7.40822
210.809	15.4582
213.95	9.50778
217.091	7.55712
220.233	1.60621
223.372	1.655
226.509	11.7035
229.648	9.75177
232.784	17.7997
235.918	15.8474
239.051	17.8948
242.186	9.94196
245.317	9.98881
248.447	12.0354
251.577	26.0817
254.705	-1.87227
257.832	-1.8265
260.958	16.219
264.083	0.264213
267.204	12.3091
270.327	4.35382
273.449	20.3982
276.57	18.4424
279.69	6.48627
282.806	0.529858
285.924	14.5732
289.04	-1.38371
292.154	12.6591
295.268	0.701644
298.379	4.74391
301.492	14.7859
304.601	8.82768
307.711	-7.13081
310.818	10.9104
313.924	22.9514
317.031	12.9921
320.135	23.0325
323.238	9.07273
326.34	19.1127
329.443	19.1524
332.543	35.1918
335.642	5.23093
338.74	19.2698
341.836	3.30848
344.932	27.3469
348.027	1.38502
351.12	17.4229
354.213	9.46055
357.302	3.49791
360.393	19.535
363.482	-0.428066
366.57	13.6086
369.656	3.64493
372.742	1.68107
375.827	3.71697
378.91	-0.247412
381.993	7.78799
385.073	3.82312
388.154	7.85802
391.232	27.8927
394.311	25.9271
397.387	1.96124
400.462	1.99514
403.536	0.0288127
406.611	16.0623
409.683	4.09545
412.754	18.1284
415.824	-3.8389
418.893	22.1936
421.961	-3.77421
425.027	-3.74222
428.093	0.289531
431.158	14.321
434.222	16.3523
437.284	2.38337
440.346	10.4142
443.407	14.4447
446.464	18.4751
449.523	6.50517
452.581	8.53505
455.635	-1.43533
458.691	16.5941
461.743	0.623235
464.797	4.65218
467.847	14.6809
470.899	0.70937
473.947	0.737611
476.994	2.76562
480.043	16.7934
483.088	12.821
486.133	6.84832
489.176	6.87542
492.22	-1.09768
495.262	4.92898
498.302	8.95541
501.341	8.98162
504.38	-0.992398
507.417	21.0334
510.453	1.05891
513.487	9.08421
516.521	7.10931
519.554	-2.86581
522.586	9.15884
525.616	17.1833
528.646	-4.79251
531.675	-6.76851
534.701	25.2553
537.729	5.27883
540.753	5.30217
543.778	11.3253
546.8	-0.651791
549.821	7.3709
552.844	19.3934
555.863	3.41566
558.881	-0.562292
561.898	1.45955
564.916	7.48119
567.932	3.5026
570.946	17.5238
573.959	-0.455199
576.971	-4.43441
579.982	-0.413839
582.993	1.60653
586	7.62667
589.008	-4.35338
592.015	29.6664
595.022	9.68591
598.025	7.70522
601.029	7.72435
604.032	7.74327
607.033	1.76198
610.034	17.7805
613.032	3.79879
616.032	3.81689
619.028	9.83478
622.023	7.85248
625.018	23.87
628.013	1.88727
631.005	-6.09564
633.997	9.92124
636.987	19.9379
639.977	7.95443
642.965	9.97072
645.952	5.98682
648.939	10.0027
651.924	2.01842
654.909	6.03393
657.892	10.0492
660.873	2.06435
663.854	20.0793
666.835	8.094
669.813	2.10853
672.791	24.1229
675.767	8.13701
678.743	10.151
681.717	6.16473
684.692	0.178302
687.664	26.1917
690.634	10.2049
693.606	26.2179
696.575	0.230684
699.543	12.2433
702.51	20.2557
705.475	4.26799
708.44	2.28005
711.404	16.2919
714.367	14.3036
717.329	10.3151
720.29	2.32643
723.25	20.3376
726.207	14.3485
729.166	16.3593
732.123	0.369859
735.077	6.38025
738.032	2.39048
740.984	14.4005
743.938	12.4104
746.888	6.42004
749.839	2.42954
752.788	22.4389
755.735	8.44798
758.682	10.4569
761.627	18.4657
764.574	6.47433
767.517	6.48275
770.46	4.491
773.402	14.4991
776.342	20.507
779.282	10.5147
782.219	-7.47776
785.157	24.5296
788.094	12.5368
791.029	8.54384
793.962	24.5507
796.896	10.5574
799.828	16.5639
802.76	18.5702
805.689	4.57639
808.619	24.5824
811.546	8.58822
814.473	4.59388
817.4	22.5994
820.324	26.6047
823.248	12.6098
826.17	30.6148
829.092	10.6197
832.012	18.6243
834.932	6.6288
837.851	-3.36688
840.768	14.6373
843.685	18.6413
846.599	26.6451
849.514	22.6488
852.428	34.6523
855.339	14.6556
858.251	2.65879
861.16	22.6618
864.07	4.66466
866.978	10.6674
869.884	22.6699
872.792	10.6723
875.696	6.67448
878.599	10.6765
881.502	14.6784
884.404	24.6802
887.304	4.68176
890.204	22.6832
893.103	22.6845
896.001	14.6856
898.898	4.68652
901.794	4.68732
904.689	20.688
907.581	10.6885
910.474	4.6888
913.364	10.689
916.256	12.689
919.144	24.6889
922.034	8.68863
924.92	16.6882
927.808	10.6876
930.693	24.6869
933.576	2.68604
936.459	4.68501
939.341	10.6838
942.222	6.68252
945.102	0.681045
947.981	0.679426
950.859	12.6777
953.737	-3.32425
956.613	18.6737
959.488	10.6715
962.361	6.66913
965.235	16.6666
968.105	4.66399
970.977	4.6612
973.846	18.6583
976.716	20.6552
979.583	16.652
982.449	-7.35138
985.316	10.6451
988.18	4.64147
991.043	16.6377
993.906	12.6338
996.767	6.62969
999.628	8.62549
1002.49	22.6211
1005.35	8.61665
1008.2	8.61203
1011.06	0.607267
1013.91	10.6024
1016.77	16.5973
1019.62	6.59215
1022.48	30.5868
1025.33	18.5814
1028.18	10.5758
1031.03	18.5701
1033.87	-1.43577
1036.72	0.558241
1039.57	8.55212
1042.41	10.5459
1045.26	20.5395
1048.1	14.533
1050.94	20.5263
1053.78	16.5195
1056.62	4.51259
1059.46	10.5055
1062.3	14.4984
1065.14	2.49105
1067.97	14.4836
1070.81	10.476
1073.64	0.468332
1076.47	14.4605
1079.31	18.4525
1082.14	-1.55554
1084.97	10.4362
1087.8	24.4279
1090.63	24.4194
1093.45	22.4109
1096.28	32.4021
1099.1	20.3933
1101.93	8.38432
1104.75	-5.62477
1107.57	14.366
1110.39	30.3567
1113.21	0.347209
1116.03	4.33762
1118.85	4.32791
1121.66	20.3181
1124.48	12.3081
1127.3	8.29805
1130.11	0.287847
1132.92	8.27753
1135.73	24.2671
1138.54	10.2565
1141.35	10.2459
1144.16	6.23506
1146.97	8.22415
1149.78	8.21312
1152.58	18.202
1155.39	0.190704
1158.19	12.1793
1161	4.16781
1163.8	14.1562
1166.6	16.1445
1169.4	16.1326
1172.2	6.12065
1174.99	-7.89143
1177.79	12.0964
1180.59	6.08407
1183.38	0.0716567
1186.17	0.0591164
1188.97	16.0465
1191.76	-1.96629
1194.55	6.02084
1197.34	14.0079
1200.13	7.99476
1202.92	1.98156
1205.7	15.9683
1208.49	7.95482
1211.27	7.94128
1214.06	-0.0723545
1216.84	7.91389
1219.62	5.90003
1222.4	-8.11395
1225.18	11.872
1227.96	9.8578
1230.74	9.8435
1233.51	13.8291
1236.29	15.8146
1239.06	13.8
1241.84	1.78527
1244.61	-0.229555
1247.38	21.7555
1250.15	7.74049
1252.92	1.72535
1255.69	11.7101
1258.46	7.69478
1261.23	7.67932
1263.99	13.6638
1266.76	9.64812
1269.52	25.6324
1272.28	5.61653
1275.05	7.60056
1277.81	15.5845
1280.57	3.56835
1283.33	1.5521
1286.08	7.53574
1288.84	5.51928
1291.6	5.50273
1294.35	27.4861
1297.11	7.46933
1299.86	13.4525
1302.61	-0.564477
1305.36	3.41849
1308.11	3.40134
1310.86	7.38411
1313.61	3.36678
1316.36	9.34934
1319.1	17.3318
1321.85	7.3142
1324.59	13.2965
1327.33	11.2787
1330.08	7.26077
1332.82	15.2428
1335.56	15.2247
1338.3	13.2065
1341.04	7.18823
1343.77	13.1699
1346.51	9.1514
1349.25	23.1328
1351.98	15.1142
1354.71	13.0955
1357.45	3.07665
1360.18	5.05774
1362.91	3.03872
1365.64	-2.98037
1368.37	7.00045
1371.09	20.9812
1373.82	16.9618
1376.54	10.9424
1379.27	-1.07716
1381.99	8.90322
1384.72	22.8835
1387.44	10.8637
1390.16	14.8438
1392.88	6.82386
1395.6	26.8038
1398.31	6.78366
1401.03	8.76344
1403.75	14.7431
1406.46	12.7227
1409.18	6.70224
1411.89	10.6817
1414.6	8.66103
1417.31	12.6403
1420.02	-1.3805
1422.73	10.5986
1425.44	10.5776
1428.15	6.55657
1430.85	6.53543
1433.56	-1.48579
1436.26	4.4929
1438.97	12.4715
1441.67	18.4501
1444.37	22.4285
1447.07	18.4069
1449.77	30.3852
1452.47	-1.63657
1455.16	6.34157
1457.86	10.3196
1460.56	8.29762
1463.25	18.2755
1465.94	10.2534
1468.64	22.2311
1471.33	6.2088
1474.02	8.18639
1476.71	14.1639
1479.4	-5.85863
1482.09	4.11874
1484.77	2.09605
1487.46	6.07327
1490.14	18.0504
1492.83	8.0275
1495.51	14.0045
1498.19	9.98143
1500.87	1.9583
1503.55	-8.06492
1506.23	-2.08821
1508.91	7.88844
1511.59	5.865
1514.27	21.8415
1516.94	13.8179
1519.62	15.7943
1522.29	1.77056
1524.96	7.74678
1527.63	13.7229
1530.3	1.699
1532.97	1.675
1535.64	3.65094
1538.31	7.6268
1540.98	9.60261
1543.64	5.57834
1546.31	13.554
1548.97	-4.4704
1551.63	3.50513
1554.3	17.4806
1556.96	11.456
1559.62	11.4313
1562.28	13.4066
1564.94	-2.61822
1567.59	-2.64309
1570.25	-2.66802
1572.9	15.307
1575.56	1.28191
1578.21	11.2568
1580.86	1.2316
1583.52	23.2063
1586.17	9.18103
1588.82	17.1556
1591.47	3.1302
1594.11	1.1047
1596.76	29.0791
1599.41	5.05351
1602.05	5.02782
1604.69	15.0021
1607.34	2.97625
1609.98	6.95038
1612.62	12.9244
1615.26	10.8984
1617.9	2.8724
1620.54	14.8463
1623.18	10.8201
1625.81	6.79387
1628.45	-5.23241
1631.08	14.7412
1633.72	4.71484
1636.35	0.688382
1638.98	12.6619
1641.61	16.6353
1644.24	10.6086
1646.87	12.582
1649.5	10.5552
1652.13	10.5284
1654.75	4.50154
1657.38	-1.52537
1660	10.4477
1662.63	12.4206
1665.25	2.39354
1667.87	4.36641
1670.49	6.33923
1673.11	0.311985
1675.73	4.28469
1678.35	-3.74266
1680.96	2.22993
1683.58	14.2025
1686.19	0.174981
1688.81	16.1474
1691.42	2.11981
1694.03	2.09214
1696.64	10.0644
1699.25	-7.96332
1701.87	-1.99115
1704.47	7.98099
1707.08	5.95307
1709.69	13.9251
1712.29	19.8971
1714.9	11.869
1717.5	13.8409
1720.1	11.8128
1722.71	-2.21546
1725.31	5.75629
1727.91	3.72797
1730.51	11.6996
1733.1	11.6712
1735.7	3.64276
1738.3	-6.38573
1740.89	1.58573
1743.49	-2.44286
1746.08	9.5285
1748.67	11.4998
1751.26	15.4711
1753.86	7.44233
1756.45	5.4135
1759.03	11.3846
1761.62	3.35573
1764.21	-0.673214
1766.8	-0.702203
1769.38	5.26876
1771.97	5.23966
1774.55	7.21054
1777.13	9.18137
1779.71	11.1522
1782.29	9.12292
1784.87	15.0936
1787.45	13.0643
1790.03	11.0349
1792.61	17.0055
1795.18	20.976
1797.76	-7.0535
1800.33	2.91696
1802.9	2.88738
1805.48	10.8578
1808.05	4.8281
1810.62	0.798389
1813.19	14.7686
1815.76	-1.26114
1818.33	4.70903
1820.89	20.6792
1823.46	16.6493
1826.02	6.61932
1828.59	0.589358
1831.15	4.55935
1833.71	12.5293
1836.27	8.4992
1838.84	0.469079
1841.39	16.4389
1843.95	20.4087
1846.51	0.378483
1849.07	14.3482
1851.62	2.31792
1854.18	0.287568
1856.73	16.2572
1859.29	4.22678
1861.84	10.1963
1864.39	12.1659
1866.94	-7.86466
1869.49	6.10479
1872.04	10.0742
1874.59	0.0435939
1877.13	2.01294
1879.68	-0.0177225
1882.22	11.9516
1884.77	9.9208
1887.31	13.89
1889.85	5.85921
1892.39	27.8284
1894.93	23.7975
1897.47	15.7666
1900.01	1.73565
1902.55	9.70468
1905.09	5.67368
1907.62	5.64265
1910.16	3.61161
1912.69	13.5805
1915.22	7.54939
1917.76	11.5183
1920.29	13.4871
1922.82	15.4559
1925.35	13.4246
1927.88	-0.606645
1930.4	13.3621
1932.93	21.3307
1935.46	7.2994
1937.98	3.26802
1940.51	1.23661
1943.03	11.2052
1945.55	1.17373
1948.07	9.14224
1950.59	9.11074
1953.11	11.0792
1955.63	3.04763
1958.15	15.0161
1960.67	18.9844
1963.18	4.9528
1965.7	0.921137
1968.21	0.889446
1970.73	8.85773
1973.24	4.82598
1975.75	16.7942
1978.26	-9.23756
1980.77	2.73064
1983.28	12.6988
1985.79	2.66694
1988.29	0.635064
1990.8	10.6031
1993.31	2.57122
1995.81	-5.46073
1998.31	12.5073
