100.093	22.9087
103.274	14.8034
106.457	20.6987
109.636	40.5947
112.817	38.4912
115.994	42.3885
119.172	14.2863
122.347	8.18476
125.521	10.0839
128.696	19.9835
131.868	19.8839
135.039	15.7848
138.209	9.68641
141.379	33.5885
144.547	29.4913
147.713	15.3947
150.879	15.2987
154.043	23.2032
157.206	15.1084
160.368	25.0142
163.529	20.9205
166.689	14.8275
169.848	-3.26497
173.006	24.6432
176.163	20.5519
179.316	20.4612
182.471	22.3711
185.625	20.2815
188.777	16.1925
191.927	18.1041
195.077	26.0163
198.224	9.92904
201.372	3.84231
204.52	9.75614
207.664	3.67059
210.809	1.58554
213.95	3.5011
217.091	27.4172
220.233	3.33382
223.372	9.25103
226.509	19.1688
229.648	15.087
232.784	23.0059
235.918	22.9252
239.051	14.8451
242.186	8.76553
245.317	20.6865
248.447	22.608
251.577	12.53
254.705	6.4526
257.832	18.3757
260.958	14.2993
264.083	14.2234
267.204	14.1481
270.327	20.0732
273.449	17.9989
276.57	-14.075
279.69	25.8517
282.806	5.77895
285.924	5.70663
289.04	5.63481
292.154	3.56354
295.268	-2.50728
298.379	9.42244
301.492	13.3526
304.601	13.2833
307.711	5.21445
310.818	5.14612
313.924	13.0783
317.031	5.01087
320.135	-1.05602
323.238	12.8776
326.34	26.8116
329.443	12.7461
332.543	12.6811
335.642	-13.3834
338.74	8.55257
341.836	10.489
344.932	8.42585
348.027	22.3632
351.12	2.30097
354.213	16.2392
357.302	4.17795
360.393	32.1171
363.482	4.0567
366.57	13.9967
369.656	5.93727
372.742	15.8782
375.827	-10.1804
378.91	23.7614
381.993	9.70368
385.073	21.6464
388.154	15.5895
391.232	7.53312
394.311	3.4771
397.387	13.4215
400.462	-4.63359
403.536	-0.688303
406.611	7.25737
409.683	-0.7965
412.754	9.15005
415.824	-6.90299
418.893	23.0444
421.961	8.99216
425.027	4.94035
428.093	2.88895
431.158	-5.16205
434.222	-3.21264
437.284	16.7372
440.346	2.68736
443.407	12.638
446.464	-7.41101
449.523	-1.45962
452.581	8.49216
455.635	14.4444
458.691	2.39691
461.743	-9.65012
464.797	6.3032
467.847	16.2569
470.899	8.21101
473.947	6.1655
476.994	-3.87964
480.043	32.0756
483.088	14.0312
486.133	9.98715
489.176	1.94349
492.22	5.90017
495.262	-2.14276
498.302	1.81467
501.341	29.7725
504.38	-4.26939
507.417	13.6891
510.453	3.64797
513.487	15.6072
516.521	13.5668
519.554	11.5267
522.586	7.48693
525.616	1.44755
528.646	5.40849
531.675	-0.630226
534.701	1.33142
537.729	3.29338
540.753	25.2557
543.778	17.2183
546.8	21.1813
549.821	11.1446
552.844	11.1082
555.863	3.07218
558.881	-6.96353
561.898	3.00108
564.916	8.96598
567.932	4.93123
570.946	16.8968
573.959	10.8627
576.971	0.828854
579.982	0.795354
582.993	12.7622
586	2.7293
589.008	6.69672
592.015	6.66445
595.022	-1.36752
598.025	0.600824
601.029	8.56945
604.032	8.53837
607.033	10.5076
610.034	6.47712
613.032	18.4469
616.032	12.417
619.028	10.3874
622.023	-7.64189
625.018	18.3291
628.013	4.3003
631.005	2.27183
633.997	0.243641
636.987	2.21573
639.977	-3.81191
642.965	2.16072
645.952	14.1336
648.939	18.1068
651.924	4.08024
654.909	2.05395
657.892	2.02792
660.873	20.0022
663.854	1.97667
666.835	3.95143
669.813	23.9265
672.791	7.90173
675.767	17.8773
678.743	3.85305
681.717	1.8291
684.692	19.8054
687.664	17.7819
690.634	17.7587
693.606	29.7357
696.575	1.71299
699.543	9.69051
702.51	3.66826
705.475	3.64625
708.44	-6.37552
711.404	13.6029
714.367	7.58163
717.329	19.5606
720.29	17.5397
723.25	-2.48092
726.207	7.4987
729.166	21.4785
732.123	23.4586
735.077	13.4389
738.032	1.41936
740.984	15.4001
743.938	-0.618996
746.888	23.3622
749.839	11.3435
752.788	5.32508
755.735	-0.693135
758.682	7.28886
761.627	17.2711
764.574	-4.74656
767.517	17.236
770.46	3.21885
773.402	1.20186
776.342	11.1851
779.282	19.1685
782.219	9.15207
785.157	17.1359
788.094	-8.88017
791.029	5.104
793.962	9.08837
796.896	-2.92709
799.828	5.05765
802.76	15.0426
805.689	15.0277
808.619	15.0129
811.546	2.99841
814.473	12.9841
817.4	26.9699
820.324	14.9559
823.248	10.942
826.17	2.92836
829.092	8.91486
832.012	12.9015
834.932	24.8884
837.851	18.8754
840.768	16.8626
843.685	26.8499
846.599	18.8374
849.514	4.82503
852.428	18.8128
855.339	6.80081
858.251	18.7889
861.16	8.7772
864.07	22.7656
866.978	16.7542
869.884	14.7429
872.792	30.7318
875.696	6.72082
878.599	20.71
881.502	22.6993
884.404	14.6887
887.304	26.6783
890.204	6.66804
893.103	20.6579
896.001	10.6479
898.898	12.638
901.794	2.62828
904.689	12.6187
907.581	4.60919
910.474	12.5998
913.364	-1.40938
916.256	8.58152
919.144	18.5725
922.034	2.56368
924.92	18.555
927.808	-3.45367
930.693	18.5378
933.576	10.5295
936.459	12.5212
939.341	-9.48696
942.222	2.505
945.102	10.4971
947.981	4.48925
950.859	10.4815
953.737	16.4739
956.613	14.4664
959.488	14.459
962.361	2.45172
965.235	6.44452
968.105	14.4374
970.977	-11.5696
973.846	-3.57648
976.716	26.4167
979.583	6.41
982.449	0.403373
985.316	10.3968
988.18	-3.60961
991.043	-5.61596
993.906	4.37777
996.767	16.3716
999.628	4.36548
1002.49	16.3595
1005.35	24.3535
1008.2	18.3477
1011.06	-1.65811
1013.91	20.3362
1016.77	2.33056
1019.62	14.325
1022.48	20.3195
1025.33	14.3141
1028.18	2.30878
1031.03	16.3035
1033.87	0.298315
1036.72	20.2932
1039.57	36.2881
1042.41	6.2831
1045.26	16.2782
1048.1	-3.72673
1050.94	14.2684
1053.78	6.26368
1056.62	10.259
1059.46	12.2543
1062.3	22.2497
1065.14	16.2452
1067.97	22.2407
1070.81	2.23623
1073.64	12.2318
1076.47	12.2275
1079.31	4.22318
1082.14	12.2189
1084.97	20.2147
1087.8	14.2105
1090.63	2.20641
1093.45	22.2023
1096.28	12.1983
1099.1	4.19425
1101.93	12.1903
1104.75	16.1863
1107.57	12.1824
1110.39	2.17854
1113.21	20.1747
1116.03	26.1709
1118.85	-15.8329
1121.66	4.16333
1124.48	4.1596
1127.3	2.15589
1130.11	-5.8478
1132.92	26.1485
1135.73	12.1449
1138.54	16.1413
1141.35	28.1377
1144.16	4.13407
1146.97	6.1305
1149.78	0.126942
1152.58	12.1234
1155.39	12.1199
1158.19	16.1163
1161	16.1128
1163.8	14.1093
1166.6	2.10584
1169.4	14.1023
1172.2	6.09887
1174.99	2.09538
1177.79	4.09191
1180.59	22.0884
1183.38	2.08496
1186.17	2.08148
1188.97	16.078
1191.76	16.0745
1194.55	0.0710292
1197.34	18.0675
1200.13	8.06404
1202.92	18.0605
1205.7	12.057
1208.49	4.05348
1211.27	-5.95006
1214.06	0.0463913
1216.84	28.0428
1219.62	14.0392
1222.4	4.03564
1225.18	12.032
1227.96	8.02839
1230.74	20.0247
1233.51	4.02106
1236.29	10.0174
1239.06	-3.98635
1241.84	4.0099
1244.61	2.00613
1247.38	12.0023
1250.15	3.99851
1252.92	9.99465
1255.69	27.9908
1258.46	7.98685
1261.23	-0.0170982
1263.99	7.97892
1266.76	23.9749
1269.52	-2.02915
1272.28	-4.03324
1275.05	9.96263
1277.81	7.95847
1280.57	15.9543
1283.33	13.95
1286.08	7.94572
1288.84	7.94139
1291.6	13.937
1294.35	-2.06742
1297.11	17.9281
1299.86	17.9236
1302.61	15.919
1305.36	13.9144
1308.11	5.90973
1310.86	21.905
1313.61	5.90023
1316.36	7.8954
1319.1	-12.1095
1321.85	17.8856
1324.59	9.88057
1327.33	15.8755
1330.08	13.8704
1332.82	17.8652
1335.56	11.86
1338.3	19.8547
1341.04	19.8493
1343.77	19.8439
1346.51	1.83836
1349.25	5.83279
1351.98	1.82715
1354.71	17.8214
1357.45	19.8157
1360.18	9.80982
1362.91	15.8039
1365.64	3.7979
1368.37	17.7918
1371.09	13.7857
1373.82	11.7795
1376.54	3.77317
1379.27	-10.2332
1381.99	13.7603
1384.72	3.7538
1387.44	11.7472
1390.16	7.74047
1392.88	13.7337
1395.6	17.7268
1398.31	13.7199
1401.03	11.7128
1403.75	11.7057
1406.46	7.69846
1409.18	5.69114
1411.89	13.6837
1414.6	7.67625
1417.31	-2.33133
1420.02	35.661
1422.73	21.6532
1425.44	19.6453
1428.15	5.63737
1430.85	5.6293
1433.56	23.6211
1436.26	3.61287
1438.97	17.6045
1441.67	25.596
1444.37	11.5875
1447.07	17.5788
1449.77	-2.42998
1452.47	1.56113
1455.16	19.5521
1457.86	31.543
1460.56	23.5338
1463.25	13.5245
1465.94	13.5151
1468.64	15.5056
1471.33	13.4959
1474.02	9.48614
1476.71	17.4763
1479.4	15.4663
1482.09	9.45615
1484.77	-0.554071
1487.46	25.4356
1490.14	1.42512
1492.83	17.4145
1495.51	3.40383
1498.19	7.39301
1500.87	25.3821
1503.55	5.37099
1506.23	7.35979
1508.91	-2.65153
1511.59	15.337
1514.27	17.3254
1516.94	15.3137
1519.62	-2.69809
1522.29	15.2899
1524.96	11.2779
1527.63	17.2656
1530.3	9.25327
1532.97	23.2408
1535.64	35.2281
1538.31	29.2154
1540.98	7.20249
1543.64	15.1895
1546.31	5.17629
1548.97	-4.83703
1551.63	1.14952
1554.3	11.1359
1556.96	17.1222
1559.62	1.10832
1562.28	19.0943
1564.94	13.0801
1567.59	19.0658
1570.25	-10.9486
1572.9	33.0368
1575.56	11.022
1578.21	3.00712
1580.86	36.9921
1583.52	30.9769
1586.17	2.96152
1588.82	24.946
1591.47	20.9304
1594.11	12.9146
1596.76	16.8986
1599.41	18.8825
1602.05	14.8662
1604.69	8.84977
1607.34	20.8332
1609.98	24.8164
1612.62	4.79951
1615.26	26.7824
1617.9	16.7652
1620.54	2.74782
1623.18	6.73027
1625.81	10.7125
1628.45	10.6947
1631.08	14.6766
1633.72	-13.3416
1636.35	22.64
1638.98	16.6215
1641.61	4.60275
1644.24	-7.41614
1646.87	12.5648
1649.5	26.5456
1652.13	10.5262
1654.75	16.5066
1657.38	14.4868
1660	14.4669
1662.63	8.44681
1665.25	8.42653
1667.87	10.4061
1670.49	24.3855
1673.11	14.3646
1675.73	8.34366
1678.35	12.3225
1680.96	10.3011
1683.58	6.27962
1686.19	22.2579
1688.81	20.236
1691.42	16.2139
1694.03	4.19166
1696.64	12.1692
1699.25	46.1466
1701.87	10.1237
1704.47	16.1007
1707.08	12.0775
1709.69	4.05415
1712.29	32.0306
1714.9	22.0068
1717.5	9.98285
1720.1	31.9587
1722.71	9.93434
1725.31	9.90981
1727.91	27.8851
1730.51	13.8601
1733.1	1.83502
1735.7	11.8097
1738.3	-2.21583
1740.89	11.7585
1743.49	-2.26747
1746.08	9.70641
1748.67	7.68009
1751.26	7.65359
1753.86	-8.37314
1756.45	19.5999
1759.03	17.5728
1761.62	23.5455
1764.21	41.5179
1766.8	13.4902
1769.38	-8.53775
1771.97	-2.56592
1774.55	17.4057
1777.13	15.3771
1779.71	13.3484
1782.29	3.31938
1784.87	13.2902
1787.45	13.2608
1790.03	19.2311
1792.61	27.2013
1795.18	11.1712
1797.76	11.141
1800.33	11.1105
1802.9	23.0798
1805.48	19.0489
1808.05	17.0177
1810.62	26.9864
1813.19	14.9548
1815.76	20.923
1818.33	10.891
1820.89	14.8588
1823.46	8.82635
1826.02	6.79367
1828.59	0.760787
1831.15	10.7277
1833.71	18.6943
1836.27	24.6608
1838.84	14.627
1841.39	12.593
1843.95	8.55871
1846.51	4.52424
1849.07	16.4896
1851.62	14.4546
1854.18	14.4195
1856.73	4.38409
1859.29	22.3485
1861.84	12.3126
1864.39	8.27655
1866.94	8.24021
1869.49	28.2037
1872.04	26.1669
1874.59	6.12988
1877.13	10.0926
1879.68	4.05516
1882.22	34.0174
1884.77	-4.02053
1887.31	-2.05871
1889.85	1.90284
1892.39	25.8642
1894.93	13.8253
1897.47	7.7861
1900.01	23.7467
1902.55	5.70707
1905.09	19.6672
1907.62	9.62707
1910.16	13.5867
1912.69	13.5461
1915.22	15.5052
1917.76	11.4642
1920.29	19.4228
1922.82	7.38123
1925.35	39.3394
1927.88	9.29729
1930.4	35.255
1932.93	19.2124
1935.46	15.1695
1937.98	1.12646
1940.51	13.0831
1943.03	5.03953
1945.55	22.9957
1948.07	4.95161
1950.59	-3.09272
1953.11	10.8627
1955.63	18.8178
1958.15	8.77272
1960.67	-7.27263
1963.18	8.68175
1965.7	28.6359
1968.21	26.5897
1970.73	16.5433
1973.24	32.4967
1975.75	20.4498
1978.26	12.4026
1980.77	0.355205
1983.28	14.3075
1985.79	12.2596
1988.29	0.211349
1990.8	24.1628
1993.31	2.11411
1995.81	16.0651
1998.31	18.0159
