100.093	2.28282
103.274	14.4052
106.457	0.526887
109.636	14.6476
112.817	8.76761
115.994	18.8867
119.172	3.005
122.347	1.12242
125.521	5.23902
128.696	-6.64512
131.868	3.46984
135.039	3.58399
138.209	-0.302667
141.379	9.80994
144.547	-2.07832
147.713	12.0326
150.879	-1.85726
154.043	0.25208
157.206	-1.63937
160.368	0.468387
163.529	4.57536
166.689	0.681552
169.848	0.786965
173.006	4.8916
176.163	0.995462
179.316	7.09848
182.471	13.2008
185.625	3.30237
188.777	21.4032
191.927	9.50313
195.077	5.60242
198.224	7.70088
201.372	-4.20134
204.52	1.89569
207.664	1.99191
210.809	8.08746
213.95	6.1822
217.091	20.2762
220.233	12.3696
223.372	2.4621
226.509	4.55392
229.648	4.64508
232.784	0.735458
235.918	0.825117
239.051	6.91406
242.186	13.0024
245.317	1.08987
248.447	21.1767
251.577	13.2628
254.705	1.34822
257.832	-4.56707
260.958	-10.4831
264.083	7.60027
267.204	1.68286
270.327	9.76481
273.449	13.8461
276.57	15.9267
279.69	4.00657
282.806	16.0857
285.924	10.1643
289.04	4.24219
292.154	22.3194
295.268	8.39592
298.379	-1.52824
301.492	6.547
304.601	8.62153
307.711	8.69546
310.818	10.7687
313.924	-13.1587
317.031	12.9132
320.135	18.9845
323.238	11.0552
326.34	-2.87479
329.443	13.1946
332.543	33.2634
335.642	5.33151
338.74	17.399
341.836	13.4659
344.932	1.53213
348.027	11.5978
351.12	7.66279
354.213	7.72719
357.302	-6.20905
360.393	25.8541
363.482	15.9167
366.57	7.97871
369.656	10.0401
372.742	2.10084
375.827	14.161
378.91	22.2206
381.993	22.2796
385.073	8.338
388.154	14.3958
391.232	10.4531
394.311	2.50975
397.387	-3.43417
400.462	16.6213
403.536	16.6763
406.611	18.7307
409.683	6.78445
412.754	18.8377
415.824	0.890361
418.893	4.94248
421.961	24.994
425.027	9.04505
428.093	21.0955
431.158	-0.854572
434.222	13.1948
437.284	5.24363
440.346	7.29191
443.407	13.3397
446.464	9.38685
449.523	5.43354
452.581	-4.52031
455.635	15.5253
458.691	15.5704
461.743	3.61495
464.797	9.65901
467.847	-0.297468
470.899	11.7456
473.947	11.7881
476.994	13.83
480.043	11.8715
483.088	-2.08748
486.133	9.95299
489.176	15.993
492.22	12.0325
495.262	16.0714
498.302	16.1099
501.341	-1.85207
504.38	18.1854
507.417	14.2225
510.453	16.259
513.487	6.29506
516.521	16.3306
519.554	14.3658
522.586	16.4004
525.616	8.43455
528.646	0.468255
531.675	6.50149
534.701	0.534247
537.729	12.5666
540.753	10.5984
543.778	4.6298
546.8	20.6607
549.821	18.6912
552.844	2.72125
555.863	12.7508
558.881	10.78
561.898	2.80867
564.916	2.83695
567.932	-1.13523
570.946	6.89215
573.959	-1.08089
576.971	22.9456
579.982	6.97173
582.993	18.9974
586	9.02264
589.008	5.04747
592.015	17.0719
595.022	3.09588
598.025	-0.880551
601.029	13.1426
604.032	-0.834616
607.033	19.1877
610.034	19.2097
613.032	7.23121
616.032	1.25236
619.028	7.2731
622.023	1.29345
625.018	9.3134
628.013	1.33297
631.005	1.35215
633.997	-2.62907
636.987	3.38933
639.977	-0.592643
642.965	5.425
645.952	13.4423
648.939	11.4592
651.924	13.4757
654.909	11.4918
657.892	-4.4924
660.873	17.523
663.854	17.538
666.835	11.5527
669.813	7.56706
672.791	9.58103
675.767	15.5946
678.743	13.6079
681.717	5.6208
684.692	-4.36663
687.664	29.6456
690.634	13.6574
693.606	19.669
696.575	9.68016
699.543	21.691
702.51	-0.298484
705.475	9.71169
708.44	15.7215
711.404	11.7311
714.367	11.7403
717.329	7.74912
720.29	29.7577
723.25	3.76589
726.207	5.77379
729.166	5.78138
732.123	21.7887
735.077	13.7956
738.032	11.8023
740.984	13.8086
743.938	13.8146
746.888	29.8204
749.839	35.8258
752.788	1.83095
755.735	9.83578
758.682	23.8403
761.627	21.8446
764.574	21.8485
767.517	9.85219
770.46	3.85557
773.402	13.8587
776.342	-2.13852
779.282	15.864
782.219	21.8663
785.157	-2.13176
788.094	13.8699
791.029	21.8714
793.962	23.8725
796.896	13.8734
799.828	13.874
802.76	13.8744
805.689	11.8745
808.619	-0.125663
811.546	19.8739
814.473	23.8732
817.4	21.8723
820.324	11.8711
823.248	13.8697
826.17	-0.132003
829.092	23.8661
832.012	15.8639
834.932	19.8615
837.851	11.8588
840.768	21.8559
843.685	33.8528
846.599	7.84942
849.514	15.8458
852.428	29.842
855.339	17.8379
858.251	9.83364
861.16	9.82913
864.07	11.8244
866.978	-0.180553
869.884	13.8143
872.792	15.8089
875.696	25.8033
878.599	9.79746
881.502	27.7914
884.404	5.78519
887.304	3.77875
890.204	3.7721
893.103	19.7652
896.001	7.75818
898.898	5.75093
901.794	13.7435
904.689	17.7358
907.581	13.728
910.474	17.7199
913.364	21.7117
916.256	9.7033
919.144	3.6947
922.034	9.68591
924.92	1.67694
927.808	15.6678
930.693	15.6585
933.576	25.649
936.459	5.63927
939.341	1.62942
942.222	17.6194
945.102	7.60919
947.981	13.5988
950.859	-2.41171
953.737	25.5776
956.613	1.56673
959.488	29.5557
962.361	23.5445
965.235	-10.4668
968.105	9.52171
970.977	33.5101
973.846	17.4983
976.716	3.48632
979.583	1.47423
982.449	17.462
985.316	11.4496
988.18	5.43708
991.043	33.4244
993.906	15.4116
996.767	15.3987
999.628	21.3856
1002.49	15.3724
1005.35	21.359
1008.2	21.3455
1011.06	19.3319
1013.91	11.3182
1016.77	9.30434
1019.62	13.2904
1022.48	17.2763
1025.33	9.26204
1028.18	5.24769
1031.03	9.23323
1033.87	21.2187
1036.72	9.20397
1039.57	17.1892
1042.41	19.1743
1045.26	11.1593
1048.1	3.14414
1050.94	19.1289
1053.78	25.1136
1056.62	11.0982
1059.46	19.0826
1062.3	13.067
1065.14	17.0513
1067.97	7.03547
1070.81	3.01957
1073.64	-0.996434
1076.47	8.98748
1079.31	12.9713
1082.14	-1.04496
1084.97	-5.06131
1087.8	4.92227
1090.63	8.90576
1093.45	18.8892
1096.28	-9.12749
1099.1	10.8558
1101.93	8.83895
1104.75	12.8221
1107.57	-3.1949
1110.39	0.788064
1113.21	6.77098
1116.03	4.75381
1118.85	10.7366
1121.66	12.7193
1124.48	-1.29807
1127.3	4.68453
1130.11	10.667
1132.92	22.6495
1135.73	4.63195
1138.54	2.61432
1141.35	6.59663
1144.16	10.5789
1146.97	6.5611
1149.78	6.54327
1152.58	16.5254
1155.39	6.50748
1158.19	16.4895
1161	20.4715
1163.8	20.4535
1166.6	6.43539
1169.4	4.41726
1172.2	10.3991
1174.99	22.3809
1177.79	-7.63728
1180.59	12.3445
1183.38	6.32621
1186.17	14.3079
1188.97	18.2896
1191.76	16.2712
1194.55	12.2529
1197.34	18.2345
1200.13	8.21606
1202.92	6.19763
1205.7	16.1792
1208.49	4.16074
1211.27	22.1423
1214.06	0.123794
1216.84	4.1053
1219.62	0.0868041
1222.4	10.0683
1225.18	-9.95022
1227.96	22.0313
1230.74	8.01274
1233.51	1.99423
1236.29	1.97571
1239.06	17.9572
1241.84	5.93868
1244.61	33.9202
1247.38	11.9017
1250.15	5.88319
1252.92	3.8647
1255.69	13.8462
1258.46	19.8278
1261.23	15.8093
1263.99	-10.2091
1266.76	-0.227526
1269.52	7.75408
1272.28	7.73571
1275.05	13.7173
1277.81	-4.30099
1280.57	3.68071
1283.33	7.66242
1286.08	1.64417
1288.84	5.62594
1291.6	-6.39227
1294.35	-2.41044
1297.11	7.57144
1299.86	-0.446669
1302.61	7.53526
1305.36	19.5172
1308.11	21.4992
1310.86	7.48129
1313.61	19.4634
1316.36	-6.5545
1319.1	23.4277
1321.85	13.4099
1324.59	13.3922
1327.33	5.37449
1330.08	-0.643153
1332.82	3.33926
1335.56	19.3217
1338.3	5.30424
1341.04	11.2868
1343.77	1.26945
1346.51	21.2521
1349.25	5.23488
1351.98	13.2177
1354.71	9.20055
1357.45	9.18349
1360.18	19.1665
1362.91	3.14953
1365.64	9.13266
1368.37	5.11586
1371.09	11.0991
1373.82	29.0825
1376.54	9.06587
1379.27	5.04935
1381.99	31.0329
1384.72	5.01653
1387.44	1.00025
1390.16	12.984
1392.88	16.9679
1395.6	2.95185
1398.31	6.93588
1401.03	-3.08
1403.75	16.9042
1406.46	0.888484
1409.18	-1.12714
1411.89	16.8573
1414.6	14.8419
1417.31	0.826538
1420.02	14.8113
1422.73	-13.2039
1425.44	12.781
1428.15	2.76607
1430.85	4.75119
1433.56	12.7364
1436.26	6.72174
1438.97	8.70717
1441.67	22.6927
1444.37	12.6783
1447.07	18.6641
1449.77	6.64993
1452.47	14.6359
1455.16	10.6219
1457.86	12.6081
1460.56	14.5944
1463.25	16.5808
1465.94	0.567329
1468.64	4.55396
1471.33	-3.45929
1474.02	0.52757
1476.71	-1.48544
1479.4	16.5017
1482.09	6.48889
1484.77	12.4762
1487.46	14.4637
1490.14	18.4513
1492.83	12.439
1495.51	10.4269
1498.19	-3.58512
1500.87	14.403
1503.55	6.39124
1506.23	6.37961
1508.91	-1.63187
1511.59	4.35677
1514.27	20.3456
1516.94	-3.66552
1519.62	16.3235
1522.29	12.3127
1524.96	-5.69793
1527.63	8.29155
1530.3	8.28117
1532.97	18.2709
1535.64	6.26085
1538.31	2.25091
1540.98	4.24112
1543.64	12.2315
1546.31	10.222
1548.97	18.2126
1551.63	-5.79655
1554.3	12.1944
1556.96	0.185534
1559.62	10.1768
1562.28	2.16824
1564.94	-1.84017
1567.59	22.1516
1570.25	10.1435
1572.9	8.13556
1575.56	8.12779
1578.21	4.12019
1580.86	8.11275
1583.52	4.10548
1586.17	8.09837
1588.82	12.0914
1591.47	28.0847
1594.11	6.07807
1596.76	-7.92835
1599.41	6.06539
1602.05	0.0593141
1604.69	-3.94659
1607.34	4.04768
1609.98	20.0421
1612.62	12.0368
1615.26	4.03156
1617.9	8.02654
1620.54	12.0217
1623.18	20.0171
1625.81	22.0126
1628.45	4.00831
1631.08	-5.99579
1633.72	6.0003
1636.35	11.9966
1638.98	11.993
1641.61	11.9897
1644.24	3.98654
1646.87	5.98358
1649.5	5.98081
1652.13	11.9782
1654.75	33.9759
1657.38	9.97367
1660	9.97168
1662.63	19.9699
1665.25	-2.03169
1667.87	3.96692
1670.49	27.9657
1673.11	-0.0352554
1675.73	3.96396
1678.35	9.96338
1680.96	-0.0369879
1683.58	17.9628
1686.19	1.96289
1688.81	-2.03686
1691.42	1.9636
1694.03	1.96427
1696.64	3.96515
1699.25	7.96624
1701.87	7.96755
1704.47	-0.0309306
1707.08	11.9708
1709.69	13.9728
1712.29	7.97493
1714.9	5.97732
1717.5	15.9799
1720.1	1.98276
1722.71	13.9858
1725.31	15.9891
1727.91	19.9926
1730.51	15.9963
1733.1	4.00024
1735.7	-1.99559
1738.3	0.00881249
1740.89	10.0134
1743.49	4.0183
1746.08	12.0234
1748.67	4.0287
1751.26	2.03425
1753.86	-1.95997
1756.45	10.046
1759.03	16.0523
1761.62	8.05879
1764.21	16.0655
1766.8	8.07247
1769.38	10.0797
1771.97	6.08711
1774.55	14.0948
1777.13	-1.89729
1779.71	22.1109
1782.29	14.1193
1784.87	24.1279
1787.45	2.13683
1790.03	18.146
1792.61	8.15536
1795.18	18.165
1797.76	16.1749
1800.33	4.18502
1802.9	22.1954
1805.48	2.20604
1808.05	16.2169
1810.62	22.2281
1813.19	14.2395
1815.76	-3.74888
1818.33	4.26304
1820.89	-3.7248
1823.46	14.2876
1826.02	0.300309
1828.59	6.31325
1831.15	10.3264
1833.71	4.33992
1836.27	10.3536
1838.84	8.36763
1841.39	12.3819
1843.95	12.3964
1846.51	16.4112
1849.07	6.42623
1851.62	10.4415
1854.18	18.4571
1856.73	2.47299
1859.29	16.4891
1861.84	0.505508
1864.39	-9.47783
1866.94	2.53912
1869.49	-3.44367
1872.04	-3.42618
1874.59	10.5916
1877.13	4.60962
1879.68	0.627929
1882.22	14.6465
1884.77	6.6654
1887.31	2.68455
1889.85	4.70398
1892.39	6.72369
1894.93	8.74368
1897.47	24.764
1900.01	4.78453
1902.55	2.80537
1905.09	14.8265
1907.62	2.84792
1910.16	20.8696
1912.69	12.8916
1915.22	10.9139
1917.76	12.9364
1920.29	10.9593
1922.82	-7.01755
1925.35	9.0059
1927.88	15.0296
1930.4	19.0536
1932.93	15.078
1935.46	9.10258
1937.98	11.1275
1940.51	-6.8473
1943.03	15.1782
1945.55	9.20399
1948.07	9.2301
1950.59	9.25649
1953.11	7.2832
1955.63	1.31019
1958.15	7.33749
1960.67	15.3651
1963.18	9.393
1965.7	33.4212
1968.21	7.44973
1970.73	19.4786
1973.24	13.5077
1975.75	15.5371
1978.26	9.56687
1980.77	19.5969
1983.28	11.6273
1985.79	7.65795
1988.29	21.6889
1990.8	11.7202
1993.31	17.7518
1995.81	5.78377
1998.31	-2.18402
