100.093	16.1092
103.274	0.155836
106.457	0.202118
109.636	18.248
112.817	6.29362
115.994	22.3388
119.172	20.3838
122.347	10.4283
125.521	16.4725
128.696	-1.48357
131.868	24.56
135.039	14.6032
138.209	14.6461
141.379	30.6886
144.547	22.7309
147.713	6.77274
150.879	22.8143
154.043	8.85554
157.206	-1.10354
160.368	0.937046
163.529	4.97731
166.689	13.0173
169.848	9.05689
173.006	11.0962
176.163	21.1352
179.316	23.1738
182.471	19.2122
185.625	7.25026
188.777	23.288
191.927	7.32539
195.077	5.36251
198.224	3.39929
201.372	11.4358
204.52	15.472
207.664	9.50786
210.809	-0.456558
213.95	-8.4213
217.091	11.6137
220.233	13.6483
223.372	5.6827
226.509	11.7168
229.648	3.75055
232.784	35.784
235.918	13.8172
239.051	9.85009
242.186	15.8827
245.317	1.915
248.447	15.947
251.577	17.9787
254.705	10.0102
257.832	26.0413
260.958	10.0722
264.083	14.1028
267.204	20.1331
270.327	24.1631
273.449	18.1928
276.57	6.22227
279.69	-5.74855
282.806	8.28034
285.924	4.30897
289.04	-9.66268
292.154	20.3654
295.268	10.3932
298.379	20.4207
301.492	10.448
304.601	10.475
307.711	8.5017
310.818	4.52815
313.924	22.5543
317.031	4.58026
320.135	16.6059
323.238	8.63131
326.34	18.6564
329.443	10.6813
332.543	8.70595
335.642	0.73031
338.74	16.7544
341.836	20.7783
344.932	8.80185
348.027	14.8252
351.12	0.848276
354.213	20.8711
357.302	22.8937
360.393	14.916
363.482	30.9381
366.57	4.95996
369.656	4.98154
372.742	5.00289
375.827	11.024
378.91	9.04486
381.993	1.06549
385.073	25.0859
388.154	5.10601
391.232	9.12591
394.311	23.1456
397.387	1.16501
400.462	17.1842
403.536	15.2032
406.611	17.2219
409.683	9.24039
412.754	5.25866
415.824	5.27669
418.893	19.2945
421.961	11.3121
425.027	13.3294
428.093	1.34656
431.158	17.3635
434.222	-2.61985
437.284	11.3966
440.346	15.4128
443.407	17.4289
446.464	11.4447
449.523	-4.53976
452.581	15.4756
455.635	15.4907
458.691	-2.49432
461.743	17.5204
464.797	13.5349
467.847	7.54919
470.899	17.5633
473.947	11.5772
476.994	5.59081
480.043	21.6043
483.088	13.6175
486.133	17.6306
489.176	15.6434
492.22	15.656
495.262	7.66848
498.302	19.6807
501.341	15.6927
504.38	7.70457
507.417	9.7162
510.453	-0.272363
513.487	9.73887
516.521	5.74991
519.554	1.76076
522.586	5.77142
525.616	7.78188
528.646	3.79215
531.675	3.80223
534.701	13.8121
537.729	-6.17818
540.753	7.83133
543.778	15.8407
546.8	-0.150196
549.821	9.85876
552.844	1.86754
555.863	7.87612
558.881	7.88453
561.898	-2.10724
564.916	7.90081
567.932	17.9087
570.946	11.9164
573.959	-2.07611
576.971	5.93123
579.982	-0.0616104
582.993	13.9454
586	13.9522
589.008	17.9588
592.015	9.96531
595.022	21.9716
598.025	-4.02225
601.029	-2.01628
604.032	19.9895
607.033	7.99515
610.034	6.00061
613.032	14.0059
616.032	8.01105
619.028	6.01603
622.023	24.0208
625.018	16.0255
628.013	8.02999
631.005	4.03433
633.997	16.0385
636.987	-1.95748
639.977	4.04638
642.965	-9.94991
645.952	2.05365
648.939	2.05705
651.924	8.0603
654.909	4.0634
657.892	6.06634
660.873	0.0691376
663.854	14.0718
666.835	24.0743
669.813	8.07664
672.791	14.0788
675.767	-3.91909
678.743	14.0828
681.717	-3.9154
684.692	32.0862
687.664	-1.91227
690.634	-7.91092
693.606	20.0903
696.575	10.0914
699.543	12.0923
702.51	20.0931
705.475	0.0937488
708.44	14.0943
711.404	2.09467
714.367	4.09492
717.329	8.09505
720.29	4.09504
723.25	6.0949
726.207	12.0946
729.166	12.0942
732.123	2.09371
735.077	20.0931
738.032	4.09228
740.984	26.0914
743.938	8.09035
746.888	6.08919
749.839	12.0879
752.788	14.0865
755.735	16.085
758.682	12.0834
761.627	-3.9184
764.574	8.07972
767.517	2.07772
770.46	12.0756
773.402	8.07338
776.342	16.071
779.282	22.0686
782.219	18.066
785.157	14.0633
788.094	8.06052
791.029	16.0576
793.962	4.05459
796.896	14.0515
799.828	14.0482
802.76	4.04488
805.689	14.0414
808.619	8.03787
811.546	20.0342
814.473	14.0304
817.4	14.0266
820.324	18.0226
823.248	6.01851
826.17	6.01433
829.092	22.0101
832.012	12.0057
834.932	6.0012
837.851	7.99663
840.768	9.99195
843.685	17.9872
846.599	17.9823
849.514	21.9774
852.428	9.97231
855.339	5.96717
858.251	15.9619
861.16	5.9566
864.07	-4.04882
866.978	-10.0543
869.884	11.9401
872.792	15.9344
875.696	7.92861
878.599	5.92275
881.502	13.9168
884.404	1.91078
887.304	1.90466
890.204	21.8985
893.103	3.89218
896.001	5.88581
898.898	7.87936
901.794	11.8728
904.689	9.86623
907.581	1.85955
910.474	11.8528
913.364	15.8459
916.256	11.839
919.144	5.83204
922.034	9.82497
924.92	3.81782
927.808	7.81061
930.693	19.8033
933.576	9.79596
936.459	19.7885
939.341	3.78103
942.222	15.7735
945.102	9.76581
947.981	-2.24189
950.859	13.7503
953.737	5.74248
956.613	13.7346
959.488	5.7266
962.361	1.71856
965.235	17.7105
968.105	9.7023
970.977	3.69407
973.846	1.68578
976.716	-0.322573
979.583	15.669
982.449	-0.339448
985.316	5.65202
988.18	7.64344
991.043	13.6348
993.906	15.6261
996.767	7.61734
999.628	19.6085
1002.49	7.59967
1005.35	11.5907
1008.2	13.5818
1011.06	5.57276
1013.91	1.56369
1016.77	19.5546
1019.62	11.5454
1022.48	9.53617
1025.33	21.5269
1028.18	5.51758
1031.03	19.5082
1033.87	-2.5012
1036.72	-0.510661
1039.57	21.4798
1042.41	15.4703
1045.26	11.4607
1048.1	21.4511
1050.94	9.4414
1053.78	13.4317
1056.62	13.4219
1059.46	-0.587877
1062.3	9.40228
1065.14	-6.60759
1067.97	13.3825
1070.81	19.3726
1073.64	3.36256
1076.47	13.3525
1079.31	9.34248
1082.14	9.33239
1084.97	9.32226
1087.8	15.3121
1090.63	3.30192
1093.45	15.2917
1096.28	3.28144
1099.1	11.2712
1101.93	7.26084
1104.75	3.2505
1107.57	19.2401
1110.39	15.2297
1113.21	5.2193
1116.03	5.20885
1118.85	3.19837
1121.66	21.1879
1124.48	7.17734
1127.3	5.16679
1130.11	17.1562
1132.92	9.14562
1135.73	3.135
1138.54	19.1244
1141.35	1.1137
1144.16	15.103
1146.97	-2.90768
1149.78	13.0816
1152.58	13.0709
1155.39	3.06012
1158.19	-6.95065
1161	1.03856
1163.8	5.02777
1166.6	5.01695
1169.4	21.0061
1172.2	-11.0047
1174.99	6.98442
1177.79	-3.02644
1180.59	2.96268
1183.38	16.9518
1186.17	10.9409
1188.97	6.92998
1191.76	8.91907
1194.55	0.908142
1197.34	10.8972
1200.13	0.886269
1202.92	10.8753
1205.7	4.86438
1208.49	12.8534
1211.27	-3.15755
1214.06	6.83149
1216.84	10.8205
1219.62	10.8096
1222.4	-1.20143
1225.18	-3.2124
1227.96	0.77663
1230.74	8.76565
1233.51	10.7547
1236.29	14.7437
1239.06	10.7327
1241.84	14.7218
1244.61	-3.28921
1247.38	16.6998
1250.15	12.6889
1252.92	2.67792
1255.69	-1.33303
1258.46	6.65603
1261.23	16.6451
1263.99	10.6342
1266.76	-1.37677
1269.52	8.61232
1272.28	2.60142
1275.05	0.590516
1277.81	10.5796
1280.57	12.5688
1283.33	10.5579
1286.08	-1.45296
1288.84	20.5362
1291.6	2.52537
1294.35	8.51456
1297.11	10.5038
1299.86	2.49298
1302.61	18.4822
1305.36	14.4715
1308.11	8.46072
1310.86	6.45
1313.61	16.4393
1316.36	4.42861
1319.1	-1.58205
1321.85	-1.5927
1324.59	14.3967
1327.33	12.3861
1330.08	8.37549
1332.82	10.3649
1335.56	0.354383
1338.3	4.34386
1341.04	4.33337
1343.77	6.3229
1346.51	0.312458
1349.25	8.30203
1351.98	2.29164
1354.71	30.2813
1357.45	18.2709
1360.18	6.26061
1362.91	4.25032
1365.64	4.24006
1368.37	-3.77017
1371.09	8.21962
1373.82	12.2095
1376.54	12.1993
1379.27	8.1892
1381.99	2.17912
1384.72	10.1691
1387.44	10.1591
1390.16	-1.85092
1392.88	-1.86087
1395.6	10.1292
1398.31	8.11934
1401.03	18.1095
1403.75	6.09969
1406.46	0.0899142
1409.18	-3.91982
1411.89	8.07048
1414.6	2.06082
1417.31	-7.94879
1420.02	-3.95837
1422.73	10.0321
1425.44	-5.97742
1428.15	16.0131
1430.85	10.0037
1433.56	5.99432
1436.26	1.98498
1438.97	13.9757
1441.67	1.96644
1444.37	-4.04276
1447.07	13.9481
1449.77	9.93896
1452.47	21.9299
1455.16	17.9209
1457.86	-2.08812
1460.56	5.90294
1463.25	25.8941
1465.94	17.8852
1468.64	9.87643
1471.33	-2.13231
1474.02	7.859
1476.71	11.8504
1479.4	9.84176
1482.09	-4.16678
1484.77	7.82473
1487.46	7.81629
1490.14	7.80791
1492.83	1.79957
1495.51	21.7913
1498.19	7.78307
1500.87	3.7749
1503.55	17.7668
1506.23	1.75872
1508.91	5.75071
1511.59	5.74276
1514.27	21.7349
1516.94	5.72704
1519.62	-4.28075
1522.29	-12.2885
1524.96	3.70387
1527.63	15.6963
1530.3	-6.31127
1532.97	9.68125
1535.64	1.67382
1538.31	9.66646
1540.98	9.65916
1543.64	-0.348075
1546.31	5.64475
1548.97	5.63764
1551.63	5.63059
1554.3	9.6236
1556.96	17.6167
1559.62	19.6098
1562.28	5.60304
1564.94	17.5963
1567.59	5.58966
1570.25	7.58306
1572.9	15.5765
1575.56	9.57008
1578.21	5.56369
1580.86	17.5574
1583.52	19.5511
1586.17	3.54494
1588.82	11.5388
1591.47	13.5328
1594.11	13.5268
1596.76	5.52091
1599.41	7.51509
1602.05	13.5093
1604.69	11.5036
1607.34	1.49804
1609.98	15.4925
1612.62	3.48703
1615.26	17.4816
1617.9	5.47633
1620.54	1.47109
1623.18	5.46593
1625.81	1.46084
1628.45	5.45583
1631.08	17.4509
1633.72	7.44604
1636.35	1.44127
1638.98	7.43657
1641.61	-4.56805
1644.24	5.4274
1646.87	1.42294
1649.5	5.41856
1652.13	-4.58574
1654.75	7.41004
1657.38	-2.5941
1660	3.40184
1662.63	11.3979
1665.25	3.39397
1667.87	-0.609839
1670.49	11.3864
1673.11	9.38279
1675.73	9.37924
1678.35	1.37576
1680.96	19.3724
1683.58	-6.63093
1686.19	3.36585
1688.81	3.36272
1691.42	1.35968
1694.03	9.35672
1696.64	3.35386
1699.25	17.3511
1701.87	1.34838
1704.47	5.34578
1707.08	11.3433
1709.69	13.3408
1712.29	3.33851
1714.9	13.3363
1717.5	5.33411
1720.1	19.3321
1722.71	25.3301
1725.31	11.3282
1727.91	7.32642
1730.51	5.32473
1733.1	17.3231
1735.7	19.3216
1738.3	9.32021
1740.89	1.3189
1743.49	11.3177
1746.08	21.3165
1748.67	3.31552
1751.26	11.3146
1753.86	11.3137
1756.45	5.31301
1759.03	1.31236
1761.62	3.31182
1764.21	11.3114
1766.8	9.31102
1769.38	3.31077
1771.97	15.3106
1774.55	9.31056
1777.13	-4.68939
1779.71	19.3108
1782.29	-2.68899
1784.87	9.31136
1787.45	1.31181
1790.03	11.3124
1792.61	11.313
1795.18	5.31378
1797.76	11.3146
1800.33	15.3156
1802.9	13.3167
1805.48	9.31784
1808.05	9.31912
1810.62	5.3205
1813.19	13.322
1815.76	9.32358
1818.33	15.3253
1820.89	7.32708
1823.46	3.32899
1826.02	9.33101
1828.59	3.33314
1831.15	-10.6646
1833.71	11.3377
1836.27	3.34016
1838.84	3.34272
1841.39	-0.65461
1843.95	9.34817
1846.51	-6.64894
1849.07	9.35405
1851.62	17.3572
1854.18	5.36038
1856.73	11.3637
1859.29	5.36716
1861.84	5.37071
1864.39	9.37438
1866.94	13.3782
1869.49	-0.61795
1872.04	13.3861
1874.59	25.3902
1877.13	7.39441
1879.68	15.3988
1882.22	11.4032
1884.77	3.4078
1887.31	13.4125
1889.85	7.4173
1892.39	9.42223
1894.93	3.42727
1897.47	15.4324
1900.01	19.4377
1902.55	9.4431
1905.09	1.44862
1907.62	-0.545752
1910.16	13.46
1912.69	-2.53414
1915.22	1.47185
1917.76	13.478
1920.29	-4.51582
1922.82	3.49053
1925.35	13.497
1927.88	-0.496413
1930.4	17.5103
1932.93	13.5171
1935.46	11.5241
1937.98	3.53115
1940.51	7.53835
1943.03	19.5457
1945.55	-4.44689
1948.07	-4.43932
1950.59	17.5684
1953.11	17.5762
1955.63	-0.415873
1958.15	13.5922
1960.67	13.6004
1963.18	9.60869
1965.7	-0.382867
1968.21	11.6257
1970.73	17.6344
1973.24	1.64321
1975.75	27.6522
1978.26	19.6612
1980.77	13.6704
1983.28	21.6798
1985.79	5.68922
1988.29	-0.301199
1990.8	-4.29148
1993.31	-0.281636
1995.81	23.7283
1998.31	3.73843
