100.093	16.6533
103.274	22.7205
106.457	8.78714
109.636	22.8532
112.817	8.91871
115.994	-3.01637
119.172	13.0481
122.347	-4.88812
125.521	19.1752
128.696	13.2379
131.868	-0.699881
135.039	11.3618
138.209	13.4229
141.379	9.4835
144.547	5.54355
147.713	7.60306
150.879	11.6621
154.043	5.72051
157.206	3.77846
160.368	17.8359
163.529	13.8928
166.689	-2.05083
169.848	8.00505
173.006	10.0604
176.163	18.1153
179.316	-3.83039
182.471	16.2235
185.625	0.276819
188.777	0.329678
191.927	6.38201
195.077	16.4339
198.224	6.48523
201.372	4.53612
204.52	8.58654
207.664	12.6364
210.809	4.68588
213.95	2.73482
217.091	8.78328
220.233	18.8313
223.372	6.87883
226.509	8.92588
229.648	2.9725
232.784	5.01863
235.918	23.0643
239.051	-8.89049
242.186	13.1543
245.317	19.1986
248.447	25.2424
251.577	9.28585
254.705	7.3288
257.832	-2.62868
260.958	27.4134
264.083	9.45503
267.204	5.4962
270.327	33.537
273.449	17.5773
276.57	13.6172
279.69	21.6567
282.806	3.6957
285.924	7.73433
289.04	5.77254
292.154	15.8103
295.268	-0.152314
298.379	5.88463
301.492	-0.0788196
304.601	25.9573
307.711	15.993
310.818	12.0284
313.924	28.0633
317.031	10.0978
320.135	4.13192
323.238	12.1656
326.34	8.19898
329.443	2.23194
332.543	12.2645
335.642	10.2967
338.74	14.3285
341.836	14.3599
344.932	8.39088
348.027	18.4215
351.12	18.4518
354.213	22.4817
357.302	12.5112
360.393	6.54041
363.482	10.5692
366.57	4.59766
369.656	12.6257
372.742	14.6534
375.827	6.68081
378.91	8.70781
381.993	8.73447
385.073	4.76077
388.154	10.7867
391.232	6.81234
394.311	8.83762
397.387	4.86254
400.462	12.8871
403.536	6.91138
406.611	-1.0647
409.683	-3.04111
412.754	14.9821
415.824	9.00507
418.893	5.02767
421.961	1.04994
425.027	-10.9281
428.093	7.09354
431.158	5.11486
434.222	13.1359
437.284	13.1566
440.346	5.17694
443.407	19.197
446.464	23.2168
449.523	11.2362
452.581	3.25541
455.635	1.27426
458.691	-2.70717
461.743	15.3111
464.797	11.3291
467.847	-2.65326
470.899	13.3641
473.947	11.3812
476.994	15.3981
480.043	1.4146
483.088	7.43085
486.133	13.4468
489.176	15.4625
492.22	19.4779
495.262	11.4931
498.302	1.50797
501.341	21.5226
504.38	7.53693
507.417	13.551
510.453	7.56482
513.487	-4.42163
516.521	13.5917
519.554	9.60471
522.586	17.6175
525.616	11.63
528.646	7.64231
531.675	11.6544
534.701	1.66613
537.729	21.6777
540.753	9.68898
543.778	-20.3
546.8	-2.28914
549.821	31.7214
552.844	3.7318
555.863	3.74192
558.881	9.75181
561.898	15.7615
564.916	3.7709
567.932	9.78011
570.946	-0.210903
573.959	1.79786
576.971	5.80641
579.982	5.81474
582.993	23.8229
586	7.83075
589.008	1.83845
592.015	7.84593
595.022	1.85321
598.025	7.86027
601.029	-6.13286
604.032	-0.12619
607.033	7.88027
610.034	5.88655
613.032	3.89262
616.032	1.8985
619.028	9.90419
622.023	13.9097
625.018	9.91499
628.013	9.92012
631.005	-4.07494
633.997	11.9298
636.987	5.9344
639.977	-4.0612
642.965	7.94302
645.952	-2.05293
648.939	3.95094
651.924	11.9546
654.909	15.9582
657.892	-4.03845
660.873	-0.0352499
663.854	7.96779
666.835	-0.0293334
669.813	15.9734
672.791	9.97594
675.767	3.97834
678.743	3.98059
681.717	5.98269
684.692	3.98463
687.664	13.9864
690.634	-2.01192
693.606	9.98958
696.575	19.9909
699.543	1.99216
702.51	-8.00677
705.475	3.99417
708.44	11.995
711.404	7.99565
714.367	5.99618
717.329	7.99659
720.29	15.9969
723.25	23.997
726.207	11.997
729.166	-0.00307021
732.123	13.9967
735.077	11.9964
738.032	11.9959
740.984	-2.00468
743.938	11.9946
746.888	19.9938
749.839	7.99289
752.788	1.99186
755.735	1.99073
758.682	13.9895
761.627	-4.01187
764.574	13.9867
767.517	23.9851
770.46	9.98347
773.402	5.98172
776.342	7.97987
779.282	3.97793
782.219	7.97589
785.157	9.97377
788.094	21.9716
791.029	7.96925
793.962	13.9669
796.896	3.96438
799.828	5.96183
802.76	5.95919
805.689	1.95647
808.619	11.9537
811.546	15.9508
814.473	17.9479
817.4	15.9448
820.324	13.9418
823.248	3.9386
826.17	13.9354
829.092	15.9321
832.012	19.9287
834.932	13.9253
837.851	7.92183
840.768	13.9183
843.685	21.9147
846.599	15.911
849.514	17.9073
852.428	11.9036
855.339	15.8998
858.251	9.89589
861.16	9.89198
864.07	-6.11198
866.978	1.88402
869.884	15.88
872.792	23.8759
875.696	11.8718
878.599	13.8676
881.502	7.86339
884.404	7.85915
887.304	-0.145123
890.204	5.85057
893.103	3.84623
896.001	13.8419
898.898	15.8375
901.794	13.8331
904.689	25.8286
907.581	1.82415
910.474	1.81966
913.364	9.81515
916.256	-4.18938
919.144	9.80608
922.034	7.80152
924.92	-0.203049
927.808	11.7924
930.693	11.7878
933.576	7.78317
936.459	9.77856
939.341	15.7739
942.222	-0.230683
945.102	7.76469
947.981	-0.239936
950.859	15.7554
953.737	-0.249189
956.613	13.7462
959.488	1.74157
962.361	1.73696
965.235	-0.267647
968.105	3.72776
970.977	-0.276828
973.846	5.7186
976.716	-4.28596
979.583	-4.29051
982.449	7.70496
985.316	9.70045
988.18	19.696
991.043	-4.30851
993.906	3.68704
996.767	-2.31739
999.628	13.6782
1002.49	5.67384
1005.35	21.6695
1008.2	21.6652
1011.06	1.66089
1013.91	-0.343366
1016.77	21.6524
1019.62	11.6482
1022.48	11.6441
1025.33	3.63997
1028.18	17.6359
1031.03	5.63187
1033.87	3.62788
1036.72	3.62393
1039.57	15.62
1042.41	3.61618
1045.26	3.61237
1048.1	5.60862
1050.94	5.60491
1053.78	9.60126
1056.62	9.59765
1059.46	15.5941
1062.3	9.59062
1065.14	5.58719
1067.97	9.58381
1070.81	11.5805
1073.64	-2.42275
1076.47	15.5741
1079.31	9.57094
1082.14	9.56788
1084.97	3.56488
1087.8	5.56196
1090.63	-2.44089
1093.45	-0.443672
1096.28	9.55362
1099.1	21.551
1101.93	11.5484
1104.75	-0.454062
1107.57	13.5435
1110.39	5.5412
1113.21	7.53896
1116.03	1.53679
1118.85	3.53471
1121.66	-6.46728
1124.48	15.5308
1127.3	27.529
1130.11	11.5272
1132.92	-8.4744
1135.73	13.524
1138.54	11.5226
1141.35	-8.47879
1144.16	3.51994
1146.97	-2.48124
1149.78	-10.4823
1152.58	11.5167
1155.39	11.5158
1158.19	17.515
1161	5.51435
1163.8	15.5138
1166.6	13.5133
1169.4	9.51295
1172.2	1.51269
1174.99	11.5125
1177.79	5.51251
1180.59	13.5126
1183.38	5.51278
1186.17	5.51308
1188.97	21.5135
1191.76	5.51403
1194.55	-0.485314
1197.34	19.5155
1200.13	1.51635
1202.92	-2.48264
1205.7	25.5185
1208.49	17.5198
1211.27	3.52114
1214.06	11.5227
1216.84	1.52429
1219.62	-4.47394
1222.4	11.528
1225.18	9.52998
1227.96	9.53214
1230.74	5.53444
1233.51	15.5369
1236.29	9.53943
1239.06	5.54214
1241.84	7.54498
1244.61	15.548
1247.38	11.5511
1250.15	7.55434
1252.92	5.55775
1255.69	13.5613
1258.46	-0.435004
1261.23	-6.43116
1263.99	13.5728
1266.76	1.57697
1269.52	3.58126
1272.28	7.5857
1275.05	17.5903
1277.81	1.59505
1280.57	5.59995
1283.33	11.605
1286.08	9.61023
1288.84	3.6156
1291.6	-0.378861
1294.35	5.62683
1297.11	9.63269
1299.86	15.6387
1302.61	7.6449
1305.36	5.65124
1308.11	13.6578
1310.86	11.6644
1313.61	7.67129
1316.36	1.67832
1319.1	5.68551
1321.85	-6.30713
1324.59	17.7004
1327.33	1.70812
1330.08	-0.283994
1332.82	5.72407
1335.56	19.7323
1338.3	11.7407
1341.04	5.74933
1343.77	1.75811
1346.51	7.76707
1349.25	17.7762
1351.98	3.78554
1354.71	-0.204944
1357.45	11.8048
1360.18	9.81464
1362.91	3.82472
1365.64	3.83499
1368.37	19.8454
1371.09	9.85609
1373.82	3.86693
1376.54	-0.122044
1379.27	5.88919
1381.99	-2.09939
1384.72	-0.0877624
1387.44	1.92405
1390.16	27.9361
1392.88	-0.0517102
1395.6	7.96071
1398.31	3.97333
1401.03	3.98616
1403.75	15.9992
1406.46	8.01243
1409.18	2.02587
1411.89	-1.96048
1414.6	16.0534
1417.31	8.06743
1420.02	0.0817115
1422.73	8.0962
1425.44	16.1109
1428.15	6.12581
1430.85	2.14095
1433.56	10.1563
1436.26	4.17186
1438.97	-5.81237
1441.67	12.2036
1444.37	22.2198
1447.07	10.2363
1449.77	22.2529
1452.47	4.26982
1455.16	8.28692
1457.86	-11.6957
1460.56	-1.67819
1463.25	18.3396
1465.94	-1.6424
1468.64	8.37584
1471.33	22.3943
1474.02	14.413
1476.71	6.43193
1479.4	18.4511
1482.09	14.4705
1484.77	8.49012
1487.46	6.50999
1490.14	2.53009
1492.83	20.5504
1495.51	6.57101
1498.19	4.59183
1500.87	6.61287
1503.55	-5.36583
1506.23	-1.34428
1508.91	18.6775
1511.59	6.69952
1514.27	18.7218
1516.94	10.7443
1519.62	6.76707
1522.29	-7.20992
1524.96	20.8133
1527.63	4.83685
1530.3	12.8606
1532.97	-1.11538
1535.64	10.9089
1538.31	14.9334
1540.98	0.95816
1543.64	6.98319
1546.31	15.0085
1548.97	5.03401
1551.63	7.0598
1554.3	13.0859
1556.96	-2.88783
1559.62	29.1387
1562.28	9.16558
1564.94	21.1927
1567.59	-4.77997
1570.25	3.24766
1572.9	5.27555
1575.56	7.30371
1578.21	15.3321
1580.86	3.36082
1583.52	17.3898
1586.17	19.419
1588.82	11.4485
1591.47	1.47828
1594.11	9.50831
1596.76	21.5386
1599.41	7.56921
1602.05	7.60007
1604.69	5.63121
1607.34	13.6626
1609.98	9.69432
1612.62	3.72629
1615.26	15.7585
1617.9	3.79106
1620.54	19.8239
1623.18	1.85696
1625.81	7.89034
1628.45	19.924
1631.08	11.9579
1633.72	-8.00786
1636.35	-1.97335
1638.98	16.0614
1641.61	0.0965301
1644.24	10.1319
1646.87	22.1676
1649.5	22.2035
1652.13	8.23975
1654.75	8.27629
1657.38	22.3131
1660	8.35023
1662.63	4.38764
1665.25	6.42536
1667.87	18.4634
1670.49	8.50165
1673.11	8.54024
1675.73	12.5791
1678.35	14.6183
1680.96	4.65782
1683.58	26.6976
1686.19	-1.26231
1688.81	4.7781
1691.42	16.8188
1694.03	20.8598
1696.64	0.901085
1699.25	-1.05731
1701.87	6.98462
1704.47	7.02684
1707.08	-0.930636
1709.69	5.1122
1712.29	9.15535
1714.9	11.1988
1717.5	5.24255
1720.1	17.2866
1722.71	7.33104
1725.31	3.37572
1727.91	9.42075
1730.51	33.4661
1733.1	11.5117
1735.7	11.5577
1738.3	-0.396039
1740.89	5.65055
1743.49	1.69746
1746.08	15.7447
1748.67	11.7923
1751.26	9.8401
1753.86	7.8883
1756.45	11.9368
1759.03	19.9856
1761.62	12.0348
1764.21	4.08429
1766.8	-9.86592
1769.38	8.18421
1771.97	2.2347
1774.55	18.2855
1777.13	20.3366
1779.71	14.388
1782.29	14.4398
1784.87	22.4919
1787.45	20.5443
1790.03	10.5971
1792.61	18.6502
1795.18	8.70359
1797.76	2.75737
1800.33	16.8115
1802.9	28.8659
1805.48	-1.07936
1808.05	-1.02427
1810.62	21.0312
1813.19	1.08695
1815.76	-6.85693
1818.33	-0.80047
1820.89	13.2563
1823.46	19.3134
1826.02	13.3709
1828.59	17.4287
1831.15	9.48687
1833.71	13.5454
1836.27	17.6042
1838.84	13.6634
1841.39	11.7229
1843.95	13.7828
1846.51	9.84306
1849.07	-2.09641
1851.62	13.9645
1854.18	24.0258
1856.73	20.0874
1859.29	14.1494
1861.84	32.2117
1864.39	16.2743
1866.94	12.3374
1869.49	4.40076
1872.04	18.4645
1874.59	16.5286
1877.13	-7.40701
1879.68	16.6577
1882.22	32.7229
1884.77	12.7884
1887.31	14.8542
1889.85	16.9205
1892.39	2.98702
1894.93	19.0539
1897.47	17.1213
1900.01	5.1889
1902.55	23.2569
1905.09	7.32527
1907.62	25.394
1910.16	13.4631
1912.69	7.53253
1915.22	9.60237
1917.76	27.6725
1920.29	21.7431
1922.82	5.81399
1925.35	19.8853
1927.88	23.9569
1930.4	24.0289
1932.93	16.1013
1935.46	14.1741
1937.98	30.2472
1940.51	6.3207
1943.03	34.3946
1945.55	16.4688
1948.07	16.5434
1950.59	2.61834
1953.11	16.6937
1955.63	24.7694
1958.15	12.8455
1960.67	14.922
1963.18	14.9988
1965.7	27.076
1968.21	19.1536
1970.73	17.2316
1973.24	21.31
1975.75	23.3887
1978.26	9.4678
1980.77	17.5473
1983.28	19.6272
1985.79	19.7074
1988.29	27.788
1990.8	5.86905
1993.31	15.9504
1995.81	26.0322
1998.31	-3.88568
