100.093	20.5652
103.274	26.5262
106.457	20.4876
109.636	14.4495
112.817	8.41183
115.994	14.3746
119.172	30.3378
122.347	26.3014
125.521	26.2654
128.696	14.2299
131.868	26.1948
135.039	-1.83984
138.209	10.1259
141.379	14.0921
144.547	8.05869
147.713	36.0257
150.879	19.9931
154.043	19.961
157.206	9.92926
160.368	13.8979
163.529	33.867
166.689	19.8365
169.848	13.8064
173.006	23.7767
176.163	17.7474
179.316	13.7185
182.471	9.69001
185.625	15.6619
188.777	5.63418
191.927	11.6069
195.077	9.57994
198.224	9.55341
201.372	13.5272
204.52	9.50147
207.664	11.4761
210.809	13.4511
213.95	11.4265
217.091	19.4022
220.233	17.3783
223.372	7.35483
226.509	11.3317
229.648	-0.691064
232.784	7.28655
235.918	-2.73547
239.051	9.24287
242.186	9.22156
245.317	23.2006
248.447	15.18
251.577	3.15983
254.705	13.14
257.832	11.1205
260.958	19.1013
264.083	7.08248
267.204	9.06403
270.327	11.0459
273.449	23.0281
276.57	1.01071
279.69	10.9936
282.806	-5.02311
285.924	-1.03952
289.04	14.9444
292.154	14.9287
295.268	6.91326
298.379	-3.10181
301.492	12.8834
304.601	8.86902
307.711	10.8549
310.818	0.841159
313.924	14.8277
317.031	10.8146
320.135	-1.19823
323.238	14.7893
326.34	10.7771
329.443	2.76524
332.543	6.75369
335.642	22.7424
338.74	-3.26849
341.836	18.7209
344.932	0.710563
348.027	2.70054
351.12	4.69082
354.213	6.68141
357.302	22.6723
360.393	0.663465
363.482	4.65493
366.57	12.6467
369.656	14.6388
372.742	0.631098
375.827	16.6237
378.91	12.6166
381.993	6.60985
385.073	-1.39666
388.154	10.5971
391.232	14.5912
394.311	12.5855
397.387	16.5801
400.462	14.575
403.536	12.5701
406.611	2.56553
409.683	6.56122
412.754	4.55718
415.824	14.5534
418.893	4.5499
421.961	6.54665
425.027	6.54367
428.093	2.54094
431.158	-1.46152
434.222	-1.46373
437.284	6.53431
440.346	4.53261
443.407	16.5312
446.464	14.53
449.523	2.52902
452.581	6.52832
455.635	8.52786
458.691	6.52765
461.743	8.52768
464.797	2.52796
467.847	6.52847
470.899	8.52922
473.947	4.5302
476.994	8.53142
480.043	2.53288
483.088	6.53456
486.133	18.5365
489.176	-9.46138
492.22	12.541
495.262	8.54358
498.302	0.546404
501.341	18.5494
504.38	-3.44729
507.417	12.5562
510.453	12.5599
513.487	2.5638
516.521	4.56793
519.554	-3.42773
522.586	8.57683
525.616	8.58159
528.646	4.58657
531.675	4.59175
534.701	-5.40287
537.729	0.602722
540.753	10.6085
543.778	-3.38549
546.8	10.6207
549.821	6.62709
552.844	0.633676
555.863	-1.35954
558.881	0.647431
561.898	-7.3454
564.916	-3.33804
567.932	18.6695
570.946	-1.32276
573.959	8.68516
576.971	18.6933
579.982	4.70156
582.993	4.71003
586	-3.28133
589.008	6.7275
592.015	6.73651
595.022	6.7457
598.025	4.75505
601.029	8.76458
604.032	18.7743
607.033	0.784155
610.034	8.7942
613.032	14.8044
616.032	-9.18522
619.028	-3.17468
622.023	-3.16398
625.018	12.8469
628.013	6.85791
631.005	4.86909
633.997	4.88043
636.987	4.89192
639.977	4.90357
642.965	-1.08463
645.952	4.92733
648.939	6.93943
651.924	16.9517
654.909	-11.0359
657.892	-5.02336
660.873	10.9893
663.854	11.0022
666.835	-2.98485
669.813	21.0283
672.791	9.04152
675.767	11.0549
678.743	-0.931554
681.717	19.0821
684.692	1.09592
687.664	11.1098
690.634	25.1239
693.606	-0.861892
696.575	7.15243
699.543	7.16688
702.51	1.18145
705.475	9.19615
708.44	7.21097
711.404	3.22591
714.367	13.241
717.329	1.25616
720.29	11.2715
723.25	5.28688
726.207	19.3024
729.166	17.3181
732.123	9.33381
735.077	5.34968
738.032	7.36566
740.984	9.38174
743.938	11.3979
746.888	15.4142
749.839	3.43064
752.788	19.4471
755.735	21.4638
758.682	11.4805
761.627	15.4973
764.574	5.51418
767.517	15.5312
770.46	17.5483
773.402	7.56547
776.342	17.5828
779.282	11.6001
782.219	19.6176
785.157	1.63514
788.094	19.6528
791.029	11.6705
793.962	-0.311671
796.896	17.7062
799.828	-0.275794
802.76	21.7423
805.689	17.7604
808.619	3.77864
811.546	7.79693
814.473	19.8153
817.4	9.83376
820.324	15.8523
823.248	1.87088
826.17	3.88954
829.092	17.9083
832.012	17.9271
834.932	15.946
837.851	5.9649
840.768	11.9839
843.685	18.003
846.599	16.0221
849.514	2.04131
852.428	12.0606
855.339	4.07987
858.251	6.09925
861.16	22.1187
864.07	10.1382
866.978	18.1577
869.884	24.1773
872.792	2.19693
875.696	0.21662
878.599	12.2364
881.502	4.25615
884.404	8.27599
887.304	26.2959
890.204	10.3158
893.103	8.33577
896.001	14.3558
898.898	18.3758
901.794	16.3959
904.689	12.4161
907.581	6.43625
910.474	16.4565
913.364	4.4767
916.256	8.49699
919.144	0.517293
922.034	6.53764
924.92	12.558
927.808	2.57843
930.693	8.59886
933.576	16.6193
936.459	20.6398
939.341	12.6603
942.222	-1.31916
945.102	10.7014
947.981	6.72198
950.859	10.7426
953.737	2.7632
956.613	6.78384
959.488	2.8045
962.361	4.82516
965.235	0.845854
968.105	10.8665
970.977	2.88726
973.846	4.90798
976.716	12.9287
979.583	26.9495
982.449	-3.02979
985.316	-1.00902
988.18	9.01174
991.043	13.0325
993.906	3.05328
996.767	3.07405
999.628	5.09483
1002.49	11.1156
1005.35	-2.86361
1008.2	5.15716
1011.06	5.17793
1013.91	1.1987
1016.77	7.21947
1019.62	5.24022
1022.48	3.26098
1025.33	1.28171
1028.18	15.3025
1031.03	19.3232
1033.87	13.3439
1036.72	11.3646
1039.57	3.38527
1042.41	15.4059
1045.26	3.4266
1048.1	3.44724
1050.94	11.4679
1053.78	9.48846
1056.62	5.50905
1059.46	23.5296
1062.3	9.55016
1065.14	1.57067
1067.97	21.5912
1070.81	5.61163
1073.64	-0.367924
1076.47	13.6525
1079.31	21.6729
1082.14	7.69324
1084.97	1.71357
1087.8	9.73387
1090.63	17.7541
1093.45	3.77436
1096.28	35.7946
1099.1	3.81472
1101.93	-0.165148
1104.75	-0.145057
1107.57	11.875
1110.39	3.89501
1113.21	1.91498
1116.03	13.9349
1118.85	13.9548
1121.66	5.97464
1124.48	-6.00555
1127.3	-1.9858
1130.11	4.03392
1132.92	6.05358
1135.73	2.07319
1138.54	16.0928
1141.35	6.11227
1144.16	-5.86825
1146.97	6.15116
1149.78	-1.82948
1152.58	18.1898
1155.39	8.20907
1158.19	-3.77173
1161	16.2474
1163.8	16.2665
1166.6	20.2855
1169.4	4.30448
1172.2	6.32337
1174.99	8.34222
1177.79	12.361
1180.59	10.3797
1183.38	-1.60165
1186.17	8.41694
1188.97	-1.56454
1191.76	4.4539
1194.55	16.4723
1197.34	2.4906
1200.13	10.5088
1202.92	16.527
1205.7	20.5451
1208.49	2.56314
1211.27	2.58109
1214.06	2.59896
1216.84	8.61677
1219.62	8.63449
1222.4	-3.34785
1225.18	18.6697
1227.96	-1.3128
1230.74	0.704617
1233.51	6.72194
1236.29	22.7392
1239.06	6.75635
1241.84	0.773432
1244.61	10.7904
1247.38	4.80734
1250.15	-7.17585
1252.92	-3.15911
1255.69	6.85754
1258.46	10.8741
1261.23	16.8906
1263.99	14.9069
1266.76	8.92323
1269.52	18.9394
1272.28	16.9555
1275.05	8.97152
1277.81	14.9874
1280.57	17.0032
1283.33	1.01895
1286.08	1.03457
1288.84	3.05009
1291.6	17.0655
1294.35	9.08082
1297.11	5.09603
1299.86	17.1111
1302.61	19.1262
1305.36	7.14106
1308.11	7.15587
1310.86	-10.8294
1313.61	15.1851
1316.36	7.19963
1319.1	-12.786
1321.85	11.2283
1324.59	21.2424
1327.33	11.2565
1330.08	-2.72961
1332.82	9.28421
1335.56	1.29791
1338.3	7.31151
1341.04	13.325
1343.77	39.3383
1346.51	7.35157
1349.25	5.3647
1351.98	13.3777
1354.71	23.3906
1357.45	3.40336
1360.18	1.41601
1362.91	3.42854
1365.64	11.4409
1368.37	9.45322
1371.09	13.4654
1373.82	9.47741
1376.54	7.4893
1379.27	9.50108
1381.99	9.51274
1384.72	-0.475738
1387.44	7.53565
1390.16	-0.453081
1392.88	3.55805
1395.6	7.56906
1398.31	15.5799
1401.03	5.59066
1403.75	3.60126
1406.46	5.61174
1409.18	17.6221
1411.89	7.63227
1414.6	17.6423
1417.31	-2.34775
1420.02	-0.337965
1422.73	-0.328317
1425.44	-2.31881
1428.15	3.69055
1430.85	-2.30022
1433.56	19.7089
1436.26	9.7178
1438.97	5.7266
1441.67	5.73525
1444.37	-4.25625
1447.07	21.7521
1449.77	1.76032
1452.47	21.7684
1455.16	13.7763
1457.86	-2.21593
1460.56	9.79169
1463.25	5.79916
1465.94	13.8065
1468.64	7.81364
1471.33	3.82065
1474.02	21.8275
1476.71	5.83422
1479.4	9.84077
1482.09	15.8472
1484.77	7.8534
1487.46	5.85948
1490.14	3.8654
1492.83	5.87116
1495.51	7.87677
1498.19	7.88221
1500.87	11.8875
1503.55	17.8926
1506.23	7.89757
1508.91	1.90237
1511.59	5.907
1514.27	11.9115
1516.94	5.91577
1519.62	5.91991
1522.29	-0.0761157
1524.96	11.9277
1527.63	7.93132
1530.3	1.93479
1532.97	15.9381
1535.64	13.9412
1538.31	5.94418
1540.98	11.947
1543.64	17.9496
1546.31	1.95202
1548.97	5.95428
1551.63	3.95638
1554.3	-0.0417028
1556.96	-2.03996
1559.62	27.9616
1562.28	15.963
1564.94	7.96421
1567.59	11.9652
1570.25	7.9661
1572.9	13.9668
1575.56	5.96727
1578.21	11.9676
1580.86	17.9677
1583.52	13.9677
1586.17	11.9674
1588.82	3.96702
1591.47	5.96642
1594.11	-0.034367
1596.76	15.9647
1599.41	9.9635
1602.05	5.96216
1604.69	-0.0393708
1607.34	9.95891
1609.98	13.957
1612.62	7.9549
1615.26	13.9526
1617.9	9.95013
1620.54	9.94746
1623.18	11.9446
1625.81	5.94154
1628.45	-4.06171
1631.08	13.9349
1633.72	5.93121
1636.35	1.92738
1638.98	19.9234
1641.61	15.9191
1644.24	21.9147
1646.87	27.9101
1649.5	13.9053
1652.13	7.90024
1654.75	-6.10498
1657.38	-4.11039
1660	23.884
1662.63	13.8782
1665.25	-2.12786
1667.87	-4.13409
1670.49	11.8595
1673.11	5.85285
1675.73	3.84601
1678.35	21.839
1680.96	17.8317
1683.58	3.82427
1686.19	-2.1834
1688.81	1.80873
1691.42	-0.199345
1694.03	3.79236
1696.64	11.7839
1699.25	11.7752
1701.87	13.7662
1704.47	-2.24289
1707.08	5.74777
1709.69	-2.26178
1712.29	7.72845
1714.9	3.71847
1717.5	-6.29172
1720.1	15.6979
1722.71	11.6872
1725.31	21.6764
1727.91	-2.33466
1730.51	5.65407
1733.1	17.6426
1735.7	7.63087
1738.3	11.6189
1740.89	13.6068
1743.49	-0.405577
1746.08	7.58183
1748.67	5.56902
1751.26	5.556
1753.86	15.5427
1756.45	1.52926
1759.03	-0.484436
1761.62	21.5016
1764.21	15.4875
1766.8	21.4731
1769.38	19.4585
1771.97	-6.55631
1774.55	11.4286
1777.13	19.4134
1779.71	13.3978
1782.29	7.38212
1784.87	7.36615
1787.45	9.34996
1790.03	13.3335
1792.61	11.3169
1795.18	7.3
1797.76	11.2829
1800.33	15.2655
1802.9	15.2479
1805.48	7.23013
1808.05	13.2121
1810.62	13.1938
1813.19	15.1753
1815.76	9.15653
1818.33	17.1375
1820.89	3.1183
1823.46	9.09885
1826.02	21.0791
1828.59	11.0592
1831.15	7.03904
1833.71	7.01861
1836.27	6.99796
1838.84	6.97706
1841.39	8.95593
1843.95	6.93455
1846.51	20.9129
1849.07	10.8911
1851.62	16.869
1854.18	-1.15338
1856.73	8.82404
1859.29	8.8012
1861.84	-3.22188
1864.39	-1.24519
1866.94	22.7312
1869.49	4.70741
1872.04	18.6833
1874.59	14.659
1877.13	18.6345
1879.68	22.6097
1882.22	-3.41537
1884.77	2.55932
1887.31	16.5338
1889.85	12.508
1892.39	14.4819
1894.93	2.45563
1897.47	12.4291
1900.01	10.4023
1902.55	0.375193
1905.09	12.3479
1907.62	12.3203
1910.16	0.292509
1912.69	2.26443
1915.22	10.2361
1917.76	4.20752
1920.29	6.17867
1922.82	18.1496
1925.35	6.12022
1927.88	2.09061
1930.4	10.0607
1932.93	12.0306
1935.46	16.0002
1937.98	5.96959
1940.51	-2.06132
1943.03	9.90751
1945.55	-4.1239
1948.07	3.84441
1950.59	-0.187524
1953.11	-0.219745
1955.63	3.74779
1958.15	7.71507
1960.67	5.68207
1963.18	21.6488
1965.7	1.61529
1968.21	11.5815
1970.73	11.5474
1973.24	11.5131
1975.75	9.47855
1978.26	-2.55631
1980.77	11.4086
1983.28	5.37319
1985.79	7.33755
1988.29	7.30163
1990.8	3.26542
1993.31	11.229
1995.81	9.19224
1998.31	1.15527
