100.093	15.6758
103.274	15.8307
106.457	15.9847
109.636	26.1377
112.817	10.2897
115.994	22.4407
119.172	18.5909
122.347	4.73995
125.521	-3.11194
128.696	5.03532
131.868	13.1815
135.039	-6.67322
138.209	1.4711
141.379	-0.385437
144.547	3.757
147.713	3.8985
150.879	6.03906
154.043	-1.8213
157.206	-1.68258
160.368	6.45521
163.529	4.59209
166.689	4.72805
169.848	12.8631
173.006	12.9973
176.163	9.13049
179.316	9.26274
182.471	9.39418
185.625	-0.475271
188.777	3.65438
191.927	19.7831
195.077	3.91095
198.224	4.03787
201.372	-1.83601
204.52	8.28924
207.664	16.4135
210.809	12.5371
213.95	2.65961
217.091	14.7813
220.233	16.9022
223.372	13.0222
226.509	11.1414
229.648	3.25975
232.784	9.37719
235.918	9.4938
239.051	3.60957
242.186	7.72458
245.317	-2.16132
248.447	13.952
251.577	18.0644
254.705	0.176022
257.832	8.28683
260.958	4.39682
264.083	12.506
267.204	14.6143
270.327	20.7218
273.449	-1.17139
276.57	20.9346
279.69	15.0397
282.806	3.14402
285.924	5.2476
289.04	11.3504
292.154	21.4523
295.268	17.5535
298.379	11.6539
301.492	25.7536
304.601	9.85242
307.711	3.95055
310.818	18.0479
313.924	16.1444
317.031	-5.75977
320.135	6.33525
323.238	8.42951
326.34	18.523
329.443	12.6159
332.543	2.70789
335.642	8.79917
338.74	0.889721
341.836	8.97953
344.932	19.0686
348.027	15.157
351.12	19.2446
354.213	3.3315
357.302	5.41762
360.393	-10.4969
363.482	11.5878
366.57	13.6719
369.656	-0.244834
372.742	13.8378
375.827	3.91972
378.91	12.0009
381.993	16.0814
385.073	10.1612
388.154	4.24037
391.232	14.3188
394.311	-5.60344
397.387	8.47361
400.462	10.55
403.536	4.62567
406.611	-5.29926
409.683	10.7751
412.754	4.84878
415.824	6.9218
418.893	4.99417
421.961	15.0659
425.027	-2.86308
428.093	9.20732
431.158	-0.722929
434.222	1.34617
437.284	-4.58536
440.346	-0.517544
443.407	7.54964
446.464	19.6161
449.523	7.68206
452.581	-4.25265
455.635	-6.18804
458.691	11.876
461.743	3.93938
464.797	8.00218
467.847	14.0643
470.899	-3.8741
473.947	16.1868
476.994	4.24713
480.043	2.30689
483.088	-1.634
486.133	4.42452
489.176	18.4824
492.22	14.5398
495.262	10.5965
498.302	0.652696
501.341	6.70826
504.38	10.7633
507.417	4.81766
510.453	-3.12851
513.487	2.92472
516.521	14.9774
519.554	3.02953
522.586	9.08109
525.616	3.13205
528.646	11.1825
531.675	3.23236
534.701	17.2817
537.729	7.33043
540.753	13.3786
543.778	-0.573696
546.8	-0.526592
549.821	13.52
552.844	17.566
555.863	11.6115
558.881	5.65648
561.898	13.7009
564.916	17.7448
567.932	-0.211776
570.946	3.83108
573.959	3.87342
576.971	1.91524
579.982	9.95655
582.993	11.9973
586	4.0376
589.008	26.0774
592.015	22.1167
595.022	0.155443
598.025	8.1937
601.029	6.23148
604.032	-5.73123
607.033	4.30555
610.034	22.3419
613.032	14.3777
616.032	2.41301
619.028	18.4478
622.023	6.48221
625.018	16.5161
628.013	2.54954
631.005	14.5825
633.997	4.61496
636.987	8.64698
639.977	24.6785
642.965	6.70962
645.952	12.7403
648.939	10.7704
651.924	6.80017
654.909	18.8295
657.892	12.8583
660.873	0.886652
663.854	14.9146
666.835	16.9421
669.813	6.96915
672.791	8.99579
675.767	23.022
678.743	15.0477
681.717	9.07307
684.692	19.098
687.664	13.1225
690.634	7.14653
693.606	13.1702
696.575	21.1934
699.543	15.2162
702.51	-4.76135
705.475	7.26065
708.44	19.2822
711.404	21.3034
714.367	15.3242
717.329	15.3446
720.29	5.36461
723.25	15.3842
726.207	25.4034
729.166	15.4222
732.123	7.44068
735.077	17.4587
738.032	5.4764
740.984	9.49368
743.938	23.5106
746.888	11.5271
749.839	7.54331
752.788	15.5591
755.735	3.57453
758.682	19.5896
761.627	9.60429
764.574	15.6186
767.517	17.6326
770.46	9.64624
773.402	7.65952
776.342	15.6724
779.282	9.68501
782.219	3.69723
785.157	19.7091
788.094	1.72066
791.029	15.7319
793.962	19.7427
796.896	19.7533
799.828	15.7635
802.76	5.77332
805.689	15.7829
808.619	11.7921
811.546	-8.19904
814.473	19.8095
817.4	13.8178
820.324	-0.174285
823.248	15.8333
826.17	13.8406
829.092	5.84764
832.012	-0.145676
834.932	19.8607
837.851	9.86679
840.768	7.87257
843.685	15.8781
846.599	23.8832
849.514	5.88812
852.428	13.8927
855.339	11.897
858.251	5.90105
861.16	11.9048
864.07	13.9082
866.978	29.9114
869.884	13.9143
872.792	3.91692
875.696	21.9193
878.599	9.92133
881.502	11.9231
884.404	5.92466
887.304	7.92593
890.204	17.9269
893.103	23.9277
896.001	17.9282
898.898	5.92838
901.794	11.9283
904.689	-6.07194
907.581	-8.07247
910.474	1.92675
913.364	1.92572
916.256	9.92444
919.144	5.92293
922.034	-0.0788274
924.92	5.91918
927.808	9.91695
930.693	-0.0855147
933.576	13.9118
936.459	9.90887
939.341	11.9057
942.222	5.90234
945.102	-0.101265
947.981	17.8949
950.859	25.8909
953.737	1.88661
956.613	9.88214
959.488	5.87745
962.361	9.87255
965.235	9.86745
968.105	11.8621
970.977	9.85661
973.846	9.85089
976.716	3.84497
979.583	1.83885
982.449	19.8325
985.316	11.826
988.18	9.81932
991.043	9.81242
993.906	5.80534
996.767	13.7981
999.628	17.7906
1002.49	-2.21702
1005.35	15.7752
1008.2	1.76716
1011.06	13.759
1013.91	11.7506
1016.77	17.7421
1019.62	5.73343
1022.48	13.7246
1025.33	21.7155
1028.18	21.7063
1031.03	11.697
1033.87	3.68748
1036.72	3.6778
1039.57	3.66797
1042.41	17.658
1045.26	21.6478
1048.1	3.63755
1050.94	9.62711
1053.78	9.61652
1056.62	1.60579
1059.46	15.5949
1062.3	17.5839
1065.14	21.5727
1067.97	7.56144
1070.81	-4.44999
1073.64	17.5384
1076.47	11.5268
1079.31	5.51492
1082.14	17.503
1084.97	9.49088
1087.8	13.4787
1090.63	23.4663
1093.45	25.4539
1096.28	5.44133
1099.1	17.4286
1101.93	11.4158
1104.75	9.40292
1107.57	5.38989
1110.39	1.37676
1113.21	7.36352
1116.03	13.3502
1118.85	7.33671
1121.66	-4.67684
1124.48	11.3095
1127.3	13.2957
1130.11	5.28189
1132.92	17.2679
1135.73	3.25391
1138.54	11.2398
1141.35	11.2256
1144.16	13.2112
1146.97	1.19684
1149.78	3.18237
1152.58	13.1678
1155.39	7.15317
1158.19	1.13845
1161	5.12365
1163.8	5.10878
1166.6	17.0938
1169.4	15.0788
1172.2	5.06373
1174.99	19.0486
1177.79	9.03335
1180.59	13.0181
1183.38	15.0027
1186.17	-3.01271
1188.97	4.97183
1191.76	-5.0437
1194.55	8.94071
1197.34	-1.07493
1200.13	2.90938
1202.92	12.8936
1205.7	4.87786
1208.49	6.86202
1211.27	8.84613
1214.06	4.83021
1216.84	6.81423
1219.62	-9.20177
1222.4	0.782174
1225.18	-1.23391
1227.96	4.74997
1230.74	0.733811
1233.51	8.71763
1236.29	8.70141
1239.06	-3.31483
1241.84	6.66889
1244.61	12.6526
1247.38	-3.36373
1250.15	8.61994
1252.92	8.60357
1255.69	8.58718
1258.46	16.5708
1261.23	12.5544
1263.99	8.53795
1266.76	-1.4785
1269.52	10.5051
1272.28	0.488598
1275.05	10.4721
1277.81	10.4557
1280.57	12.4392
1283.33	18.4227
1286.08	-7.59378
1288.84	14.3897
1291.6	12.3733
1294.35	6.35679
1297.11	4.34034
1299.86	0.323875
1302.61	14.3074
1305.36	-1.70901
1308.11	12.2746
1310.86	18.2582
1313.61	8.24176
1316.36	12.2254
1319.1	2.20901
1321.85	6.19267
1324.59	6.17635
1327.33	14.1601
1330.08	8.14379
1332.82	4.12754
1335.56	4.11132
1338.3	6.09513
1341.04	20.079
1343.77	2.06285
1346.51	6.04677
1349.25	8.03071
1351.98	8.0147
1354.71	-4.00129
1357.45	-2.01722
1360.18	9.96689
1362.91	3.95103
1365.64	3.93522
1368.37	9.91946
1371.09	-8.09625
1373.82	7.88808
1376.54	1.87248
1379.27	5.85691
1381.99	17.8414
1384.72	5.82595
1387.44	-4.18944
1390.16	11.7952
1392.88	3.77995
1395.6	-0.235273
1398.31	9.74958
1401.03	21.7345
1403.75	-2.28053
1406.46	5.70451
1409.18	-2.31038
1411.89	5.67481
1414.6	7.66006
1417.31	9.6454
1420.02	13.6308
1422.73	5.61628
1425.44	21.6018
1428.15	-0.412524
1430.85	1.57319
1433.56	1.55899
1436.26	15.5449
1438.97	1.53084
1441.67	7.51689
1444.37	1.50303
1447.07	1.48926
1449.77	1.47558
1452.47	-6.53801
1455.16	3.4485
1457.86	5.43509
1460.56	1.42179
1463.25	11.4086
1465.94	-0.604526
1468.64	5.38246
1471.33	5.36956
1474.02	15.3568
1476.71	17.3441
1479.4	7.33145
1482.09	3.31897
1484.77	5.30659
1487.46	7.29433
1490.14	9.28217
1492.83	-4.72987
1495.51	9.25819
1498.19	1.24638
1500.87	1.23469
1503.55	5.22311
1506.23	9.21164
1508.91	7.20031
1511.59	1.18909
1514.27	9.178
1516.94	5.16703
1519.62	7.15618
1522.29	5.14547
1524.96	13.1349
1527.63	9.12443
1530.3	7.1141
1532.97	9.10391
1535.64	3.09385
1538.31	3.08393
1540.98	7.07415
1543.64	21.0645
1546.31	-0.945003
1548.97	1.04563
1551.63	5.03641
1554.3	23.0273
1556.96	9.01839
1559.62	23.0096
1562.28	15.001
1564.94	-1.00754
1567.59	4.98412
1570.25	-3.02408
1572.9	-5.03212
1575.56	6.95999
1578.21	10.9523
1580.86	8.94468
1583.52	8.93726
1586.17	0.930003
1588.82	0.9229
1591.47	6.91596
1594.11	6.90919
1596.76	2.90258
1599.41	12.8961
1602.05	0.889847
1604.69	4.88373
1607.34	4.87779
1609.98	-3.12799
1612.62	4.86641
1615.26	0.860973
1617.9	4.85572
1620.54	14.8506
1623.18	12.8457
1625.81	10.841
1628.45	6.83645
1631.08	4.83208
1633.72	16.8279
1636.35	-3.17612
1638.98	2.82005
1641.61	10.8164
1644.24	4.81296
1646.87	10.8097
1649.5	10.8066
1652.13	2.80373
1654.75	0.801027
1657.38	2.79852
1660	14.7962
1662.63	8.79409
1665.25	-5.20784
1667.87	16.7904
1670.49	6.7889
1673.11	6.78757
1675.73	6.78644
1678.35	-1.21449
1680.96	6.78478
1683.58	0.78426
1686.19	10.7839
1688.81	8.78383
1691.42	-1.21608
1694.03	14.7842
1696.64	12.7847
1699.25	2.78545
1701.87	4.78639
1704.47	-1.21247
1707.08	8.78889
1709.69	8.79047
1712.29	8.79226
1714.9	10.7943
1717.5	12.7965
1720.1	-3.20106
1722.71	-1.1984
1725.31	4.80449
1727.91	0.807602
1730.51	-3.18906
1733.1	14.8145
1735.7	14.8183
1738.3	6.82229
1740.89	14.8265
1743.49	0.831006
1746.08	18.8357
1748.67	4.84064
1751.26	10.8458
1753.86	6.85121
1756.45	-11.1432
1759.03	4.86271
1761.62	6.86882
1764.21	-1.12484
1766.8	4.88175
1769.38	6.88857
1771.97	8.89564
1774.55	-3.09705
1777.13	4.9105
1779.71	6.9183
1782.29	2.92634
1784.87	24.9346
1787.45	12.9432
1790.03	0.951947
1792.61	16.961
1795.18	10.9703
1797.76	8.97981
1800.33	4.9896
1802.9	30.9996
1805.48	3.00994
1808.05	3.0205
1810.62	5.03131
1813.19	3.04238
1815.76	11.0537
1818.33	9.0653
1820.89	13.0772
1823.46	-0.910733
1826.02	13.1016
1828.59	3.11429
1831.15	13.1272
1833.71	11.1404
1836.27	5.15381
1838.84	-0.832488
1841.39	17.1815
1843.95	3.19574
1846.51	15.2103
1849.07	17.225
1851.62	13.2401
1854.18	3.25545
1856.73	5.27105
1859.29	-2.71305
1861.84	7.30311
1864.39	5.31955
1866.94	11.3363
1869.49	23.3533
1872.04	1.37057
1874.59	1.38814
1877.13	7.40599
1879.68	-2.57589
1882.22	23.4425
1884.77	19.4612
1887.31	-0.519778
1889.85	7.49951
1892.39	11.5191
1894.93	19.5389
1897.47	9.55908
1900.01	1.57951
1902.55	-0.399756
1905.09	5.62127
1907.62	13.6426
1910.16	11.6642
1912.69	3.6861
1915.22	-0.291684
1917.76	11.7308
1920.29	3.75362
1922.82	1.77672
1925.35	3.80014
1927.88	1.82384
1930.4	19.8478
1932.93	-0.127844
1935.46	13.8968
1937.98	1.9217
1940.51	19.9469
1943.03	9.97247
1945.55	19.9983
1948.07	4.02446
1950.59	0.0509121
1953.11	4.0777
1955.63	10.1048
1958.15	-5.86783
1960.67	6.15987
1963.18	-3.8121
1965.7	10.2162
1968.21	12.2449
1970.73	-5.72613
1973.24	6.30317
1975.75	4.33276
1978.26	2.3627
1980.77	30.3929
1983.28	12.4235
1985.79	0.454408
1988.29	14.4856
1990.8	6.51718
1993.31	-3.45096
1995.81	8.58123
1998.31	16.6137
