100.093	4.91578
103.274	8.99204
106.457	25.068
109.636	1.1436
112.817	29.2189
115.994	11.2938
119.172	23.3684
122.347	13.4427
125.521	5.51655
128.696	11.5902
131.868	3.66339
135.039	-4.26371
138.209	-6.19115
141.379	23.8811
144.547	3.95303
147.713	4.0246
150.879	14.0958
154.043	14.1668
157.206	-5.76266
160.368	10.3076
163.529	6.37753
166.689	14.4471
169.848	10.5164
173.006	14.5854
176.163	4.65403
179.316	-3.2777
182.471	20.7903
185.625	6.85798
188.777	8.92534
191.927	2.99233
195.077	3.05906
198.224	21.1254
201.372	3.19151
204.52	11.2573
207.664	19.3227
210.809	5.38786
213.95	9.45265
217.091	17.5171
220.233	15.5814
223.372	15.6452
226.509	7.70877
229.648	23.7721
232.784	23.835
235.918	17.8976
239.051	7.95995
242.186	2.02201
245.317	12.0837
248.447	10.1451
251.577	4.20626
254.705	8.26707
257.832	-1.67242
260.958	8.38778
264.083	14.4477
267.204	14.5073
270.327	4.56658
273.449	24.6256
276.57	18.6843
279.69	4.74274
282.806	18.8008
285.924	14.8587
289.04	10.9162
292.154	12.9734
295.268	15.0304
298.379	11.087
301.492	5.14341
304.601	15.1995
307.711	15.2553
310.818	7.31074
313.924	11.3659
317.031	19.4209
320.135	13.4755
323.238	3.52984
326.34	17.5839
329.443	15.6377
332.543	21.6912
335.642	17.7444
338.74	7.79733
341.836	3.84998
344.932	-4.09765
348.027	19.9544
351.12	14.0063
354.213	18.0578
357.302	12.109
360.393	16.16
363.482	12.2107
366.57	4.26116
369.656	12.3113
372.742	16.3612
375.827	16.4108
378.91	0.460134
381.993	0.509217
385.073	2.558
388.154	10.6065
391.232	18.6548
394.311	2.7028
397.387	8.75052
400.462	6.79797
403.536	4.84515
406.611	8.8921
409.683	8.93876
412.754	16.9852
415.824	17.0313
418.893	21.0772
421.961	15.1228
425.027	-2.83187
428.093	9.21323
431.158	-0.741932
434.222	5.30265
437.284	-4.65303
440.346	-2.60896
443.407	11.4349
446.464	15.4784
449.523	3.52169
452.581	-6.43525
455.635	13.6075
458.691	17.6501
461.743	7.69234
464.797	19.7344
467.847	-8.22383
470.899	1.81772
473.947	3.85899
476.994	11.9
480.043	17.9408
483.088	1.98137
486.133	18.0217
489.176	-13.9383
492.22	24.1016
495.262	10.1411
498.302	6.18044
501.341	18.2195
504.38	6.25836
507.417	36.297
510.453	6.33532
513.487	14.3734
516.521	14.4113
519.554	22.4489
522.586	0.486355
525.616	4.52351
528.646	18.5604
531.675	20.5972
534.701	8.6336
537.729	18.6698
540.753	10.7058
543.778	2.7416
546.8	4.77712
549.821	12.8124
552.844	-3.15251
555.863	10.8823
558.881	-3.08307
561.898	-3.0487
564.916	-9.01452
567.932	5.0194
570.946	3.0531
573.959	21.0866
576.971	11.1198
579.982	11.1529
582.993	5.18565
586	11.2182
589.008	-0.749426
592.015	13.2827
595.022	13.3146
598.025	-0.653688
601.029	11.3778
604.032	13.4091
607.033	5.44008
610.034	13.4709
613.032	19.5015
616.032	17.5319
619.028	-2.43794
622.023	15.592
625.018	5.62175
628.013	21.6513
631.005	7.6806
633.997	9.7097
636.987	11.7386
639.977	11.7673
642.965	9.79574
645.952	25.824
648.939	11.852
651.924	15.8799
654.909	17.9075
657.892	-6.06504
660.873	-0.0378338
663.854	-2.01081
666.835	4.016
669.813	22.0426
672.791	18.069
675.767	26.0952
678.743	0.1212
681.717	6.14699
684.692	16.1726
687.664	20.198
690.634	-3.77684
693.606	2.24817
696.575	4.27296
699.543	12.2976
702.51	12.3219
705.475	4.34615
708.44	18.3702
711.404	8.39396
714.367	2.41758
717.329	2.441
720.29	8.46423
723.25	6.48727
726.207	14.5101
729.166	0.532749
732.123	10.5552
735.077	12.5775
738.032	6.59955
740.984	2.62144
743.938	22.6431
746.888	16.6646
749.839	14.686
752.788	8.70711
755.735	16.7281
758.682	12.7488
761.627	6.7694
764.574	14.7898
767.517	10.81
770.46	2.83004
773.402	8.84989
776.342	18.8696
779.282	10.889
782.219	8.90833
785.157	16.9275
788.094	8.9464
791.029	14.9652
793.962	16.9837
796.896	11.0021
799.828	3.02037
802.76	17.0384
805.689	15.0563
808.619	9.07401
811.546	9.09153
814.473	15.1089
817.4	23.1261
820.324	9.14307
823.248	9.1599
826.17	15.1766
829.092	7.19305
832.012	21.2094
834.932	17.2255
837.851	17.2415
840.768	13.2573
843.685	23.273
846.599	17.2884
849.514	17.3037
852.428	11.3189
855.339	23.3338
858.251	13.3487
861.16	15.3633
864.07	15.3778
866.978	11.3921
869.884	19.4062
872.792	15.4202
875.696	9.43406
878.599	11.4477
881.502	19.4612
884.404	21.4746
887.304	5.48775
890.204	5.50078
893.103	17.5136
896.001	-0.473644
898.898	-6.46109
901.794	13.5513
904.689	15.5635
907.581	17.5756
910.474	13.5876
913.364	21.5993
916.256	13.6109
919.144	-0.377598
922.034	5.63372
924.92	11.6449
927.808	13.6559
930.693	13.6667
933.576	3.67744
936.459	7.68799
939.341	5.6984
942.222	-2.29135
945.102	9.71876
947.981	3.72872
950.859	9.73853
953.737	11.7482
956.613	5.75771
959.488	7.76709
962.361	37.7763
965.235	-2.21461
968.105	15.7943
970.977	5.80312
973.846	7.81177
976.716	-2.17972
979.583	9.82864
982.449	1.83686
985.316	5.84495
988.18	11.8529
991.043	21.8607
993.906	17.8684
996.767	9.87588
999.628	13.8833
1002.49	9.89051
1005.35	19.8976
1008.2	9.90459
1011.06	13.9114
1013.91	5.91812
1016.77	11.9247
1019.62	15.9311
1022.48	17.9374
1025.33	1.94357
1028.18	11.9496
1031.03	7.9555
1033.87	-2.03874
1036.72	15.9669
1039.57	5.9724
1042.41	5.97777
1045.26	7.98301
1048.1	11.9881
1050.94	3.9931
1053.78	-2.00205
1056.62	14.0027
1059.46	12.0073
1062.3	12.0117
1065.14	12.0161
1067.97	14.0203
1070.81	14.0244
1073.64	14.0284
1076.47	18.0322
1079.31	2.03592
1082.14	6.03952
1084.97	0.0429907
1087.8	8.04634
1090.63	16.0496
1093.45	14.0527
1096.28	16.0557
1099.1	4.05852
1101.93	12.0613
1104.75	10.0639
1107.57	6.06639
1110.39	16.0688
1113.21	10.071
1116.03	8.0732
1118.85	-1.92477
1121.66	16.0771
1124.48	28.079
1127.3	16.0806
1130.11	6.08221
1132.92	6.08366
1135.73	0.085002
1138.54	16.0862
1141.35	6.08734
1144.16	4.08835
1146.97	10.0892
1149.78	18.09
1152.58	24.0907
1155.39	16.0912
1158.19	16.0917
1161	4.09201
1163.8	6.09224
1166.6	22.0924
1169.4	10.0924
1172.2	18.0923
1174.99	6.09206
1177.79	8.09175
1180.59	6.09133
1183.38	12.0908
1186.17	12.0902
1188.97	10.0894
1191.76	4.08859
1194.55	2.08764
1197.34	16.0866
1200.13	16.0854
1202.92	12.0842
1205.7	-3.91718
1208.49	4.08136
1211.27	16.0798
1214.06	0.0781385
1216.84	12.0764
1219.62	22.0745
1222.4	8.07255
1225.18	-7.92951
1227.96	14.0683
1230.74	-3.93393
1233.51	8.06371
1236.29	18.0613
1239.06	12.0587
1241.84	6.05606
1244.61	4.05331
1247.38	8.05047
1250.15	32.0475
1252.92	-5.95549
1255.69	6.04139
1258.46	8.03817
1261.23	12.0349
1263.99	2.03146
1266.76	14.028
1269.52	10.0244
1272.28	18.0207
1275.05	0.0169309
1277.81	10.0131
1280.57	2.00912
1283.33	0.00508135
1286.08	6.00095
1288.84	-0.00326644
1291.6	-4.00757
1294.35	5.98803
1297.11	13.9836
1299.86	-0.0210187
1302.61	-0.0256759
1305.36	17.9696
1308.11	11.9648
1310.86	11.9598
1313.61	11.9548
1316.36	5.94976
1319.1	7.94459
1321.85	9.93934
1324.59	5.93401
1327.33	9.92859
1330.08	9.92309
1332.82	-0.0824875
1335.56	13.9118
1338.3	9.9061
1341.04	3.90028
1343.77	13.8944
1346.51	5.88839
1349.25	-2.11767
1351.98	11.8762
1354.71	13.87
1357.45	1.86366
1360.18	3.85729
1362.91	-4.14917
1365.64	5.8443
1368.37	9.83769
1371.09	3.83101
1373.82	21.8242
1376.54	7.81741
1379.27	5.8105
1381.99	3.80352
1384.72	15.7965
1387.44	3.78933
1390.16	5.78212
1392.88	1.77484
1395.6	3.76749
1398.31	9.76007
1401.03	7.75258
1403.75	9.74501
1406.46	5.73737
1409.18	15.7297
1411.89	3.72189
1414.6	9.71404
1417.31	-6.29387
1420.02	3.69814
1422.73	5.69009
1425.44	17.682
1428.15	11.6738
1430.85	9.66552
1433.56	-6.34279
1436.26	7.64881
1438.97	9.64036
1441.67	-0.368158
1444.37	7.62326
1447.07	3.61461
1449.77	5.60589
1452.47	21.5971
1455.16	5.58827
1457.86	13.5794
1460.56	13.5704
1463.25	-8.43864
1465.94	23.5523
1468.64	1.54312
1471.33	13.5339
1474.02	13.5246
1476.71	7.51529
1479.4	9.50589
1482.09	-10.5036
1484.77	9.48691
1487.46	17.4773
1490.14	3.4677
1492.83	7.45801
1495.51	11.4483
1498.19	11.4385
1500.87	3.42859
1503.55	13.4187
1506.23	3.40869
1508.91	9.39865
1511.59	5.38856
1514.27	9.37842
1516.94	7.36822
1519.62	9.35796
1522.29	25.3477
1524.96	5.33729
1527.63	11.3269
1530.3	13.3164
1532.97	15.3059
1535.64	15.2953
1538.31	17.2847
1540.98	3.27401
1543.64	11.2633
1546.31	3.2525
1548.97	7.24167
1551.63	-4.76921
1554.3	1.21986
1556.96	9.20888
1559.62	17.1979
1562.28	7.18678
1564.94	5.17565
1567.59	15.1645
1570.25	5.15326
1572.9	13.142
1575.56	1.13068
1578.21	11.1193
1580.86	13.1079
1583.52	-0.903546
1586.17	9.08496
1588.82	7.07341
1591.47	-0.938173
1594.11	27.0502
1596.76	11.0385
1599.41	21.0268
1602.05	15.015
1604.69	7.00323
1607.34	14.9914
1609.98	8.97949
1612.62	0.967557
1615.26	10.9556
1617.9	4.94357
1620.54	-3.06849
1623.18	10.9194
1625.81	10.9073
1628.45	-9.1049
1631.08	-5.11712
1633.72	0.87063
1636.35	12.8583
1638.98	-3.154
1641.61	8.83363
1644.24	2.82122
1646.87	-1.19123
1649.5	12.7963
1652.13	12.7838
1654.75	2.77121
1657.38	4.75863
1660	2.74599
1662.63	10.7333
1665.25	6.72063
1667.87	-3.29211
1670.49	10.6951
1673.11	10.6823
1675.73	14.6695
1678.35	2.65662
1680.96	6.64372
1683.58	6.63079
1686.19	-11.3822
1688.81	8.60481
1691.42	8.59179
1694.03	8.57872
1696.64	12.5656
1699.25	8.55251
1701.87	6.53934
1704.47	-5.47384
1707.08	16.5129
1709.69	8.4997
1712.29	12.4864
1714.9	6.47312
1717.5	14.4598
1720.1	10.4464
1722.71	0.433046
1725.31	16.4196
1727.91	6.40619
1730.51	24.3927
1733.1	14.3792
1735.7	2.3657
1738.3	4.35215
1740.89	8.33858
1743.49	10.325
1746.08	12.3114
1748.67	14.2977
1751.26	8.28404
1753.86	6.27034
1756.45	-3.74338
1759.03	-7.75712
1761.62	0.229105
1764.21	12.2153
1766.8	10.2015
1769.38	20.1877
1771.97	4.17381
1774.55	6.15993
1777.13	18.146
1779.71	8.13211
1782.29	12.1182
1784.87	-7.89579
1787.45	8.09023
1790.03	4.07623
1792.61	14.0622
1795.18	-5.95183
1797.76	24.0341
1800.33	18.02
1802.9	18.0059
1805.48	3.99182
1808.05	9.97769
1810.62	3.96354
1813.19	-2.05063
1815.76	1.93518
1818.33	-0.0790179
1820.89	25.9068
1823.46	1.89254
1826.02	21.8783
1828.59	9.86403
1831.15	1.84975
1833.71	1.83545
1836.27	-0.178854
1838.84	-0.193174
1841.39	1.79249
1843.95	11.7781
1846.51	7.76378
1849.07	9.74941
1851.62	15.735
1854.18	5.72062
1856.73	9.70621
1859.29	1.69178
1861.84	15.6774
1864.39	17.6629
1866.94	-4.35156
1869.49	9.63398
1872.04	11.6195
1874.59	13.605
1877.13	15.5905
1879.68	11.576
1882.22	3.56149
1884.77	19.547
1887.31	-0.467567
1889.85	13.5179
1892.39	9.50334
1894.93	7.48878
1897.47	9.47421
1900.01	3.45964
1902.55	9.44506
1905.09	11.4305
1907.62	-10.5841
1910.16	1.40128
1912.69	-0.613329
1915.22	3.37206
1917.76	11.3574
1920.29	7.34282
1922.82	1.32819
1925.35	3.31356
1927.88	15.2989
1930.4	-0.715716
1932.93	17.2696
1935.46	-0.745006
1937.98	9.24034
1940.51	3.22569
1943.03	17.211
1945.55	11.1964
1948.07	3.18171
1950.59	21.1671
1953.11	-2.84761
1955.63	13.1377
1958.15	9.12306
1960.67	9.1084
1963.18	-4.90627
1965.7	13.0791
1968.21	11.0644
1970.73	7.04972
1973.24	11.0351
1975.75	5.02039
1978.26	7.00572
1980.77	14.9911
1983.28	12.9764
1985.79	4.96174
1988.29	2.94708
1990.8	2.93242
1993.31	8.91777
1995.81	18.9031
1998.31	6.88848
