100.093	25.265
103.274	5.30272
106.457	25.3402
109.636	15.3776
112.817	15.4148
115.994	33.4518
119.172	17.4886
122.347	19.5253
125.521	-4.43821
128.696	-2.40185
131.868	11.6343
135.039	17.6703
138.209	7.70614
141.379	9.74184
144.547	11.7773
147.713	11.8127
150.879	9.84787
154.043	11.8829
157.206	15.9177
160.368	21.9524
163.529	9.98696
166.689	26.0213
169.848	10.0555
173.006	10.0896
176.163	10.1235
179.316	12.1572
182.471	12.1908
185.625	8.22416
188.777	2.25742
191.927	10.2905
195.077	-1.67657
198.224	2.35619
201.372	6.38882
204.52	14.4213
207.664	14.4536
210.809	14.4857
213.95	8.51772
217.091	8.54955
220.233	8.58124
223.372	8.61276
226.509	-1.35587
229.648	16.6754
232.784	16.7064
235.918	14.7373
239.051	10.7681
242.186	20.7987
245.317	0.829189
248.447	6.8595
251.577	6.88966
254.705	14.9197
257.832	8.94952
260.958	8.97924
264.083	-4.9912
267.204	19.0382
270.327	11.0675
273.449	7.09659
276.57	-0.874439
279.69	19.1544
282.806	17.1831
285.924	25.2116
289.04	13.24
292.154	3.26822
295.268	15.2963
298.379	11.3243
301.492	15.3521
304.601	23.3797
307.711	5.40727
310.818	1.43464
313.924	15.4619
317.031	3.48898
320.135	3.51592
323.238	11.5427
326.34	-2.4306
329.443	13.5959
332.543	19.6223
335.642	-0.351418
338.74	11.6747
341.836	1.70067
344.932	25.7265
348.027	3.7522
351.12	3.77776
354.213	-4.19682
357.302	15.8285
360.393	13.8536
363.482	3.87862
366.57	7.90351
369.656	7.92824
372.742	21.9528
375.827	13.9773
378.91	-7.99834
381.993	20.0259
385.073	4.04993
388.154	8.07388
391.232	14.0977
394.311	2.12136
397.387	18.1449
400.462	4.1683
403.536	8.19158
406.611	12.2147
409.683	-3.76224
412.754	6.26064
415.824	-1.7166
418.893	6.30603
421.961	18.3285
425.027	28.3509
428.093	18.3731
431.158	16.3953
434.222	-1.58274
437.284	-1.56088
440.346	-1.53914
443.407	4.48248
446.464	-1.49605
449.523	-1.47469
452.581	18.5466
455.635	0.567654
458.691	4.58864
461.743	-1.3905
464.797	4.63024
467.847	14.6509
470.899	6.67135
473.947	-5.30828
476.994	6.71196
480.043	10.7321
483.088	18.7521
486.133	8.77197
489.176	-1.20827
492.22	-7.18861
495.262	-5.16909
498.302	14.8503
501.341	20.8696
504.38	4.88876
507.417	12.9078
510.453	-1.07327
513.487	6.94553
516.521	18.9642
519.554	4.98281
522.586	5.00127
525.616	11.0196
528.646	-0.962166
531.675	9.05595
534.701	5.07394
537.729	7.09183
540.753	-6.89041
543.778	9.12724
546.8	3.14478
549.821	1.1622
552.844	5.17952
555.863	13.1967
558.881	-0.786204
561.898	-2.76923
564.916	9.24764
567.932	9.26439
570.946	23.281
573.959	15.2976
576.971	3.31397
579.982	15.3303
582.993	13.3465
586	11.3626
589.008	1.37855
592.015	3.39442
595.022	3.41019
598.025	-10.5742
601.029	3.44139
604.032	3.45683
607.033	3.47216
610.034	13.4874
613.032	9.5025
616.032	9.51752
619.028	-0.467571
622.023	3.54723
625.018	5.56192
628.013	9.57653
631.005	5.59101
633.997	3.6054
636.987	13.6197
639.977	7.63386
642.965	7.64793
645.952	1.6619
648.939	13.6758
651.924	-4.31046
654.909	1.70321
657.892	21.7168
660.873	7.73024
663.854	15.7436
666.835	-4.24313
669.813	11.77
672.791	9.7831
675.767	21.7961
678.743	3.80893
681.717	17.8217
684.692	-0.165636
687.664	11.8469
690.634	9.8594
693.606	-4.12822
696.575	13.8841
699.543	9.89624
702.51	1.90832
705.475	3.92031
708.44	5.9322
711.404	3.944
714.367	1.95571
717.329	3.96731
720.29	17.9788
723.25	5.99025
726.207	12.0016
729.166	24.0128
732.123	16.0239
735.077	12.035
738.032	12.0459
740.984	10.0568
743.938	10.0676
746.888	-1.92176
749.839	20.0888
752.788	28.0993
755.735	16.1097
758.682	12.12
761.627	8.13025
764.574	12.1404
767.517	8.15043
770.46	16.1604
773.402	8.17025
776.342	4.18003
779.282	10.1897
782.219	18.1993
785.157	4.20882
788.094	14.2183
791.029	6.22759
793.962	20.2368
796.896	10.246
799.828	20.2551
802.76	0.264073
805.689	16.273
808.619	26.2818
811.546	18.2905
814.473	8.29919
817.4	2.30776
820.324	14.3162
823.248	12.3246
826.17	18.333
829.092	14.3412
832.012	6.34934
834.932	12.3574
837.851	12.3654
840.768	8.37329
843.685	10.3811
846.599	28.3889
849.514	6.39651
852.428	24.4041
855.339	-7.58841
858.251	6.41901
861.16	12.4263
864.07	22.4336
866.978	8.44078
869.884	14.4479
872.792	20.4549
875.696	18.4618
878.599	6.4687
881.502	6.47549
884.404	16.4822
887.304	20.4888
890.204	20.4954
893.103	18.5019
896.001	6.50826
898.898	24.5146
901.794	20.5208
904.689	16.527
907.581	-3.4669
910.474	-1.46088
913.364	12.5451
916.256	16.5509
919.144	-3.44326
922.034	6.56246
924.92	-3.43189
927.808	-1.42631
930.693	20.5792
933.576	24.5846
936.459	6.58999
939.341	12.5953
942.222	18.6005
945.102	0.605631
947.981	2.6107
950.859	4.6157
953.737	8.62063
956.613	20.6255
959.488	4.63028
962.361	20.635
965.235	18.6396
968.105	6.64423
970.977	-7.35126
973.846	10.6532
976.716	-3.34245
979.583	24.6619
982.449	14.6661
985.316	8.67026
988.18	22.6744
991.043	2.67839
993.906	-5.31764
996.767	4.68625
999.628	8.69009
1002.49	16.6939
1005.35	12.6976
1008.2	20.7012
1011.06	10.7048
1013.91	26.7083
1016.77	18.7117
1019.62	0.71507
1022.48	16.7184
1025.33	18.7216
1028.18	2.72481
1031.03	12.7279
1033.87	18.731
1036.72	16.734
1039.57	12.7369
1042.41	4.73976
1045.26	4.74257
1048.1	10.7453
1050.94	6.74799
1053.78	18.7506
1056.62	0.753161
1059.46	10.7557
1062.3	4.75809
1065.14	2.76047
1067.97	10.7628
1070.81	14.765
1073.64	2.76723
1076.47	20.7694
1079.31	-5.22856
1082.14	10.7735
1084.97	14.7754
1087.8	18.7773
1090.63	2.77915
1093.45	10.7809
1096.28	22.7827
1099.1	10.7843
1101.93	10.7859
1104.75	-1.21251
1107.57	20.789
1110.39	12.7904
1113.21	14.7918
1116.03	10.7931
1118.85	18.7944
1121.66	6.79562
1124.48	10.7968
1127.3	12.7979
1130.11	16.7989
1132.92	10.7999
1135.73	0.800883
1138.54	8.80177
1141.35	12.8026
1144.16	18.8034
1146.97	6.80412
1149.78	0.80479
1152.58	6.80541
1155.39	14.806
1158.19	10.8065
1161	0.806964
1163.8	24.8074
1166.6	-1.19226
1169.4	18.808
1172.2	0.808308
1174.99	14.8085
1177.79	10.8087
1180.59	2.80878
1183.38	10.8088
1186.17	20.8088
1188.97	-1.1912
1191.76	0.80871
1194.55	12.8086
1197.34	0.808378
1200.13	18.8081
1202.92	10.8079
1205.7	10.8075
1208.49	2.80713
1211.27	4.8067
1214.06	10.8062
1216.84	2.80569
1219.62	6.80512
1222.4	14.8045
1225.18	10.8038
1227.96	12.8031
1230.74	24.8024
1233.51	12.8015
1236.29	6.8007
1239.06	14.7998
1241.84	10.7989
1244.61	8.79787
1247.38	12.7968
1250.15	16.7958
1252.92	10.7946
1255.69	10.7935
1258.46	8.79226
1261.23	10.791
1263.99	12.7897
1266.76	6.78837
1269.52	-1.21301
1272.28	14.7856
1275.05	16.7841
1277.81	8.78258
1280.57	6.78103
1283.33	18.7794
1286.08	10.7778
1288.84	2.77612
1291.6	10.7744
1294.35	10.7726
1297.11	6.77084
1299.86	24.769
1302.61	12.7671
1305.36	8.76519
1308.11	8.76323
1310.86	4.76123
1313.61	16.7592
1316.36	10.7571
1319.1	10.755
1321.85	4.75282
1324.59	-9.24937
1327.33	10.7484
1330.08	8.74612
1332.82	2.7438
1335.56	2.74145
1338.3	20.7391
1341.04	10.7366
1343.77	2.73418
1346.51	6.73168
1349.25	26.7291
1351.98	20.7266
1354.71	14.724
1357.45	-5.27868
1360.18	-3.28136
1362.91	-11.2841
1365.64	-1.28683
1368.37	12.7104
1371.09	2.70756
1373.82	-1.29529
1376.54	20.7018
1379.27	10.6989
1381.99	-3.30407
1384.72	16.6929
1387.44	14.6899
1390.16	10.6868
1392.88	12.6838
1395.6	14.6806
1398.31	28.6775
1401.03	2.67427
1403.75	-5.32895
1406.46	20.6678
1409.18	8.66449
1411.89	12.6612
1414.6	10.6578
1417.31	10.6544
1420.02	20.651
1422.73	6.64757
1425.44	18.6441
1428.15	26.6406
1430.85	12.637
1433.56	10.6335
1436.26	26.6299
1438.97	32.6262
1441.67	-3.37743
1444.37	20.6189
1447.07	2.61517
1449.77	2.61142
1452.47	18.6076
1455.16	12.6038
1457.86	4.6
1460.56	10.5961
1463.25	12.5922
1465.94	14.5883
1468.64	8.58438
1471.33	24.5804
1474.02	2.5764
1476.71	22.5724
1479.4	8.56831
1482.09	6.56423
1484.77	18.5601
1487.46	-3.44402
1490.14	6.55182
1492.83	0.547633
1495.51	14.5434
1498.19	-3.46082
1500.87	-3.46509
1503.55	12.5306
1506.23	-5.47369
1508.91	16.522
1511.59	6.5176
1514.27	18.5132
1516.94	12.5088
1519.62	18.5044
1522.29	2.4999
1524.96	6.49541
1527.63	14.4909
1530.3	20.4864
1532.97	6.48181
1535.64	12.4772
1538.31	14.4726
1540.98	22.468
1543.64	0.463357
1546.31	4.45869
1548.97	20.454
1551.63	6.44928
1554.3	2.44455
1556.96	4.43979
1559.62	14.435
1562.28	-3.56979
1564.94	12.4254
1567.59	8.42055
1570.25	10.4157
1572.9	4.41081
1575.56	20.4059
1578.21	6.40098
1580.86	6.39604
1583.52	6.39108
1586.17	4.3861
1588.82	10.3811
1591.47	-5.62393
1594.11	30.371
1596.76	12.366
1599.41	10.3609
1602.05	10.3558
1604.69	10.3507
1607.34	6.34556
1609.98	6.34041
1612.62	-1.66476
1615.26	12.3301
1617.9	18.3249
1620.54	6.31963
1623.18	6.3144
1625.81	30.3091
1628.45	-1.69613
1631.08	6.29858
1633.72	0.293281
1636.35	10.288
1638.98	12.2826
1641.61	6.27727
1644.24	10.2719
1646.87	-3.73348
1649.5	12.2611
1652.13	14.2557
1654.75	-3.74972
1657.38	4.24484
1660	16.2394
1662.63	-5.76609
1665.25	18.2284
1667.87	6.22291
1670.49	-5.7826
1673.11	6.21187
1675.73	14.2063
1678.35	8.20077
1680.96	8.1952
1683.58	2.18962
1686.19	22.184
1688.81	30.1784
1691.42	4.17279
1694.03	12.1672
1696.64	8.16151
1699.25	0.155853
1701.87	8.15018
1704.47	0.144497
1707.08	16.1388
1709.69	12.1331
1712.29	12.1274
1714.9	16.1217
1717.5	0.115914
1720.1	8.11016
1722.71	10.1044
1725.31	8.09863
1727.91	10.0928
1730.51	16.0871
1733.1	8.08125
1735.7	12.0754
1738.3	14.0696
1740.89	16.0638
1743.49	4.05794
1746.08	14.0521
1748.67	4.04623
1751.26	8.04037
1753.86	8.03449
1756.45	6.0286
1759.03	18.0227
1761.62	10.0168
1764.21	16.0109
1766.8	10.005
1769.38	5.99905
1771.97	15.9931
1774.55	9.98716
1777.13	5.98121
1779.71	25.9753
1782.29	-4.0307
1784.87	17.9633
1787.45	3.95734
1790.03	5.95136
1792.61	21.9454
1795.18	5.93937
1797.76	11.9334
1800.33	9.92736
1802.9	21.9213
1805.48	15.9153
1808.05	-4.09071
1810.62	17.9033
1813.19	9.89722
1815.76	-0.108823
1818.33	1.88513
1820.89	7.87907
1823.46	1.87302
1826.02	17.867
1828.59	19.8609
1831.15	11.8548
1833.71	15.8487
1836.27	17.8427
1838.84	13.8366
1841.39	-0.169508
1843.95	1.8244
1846.51	-2.18169
1849.07	9.81221
1851.62	17.8061
1854.18	-0.199992
1856.73	11.7939
1859.29	15.7878
1861.84	9.78168
1864.39	11.7756
1866.94	-0.230546
1869.49	9.76334
1872.04	17.7572
1874.59	15.7511
1877.13	19.745
1879.68	9.73885
1882.22	13.7327
1884.77	3.7266
1887.31	11.7205
1889.85	29.7143
1892.39	15.7082
1894.93	13.7021
1897.47	17.6959
1900.01	1.68982
1902.55	17.6837
1905.09	17.6776
1907.62	3.67142
1910.16	25.6653
1912.69	3.65916
1915.22	9.65303
1917.76	-8.3531
1920.29	5.64077
1922.82	21.6346
1925.35	15.6285
1927.88	1.62238
1930.4	23.6163
1932.93	7.61014
1935.46	5.60401
1937.98	11.5979
1940.51	11.5918
1943.03	-2.41435
1945.55	19.5795
1948.07	21.5734
1950.59	7.56732
1953.11	13.5612
1955.63	11.5551
1958.15	21.549
1960.67	3.5429
1963.18	25.5368
1965.7	19.5307
1968.21	-8.47538
1970.73	7.51854
1973.24	1.51245
1975.75	-0.493626
1978.26	13.5003
1980.77	13.4942
1983.28	9.48816
1985.79	17.4821
1988.29	1.47603
1990.8	23.47
1993.31	11.4639
1995.81	11.4579
1998.31	9.45184
