100.093	8.47763
103.274	4.56859
106.457	0.659111
109.636	2.74909
112.817	16.8386
115.994	10.9276
119.172	3.01622
122.347	3.10426
125.521	19.1918
128.696	9.27896
131.868	3.36556
135.039	9.45168
138.209	1.53733
141.379	-0.377436
144.547	9.70727
147.713	3.7915
150.879	-6.12474
154.043	25.9586
157.206	14.0414
160.368	8.12374
163.529	0.205638
166.689	-5.71293
169.848	6.36804
173.006	14.4486
176.163	10.5286
179.316	12.6081
182.471	2.68729
185.625	4.76597
188.777	8.8442
191.927	8.92193
195.077	-3.00074
198.224	-2.92392
201.372	11.1525
204.52	-0.771505
207.664	11.304
210.809	7.37907
213.95	5.45367
217.091	-2.47217
220.233	9.6016
223.372	17.6749
226.509	7.74772
229.648	3.82018
232.784	7.89215
235.918	19.9637
239.051	16.0348
242.186	8.10551
245.317	6.17576
248.447	4.24557
251.577	14.315
254.705	12.3839
257.832	20.4525
260.958	16.5206
264.083	12.5883
267.204	14.6555
270.327	8.72236
273.449	24.7888
276.57	12.8548
279.69	4.92042
282.806	18.9856
285.924	21.0503
289.04	13.1147
292.154	11.1786
295.268	-2.75783
298.379	17.3053
301.492	5.36799
304.601	-4.56972
307.711	15.4922
310.818	-8.44633
313.924	-4.38525
317.031	11.6755
320.135	25.7357
323.238	27.7956
326.34	7.8551
329.443	13.9142
332.543	11.9729
335.642	22.0312
338.74	16.0891
341.836	16.1467
344.932	2.20378
348.027	2.26052
351.12	8.31688
354.213	-3.62715
357.302	6.42839
360.393	12.4836
363.482	0.538418
366.57	16.5929
369.656	10.6469
372.742	8.70056
375.827	6.75387
378.91	10.8068
381.993	0.85932
385.073	14.9115
388.154	6.96328
391.232	9.01468
394.311	11.0658
397.387	5.11642
400.462	9.16672
403.536	11.2166
406.611	9.26625
409.683	-2.68454
412.754	-0.635702
415.824	13.4128
418.893	11.4609
421.961	15.5087
425.027	3.55607
428.093	15.6031
431.158	3.64981
434.222	5.69615
437.284	15.7421
440.346	17.7878
443.407	-0.166953
446.464	19.878
449.523	19.9225
452.581	5.96677
455.635	-1.98937
458.691	12.0542
461.743	12.0974
464.797	18.1402
467.847	12.1827
470.899	10.2249
473.947	-3.73331
476.994	-1.69184
480.043	28.3493
483.088	14.3901
486.133	14.4306
489.176	16.4707
492.22	8.51054
495.262	0.550012
498.302	2.58915
501.341	32.628
504.38	8.66644
507.417	8.70459
510.453	0.742424
513.487	18.7799
516.521	12.8171
519.554	10.8539
522.586	10.8905
525.616	8.92667
528.646	16.9626
531.675	12.9982
534.701	-2.96661
537.729	13.0683
540.753	17.103
543.778	19.1373
546.8	-4.82874
549.821	5.20493
552.844	7.23832
555.863	9.27137
558.881	3.30412
561.898	13.3366
564.916	11.3687
567.932	9.40055
570.946	7.43207
573.959	9.46329
576.971	1.49422
579.982	13.5248
582.993	17.5552
586	15.5852
589.008	11.6149
592.015	-2.35567
595.022	11.6735
598.025	-2.29771
601.029	3.73084
604.032	-6.24091
607.033	5.78704
610.034	-8.18528
613.032	13.8421
616.032	7.86919
619.028	-8.10402
622.023	17.9225
625.018	-2.05128
628.013	15.9747
631.005	0.000343662
633.997	6.02572
636.987	16.0508
639.977	14.0756
642.965	4.10018
645.952	10.1244
648.939	12.1484
651.924	4.17215
654.909	4.19559
657.892	4.21876
660.873	10.2416
663.854	-3.73574
666.835	6.28661
669.813	18.3087
672.791	18.3305
675.767	20.352
678.743	-3.62668
681.717	8.39432
684.692	8.41508
687.664	8.43556
690.634	4.45577
693.606	2.47574
696.575	12.4954
699.543	6.51487
702.51	10.5341
705.475	12.553
708.44	6.57164
711.404	10.5901
714.367	14.6082
717.329	6.62612
720.29	26.6438
723.25	18.6612
726.207	0.678313
729.166	8.69522
732.123	26.7119
735.077	12.7283
738.032	-1.25557
740.984	18.7603
743.938	22.776
746.888	8.79143
749.839	4.80662
752.788	12.8216
755.735	22.8363
758.682	16.8507
761.627	10.8649
764.574	6.87892
767.517	14.8927
770.46	16.9062
773.402	4.91945
776.342	8.93249
779.282	2.9453
782.219	10.9579
785.157	34.9702
788.094	24.9823
791.029	8.99423
793.962	23.0059
796.896	15.0173
799.828	15.0285
802.76	13.0395
805.689	9.05026
808.619	19.0608
811.546	19.0711
814.473	23.0812
817.4	17.0911
820.324	23.1007
823.248	27.1101
826.17	11.1194
829.092	15.1283
832.012	11.1371
834.932	3.14569
837.851	17.154
840.768	13.1622
843.685	27.1701
846.599	5.17782
849.514	9.18533
852.428	15.1926
855.339	3.1997
858.251	9.20658
861.16	7.21325
864.07	13.2197
866.978	25.226
869.884	7.23204
872.792	17.2379
875.696	13.2435
878.599	17.249
881.502	15.2542
884.404	5.2593
887.304	5.26415
890.204	21.2688
893.103	-0.726738
896.001	7.27752
898.898	7.28159
901.794	13.2855
904.689	17.2891
907.581	7.29263
910.474	27.2959
913.364	5.29903
916.256	5.30195
919.144	9.30468
922.034	-8.69278
924.92	21.3096
927.808	9.31174
930.693	5.31372
933.576	19.3155
936.459	19.3171
939.341	3.31856
942.222	19.3198
945.102	1.32087
947.981	13.3218
950.859	13.3225
953.737	11.323
956.613	15.3234
959.488	5.32353
962.361	9.32353
965.235	7.32335
968.105	11.323
970.977	-2.67752
973.846	3.32179
976.716	1.32092
979.583	1.31988
982.449	13.3187
985.316	5.3173
988.18	-2.68424
991.043	23.314
993.906	31.3122
996.767	9.31013
999.628	5.30792
1002.49	13.3055
1005.35	19.303
1008.2	23.3003
1011.06	13.2975
1013.91	21.2944
1016.77	19.2913
1019.62	11.2879
1022.48	19.2844
1025.33	17.2808
1028.18	5.27696
1031.03	7.27299
1033.87	7.26887
1036.72	11.2646
1039.57	15.2602
1042.41	17.2556
1045.26	11.2509
1048.1	13.246
1050.94	17.2409
1053.78	-2.76425
1056.62	-2.76958
1059.46	23.2249
1062.3	21.2193
1065.14	3.21355
1067.97	13.2076
1070.81	19.2016
1073.64	13.1954
1076.47	-2.81098
1079.31	7.18252
1082.14	13.1759
1084.97	9.16912
1087.8	15.1622
1090.63	21.1552
1093.45	-4.85203
1096.28	5.14065
1099.1	3.13318
1101.93	15.1256
1104.75	19.1179
1107.57	21.11
1110.39	19.102
1113.21	21.0939
1116.03	19.0856
1118.85	9.07719
1121.66	9.06866
1124.48	13.06
1127.3	13.0512
1130.11	13.0423
1132.92	15.0333
1135.73	-2.9759
1138.54	27.0148
1141.35	17.0054
1144.16	20.9958
1146.97	12.9862
1149.78	6.97639
1152.58	10.9665
1155.39	12.9565
1158.19	2.9463
1161	10.936
1163.8	12.9256
1166.6	18.9151
1169.4	6.9045
1172.2	4.89376
1174.99	8.88289
1177.79	22.8719
1180.59	2.86083
1183.38	10.8496
1186.17	-5.16169
1188.97	2.82688
1191.76	14.8153
1194.55	0.803692
1197.34	6.79193
1200.13	4.78006
1202.92	0.768079
1205.7	-3.244
1208.49	10.7438
1211.27	16.7315
1214.06	10.7191
1216.84	-3.29342
1219.62	-3.30603
1222.4	12.6812
1225.18	14.6684
1227.96	16.6555
1230.74	12.6425
1233.51	16.6293
1236.29	2.61612
1239.06	20.6028
1241.84	12.5894
1244.61	6.57584
1247.38	4.56222
1250.15	10.5485
1252.92	8.5347
1255.69	8.52079
1258.46	8.50679
1261.23	-9.50731
1263.99	8.47851
1266.76	14.4642
1269.52	18.4499
1272.28	12.4354
1275.05	4.42083
1277.81	0.406187
1280.57	26.3915
1283.33	10.3766
1286.08	8.36173
1288.84	10.3467
1291.6	10.3317
1294.35	8.31648
1297.11	16.3012
1299.86	10.2859
1302.61	2.27048
1305.36	12.255
1308.11	0.239393
1310.86	6.22373
1313.61	14.208
1316.36	12.1922
1319.1	-5.82374
1321.85	10.1603
1324.59	12.1442
1327.33	22.1281
1330.08	-3.88814
1332.82	0.0955676
1335.56	26.0792
1338.3	4.06275
1341.04	-11.9538
1343.77	20.0297
1346.51	14.013
1349.25	9.99626
1351.98	19.9795
1354.71	17.9626
1357.45	-8.05437
1360.18	13.9286
1362.91	1.91153
1365.64	11.8944
1368.37	7.87716
1371.09	11.8599
1373.82	-6.15748
1376.54	5.82511
1379.27	25.8076
1381.99	9.79007
1384.72	15.7725
1387.44	17.7548
1390.16	23.737
1392.88	1.71925
1395.6	13.7014
1398.31	19.6835
1401.03	13.6655
1403.75	-0.352544
1406.46	19.6293
1409.18	11.6112
1411.89	13.593
1414.6	13.5747
1417.31	17.5564
1420.02	11.538
1422.73	9.51957
1425.44	11.5011
1428.15	9.48254
1430.85	1.46393
1433.56	3.44529
1436.26	1.42658
1438.97	1.40783
1441.67	3.38903
1444.37	7.37018
1447.07	7.35128
1449.77	-4.66767
1452.47	3.31333
1455.16	15.2943
1457.86	1.27519
1460.56	17.2561
1463.25	5.23686
1465.94	15.2176
1468.64	13.1984
1471.33	3.17905
1474.02	11.1597
1476.71	11.1403
1479.4	-0.879177
1482.09	7.10134
1484.77	1.08181
1487.46	7.06224
1490.14	13.0426
1492.83	9.02299
1495.51	7.0033
1498.19	20.9836
1500.87	2.96382
1503.55	14.944
1506.23	6.92418
1508.91	4.90431
1511.59	18.8844
1514.27	10.8645
1516.94	14.8445
1519.62	14.8245
1522.29	16.8044
1524.96	10.7844
1527.63	4.76427
1530.3	8.74413
1532.97	22.724
1535.64	8.70377
1538.31	2.68354
1540.98	14.6633
1543.64	4.64301
1546.31	10.6227
1548.97	12.6024
1551.63	18.582
1554.3	-3.43838
1556.96	16.5412
1559.62	22.5208
1562.28	-1.49969
1564.94	-9.52017
1567.59	6.45932
1570.25	8.43879
1572.9	-3.58177
1575.56	22.3977
1578.21	12.3771
1580.86	6.35645
1583.52	-11.6642
1586.17	6.31516
1588.82	6.29448
1591.47	14.2738
1594.11	8.25308
1596.76	6.23236
1599.41	22.2116
1602.05	10.1909
1604.69	8.17009
1607.34	-3.8507
1609.98	12.1285
1612.62	4.10767
1615.26	12.0868
1617.9	4.066
1620.54	6.04514
1623.18	0.0242781
1625.81	8.00339
1628.45	11.9825
1631.08	9.96161
1633.72	3.94071
1636.35	5.91979
1638.98	11.8989
1641.61	3.87793
1644.24	1.85699
1646.87	5.83604
1649.5	1.81508
1652.13	13.7941
1654.75	-0.226847
1657.38	3.75219
1660	11.7312
1662.63	15.7102
1665.25	9.68924
1667.87	9.66826
1670.49	17.6473
1673.11	-0.373714
1675.73	-0.394705
1678.35	7.5843
1680.96	3.56331
1683.58	3.54233
1686.19	-2.47867
1688.81	-6.49966
1691.42	5.47936
1694.03	5.45837
1696.64	5.43739
1699.25	7.41642
1701.87	-2.60457
1704.47	3.37446
1707.08	17.3535
1709.69	1.33254
1712.29	-2.68842
1714.9	7.29063
1717.5	13.2697
1720.1	9.24876
1722.71	3.22783
1725.31	15.2069
1727.91	1.186
1730.51	11.1651
1733.1	9.14422
1735.7	9.12333
1738.3	-2.89754
1740.89	1.08161
1743.49	-0.939239
1746.08	1.03992
1748.67	7.0191
1751.26	12.9983
1753.86	6.9775
1756.45	18.9567
1759.03	16.936
1761.62	12.9152
1764.21	8.89447
1766.8	4.87375
1769.38	18.8531
1771.97	10.8324
1774.55	4.81168
1777.13	6.79103
1779.71	12.7704
1782.29	6.74979
1784.87	8.7292
1787.45	14.7086
1790.03	4.68807
1792.61	0.667526
1795.18	8.64702
1797.76	4.62652
1800.33	0.606051
1802.9	-7.41439
1805.48	14.5652
1808.05	12.5448
1810.62	8.5244
1813.19	12.5041
1815.76	8.48372
1818.33	0.463412
1820.89	10.4431
1823.46	18.4229
1826.02	12.4027
1828.59	6.38246
1831.15	4.3623
1833.71	-1.65786
1836.27	0.322032
1838.84	10.3019
1841.39	14.2819
1843.95	6.26187
1846.51	2.24187
1849.07	20.2219
1851.62	4.20197
1854.18	4.18206
1856.73	14.1622
1859.29	14.1424
1861.84	4.12255
1864.39	12.1028
1866.94	4.08303
1869.49	8.06333
1872.04	16.0437
1874.59	18.024
1877.13	12.0044
1879.68	7.98487
1882.22	11.9653
1884.77	7.94584
1887.31	3.92639
1889.85	-2.09303
1892.39	-4.11241
1894.93	-8.13174
1897.47	3.84894
1900.01	3.82968
1902.55	9.81046
1905.09	3.79128
1907.62	-4.22787
1910.16	3.75304
1912.69	-4.26602
1915.22	17.715
1917.76	-4.30401
1920.29	19.677
1922.82	13.6582
1925.35	11.6393
1927.88	9.6205
1930.4	5.60174
1932.93	9.58303
1935.46	1.56436
1937.98	15.5457
1940.51	7.52715
1943.03	5.50862
1945.55	19.4901
1948.07	-10.5283
1950.59	15.4533
1953.11	9.43496
1955.63	17.4167
1958.15	9.39842
1960.67	3.38022
1963.18	5.36208
1965.7	11.344
1968.21	-2.67407
1970.73	13.3079
1973.24	19.29
1975.75	9.27209
1978.26	-0.745758
1980.77	3.23646
1983.28	9.21871
1985.79	-2.79897
1988.29	7.1834
1990.8	15.1658
1993.31	3.14829
1995.81	5.13082
1998.31	-0.886587
