100.093	17.5513
103.274	9.59328
106.457	21.6348
109.636	9.6758
112.817	11.7164
115.994	25.7564
119.172	17.796
122.347	-0.164851
125.521	3.87381
128.696	17.912
131.868	9.94976
135.039	13.987
138.209	26.0239
141.379	16.0602
144.547	10.0962
147.713	6.13162
150.879	6.16664
154.043	18.2012
157.206	-1.76465
160.368	14.269
163.529	16.3023
166.689	6.33512
169.848	8.36751
173.006	16.3995
176.163	22.431
179.316	4.46207
182.471	0.492749
185.625	20.523
188.777	-3.44716
191.927	12.5822
195.077	0.611247
198.224	14.6398
201.372	18.668
204.52	10.6958
207.664	14.7231
210.809	8.75009
213.95	24.7766
217.091	12.8028
220.233	14.8285
223.372	16.8539
226.509	26.8789
229.648	14.9034
232.784	12.9276
235.918	30.9514
239.051	10.9748
242.186	14.9979
245.317	13.0205
248.447	29.0428
251.577	-2.93531
254.705	7.08621
257.832	7.10736
260.958	15.1281
264.083	13.1486
267.204	9.1686
270.327	17.1883
273.449	13.2076
276.57	9.22659
279.69	1.24521
282.806	15.2635
285.924	11.2814
289.04	11.2989
292.154	15.3161
295.268	17.333
298.379	5.34951
301.492	3.36569
304.601	-2.61848
307.711	17.397
310.818	9.41218
313.924	-0.572989
317.031	7.44152
320.135	7.45568
323.238	7.46952
326.34	21.483
329.443	17.4962
332.543	15.5091
335.642	5.52167
338.74	-0.46609
341.836	13.5458
344.932	17.5574
348.027	-0.431253
351.12	19.5797
354.213	13.5904
357.302	11.6008
360.393	7.61088
363.482	3.62066
366.57	3.63015
369.656	19.6393
372.742	15.6482
375.827	-8.34318
378.91	13.6651
381.993	25.6731
385.073	11.6809
388.154	13.6883
391.232	7.69548
394.311	7.70237
397.387	13.709
400.462	5.71531
403.536	19.7214
406.611	5.72715
409.683	7.73266
412.754	5.7379
415.824	9.74288
418.893	17.7476
421.961	3.75204
425.027	7.75623
428.093	19.7602
431.158	-0.236164
434.222	11.7673
437.284	1.77042
440.346	9.77334
443.407	3.776
446.464	3.77842
449.523	17.7806
452.581	1.78252
455.635	17.7842
458.691	15.7857
461.743	-2.21313
464.797	9.78785
467.847	5.78859
470.899	-8.2109
473.947	11.7894
476.994	9.78943
480.043	13.7893
483.088	9.78885
486.133	-6.21177
489.176	13.7874
492.22	17.7863
495.262	-4.21496
498.302	7.78355
501.341	21.7818
504.38	5.77992
507.417	5.77779
510.453	17.7755
513.487	13.7729
516.521	19.7702
519.554	15.7672
522.586	7.76407
525.616	1.76072
528.646	7.75717
531.675	7.75343
534.701	5.7495
537.729	1.74537
540.753	5.74106
543.778	19.7366
546.8	-8.26813
549.821	19.727
552.844	3.72194
555.863	5.71671
558.881	5.7113
561.898	13.7057
564.916	19.6999
567.932	13.694
570.946	7.68788
573.959	11.6816
576.971	17.6752
579.982	7.66854
582.993	5.66175
586	19.6548
589.008	9.64771
592.015	-2.35956
595.022	11.633
598.025	1.62544
601.029	11.6177
604.032	15.6098
607.033	9.60179
610.034	-2.4064
613.032	3.58527
616.032	13.5768
619.028	-0.431829
622.023	11.5594
625.018	7.55051
628.013	11.5415
631.005	11.5323
633.997	-0.477036
636.987	1.51352
639.977	3.50393
642.965	11.4942
645.952	15.4844
648.939	-2.52559
651.924	5.46432
654.909	-2.5459
657.892	1.44376
660.873	-4.56669
663.854	5.42273
666.835	7.41203
669.813	-2.59877
672.791	21.3903
675.767	3.37927
678.743	1.36812
681.717	5.35687
684.692	19.3455
687.664	7.33403
690.634	9.32247
693.606	1.31079
696.575	-0.700986
699.543	15.2871
702.51	-0.724828
705.475	13.2631
708.44	7.25095
711.404	9.23869
714.367	1.22635
717.329	7.21391
720.29	9.20139
723.25	11.1888
726.207	19.1761
729.166	5.16332
732.123	9.15046
735.077	3.13753
738.032	-0.875489
740.984	15.1114
743.938	7.09825
746.888	19.085
749.839	9.0717
752.788	5.05832
755.735	7.04487
758.682	21.0314
761.627	3.01777
764.574	9.00412
767.517	6.99041
770.46	0.976637
773.402	10.9628
776.342	-1.05108
779.282	16.935
782.219	10.921
785.157	6.90692
788.094	12.8928
791.029	20.8787
793.962	20.8645
796.896	8.85019
799.828	10.8359
802.76	14.8216
805.689	6.80717
808.619	20.7927
811.546	6.77827
814.473	22.7638
817.4	6.74922
820.324	18.7346
823.248	-1.27997
826.17	4.70539
829.092	14.6907
832.012	2.67601
834.932	0.661277
837.851	18.6465
840.768	16.6317
843.685	6.61692
846.599	6.6021
849.514	18.5872
852.428	18.5724
855.339	22.5575
858.251	22.5426
861.16	18.5277
864.07	16.5127
866.978	16.4978
869.884	12.4828
872.792	8.46786
875.696	2.45289
878.599	10.4379
881.502	12.4229
884.404	4.40794
887.304	6.39296
890.204	10.378
893.103	18.363
896.001	30.348
898.898	8.333
901.794	16.318
904.689	10.303
907.581	4.28809
910.474	16.2731
913.364	-3.74181
916.256	2.24325
919.144	12.2283
922.034	6.21343
924.92	4.19854
927.808	-5.81634
930.693	8.16881
933.576	8.15398
936.459	12.1392
939.341	2.12439
942.222	4.10962
945.102	6.09489
947.981	10.0802
950.859	0.065491
953.737	10.0508
956.613	16.0362
959.488	6.02162
962.361	0.00707017
965.235	5.99255
968.105	13.9781
970.977	5.96361
973.846	15.9492
976.716	11.9348
979.583	9.92052
982.449	-6.09377
985.316	13.892
988.18	9.8778
991.043	5.86365
993.906	5.84955
996.767	11.8355
999.628	3.82151
1002.49	19.8076
1005.35	7.79367
1008.2	15.7798
1011.06	-6.23395
1013.91	13.7523
1016.77	11.7387
1019.62	5.72506
1022.48	-4.28849
1025.33	1.69803
1028.18	5.68461
1031.03	3.67126
1033.87	17.658
1036.72	-0.355256
1039.57	-4.36841
1042.41	-0.381485
1045.26	-0.394495
1048.1	-6.40743
1050.94	1.5797
1053.78	9.56691
1056.62	-0.4458
1059.46	5.54156
1062.3	1.529
1065.14	23.5165
1067.97	7.50414
1070.81	9.49183
1073.64	21.4796
1076.47	-0.532547
1079.31	9.45539
1082.14	3.44342
1084.97	17.4315
1087.8	5.41974
1090.63	19.408
1093.45	13.3964
1096.28	9.38492
1099.1	9.3735
1101.93	11.3622
1104.75	5.35094
1107.57	5.33981
1110.39	19.3288
1113.21	3.31785
1116.03	5.30702
1118.85	11.2963
1121.66	-0.71433
1124.48	1.27515
1127.3	3.26474
1130.11	3.25443
1132.92	-0.755757
1135.73	5.23416
1138.54	1.22419
1141.35	9.21433
1144.16	5.20458
1146.97	-4.80506
1149.78	3.18543
1152.58	3.17603
1155.39	1.16675
1158.19	7.15758
1161	7.14854
1163.8	1.13962
1166.6	11.1308
1169.4	13.1221
1172.2	3.1136
1174.99	9.10517
1177.79	3.09688
1180.59	15.0887
1183.38	7.08068
1186.17	5.07276
1188.97	9.06499
1191.76	21.0573
1194.55	7.04983
1197.34	17.0425
1200.13	3.03522
1202.92	-0.971883
1205.7	3.02116
1208.49	9.01433
1211.27	9.00765
1214.06	15.0011
1216.84	-3.00529
1219.62	2.98846
1222.4	20.9823
1225.18	2.97638
1227.96	10.9706
1230.74	18.9649
1233.51	10.9594
1236.29	20.954
1239.06	0.948785
1241.84	-7.05628
1244.61	4.93881
1247.38	4.93405
1250.15	-1.07055
1252.92	4.925
1255.69	4.92071
1258.46	8.91659
1261.23	0.912615
1263.99	18.9088
1266.76	0.905161
1269.52	16.9017
1272.28	0.89836
1275.05	-3.1048
1277.81	2.89222
1280.57	2.8894
1283.33	2.88674
1286.08	16.8843
1288.84	6.88195
1291.6	14.8798
1294.35	8.87783
1297.11	22.876
1299.86	6.87442
1302.61	-1.12703
1305.36	18.8717
1308.11	2.8706
1310.86	8.86969
1313.61	-3.13105
1316.36	14.8684
1319.1	4.86803
1321.85	12.8678
1324.59	6.86783
1327.33	12.868
1330.08	2.86837
1332.82	2.86891
1335.56	2.86965
1338.3	4.87057
1341.04	8.87169
1343.77	8.87299
1346.51	10.8745
1349.25	6.87617
1351.98	-9.12195
1354.71	26.8801
1357.45	14.8824
1360.18	14.8849
1362.91	-1.11247
1365.64	2.89039
1368.37	12.8934
1371.09	14.8967
1373.82	18.9002
1376.54	6.90383
1379.27	20.9077
1381.99	8.91176
1384.72	20.916
1387.44	4.92052
1390.16	0.925203
1392.88	-1.0699
1395.6	14.9352
1398.31	10.9405
1401.03	-1.05397
1403.75	8.95176
1406.46	-1.04229
1409.18	20.9639
1411.89	18.9702
1414.6	12.9768
1417.31	-5.01637
1420.02	2.99065
1422.73	-5.00211
1425.44	13.0053
1428.15	15.013
1430.85	21.0209
1433.56	3.02903
1436.26	5.03738
1438.97	5.04594
1441.67	15.0547
1444.37	13.0637
1447.07	1.07297
1449.77	13.0824
1452.47	15.0921
1455.16	7.10205
1457.86	5.1122
1460.56	23.1226
1463.25	7.13319
1465.94	9.14403
1468.64	3.15511
1471.33	-0.833583
1474.02	1.17797
1476.71	17.1897
1479.4	1.20176
1482.09	3.21402
1484.77	-0.773494
1487.46	-2.76076
1490.14	17.2522
1492.83	5.26542
1495.51	15.2789
1498.19	-0.707433
1500.87	-0.693502
1503.55	23.3207
1506.23	7.33511
1508.91	17.3498
1511.59	1.36471
1514.27	-0.620132
1516.94	7.39528
1519.62	-4.58905
1522.29	7.42686
1524.96	11.443
1527.63	5.45944
1530.3	9.47611
1532.97	9.49303
1535.64	7.51021
1538.31	7.52764
1540.98	19.5453
1543.64	11.5633
1546.31	9.58146
1548.97	7.59993
1551.63	5.61864
1554.3	7.63763
1556.96	1.65686
1559.62	1.67635
1562.28	-0.303885
1564.94	3.71614
1567.59	7.73642
1570.25	-2.24302
1572.9	11.7778
1575.56	7.79889
1578.21	1.82023
1580.86	-6.15815
1583.52	5.86374
1586.17	13.8859
1588.82	-6.09168
1591.47	1.93102
1594.11	15.954
1596.76	5.97722
1599.41	8.00073
1602.05	0.0245158
1604.69	6.04858
1607.34	22.0729
1609.98	20.0975
1612.62	16.1224
1615.26	14.1476
1617.9	8.17304
1620.54	10.1988
1623.18	8.22477
1625.81	24.2511
1628.45	4.27763
1631.08	6.30448
1633.72	12.3316
1636.35	12.359
1638.98	10.3867
1641.61	8.41471
1644.24	2.44299
1646.87	18.4715
1649.5	6.5004
1652.13	4.52952
1654.75	22.559
1657.38	8.58866
1660	22.6187
1662.63	14.649
1665.25	-3.32044
1667.87	12.7104
1670.49	4.74161
1673.11	12.7731
1675.73	22.8048
1678.35	0.83689
1680.96	8.86924
1683.58	4.90188
1686.19	-3.06517
1688.81	12.9681
1691.42	-0.998386
1694.03	9.03547
1696.64	13.0696
1699.25	15.104
1701.87	13.1388
1704.47	7.17385
1707.08	7.2092
1709.69	17.2449
1712.29	21.2808
1714.9	11.3171
1717.5	23.3536
1720.1	13.3905
1722.71	5.4277
1725.31	-0.534817
1727.91	29.503
1730.51	7.54109
1733.1	9.5795
1735.7	13.6183
1738.3	3.65729
1740.89	13.6966
1743.49	3.7363
1746.08	17.7763
1748.67	-2.18342
1751.26	17.8572
1753.86	11.8981
1756.45	7.93934
1759.03	3.98088
1761.62	0.0227625
1764.21	0.0649396
1766.8	-1.89256
1769.38	22.1503
1771.97	-7.80658
1774.55	8.23689
1777.13	-5.71933
1779.71	32.3248
1782.29	10.3692
1784.87	16.4139
1787.45	28.459
1790.03	16.5044
1792.61	2.55016
1795.18	18.5962
1797.76	22.6426
1800.33	18.6893
1802.9	-1.26369
1805.48	24.7837
1808.05	-1.16865
1810.62	0.879365
1813.19	0.927712
1815.76	20.9764
1818.33	9.02541
1820.89	21.0748
1823.46	13.1244
1826.02	1.17443
1828.59	21.2248
1831.15	9.27541
1833.71	21.3264
1836.27	-2.62222
1838.84	17.4295
1841.39	17.4815
1843.95	13.5338
1846.51	19.5865
1849.07	23.6395
1851.62	19.6929
1854.18	19.7466
1856.73	9.80062
1859.29	15.855
1861.84	9.90973
1864.39	13.9648
1866.94	8.02023
1869.49	14.076
1872.04	20.1321
1874.59	12.1885
1877.13	12.2453
1879.68	26.3024
1882.22	12.3599
1884.77	18.4177
1887.31	2.47585
1889.85	6.53439
1892.39	0.593236
1894.93	16.6524
1897.47	18.712
1900.01	10.7719
1902.55	10.8322
1905.09	26.8928
1907.62	4.95376
1910.16	7.01504
1912.69	11.0767
1915.22	17.1387
1917.76	25.2011
1920.29	21.2638
1922.82	19.3269
1925.35	17.3904
1927.88	11.4541
1930.4	1.51828
1932.93	9.58278
1935.46	5.64764
1937.98	11.7129
1940.51	7.77845
1943.03	7.8444
1945.55	9.91066
1948.07	21.9773
1950.59	10.0443
1953.11	20.1117
1955.63	12.1794
1958.15	-3.75246
1960.67	24.316
1963.18	24.3848
1965.7	18.454
1968.21	4.52355
1970.73	18.5935
1973.24	6.66377
1975.75	22.7344
1978.26	18.8054
1980.77	10.8768
1983.28	20.9485
1985.79	19.0206
1988.29	23.0931
1990.8	21.166
1993.31	27.2392
1995.81	23.3128
1998.31	11.3867
