100.093	-5.26304
103.274	8.80807
106.457	24.879
109.636	10.9496
112.817	9.02004
115.994	7.09017
119.172	23.1601
122.347	-0.770251
125.521	-2.70085
128.696	15.3684
131.868	7.43727
135.039	1.50594
138.209	-0.425636
141.379	9.64259
144.547	13.7105
147.713	-2.22176
150.879	3.8457
154.043	3.91292
157.206	21.9799
160.368	0.0466364
163.529	18.1131
166.689	-1.82061
169.848	8.24541
173.006	16.3112
176.163	4.37673
179.316	12.442
182.471	4.50705
185.625	8.57188
188.777	-5.36353
191.927	2.70078
195.077	-1.23511
198.224	10.8287
201.372	12.8924
204.52	14.9558
207.664	13.0189
210.809	17.0818
213.95	7.14449
217.091	15.2069
220.233	-6.73086
223.372	7.33109
226.509	15.3928
229.648	11.4543
232.784	13.5156
235.918	13.5766
239.051	7.6374
242.186	-2.302
245.317	13.7583
248.447	25.8184
251.577	11.8783
254.705	1.93791
257.832	15.9973
260.958	2.05648
264.083	12.1154
267.204	12.1741
270.327	4.23256
273.449	-3.70919
276.57	26.3488
279.69	20.4066
282.806	2.46416
285.924	16.5215
289.04	2.5786
292.154	14.6354
295.268	16.6921
298.379	4.74849
301.492	2.80469
304.601	4.86063
307.711	0.916377
310.818	14.9719
313.924	13.0271
317.031	3.0822
320.135	9.13701
323.238	15.1916
326.34	5.24596
329.443	19.3001
332.543	5.35405
335.642	-8.59225
338.74	17.4612
341.836	7.51447
344.932	3.56749
348.027	9.6203
351.12	1.67288
354.213	5.72524
357.302	7.77734
360.393	-0.170737
363.482	3.88096
366.57	15.9324
369.656	3.98366
372.742	20.0347
375.827	14.0855
378.91	8.13609
381.993	22.1865
385.073	28.2366
388.154	18.2865
391.232	6.33624
394.311	10.3858
397.387	-1.56499
400.462	-5.51595
403.536	16.5329
406.611	-1.41848
409.683	12.6299
412.754	6.6781
415.824	10.7261
418.893	0.773806
421.961	8.82134
425.027	16.8687
428.093	-1.08424
431.158	2.96265
434.222	13.0093
437.284	9.05579
440.346	3.10204
443.407	1.14807
446.464	11.1939
449.523	33.2395
452.581	3.28488
455.635	-6.66996
458.691	9.37501
461.743	13.4197
464.797	1.4643
467.847	1.50862
470.899	5.55275
473.947	5.59664
476.994	5.64033
480.043	9.68383
483.088	5.72709
486.133	9.77015
489.176	9.813
492.22	9.85567
495.262	21.8981
498.302	5.94032
501.341	13.9823
504.38	20.0241
507.417	10.0657
510.453	10.1071
513.487	10.1483
516.521	20.1893
519.554	4.23006
522.586	16.2706
525.616	16.311
528.646	14.3511
531.675	18.3911
534.701	28.4308
537.729	6.47036
540.753	10.5097
543.778	14.5488
546.8	-3.41227
549.821	12.6264
552.844	4.66497
555.863	4.70327
558.881	8.74137
561.898	2.77926
564.916	6.81699
567.932	12.8545
570.946	12.8918
573.959	12.9289
576.971	16.9658
579.982	-0.997551
582.993	13.0389
586	1.07521
589.008	11.1113
592.015	1.14719
595.022	9.18289
598.025	17.2184
601.029	21.2537
604.032	9.28875
607.033	5.32363
610.034	7.35833
613.032	-2.60719
616.032	3.42712
619.028	9.46121
622.023	11.4951
625.018	-0.471206
628.013	-0.437684
631.005	5.59562
633.997	7.62873
636.987	21.6616
639.977	-2.30564
642.965	15.7269
645.952	13.7592
648.939	3.79134
651.924	5.82328
654.909	-2.14497
657.892	7.88658
660.873	9.91792
663.854	1.94909
666.835	13.9801
669.813	14.0108
672.791	6.04141
675.767	0.0717871
678.743	10.102
681.717	-9.86801
684.692	12.1618
687.664	-1.80858
690.634	26.2208
693.606	12.2501
696.575	2.27914
699.543	18.308
702.51	0.336651
705.475	4.36512
708.44	-1.60659
711.404	18.4215
714.367	14.4494
717.329	6.47713
720.29	14.5047
723.25	10.532
726.207	14.5591
729.166	12.5861
732.123	10.6129
735.077	8.63946
738.032	10.6659
740.984	0.692074
743.938	-1.28189
746.888	12.7439
749.839	14.7696
752.788	26.7951
755.735	8.82034
758.682	6.84543
761.627	4.87034
764.574	8.89508
767.517	18.9196
770.46	12.944
773.402	20.9681
776.342	8.99214
779.282	7.01594
782.219	7.03955
785.157	11.063
788.094	19.0862
791.029	7.10932
793.962	17.1322
796.896	21.1549
799.828	13.1774
802.76	21.1998
805.689	15.2219
808.619	13.2439
811.546	13.2657
814.473	-2.71266
817.4	13.3088
820.324	9.33004
823.248	27.3511
826.17	9.37201
829.092	13.3927
832.012	-4.58673
834.932	3.43363
837.851	11.4538
840.768	5.47382
843.685	19.4937
846.599	17.5133
849.514	25.5328
852.428	15.5521
855.339	19.5712
858.251	9.59011
861.16	23.6089
864.07	13.6275
866.978	5.64586
869.884	11.6641
872.792	5.68215
875.696	19.7
878.599	19.7177
881.502	15.7353
884.404	9.75262
887.304	15.7698
890.204	11.7868
893.103	-0.196362
896.001	17.8203
898.898	21.8368
901.794	17.8531
904.689	1.86924
907.581	3.8852
910.474	-4.099
913.364	13.9166
916.256	5.93207
919.144	11.9473
922.034	1.96245
924.92	5.97738
927.808	19.9921
930.693	8.00674
933.576	32.0212
936.459	-11.9646
939.341	14.0495
942.222	-1.9366
945.102	12.0771
947.981	20.0907
950.859	24.1041
953.737	10.1173
956.613	10.1304
959.488	24.1433
962.361	2.15603
965.235	6.16859
968.105	24.181
970.977	-5.80679
973.846	6.20526
976.716	12.2172
979.583	22.2289
982.449	14.2404
985.316	-5.74818
988.18	18.263
991.043	10.2741
993.906	4.28498
996.767	10.2957
999.628	18.3063
1002.49	2.31666
1005.35	8.3269
1008.2	6.33696
1011.06	16.3469
1013.91	6.3566
1016.77	12.3662
1019.62	4.37558
1022.48	-1.61517
1025.33	8.39391
1028.18	8.40283
1031.03	-3.58842
1033.87	0.420176
1036.72	20.4286
1039.57	6.43688
1042.41	2.44499
1045.26	22.4529
1048.1	8.46072
1050.94	20.4683
1053.78	10.4758
1056.62	14.4831
1059.46	12.4902
1062.3	-3.50277
1065.14	6.50405
1067.97	26.5107
1070.81	6.51721
1073.64	22.5236
1076.47	4.52974
1079.31	6.53577
1082.14	0.541629
1084.97	16.5473
1087.8	8.55289
1090.63	0.558277
1093.45	6.56351
1096.28	14.5686
1099.1	14.5735
1101.93	12.5783
1104.75	10.5829
1107.57	22.5873
1110.39	2.59161
1113.21	16.5957
1116.03	20.5997
1118.85	22.6035
1121.66	-5.39279
1124.48	8.61072
1127.3	8.61408
1130.11	6.61728
1132.92	18.6203
1135.73	8.62322
1138.54	-1.37404
1141.35	16.6285
1144.16	0.630976
1146.97	-5.36675
1149.78	-1.36462
1152.58	28.6373
1155.39	0.639164
1158.19	10.6408
1161	12.6423
1163.8	0.643701
1166.6	12.6449
1169.4	-5.35403
1172.2	4.64687
1174.99	8.64762
1177.79	18.6482
1180.59	26.6487
1183.38	12.649
1186.17	18.6491
1188.97	26.6491
1191.76	0.648971
1194.55	6.64867
1197.34	12.6482
1200.13	18.6476
1202.92	22.6469
1205.7	20.646
1208.49	-3.35508
1211.27	14.6437
1214.06	18.6424
1216.84	10.6409
1219.62	16.6392
1222.4	4.63746
1225.18	16.6355
1227.96	8.63344
1230.74	-7.36879
1233.51	2.62883
1236.29	14.6263
1239.06	16.6236
1241.84	4.62081
1244.61	24.6179
1247.38	6.61474
1250.15	12.6115
1252.92	2.60809
1255.69	6.60454
1258.46	8.60085
1261.23	-5.40299
1263.99	-1.40697
1266.76	2.5889
1269.52	4.58464
1272.28	12.5802
1275.05	16.5757
1277.81	10.571
1280.57	0.566119
1283.33	20.5611
1286.08	14.556
1288.84	18.5507
1291.6	28.5453
1294.35	10.5398
1297.11	10.5341
1299.86	18.5282
1302.61	0.522222
1305.36	8.5161
1308.11	2.50983
1310.86	8.50342
1313.61	18.4969
1316.36	12.4902
1319.1	8.48335
1321.85	10.4764
1324.59	18.4693
1327.33	2.46202
1330.08	16.4546
1332.82	20.4471
1335.56	-7.56058
1338.3	12.4316
1341.04	8.42367
1343.77	28.4156
1346.51	6.40736
1349.25	8.39899
1351.98	0.390492
1354.71	12.3818
1357.45	10.3731
1360.18	6.36416
1362.91	12.3551
1365.64	6.34591
1368.37	16.3366
1371.09	14.3271
1373.82	4.31752
1376.54	-3.69221
1379.27	2.29792
1381.99	14.2879
1384.72	18.2778
1387.44	6.26748
1390.16	2.25707
1392.88	4.24652
1395.6	6.23583
1398.31	8.22501
1401.03	6.21406
1403.75	10.203
1406.46	8.19174
1409.18	20.1804
1411.89	22.1689
1414.6	0.157269
1417.31	10.1455
1420.02	18.1336
1422.73	14.1216
1425.44	10.1094
1428.15	10.0972
1430.85	20.0847
1433.56	14.0722
1436.26	12.0595
1438.97	6.04667
1441.67	2.03372
1444.37	-1.97936
1447.07	12.0074
1449.77	15.9941
1452.47	17.9806
1455.16	3.967
1457.86	1.95327
1460.56	17.9394
1463.25	9.9254
1465.94	21.9113
1468.64	3.89702
1471.33	5.88264
1474.02	13.8681
1476.71	5.85348
1479.4	15.8387
1482.09	13.8238
1484.77	11.8088
1487.46	11.7936
1490.14	9.77832
1492.83	7.7629
1495.51	1.74736
1498.19	-6.26831
1500.87	25.7159
1503.55	15.7
1506.23	9.68391
1508.91	27.6677
1511.59	19.6514
1514.27	3.63499
1516.94	11.6184
1519.62	5.60174
1522.29	21.5849
1524.96	17.568
1527.63	11.5509
1530.3	3.53375
1532.97	39.5164
1535.64	17.499
1538.31	3.48142
1540.98	7.46374
1543.64	9.44592
1546.31	9.42799
1548.97	17.4099
1551.63	7.39174
1554.3	9.37343
1556.96	17.355
1559.62	13.3364
1562.28	3.31776
1564.94	13.299
1567.59	5.28004
1570.25	7.26099
1572.9	-4.75819
1575.56	1.22252
1578.21	-0.79689
1580.86	-4.81643
1583.52	1.1639
1586.17	-0.855872
1588.82	11.1242
1591.47	13.1042
1594.11	9.08406
1596.76	15.0638
1599.41	7.04341
1602.05	7.0229
1604.69	9.00228
1607.34	-5.01847
1609.98	0.960659
1612.62	4.93967
1615.26	8.91856
1617.9	6.89734
1620.54	20.876
1623.18	2.85453
1625.81	14.8329
1628.45	12.8112
1631.08	2.78942
1633.72	16.7675
1636.35	6.74543
1638.98	4.72325
1641.61	-1.29904
1644.24	14.6785
1646.87	18.656
1649.5	-3.36663
1652.13	2.61061
1654.75	12.5877
1657.38	12.5647
1660	-3.45838
1662.63	6.51839
1665.25	12.495
1667.87	0.471575
1670.49	14.448
1673.11	4.42431
1675.73	10.4005
1678.35	8.37657
1680.96	6.35253
1683.58	0.328384
1686.19	6.30411
1688.81	16.2797
1691.42	0.255225
1694.03	2.2306
1696.64	4.20588
1699.25	8.18104
1701.87	2.15607
1704.47	12.131
1707.08	10.1058
1709.69	16.0805
1712.29	4.05512
1714.9	8.02959
1717.5	-1.99603
1720.1	13.9782
1722.71	3.95235
1725.31	7.92638
1727.91	5.90029
1730.51	7.8741
1733.1	19.8478
1735.7	-0.178638
1738.3	-0.205168
1740.89	9.76819
1743.49	13.7414
1746.08	3.71457
1748.67	3.68759
1751.26	11.6605
1753.86	7.63331
1756.45	5.606
1759.03	7.57859
1761.62	3.55105
1764.21	13.5234
1766.8	13.4957
1769.38	5.46783
1771.97	11.4398
1774.55	15.4118
1777.13	3.38358
1779.71	3.35529
1782.29	9.3269
1784.87	21.2984
1787.45	-8.73024
1790.03	15.241
1792.61	15.2122
1795.18	17.1833
1797.76	1.15421
1800.33	13.1251
1802.9	21.0958
1805.48	9.06642
1808.05	23.0369
1810.62	17.0074
1813.19	-1.02234
1815.76	10.9479
1818.33	18.9179
1820.89	-7.11207
1823.46	8.85782
1826.02	10.8276
1828.59	8.79727
1831.15	10.7668
1833.71	14.7363
1836.27	0.705642
1838.84	-5.32511
1841.39	12.644
1843.95	16.6131
1846.51	4.58201
1849.07	22.5509
1851.62	-7.48042
1854.18	20.4882
1856.73	6.45672
1859.29	14.4251
1861.84	14.3934
1864.39	8.36165
1866.94	12.3297
1869.49	6.29774
1872.04	12.2656
1874.59	16.2334
1877.13	-3.79887
1879.68	18.1687
1882.22	0.136215
1884.77	16.1036
1887.31	2.07089
1889.85	4.03806
1892.39	18.0051
1894.93	5.97213
1897.47	7.93899
1900.01	13.9058
1902.55	5.87245
1905.09	-2.16098
1907.62	7.80549
1910.16	5.77188
1912.69	11.7381
1915.22	1.70431
1917.76	17.6704
1920.29	7.63635
1922.82	-0.397768
1925.35	21.568
1927.88	-4.46633
1930.4	9.49924
1932.93	-0.535282
1935.46	5.43009
1937.98	11.3954
1940.51	3.36054
1943.03	5.32561
1945.55	-2.7094
1948.07	-0.744525
1950.59	15.2203
1953.11	9.18494
1955.63	-4.85046
1958.15	11.114
1960.67	9.07843
1963.18	-0.957276
1965.7	7.00692
1968.21	12.971
1970.73	18.935
1973.24	0.898915
1975.75	6.86274
1978.26	10.8264
1980.77	16.7901
1983.28	12.7536
1985.79	4.71701
1988.29	8.68035
1990.8	10.6436
1993.31	6.6067
1995.81	6.56974
1998.31	8.53271
