100.093	4.5777
103.274	14.6518
106.457	10.7256
109.636	10.7989
112.817	18.8719
115.994	18.9444
119.172	11.0166
122.347	27.0884
125.521	17.1597
128.696	7.23074
131.868	3.30131
135.039	3.3715
138.209	1.4413
141.379	1.51077
144.547	-4.4202
147.713	9.64846
150.879	-4.28327
154.043	17.7846
157.206	1.85213
160.368	17.9193
163.529	-2.01397
166.689	10.0524
169.848	4.11844
173.006	16.1841
176.163	10.2494
179.316	6.31422
182.471	10.3788
185.625	8.44292
188.777	0.506728
191.927	4.57013
195.077	14.6332
198.224	0.695884
201.372	6.75824
204.52	12.8202
207.664	6.88184
210.809	10.9431
213.95	13.004
217.091	5.06456
220.233	17.1248
223.372	13.1846
226.509	-2.75589
229.648	-0.696711
232.784	1.36208
235.918	13.4205
239.051	9.47863
242.186	11.5364
245.317	33.5938
248.447	13.6509
251.577	9.70766
254.705	-4.23594
257.832	7.82012
260.958	5.87585
264.083	5.93124
267.204	5.98626
270.327	14.041
273.449	4.09539
276.57	16.1495
279.69	16.2032
282.806	16.2566
285.924	12.3097
289.04	16.3624
292.154	2.41484
295.268	18.467
298.379	4.51872
301.492	10.5702
304.601	14.6213
307.711	6.67217
310.818	10.7227
313.924	4.77284
317.031	0.822742
320.135	10.8723
323.238	8.92154
326.34	-7.02953
329.443	-2.98087
332.543	15.0675
335.642	1.11546
338.74	7.16317
341.836	19.2106
344.932	5.25768
348.027	7.30448
351.12	15.351
354.213	7.39718
357.302	3.44305
360.393	1.48866
363.482	11.534
366.57	19.579
369.656	-2.37631
372.742	-2.33188
375.827	1.71226
378.91	7.75608
381.993	5.79965
385.073	13.8429
388.154	1.88589
391.232	11.9286
394.311	1.97099
397.387	10.0131
400.462	12.0549
403.536	24.0965
406.611	10.1378
409.683	-1.82122
412.754	-3.7805
415.824	14.2599
418.893	2.30011
421.961	12.34
425.027	4.37962
428.093	4.41897
431.158	4.45806
434.222	-1.50313
437.284	12.5354
440.346	0.573693
443.407	8.61171
446.464	2.64943
449.523	16.6869
452.581	6.72414
455.635	-5.23892
458.691	2.79778
461.743	18.8342
464.797	-3.12961
467.847	6.9063
470.899	0.941973
473.947	-1.02263
476.994	7.01252
480.043	-0.952568
483.088	7.08207
486.133	11.1165
489.176	5.15061
492.22	9.18453
495.262	11.2182
498.302	5.25158
501.341	1.28474
504.38	11.3177
507.417	11.3503
510.453	17.3828
513.487	-0.585061
516.521	13.4469
519.554	9.47861
522.586	9.51009
525.616	-2.45869
528.646	5.57232
531.675	7.6031
534.701	7.63362
537.729	-4.33606
540.753	17.694
543.778	9.72385
546.8	1.75346
549.821	11.7828
552.844	9.812
555.863	1.84093
558.881	-4.13037
561.898	-2.10189
564.916	15.9264
567.932	7.95442
570.946	7.98224
573.959	0.00983985
576.971	6.03722
579.982	14.0644
582.993	10.0913
586	14.118
589.008	16.1446
592.015	2.17087
595.022	14.197
598.025	20.2228
601.029	12.2485
604.032	6.27398
607.033	6.29922
610.034	8.32428
613.032	6.34911
616.032	4.37375
619.028	14.3982
622.023	10.4224
625.018	12.4464
628.013	14.4702
631.005	-3.50613
633.997	4.51729
636.987	-1.45949
639.977	10.5635
642.965	-3.41363
645.952	4.60901
648.939	-1.36855
651.924	18.6537
654.909	4.67577
657.892	8.69764
660.873	12.7193
663.854	-1.2592
666.835	12.7621
669.813	24.7832
672.791	2.80414
675.767	6.82487
678.743	8.84544
681.717	2.8658
684.692	14.886
687.664	2.90601
690.634	6.92584
693.606	10.9455
696.575	4.96497
699.543	10.9843
702.51	19.0034
705.475	-4.97768
708.44	-6.95891
711.404	7.05968
714.367	13.0781
717.329	1.09636
720.29	1.11444
723.25	5.13235
726.207	9.15009
729.166	15.1677
732.123	-0.814926
735.077	7.20231
738.032	5.21939
740.984	25.2363
743.938	11.253
746.888	21.2696
749.839	11.2861
752.788	5.30232
755.735	5.31843
758.682	11.3344
761.627	19.3502
764.574	7.3658
767.517	11.3813
770.46	21.3966
773.402	19.4118
776.342	13.4268
779.282	11.4416
782.219	11.4564
785.157	21.4709
788.094	3.48533
791.029	7.4996
793.962	5.51371
796.896	11.5277
799.828	19.5415
802.76	15.5552
805.689	11.5687
808.619	15.5821
811.546	9.59537
814.473	15.6085
817.4	11.6215
820.324	9.63428
823.248	3.64697
826.17	19.6595
829.092	3.67194
832.012	27.6842
834.932	11.6964
837.851	9.70838
840.768	27.7203
843.685	25.732
846.599	3.74362
849.514	-0.244888
852.428	-2.23353
855.339	9.77769
858.251	13.7888
861.16	1.79976
864.07	1.81061
866.978	5.82133
869.884	17.8319
872.792	15.8424
875.696	9.85275
878.599	9.86298
881.502	7.87308
884.404	-0.116933
887.304	11.8929
890.204	15.9027
893.103	5.91231
896.001	11.9218
898.898	1.93123
901.794	-0.059487
904.689	3.94968
907.581	1.95874
910.474	13.9677
913.364	17.9765
916.256	-4.01477
919.144	7.99384
922.034	-5.99766
924.92	16.0107
927.808	10.019
930.693	14.0272
933.576	14.0353
936.459	0.0432393
939.341	6.0511
942.222	6.05886
945.102	12.0665
947.981	-7.92592
950.859	2.08153
953.737	18.0889
956.613	6.09614
959.488	10.1033
962.361	18.1104
965.235	0.117319
968.105	12.1242
970.977	12.131
973.846	14.1376
976.716	18.1442
979.583	8.1507
982.449	2.1571
985.316	8.16341
988.18	16.1696
991.043	-3.82425
993.906	6.18178
996.767	4.18773
999.628	8.19359
1002.49	4.19937
1005.35	6.20506
1008.2	8.21066
1011.06	22.2162
1013.91	8.22162
1016.77	18.227
1019.62	0.232243
1022.48	6.23744
1025.33	4.24255
1028.18	12.2476
1031.03	8.25253
1033.87	12.2574
1036.72	0.262203
1039.57	18.2669
1042.41	26.2716
1045.26	0.276138
1048.1	2.28063
1050.94	-3.71494
1053.78	16.2894
1056.62	0.293686
1059.46	16.2979
1062.3	12.302
1065.14	20.3061
1067.97	10.3101
1070.81	4.31403
1073.64	12.3179
1076.47	4.32168
1079.31	16.3254
1082.14	20.3291
1084.97	22.3327
1087.8	10.3362
1090.63	20.3397
1093.45	8.34311
1096.28	4.34646
1099.1	6.34975
1101.93	12.353
1104.75	8.35615
1107.57	6.35926
1110.39	10.3623
1113.21	0.365316
1116.03	-1.63174
1118.85	18.3711
1121.66	12.374
1124.48	-3.62325
1127.3	12.3795
1130.11	10.3822
1132.92	6.38477
1135.73	10.3873
1138.54	12.3899
1141.35	10.3923
1144.16	4.39474
1146.97	14.3971
1149.78	12.3994
1152.58	10.4017
1155.39	8.40394
1158.19	0.406123
1161	12.4083
1163.8	16.4104
1166.6	2.41241
1169.4	6.41442
1172.2	4.41638
1174.99	-3.58169
1177.79	4.42019
1180.59	12.422
1183.38	6.42384
1186.17	2.42561
1188.97	6.42734
1191.76	4.42903
1194.55	4.43069
1197.34	2.43231
1200.13	2.43389
1202.92	4.43544
1205.7	6.43696
1208.49	12.4384
1211.27	6.43989
1214.06	6.44131
1216.84	-3.5573
1219.62	4.44405
1222.4	-3.55462
1225.18	16.4467
1227.96	0.44795
1230.74	-9.55081
1233.51	6.45041
1236.29	26.4516
1239.06	12.4528
1241.84	8.4539
1244.61	0.455012
1247.38	10.4561
1250.15	14.4572
1252.92	16.4582
1255.69	2.45924
1258.46	-1.53976
1261.23	22.4612
1263.99	2.46218
1266.76	20.4631
1269.52	-3.53595
1272.28	12.465
1275.05	10.4658
1277.81	10.4667
1280.57	14.4676
1283.33	-1.53159
1286.08	8.46924
1288.84	2.47005
1291.6	2.47085
1294.35	16.4716
1297.11	4.47241
1299.86	16.4732
1302.61	2.47392
1305.36	6.47466
1308.11	18.4754
1310.86	6.47612
1313.61	12.4768
1316.36	4.47754
1319.1	10.4782
1321.85	6.47893
1324.59	28.4796
1327.33	4.4803
1330.08	16.481
1332.82	14.4817
1335.56	0.482322
1338.3	10.483
1341.04	-1.51634
1343.77	4.48432
1346.51	-1.51502
1349.25	4.48565
1351.98	12.4863
1354.71	6.48697
1357.45	18.4876
1360.18	6.48831
1362.91	12.489
1365.64	12.4897
1368.37	14.4903
1371.09	10.491
1373.82	16.4917
1376.54	4.49239
1379.27	20.4931
1381.99	4.4938
1384.72	-5.50549
1387.44	-1.50477
1390.16	8.49596
1392.88	12.4967
1395.6	18.4975
1398.31	8.49821
1401.03	18.499
1403.75	-1.50023
1406.46	6.50057
1409.18	24.5014
1411.89	6.50219
1414.6	16.503
1417.31	8.50388
1420.02	-1.49525
1422.73	14.5056
1425.44	12.5065
1428.15	16.5074
1430.85	16.5084
1433.56	-3.49068
1436.26	6.51029
1438.97	12.5113
1441.67	2.51228
1444.37	-1.48669
1447.07	20.5144
1449.77	6.51542
1452.47	4.51651
1455.16	14.5176
1457.86	16.5188
1460.56	2.51993
1463.25	10.5211
1465.94	4.52232
1468.64	2.52355
1471.33	10.5248
1474.02	-1.4739
1476.71	2.52741
1479.4	6.52876
1482.09	18.5301
1484.77	2.53152
1487.46	0.532949
1490.14	2.53441
1492.83	10.5359
1495.51	2.53741
1498.19	16.539
1500.87	10.5405
1503.55	14.5422
1506.23	4.5438
1508.91	10.5455
1511.59	6.54719
1514.27	6.54894
1516.94	18.5507
1519.62	-3.44746
1522.29	4.5544
1524.96	8.55629
1527.63	16.5582
1530.3	0.560181
1532.97	6.56219
1535.64	2.56423
1538.31	10.5663
1540.98	2.56843
1543.64	6.5706
1546.31	10.5728
1548.97	-1.42496
1551.63	-1.42267
1554.3	12.5797
1556.96	10.582
1559.62	28.5844
1562.28	10.5869
1564.94	-9.41059
1567.59	16.592
1570.25	-3.40545
1572.9	2.59719
1575.56	22.5999
1578.21	6.60261
1580.86	14.6054
1583.52	10.6082
1586.17	20.6111
1588.82	10.614
1591.47	-3.383
1594.11	10.62
1596.76	8.6231
1599.41	4.62623
1602.05	26.6294
1604.69	20.6326
1607.34	10.6359
1609.98	4.63926
1612.62	16.6426
1615.26	12.6461
1617.9	2.64959
1620.54	0.653143
1623.18	18.6567
1625.81	10.6604
1628.45	6.66413
1631.08	4.66791
1633.72	6.67175
1636.35	12.6756
1638.98	8.67959
1641.61	6.6836
1644.24	6.68767
1646.87	8.6918
1649.5	6.69599
1652.13	10.7002
1654.75	22.7045
1657.38	8.70892
1660	12.7134
1662.63	36.7178
1665.25	8.72241
1667.87	0.727032
1670.49	10.7317
1673.11	14.7365
1675.73	4.74129
1678.35	-9.25383
1680.96	8.75112
1683.58	2.75613
1686.19	8.76121
1688.81	8.76636
1691.42	8.77157
1694.03	2.77686
1696.64	10.7822
1699.25	14.7876
1701.87	2.79312
1704.47	0.798684
1707.08	-1.19568
1709.69	2.81002
1712.29	22.8158
1714.9	2.82164
1717.5	2.82755
1720.1	6.83354
1722.71	6.83961
1725.31	4.84574
1727.91	8.85195
1730.51	6.85823
1733.1	18.8646
1735.7	14.871
1738.3	8.87754
1740.89	10.8841
1743.49	-3.10921
1746.08	-3.10247
1748.67	4.90435
1751.26	16.9112
1753.86	-1.08178
1756.45	4.92527
1759.03	10.9324
1761.62	2.93961
1764.21	14.9469
1766.8	-1.04573
1769.38	18.9617
1771.97	8.96926
1774.55	12.9769
1777.13	-1.01542
1779.71	8.99236
1782.29	15.0002
1784.87	7.00817
1787.45	23.0162
1790.03	9.02431
1792.61	11.0325
1795.18	9.0408
1797.76	13.0492
1800.33	17.0576
1802.9	11.0662
1805.48	3.07479
1808.05	7.08351
1810.62	15.0923
1813.19	11.1012
1815.76	17.1102
1818.33	9.11926
1820.89	11.1284
1823.46	11.1377
1826.02	15.147
1828.59	5.15643
1831.15	7.16595
1833.71	13.1756
1836.27	17.1853
1838.84	13.1951
1841.39	1.20495
1843.95	25.2149
1846.51	21.225
1849.07	-0.764837
1851.62	27.2454
1854.18	17.2558
1856.73	7.26623
1859.29	3.27678
1861.84	7.28742
1864.39	17.2981
1866.94	15.309
1869.49	1.31992
1872.04	7.33094
1874.59	-6.65793
1877.13	1.35329
1879.68	1.3646
1882.22	-4.62398
1884.77	1.38755
1887.31	9.39916
1889.85	21.4109
1892.39	5.42269
1894.93	19.4346
1897.47	7.44663
1900.01	25.4588
1902.55	-0.529026
1905.09	5.4833
1907.62	19.4957
1910.16	-2.49175
1912.69	9.52088
1915.22	5.53362
1917.76	15.5465
1920.29	5.5594
1922.82	5.57245
1925.35	17.5856
1927.88	11.5989
1930.4	7.61223
1932.93	-0.374302
1935.46	3.63928
1937.98	13.653
1940.51	11.6668
1943.03	9.68065
1945.55	5.69465
1948.07	-4.29123
1950.59	15.723
1953.11	19.7373
1955.63	11.7518
1958.15	-0.23368
1960.67	11.781
1963.18	7.79575
1965.7	3.81063
1968.21	7.82563
1970.73	17.8407
1973.24	11.856
1975.75	19.8713
1978.26	7.88673
1980.77	17.9023
1983.28	1.91795
1985.79	11.9337
1988.29	7.94962
1990.8	7.96564
1993.31	9.98176
1995.81	5.998
1998.31	12.0143
