100.093	28.1183
103.274	8.16231
106.457	12.2062
109.636	8.2498
112.817	26.2933
115.994	8.33665
119.172	16.3798
122.347	16.4229
125.521	20.4657
128.696	2.50842
131.868	0.550949
135.039	14.5933
138.209	16.6355
141.379	6.67761
144.547	10.7195
147.713	12.7613
150.879	16.8028
154.043	-5.15574
157.206	8.88553
160.368	6.92664
163.529	26.9676
166.689	15.0084
169.848	19.0491
173.006	1.08955
176.163	1.12988
179.316	21.17
182.471	7.21008
185.625	15.25
188.777	5.28968
191.927	9.32923
195.077	9.36865
198.224	11.4079
201.372	11.447
204.52	3.48599
207.664	1.52478
210.809	-0.436554
213.95	7.60194
217.091	13.6403
220.233	19.6785
223.372	-2.28346
226.509	11.7544
229.648	7.79221
232.784	13.8298
235.918	15.8673
239.051	17.9046
242.186	9.94176
245.317	15.9788
248.447	2.01564
251.577	-3.94764
254.705	18.0889
257.832	18.1254
260.958	8.16165
264.083	14.1978
267.204	6.23377
270.327	16.2696
273.449	14.3053
276.57	16.3409
279.69	20.3763
282.806	4.41159
285.924	14.4467
289.04	-3.51827
292.154	20.5166
295.268	10.5513
298.379	6.58583
301.492	22.6203
304.601	14.6545
307.711	10.6887
310.818	14.7227
313.924	8.75655
317.031	10.7903
320.135	0.823868
323.238	10.8573
326.34	14.8906
329.443	-3.0762
332.543	4.95683
335.642	14.9897
338.74	17.0225
341.836	9.0551
344.932	9.08758
348.027	1.11993
351.12	21.1521
354.213	3.18422
357.302	11.2161
360.393	5.24796
363.482	15.2796
366.57	13.3112
369.656	21.3426
372.742	13.3738
375.827	7.40499
378.91	-8.56401
381.993	13.4669
385.073	1.4976
388.154	5.52822
391.232	-2.44132
394.311	-4.41096
397.387	5.61925
400.462	7.64933
403.536	13.6793
406.611	9.70911
409.683	3.7388
412.754	-8.23164
415.824	11.7978
418.893	-4.1729
421.961	15.8563
425.027	9.88533
428.093	5.91425
431.158	1.94305
434.222	-2.02828
437.284	-7.99974
440.346	4.02868
443.407	0.0569695
446.464	-1.91488
449.523	12.1132
452.581	4.14108
455.635	4.16885
458.691	6.19652
461.743	8.22405
464.797	14.2515
467.847	6.27875
470.899	4.30593
473.947	6.33296
476.994	28.3599
480.043	16.3867
483.088	14.4134
486.133	12.4399
489.176	10.4663
492.22	2.49266
495.262	22.5189
498.302	6.54492
501.341	12.5709
504.38	10.5967
507.417	14.6224
510.453	16.648
513.487	20.6735
516.521	18.6988
519.554	2.72404
522.586	10.7492
525.616	-5.22585
528.646	0.79903
531.675	8.8238
534.701	2.84843
537.729	12.873
540.753	18.8974
543.778	6.92167
546.8	6.94584
549.821	-3.0301
552.844	10.9939
555.863	13.0177
558.881	1.0414
561.898	9.065
564.916	3.08851
567.932	9.11188
570.946	9.13514
573.959	5.15829
576.971	9.18132
579.982	7.20425
582.993	9.22706
586	-6.75025
589.008	-4.72766
592.015	1.29481
595.022	11.3172
598.025	9.33942
601.029	15.3616
604.032	3.38361
607.033	3.40552
610.034	1.42734
613.032	15.449
616.032	7.47064
619.028	9.49212
622.023	-2.48651
625.018	27.5347
628.013	-4.44408
631.005	1.57697
633.997	13.5979
636.987	19.6187
639.977	3.63947
642.965	1.66009
645.952	9.68061
648.939	11.701
651.924	15.7213
654.909	9.74153
657.892	7.76162
660.873	-0.218401
663.854	7.80149
666.835	3.82127
669.813	5.84094
672.791	3.86051
675.767	17.88
678.743	-6.10066
681.717	5.9186
684.692	3.93776
687.664	11.9568
690.634	5.97576
693.606	11.9946
696.575	8.01336
699.543	10.032
702.51	20.0506
705.475	16.069
708.44	6.08734
711.404	-9.89441
714.367	22.1237
717.329	16.1418
720.29	8.15972
723.25	4.17757
726.207	14.1953
729.166	6.21296
732.123	6.23051
735.077	18.248
738.032	8.26531
740.984	4.28256
743.938	22.2997
746.888	10.3168
749.839	18.3337
752.788	6.35061
755.735	-7.63262
758.682	12.384
761.627	2.40062
764.574	10.4171
767.517	16.4335
770.46	4.44979
773.402	18.466
776.342	6.48209
779.282	24.4981
782.219	12.514
785.157	24.5298
788.094	4.54555
791.029	8.56119
793.962	2.57672
796.896	6.59217
799.828	24.6075
802.76	6.62279
805.689	6.63796
808.619	-3.34696
811.546	10.668
814.473	4.68292
817.4	8.69773
820.324	20.7124
823.248	18.7271
826.17	16.7416
829.092	14.756
832.012	22.7704
834.932	14.7847
837.851	12.7988
840.768	18.8129
843.685	12.8269
846.599	14.8408
849.514	8.85464
852.428	6.86838
855.339	18.882
858.251	10.8956
861.16	12.909
864.07	8.92243
866.978	6.93572
869.884	10.9489
872.792	14.9621
875.696	32.9751
878.599	10.988
881.502	19.0009
884.404	9.01369
887.304	17.0264
890.204	17.039
893.103	9.05152
896.001	9.06396
898.898	17.0763
901.794	15.0886
904.689	7.10079
907.581	-2.88711
910.474	-2.87508
913.364	7.13686
916.256	19.1487
919.144	11.1605
922.034	-6.82781
924.92	19.1838
927.808	1.19533
930.693	15.2068
933.576	5.21815
936.459	17.2294
939.341	23.2406
942.222	9.25176
945.102	9.26281
947.981	5.27378
950.859	19.2847
953.737	3.29547
956.613	17.3062
959.488	5.31685
962.361	17.3274
965.235	13.3379
968.105	3.34831
970.977	17.3586
973.846	-2.6311
976.716	21.3791
979.583	1.38918
982.449	5.3992
985.316	9.40915
988.18	27.419
991.043	9.42881
993.906	5.43853
996.767	15.4482
999.628	5.45774
1002.49	25.4672
1005.35	7.47664
1008.2	-0.514018
1011.06	5.49524
1013.91	13.5044
1016.77	9.51355
1019.62	-6.47741
1022.48	13.5316
1025.33	13.5404
1028.18	11.5493
1031.03	7.55801
1033.87	7.56668
1036.72	-4.42471
1039.57	9.58381
1042.41	13.5923
1045.26	11.6006
1048.1	-2.39104
1050.94	21.6172
1053.78	15.6254
1056.62	1.63346
1059.46	11.6415
1062.3	9.64944
1065.14	7.65732
1067.97	9.66513
1070.81	11.6729
1073.64	11.6805
1076.47	5.68814
1079.31	19.6957
1082.14	-2.29686
1084.97	17.7105
1087.8	-2.28214
1090.63	21.7251
1093.45	19.7323
1096.28	17.7394
1099.1	7.74647
1101.93	17.7535
1104.75	3.76037
1107.57	7.76722
1110.39	1.77401
1113.21	19.7807
1116.03	7.78736
1118.85	-2.20605
1121.66	9.80046
1124.48	3.80691
1127.3	13.8133
1130.11	7.81961
1132.92	-6.17414
1135.73	11.832
1138.54	7.83816
1141.35	23.8442
1144.16	3.85021
1146.97	1.85614
1149.78	7.862
1152.58	7.86779
1155.39	7.87353
1158.19	1.8792
1161	3.88481
1163.8	37.8904
1166.6	3.89583
1169.4	19.9013
1172.2	7.9066
1174.99	1.9119
1177.79	17.9171
1180.59	13.9223
1183.38	17.9274
1186.17	7.93245
1188.97	9.93743
1191.76	19.9424
1194.55	7.94721
1197.34	-6.04798
1200.13	9.95676
1202.92	1.96144
1205.7	23.9661
1208.49	11.9706
1211.27	9.97511
1214.06	17.9796
1216.84	21.9839
1219.62	-0.0117455
1222.4	5.99252
1225.18	7.99672
1227.96	0.000865913
1230.74	16.005
1233.51	14.009
1236.29	20.013
1239.06	10.0169
1241.84	6.02072
1244.61	-7.97548
1247.38	6.02826
1250.15	14.0319
1252.92	-1.96443
1255.69	2.03914
1258.46	4.04265
1261.23	14.0461
1263.99	14.0495
1266.76	20.0529
1269.52	4.05615
1272.28	22.0594
1275.05	-3.93744
1277.81	6.06568
1280.57	18.0688
1283.33	6.07177
1286.08	-3.92527
1288.84	4.07763
1291.6	4.08048
1294.35	0.0832821
1297.11	8.08602
1299.86	4.08872
1302.61	0.0913529
1305.36	20.0939
1308.11	16.0965
1310.86	6.09894
1313.61	0.101369
1316.36	6.10374
1319.1	10.1061
1321.85	-7.89167
1324.59	4.11055
1327.33	10.1127
1330.08	2.11483
1332.82	10.1169
1335.56	4.1189
1338.3	0.120862
1341.04	12.1228
1343.77	-7.87537
1346.51	-3.87356
1349.25	12.1282
1351.98	8.1299
1354.71	8.13156
1357.45	14.1332
1360.18	-3.86527
1362.91	0.136242
1365.64	-7.8623
1368.37	18.1391
1371.09	2.14048
1373.82	2.14179
1376.54	8.14306
1379.27	2.14428
1381.99	2.14545
1384.72	6.14657
1387.44	10.1476
1390.16	6.14867
1392.88	14.1497
1395.6	26.1506
1398.31	6.15147
1401.03	12.1523
1403.75	12.1531
1406.46	18.1539
1409.18	4.15455
1411.89	12.1552
1414.6	0.155812
1417.31	-1.84363
1420.02	2.15689
1422.73	24.1574
1425.44	-1.84221
1428.15	2.15817
1430.85	8.15851
1433.56	-5.8412
1436.26	20.159
1438.97	14.1592
1441.67	6.15941
1444.37	8.15952
1447.07	8.15959
1449.77	18.1596
1452.47	2.15961
1455.16	4.15955
1457.86	22.1594
1460.56	16.1593
1463.25	16.1591
1465.94	6.15888
1468.64	10.1586
1471.33	8.15829
1474.02	-1.84207
1476.71	-1.84247
1479.4	6.15709
1482.09	2.15661
1484.77	12.1561
1487.46	6.15552
1490.14	2.15492
1492.83	16.1543
1495.51	6.15358
1498.19	8.15285
1500.87	2.15208
1503.55	24.1513
1506.23	10.1504
1508.91	4.14954
1511.59	8.14861
1514.27	10.1476
1516.94	12.1466
1519.62	8.14558
1522.29	-3.8555
1524.96	10.1434
1527.63	10.1422
1530.3	6.14101
1532.97	14.1398
1535.64	-1.86151
1538.31	0.137168
1540.98	4.13581
1543.64	14.1344
1546.31	14.133
1548.97	0.131521
1551.63	4.13002
1554.3	8.12847
1556.96	10.1269
1559.62	20.1253
1562.28	-1.87637
1564.94	-3.87806
1567.59	-3.87979
1570.25	6.11845
1572.9	14.1166
1575.56	-11.8852
1578.21	-3.88705
1580.86	12.111
1583.52	0.109099
1586.17	14.1071
1588.82	-1.89489
1591.47	12.1031
1594.11	12.101
1596.76	-1.90113
1599.41	24.0967
1602.05	8.09454
1604.69	16.0923
1607.34	6.09007
1609.98	4.08778
1612.62	8.08546
1615.26	10.0831
1617.9	20.0807
1620.54	16.0783
1623.18	16.0758
1625.81	-1.92664
1628.45	12.0708
1631.08	-3.93171
1633.72	20.0657
1636.35	16.0631
1638.98	-3.93955
1641.61	10.0578
1644.24	6.05506
1646.87	4.05231
1649.5	12.0495
1652.13	-1.95327
1654.75	0.0438909
1657.38	2.04102
1660	2.03812
1662.63	8.03519
1665.25	24.0322
1667.87	4.02924
1670.49	18.0262
1673.11	6.02316
1675.73	6.02008
1678.35	12.017
1680.96	8.01382
1683.58	8.01065
1686.19	20.0075
1688.81	6.00422
1691.42	4.00096
1694.03	3.99767
1696.64	7.99435
1699.25	7.99101
1701.87	13.9876
1704.47	5.98423
1707.08	9.9808
1709.69	37.9773
1712.29	-0.0261527
1714.9	3.97033
1717.5	-0.0332113
1720.1	15.9632
1722.71	1.95962
1725.31	13.956
1727.91	9.95234
1730.51	1.94866
1733.1	9.94495
1735.7	7.94121
1738.3	5.93745
1740.89	1.93367
1743.49	7.92985
1746.08	5.92601
1748.67	5.92215
1751.26	1.91826
1753.86	7.91434
1756.45	9.91039
1759.03	7.90643
1761.62	15.9024
1764.21	5.89841
1766.8	13.8944
1769.38	11.8903
1771.97	-2.1138
1774.55	7.88209
1777.13	13.8779
1779.71	13.8738
1782.29	15.8696
1784.87	17.8654
1787.45	3.86113
1790.03	13.8569
1792.61	-0.147424
1795.18	13.8483
1797.76	9.84393
1800.33	5.83957
1802.9	21.8352
1805.48	9.83079
1808.05	11.8264
1810.62	-0.178089
1813.19	11.8174
1815.76	11.8129
1818.33	21.8084
1820.89	13.8039
1823.46	9.79932
1826.02	21.7947
1828.59	-2.20987
1831.15	15.7855
1833.71	19.7809
1836.27	-2.22381
1838.84	15.7715
1841.39	9.76678
1843.95	9.76205
1846.51	5.75729
1849.07	9.75252
1851.62	7.74772
1854.18	17.7429
1856.73	17.7381
1859.29	1.73321
1861.84	3.72833
1864.39	1.72344
1866.94	1.71852
1869.49	5.71358
1872.04	9.70862
1874.59	-2.29635
1877.13	9.69865
1879.68	13.6936
1882.22	11.6886
1884.77	9.68355
1887.31	-8.32152
1889.85	9.67338
1892.39	19.6683
1894.93	29.6631
1897.47	1.658
1900.01	11.6528
1902.55	15.6477
1905.09	5.64245
1907.62	15.6372
1910.16	7.632
1912.69	5.62675
1915.22	11.6215
1917.76	-2.38381
1920.29	9.61088
1922.82	-0.394444
1925.35	5.60021
1927.88	15.5949
1930.4	17.5895
1932.93	21.5841
1935.46	5.57869
1937.98	1.57326
1940.51	11.5678
1943.03	9.56236
1945.55	13.5569
1948.07	5.5514
1950.59	-8.4541
1953.11	1.54038
1955.63	13.5348
1958.15	7.5293
1960.67	11.5237
1963.18	7.51815
1965.7	7.51256
1968.21	9.50694
1970.73	3.50132
1973.24	1.49568
1975.75	11.49
1978.26	9.48435
1980.77	9.47867
1983.28	-4.52703
1985.79	13.4673
1988.29	-4.53847
1990.8	17.4558
1993.31	13.45
1995.81	3.44427
1998.31	9.43849
