100.093	9.37762
103.274	11.4141
106.457	23.4503
109.636	15.4864
112.817	13.5222
115.994	19.5578
119.172	23.5933
122.347	15.6285
125.521	3.66358
128.696	13.6984
131.868	17.7331
135.039	11.7675
138.209	11.8018
141.379	23.8358
144.547	11.8697
147.713	1.90336
150.879	-0.063175
154.043	11.9701
157.206	2.00317
160.368	2.03605
163.529	10.0687
166.689	12.1012
169.848	6.13353
173.006	14.1656
176.163	20.1975
179.316	-7.77075
182.471	14.2608
185.625	16.2921
188.777	6.32327
191.927	10.3542
195.077	10.385
198.224	12.4155
201.372	-1.55406
204.52	6.47614
207.664	14.5061
210.809	18.536
213.95	2.56559
217.091	26.595
220.233	2.62429
223.372	8.65335
226.509	16.6822
229.648	4.71094
232.784	20.7394
235.918	4.76777
239.051	24.7959
242.186	-3.17612
245.317	8.85165
248.447	14.8792
251.577	14.9066
254.705	-1.06613
257.832	16.9609
260.958	14.9878
264.083	7.01445
267.204	17.0409
270.327	13.0673
273.449	17.0934
276.57	11.1194
279.69	9.14514
282.806	11.1707
285.924	21.1961
289.04	21.2214
292.154	13.2464
295.268	25.2713
298.379	19.296
301.492	21.3206
304.601	15.3449
307.711	3.36912
310.818	9.39311
313.924	9.41694
317.031	25.4406
320.135	25.4641
323.238	13.4874
326.34	-2.4895
329.443	11.5335
332.543	15.5563
335.642	3.57887
338.74	19.6013
341.836	-0.376428
344.932	-2.35433
348.027	21.6676
351.12	19.6894
354.213	-8.28906
357.302	5.73234
360.393	13.7536
363.482	9.77467
366.57	25.7956
369.656	9.81631
372.742	-4.16312
375.827	11.8573
378.91	15.8775
381.993	-6.10241
385.073	5.91749
388.154	7.93723
391.232	13.9568
394.311	11.9762
397.387	17.9954
400.462	22.0145
403.536	26.0334
406.611	8.05218
409.683	14.0708
412.754	12.0892
415.824	2.10743
418.893	-9.87448
421.961	4.14346
425.027	8.16123
428.093	22.1788
431.158	-1.80372
434.222	10.2136
437.284	12.2307
440.346	4.24767
443.407	-3.73552
446.464	6.28112
449.523	14.2976
452.581	2.31395
455.635	-3.66989
458.691	20.3461
461.743	4.36198
464.797	10.3777
467.847	6.39323
470.899	14.4086
473.947	14.4238
476.994	10.4389
480.043	16.4538
483.088	12.4686
486.133	20.4832
489.176	24.4977
492.22	10.512
495.262	2.52613
498.302	8.54013
501.341	-3.44603
504.38	24.5677
507.417	20.5812
510.453	4.59459
513.487	10.6078
516.521	6.6209
519.554	10.6338
522.586	10.6466
525.616	-1.34075
528.646	6.67173
531.675	-3.31593
534.701	20.6963
537.729	2.70829
540.753	14.7202
543.778	10.7319
546.8	18.7435
549.821	14.7549
552.844	12.7663
555.863	18.7774
558.881	20.7884
561.898	6.79926
564.916	0.809979
567.932	0.820547
570.946	6.83097
573.959	14.8412
576.971	4.85138
579.982	-3.13863
582.993	14.8712
586	4.88092
589.008	24.8905
592.015	8.8999
595.022	18.9092
598.025	8.9183
601.029	-7.0727
604.032	14.9362
607.033	0.944858
610.034	4.95343
613.032	-9.03814
616.032	2.97015
619.028	6.9783
622.023	-1.0137
625.018	-1.00583
628.013	7.00191
631.005	11.0095
633.997	-6.98304
636.987	9.02428
639.977	11.0315
642.965	-2.9615
645.952	7.04541
648.939	15.0522
651.924	29.0588
654.909	3.06532
657.892	17.0717
660.873	-2.92209
663.854	-0.915992
666.835	3.08997
669.813	5.09579
672.791	17.1015
675.767	-8.89296
678.743	17.1125
681.717	31.1178
684.692	11.1229
687.664	19.128
690.634	29.1328
693.606	23.1376
696.575	11.1423
699.543	31.1468
702.51	7.15112
705.475	7.15537
708.44	17.1595
711.404	13.1635
714.367	15.1673
717.329	3.17104
720.29	5.17464
723.25	7.1781
726.207	9.18144
729.166	17.1847
732.123	13.1877
735.077	5.19069
738.032	-0.806476
740.984	17.1962
743.938	17.1988
746.888	3.20125
749.839	15.2036
752.788	21.2058
755.735	15.2079
758.682	9.20981
761.627	3.21163
764.574	25.2133
767.517	19.2149
770.46	-2.78363
773.402	23.2177
776.342	11.2189
779.282	31.22
782.219	11.221
785.157	13.2218
788.094	13.2225
791.029	15.2231
793.962	9.2236
796.896	11.224
799.828	5.2242
802.76	9.22431
805.689	13.2243
808.619	25.2242
811.546	9.22395
814.473	21.2236
817.4	19.2231
820.324	19.2225
823.248	3.22179
826.17	33.221
829.092	33.22
832.012	23.2189
834.932	3.21776
837.851	19.2165
840.768	41.215
843.685	21.2135
846.599	33.2119
849.514	9.21009
852.428	11.2082
855.339	15.2062
858.251	25.2041
861.16	15.2019
864.07	15.1995
866.978	3.19709
869.884	3.19452
872.792	23.1918
875.696	35.1891
878.599	7.18615
881.502	9.18314
884.404	17.18
887.304	11.1768
890.204	25.1734
893.103	33.17
896.001	7.16638
898.898	21.1627
901.794	21.1589
904.689	-8.845
907.581	15.151
910.474	25.1469
913.364	-4.85736
916.256	17.1383
919.144	9.13385
922.034	15.1293
924.92	17.1246
927.808	19.1198
930.693	9.11497
933.576	15.11
936.459	9.10489
939.341	5.09968
942.222	11.0944
945.102	-6.91104
947.981	7.08344
950.859	-0.922183
953.737	15.0721
956.613	5.06625
959.488	13.0603
962.361	7.05427
965.235	19.0481
968.105	19.0419
970.977	19.0355
973.846	9.02905
976.716	13.0225
979.583	11.0158
982.449	21.0091
985.316	-6.99782
988.18	20.9952
991.043	22.9881
993.906	10.981
996.767	14.9737
999.628	12.9663
1002.49	6.95883
1005.35	12.9513
1008.2	14.9436
1011.06	12.9358
1013.91	18.9279
1016.77	26.9199
1019.62	26.9119
1022.48	14.9037
1025.33	16.8954
1028.18	24.887
1031.03	10.8786
1033.87	2.87001
1036.72	4.86134
1039.57	30.8526
1042.41	18.8437
1045.26	6.83476
1048.1	8.82571
1050.94	14.8166
1053.78	20.8073
1056.62	14.798
1059.46	16.7885
1062.3	18.779
1065.14	8.76939
1067.97	10.7597
1070.81	6.74986
1073.64	6.73994
1076.47	6.72995
1079.31	30.7198
1082.14	8.70966
1084.97	-17.3006
1087.8	26.689
1090.63	20.6785
1093.45	2.66797
1096.28	6.65732
1099.1	12.6466
1101.93	16.6357
1104.75	-1.37518
1107.57	30.6138
1110.39	6.60269
1113.21	4.59149
1116.03	8.5802
1118.85	10.5688
1121.66	36.5574
1124.48	24.5458
1127.3	10.5341
1130.11	0.522405
1132.92	2.51058
1135.73	8.49867
1138.54	12.4867
1141.35	24.4746
1144.16	20.4624
1146.97	2.45013
1149.78	20.4378
1152.58	12.4253
1155.39	24.4128
1158.19	18.4002
1161	0.387494
1163.8	8.37471
1166.6	24.3618
1169.4	22.3489
1172.2	6.33584
1174.99	12.3227
1177.79	8.30949
1180.59	14.2962
1183.38	8.28282
1186.17	22.2693
1188.97	26.2558
1191.76	4.24216
1194.55	14.2284
1197.34	10.2146
1200.13	4.20076
1202.92	-3.81321
1205.7	14.1728
1208.49	18.1586
1211.27	16.1444
1214.06	8.13011
1216.84	2.11573
1219.62	2.10128
1222.4	14.0867
1225.18	10.0721
1227.96	14.0574
1230.74	10.0426
1233.51	14.0278
1236.29	2.01283
1239.06	17.9978
1241.84	-2.01729
1244.61	1.96754
1247.38	15.9523
1250.15	9.93695
1252.92	11.9215
1255.69	11.906
1258.46	21.8905
1261.23	17.8748
1263.99	5.85909
1266.76	5.84328
1269.52	3.8274
1272.28	-0.18855
1275.05	7.79541
1277.81	1.7793
1280.57	11.7631
1283.33	1.74685
1286.08	11.7305
1288.84	1.71409
1291.6	9.6976
1294.35	17.681
1297.11	17.6644
1299.86	7.64768
1302.61	3.63089
1305.36	9.61403
1308.11	9.59709
1310.86	1.58008
1313.61	-2.437
1316.36	15.5458
1319.1	1.52861
1321.85	19.5113
1324.59	17.4939
1327.33	-4.52351
1330.08	-0.541036
1332.82	3.44137
1335.56	19.4237
1338.3	-0.594035
1341.04	3.38817
1343.77	-0.629717
1346.51	19.3523
1349.25	13.3343
1351.98	5.31623
1354.71	1.29806
1357.45	13.2798
1360.18	9.26154
1362.91	-6.75684
1365.64	-0.77528
1368.37	19.2062
1371.09	-2.81236
1373.82	11.169
1376.54	5.15029
1379.27	3.1315
1381.99	19.1126
1384.72	13.0937
1387.44	5.07474
1390.16	13.0557
1392.88	13.0366
1395.6	-0.982627
1398.31	2.99812
1401.03	20.9788
1403.75	8.95942
1406.46	2.93995
1409.18	18.9204
1411.89	2.90085
1414.6	10.8812
1417.31	4.86149
1420.02	10.8417
1422.73	16.8219
1425.44	6.80194
1428.15	-1.21802
1430.85	14.7619
1433.56	2.74183
1436.26	10.7217
1438.97	12.7014
1441.67	14.6811
1444.37	20.6608
1447.07	-3.35964
1449.77	16.6199
1452.47	-3.40067
1455.16	6.57872
1457.86	-1.44195
1460.56	8.53731
1463.25	28.5165
1465.94	-5.50433
1468.64	8.47474
1471.33	6.45377
1474.02	22.4327
1476.71	-3.58837
1479.4	12.3905
1482.09	8.36924
1484.77	14.348
1487.46	22.3266
1490.14	20.3052
1492.83	22.2838
1495.51	8.26223
1498.19	20.2406
1500.87	18.219
1503.55	0.197317
1506.23	18.1756
1508.91	8.15375
1511.59	6.13187
1514.27	12.1099
1516.94	14.088
1519.62	26.0659
1522.29	22.0438
1524.96	6.02164
1527.63	13.9994
1530.3	15.9771
1532.97	-0.0451889
1535.64	13.9324
1538.31	-2.09003
1540.98	-4.11252
1543.64	7.86492
1546.31	25.8423
1548.97	-0.180359
1551.63	7.79692
1554.3	-0.225865
1556.96	13.7513
1559.62	-4.27158
1562.28	15.7055
1564.94	11.6825
1567.59	9.65944
1570.25	-6.36367
1572.9	1.61317
1575.56	7.58995
1578.21	-8.4333
1580.86	9.54337
1583.52	5.51999
1586.17	19.4966
1588.82	19.4731
1591.47	19.4496
1594.11	9.42599
1596.76	11.4024
1599.41	15.3787
1602.05	13.3549
1604.69	5.33115
1607.34	-2.69269
1609.98	21.2834
1612.62	9.25947
1615.26	-4.76453
1617.9	9.21143
1620.54	9.18733
1623.18	31.1632
1625.81	11.139
1628.45	1.11475
1631.08	-2.90954
1633.72	9.06612
1636.35	21.0417
1638.98	-2.98271
1641.61	4.99279
1644.24	24.9683
1646.87	2.94366
1649.5	4.91902
1652.13	-5.10566
1654.75	12.8696
1657.38	14.8448
1660	12.82
1662.63	2.79512
1665.25	14.7702
1667.87	24.7452
1670.49	18.7202
1673.11	8.69514
1675.73	12.67
1678.35	-7.35513
1680.96	14.6197
1683.58	10.5944
1686.19	6.56912
1688.81	10.5438
1691.42	10.5184
1694.03	24.493
1696.64	16.4675
1699.25	10.442
1701.87	2.41639
1704.47	10.3908
1707.08	8.36512
1709.69	2.33942
1712.29	12.3137
1714.9	8.28788
1717.5	4.26206
1720.1	12.2362
1722.71	-1.78975
1725.31	-3.8157
1727.91	2.15828
1730.51	4.13224
1733.1	16.1061
1735.7	16.08
1738.3	12.0538
1740.89	16.0276
1743.49	4.00134
1746.08	15.975
1748.67	3.94869
1751.26	9.92232
1753.86	-4.10412
1756.45	23.8694
1759.03	15.8429
1761.62	11.8163
1764.21	3.78975
1766.8	5.76312
1769.38	25.7365
1771.97	1.70972
1774.55	9.68297
1777.13	15.6562
1779.71	17.6293
1782.29	23.6025
1784.87	25.5756
1787.45	7.5486
1790.03	19.5216
1792.61	1.49458
1795.18	3.46752
1797.76	9.4404
1800.33	7.41326
1802.9	25.3861
1805.48	21.3589
1808.05	3.3316
1810.62	13.3043
1813.19	17.277
1815.76	-4.75042
1818.33	-6.77784
1820.89	9.19471
1823.46	11.1672
1826.02	-2.8603
1828.59	9.11215
1831.15	17.0846
1833.71	9.05691
1836.27	17.0292
1838.84	19.0015
1841.39	6.9738
1843.95	-1.05397
1846.51	-1.08179
1849.07	16.8904
1851.62	14.8625
1854.18	18.8346
1856.73	2.80662
1859.29	28.7786
1861.84	14.7506
1864.39	8.72256
1866.94	16.6944
1869.49	16.6663
1872.04	6.63817
1874.59	22.61
1877.13	12.5817
1879.68	6.5535
1882.22	34.5252
1884.77	0.496865
1887.31	-1.53148
1889.85	12.4401
1892.39	0.411693
1894.93	20.3832
1897.47	4.35473
1900.01	2.32621
1902.55	6.29766
1905.09	0.269071
1907.62	-1.75955
1910.16	36.2118
1912.69	20.1831
1915.22	16.1544
1917.76	2.12567
1920.29	16.0969
1922.82	12.0681
1925.35	24.0392
1927.88	6.01037
1930.4	11.9815
1932.93	15.9525
1935.46	7.92358
1937.98	21.8946
1940.51	19.8656
1943.03	-6.16349
1945.55	27.8074
1948.07	21.7783
1950.59	-8.25081
1953.11	19.72
1955.63	3.69082
1958.15	9.6616
1960.67	21.6323
1963.18	15.6031
1965.7	19.5738
1968.21	23.5444
1970.73	15.515
1973.24	19.4856
1975.75	11.4562
1978.26	3.42676
1980.77	3.39729
1983.28	15.3678
1985.79	5.33824
1988.29	3.30868
1990.8	5.27908
1993.31	13.2495
1995.81	1.21982
1998.31	-2.80983
