100.093	4.28482
103.274	0.475887
106.457	4.66586
109.636	8.85449
112.817	3.04202
115.994	-6.77178
119.172	7.41334
122.347	1.59712
125.521	3.77972
128.696	-0.0387678
131.868	20.1414
135.039	26.3205
138.209	18.4983
141.379	6.67508
144.547	2.85057
147.713	-6.97511
150.879	3.19804
154.043	11.37
157.206	3.54088
160.368	19.7106
163.529	27.8791
166.689	2.04651
169.848	8.21277
173.006	8.3779
176.163	14.5419
179.316	-7.29535
182.471	16.8664
185.625	3.02703
188.777	13.1865
191.927	13.3448
195.077	-2.49786
198.224	5.65823
201.372	5.81333
204.52	7.96734
207.664	10.1202
210.809	4.27199
213.95	-7.57735
217.091	12.5722
220.233	14.7208
223.372	10.8683
226.509	11.0146
229.648	1.16005
232.784	3.30431
235.918	-2.55249
239.051	-2.41033
242.186	9.73088
245.317	1.87096
248.447	18.01
251.577	6.14801
254.705	6.28499
257.832	12.4209
260.958	-1.44411
264.083	2.68981
267.204	14.8226
270.327	2.95454
273.449	15.0854
276.57	-10.7847
279.69	7.34425
282.806	7.47208
285.924	9.59901
289.04	5.72495
292.154	-6.15017
295.268	13.9738
298.379	20.0968
301.492	2.2188
304.601	-1.6602
307.711	6.45993
310.818	26.579
313.924	4.69715
317.031	8.81441
320.135	-5.06934
323.238	9.04596
326.34	-0.839676
329.443	1.27383
332.543	23.3863
335.642	13.4979
338.74	9.60857
341.836	1.71831
344.932	15.8271
348.027	11.9351
351.12	10.0421
354.213	12.1482
357.302	6.25331
360.393	6.35763
363.482	10.4611
366.57	4.56359
369.656	8.66518
372.742	20.7659
375.827	0.865846
378.91	6.96481
381.993	3.06296
385.073	-4.83981
388.154	25.2566
391.232	9.35213
394.311	13.4468
397.387	-0.459347
400.462	-0.366387
403.536	1.72573
406.611	11.8171
409.683	17.9075
412.754	11.9971
415.824	22.0859
418.893	-9.82612
421.961	6.26102
425.027	4.34734
428.093	14.4329
431.158	-1.48244
434.222	4.60145
437.284	4.68455
440.346	10.7668
443.407	4.84834
446.464	20.929
449.523	9.00892
452.581	11.0881
455.635	13.1664
458.691	3.24393
461.743	-12.6793
464.797	1.39672
467.847	21.4719
470.899	13.5464
473.947	3.62014
476.994	21.6931
480.043	-2.23469
483.088	1.83675
486.133	7.90744
489.176	7.97739
492.22	14.0467
495.262	4.11513
498.302	-1.81712
501.341	2.2499
504.38	4.31619
507.417	6.38176
510.453	4.44662
513.487	4.51072
516.521	2.57415
519.554	12.6369
522.586	18.6989
525.616	6.76017
528.646	10.8208
531.675	0.880725
534.701	6.93992
537.729	0.998476
540.753	5.0563
543.778	33.1135
546.8	5.16997
549.821	-2.77423
552.844	3.28094
555.863	9.3354
558.881	3.3892
561.898	21.4423
564.916	9.49486
567.932	5.5467
570.946	11.5979
573.959	1.64842
576.971	25.6983
579.982	7.74756
582.993	5.79618
586	9.84413
589.008	-4.10851
592.015	13.9382
595.022	5.98432
598.025	22.0298
601.029	2.07464
604.032	26.1189
607.033	0.162507
610.034	4.20554
613.032	8.24794
616.032	2.28978
619.028	22.331
622.023	2.37159
625.018	18.4116
628.013	8.45107
631.005	14.4899
633.997	6.52819
636.987	6.56588
639.977	-1.397
642.965	10.6395
645.952	24.6755
648.939	2.71092
651.924	8.74577
654.909	16.7801
657.892	6.81379
660.873	10.8469
663.854	10.8796
666.835	20.9117
669.813	10.9432
672.791	20.9742
675.767	13.0046
678.743	17.0345
681.717	5.06392
684.692	7.09279
687.664	-0.878888
690.634	11.1489
693.606	-6.82378
696.575	17.203
699.543	21.2292
702.51	-2.74501
705.475	13.2802
708.44	9.30497
711.404	17.3292
714.367	27.3529
717.329	17.3762
720.29	-6.60105
723.25	21.4212
726.207	9.44298
729.166	29.4643
732.123	9.4851
735.077	5.50543
738.032	17.5253
740.984	21.5447
743.938	17.5636
746.888	15.5821
749.839	17.6001
752.788	23.6176
755.735	13.6347
758.682	23.6513
761.627	13.6675
764.574	29.6833
767.517	9.69854
770.46	27.7134
773.402	3.72781
776.342	17.7418
779.282	29.7553
782.219	23.7684
785.157	17.7811
788.094	19.7934
791.029	9.80524
793.962	13.8167
796.896	11.8277
799.828	13.8383
802.76	31.8485
805.689	17.8582
808.619	13.8676
811.546	13.8766
814.473	5.88519
817.4	13.8934
820.324	13.9012
823.248	13.9086
826.17	23.9156
829.092	25.9222
832.012	13.9285
834.932	17.9344
837.851	1.93988
840.768	5.94501
843.685	23.9498
846.599	25.9542
849.514	5.9582
852.428	19.9619
855.339	1.96518
858.251	19.9681
861.16	3.97074
864.07	-0.027
866.978	11.9749
869.884	5.97647
872.792	15.9777
875.696	15.9786
878.599	-2.02088
881.502	15.9793
884.404	15.9792
887.304	7.97877
890.204	27.978
893.103	13.9769
896.001	-2.02451
898.898	1.97375
901.794	11.9717
904.689	3.96935
907.581	13.9667
910.474	17.9637
913.364	9.96043
916.256	3.95685
919.144	7.95298
922.034	9.9488
924.92	17.9443
927.808	-10.0604
930.693	1.93454
933.576	1.92921
936.459	15.9236
939.341	19.9177
942.222	23.9115
945.102	3.90509
947.981	3.89837
950.859	1.89138
953.737	17.8841
956.613	11.8766
959.488	-8.13117
962.361	27.8608
965.235	11.8525
968.105	-4.15605
970.977	25.8351
973.846	19.8261
976.716	17.8168
979.583	1.80726
982.449	7.79748
985.316	7.78746
988.18	11.7772
991.043	-0.23329
993.906	11.756
996.767	5.74504
999.628	25.7339
1002.49	21.7225
1005.35	9.71084
1008.2	11.699
1011.06	31.6869
1013.91	19.6747
1016.77	13.6622
1019.62	31.6495
1022.48	9.63661
1025.33	13.6235
1028.18	11.6102
1031.03	-0.403287
1033.87	5.58302
1036.72	17.5691
1039.57	11.555
1042.41	15.5408
1045.26	11.5263
1048.1	5.51168
1050.94	13.4969
1053.78	3.48185
1056.62	21.4667
1059.46	15.4513
1062.3	19.4358
1065.14	37.4201
1067.97	13.4042
1070.81	23.3882
1073.64	7.37202
1076.47	-2.64433
1079.31	-18.6608
1082.14	23.3225
1084.97	15.3057
1087.8	15.2887
1090.63	15.2716
1093.45	19.2543
1096.28	21.2369
1099.1	9.21939
1101.93	5.2017
1104.75	9.18388
1107.57	1.16592
1110.39	5.14783
1113.21	9.12962
1116.03	11.1113
1118.85	5.0928
1121.66	9.07421
1124.48	3.05549
1127.3	23.0367
1130.11	19.0177
1132.92	8.99865
1135.73	6.97948
1138.54	12.9602
1141.35	6.94082
1144.16	2.92131
1146.97	-7.09828
1149.78	4.88202
1152.58	6.86224
1155.39	16.8424
1158.19	24.8224
1161	12.8023
1163.8	12.7821
1166.6	18.7619
1169.4	2.74155
1172.2	12.7211
1174.99	14.7006
1177.79	14.6801
1180.59	10.6594
1183.38	6.63872
1186.17	10.6179
1188.97	-3.40294
1191.76	-1.42387
1194.55	12.5551
1197.34	10.5341
1200.13	0.51297
1202.92	10.4918
1205.7	-3.52942
1208.49	4.44929
1211.27	2.42796
1214.06	8.40658
1216.84	2.38514
1219.62	0.363677
1222.4	-11.6578
1225.18	4.3206
1227.96	0.299004
1230.74	22.2774
1233.51	16.2557
1236.29	4.23399
1239.06	10.2123
1241.84	16.1905
1244.61	8.16872
1247.38	6.14691
1250.15	12.1251
1252.92	12.1032
1255.69	10.0814
1258.46	10.0595
1261.23	16.0376
1263.99	2.01568
1266.76	7.99375
1269.52	-2.02817
1272.28	21.9499
1275.05	-4.07204
1277.81	15.906
1280.57	11.8841
1283.33	5.86216
1286.08	11.8402
1288.84	7.81831
1291.6	13.7964
1294.35	-4.2255
1297.11	9.75262
1299.86	13.7307
1302.61	5.70888
1305.36	9.68706
1308.11	-0.334766
1310.86	9.64345
1313.61	3.62169
1316.36	15.5999
1319.1	3.57823
1321.85	15.5566
1324.59	3.53491
1327.33	9.51329
1330.08	-2.50828
1332.82	5.47018
1335.56	7.44868
1338.3	-2.57277
1341.04	1.40583
1343.77	19.3845
1346.51	7.36316
1349.25	11.3419
1351.98	11.3207
1354.71	19.2995
1357.45	-6.72158
1360.18	7.25739
1362.91	13.2364
1365.64	5.21548
1368.37	-0.805378
1371.09	-0.826168
1373.82	7.15311
1376.54	1.13247
1379.27	17.1119
1381.99	21.0914
1384.72	7.07094
1387.44	7.05059
1390.16	1.03031
1392.88	-4.98988
1395.6	2.99
1398.31	16.97
1401.03	6.95004
1403.75	-3.06981
1406.46	10.9104
1409.18	10.8907
1411.89	6.87117
1414.6	2.85169
1417.31	-3.16769
1420.02	8.81303
1422.73	14.7938
1425.44	-3.22524
1428.15	6.75579
1430.85	18.7369
1433.56	4.71816
1436.26	14.6995
1438.97	20.681
1441.67	16.6625
1444.37	12.6442
1447.07	6.62605
1449.77	8.60798
1452.47	10.59
1455.16	6.5722
1457.86	20.5545
1460.56	-1.46309
1463.25	20.5195
1465.94	4.50214
1468.64	2.48495
1471.33	10.4679
1474.02	8.45098
1476.71	16.4342
1479.4	0.417544
1482.09	10.401
1484.77	6.38468
1487.46	12.3685
1490.14	14.3524
1492.83	4.33646
1495.51	0.320685
1498.19	6.30506
1500.87	-1.71041
1503.55	8.27427
1506.23	10.2591
1508.91	4.24409
1511.59	10.2292
1514.27	4.21456
1516.94	28.2
1519.62	18.1857
1522.29	10.1715
1524.96	12.1574
1527.63	6.14359
1530.3	6.1299
1532.97	8.11639
1535.64	10.103
1538.31	10.0899
1540.98	18.0769
1543.64	6.06408
1546.31	-5.94854
1548.97	10.039
1551.63	12.0268
1554.3	-1.98533
1556.96	-7.99721
1559.62	7.99109
1562.28	15.9796
1564.94	5.96826
1567.59	13.9571
1570.25	9.94621
1572.9	-6.06452
1575.56	3.92495
1578.21	17.9146
1580.86	13.9045
1583.52	11.8946
1586.17	17.8848
1588.82	5.87532
1591.47	11.866
1594.11	11.8569
1596.76	27.848
1599.41	1.83936
1602.05	7.8309
1604.69	15.8227
1607.34	-2.18537
1609.98	13.8068
1612.62	-2.20076
1615.26	3.79187
1617.9	-6.21526
1620.54	9.77782
1623.18	5.77113
1625.81	3.76467
1628.45	9.75844
1631.08	13.7524
1633.72	11.7467
1636.35	7.74115
1638.98	23.7359
1641.61	5.7308
1644.24	5.72598
1646.87	1.7214
1649.5	1.71706
1652.13	5.71297
1654.75	7.70912
1657.38	-0.294475
1660	25.7022
1662.63	3.69907
1665.25	9.69621
1667.87	1.69361
1670.49	5.69127
1673.11	9.68917
1675.73	11.6873
1678.35	-4.31424
1680.96	5.68445
1683.58	19.6834
1686.19	5.6826
1688.81	13.6821
1691.42	3.68181
1694.03	5.68181
1696.64	5.68208
1699.25	3.68262
1701.87	3.68344
1704.47	5.68452
1707.08	-0.314116
1709.69	-0.31248
1712.29	5.68943
1714.9	9.69162
1717.5	-4.30591
1720.1	9.69684
1722.71	7.69988
1725.31	13.7032
1727.91	5.7068
1730.51	7.71069
1733.1	5.71487
1735.7	7.71934
1738.3	-2.2759
1740.89	15.7291
1743.49	13.7345
1746.08	3.74013
1748.67	11.7461
1751.26	-4.2477
1753.86	-0.241163
1756.45	1.76567
1759.03	29.7728
1761.62	13.7802
1764.21	11.788
1766.8	5.79604
1769.38	17.8044
1771.97	-0.186938
1774.55	3.82204
1777.13	13.8313
1779.71	5.84092
1782.29	-2.14917
1784.87	3.86106
1787.45	5.87161
1790.03	13.8825
1792.61	11.8937
1795.18	5.90515
1797.76	11.917
1800.33	13.9291
1802.9	19.9416
1805.48	7.95439
1808.05	9.96752
1810.62	7.98097
1813.19	5.99475
1815.76	26.0089
1818.33	10.0233
1820.89	14.0381
1823.46	12.0532
1826.02	10.0687
1828.59	0.0844445
1831.15	22.1006
1833.71	10.117
1836.27	4.13384
1838.84	16.151
1841.39	-7.83152
1843.95	6.18632
1846.51	10.2045
1849.07	12.223
1851.62	10.2419
1854.18	26.2611
1856.73	4.28072
1859.29	6.30066
1861.84	2.32094
1864.39	6.34157
1866.94	16.3626
1869.49	14.3839
1872.04	14.4056
1874.59	10.4277
1877.13	10.4501
1879.68	20.4729
1882.22	-3.50391
1884.77	8.51962
1887.31	-1.45651
1889.85	14.5678
1892.39	16.5924
1894.93	16.6174
1897.47	16.6427
1900.01	20.6685
1902.55	2.69457
1905.09	14.721
1907.62	16.7479
1910.16	12.7751
1912.69	8.80273
1915.22	18.8307
1917.76	-3.14092
1920.29	16.8878
1922.82	10.917
1925.35	4.94648
1927.88	2.97637
1930.4	5.00665
1932.93	19.0373
1935.46	13.0684
1937.98	-2.90018
1940.51	7.13166
1943.03	11.1639
1945.55	-2.80351
1948.07	5.22951
1950.59	15.2629
1953.11	7.29672
1955.63	15.3309
1958.15	-10.6345
1960.67	11.4005
1963.18	15.4359
1965.7	-2.52832
1968.21	9.50788
1970.73	17.5445
1973.24	5.58151
1975.75	13.6189
1978.26	17.6567
1980.77	23.6949
1983.28	17.7336
1985.79	-6.22737
1988.29	9.81208
1990.8	13.852
1993.31	11.8923
1995.81	11.9329
1998.31	5.97403
