100.093	18.5589
103.274	26.654
106.457	2.7487
109.636	16.8427
112.817	2.93626
115.994	7.02918
119.172	13.1216
122.347	3.21343
125.521	-4.6953
128.696	1.39548
131.868	-4.51434
135.039	15.5753
138.209	9.66439
141.379	9.75301
144.547	1.84103
147.713	3.92851
150.879	12.0155
154.043	4.10188
157.206	12.1878
160.368	14.2731
163.529	10.358
166.689	12.4423
169.848	10.5261
173.006	2.60935
176.163	0.692099
179.316	12.7743
182.471	0.856002
185.625	12.9372
188.777	-6.98209
191.927	-2.90195
195.077	13.1777
198.224	13.2569
201.372	9.33553
204.52	1.4137
207.664	1.49132
210.809	7.56849
213.95	9.64512
217.091	15.7213
220.233	7.79695
223.372	21.8721
226.509	9.94676
229.648	22.021
232.784	2.09467
235.918	16.1679
239.051	18.2406
242.186	4.3129
245.317	8.38467
248.447	6.45596
251.577	14.5268
254.705	4.59712
257.832	18.667
260.958	26.7364
264.083	-3.19466
267.204	10.8738
270.327	18.9418
273.449	13.0093
276.57	9.07641
279.69	11.143
282.806	13.2092
285.924	21.2749
289.04	15.3401
292.154	11.4049
295.268	11.4693
298.379	5.53315
301.492	19.5966
304.601	21.6596
307.711	7.72218
310.818	15.7843
313.924	3.84594
317.031	11.9072
320.135	19.968
323.238	14.0283
326.34	20.0883
329.443	16.1478
332.543	10.2069
335.642	6.26549
338.74	12.3237
341.836	2.38148
344.932	12.4388
348.027	4.49579
351.12	-3.44769
354.213	10.6084
357.302	12.6641
360.393	-9.28065
363.482	2.77421
366.57	8.82867
369.656	10.8827
372.742	-1.06368
375.827	8.98955
378.91	9.04235
381.993	7.09477
385.073	1.14677
388.154	3.1984
391.232	9.24959
394.311	15.3004
397.387	15.3508
400.462	11.4009
403.536	15.4505
406.611	3.49975
409.683	11.5486
412.754	1.59706
415.824	1.64514
418.893	3.69284
421.961	7.74016
425.027	9.7871
428.093	-0.166342
431.158	13.8798
434.222	5.92565
437.284	23.9711
440.346	6.01616
443.407	-5.93915
446.464	14.1052
449.523	0.149117
452.581	2.19272
455.635	6.23592
458.691	2.27879
461.743	4.32128
464.797	4.36343
467.847	8.4052
470.899	4.44665
473.947	30.4877
476.994	8.52842
480.043	2.5688
483.088	-1.39119
486.133	6.64847
489.176	14.6878
492.22	-3.27321
495.262	12.7654
498.302	26.8037
501.341	20.8417
504.38	-1.12073
507.417	8.91654
510.453	10.9535
513.487	16.9901
516.521	1.02633
519.554	-6.93772
522.586	9.09789
525.616	19.1332
528.646	-6.83189
531.675	7.20275
534.701	7.23704
537.729	21.271
540.753	9.30468
543.778	15.338
546.8	7.37104
549.821	3.40374
552.844	-0.563854
555.863	5.46822
558.881	19.5
561.898	11.5314
564.916	11.5626
567.932	13.5934
570.946	9.62397
573.959	9.65419
576.971	3.68412
579.982	9.71375
582.993	15.7431
586	15.7721
589.008	13.8008
592.015	1.82925
595.022	3.8574
598.025	-8.11477
601.029	-4.0872
604.032	15.9401
607.033	-2.03296
610.034	7.99374
613.032	12.0201
616.032	14.0463
619.028	8.0721
622.023	-1.90235
625.018	-1.87707
628.013	0.14794
631.005	12.1727
633.997	0.197106
636.987	14.2213
639.977	4.24518
642.965	16.2688
645.952	4.29217
648.939	12.3153
651.924	6.33809
654.909	6.36065
657.892	14.383
660.873	14.405
663.854	6.42675
666.835	14.4483
669.813	8.46952
672.791	22.4905
675.767	12.5113
678.743	12.5317
681.717	8.55198
684.692	2.57197
687.664	10.5917
690.634	6.61118
693.606	16.6304
696.575	8.64941
699.543	22.6682
702.51	4.68666
705.475	10.7049
708.44	20.7229
711.404	2.74072
714.367	10.7583
717.329	10.7756
720.29	2.79265
723.25	2.80949
726.207	2.82608
729.166	14.8425
732.123	18.8586
735.077	4.87452
738.032	14.8902
740.984	10.9057
743.938	20.9209
746.888	12.9359
749.839	8.95073
752.788	12.9653
755.735	10.9797
758.682	8.99378
761.627	11.0077
764.574	-0.978583
767.517	9.03491
770.46	3.04819
773.402	11.0613
776.342	5.07411
779.282	7.08676
782.219	5.0992
785.157	19.1114
788.094	-0.876536
791.029	11.1353
793.962	15.1469
796.896	9.15834
799.828	15.1696
802.76	27.1806
805.689	9.19141
808.619	17.2021
811.546	21.2125
814.473	13.2227
817.4	23.2328
820.324	17.2426
823.248	29.2523
826.17	5.26181
829.092	3.2711
832.012	27.2802
834.932	7.28914
837.851	-0.702113
840.768	7.30645
843.685	1.31483
846.599	5.32303
849.514	17.3311
852.428	5.3389
855.339	31.3466
858.251	9.35407
861.16	21.3614
864.07	15.3685
866.978	21.3755
869.884	1.38233
872.792	11.389
875.696	15.3955
878.599	5.40176
881.502	25.4079
884.404	27.4139
887.304	7.4197
890.204	-0.574639
893.103	13.4309
896.001	7.4362
898.898	9.44138
901.794	11.4464
904.689	1.45128
907.581	13.456
910.474	15.4606
913.364	1.46496
916.256	-4.53077
919.144	-0.526664
922.034	19.4773
924.92	11.4811
927.808	11.4848
930.693	7.48832
933.576	33.4917
936.459	-6.50506
939.341	13.498
942.222	27.501
945.102	9.50382
947.981	15.5065
950.859	9.50906
953.737	3.51147
956.613	13.5137
959.488	-0.484105
962.361	1.51791
965.235	13.5198
968.105	19.5215
970.977	25.5232
973.846	9.52467
976.716	3.52604
979.583	9.52729
982.449	9.52841
985.316	7.52942
988.18	-0.469703
991.043	7.53106
993.906	9.5317
996.767	9.53222
999.628	13.5326
1002.49	15.5329
1005.35	-0.466913
1008.2	15.5331
1011.06	15.5331
1013.91	13.5329
1016.77	11.5327
1019.62	19.5323
1022.48	17.5318
1025.33	9.53119
1028.18	9.53048
1031.03	11.5297
1033.87	11.5288
1036.72	11.5277
1039.57	7.52663
1042.41	5.52541
1045.26	5.52409
1048.1	17.5227
1050.94	29.5212
1053.78	19.5196
1056.62	7.51785
1059.46	5.51606
1062.3	-0.485835
1065.14	23.5122
1067.97	5.51011
1070.81	3.50795
1073.64	11.5057
1076.47	5.50336
1079.31	-2.49907
1082.14	15.4984
1084.97	5.49582
1087.8	9.49314
1090.63	9.49038
1093.45	5.48754
1096.28	3.48461
1099.1	21.4816
1101.93	-4.52147
1104.75	-8.52463
1107.57	21.4721
1110.39	15.4688
1113.21	9.46544
1116.03	3.46198
1118.85	17.4585
1121.66	19.4549
1124.48	11.4512
1127.3	5.44745
1130.11	11.4436
1132.92	9.43977
1135.73	7.43583
1138.54	-0.568175
1141.35	7.42776
1144.16	5.42362
1146.97	13.4194
1149.78	-6.58482
1152.58	-2.58913
1155.39	11.4065
1158.19	-8.59794
1161	-0.602426
1163.8	23.393
1166.6	15.3884
1169.4	15.3838
1172.2	11.3791
1174.99	3.37432
1177.79	15.3695
1180.59	-4.63534
1183.38	1.35975
1186.17	21.3548
1188.97	13.3498
1191.76	1.34475
1194.55	5.33965
1197.34	9.33452
1200.13	5.32934
1202.92	13.3241
1205.7	7.31885
1208.49	5.31355
1211.27	7.30821
1214.06	3.30283
1216.84	17.2974
1219.62	15.292
1222.4	7.28646
1225.18	5.28094
1227.96	11.2754
1230.74	13.2698
1233.51	13.2642
1236.29	11.2585
1239.06	7.25283
1241.84	9.24712
1244.61	3.24138
1247.38	5.23561
1250.15	11.2298
1252.92	3.224
1255.69	19.2182
1258.46	13.2123
1261.23	7.20641
1263.99	9.2005
1266.76	3.19457
1269.52	9.18862
1272.28	21.1827
1275.05	13.1767
1277.81	21.1707
1280.57	23.1646
1283.33	7.15861
1286.08	1.15256
1288.84	7.1465
1291.6	3.14043
1294.35	-0.865655
1297.11	-0.871747
1299.86	13.1221
1302.61	7.11603
1305.36	11.1099
1308.11	13.1038
1310.86	5.09765
1313.61	11.0915
1316.36	5.08537
1319.1	3.07922
1321.85	3.07307
1324.59	3.06692
1327.33	5.06077
1330.08	-0.945382
1332.82	9.04847
1335.56	1.04232
1338.3	1.03617
1341.04	5.03003
1343.77	5.02389
1346.51	17.0178
1349.25	9.01163
1351.98	7.00552
1354.71	8.9994
1357.45	2.9933
1360.18	-1.01279
1362.91	8.98112
1365.64	12.9751
1368.37	10.969
1371.09	14.9629
1373.82	12.9569
1376.54	8.9509
1379.27	8.9449
1381.99	0.938915
1384.72	2.93295
1387.44	10.927
1390.16	0.921066
1392.88	8.91516
1395.6	14.9093
1398.31	12.9034
1401.03	10.8976
1403.75	10.8917
1406.46	12.8859
1409.18	10.8802
1411.89	6.8744
1414.6	0.868678
1417.31	-1.13701
1420.02	0.857317
1422.73	14.8517
1425.44	2.84607
1428.15	8.84049
1430.85	10.8349
1433.56	14.8294
1436.26	0.823941
1438.97	-1.18151
1441.67	14.8131
1444.37	8.8077
1447.07	12.8024
1449.77	10.7971
1452.47	2.79178
1455.16	18.7866
1457.86	8.78136
1460.56	0.77621
1463.25	2.7711
1465.94	-1.23397
1468.64	22.761
1471.33	8.75602
1474.02	12.7511
1476.71	8.74619
1479.4	8.74134
1482.09	-5.26346
1484.77	-1.26822
1487.46	12.7271
1490.14	2.72242
1492.83	4.71781
1495.51	16.7132
1498.19	8.70874
1500.87	-9.29572
1503.55	0.699876
1506.23	-3.30448
1508.91	-1.30877
1511.59	6.68698
1514.27	-3.3172
1516.94	8.67867
1519.62	0.674592
1522.29	2.67058
1524.96	28.6666
1527.63	8.66272
1530.3	-3.34112
1532.97	0.655102
1535.64	4.65139
1538.31	12.6477
1540.98	18.6441
1543.64	2.64061
1546.31	-1.36285
1548.97	4.63375
1551.63	16.6304
1554.3	24.6272
1556.96	18.624
1559.62	6.62082
1562.28	8.61776
1564.94	10.6148
1567.59	14.6118
1570.25	6.60899
1572.9	12.6062
1575.56	16.6035
1578.21	14.6009
1580.86	2.59831
1583.52	0.595827
1586.17	12.5934
1588.82	12.5911
1591.47	12.5888
1594.11	4.58664
1596.76	-7.41546
1599.41	6.58252
1602.05	0.580572
1604.69	6.57871
1607.34	6.57692
1609.98	4.57522
1612.62	16.5736
1615.26	-5.42794
1617.9	-3.42939
1620.54	4.56924
1623.18	-1.43204
1625.81	12.5668
1628.45	20.5656
1631.08	4.56462
1633.72	-1.43632
1636.35	6.56283
1638.98	16.5621
1641.61	0.561404
1644.24	6.56082
1646.87	4.56034
1649.5	0.559938
1652.13	-1.44037
1654.75	10.5594
1657.38	4.5593
1660	4.55928
1662.63	12.5594
1665.25	6.55952
1667.87	16.5598
1670.49	6.56015
1673.11	26.5606
1675.73	0.561162
1678.35	2.56182
1680.96	18.5626
1683.58	12.5634
1686.19	8.56439
1688.81	2.56545
1691.42	10.5666
1694.03	-1.43213
1696.64	0.56924
1699.25	6.57071
1701.87	2.57229
1704.47	12.574
1707.08	2.57576
1709.69	-1.42234
1712.29	2.57966
1714.9	4.58177
1717.5	8.58399
1720.1	16.5863
1722.71	4.58876
1725.31	2.59131
1727.91	6.59397
1730.51	18.5967
1733.1	8.59962
1735.7	12.6026
1738.3	16.6057
1740.89	0.608959
1743.49	8.6123
1746.08	2.61576
1748.67	2.61933
1751.26	4.62302
1753.86	2.62682
1756.45	0.63075
1759.03	8.63479
1761.62	14.639
1764.21	12.6432
1766.8	12.6476
1769.38	8.65216
1771.97	0.65681
1774.55	0.661577
1777.13	8.66647
1779.71	8.67148
1782.29	8.67662
1784.87	16.6819
1787.45	6.68727
1790.03	22.6928
1792.61	8.69842
1795.18	-3.29581
1797.76	10.7101
1800.33	-7.2839
1802.9	6.72225
1805.48	12.7285
1808.05	14.7349
1810.62	16.7415
1813.19	12.7482
1815.76	8.75496
1818.33	4.7619
1820.89	18.769
1823.46	8.77617
1826.02	2.7835
1828.59	8.79097
1831.15	14.7986
1833.71	14.8063
1836.27	-1.18581
1838.84	4.82221
1841.39	0.830357
1843.95	6.83865
1846.51	8.84707
1849.07	4.85564
1851.62	0.864342
1854.18	14.8732
1856.73	6.88217
1859.29	4.8913
1861.84	0.90057
1864.39	8.90998
1866.94	12.9195
1869.49	6.92924
1872.04	12.9391
1874.59	-3.05094
1877.13	12.9592
1879.68	0.969466
1882.22	-11.0201
1884.77	14.9905
1887.31	19.0012
1889.85	17.012
1892.39	19.0231
1894.93	13.0342
1897.47	13.0455
1900.01	11.057
1902.55	9.0686
1905.09	3.08036
1907.62	3.09227
1910.16	19.1043
1912.69	1.11655
1915.22	-6.87108
1917.76	-0.858558
1920.29	7.15413
1922.82	-2.83305
1925.35	7.17995
1927.88	37.1931
1930.4	15.2064
1932.93	1.21984
1935.46	-2.76655
1937.98	15.2472
1940.51	9.26116
1943.03	19.2752
1945.55	5.28949
1948.07	5.3039
1950.59	19.3185
1953.11	1.33319
1955.63	9.34808
1958.15	7.36312
1960.67	17.3783
1963.18	7.39371
1965.7	1.40925
1968.21	13.425
1970.73	3.44082
1973.24	1.45685
1975.75	-2.52696
1978.26	11.4894
1980.77	5.50593
1983.28	17.5226
1985.79	11.5395
1988.29	13.5565
1990.8	3.57372
1993.31	5.59108
1995.81	3.60862
1998.31	5.62631
