100.093	8.51692
103.274	0.619644
106.457	-1.27818
109.636	14.8233
112.817	6.92429
115.994	11.0246
119.172	9.12434
122.347	23.2234
125.521	-2.67809
128.696	5.41987
131.868	-4.48283
135.039	13.6139
138.209	13.71
141.379	-0.194419
144.547	9.90052
147.713	7.99487
150.879	4.08864
154.043	-7.81817
157.206	12.2744
160.368	12.3665
163.529	2.45794
166.689	2.54882
169.848	24.6391
173.006	8.72888
176.163	4.81806
179.316	16.9066
182.471	10.9947
185.625	5.08214
188.777	13.1691
191.927	9.25538
195.077	-4.65881
198.224	3.42639
201.372	11.5111
204.52	9.59525
207.664	-0.321194
210.809	15.7619
213.95	-0.155672
217.091	7.92625
220.233	4.00768
223.372	6.08852
226.509	2.16882
229.648	-1.75136
232.784	4.32787
235.918	14.4066
239.051	10.4848
242.186	10.5624
245.317	14.6396
248.447	12.7162
251.577	14.7922
254.705	18.8678
257.832	18.9428
260.958	3.01735
264.083	5.09136
267.204	3.1648
270.327	1.23778
273.449	15.3103
276.57	15.3822
279.69	9.45368
282.806	13.5246
285.924	9.59504
289.04	11.665
292.154	13.7344
295.268	7.80336
298.379	15.8718
301.492	-4.06025
304.601	12.0072
307.711	6.07417
310.818	22.1406
313.924	20.2066
317.031	6.27214
320.135	20.3371
323.238	12.4017
326.34	12.4657
329.443	18.5293
332.543	22.5924
335.642	12.6551
338.74	-3.28279
341.836	8.77889
344.932	8.8401
348.027	16.9009
351.12	22.9611
354.213	9.02096
357.302	17.0803
360.393	5.13918
363.482	3.19762
366.57	3.25561
369.656	-2.68689
372.742	5.37019
375.827	1.42682
378.91	21.483
381.993	-6.4613
385.073	17.594
388.154	1.6488
391.232	-0.296836
394.311	11.7571
397.387	17.8106
400.462	11.8637
403.536	3.91628
406.611	11.9685
409.683	4.02026
412.754	28.0716
415.824	10.1225
418.893	6.17294
421.961	4.22298
425.027	-7.7274
428.093	24.3218
431.158	10.3706
434.222	12.4189
437.284	12.4669
440.346	16.5144
443.407	10.5615
446.464	12.6082
449.523	16.6545
452.581	4.70036
455.635	6.7458
458.691	-3.20913
461.743	8.83551
464.797	10.8798
467.847	2.92361
470.899	-3.03292
473.947	19.0101
476.994	19.0528
480.043	-2.90496
483.088	7.1369
486.133	-0.821632
489.176	19.2194
492.22	19.2602
495.262	7.30048
498.302	13.3404
501.341	15.3799
504.38	5.4191
507.417	13.4579
510.453	17.4963
513.487	9.53428
516.521	3.57194
519.554	19.6092
522.586	7.64612
525.616	17.6826
528.646	-2.28119
531.675	9.75461
534.701	3.79003
537.729	7.8251
540.753	11.8598
543.778	-0.105857
546.8	1.92811
549.821	7.96173
552.844	11.995
555.863	4.02791
558.881	12.0605
561.898	0.0926611
564.916	6.12453
567.932	18.156
570.946	6.18719
573.959	-7.782
576.971	10.2485
579.982	18.2786
582.993	14.3084
586	6.33781
589.008	-1.63308
592.015	14.3957
595.022	6.42413
598.025	10.4522
601.029	2.48
604.032	-9.49256
607.033	8.53454
610.034	10.5613
613.032	6.58778
616.032	24.6139
619.028	14.6397
622.023	0.665199
625.018	-3.30964
628.013	16.7152
631.005	14.7397
633.997	12.764
636.987	8.78786
639.977	0.811446
642.965	22.8347
645.952	8.85769
648.939	0.88035
651.924	16.9027
654.909	18.9248
657.892	-1.0535
660.873	10.9679
663.854	-1.01093
666.835	-0.990083
669.813	-2.96955
672.791	17.0507
675.767	13.0706
678.743	5.09031
681.717	-2.89033
684.692	11.1287
687.664	7.14753
690.634	7.16602
693.606	19.1842
696.575	17.2022
699.543	25.2198
702.51	-0.76284
705.475	7.25424
708.44	23.271
711.404	13.2876
714.367	5.3038
717.329	19.3198
720.29	5.33547
723.25	7.35089
726.207	-4.63396
729.166	11.3809
732.123	15.3955
735.077	13.4099
738.032	5.42397
740.984	1.43778
743.938	3.45134
746.888	9.46463
749.839	7.47767
752.788	7.49044
755.735	15.503
758.682	9.51522
761.627	7.52722
764.574	15.539
767.517	15.5505
770.46	-2.43826
773.402	-8.42726
776.342	7.5835
779.282	13.594
782.219	7.60427
785.157	7.61429
788.094	17.6241
791.029	13.6336
793.962	13.6429
796.896	19.652
799.828	15.6608
802.76	3.66939
805.689	3.67774
808.619	19.6859
811.546	3.69375
814.473	13.7014
817.4	13.7088
820.324	3.71604
823.248	27.723
826.17	15.7298
829.092	11.7363
832.012	17.7426
834.932	9.74869
837.851	17.7546
840.768	13.7602
843.685	13.7656
846.599	-0.229156
849.514	5.77584
852.428	5.78063
855.339	-0.214797
858.251	11.7896
861.16	17.7937
864.07	-2.20233
866.978	17.8014
869.884	15.8049
872.792	19.8083
875.696	19.8114
878.599	17.8143
881.502	11.817
884.404	13.8196
887.304	17.8219
890.204	-2.17598
893.103	21.826
896.001	-6.17231
898.898	3.82924
901.794	15.8306
904.689	17.8318
907.581	9.83274
910.474	7.83352
913.364	21.8341
916.256	5.83454
919.144	7.83477
922.034	11.8348
924.92	7.83468
927.808	5.83437
930.693	7.83387
933.576	15.8332
936.459	-6.16765
939.341	5.83133
942.222	11.8301
945.102	5.82876
947.981	3.82721
950.859	21.8255
953.737	15.8236
956.613	7.82155
959.488	-0.180667
962.361	5.81695
965.235	3.81439
968.105	25.8117
970.977	-2.1912
973.846	9.80576
976.716	1.80256
979.583	5.7992
982.449	9.79569
985.316	17.792
988.18	11.7882
991.043	21.7842
993.906	-2.21994
996.767	13.7758
999.628	13.7713
1002.49	13.7667
1005.35	21.762
1008.2	-4.24287
1011.06	-0.247899
1013.91	1.74692
1016.77	11.7416
1019.62	19.7361
1022.48	11.7305
1025.33	7.7248
1028.18	-4.28108
1031.03	15.7129
1033.87	15.7067
1036.72	25.7004
1039.57	15.694
1042.41	19.6875
1045.26	-0.319234
1048.1	11.6739
1050.94	9.66699
1053.78	13.6599
1056.62	3.65269
1059.46	13.6454
1062.3	7.63789
1065.14	19.6303
1067.97	5.62259
1070.81	9.61476
1073.64	9.6068
1076.47	3.59873
1079.31	21.5905
1082.14	11.5822
1084.97	11.5738
1087.8	15.5652
1090.63	3.55658
1093.45	23.5478
1096.28	-6.46107
1099.1	21.5299
1101.93	11.5208
1104.75	17.5116
1107.57	5.50228
1110.39	7.49285
1113.21	-0.51668
1116.03	13.4737
1118.85	15.4639
1121.66	3.45408
1124.48	9.44413
1127.3	7.43408
1130.11	1.42393
1132.92	9.41369
1135.73	15.4033
1138.54	3.3929
1141.35	17.3824
1144.16	7.37173
1146.97	-2.63899
1149.78	15.3502
1152.58	13.3393
1155.39	13.3283
1158.19	-10.6828
1161	1.30603
1163.8	15.2948
1166.6	7.28342
1169.4	1.27199
1172.2	7.26048
1174.99	15.2489
1177.79	3.2372
1180.59	7.22544
1183.38	23.2136
1186.17	7.20168
1188.97	3.18969
1191.76	-4.82239
1194.55	9.16547
1197.34	5.15324
1200.13	21.1409
1202.92	-2.87142
1205.7	11.1161
1208.49	7.10363
1211.27	13.091
1214.06	9.07841
1216.84	5.06568
1219.62	13.0529
1222.4	5.04005
1225.18	7.02714
1227.96	9.01417
1230.74	5.00113
1233.51	12.988
1236.29	2.97487
1239.06	0.961648
1241.84	4.94837
1244.61	12.935
1247.38	2.92164
1250.15	4.9082
1252.92	12.8947
1255.69	-1.11887
1258.46	4.86753
1261.23	-5.14614
1263.99	6.84015
1266.76	0.826386
1269.52	2.81258
1272.28	14.7987
1275.05	8.78481
1277.81	6.77086
1280.57	2.75686
1283.33	-3.25718
1286.08	12.7287
1288.84	8.71461
1291.6	2.70044
1294.35	8.68623
1297.11	12.672
1299.86	18.6577
1302.61	6.64338
1305.36	4.62902
1308.11	2.61462
1310.86	2.6002
1313.61	12.5857
1316.36	20.5712
1319.1	2.55671
1321.85	2.54215
1324.59	-1.47244
1327.33	6.51294
1330.08	20.4983
1332.82	-1.51638
1335.56	12.4689
1338.3	6.45419
1341.04	18.4394
1343.77	4.42467
1346.51	14.4099
1349.25	12.3951
1351.98	6.38022
1354.71	20.3654
1357.45	0.350478
1360.18	8.33558
1362.91	4.32066
1365.64	10.3057
1368.37	8.29079
1371.09	2.27583
1373.82	-3.73915
1376.54	20.2459
1379.27	2.23087
1381.99	0.215855
1384.72	4.20083
1387.44	-1.81419
1390.16	-1.82924
1392.88	10.1557
1395.6	8.14066
1398.31	10.1256
1401.03	-3.88946
1403.75	8.09548
1406.46	12.0804
1409.18	12.0653
1411.89	6.05025
1414.6	0.0351721
1417.31	14.0201
1420.02	6.00503
1422.73	13.99
1425.44	-0.0251213
1428.15	-2.04018
1430.85	11.9448
1433.56	17.9297
1436.26	11.9146
1438.97	-2.1004
1441.67	15.8846
1444.37	9.86954
1447.07	21.8545
1449.77	11.8395
1452.47	11.8245
1455.16	13.8095
1457.86	7.79456
1460.56	-4.2204
1463.25	-0.235342
1465.94	3.74974
1468.64	3.73482
1471.33	7.71993
1474.02	11.705
1476.71	11.6902
1479.4	9.67535
1482.09	9.66053
1484.77	13.6457
1487.46	11.631
1490.14	21.6162
1492.83	11.6015
1495.51	3.58677
1498.19	13.5721
1500.87	9.55744
1503.55	13.5428
1506.23	3.52821
1508.91	15.5136
1511.59	15.4991
1514.27	-6.51542
1516.94	-2.5299
1519.62	5.45565
1522.29	1.44123
1524.96	-2.57316
1527.63	13.4125
1530.3	11.3982
1532.97	-0.616107
1535.64	-8.63035
1538.31	17.3554
1540.98	15.3413
1543.64	1.32713
1546.31	15.313
1548.97	7.29899
1551.63	17.285
1554.3	5.271
1556.96	23.2571
1559.62	7.2432
1562.28	9.22935
1564.94	15.2156
1567.59	7.20181
1570.25	5.1881
1572.9	1.17444
1575.56	11.1608
1578.21	9.14727
1580.86	1.13376
1583.52	9.12029
1586.17	7.10688
1588.82	-0.906483
1591.47	11.0802
1594.11	9.06696
1596.76	15.0538
1599.41	11.0406
1602.05	-0.972481
1604.69	7.01448
1607.34	-0.9985
1609.98	6.98858
1612.62	0.975709
1615.26	14.9629
1617.9	8.95016
1620.54	0.937469
1623.18	6.92485
1625.81	-1.08772
1628.45	-1.10022
1631.08	4.88735
1633.72	6.87497
1636.35	-9.13734
1638.98	6.85042
1641.61	6.83824
1644.24	-3.17387
1646.87	0.814083
1649.5	8.8021
1652.13	0.790202
1654.75	16.7784
1657.38	-3.2334
1660	4.7549
1662.63	26.7433
1665.25	2.73172
1667.87	-7.27976
1670.49	6.70884
1673.11	4.6975
1675.73	10.6862
1678.35	0.675067
1680.96	10.664
1683.58	8.65294
1686.19	12.642
1688.81	6.63112
1691.42	-3.37967
1694.03	14.6096
1696.64	0.598989
1699.25	4.58844
1701.87	2.57797
1704.47	16.5676
1707.08	12.5573
1709.69	10.5471
1712.29	4.53694
1714.9	16.5269
1717.5	4.51693
1720.1	12.5071
1722.71	2.49727
1725.31	-1.51243
1727.91	4.47796
1730.51	18.4684
1733.1	-1.54099
1735.7	0.449665
1738.3	4.44042
1740.89	-7.56874
1743.49	4.4222
1746.08	-3.58678
1748.67	6.40435
1751.26	10.3956
1753.86	8.38688
1756.45	22.3783
1759.03	8.36979
1761.62	14.3614
1764.21	10.3531
1766.8	6.34489
1769.38	4.33679
1771.97	10.3288
1774.55	14.3209
1777.13	24.3131
1779.71	24.3054
1782.29	18.2978
1784.87	12.2903
1787.45	16.2829
1790.03	6.27561
1792.61	6.26842
1795.18	8.26134
1797.76	2.25437
1800.33	4.24751
1802.9	0.240748
1805.48	0.234098
1808.05	2.22756
1810.62	18.2211
1813.19	-5.7852
1815.76	10.2086
1818.33	2.20248
1820.89	6.19649
1823.46	8.19061
1826.02	-1.81516
1828.59	2.17919
1831.15	6.17366
1833.71	2.16823
1836.27	10.1629
1838.84	0.157726
1841.39	6.15265
1843.95	8.14769
1846.51	4.14284
1849.07	8.13812
1851.62	0.133515
1854.18	12.129
1856.73	16.1247
1859.29	16.1204
1861.84	18.1163
1864.39	-3.88772
1866.94	16.1084
1869.49	0.104641
1872.04	0.101005
1874.59	14.0975
1877.13	6.0941
1879.68	18.0908
1882.22	10.0877
1884.77	16.0847
1887.31	-9.91819
1889.85	4.07905
1892.39	18.0764
1894.93	8.07393
1897.47	0.0715527
1900.01	14.0693
1902.55	0.0671997
1905.09	4.06522
1907.62	16.0634
1910.16	8.06165
1912.69	12.0601
1915.22	-3.94139
1917.76	-13.9427
1920.29	10.0561
1922.82	0.0550599
1925.35	8.05414
1927.88	4.05337
1930.4	6.05272
1932.93	12.0522
1935.46	2.05185
1937.98	6.05162
1940.51	14.0515
1943.03	0.051569
1945.55	16.0518
1948.07	10.0521
1950.59	6.05255
1953.11	8.05315
1955.63	20.0539
1958.15	8.0548
1960.67	10.0558
1963.18	6.05701
1965.7	0.058327
1968.21	10.0598
1970.73	4.0614
1973.24	18.0632
1975.75	8.06506
1978.26	6.06711
1980.77	12.0693
1983.28	6.07164
1985.79	10.0741
1988.29	18.0768
1990.8	10.0796
1993.31	6.0825
1995.81	6.08559
1998.31	14.0888
