100.093	-1.48579
103.274	12.5884
106.457	2.66214
109.636	6.73521
112.817	28.8078
115.994	18.8797
119.172	12.9511
122.347	1.02189
125.521	3.09212
128.696	11.1618
131.868	1.23092
135.039	1.29946
138.209	-16.6326
141.379	11.4349
144.547	1.50178
147.713	-2.4319
150.879	3.63387
154.043	7.69909
157.206	-2.23624
160.368	11.8279
163.529	5.89147
166.689	3.95452
169.848	6.01702
173.006	12.079
176.163	4.14042
179.316	16.2013
182.471	12.2616
185.625	2.32149
188.777	8.3808
191.927	6.43954
195.077	22.4978
198.224	30.5555
201.372	4.61272
204.52	18.6694
207.664	10.7256
210.809	4.78124
213.95	12.8364
217.091	6.89097
220.233	-3.05489
223.372	4.9987
226.509	3.0518
229.648	21.1044
232.784	-2.8435
235.918	15.2081
239.051	19.2592
242.186	13.3098
245.317	-0.640095
248.447	35.4095
251.577	19.4586
254.705	21.5073
257.832	1.5554
260.958	13.6031
264.083	15.6502
267.204	5.69689
270.327	11.7431
273.449	21.7888
276.57	5.83411
279.69	7.87889
282.806	13.9232
285.924	17.967
289.04	6.0104
292.154	4.05328
295.268	8.09572
298.379	8.13767
301.492	12.1792
304.601	22.2202
307.711	10.2608
310.818	-7.69906
313.924	-1.6594
317.031	8.37984
320.135	12.4186
323.238	6.45691
326.34	-9.50522
329.443	0.53222
332.543	16.5692
335.642	10.6057
338.74	14.6418
341.836	18.6775
344.932	22.7127
348.027	10.7475
351.12	8.78182
354.213	10.8157
357.302	26.8492
360.393	-1.11773
363.482	18.9149
366.57	14.9471
369.656	-1.02113
372.742	13.0102
375.827	15.0412
378.91	9.07168
381.993	1.10179
385.073	13.1315
388.154	-0.839254
391.232	9.1896
394.311	1.21806
397.387	21.2461
400.462	9.27372
403.536	11.3009
406.611	13.3278
409.683	7.3542
412.754	11.3802
415.824	5.40584
418.893	3.43107
421.961	7.4559
425.027	7.48034
428.093	7.50438
431.158	-0.471957
434.222	1.55131
437.284	1.5742
440.346	3.5967
443.407	11.6188
446.464	-0.359467
449.523	1.66189
452.581	25.6829
455.635	13.7035
458.691	-6.27632
461.743	9.74352
464.797	5.763
467.847	3.78209
470.899	13.8008
473.947	13.8192
476.994	11.8372
480.043	11.8548
483.088	11.8721
486.133	11.889
489.176	25.9056
492.22	13.9218
495.262	-2.06238
498.302	11.9531
501.341	9.96824
504.38	17.983
507.417	13.9975
510.453	-7.98845
513.487	12.0253
516.521	14.0387
519.554	12.0517
522.586	24.0644
525.616	6.07679
528.646	16.0888
531.675	18.1005
534.701	4.11187
537.729	4.1229
540.753	4.13358
543.778	10.1439
546.8	0.153972
549.821	22.1637
552.844	18.173
555.863	-1.8179
558.881	2.19082
561.898	2.19923
564.916	-11.7927
567.932	26.2151
570.946	12.2225
573.959	12.2297
576.971	0.236483
579.982	4.24299
582.993	0.249186
586	0.255068
589.008	2.26065
592.015	2.26592
595.022	8.27089
598.025	4.27555
601.029	20.2799
604.032	-3.71603
607.033	-1.71227
610.034	24.2912
613.032	6.29436
616.032	10.2972
619.028	10.2998
622.023	6.30209
625.018	2.30409
628.013	2.3058
631.005	4.30722
633.997	18.3084
636.987	-7.6908
639.977	2.30977
642.965	-7.68995
645.952	24.3101
648.939	-5.69021
651.924	10.3092
654.909	-3.69159
657.892	6.30731
660.873	16.3059
663.854	-1.69571
666.835	20.3024
669.813	6.3002
672.791	22.2977
675.767	0.295029
678.743	8.29205
681.717	18.2888
684.692	22.2853
687.664	12.2815
690.634	26.2775
693.606	24.2732
696.575	-1.7313
699.543	8.26391
702.51	2.25886
705.475	10.2536
708.44	22.248
711.404	16.2422
714.367	20.2362
717.329	16.2299
720.29	-5.77664
723.25	16.2166
726.207	2.20957
729.166	6.20231
732.123	12.1948
735.077	10.1871
738.032	2.17911
740.984	18.1709
743.938	14.1625
746.888	24.1538
749.839	16.1449
752.788	28.1358
755.735	18.1264
758.682	8.1168
761.627	10.107
764.574	8.09695
767.517	4.08669
770.46	18.0762
773.402	6.0655
776.342	16.0546
779.282	10.0434
782.219	16.0321
785.157	8.02052
788.094	10.0087
791.029	19.9967
793.962	9.98453
796.896	15.9721
799.828	11.9595
802.76	15.9467
805.689	15.9336
808.619	13.9204
811.546	19.9069
814.473	13.8933
817.4	15.8794
820.324	3.86539
823.248	-4.14885
826.17	1.83671
829.092	13.8221
832.012	7.80724
834.932	13.7922
837.851	27.777
840.768	13.7616
843.685	3.746
846.599	13.7302
849.514	3.71426
852.428	15.6981
855.339	13.6818
858.251	21.6653
861.16	5.64856
864.07	23.6317
866.978	21.6146
869.884	17.5974
872.792	17.58
875.696	5.56238
878.599	29.5446
881.502	-0.473308
884.404	17.5086
887.304	23.4903
890.204	5.47187
893.103	23.4533
896.001	21.4345
898.898	-2.58446
901.794	13.3964
904.689	-12.6228
907.581	25.3577
910.474	21.3381
913.364	19.3184
916.256	9.29848
919.144	15.2784
922.034	5.2582
924.92	15.2378
927.808	13.2173
930.693	7.19662
933.576	13.1758
936.459	11.1548
939.341	7.13369
942.222	9.11242
945.102	11.091
947.981	7.06944
950.859	21.0477
953.737	3.02588
956.613	1.00389
959.488	6.98176
962.361	18.9595
965.235	2.93709
968.105	22.9146
970.977	32.8919
973.846	12.8691
976.716	0.846114
979.583	22.823
982.449	24.7998
985.316	12.7765
988.18	14.753
991.043	6.72945
993.906	8.70574
996.767	16.6819
999.628	-9.34207
1002.49	30.6338
1005.35	10.6096
1008.2	10.5853
1011.06	16.5609
1013.91	14.5363
1016.77	4.51161
1019.62	14.4868
1022.48	6.46191
1025.33	14.4369
1028.18	6.41175
1031.03	18.3865
1033.87	30.3612
1036.72	4.33567
1039.57	8.3101
1042.41	12.2844
1045.26	6.25864
1048.1	14.2328
1050.94	16.2068
1053.78	2.18066
1056.62	10.1545
1059.46	26.1282
1062.3	12.1018
1065.14	20.0753
1067.97	6.04868
1070.81	28.022
1073.64	9.99522
1076.47	31.9684
1079.31	5.94138
1082.14	1.91433
1084.97	3.88717
1087.8	-10.1401
1090.63	15.8326
1093.45	19.8052
1096.28	17.7777
1099.1	-6.24987
1101.93	7.72246
1104.75	-2.30528
1107.57	9.66688
1110.39	7.63897
1113.21	1.61099
1116.03	19.5829
1118.85	19.5548
1121.66	15.5266
1124.48	7.49825
1127.3	7.46989
1130.11	19.4414
1132.92	19.4129
1135.73	9.38434
1138.54	7.35569
1141.35	17.327
1144.16	11.2981
1146.97	15.2693
1149.78	11.2404
1152.58	11.2114
1155.39	13.1823
1158.19	29.1532
1161	7.12402
1163.8	23.0948
1166.6	21.0655
1169.4	13.0361
1172.2	3.00671
1174.99	-1.02278
1177.79	-3.0523
1180.59	4.91812
1183.38	-7.11151
1186.17	16.8588
1188.97	32.829
1191.76	10.7993
1194.55	2.76941
1197.34	8.73952
1200.13	18.7096
1202.92	4.67959
1205.7	8.64958
1208.49	6.61949
1211.27	8.58937
1214.06	6.55922
1216.84	18.529
1219.62	-11.5012
1222.4	-3.53153
1225.18	16.4382
1227.96	4.4078
1230.74	10.3774
1233.51	16.347
1236.29	12.3165
1239.06	-3.71401
1241.84	8.25545
1244.61	30.2249
1247.38	4.19428
1250.15	0.163664
1252.92	12.133
1255.69	4.10231
1258.46	-1.9284
1261.23	24.0409
1263.99	16.0101
1266.76	25.9793
1269.52	25.9485
1272.28	1.91766
1275.05	29.8868
1277.81	11.8559
1280.57	27.825
1283.33	15.7941
1286.08	9.76316
1288.84	7.73221
1291.6	11.7012
1294.35	11.6703
1297.11	3.63927
1299.86	7.60825
1302.61	13.5772
1305.36	7.5462
1308.11	29.5151
1310.86	9.4841
1313.61	15.453
1316.36	5.42196
1319.1	5.39088
1321.85	3.3598
1324.59	15.3287
1327.33	1.29763
1330.08	13.2665
1332.82	13.2354
1335.56	23.2043
1338.3	15.1732
1341.04	1.14213
1343.77	13.111
1346.51	7.07994
1349.25	21.0488
1351.98	9.01776
1354.71	8.98666
1357.45	-1.04441
1360.18	6.92452
1362.91	10.8934
1365.64	18.8624
1368.37	6.83134
1371.09	-9.1997
1373.82	14.7693
1376.54	-1.26172
1379.27	6.70727
1381.99	12.6763
1384.72	6.64529
1387.44	10.6143
1390.16	12.5834
1392.88	16.5525
1395.6	20.5216
1398.31	10.4907
1401.03	22.4598
1403.75	10.429
1406.46	4.39811
1409.18	8.36731
1411.89	-1.66348
1414.6	8.30576
1417.31	22.275
1420.02	6.24433
1422.73	12.2136
1425.44	20.183
1428.15	28.1524
1430.85	14.1217
1433.56	16.0912
1436.26	4.06064
1438.97	-3.96987
1441.67	17.9997
1444.37	5.96922
1447.07	9.93881
1449.77	3.90844
1452.47	-0.121902
1455.16	9.84779
1457.86	17.8175
1460.56	7.78729
1463.25	15.7571
1465.94	-4.27305
1468.64	1.69683
1471.33	-2.33323
1474.02	7.63673
1476.71	-2.39325
1479.4	21.5768
1482.09	5.5469
1484.77	15.5171
1487.46	15.4872
1490.14	7.45749
1492.83	9.42777
1495.51	21.3981
1498.19	19.3685
1500.87	17.3389
1503.55	15.3094
1506.23	-0.720064
1508.91	15.2505
1511.59	1.22116
1514.27	21.1919
1516.94	-2.83738
1519.62	21.1334
1522.29	21.1043
1524.96	19.0752
1527.63	15.0462
1530.3	11.0172
1532.97	10.9883
1535.64	16.9594
1538.31	0.930633
1540.98	2.90192
1543.64	10.8732
1546.31	0.844653
1548.97	12.8161
1551.63	28.7876
1554.3	16.7592
1556.96	8.73088
1559.62	0.702601
1562.28	18.6744
1564.94	18.6463
1567.59	12.6182
1570.25	4.59017
1572.9	14.5622
1575.56	28.5344
1578.21	2.50659
1580.86	10.4789
1583.52	6.45121
1586.17	22.4236
1588.82	26.3961
1591.47	18.3687
1594.11	12.3414
1596.76	16.3141
1599.41	12.2869
1602.05	14.2598
1604.69	24.2328
1607.34	24.2058
1609.98	-3.82105
1612.62	10.1522
1615.26	4.12544
1617.9	12.0988
1620.54	12.0723
1623.18	-3.95418
1625.81	8.01943
1628.45	5.99315
1631.08	5.96695
1633.72	11.9408
1636.35	13.9148
1638.98	15.8889
1641.61	-4.13699
1644.24	-4.16276
1646.87	-0.188434
1649.5	13.786
1652.13	7.7605
1654.75	-4.26491
1657.38	9.7098
1660	9.68458
1662.63	19.6595
1665.25	9.63443
1667.87	-2.39049
1670.49	23.5847
1673.11	3.55995
1675.73	5.53532
1678.35	13.5108
1680.96	-0.51366
1683.58	-4.53798
1686.19	9.43777
1688.81	21.4136
1691.42	5.38961
1694.03	13.3657
1696.64	15.3418
1699.25	5.31813
1701.87	-10.7055
1704.47	13.271
1707.08	11.2476
1709.69	25.2243
1712.29	13.2011
1714.9	5.17799
1717.5	-0.84498
1720.1	-4.86785
1722.71	21.1094
1725.31	17.0867
1727.91	15.0642
1730.51	7.04177
1733.1	7.01946
1735.7	34.9972
1738.3	14.9752
1740.89	22.9532
1743.49	-7.06867
1746.08	14.9096
1748.67	18.888
1751.26	0.866453
1753.86	20.8451
1756.45	18.8238
1759.03	6.80262
1761.62	6.78158
1764.21	-5.23933
1766.8	6.73987
1769.38	10.7192
1771.97	18.6986
1774.55	6.6782
1777.13	12.6579
1779.71	8.6377
1782.29	12.6177
1784.87	10.5977
1787.45	34.5779
1790.03	2.55822
1792.61	14.5387
1795.18	12.5192
1797.76	14.4999
1800.33	12.4807
1802.9	8.4617
1805.48	24.4428
1808.05	4.424
1810.62	8.40534
1813.19	12.3868
1815.76	12.3684
1818.33	0.35016
1820.89	6.33203
1823.46	20.314
1826.02	-5.70382
1828.59	6.27846
1831.15	6.26088
1833.71	6.24342
1836.27	20.2261
1838.84	-1.79107
1841.39	10.1919
1843.95	0.174986
1846.51	18.1582
1849.07	24.1416
1851.62	0.125122
1854.18	18.1088
1856.73	6.09258
1859.29	8.07652
1861.84	18.0606
1864.39	-1.95517
1866.94	20.0292
1869.49	2.01371
1872.04	1.99837
1874.59	5.98318
1877.13	19.9681
1879.68	5.95323
1882.22	5.93847
1884.77	21.9239
1887.31	3.9094
1889.85	3.89509
1892.39	9.88093
1894.93	11.8669
1897.47	1.85305
1900.01	-6.16066
1902.55	17.8258
1905.09	11.8124
1907.62	19.7991
1910.16	19.786
1912.69	5.77306
1915.22	13.7603
1917.76	15.7476
1920.29	-6.26486
1922.82	11.7228
1925.35	19.7106
1927.88	15.6986
1930.4	11.6868
1932.93	11.6751
1935.46	-4.33649
1937.98	3.65212
1940.51	25.6409
1943.03	13.6298
1945.55	15.6189
1948.07	1.60818
1950.59	7.5976
1953.11	9.58718
1955.63	5.57692
1958.15	19.5668
1960.67	-0.443105
1963.18	-0.452872
1965.7	13.5375
1968.21	19.5281
1970.73	11.5188
1973.24	11.5097
1975.75	3.50077
1978.26	11.492
1980.77	9.48339
1983.28	11.4749
1985.79	13.4667
1988.29	11.4586
1990.8	-0.549351
1993.31	23.4429
1995.81	1.4353
1998.31	21.4279
