100.093	12.7144
103.274	18.768
106.457	4.82143
109.636	-1.12545
112.817	22.9275
115.994	22.9801
119.172	5.03256
122.347	19.0847
125.521	15.1367
128.696	5.18842
131.868	15.2399
135.039	3.29112
138.209	17.3421
141.379	11.3929
144.547	9.44347
147.713	21.4938
150.879	17.5439
154.043	-8.40629
157.206	1.64332
160.368	7.69271
163.529	1.74187
166.689	15.7908
169.848	15.8395
173.006	9.88797
176.163	21.9362
179.316	3.98421
182.471	8.032
185.625	-1.92043
188.777	2.12691
191.927	22.174
195.077	14.2209
198.224	2.26753
201.372	14.314
204.52	10.3602
207.664	-3.59383
210.809	12.452
213.95	6.49748
217.091	6.54279
220.233	22.5879
223.372	20.6328
226.509	12.6774
229.648	0.721882
232.784	10.7661
235.918	8.81009
239.051	12.8539
242.186	6.89745
245.317	10.9408
248.447	16.9839
251.577	17.0268
254.705	17.0695
257.832	11.112
260.958	-6.84573
264.083	17.1963
267.204	25.2381
270.327	17.2798
273.449	3.32118
276.57	17.3624
279.69	15.4034
282.806	9.44413
285.924	3.4847
289.04	7.52506
292.154	-2.43482
295.268	29.6051
298.379	31.6448
301.492	21.6844
304.601	19.7236
307.711	7.76276
310.818	21.8016
313.924	7.84031
317.031	17.8788
320.135	7.91706
323.238	-6.04489
326.34	-4.00703
329.443	34.0306
332.543	10.0681
335.642	20.1053
338.74	22.1424
341.836	8.1792
344.932	4.21583
348.027	2.25226
351.12	-3.7115
354.213	22.3245
357.302	-5.63966
360.393	10.396
363.482	16.4314
366.57	8.46664
369.656	8.50165
372.742	10.5365
375.827	14.5711
378.91	14.6056
381.993	2.6398
385.073	18.6738
388.154	16.7077
391.232	10.7413
394.311	10.7748
397.387	10.808
400.462	12.8411
403.536	18.874
406.611	6.90666
409.683	8.93914
412.754	20.9714
415.824	3.00352
418.893	3.03543
421.961	13.0671
425.027	-0.901335
428.093	-0.870001
431.158	17.1611
434.222	15.1921
437.284	7.22287
440.346	1.25345
443.407	7.28384
446.464	3.31402
449.523	3.34404
452.581	3.37387
455.635	3.4035
458.691	-0.567045
461.743	3.46221
464.797	7.4913
467.847	-2.47981
470.899	7.54891
473.947	3.57743
476.994	9.60576
480.043	5.63394
483.088	13.6619
486.133	5.6897
489.176	-0.282694
492.22	13.7448
495.262	3.772
498.302	1.79907
501.341	-0.174045
504.38	15.8527
507.417	7.87919
510.453	9.90555
513.487	7.9317
516.521	11.9577
519.554	31.9835
522.586	30.0092
525.616	6.03461
528.646	8.0599
531.675	24.085
534.701	16.1099
537.729	4.1347
540.753	12.1593
543.778	8.18369
546.8	-9.79208
549.821	6.23197
552.844	8.25587
555.863	12.2796
558.881	4.30311
561.898	14.3265
564.916	6.34969
567.932	0.372714
570.946	-5.60443
573.959	26.4183
576.971	12.4408
579.982	0.463112
582.993	10.4853
586	-1.49272
589.008	-3.47088
592.015	-1.4492
595.022	8.5723
598.025	-5.40637
601.029	2.6148
604.032	2.63581
607.033	20.6566
610.034	10.6773
613.032	4.69781
616.032	4.71816
619.028	10.7383
622.023	14.7583
625.018	22.7782
628.013	6.79788
631.005	10.8174
633.997	18.8368
636.987	12.8559
639.977	6.87498
642.965	4.89386
645.952	4.91257
648.939	18.9311
651.924	4.94952
654.909	10.9677
657.892	10.9858
660.873	-0.99627
663.854	-6.97851
666.835	5.03909
669.813	13.0565
672.791	13.0738
675.767	5.09093
678.743	7.1079
681.717	3.12471
684.692	11.1414
687.664	9.15786
690.634	9.1742
693.606	15.1904
696.575	13.2064
699.543	15.2223
702.51	15.238
705.475	29.2536
708.44	13.269
711.404	9.2843
714.367	-2.70058
717.329	9.31439
720.29	11.3292
723.25	-0.656134
726.207	1.35837
729.166	19.3727
732.123	7.38695
735.077	-0.598996
738.032	15.4149
740.984	9.42868
743.938	13.4423
746.888	13.4558
749.839	9.46909
752.788	15.4823
755.735	23.4953
758.682	11.5082
761.627	21.5209
764.574	11.5335
767.517	9.54592
770.46	7.55821
773.402	-2.42964
776.342	3.58237
779.282	23.5942
782.219	21.6059
785.157	17.6175
788.094	25.629
791.029	-0.359757
793.962	9.65138
796.896	13.6624
799.828	15.6733
802.76	27.684
805.689	5.69455
808.619	-0.295002
811.546	17.7153
814.473	-0.274546
817.4	15.7355
820.324	13.7454
823.248	1.7551
826.17	23.7647
829.092	9.77417
832.012	3.7835
834.932	15.7927
837.851	15.8017
840.768	25.8107
843.685	5.81945
846.599	17.8281
849.514	37.8366
852.428	-2.15502
855.339	17.8532
858.251	3.86132
861.16	15.8693
864.07	3.87713
866.978	7.88484
869.884	9.8924
872.792	9.89985
875.696	5.90715
878.599	15.9143
881.502	7.92136
884.404	7.92827
887.304	11.9351
890.204	11.9417
893.103	11.9482
896.001	11.9546
898.898	21.9609
901.794	23.967
904.689	3.97299
907.581	7.97886
910.474	21.9846
913.364	15.9902
916.256	-0.00429824
919.144	20.0011
922.034	18.0063
924.92	12.0114
927.808	6.01638
930.693	6.02123
933.576	-7.97405
936.459	-5.96945
939.341	10.035
942.222	16.0394
945.102	8.04361
947.981	14.0477
950.859	16.0517
953.737	4.05555
956.613	4.05928
959.488	18.0629
962.361	10.0664
965.235	10.0697
968.105	16.073
970.977	12.0761
973.846	0.0791055
976.716	18.082
979.583	20.0847
982.449	12.0874
985.316	14.0899
988.18	16.0923
991.043	10.0946
993.906	10.0967
996.767	14.0988
999.628	10.1007
1002.49	4.10252
1005.35	12.1042
1008.2	-7.89422
1011.06	10.1072
1013.91	16.1086
1016.77	8.10979
1019.62	0.1109
1022.48	20.1119
1025.33	12.1128
1028.18	26.1135
1031.03	14.1142
1033.87	8.1147
1036.72	10.1151
1039.57	12.1154
1042.41	10.1156
1045.26	16.1157
1048.1	14.1156
1050.94	16.1155
1053.78	14.1152
1056.62	4.11486
1059.46	24.1144
1062.3	0.113774
1065.14	6.11307
1067.97	8.11225
1070.81	16.1113
1073.64	14.1103
1076.47	12.1091
1079.31	10.1079
1082.14	-1.8935
1084.97	14.105
1087.8	18.1034
1090.63	-1.89826
1093.45	10.0999
1096.28	16.098
1099.1	-1.90399
1101.93	16.0939
1104.75	0.091658
1107.57	12.0893
1110.39	0.0868758
1113.21	8.08433
1116.03	16.0817
1118.85	8.07891
1121.66	12.076
1124.48	-5.92693
1127.3	14.07
1130.11	16.0668
1132.92	10.0635
1135.73	2.06015
1138.54	10.0567
1141.35	10.0531
1144.16	10.0494
1146.97	10.0456
1149.78	6.04168
1152.58	0.0376781
1155.39	12.0336
1158.19	6.02937
1161	22.0251
1163.8	8.02066
1166.6	6.01615
1169.4	14.0115
1172.2	20.0068
1174.99	4.00204
1177.79	11.9971
1180.59	-0.00786738
1183.38	17.987
1186.17	3.98183
1188.97	7.97653
1191.76	-2.02886
1194.55	11.9656
1197.34	11.9601
1200.13	5.95437
1202.92	-0.0514174
1205.7	-0.0572939
1208.49	9.93673
1211.27	11.9307
1214.06	5.92449
1216.84	17.9182
1219.62	9.91187
1222.4	11.9054
1225.18	-14.1011
1227.96	3.89224
1230.74	15.8855
1233.51	-0.121329
1236.29	-0.128249
1239.06	9.86474
1241.84	3.85763
1244.61	13.8504
1247.38	-0.156858
1250.15	9.83576
1252.92	15.8283
1255.69	5.82072
1258.46	1.81307
1261.23	-6.19468
1263.99	17.7975
1266.76	5.78955
1269.52	7.78154
1272.28	13.7734
1275.05	-0.234768
1277.81	11.7569
1280.57	7.74857
1283.33	11.7401
1286.08	-0.268441
1288.84	23.7229
1291.6	13.7142
1294.35	7.70538
1297.11	5.69648
1299.86	9.68749
1302.61	-0.32159
1305.36	9.66925
1308.11	3.66
1310.86	7.65067
1313.61	-2.35875
1316.36	3.63174
1319.1	11.6222
1321.85	15.6125
1324.59	13.6027
1327.33	17.5929
1330.08	11.583
1332.82	19.5729
1335.56	13.5628
1338.3	3.55266
1341.04	17.5424
1343.77	5.53206
1346.51	13.5216
1349.25	1.51113
1351.98	1.50054
1354.71	25.4899
1357.45	15.4791
1360.18	11.4683
1362.91	15.4574
1365.64	5.44636
1368.37	11.4353
1371.09	-8.57587
1373.82	13.4129
1376.54	17.4016
1379.27	11.3902
1381.99	7.37871
1384.72	11.3672
1387.44	3.35553
1390.16	1.34381
1392.88	1.33203
1395.6	19.3202
1398.31	17.3082
1401.03	9.2962
1403.75	17.2841
1406.46	11.2719
1409.18	7.25967
1411.89	13.2473
1414.6	21.2349
1417.31	15.2225
1420.02	13.2099
1422.73	7.19727
1425.44	9.18456
1428.15	19.1718
1430.85	9.15892
1433.56	19.146
1436.26	15.133
1438.97	-2.88009
1441.67	9.10676
1444.37	17.0935
1447.07	1.08024
1449.77	11.0669
1452.47	5.05343
1455.16	3.03991
1457.86	13.0263
1460.56	3.01266
1463.25	-1.00108
1465.94	10.9851
1468.64	2.97125
1471.33	-9.04269
1474.02	6.94328
1476.71	6.9292
1479.4	12.915
1482.09	24.9008
1484.77	16.8865
1487.46	14.8722
1490.14	-1.14228
1492.83	6.84321
1495.51	2.82864
1498.19	8.81399
1500.87	10.7993
1503.55	2.78451
1506.23	16.7697
1508.91	-7.24525
1511.59	-3.26024
1514.27	2.72472
1516.94	2.7096
1519.62	2.69441
1522.29	4.67917
1524.96	-1.33615
1527.63	4.64847
1530.3	8.63303
1532.97	4.61751
1535.64	12.6019
1538.31	14.5863
1540.98	8.57059
1543.64	8.55481
1546.31	0.53898
1548.97	6.52307
1551.63	4.50711
1554.3	8.49108
1556.96	-1.52501
1559.62	16.4588
1562.28	6.44262
1564.94	2.42634
1567.59	0.409994
1570.25	10.3936
1572.9	10.3771
1575.56	8.36058
1578.21	18.344
1580.86	22.3273
1583.52	10.3106
1586.17	4.29385
1588.82	12.277
1591.47	12.2601
1594.11	20.2432
1596.76	14.2261
1599.41	0.209072
1602.05	18.1919
1604.69	16.1747
1607.34	-5.84252
1609.98	8.14017
1612.62	0.122789
1615.26	0.105353
1617.9	6.08787
1620.54	-1.92968
1623.18	20.0527
1625.81	-9.96496
1628.45	16.0173
1631.08	-0.000449445
1633.72	7.98172
1636.35	9.96383
1638.98	3.94588
1641.61	7.92787
1644.24	9.90981
1646.87	5.89169
1649.5	-0.126492
1652.13	3.85529
1654.75	-6.163
1657.38	15.8187
1660	-4.19974
1662.63	17.7818
1665.25	5.7633
1667.87	1.74475
1670.49	11.7261
1673.11	1.70747
1675.73	1.68875
1678.35	5.66998
1680.96	11.6511
1683.58	27.6323
1686.19	13.6133
1688.81	5.59435
1691.42	23.5753
1694.03	5.55622
1696.64	3.53709
1699.25	11.5179
1701.87	9.49864
1704.47	11.4794
1707.08	7.46
1709.69	19.4406
1712.29	7.42115
1714.9	3.40165
1717.5	1.38211
1720.1	-2.63749
1722.71	-0.657145
1725.31	5.32316
1727.91	9.30341
1730.51	7.28361
1733.1	23.2638
1735.7	21.2439
1738.3	3.22392
1740.89	5.20393
1743.49	9.18388
1746.08	5.16379
1748.67	-0.856347
1751.26	-2.87652
1753.86	7.10324
1756.45	13.083
1759.03	11.0626
1761.62	7.04225
1764.21	-0.978164
1766.8	15.0014
1769.38	6.98086
1771.97	14.9603
1774.55	10.9397
1777.13	6.91903
1779.71	12.8983
1782.29	18.8776
1784.87	4.85681
1787.45	10.836
1790.03	6.8151
1792.61	16.7942
1795.18	-3.22679
1797.76	16.7522
1800.33	8.73114
1802.9	10.71
1805.48	6.68891
1808.05	12.6677
1810.62	24.6465
1813.19	2.62522
1815.76	4.6039
1818.33	10.5825
1820.89	-5.43886
1823.46	4.5397
1826.02	10.5182
1828.59	8.49669
1831.15	16.4751
1833.71	12.4535
1836.27	14.4319
1838.84	4.41017
1841.39	2.38844
1843.95	8.36666
1846.51	2.34485
1849.07	8.323
1851.62	0.301106
1854.18	6.27917
1856.73	12.2572
1859.29	12.2352
1861.84	10.2131
1864.39	-1.80896
1866.94	12.1689
1869.49	22.1467
1872.04	14.1245
1874.59	-1.89773
1877.13	2.07998
1879.68	18.0577
1882.22	10.0353
1884.77	14.0129
1887.31	9.99047
1889.85	11.968
1892.39	11.9455
1894.93	11.9229
1897.47	11.9003
1900.01	11.8777
1902.55	7.85506
1905.09	3.83236
1907.62	-0.190374
1910.16	13.7869
1912.69	7.76406
1915.22	3.74122
1917.76	11.7184
1920.29	15.6954
1922.82	9.67249
1925.35	17.6495
1927.88	7.62649
1930.4	3.60344
1932.93	5.58036
1935.46	9.55724
1937.98	3.53408
1940.51	15.5109
1943.03	9.48767
1945.55	1.46443
1948.07	1.44113
1950.59	5.41782
1953.11	3.39446
1955.63	-0.628922
1958.15	13.3477
1960.67	11.3242
1963.18	-8.69927
1965.7	-4.72278
1968.21	13.2537
1970.73	19.2301
1973.24	-0.793533
1975.75	3.18284
1978.26	3.15915
1980.77	31.1355
1983.28	1.11171
1985.79	5.08795
1988.29	3.06415
1990.8	21.0403
1993.31	9.01645
1995.81	6.99257
1998.31	-15.0313
