100.093	22.4107
103.274	4.53785
106.457	-3.33577
109.636	12.7897
112.817	18.9145
115.994	11.0384
119.172	7.16154
122.347	23.2838
125.521	37.4053
128.696	5.5261
131.868	-0.353995
135.039	13.7651
138.209	7.88346
141.379	16.0011
144.547	6.11787
147.713	14.2339
150.879	-1.65091
154.043	16.4635
157.206	14.5772
160.368	-1.30986
163.529	6.80229
166.689	-3.08632
169.848	11.0243
173.006	19.1342
176.163	15.2433
179.316	21.3516
182.471	1.4592
185.625	9.56607
188.777	17.6722
191.927	5.77751
195.077	7.88215
198.224	5.98599
201.372	0.0891616
204.52	10.1916
207.664	8.29324
210.809	16.3942
213.95	18.4944
217.091	8.59389
220.233	-1.3073
223.372	-1.20927
226.509	14.8881
229.648	-1.01528
232.784	11.0806
235.918	11.1758
239.051	9.27029
242.186	11.3641
245.317	7.45722
248.447	5.5496
251.577	17.6413
254.705	13.7323
257.832	19.8226
260.958	13.9122
264.083	18.0011
267.204	28.0893
270.327	12.1769
273.449	16.2638
276.57	10.35
279.69	8.43555
282.806	20.5204
285.924	24.6046
289.04	-9.31191
292.154	14.7709
295.268	14.8531
298.379	14.9346
301.492	15.0155
304.601	15.0957
307.711	9.17524
310.818	7.25412
313.924	15.3323
317.031	17.41
320.135	21.4869
323.238	15.5632
326.34	11.6389
329.443	5.71396
332.543	-6.21165
335.642	19.8621
338.74	23.9352
341.836	12.0077
344.932	28.0796
348.027	20.1509
351.12	14.2215
354.213	6.29153
357.302	8.36089
360.393	10.4297
363.482	10.4979
366.57	24.5654
369.656	2.63233
372.742	14.6987
375.827	6.76444
378.91	8.82955
381.993	22.8941
385.073	-5.04197
388.154	3.02139
391.232	19.0841
394.311	9.14631
397.387	9.20787
400.462	-8.73116
403.536	11.3292
406.611	19.3891
409.683	3.44832
412.754	11.507
415.824	17.5651
418.893	29.6226
421.961	17.6795
425.027	3.7359
428.093	11.7917
431.158	9.84697
434.222	11.9017
437.284	9.95579
440.346	-5.99063
443.407	8.06239
446.464	4.11482
449.523	8.16675
452.581	14.2181
455.635	12.2689
458.691	10.3192
461.743	8.36891
464.797	6.41811
467.847	16.4667
470.899	12.5149
473.947	22.5625
476.994	10.6095
480.043	12.656
483.088	8.70201
486.133	2.74747
489.176	24.7924
492.22	8.83686
495.262	34.8808
498.302	22.9241
501.341	18.967
504.38	15.0094
507.417	21.0512
510.453	13.0926
513.487	19.1334
516.521	3.17371
519.554	-6.78645
522.586	1.25288
525.616	11.2917
528.646	17.33
531.675	11.3679
534.701	5.40522
537.729	1.44208
540.753	5.47844
543.778	25.5143
546.8	13.5497
549.821	15.5846
552.844	9.61909
555.863	13.653
558.881	17.6865
561.898	7.71953
564.916	17.7521
567.932	-4.21584
570.946	19.8158
573.959	-2.15311
576.971	-0.122435
579.982	15.9078
582.993	13.9375
586	15.9668
589.008	13.9957
592.015	16.024
595.022	-1.94802
598.025	2.07945
601.029	-7.89351
604.032	22.1331
607.033	10.1592
610.034	2.18494
613.032	6.21019
616.032	22.235
619.028	-1.74059
622.023	6.28336
625.018	16.3069
628.013	2.32999
631.005	-3.64735
633.997	16.3749
636.987	4.3967
639.977	-1.58191
642.965	12.4391
645.952	10.4596
648.939	14.4798
651.924	-1.50052
654.909	-11.4812
657.892	16.5377
660.873	12.5562
663.854	8.57426
666.835	6.59194
669.813	12.6092
672.791	12.6261
675.767	26.6426
678.743	10.6586
681.717	16.6743
684.692	4.6896
687.664	-3.29551
690.634	-1.28101
693.606	14.7331
696.575	16.7468
699.543	18.7602
702.51	14.7731
705.475	8.78571
708.44	16.7979
711.404	-1.19026
714.367	10.8212
717.329	14.8323
720.29	10.843
723.25	12.8533
726.207	4.86326
729.166	22.8729
732.123	12.8821
735.077	14.891
738.032	26.8995
740.984	2.90762
743.938	14.9154
746.888	4.92285
749.839	8.92994
752.788	10.9367
755.735	22.9431
758.682	22.9491
761.627	28.9548
764.574	18.9601
767.517	0.96512
770.46	26.9698
773.402	10.9741
776.342	8.97808
779.282	14.9817
782.219	18.985
785.157	12.988
788.094	18.9907
791.029	14.993
793.962	20.995
796.896	4.99665
799.828	12.998
802.76	14.999
805.689	2.99972
808.619	11.0001
811.546	21.0002
814.473	28.9999
817.4	0.999361
820.324	28.9985
823.248	22.9973
826.17	20.9958
829.092	4.99402
832.012	12.9919
834.932	-3.01049
837.851	4.98681
840.768	30.9838
843.685	6.9805
846.599	28.9769
849.514	20.973
852.428	14.9688
855.339	14.9643
858.251	4.95957
861.16	18.9545
864.07	22.9492
866.978	10.9436
869.884	16.9376
872.792	16.9315
875.696	14.925
878.599	2.91824
881.502	12.9112
884.404	16.9039
887.304	8.89635
890.204	22.8885
893.103	26.8804
896.001	14.872
898.898	18.8634
901.794	4.85445
904.689	16.8453
907.581	8.83585
910.474	8.82615
913.364	16.8162
916.256	18.806
919.144	-3.20448
922.034	22.7848
924.92	20.7738
927.808	10.7626
930.693	0.751141
933.576	-5.26057
936.459	30.7275
939.341	8.71526
942.222	10.7028
945.102	16.6901
947.981	-1.3228
950.859	-1.33597
953.737	10.6506
956.613	10.637
959.488	6.62312
962.361	24.609
965.235	10.5947
968.105	12.5801
970.977	8.56535
973.846	10.5503
976.716	14.5351
979.583	0.519657
982.449	14.504
985.316	6.48808
988.18	14.472
991.043	16.4556
993.906	12.4391
996.767	14.4224
999.628	22.4054
1002.49	-11.6118
1005.35	10.3708
1008.2	18.3532
1011.06	14.3354
1013.91	14.3174
1016.77	14.2992
1019.62	22.2808
1022.48	18.2622
1025.33	14.2434
1028.18	-9.77555
1031.03	18.2053
1033.87	10.1859
1036.72	12.1663
1039.57	14.1465
1042.41	30.1266
1045.26	0.106447
1048.1	4.08612
1050.94	12.0656
1053.78	2.04492
1056.62	4.02404
1059.46	12.003
1062.3	19.9817
1065.14	19.9603
1067.97	19.9388
1070.81	-2.08299
1073.64	21.8951
1076.47	15.873
1079.31	5.85069
1082.14	5.82825
1084.97	7.80563
1087.8	13.7829
1090.63	3.75993
1093.45	7.73683
1096.28	15.7136
1099.1	17.6902
1101.93	15.6666
1104.75	9.64283
1107.57	5.61894
1110.39	11.5949
1113.21	11.5707
1116.03	3.54635
1118.85	17.5218
1121.66	7.4972
1124.48	17.4724
1127.3	11.4475
1130.11	-8.57763
1132.92	11.3971
1135.73	15.3718
1138.54	15.3463
1141.35	11.3206
1144.16	23.2948
1146.97	9.26891
1149.78	15.2429
1152.58	5.21668
1155.39	-0.809647
1158.19	13.1639
1161	13.1373
1163.8	11.1106
1166.6	7.08377
1169.4	9.0568
1172.2	7.02973
1174.99	-0.997486
1177.79	2.97519
1180.59	24.9478
1183.38	4.92019
1186.17	-1.10751
1188.97	12.8647
1191.76	8.83679
1194.55	-1.19124
1197.34	8.78062
1200.13	8.75237
1202.92	10.724
1205.7	8.69556
1208.49	18.667
1211.27	16.6383
1214.06	-5.39046
1216.84	14.5806
1219.62	18.5517
1222.4	8.52258
1225.18	2.4934
1227.96	2.46413
1230.74	0.434737
1233.51	8.40527
1236.29	16.3757
1239.06	8.34606
1241.84	10.3163
1244.61	2.28647
1247.38	14.2565
1250.15	12.2265
1252.92	8.19645
1255.69	18.1663
1258.46	12.136
1261.23	14.1056
1263.99	22.0752
1266.76	6.04471
1269.52	4.01414
1272.28	9.98348
1275.05	1.95273
1277.81	19.9219
1280.57	13.891
1283.33	15.8601
1286.08	9.82906
1288.84	7.79796
1291.6	9.76679
1294.35	9.73555
1297.11	3.70427
1299.86	1.6729
1302.61	5.64147
1305.36	11.61
1308.11	13.5784
1310.86	3.54683
1313.61	-4.48482
1316.36	-0.516564
1319.1	1.45166
1321.85	9.41983
1324.59	9.38795
1327.33	17.356
1330.08	15.324
1332.82	-6.70803
1335.56	21.2599
1338.3	-4.77226
1341.04	-0.804432
1343.77	11.1633
1346.51	13.1311
1349.25	-2.90125
1351.98	19.0664
1354.71	15.034
1357.45	13.0016
1360.18	12.9691
1362.91	2.93656
1365.64	-7.09599
1368.37	8.87143
1371.09	10.8388
1373.82	16.8062
1376.54	6.77351
1379.27	10.7408
1381.99	6.70805
1384.72	6.67528
1387.44	6.6425
1390.16	0.609674
1392.88	6.57684
1395.6	-3.45604
1398.31	0.511087
1401.03	4.47819
1403.75	22.4453
1406.46	6.4123
1409.18	2.37934
1411.89	12.3464
1414.6	10.3134
1417.31	2.28038
1420.02	6.24735
1422.73	14.2143
1425.44	-7.81874
1428.15	18.1482
1430.85	0.115153
1433.56	10.0821
1436.26	10.049
1438.97	18.0159
1441.67	-2.01714
1444.37	9.94978
1447.07	15.9167
1449.77	9.88361
1452.47	1.85052
1455.16	1.81743
1457.86	15.7843
1460.56	17.7513
1463.25	11.7182
1465.94	3.68512
1468.64	1.65205
1471.33	-4.38099
1474.02	7.58595
1476.71	3.55292
1479.4	3.51988
1482.09	-4.51313
1484.77	25.4539
1487.46	9.4209
1490.14	7.38793
1492.83	11.355
1495.51	15.322
1498.19	3.28912
1500.87	-0.74376
1503.55	3.22336
1506.23	3.1905
1508.91	5.15768
1511.59	-0.875142
1514.27	1.09208
1516.94	21.0593
1519.62	13.0266
1522.29	10.9939
1524.96	8.96122
1527.63	-3.07142
1530.3	6.89597
1532.97	20.8634
1535.64	2.83084
1538.31	6.79833
1540.98	4.76587
1543.64	20.7334
1546.31	10.701
1548.97	6.66865
1551.63	0.636335
1554.3	4.60403
1556.96	2.5718
1559.62	20.5396
1562.28	4.50744
1564.94	-1.52467
1567.59	4.44326
1570.25	8.41124
1572.9	2.37926
1575.56	6.34733
1578.21	8.31547
1580.86	0.283631
1583.52	16.2518
1586.17	2.22013
1588.82	18.1884
1591.47	4.15684
1594.11	12.1253
1596.76	6.09378
1599.41	16.0623
1602.05	12.0309
1604.69	7.99961
1607.34	11.9683
1609.98	7.93712
1612.62	7.90597
1615.26	15.8749
1617.9	1.84387
1620.54	7.8129
1623.18	17.782
1625.81	5.75118
1628.45	-2.27957
1631.08	5.68974
1633.72	5.65913
1636.35	9.62858
1638.98	19.5981
1641.61	9.5677
1644.24	3.53736
1646.87	-6.4929
1649.5	11.4769
1652.13	3.44681
1654.75	-0.583227
1657.38	7.38683
1660	-4.64305
1662.63	11.3272
1665.25	7.29743
1667.87	-0.732199
1670.49	-6.76174
1673.11	15.2088
1675.73	11.1794
1678.35	13.1501
1680.96	7.12089
1683.58	5.09178
1686.19	7.06274
1688.81	9.03379
1691.42	-2.99506
1694.03	8.97616
1696.64	20.9475
1699.25	-11.0811
1701.87	-1.10959
1704.47	14.862
1707.08	-1.16628
1709.69	-3.19449
1712.29	2.7774
1714.9	2.74939
1717.5	20.7215
1720.1	8.69367
1722.71	-9.33405
1725.31	16.6383
1727.91	10.6108
1730.51	6.58343
1733.1	18.5561
1735.7	12.5289
1738.3	4.50183
1740.89	-9.52516
1743.49	8.44796
1746.08	20.4212
1748.67	4.39452
1751.26	-3.63202
1753.86	18.3415
1756.45	-11.6848
1759.03	2.28899
1761.62	0.262872
1764.21	20.2369
1766.8	6.21102
1769.38	4.18526
1771.97	12.1596
1774.55	4.13407
1777.13	8.10866
1779.71	6.08337
1782.29	8.05821
1784.87	10.0332
1787.45	12.0082
1790.03	-2.01657
1792.61	3.95873
1795.18	-0.0658179
1797.76	-0.0902632
1800.33	-0.114569
1802.9	7.86125
1805.48	7.8372
1808.05	-0.18673
1810.62	7.78947
1813.19	3.7658
1815.76	-4.25775
1818.33	3.71884
1820.89	3.69556
1823.46	7.67243
1826.02	11.6494
1828.59	3.62654
1831.15	7.6038
1833.71	-0.418814
1836.27	13.5587
1838.84	-0.463609
1841.39	-6.4858
1843.95	-0.507855
1846.51	9.47023
1849.07	9.44847
1851.62	-0.573169
1854.18	5.40534
1856.73	5.384
1859.29	3.36279
1861.84	1.34173
1864.39	3.32082
1866.94	5.30005
1869.49	9.27943
1872.04	11.259
1874.59	19.2386
1877.13	-2.78155
1879.68	-0.801562
1882.22	1.17856
1884.77	15.1588
1887.31	21.1393
1889.85	-2.88016
1892.39	1.10058
1894.93	3.08147
1897.47	-2.93749
1900.01	-2.95629
1902.55	13.0251
1905.09	5.00658
1907.62	14.9882
1910.16	6.97009
1912.69	14.9521
1915.22	8.93422
1917.76	-1.08346
1920.29	-7.101
1922.82	6.88164
1925.35	-1.13557
1927.88	-5.1526
1930.4	20.8305
1932.93	6.81382
1935.46	4.79727
1937.98	4.7809
1940.51	0.764687
1943.03	8.74864
1945.55	-1.26722
1948.07	0.717072
1950.59	4.70155
1953.11	-1.31382
1955.63	0.670992
1958.15	8.65598
1960.67	-1.35886
1963.18	6.62647
1965.7	2.61197
1968.21	14.5976
1970.73	10.5835
1973.24	8.56953
1975.75	6.55575
1978.26	4.54213
1980.77	4.5287
1983.28	2.51544
1985.79	2.50236
1988.29	8.48947
1990.8	6.47675
1993.31	8.46422
1995.81	6.45187
1998.31	8.43971
