100.093	12.262
103.274	2.3823
106.457	16.5019
109.636	4.6207
112.817	24.7388
115.994	10.8562
119.172	18.9729
122.347	1.08876
125.521	17.2039
128.696	7.31846
131.868	9.4322
135.039	15.5452
138.209	5.65755
141.379	17.7692
144.547	-8.11985
147.713	17.9904
150.879	4.09987
154.043	4.20868
157.206	8.3168
160.368	16.4242
163.529	4.53097
166.689	-1.36297
169.848	-5.2576
173.006	8.8471
176.163	6.95111
179.316	5.05438
182.471	9.15705
185.625	3.25904
188.777	1.36037
191.927	-0.539037
195.077	21.561
198.224	9.66023
201.372	-0.241085
204.52	5.85694
207.664	1.95425
210.809	6.05097
213.95	4.14698
217.091	-1.75766
220.233	26.3371
223.372	-5.56879
226.509	4.52465
229.648	2.61752
232.784	4.7097
235.918	16.8012
239.051	10.8922
242.186	16.9825
245.317	21.0722
248.447	9.16123
251.577	9.24967
254.705	13.3375
257.832	7.42468
260.958	-12.4887
264.083	17.5973
267.204	-4.31743
270.327	-0.232653
273.449	3.85152
276.57	13.9351
279.69	10.0181
282.806	8.10039
285.924	2.18219
289.04	20.2634
292.154	4.34395
295.268	-1.57602
298.379	14.5034
301.492	8.58224
304.601	6.66048
307.711	0.738191
310.818	4.81528
313.924	-1.1082
317.031	6.96781
320.135	9.04319
323.238	7.11802
326.34	17.1923
329.443	19.266
332.543	7.33918
335.642	-2.58822
338.74	-0.516177
341.836	7.55532
344.932	17.6263
348.027	5.69667
351.12	17.7665
354.213	-0.164151
357.302	23.9046
360.393	13.9728
363.482	0.0405488
366.57	8.10773
369.656	28.1743
372.742	18.2405
375.827	10.3061
378.91	14.3711
381.993	12.4357
385.073	10.4997
388.154	0.563209
391.232	20.6262
394.311	6.68869
397.387	8.75065
400.462	2.8121
403.536	2.87304
406.611	-1.06647
409.683	2.99348
412.754	3.05293
415.824	11.1119
418.893	1.17034
421.961	-4.77169
425.027	3.2858
428.093	15.3428
431.158	1.39931
434.222	27.4553
437.284	-8.48911
440.346	3.56597
443.407	-4.37943
446.464	23.6747
449.523	-0.271689
452.581	5.7815
455.635	23.8342
458.691	5.88644
461.743	19.9382
464.797	-6.01047
467.847	12.0404
470.899	10.0908
473.947	8.14072
476.994	0.190205
480.043	22.2393
483.088	2.28785
486.133	2.33599
489.176	20.3837
492.22	12.431
495.262	10.4778
498.302	16.5242
501.341	2.57012
504.38	16.6156
507.417	14.6607
510.453	-1.29463
513.487	14.7496
516.521	14.7934
519.554	-9.16324
522.586	4.87973
525.616	18.9222
528.646	14.9644
531.675	7.00609
534.701	1.04736
537.729	3.08826
540.753	-2.87128
543.778	3.1688
546.8	-0.791553
549.821	7.2477
552.844	9.28657
555.863	15.325
558.881	1.36308
561.898	3.40075
564.916	-0.561956
567.932	-0.525071
570.946	21.5114
573.959	11.5475
576.971	-8.41674
579.982	11.6186
582.993	7.65358
586	9.68815
589.008	11.7224
592.015	7.7562
595.022	3.78967
598.025	7.82275
601.029	5.85549
604.032	15.8879
607.033	-2.08016
610.034	25.9515
613.032	1.98274
616.032	2.01367
619.028	6.04422
622.023	2.07442
625.018	4.10426
628.013	8.13378
631.005	22.1629
633.997	10.1917
636.987	4.22018
639.977	4.2483
642.965	2.27608
645.952	-1.69649
648.939	14.3306
651.924	4.35738
654.909	4.38382
657.892	8.40992
660.873	0.435681
663.854	-9.53887
666.835	0.486254
669.813	4.51104
672.791	16.5355
675.767	0.559664
678.743	6.58351
681.717	8.60702
684.692	4.63023
687.664	10.6531
690.634	-3.3243
693.606	6.69798
696.575	12.7199
699.543	16.7416
702.51	22.763
705.475	4.78402
708.44	-1.19522
711.404	8.82524
714.367	16.8454
717.329	4.86528
720.29	4.88486
723.25	-5.09585
726.207	24.9231
729.166	12.9419
732.123	0.960297
735.077	8.97844
738.032	10.9963
740.984	7.01389
743.938	5.03121
746.888	17.0482
749.839	-2.935
752.788	11.0815
755.735	3.0977
758.682	7.11365
761.627	15.1293
764.574	11.1448
767.517	21.1599
770.46	15.1748
773.402	-2.81056
776.342	11.2038
779.282	15.2179
782.219	15.2318
785.157	15.2454
788.094	15.2588
791.029	7.2719
793.962	19.2848
796.896	5.29739
799.828	3.30977
802.76	5.32191
805.689	9.3338
808.619	9.34546
811.546	1.35688
814.473	25.3681
817.4	19.379
820.324	13.3897
823.248	13.4002
826.17	15.4105
829.092	1.42054
832.012	5.43035
834.932	15.4399
837.851	17.4493
840.768	23.4585
843.685	17.4674
846.599	27.4761
849.514	7.48461
852.428	7.4929
855.339	5.50097
858.251	21.5088
861.16	11.5165
864.07	15.524
866.978	21.5312
869.884	5.53824
872.792	13.5451
875.696	21.5517
878.599	27.5582
881.502	9.56443
884.404	19.5705
887.304	-4.42365
890.204	15.582
893.103	23.5875
896.001	15.5928
898.898	23.5979
901.794	5.60283
904.689	11.6076
907.581	19.6121
910.474	3.61651
913.364	11.6207
916.256	9.62473
919.144	-0.371417
922.034	11.6323
924.92	-0.364237
927.808	17.6391
930.693	-4.35774
933.576	9.64526
936.459	9.64809
939.341	5.65076
942.222	5.65327
945.102	1.65561
947.981	21.6578
950.859	-2.34017
953.737	17.6617
956.613	21.6634
959.488	9.66498
962.361	23.6664
965.235	11.6677
968.105	19.6688
970.977	-0.330255
973.846	17.6706
976.716	7.67125
979.583	5.67179
982.449	11.6722
985.316	9.67245
988.18	-0.327433
991.043	-0.327447
993.906	-2.3276
996.767	19.6721
999.628	11.6717
1002.49	19.6712
1005.35	15.6705
1008.2	19.6697
1011.06	19.6688
1013.91	13.6677
1016.77	5.66656
1019.62	5.66527
1022.48	13.6639
1025.33	21.6623
1028.18	13.6607
1031.03	5.65893
1033.87	-4.34294
1036.72	17.6551
1039.57	13.653
1042.41	3.65078
1045.26	11.6485
1048.1	13.6461
1050.94	9.64354
1053.78	9.64091
1056.62	7.63819
1059.46	7.63536
1062.3	5.63244
1065.14	11.6294
1067.97	21.6263
1070.81	5.62309
1073.64	17.6198
1076.47	23.6164
1079.31	7.6129
1082.14	17.6093
1084.97	21.6057
1087.8	-2.39808
1090.63	-4.40191
1093.45	13.5942
1096.28	7.59018
1099.1	17.5861
1101.93	-2.41805
1104.75	15.5777
1107.57	9.57341
1110.39	7.56903
1113.21	17.5646
1116.03	-0.439951
1118.85	5.55545
1121.66	1.55079
1124.48	3.54605
1127.3	5.54125
1130.11	-2.46361
1132.92	17.5315
1135.73	3.52647
1138.54	-8.47858
1141.35	17.5163
1144.16	13.5111
1146.97	11.5059
1149.78	7.50064
1152.58	-2.50468
1155.39	17.4899
1158.19	3.48449
1161	13.479
1163.8	7.47348
1166.6	19.4679
1169.4	-0.537733
1172.2	7.4566
1174.99	-0.549117
1177.79	15.4451
1180.59	13.4393
1183.38	13.4335
1186.17	15.4276
1188.97	13.4217
1191.76	7.41578
1194.55	1.4098
1197.34	5.40379
1200.13	19.3977
1202.92	17.3917
1205.7	23.3856
1208.49	-0.620545
1211.27	-14.6267
1214.06	15.3671
1216.84	5.36093
1219.62	5.35471
1222.4	-6.65154
1225.18	3.3422
1227.96	27.3359
1230.74	9.32962
1233.51	11.3233
1236.29	15.317
1239.06	11.3106
1241.84	21.3043
1244.61	9.29794
1247.38	9.29156
1250.15	13.2852
1252.92	11.2788
1255.69	5.27241
1258.46	15.266
1261.23	7.25962
1263.99	5.25322
1266.76	-0.75318
1269.52	35.2404
1272.28	15.234
1275.05	-6.77237
1277.81	7.22124
1280.57	7.21486
1283.33	17.2085
1286.08	17.2021
1288.84	5.19576
1291.6	-4.81059
1294.35	13.1831
1297.11	7.17675
1299.86	9.17044
1302.61	13.1641
1305.36	5.15788
1308.11	23.1516
1310.86	11.1454
1313.61	15.1392
1316.36	5.13296
1319.1	15.1268
1321.85	-0.87936
1324.59	9.11452
1327.33	7.10842
1330.08	17.1023
1332.82	7.0963
1335.56	15.0903
1338.3	15.0843
1341.04	11.0784
1343.77	7.07244
1346.51	9.06657
1349.25	19.0607
1351.98	3.05491
1354.71	13.0491
1357.45	11.0434
1360.18	23.0377
1362.91	15.0321
1365.64	17.0265
1368.37	11.0209
1371.09	13.0154
1373.82	15.0099
1376.54	1.00449
1379.27	10.9991
1381.99	8.99379
1384.72	6.98851
1387.44	10.9833
1390.16	-1.02188
1392.88	4.973
1395.6	16.9679
1398.31	2.96294
1401.03	18.958
1403.75	0.953101
1406.46	-5.05173
1409.18	12.9435
1411.89	2.9388
1414.6	-3.06585
1417.31	6.92958
1420.02	-1.07494
1422.73	8.92061
1425.44	6.91623
1428.15	14.9119
1430.85	-3.09232
1433.56	16.9035
1436.26	14.8994
1438.97	14.8954
1441.67	8.89143
1444.37	-1.11244
1447.07	16.8838
1449.77	4.88003
1452.47	0.876385
1455.16	0.872819
1457.86	12.8693
1460.56	2.86593
1463.25	0.862605
1465.94	14.8594
1468.64	18.8562
1471.33	16.8531
1474.02	0.850166
1476.71	12.8473
1479.4	6.84447
1482.09	10.8418
1484.77	26.8391
1487.46	8.8366
1490.14	20.8342
1492.83	2.83182
1495.51	10.8296
1498.19	-1.17258
1500.87	2.82536
1503.55	8.8234
1506.23	12.8215
1508.91	4.81979
1511.59	16.8181
1514.27	6.81658
1516.94	-3.18487
1519.62	8.81378
1522.29	4.81254
1524.96	16.8114
1527.63	2.81038
1530.3	8.80946
1532.97	26.8087
1535.64	18.808
1538.31	10.8074
1540.98	14.8069
1543.64	-1.19347
1546.31	12.8063
1548.97	14.8061
1551.63	16.8061
1554.3	10.8062
1556.96	8.80646
1559.62	18.8068
1562.28	18.8073
1564.94	14.8078
1567.59	6.80854
1570.25	20.8094
1572.9	6.81032
1575.56	-1.18861
1578.21	4.81259
1580.86	4.81392
1583.52	0.81538
1586.17	-5.18303
1588.82	-1.18132
1591.47	12.8205
1594.11	4.82251
1596.76	-1.17538
1599.41	2.82686
1602.05	10.8292
1604.69	14.8318
1607.34	10.8344
1609.98	4.8372
1612.62	6.84013
1615.26	0.843196
1617.9	10.8464
1620.54	0.849752
1623.18	12.8532
1625.81	8.85688
1628.45	10.8607
1631.08	6.86458
1633.72	14.8686
1636.35	-3.12714
1638.98	2.87723
1641.61	8.88174
1644.24	14.8864
1646.87	-3.10879
1649.5	18.8962
1652.13	16.9013
1654.75	10.9066
1657.38	-3.08802
1660	8.91756
1662.63	6.92329
1665.25	-1.07082
1667.87	12.9352
1670.49	24.9414
1673.11	-1.0522
1675.73	-3.04567
1678.35	10.961
1680.96	16.9679
1683.58	2.97487
1686.19	16.982
1688.81	0.989391
1691.42	-1.00311
1694.03	17.0046
1696.64	1.01241
1699.25	7.02041
1701.87	5.02859
1704.47	21.0369
1707.08	1.04545
1709.69	15.0541
1712.29	9.063
1714.9	17.072
1717.5	-2.91876
1720.1	15.0906
1722.71	11.1002
1725.31	15.1099
1727.91	3.11984
1730.51	5.12993
1733.1	7.14019
1735.7	15.1507
1738.3	5.16128
1740.89	17.1721
1743.49	9.18309
1746.08	7.19427
1748.67	19.2056
1751.26	27.2172
1753.86	11.2289
1756.45	-2.75917
1759.03	7.25294
1761.62	9.26524
1764.21	13.2777
1766.8	17.2904
1769.38	11.3033
1771.97	13.3163
1774.55	-6.67043
1777.13	17.343
1779.71	9.35665
1782.29	1.37047
1784.87	9.3845
1787.45	9.39873
1790.03	13.4131
1792.61	15.4278
1795.18	15.4426
1797.76	7.4576
1800.33	11.4728
1802.9	11.4882
1805.48	3.50384
1808.05	13.5197
1810.62	17.5357
1813.19	5.55192
1815.76	21.5684
1818.33	-2.415
1820.89	3.60185
1823.46	13.6189
1826.02	5.63616
1828.59	29.6536
1831.15	27.6713
1833.71	7.6892
1836.27	1.7073
1838.84	13.7256
1841.39	19.7441
1843.95	3.76288
1846.51	5.78183
1849.07	23.801
1851.62	5.82038
1854.18	5.83998
1856.73	21.8598
1859.29	-10.1202
1861.84	9.90008
1864.39	11.9206
1866.94	21.9413
1869.49	13.9622
1872.04	3.9833
1874.59	10.0047
1877.13	12.0262
1879.68	18.048
1882.22	12.0701
1884.77	2.09232
1887.31	-3.88521
1889.85	26.1375
1892.39	10.1604
1894.93	8.18358
1897.47	8.20698
1900.01	20.2306
1902.55	18.2544
1905.09	6.27853
1907.62	12.3028
1910.16	14.3274
1912.69	20.3521
1915.22	16.3772
1917.76	20.4024
1920.29	0.427885
1922.82	6.45359
1925.35	6.47955
1927.88	8.50574
1930.4	4.53216
1932.93	10.5588
1935.46	14.5857
1937.98	14.6129
1940.51	20.6403
1943.03	22.6679
1945.55	8.69574
1948.07	-1.27614
1950.59	14.7522
1953.11	24.7808
1955.63	14.8096
1958.15	6.83873
1960.67	8.86806
1963.18	8.89764
1965.7	2.92746
1968.21	14.9575
1970.73	8.98787
1973.24	3.01845
1975.75	17.0493
1978.26	27.0803
1980.77	17.1116
1983.28	-14.8568
1985.79	31.1751
1988.29	17.2071
1990.8	25.2395
1993.31	1.27208
1995.81	21.3049
1998.31	11.338
