100.093	42.2446
103.274	30.1424
106.457	24.041
109.636	23.9407
112.817	21.8411
115.994	31.7424
119.172	21.6446
122.347	23.5478
125.521	29.4518
128.696	13.3566
131.868	15.2623
135.039	21.1689
138.209	27.0763
141.379	6.98459
144.547	40.8937
147.713	12.8037
150.879	28.7146
154.043	26.6263
157.206	26.5388
160.368	2.45212
163.529	10.3663
166.689	28.2813
169.848	18.1971
173.006	36.1137
176.163	26.0312
179.316	29.9495
182.471	13.8685
185.625	17.7884
188.777	21.7091
191.927	15.6306
195.077	7.55281
198.224	15.4759
201.372	1.3997
204.52	27.3243
207.664	11.2497
210.809	19.1759
213.95	17.1028
217.091	21.0305
220.233	24.959
223.372	22.8882
226.509	-5.18179
229.648	16.7489
232.784	14.6804
235.918	22.6126
239.051	14.5456
242.186	12.4793
245.317	20.4137
248.447	10.3489
251.577	14.2848
254.705	26.2214
257.832	28.1588
260.958	24.0968
264.083	12.0356
267.204	19.9751
270.327	3.9153
273.449	7.85619
276.57	1.79777
279.69	3.74004
282.806	3.68305
285.924	11.6267
289.04	19.571
292.154	17.5161
295.268	3.4618
298.379	19.4082
301.492	7.35525
304.601	7.30299
307.711	21.2514
310.818	15.2004
313.924	1.15015
317.031	5.1005
320.135	35.0515
323.238	5.00319
326.34	-13.0445
329.443	20.9084
332.543	8.86203
335.642	2.81625
338.74	16.7711
341.836	2.72658
344.932	0.682688
348.027	-7.36059
351.12	14.5968
354.213	28.5547
357.302	14.5133
360.393	16.4725
363.482	16.4322
366.57	14.3926
369.656	8.3536
372.742	10.3152
375.827	8.27732
378.91	-1.75992
381.993	-9.79659
385.073	8.16733
388.154	6.13181
391.232	18.0969
394.311	2.06252
397.387	6.02873
400.462	-0.0044861
403.536	7.96285
406.611	13.9307
409.683	9.89918
412.754	5.86819
415.824	27.8377
418.893	5.80784
421.961	3.77847
425.027	7.74965
428.093	-0.278637
431.158	-2.30639
434.222	1.66638
437.284	15.6397
440.346	9.6135
443.407	1.58785
446.464	21.5627
449.523	7.53809
452.581	1.51398
455.635	9.49038
458.691	1.46728
461.743	-0.555313
464.797	1.42258
467.847	15.401
470.899	17.3799
473.947	5.35925
476.994	5.33911
480.043	7.31945
483.088	15.3003
486.133	-0.718411
489.176	1.26337
492.22	3.24561
495.262	-0.771675
498.302	9.21151
501.341	-4.80485
504.38	3.17925
507.417	17.1638
510.453	7.14882
513.487	-2.86572
516.521	13.1202
519.554	17.1065
522.586	9.09332
525.616	-2.91945
528.646	1.06821
531.675	5.0563
534.701	3.04483
537.729	19.0338
540.753	15.0232
543.778	-0.987061
546.8	-8.99685
549.821	18.9938
552.844	2.9848
555.863	16.9762
558.881	12.9681
561.898	2.96034
564.916	12.953
567.932	2.94603
570.946	-5.06053
573.959	-3.0667
576.971	-1.07249
579.982	10.9221
582.993	2.9171
586	16.9125
589.008	0.908199
592.015	10.9043
595.022	6.90079
598.025	16.8976
601.029	6.89486
604.032	12.8924
607.033	8.89037
610.034	-5.11134
613.032	16.8873
616.032	0.886306
619.028	18.8857
622.023	8.88534
625.018	8.88537
628.013	10.8857
631.005	-5.11355
633.997	2.8875
636.987	26.8889
639.977	18.8906
642.965	2.8926
645.952	2.89495
648.939	-1.10238
651.924	10.9006
654.909	20.9039
657.892	16.9075
660.873	4.91145
663.854	2.91568
666.835	10.9202
669.813	6.92504
672.791	8.93018
675.767	6.93561
678.743	10.9413
681.717	10.9473
684.692	12.9536
687.664	14.9602
690.634	2.96709
693.606	14.9742
696.575	16.9817
699.543	16.9894
702.51	0.997321
705.475	1.00556
708.44	3.01406
711.404	1.02283
714.367	7.03185
717.329	13.0411
720.29	17.0507
723.25	5.06048
726.207	5.07052
729.166	15.0808
732.123	7.09135
735.077	-10.8979
738.032	5.11315
740.984	3.12441
743.938	17.1359
746.888	21.1476
749.839	5.15959
752.788	5.17177
755.735	3.18417
758.682	19.1968
761.627	17.2096
764.574	5.22271
767.517	17.236
770.46	15.2495
773.402	15.2632
776.342	5.27709
779.282	17.2912
782.219	13.3055
785.157	29.32
788.094	11.3347
791.029	5.34964
793.962	17.3647
796.896	5.38002
799.828	19.3955
802.76	3.41114
805.689	21.427
808.619	3.443
811.546	-8.54081
814.473	7.47555
817.4	17.4921
820.324	15.5088
823.248	21.5257
826.17	-6.45728
829.092	25.5599
832.012	19.5773
834.932	5.59481
837.851	13.6125
840.768	23.6303
843.685	17.6483
846.599	-0.333592
849.514	23.6847
852.428	9.7031
855.339	11.7216
858.251	15.7403
861.16	7.75917
864.07	-0.221867
866.978	7.79722
869.884	13.8164
872.792	17.8358
875.696	9.85526
878.599	-0.12515
881.502	19.8946
884.404	13.9144
887.304	5.93433
890.204	21.9544
893.103	7.97455
896.001	1.99483
898.898	4.01521
901.794	22.0357
904.689	-1.94373
907.581	12.0769
910.474	6.09773
913.364	12.1186
916.256	2.13956
919.144	14.1606
922.034	14.1817
924.92	10.203
927.808	2.22428
930.693	12.2457
933.576	14.2671
936.459	2.28865
939.341	22.3103
942.222	-3.66806
945.102	-3.64631
947.981	-3.62449
950.859	12.3974
953.737	2.41934
956.613	0.441347
959.488	18.4634
962.361	2.48552
965.235	0.507696
968.105	2.52991
970.977	0.552186
973.846	22.5745
976.716	6.59687
979.583	12.6193
982.449	10.6417
985.316	4.6642
988.18	16.6867
991.043	2.70926
993.906	-5.26816
996.767	6.75446
999.628	16.7771
1002.49	2.79976
1005.35	2.82245
1008.2	18.8452
1011.06	6.86788
1013.91	0.890625
1016.77	8.91339
1019.62	8.93615
1022.48	0.958936
1025.33	0.981716
1028.18	17.0045
1031.03	13.0273
1033.87	5.05011
1036.72	11.0729
1039.57	5.09571
1042.41	1.1185
1045.26	-0.858718
1048.1	5.16406
1050.94	11.1868
1053.78	25.2096
1056.62	11.2323
1059.46	15.255
1062.3	9.27775
1065.14	29.3004
1067.97	7.32308
1070.81	17.3457
1073.64	15.3683
1076.47	3.39089
1079.31	9.41344
1082.14	7.43595
1084.97	17.4584
1087.8	1.48087
1090.63	9.50327
1093.45	7.52562
1096.28	21.5479
1099.1	5.57021
1101.93	1.59243
1104.75	5.6146
1107.57	1.63673
1110.39	5.6588
1113.21	13.6808
1116.03	19.7028
1118.85	5.72467
1121.66	9.7465
1124.48	-0.231723
1127.3	-0.210021
1130.11	17.8116
1132.92	1.8332
1135.73	1.85469
1138.54	-0.123881
1141.35	-0.102528
1144.16	-4.08124
1146.97	19.94
1149.78	13.9611
1152.58	5.9821
1155.39	10.0031
1158.19	12.0239
1161	14.0447
1163.8	10.0654
1166.6	12.086
1169.4	-1.89351
1172.2	14.1269
1174.99	22.1472
1177.79	2.16741
1180.59	6.18751
1183.38	2.20751
1186.17	12.2274
1188.97	0.247213
1191.76	14.2669
1194.55	10.2865
1197.34	6.30593
1200.13	0.325276
1202.92	2.34451
1205.7	4.36361
1208.49	26.3826
1211.27	-5.59852
1214.06	6.42022
1216.84	22.4388
1219.62	0.457338
1222.4	20.4757
1225.18	6.49394
1227.96	12.512
1230.74	18.53
1233.51	14.5478
1236.29	18.5655
1239.06	-1.4169
1241.84	14.6005
1244.61	0.61778
1247.38	-7.36509
1250.15	10.6519
1252.92	2.66871
1255.69	8.68539
1258.46	6.70191
1261.23	10.7183
1263.99	8.7345
1266.76	4.75057
1269.52	8.76647
1272.28	4.78221
1275.05	2.79779
1277.81	6.8132
1280.57	18.8284
1283.33	12.8435
1286.08	6.85844
1288.84	-1.12682
1291.6	14.8877
1294.35	0.902142
1297.11	10.9164
1299.86	10.9304
1302.61	6.94425
1305.36	14.9579
1308.11	10.9714
1310.86	14.9847
1313.61	12.9978
1316.36	15.0108
1319.1	-0.976469
1321.85	27.0361
1324.59	17.0484
1327.33	17.0606
1330.08	21.0726
1332.82	23.0843
1335.56	9.09592
1338.3	21.1073
1341.04	31.1185
1343.77	7.12942
1346.51	15.1402
1349.25	15.1507
1351.98	7.16106
1354.71	5.17119
1357.45	11.1811
1360.18	-4.8092
1362.91	9.20029
1365.64	5.20955
1368.37	13.2186
1371.09	9.22743
1373.82	7.23603
1376.54	7.24441
1379.27	13.2526
1381.99	-4.73951
1384.72	13.2682
1387.44	-4.72434
1390.16	-2.7171
1392.88	5.2899
1395.6	19.2967
1398.31	11.3032
1401.03	5.30949
1403.75	7.31554
1406.46	15.3214
1409.18	3.32692
1411.89	-8.66775
1414.6	19.3373
1417.31	11.3422
1420.02	-4.65326
1422.73	3.35107
1425.44	7.35515
1428.15	5.35898
1430.85	11.3625
1433.56	21.3659
1436.26	3.36892
1438.97	7.37172
1441.67	15.3743
1444.37	23.3765
1447.07	3.37853
1449.77	9.38028
1452.47	17.3818
1455.16	13.383
1457.86	13.3839
1460.56	13.3846
1463.25	15.385
1465.94	9.38507
1468.64	3.38492
1471.33	17.3845
1474.02	1.38377
1476.71	7.38277
1479.4	9.3815
1482.09	11.3799
1484.77	9.37809
1487.46	17.376
1490.14	7.37354
1492.83	19.3708
1495.51	-0.632162
1498.19	5.36455
1500.87	-0.639033
1503.55	9.35709
1506.23	7.35291
1508.91	13.3484
1511.59	17.3437
1514.27	17.3386
1516.94	17.3332
1519.62	13.3276
1522.29	7.32157
1524.96	9.31529
1527.63	1.30869
1530.3	15.3018
1532.97	19.2946
1535.64	5.28705
1538.31	21.2792
1540.98	15.2711
1543.64	-4.73741
1546.31	1.25381
1548.97	21.2447
1551.63	13.2353
1554.3	15.2255
1556.96	19.2155
1559.62	9.20508
1562.28	11.1944
1564.94	5.18332
1567.59	15.172
1570.25	3.16025
1572.9	7.14822
1575.56	-4.86414
1578.21	5.12317
1580.86	15.1101
1583.52	19.0968
1586.17	1.08306
1588.82	9.06902
1591.47	3.05464
1594.11	7.03992
1596.76	3.02485
1599.41	13.0094
1602.05	2.99369
1604.69	2.97759
1607.34	12.9611
1609.98	8.94434
1612.62	22.9272
1615.26	8.90969
1617.9	10.8918
1620.54	-3.12637
1623.18	12.8551
1625.81	10.8362
1628.45	10.8169
1631.08	0.79725
1633.72	10.7773
1636.35	6.7569
1638.98	12.7362
1641.61	2.7151
1644.24	14.6936
1646.87	22.6718
1649.5	-1.35036
1652.13	12.6271
1654.75	12.6042
1657.38	2.58088
1660	10.5572
1662.63	8.53316
1665.25	8.50874
1667.87	10.4839
1670.49	20.4588
1673.11	10.4332
1675.73	14.4073
1678.35	2.38098
1680.96	24.3543
1683.58	10.3272
1686.19	-1.70025
1688.81	8.27189
1691.42	12.2437
1694.03	20.215
1696.64	14.186
1699.25	26.1566
1701.87	0.126806
1704.47	2.09662
1707.08	20.066
1709.69	14.0351
1712.29	-3.99633
1714.9	-4.02811
1717.5	7.93973
1720.1	-0.0928496
1722.71	11.8742
1725.31	11.8408
1727.91	-10.193
1730.51	3.77282
1733.1	-2.26176
1735.7	15.7032
1738.3	1.66781
1740.89	7.63199
1743.49	-2.40424
1746.08	17.5591
1748.67	17.5221
1751.26	19.4846
1753.86	17.4467
1756.45	19.4084
1759.03	5.36971
1761.62	11.3306
1764.21	17.291
1766.8	5.25105
1769.38	11.2107
1771.97	21.1698
1774.55	7.12858
1777.13	-0.913089
1779.71	11.0448
1782.29	9.00232
1784.87	8.95936
1787.45	6.91597
1790.03	6.87218
1792.61	18.8279
1795.18	-1.21673
1797.76	16.7381
1800.33	18.6926
1802.9	20.6466
1805.48	10.6002
1808.05	16.5534
1810.62	-1.49391
1813.19	2.45835
1815.76	22.4102
1818.33	10.3616
1820.89	14.3125
1823.46	22.263
1826.02	10.213
1828.59	6.16266
1831.15	22.1118
1833.71	8.06052
1836.27	18.0088
1838.84	11.9566
1841.39	-0.0960299
1843.95	3.85088
1846.51	1.79733
1849.07	1.74336
1851.62	9.68889
1854.18	23.634
1856.73	3.57862
1859.29	5.52277
1861.84	11.4665
1864.39	7.40977
1866.94	11.3525
1869.49	-2.70514
1872.04	11.2367
1874.59	13.1781
1877.13	19.1191
1879.68	9.05957
1882.22	6.99956
1884.77	16.9391
1887.31	0.878176
1889.85	6.81675
1892.39	6.75489
1894.93	14.6926
1897.47	2.62971
1900.01	18.5664
1902.55	6.50265
1905.09	-1.56159
1907.62	10.3737
1910.16	6.30852
1912.69	12.2428
1915.22	2.17666
1917.76	10.11
1920.29	-1.9571
1922.82	9.97532
1925.35	9.9072
1927.88	3.83864
1930.4	-4.23041
1932.93	-0.299944
1935.46	1.63003
1937.98	-2.4405
1940.51	1.48849
1943.03	9.41698
1945.55	9.34503
1948.07	11.2725
1950.59	1.19959
1953.11	7.12609
1955.63	11.0521
1958.15	12.9777
1960.67	16.9028
1963.18	-3.17267
1965.7	12.7514
1968.21	4.67493
1970.73	2.59798
1973.24	4.52052
1975.75	16.4426
1978.26	6.36414
1980.77	12.2852
1983.28	6.20573
1985.79	14.1258
1988.29	8.04533
1990.8	13.9643
1993.31	7.88284
1995.81	11.8008
1998.31	-2.2816
