100.093	3.71774
103.274	5.86631
106.457	14.014
109.636	2.16068
112.817	4.3065
115.994	22.4513
119.172	14.5952
122.347	2.73811
125.521	2.88008
128.696	1.02122
131.868	7.16134
135.039	-2.69947
138.209	-2.56119
141.379	3.57626
144.547	3.71271
147.713	-8.15175
150.879	-6.01711
154.043	2.11663
157.206	0.249466
160.368	0.38141
163.529	8.51246
166.689	8.64263
169.848	0.771912
173.006	-1.09969
176.163	17.0278
179.316	13.1544
182.471	7.28018
185.625	1.40509
188.777	3.52914
191.927	-2.34776
195.077	9.77457
198.224	11.896
201.372	0.0165931
204.52	10.1364
207.664	16.2552
210.809	12.3733
213.95	6.49049
217.091	2.60684
220.233	-1.27757
223.372	2.83711
226.509	26.951
229.648	15.0641
232.784	1.17632
235.918	5.28773
239.051	3.39832
242.186	5.50819
245.317	3.61718
248.447	1.72536
251.577	19.8328
254.705	19.9393
257.832	-3.95485
260.958	12.1502
264.083	20.2544
267.204	4.35777
270.327	18.4604
273.449	24.5623
276.57	6.66345
279.69	10.7638
282.806	-3.13668
285.924	8.96215
289.04	-2.93979
292.154	19.1575
295.268	-0.745995
298.379	7.34974
301.492	21.4448
304.601	7.53905
307.711	1.63262
310.818	1.72539
313.924	3.81743
317.031	15.9088
320.135	13.9994
323.238	16.0892
326.34	10.1784
329.443	4.26683
332.543	0.354531
335.642	16.4415
338.74	16.5278
341.836	4.61336
344.932	18.6982
348.027	4.78239
351.12	0.865859
354.213	2.94863
357.302	5.03066
360.393	3.11205
363.482	11.1928
366.57	7.27279
369.656	11.3521
372.742	3.43076
375.827	-8.49125
378.91	5.58603
381.993	-4.33731
385.073	11.7386
388.154	3.81397
391.232	21.8886
394.311	7.96262
397.387	12.0359
400.462	6.10861
403.536	-7.81937
406.611	6.25206
409.683	-5.6772
412.754	10.3929
415.824	2.46238
418.893	8.53122
421.961	6.59943
425.027	16.667
428.093	0.733973
431.158	0.800315
434.222	6.86604
437.284	6.93115
440.346	20.9956
443.407	11.0595
446.464	1.12278
449.523	-6.81453
452.581	3.24755
455.635	21.309
458.691	9.36989
461.743	1.43015
464.797	11.4899
467.847	-2.45105
470.899	15.6075
473.947	5.66542
476.994	1.72277
480.043	5.77958
483.088	9.83578
486.133	23.8914
489.176	7.94649
492.22	-9.99896
495.262	2.05498
498.302	4.10837
501.341	22.1612
504.38	2.21349
507.417	8.26523
510.453	8.31642
513.487	16.367
516.521	-7.58286
519.554	16.4667
522.586	16.5157
525.616	-9.43579
528.646	10.6122
531.675	0.659622
534.701	14.7065
537.729	-7.24709
540.753	10.7988
543.778	4.84412
546.8	8.88894
549.821	6.93325
552.844	2.97708
555.863	5.02038
558.881	3.06317
561.898	11.1055
564.916	15.1473
567.932	3.1886
570.946	13.2294
573.959	5.26973
576.971	5.30957
579.982	5.34892
582.993	13.3878
586	-8.57384
589.008	3.46407
592.015	15.5015
595.022	-0.461509
598.025	-4.42503
601.029	5.61101
604.032	-6.35341
607.033	9.68168
610.034	11.7163
613.032	21.7505
616.032	19.7843
619.028	15.8175
622.023	9.85038
625.018	19.8828
628.013	5.91474
631.005	23.9462
633.997	29.9773
636.987	8.00795
639.977	2.03815
642.965	8.06793
645.952	-3.90273
648.939	4.1262
651.924	14.1547
654.909	8.18278
657.892	2.21045
660.873	16.2377
663.854	14.2645
666.835	24.291
669.813	4.31696
672.791	6.34258
675.767	2.36779
678.743	18.3926
681.717	4.41701
684.692	-1.55896
687.664	6.46466
690.634	14.4879
693.606	16.5108
696.575	10.5332
699.543	8.5553
702.51	10.577
705.475	8.59833
708.44	22.6193
711.404	10.6399
714.367	2.66006
717.329	12.6799
720.29	12.6994
723.25	0.718495
726.207	20.7372
729.166	-1.24437
732.123	10.7737
735.077	14.7914
738.032	8.80869
740.984	26.8257
743.938	8.84232
746.888	20.8586
749.839	14.8746
752.788	4.89018
755.735	12.9055
758.682	16.9204
761.627	-5.06498
764.574	4.94931
767.517	6.96327
770.46	20.9769
773.402	6.99021
776.342	17.0032
779.282	19.0159
782.219	19.0282
785.157	9.04027
788.094	17.052
791.029	29.0634
793.962	5.07455
796.896	7.08537
799.828	25.0959
802.76	7.10611
805.689	17.116
808.619	11.1257
811.546	21.135
814.473	13.144
817.4	5.15278
820.324	29.1613
823.248	7.16944
826.17	5.17735
829.092	15.185
832.012	11.1923
834.932	11.1994
837.851	-4.79379
840.768	23.2127
843.685	5.21902
846.599	17.225
849.514	21.2308
852.428	5.23625
855.339	17.2415
858.251	21.2464
861.16	5.25115
864.07	13.2556
866.978	15.2598
869.884	11.2638
872.792	15.2675
875.696	25.271
878.599	3.27422
881.502	3.27721
884.404	11.28
887.304	11.2825
890.204	15.2848
893.103	11.2869
896.001	9.2887
898.898	3.29031
901.794	15.2917
904.689	15.2929
907.581	11.2938
910.474	19.2945
913.364	9.29506
916.256	31.2954
919.144	17.2955
922.034	5.29535
924.92	13.295
927.808	-0.705499
930.693	7.29377
933.576	19.2928
936.459	5.29172
939.341	7.2904
942.222	13.2889
945.102	-2.71282
947.981	11.2853
950.859	3.2832
953.737	5.28093
956.613	9.27848
959.488	11.2758
962.361	7.27304
965.235	9.27005
968.105	11.2669
970.977	15.2635
973.846	11.26
976.716	5.25636
979.583	11.2525
982.449	13.2485
985.316	19.2443
988.18	11.24
991.043	11.2355
993.906	11.2309
996.767	13.2261
999.628	15.2211
1002.49	13.216
1005.35	7.21076
1008.2	5.20535
1011.06	9.19981
1013.91	9.19412
1016.77	17.1883
1019.62	17.1823
1022.48	3.17622
1025.33	1.16999
1028.18	-0.836388
1031.03	1.15711
1033.87	9.15048
1036.72	17.1437
1039.57	11.1368
1042.41	7.12983
1045.26	21.1227
1048.1	11.1155
1050.94	11.1081
1053.78	19.1006
1056.62	1.09302
1059.46	7.08532
1062.3	21.0775
1065.14	11.0696
1067.97	7.06156
1070.81	23.0534
1073.64	19.0452
1076.47	7.03687
1079.31	13.0284
1082.14	9.01991
1084.97	27.0113
1087.8	15.0026
1090.63	8.99378
1093.45	8.98489
1096.28	14.9759
1099.1	-1.03315
1101.93	10.9577
1104.75	-3.05153
1107.57	4.93916
1110.39	6.92978
1113.21	2.92032
1116.03	-1.08921
1118.85	10.9012
1121.66	8.89151
1124.48	18.8818
1127.3	-5.12804
1130.11	10.8621
1132.92	10.8521
1135.73	2.84215
1138.54	2.83209
1141.35	18.822
1144.16	10.8118
1146.97	12.8016
1149.78	22.7913
1152.58	8.78098
1155.39	8.77061
1158.19	-1.23981
1161	0.749719
1163.8	14.7392
1166.6	2.72866
1169.4	10.7181
1172.2	8.70745
1174.99	6.69678
1177.79	4.68609
1180.59	14.6754
1183.38	4.66461
1186.17	24.6538
1188.97	8.643
1191.76	12.6322
1194.55	2.6213
1197.34	10.6104
1200.13	12.5995
1202.92	14.5886
1205.7	2.57765
1208.49	16.5667
1211.27	14.5557
1214.06	-5.45526
1216.84	16.5338
1219.62	2.52276
1222.4	-1.48825
1225.18	-5.49926
1227.96	-1.51027
1230.74	14.4787
1233.51	16.4677
1236.29	20.4567
1239.06	0.445684
1241.84	2.43468
1244.61	8.42369
1247.38	8.4127
1250.15	2.40173
1252.92	2.39077
1255.69	12.3798
1258.46	2.36889
1261.23	16.358
1263.99	6.34707
1266.76	-5.66381
1269.52	6.32534
1272.28	26.3145
1275.05	0.303697
1277.81	12.2929
1280.57	6.28217
1283.33	12.2714
1286.08	16.2608
1288.84	10.2501
1291.6	4.23948
1294.35	14.2289
1297.11	14.2184
1299.86	16.2079
1302.61	4.19738
1305.36	14.187
1308.11	16.1766
1310.86	0.166261
1313.61	14.156
1316.36	8.14574
1319.1	0.135564
1321.85	-1.87456
1324.59	10.1154
1327.33	6.10534
1330.08	12.0954
1332.82	2.08548
1335.56	-7.92437
1338.3	18.0659
1341.04	0.0561403
1343.77	16.0465
1346.51	12.0369
1349.25	10.0274
1351.98	6.01794
1354.71	0.00856021
1357.45	11.9993
1360.18	7.99003
1362.91	13.9809
1365.64	17.9718
1368.37	13.9628
1371.09	9.95389
1373.82	17.9451
1376.54	15.9363
1379.27	9.92764
1381.99	17.9191
1384.72	-4.08944
1387.44	21.9022
1390.16	9.89385
1392.88	9.88563
1395.6	7.8775
1398.31	9.86947
1401.03	9.86154
1403.75	3.85371
1406.46	13.846
1409.18	13.8383
1411.89	7.8308
1414.6	-2.17662
1417.31	-0.183941
1420.02	13.8088
1422.73	1.80174
1425.44	5.79474
1428.15	7.78786
1430.85	15.7811
1433.56	3.77443
1436.26	3.76788
1438.97	9.76146
1441.67	15.7552
1444.37	5.74897
1447.07	7.74291
1449.77	17.737
1452.47	11.7311
1455.16	7.72546
1457.86	-2.28011
1460.56	11.7145
1463.25	3.70915
1465.94	7.70398
1468.64	9.69893
1471.33	5.69403
1474.02	5.68925
1476.71	-2.31538
1479.4	-2.31988
1482.09	5.67577
1484.77	3.67155
1487.46	17.6675
1490.14	-4.33645
1492.83	-6.34024
1495.51	-4.34388
1498.19	7.65263
1500.87	5.64929
1503.55	11.6461
1506.23	3.64306
1508.91	1.64018
1511.59	15.6374
1514.27	19.6349
1516.94	7.63246
1519.62	19.6302
1522.29	15.6281
1524.96	-2.37384
1527.63	13.6244
1530.3	19.6228
1532.97	9.62133
1535.64	7.62005
1538.31	-0.381059
1540.98	11.618
1543.64	7.61723
1546.31	-4.38337
1548.97	-6.3838
1551.63	19.616
1554.3	15.6159
1556.96	-0.38402
1559.62	13.6163
1562.28	3.61672
1564.94	11.6174
1567.59	1.61818
1570.25	-4.38081
1572.9	11.6204
1575.56	11.6218
1578.21	9.62332
1580.86	-0.374924
1583.52	9.62702
1586.17	1.62915
1588.82	13.6315
1591.47	9.634
1594.11	21.6367
1596.76	5.63963
1599.41	5.64273
1602.05	-2.35396
1604.69	7.64955
1607.34	13.6533
1609.98	-6.34283
1612.62	13.6613
1615.26	11.6656
1617.9	7.67013
1620.54	9.67486
1623.18	-0.320199
1625.81	7.68495
1628.45	19.6903
1631.08	9.69589
1633.72	1.70167
1636.35	17.7077
1638.98	11.7139
1641.61	7.72033
1644.24	7.72698
1646.87	13.7339
1649.5	5.74095
1652.13	13.7483
1654.75	5.7558
1657.38	1.76356
1660	17.7715
1662.63	11.7798
1665.25	9.7882
1667.87	13.7969
1670.49	11.8058
1673.11	3.8149
1675.73	-2.17574
1678.35	3.83386
1680.96	5.84369
1683.58	3.85375
1686.19	11.8641
1688.81	11.8746
1691.42	9.88538
1694.03	15.8964
1696.64	9.90767
1699.25	5.91917
1701.87	5.93093
1704.47	25.9429
1707.08	19.9552
1709.69	9.96765
1712.29	3.98038
1714.9	11.9934
1717.5	8.0066
1720.1	4.02009
1722.71	14.0338
1725.31	8.04782
1727.91	-15.9379
1730.51	16.0766
1733.1	12.0913
1735.7	-1.89363
1738.3	12.1216
1740.89	10.1372
1743.49	12.153
1746.08	6.16905
1748.67	6.18538
1751.26	18.202
1753.86	22.2188
1756.45	2.23596
1759.03	18.2534
1761.62	14.271
1764.21	8.28895
1766.8	4.30715
1769.38	26.3256
1771.97	2.34439
1774.55	8.36341
1777.13	8.38272
1779.71	14.4023
1782.29	30.4221
1784.87	10.4423
1787.45	14.4627
1790.03	10.4834
1792.61	2.50437
1795.18	24.5256
1797.76	2.54717
1800.33	18.569
1802.9	14.5911
1805.48	2.61351
1808.05	8.63619
1810.62	-3.34083
1813.19	4.68244
1815.76	16.706
1818.33	10.7299
1820.89	22.754
1823.46	10.7784
1826.02	6.80318
1828.59	6.82821
1831.15	24.8535
1833.71	14.8792
1836.27	4.90509
1838.84	2.93131
1841.39	14.9578
1843.95	20.9847
1846.51	17.0118
1849.07	15.0392
1851.62	19.067
1854.18	11.095
1856.73	33.1234
1859.29	15.152
1861.84	9.181
1864.39	5.21027
1866.94	15.2399
1869.49	9.26978
1872.04	-0.700004
1874.59	-2.66947
1877.13	17.3614
1879.68	3.39252
1882.22	9.424
1884.77	15.4558
1887.31	13.4879
1889.85	7.52035
1892.39	9.55309
1894.93	13.5862
1897.47	21.6196
1900.01	15.6533
1902.55	13.6873
1905.09	11.7217
1907.62	9.7564
1910.16	9.7914
1912.69	21.8268
1915.22	-2.13756
1917.76	9.89844
1920.29	23.9348
1922.82	15.9715
1925.35	26.0085
1927.88	14.0458
1930.4	14.0835
1932.93	6.12147
1935.46	12.1598
1937.98	16.1985
1940.51	-5.76248
1943.03	20.2769
1945.55	6.31656
1948.07	2.35661
1950.59	14.397
1953.11	26.4377
1955.63	10.4788
1958.15	10.5202
1960.67	12.5619
1963.18	16.604
1965.7	2.64645
1968.21	8.68924
1970.73	8.73239
1973.24	32.7759
1975.75	2.8197
1978.26	26.8639
1980.77	18.9084
1983.28	-3.04665
1985.79	16.9986
1988.29	15.0442
1990.8	15.0902
1993.31	33.1365
1995.81	9.18316
1998.31	11.2302
