100.093	23.3127
103.274	5.38972
106.457	11.4661
109.636	13.5418
112.817	9.61695
115.994	21.6913
119.172	13.7651
122.347	15.8382
125.521	5.91068
128.696	5.98253
131.868	12.0537
135.039	6.12421
138.209	8.19409
141.379	20.2634
144.547	22.332
147.713	20.4
150.879	10.4673
154.043	8.53407
157.206	20.6002
160.368	12.6657
163.529	14.7305
166.689	14.7948
169.848	2.85844
173.006	-3.07853
176.163	22.9839
179.316	-0.954333
182.471	15.1069
185.625	15.1675
188.777	-8.7725
191.927	1.28688
195.077	23.3457
198.224	21.4039
201.372	3.46153
204.52	17.5186
207.664	21.575
210.809	21.6309
213.95	7.68616
217.091	9.74085
220.233	9.795
223.372	-8.15145
226.509	5.90152
229.648	-0.0460425
232.784	-5.9942
235.918	6.05707
239.051	18.1078
242.186	16.158
245.317	-5.79243
248.447	10.2566
251.577	14.3051
254.705	10.353
257.832	6.40043
260.958	14.4473
264.083	0.493581
267.204	4.53931
270.327	16.5845
273.449	10.6292
276.57	16.6734
279.69	-1.283
282.806	18.7601
285.924	18.8026
289.04	10.8447
292.154	20.8862
295.268	6.92716
298.379	10.9676
301.492	17.0076
304.601	11.047
307.711	21.0859
310.818	5.12433
313.924	7.16223
317.031	-0.800357
320.135	5.23653
323.238	3.27292
326.34	19.3088
329.443	1.34422
332.543	-0.620884
335.642	5.41352
338.74	3.44744
341.836	5.48087
344.932	5.51381
348.027	29.5463
351.12	5.57825
354.213	7.60975
357.302	19.6408
360.393	9.6713
363.482	-0.298622
366.57	7.73098
369.656	1.7601
372.742	15.7888
375.827	5.81698
378.91	25.8447
381.993	1.872
385.073	-2.10119
388.154	-6.07482
391.232	11.9511
394.311	19.9766
397.387	8.00156
400.462	10.0261
403.536	14.0502
406.611	-1.92609
409.683	16.0971
412.754	10.1199
415.824	6.14228
418.893	6.1642
421.961	12.1857
425.027	24.2067
428.093	-9.77263
431.158	-1.75243
434.222	6.26735
437.284	0.286705
440.346	0.30564
443.407	18.3242
446.464	18.3422
449.523	10.3599
452.581	16.3772
455.635	16.3941
458.691	-7.58948
461.743	14.4266
464.797	4.44221
467.847	-7.54255
470.899	4.47229
473.947	8.48673
476.994	14.5008
480.043	-5.48557
483.088	12.5277
486.133	14.5406
489.176	-1.44696
492.22	8.56514
495.262	24.5769
498.302	12.5882
501.341	12.5991
504.38	20.6097
507.417	0.619898
510.453	22.6297
513.487	16.6392
516.521	-1.35176
519.554	14.657
522.586	0.665298
525.616	14.6733
528.646	6.68089
531.675	2.68815
534.701	2.69504
537.729	18.7016
540.753	2.70777
543.778	14.7136
546.8	22.7191
549.821	24.7242
552.844	8.72901
555.863	4.73345
558.881	14.7375
561.898	14.7413
564.916	8.74472
567.932	6.7478
570.946	6.75055
573.959	10.753
576.971	-1.24497
579.982	-1.24322
582.993	12.7582
586	6.7593
589.008	10.7601
592.015	12.7605
595.022	4.76064
598.025	6.76045
601.029	8.75994
604.032	8.75912
607.033	14.758
610.034	8.75654
613.032	4.75478
616.032	18.7527
619.028	0.750346
622.023	20.7477
625.018	6.7447
628.013	-3.25858
631.005	22.7378
633.997	18.734
636.987	18.7298
639.977	-1.27465
642.965	2.7206
645.952	14.7156
648.939	34.7102
651.924	-7.29538
654.909	16.6987
657.892	14.6925
660.873	12.6861
663.854	22.6793
666.835	14.6723
669.813	-3.33496
672.791	14.6575
675.767	8.64965
678.743	-3.35846
681.717	10.6332
684.692	2.62453
687.664	22.6156
690.634	6.60647
693.606	16.597
696.575	16.5874
699.543	2.57741
702.51	8.56721
705.475	18.5568
708.44	22.5461
711.404	2.5351
714.367	20.5239
717.329	22.5124
720.29	-11.4992
723.25	16.4888
726.207	12.4766
729.166	14.4642
732.123	16.4515
735.077	26.4387
738.032	14.4255
740.984	16.4122
743.938	0.398562
746.888	2.38474
749.839	22.3707
752.788	2.3564
755.735	26.3419
758.682	16.3272
761.627	14.3122
764.574	22.297
767.517	0.281658
770.46	-11.7339
773.402	0.250234
776.342	12.2342
779.282	14.218
782.219	6.20151
785.157	4.18485
788.094	16.168
791.029	8.1509
793.962	4.13363
796.896	4.11614
799.828	12.0985
802.76	22.0806
805.689	18.0625
808.619	28.0442
811.546	18.0258
814.473	36.0071
817.4	21.9883
820.324	13.9693
823.248	19.95
826.17	13.9306
829.092	21.911
832.012	11.8913
834.932	17.8713
837.851	25.8512
840.768	31.8309
843.685	9.81038
846.599	17.7897
849.514	19.7689
852.428	23.7479
855.339	-2.27327
858.251	15.7054
861.16	13.6839
864.07	13.6622
866.978	13.6404
869.884	19.6184
872.792	21.5962
875.696	21.5739
878.599	1.55143
881.502	13.5288
884.404	-0.493982
887.304	11.4831
890.204	11.46
893.103	13.4368
896.001	-6.58663
898.898	9.38984
901.794	-2.63384
904.689	13.3423
907.581	13.3184
910.474	15.2943
913.364	7.27006
916.256	7.24567
919.144	9.22117
922.034	17.1965
924.92	5.17174
927.808	3.14682
930.693	17.1218
933.576	5.09662
936.459	5.07132
939.341	27.0459
942.222	17.0204
945.102	14.9947
947.981	2.9689
950.859	16.943
953.737	6.91697
956.613	8.89082
959.488	8.86456
962.361	16.8382
965.235	8.81171
968.105	4.78513
970.977	6.75842
973.846	10.7316
976.716	2.70469
979.583	14.6777
982.449	6.65056
985.316	8.62332
988.18	16.596
991.043	20.5686
993.906	8.54105
996.767	2.51343
999.628	16.4857
1002.49	-7.5421
1005.35	12.43
1008.2	32.402
1011.06	24.3739
1013.91	2.34576
1016.77	16.3175
1019.62	14.2892
1022.48	14.2607
1025.33	4.23225
1028.18	4.20365
1031.03	22.175
1033.87	16.1463
1036.72	4.11742
1039.57	16.0885
1042.41	12.0596
1045.26	6.03052
1048.1	20.0014
1050.94	7.97222
1053.78	3.94297
1056.62	23.9137
1059.46	11.8843
1062.3	7.85481
1065.14	3.82531
1067.97	3.79573
1070.81	15.7661
1073.64	9.73641
1076.47	9.70667
1079.31	17.6769
1082.14	9.647
1084.97	-2.38293
1087.8	1.58711
1090.63	11.5571
1093.45	11.527
1096.28	25.4969
1099.1	23.4668
1101.93	3.43655
1104.75	19.4063
1107.57	7.37599
1110.39	7.34565
1113.21	-6.68471
1116.03	7.28487
1118.85	21.2544
1121.66	1.22393
1124.48	1.19339
1127.3	11.1628
1130.11	-4.86776
1132.92	15.1016
1135.73	25.071
1138.54	17.0403
1141.35	11.0096
1144.16	14.9788
1146.97	8.94807
1149.78	26.9173
1152.58	24.8865
1155.39	26.8557
1158.19	20.8248
1161	10.7939
1163.8	6.76308
1166.6	6.73217
1169.4	2.70125
1172.2	6.67033
1174.99	0.639382
1177.79	10.6084
1180.59	14.5775
1183.38	12.5465
1186.17	14.5155
1188.97	-1.51545
1191.76	0.453566
1194.55	4.42257
1197.34	0.391581
1200.13	2.36059
1202.92	4.32959
1205.7	12.2986
1208.49	12.2676
1211.27	10.2366
1214.06	8.20565
1216.84	0.174667
1219.62	2.14371
1222.4	6.11274
1225.18	4.0818
1227.96	18.0509
1230.74	8.01992
1233.51	11.989
1236.29	1.95811
1239.06	3.92723
1241.84	-6.10363
1244.61	19.8655
1247.38	11.8347
1250.15	3.80389
1252.92	9.7731
1255.69	-0.257668
1258.46	7.7116
1261.23	-10.3191
1263.99	7.6502
1266.76	9.61953
1269.52	23.5889
1272.28	-8.44169
1275.05	5.52772
1277.81	7.49719
1280.57	-0.533316
1283.33	5.43621
1286.08	-0.594223
1288.84	7.37538
1291.6	9.34501
1294.35	21.3147
1297.11	9.28442
1299.86	11.2542
1302.61	1.22396
1305.36	11.1938
1308.11	5.1637
1310.86	1.13364
1313.61	3.10363
1316.36	-10.9264
1319.1	15.0437
1321.85	7.01386
1324.59	22.984
1327.33	6.95428
1330.08	2.92457
1332.82	12.8949
1335.56	26.8653
1338.3	4.83575
1341.04	14.8063
1343.77	16.7768
1346.51	10.7475
1349.25	14.7182
1351.98	14.6889
1354.71	10.6597
1357.45	4.63062
1360.18	-3.39842
1362.91	14.5726
1365.64	-3.45634
1368.37	10.5148
1371.09	24.486
1373.82	6.45732
1376.54	-9.57129
1379.27	12.4001
1381.99	8.37164
1384.72	8.34322
1387.44	0.314899
1390.16	14.2866
1392.88	20.2585
1395.6	4.23034
1398.31	10.2023
1401.03	20.1744
1403.75	-3.85346
1406.46	8.11875
1409.18	20.0911
1411.89	2.06345
1414.6	4.03593
1417.31	16.0085
1420.02	13.9812
1422.73	1.95392
1425.44	5.92675
1428.15	-2.10031
1430.85	15.8727
1433.56	1.84584
1436.26	19.819
1438.97	15.7924
1441.67	5.76576
1444.37	17.7393
1447.07	3.71287
1449.77	23.6866
1452.47	21.6604
1455.16	9.63428
1457.86	5.60828
1460.56	25.5824
1463.25	23.5566
1465.94	21.5309
1468.64	5.50536
1471.33	9.4799
1474.02	11.4545
1476.71	11.4293
1479.4	5.40415
1482.09	15.3791
1484.77	11.3542
1487.46	-6.67057
1490.14	3.30475
1492.83	1.28019
1495.51	7.25573
1498.19	17.2314
1500.87	5.2072
1503.55	13.1831
1506.23	21.1591
1508.91	-2.86472
1511.59	3.11154
1514.27	5.08794
1516.94	13.0645
1519.62	19.0411
1522.29	5.01786
1524.96	-5.00524
1527.63	8.97178
1530.3	12.9489
1532.97	-7.07378
1535.64	8.90363
1538.31	10.8812
1540.98	8.85886
1543.64	12.8367
1546.31	-1.18538
1548.97	-3.20731
1551.63	-7.22909
1554.3	12.7493
1556.96	12.7278
1559.62	10.7064
1562.28	-7.31484
1564.94	18.6641
1567.59	12.6431
1570.25	4.62232
1572.9	-11.3983
1575.56	20.5811
1578.21	14.5608
1580.86	14.5406
1583.52	10.5205
1586.17	-5.49945
1588.82	6.48076
1591.47	-3.53886
1594.11	18.4417
1596.76	14.4223
1599.41	22.4032
1602.05	-3.61586
1604.69	12.3653
1607.34	12.3466
1609.98	8.328
1612.62	16.3096
1615.26	6.29135
1617.9	30.2733
1620.54	12.2553
1623.18	8.23759
1625.81	4.21998
1628.45	14.2025
1631.08	-1.81473
1633.72	8.16816
1636.35	24.1512
1638.98	10.1344
1641.61	-5.88219
1644.24	6.10135
1646.87	12.0851
1649.5	8.06895
1652.13	14.053
1654.75	4.03724
1657.38	6.02164
1660	6.0062
1662.63	9.99095
1665.25	9.97586
1667.87	11.9609
1670.49	7.94622
1673.11	23.9317
1675.73	25.9173
1678.35	27.9031
1680.96	23.8891
1683.58	9.87522
1686.19	5.86155
1688.81	23.8481
1691.42	9.83477
1694.03	15.8216
1696.64	21.8087
1699.25	5.79597
1701.87	9.78339
1704.47	3.77102
1707.08	7.75883
1709.69	1.74682
1712.29	25.735
1714.9	17.7234
1717.5	-0.288053
1720.1	15.7007
1722.71	17.6896
1725.31	5.67878
1727.91	5.66811
1730.51	11.6576
1733.1	13.6474
1735.7	-0.362732
1738.3	9.62738
1740.89	13.6177
1743.49	5.60819
1746.08	11.5989
1748.67	-4.4102
1751.26	13.5809
1753.86	-0.42779
1756.45	1.56371
1759.03	31.5554
1761.62	3.54733
1764.21	13.5394
1766.8	23.5318
1769.38	23.5243
1771.97	-0.482976
1774.55	3.50996
1777.13	-4.49689
1779.71	9.49646
1782.29	9.49003
1784.87	17.4838
1787.45	13.4778
1790.03	3.47198
1792.61	15.4664
1795.18	3.461
1797.76	-0.544169
1800.33	3.45088
1802.9	13.4461
1805.48	9.44162
1808.05	9.43731
1810.62	19.4332
1813.19	17.4293
1815.76	9.4257
1818.33	-6.57774
1820.89	23.419
1823.46	13.4161
1826.02	3.41328
1828.59	15.4107
1831.15	-0.591594
1833.71	11.4063
1836.27	19.4044
1838.84	7.40277
1841.39	17.4013
1843.95	15.4001
1846.51	15.3992
1849.07	27.3984
1851.62	15.3979
1854.18	15.3976
1856.73	21.3975
1859.29	3.39771
1861.84	15.3981
1864.39	7.39874
1866.94	11.3996
1869.49	9.40071
1872.04	17.402
1874.59	7.40361
1877.13	3.40541
1879.68	3.40744
1882.22	9.40972
1884.77	5.41223
1887.31	13.415
1889.85	-0.582032
1892.39	21.4212
1894.93	3.42466
1897.47	7.42837
1900.01	21.4323
1902.55	-0.563493
1905.09	31.4409
1907.62	35.4456
1910.16	21.4505
1912.69	35.4557
1915.22	17.4611
1917.76	19.4668
1920.29	3.47266
1922.82	13.4788
1925.35	1.48521
1927.88	9.49185
1930.4	5.49874
1932.93	-4.49411
1935.46	19.5133
1937.98	17.5209
1940.51	-8.47118
1943.03	-0.463031
1945.55	11.5454
1948.07	3.55402
1950.59	27.5629
1953.11	23.5721
1955.63	15.5815
1958.15	11.5912
1960.67	5.60111
1963.18	3.61129
1965.7	-8.37826
1968.21	7.63244
1970.73	1.6434
1973.24	19.6546
1975.75	23.6661
1978.26	15.6778
1980.77	17.6898
1983.28	7.70211
1985.79	9.71464
1988.29	21.7274
1990.8	-0.259512
1993.31	-0.246193
1995.81	3.76739
1998.31	13.7812
