100.093	10.0313
103.274	22.0894
106.457	36.1471
109.636	24.2043
112.817	12.261
115.994	22.3172
119.172	4.37295
122.347	10.4282
125.521	0.48298
128.696	20.5373
131.868	0.591162
135.039	8.64453
138.209	28.6974
141.379	2.74992
144.547	20.8019
147.713	0.853426
150.879	8.90449
154.043	16.9551
157.206	-8.99473
160.368	23.055
163.529	9.10425
166.689	7.15307
169.848	17.2014
173.006	7.24937
176.163	13.2969
179.316	15.3439
182.471	1.39051
185.625	25.4367
188.777	11.4824
191.927	-2.47226
195.077	1.57264
198.224	9.61708
201.372	7.66113
204.52	19.7048
207.664	1.74793
210.809	19.7907
213.95	11.8331
217.091	19.875
220.233	13.9166
223.372	1.95767
226.509	5.99837
229.648	24.0387
232.784	6.0786
235.918	8.11809
239.051	22.1572
242.186	14.1959
245.317	2.23422
248.447	-1.72787
251.577	10.3097
254.705	10.3468
257.832	12.3835
260.958	14.4199
264.083	12.4559
267.204	12.4914
270.327	8.52665
273.449	20.5615
276.57	12.5959
279.69	14.63
282.806	22.6637
285.924	14.6971
289.04	8.73005
292.154	24.7626
295.268	10.7949
298.379	20.8267
301.492	0.858272
304.601	8.88942
307.711	10.9202
310.818	22.9507
313.924	6.98075
317.031	25.0105
320.135	13.0399
323.238	17.0689
326.34	13.0976
329.443	5.12598
332.543	13.154
335.642	11.1817
338.74	25.209
341.836	7.23598
344.932	-4.73736
348.027	15.289
351.12	1.31496
354.213	9.34064
357.302	27.366
360.393	13.391
363.482	9.41568
366.57	27.4401
369.656	13.4641
372.742	7.48784
375.827	3.51126
378.91	21.5344
381.993	21.5572
385.073	3.57963
388.154	17.6018
391.232	15.6237
394.311	17.6452
397.387	-0.333499
400.462	7.68745
403.536	13.7081
406.611	7.72848
409.683	13.7485
412.754	7.76831
415.824	9.78779
418.893	13.807
421.961	-4.17413
425.027	9.84448
428.093	19.8628
431.158	9.88085
434.222	11.8986
437.284	5.9161
440.346	7.93331
443.407	11.9502
446.464	9.96688
449.523	5.98326
452.581	17.9994
455.635	12.0152
458.691	10.0308
461.743	2.04608
464.797	16.0611
467.847	12.0759
470.899	18.0904
473.947	-1.89531
476.994	24.1187
480.043	12.1324
483.088	20.1459
486.133	30.1592
489.176	4.17216
492.22	8.18491
495.262	12.1974
498.302	16.2097
501.341	-1.77834
504.38	-7.76658
507.417	10.2449
510.453	8.25623
513.487	12.2673
516.521	14.2781
519.554	16.2887
522.586	12.299
525.616	8.30913
528.646	14.319
531.675	16.3287
534.701	-5.66188
537.729	26.3473
540.753	4.35633
543.778	-7.63489
546.8	6.37366
549.821	22.382
552.844	0.390119
555.863	2.39803
558.881	4.40572
561.898	8.41321
564.916	18.4205
567.932	8.42756
570.946	16.4344
573.959	26.4411
576.971	6.44754
579.982	4.4538
582.993	4.45986
586	8.46571
589.008	18.4714
592.015	-9.52315
595.022	4.48213
598.025	4.48722
601.029	8.49212
604.032	12.4968
607.033	4.50135
610.034	8.50569
613.032	10.5098
616.032	2.51382
619.028	2.51762
622.023	4.52123
625.018	4.52467
628.013	2.52794
631.005	10.531
633.997	14.5339
636.987	16.5367
639.977	12.5393
642.965	14.5417
645.952	10.5439
648.939	16.546
651.924	10.5479
654.909	8.54968
657.892	12.5513
660.873	2.55271
663.854	8.554
666.835	8.55512
669.813	10.5561
672.791	10.5569
675.767	-7.44242
678.743	16.5581
681.717	8.55848
684.692	16.5587
687.664	0.558783
690.634	6.55872
693.606	16.5585
696.575	12.5582
699.543	20.5577
702.51	6.55707
705.475	18.5563
708.44	10.5554
711.404	14.5544
714.367	14.5532
717.329	22.552
720.29	8.55055
723.25	2.54901
726.207	8.54735
729.166	6.54556
732.123	4.54365
735.077	0.541614
738.032	-1.46054
740.984	20.5372
743.938	12.5348
746.888	6.5323
749.839	26.5297
752.788	20.527
755.735	10.5241
758.682	26.5212
761.627	-9.48189
764.574	8.51494
767.517	18.5117
770.46	8.50829
773.402	12.5048
776.342	16.5012
779.282	8.49756
782.219	2.49379
785.157	10.4899
788.094	8.48594
791.029	6.48188
793.962	10.4777
796.896	16.4735
799.828	10.4691
802.76	14.4647
805.689	16.4602
808.619	10.4556
811.546	18.4509
814.473	4.44616
817.4	10.4413
820.324	16.4364
823.248	4.43137
826.17	18.4263
829.092	12.4211
832.012	16.4159
834.932	6.41058
837.851	8.4052
840.768	20.3997
843.685	30.3942
846.599	24.3886
849.514	2.38298
852.428	8.37726
855.339	20.3715
858.251	18.3656
861.16	12.3597
864.07	12.3537
866.978	24.3477
869.884	6.34163
872.792	12.3355
875.696	14.3293
878.599	-1.67697
881.502	6.31673
884.404	12.3104
887.304	0.303969
890.204	0.297516
893.103	10.291
896.001	30.2845
898.898	24.2779
901.794	-3.72876
904.689	12.2646
907.581	14.2579
910.474	4.2511
913.364	16.2443
916.256	18.2375
919.144	-5.76939
922.034	14.2237
924.92	14.2168
927.808	10.2098
930.693	-3.79718
933.576	-5.80421
936.459	6.18874
939.341	20.1817
942.222	10.1746
945.102	6.16743
947.981	-5.83972
950.859	6.15311
953.737	0.145912
956.613	8.1387
959.488	18.1315
962.361	8.12422
965.235	4.11696
968.105	22.1097
970.977	12.1024
973.846	20.0951
976.716	4.08778
979.583	10.0805
982.449	12.0731
985.316	-9.93421
988.18	10.0584
991.043	-3.9489
993.906	10.0438
996.767	8.0364
999.628	10.029
1002.49	14.0217
1005.35	18.0143
1008.2	2.00699
1011.06	7.99965
1013.91	11.9923
1016.77	-4.01503
1019.62	1.97765
1022.48	15.9703
1025.33	1.96303
1028.18	13.9557
1031.03	1.94844
1033.87	-4.05883
1036.72	13.9339
1039.57	9.92667
1042.41	15.9194
1045.26	5.91224
1048.1	13.9051
1050.94	9.89789
1053.78	3.89074
1056.62	5.88362
1059.46	25.8765
1062.3	1.86944
1065.14	25.8624
1067.97	9.85537
1070.81	21.8484
1073.64	9.84141
1076.47	13.8345
1079.31	11.8276
1082.14	13.8207
1084.97	-6.18613
1087.8	1.80707
1090.63	5.80031
1093.45	1.79358
1096.28	11.7869
1099.1	1.78025
1101.93	19.7736
1104.75	17.7671
1107.57	19.7605
1110.39	-2.24593
1113.21	-0.252365
1116.03	-8.25876
1118.85	7.7349
1121.66	23.7286
1124.48	1.72236
1127.3	15.7162
1130.11	11.71
1132.92	3.70394
1135.73	3.69791
1138.54	3.69193
1141.35	3.686
1144.16	3.68013
1146.97	11.6743
1149.78	-4.33143
1152.58	3.66288
1155.39	11.6573
1158.19	3.65169
1161	9.64618
1163.8	3.64074
1166.6	-4.36463
1169.4	-0.369939
1172.2	3.62482
1174.99	3.61965
1177.79	-0.38545
1180.59	17.6095
1183.38	17.6046
1186.17	5.59967
1188.97	7.59486
1191.76	15.5901
1194.55	-0.414538
1197.34	5.58088
1200.13	7.57637
1202.92	3.57194
1205.7	17.5676
1208.49	15.5633
1211.27	5.55914
1214.06	17.555
1216.84	11.551
1219.62	-2.45291
1222.4	-4.45676
1225.18	9.53948
1227.96	9.53581
1230.74	19.5322
1233.51	15.5287
1236.29	3.52534
1239.06	5.52203
1241.84	13.5188
1244.61	3.51569
1247.38	-0.487338
1250.15	9.50973
1252.92	11.5069
1255.69	9.50416
1258.46	3.50153
1261.23	7.49899
1263.99	15.4966
1266.76	3.49422
1269.52	9.49199
1272.28	3.48986
1275.05	13.4878
1277.81	-2.51408
1280.57	5.48411
1283.33	1.4824
1286.08	1.48081
1288.84	15.4793
1291.6	9.47795
1294.35	5.47669
1297.11	9.47554
1299.86	3.4745
1302.61	13.4736
1305.36	9.47277
1308.11	13.4721
1310.86	3.47151
1313.61	5.47105
1316.36	13.4707
1319.1	11.4705
1321.85	7.4704
1324.59	7.47043
1327.33	11.4706
1330.08	17.4708
1332.82	1.47125
1335.56	1.47177
1338.3	15.4724
1341.04	-0.526807
1343.77	-6.5259
1346.51	-2.52487
1349.25	3.47629
1351.98	9.47759
1354.71	3.47902
1357.45	5.48057
1360.18	1.48227
1362.91	7.48409
1365.64	1.48606
1368.37	21.4882
1371.09	23.4904
1373.82	3.49277
1376.54	19.4953
1379.27	15.4979
1381.99	-4.49928
1384.72	17.5037
1387.44	-2.49326
1390.16	21.51
1392.88	-0.486676
1395.6	1.51684
1398.31	13.5205
1401.03	7.5243
1403.75	7.52825
1406.46	1.53235
1409.18	5.5366
1411.89	3.541
1414.6	7.54555
1417.31	11.5502
1420.02	-8.4449
1422.73	7.56011
1425.44	17.5653
1428.15	9.5706
1430.85	11.5761
1433.56	13.5817
1436.26	17.5875
1438.97	7.59345
1441.67	13.5996
1444.37	3.60582
1447.07	11.6123
1449.77	9.61885
1452.47	11.6256
1455.16	23.6325
1457.86	-4.36039
1460.56	3.64686
1463.25	9.65428
1465.94	5.66186
1468.64	-4.33039
1471.33	23.6775
1474.02	5.68562
1476.71	17.6939
1479.4	13.7023
1482.09	-2.28909
1484.77	1.71969
1487.46	7.72863
1490.14	1.73776
1492.83	-0.252944
1495.51	-4.24347
1498.19	-12.2338
1500.87	21.776
1503.55	-2.21398
1506.23	11.7962
1508.91	5.80657
1511.59	3.81712
1514.27	-6.17216
1516.94	13.8387
1519.62	13.8498
1522.29	-4.13888
1524.96	19.8726
1527.63	7.88423
1530.3	1.89606
1532.97	9.90808
1535.64	5.92029
1538.31	3.93269
1540.98	1.94527
1543.64	9.95805
1546.31	17.971
1548.97	-4.01583
1551.63	13.9975
1554.3	-1.98893
1556.96	10.0248
1559.62	16.0387
1562.28	4.05285
1564.94	16.0672
1567.59	-3.91831
1570.25	12.0964
1572.9	0.111327
1575.56	2.12644
1578.21	2.14175
1580.86	4.15727
1583.52	26.173
1586.17	10.1889
1588.82	-5.79498
1591.47	10.2213
1594.11	14.2379
1596.76	-3.74541
1599.41	12.2715
1602.05	2.28867
1604.69	10.306
1607.34	24.3236
1609.98	18.3413
1612.62	4.35933
1615.26	14.3775
1617.9	0.395902
1620.54	10.4145
1623.18	4.43333
1625.81	14.4524
1628.45	12.4716
1631.08	0.491062
1633.72	6.51073
1636.35	10.5306
1638.98	-1.44927
1641.61	12.571
1644.24	10.5916
1646.87	-3.38765
1649.5	6.63333
1652.13	12.6545
1654.75	4.67594
1657.38	-1.30243
1660	12.7194
1662.63	-5.25849
1665.25	12.7638
1667.87	6.78635
1670.49	14.8091
1673.11	2.83208
1675.73	4.85528
1678.35	6.87872
1680.96	10.9024
1683.58	18.9262
1686.19	-1.04964
1688.81	8.97471
1691.42	4.99927
1694.03	5.02409
1696.64	7.04911
1699.25	17.0744
1701.87	3.09988
1704.47	-4.87439
1707.08	13.1516
1709.69	1.17777
1712.29	3.2042
1714.9	21.2309
1717.5	5.25776
1720.1	5.28491
1722.71	5.31229
1725.31	5.3399
1727.91	9.36776
1730.51	5.39585
1733.1	3.42418
1735.7	11.4528
1738.3	7.48158
1740.89	13.5106
1743.49	9.53994
1746.08	9.56949
1748.67	-2.40072
1751.26	9.62929
1753.86	1.65958
1756.45	1.69011
1759.03	5.72086
1761.62	-4.24811
1764.21	-12.2169
1766.8	15.8147
1769.38	-0.153593
1771.97	-0.121565
1774.55	25.9107
1777.13	5.9432
1779.71	17.976
1782.29	16.009
1784.87	14.0422
1787.45	28.0758
1790.03	18.1095
1792.61	4.14355
1795.18	10.1778
1797.76	12.2124
1800.33	14.2472
1802.9	16.2822
1805.48	6.3175
1808.05	20.3531
1810.62	0.388882
1813.19	10.425
1815.76	8.46131
1818.33	6.49791
1820.89	24.5348
1823.46	12.5719
1826.02	30.6093
1828.59	-7.35309
1831.15	6.68481
1833.71	4.723
1836.27	12.7614
1838.84	8.80013
1841.39	12.8391
1843.95	0.878326
1846.51	6.91783
1849.07	34.9576
1851.62	30.9976
1854.18	11.0379
1856.73	17.0785
1859.29	13.1193
1861.84	13.1604
1864.39	13.2018
1866.94	1.24345
1869.49	21.2854
1872.04	15.3275
1874.59	9.37001
1877.13	19.4127
1879.68	-0.544269
1882.22	-0.500978
1884.77	21.5426
1887.31	21.5864
1889.85	9.63052
1892.39	23.6749
1894.93	7.71954
1897.47	13.7645
1900.01	9.80971
1902.55	15.8552
1905.09	-4.09903
1907.62	1.94702
1910.16	9.99333
1912.69	10.0399
1915.22	14.0868
1917.76	18.134
1920.29	16.1815
1922.82	14.2292
1925.35	2.27723
1927.88	20.3255
1930.4	16.3741
1932.93	18.423
1935.46	14.4721
1937.98	12.5216
1940.51	18.5713
1943.03	18.6213
1945.55	-1.3284
1948.07	16.7222
1950.59	20.7731
1953.11	24.8242
1955.63	8.87568
1958.15	12.9274
1960.67	12.9794
1963.18	9.03176
1965.7	1.08437
1968.21	13.1373
1970.73	9.19048
1973.24	21.244
1975.75	7.29773
1978.26	17.3518
1980.77	31.4062
1983.28	11.4609
1985.79	9.5158
1988.29	19.571
1990.8	9.62662
1993.31	17.6825
1995.81	3.7386
1998.31	9.79501
