100.093	9.18955
103.274	13.1468
106.457	11.1045
109.636	13.0627
112.817	-4.97851
115.994	16.9808
119.172	26.9405
122.347	4.90084
125.521	-3.13836
128.696	4.82292
131.868	14.7847
135.039	-3.25299
138.209	18.7098
141.379	20.6731
144.547	12.6368
147.713	6.60107
150.879	4.5658
154.043	32.531
157.206	-1.50329
160.368	4.46287
163.529	18.4295
166.689	12.3966
169.848	10.3642
173.006	16.3322
176.163	12.3007
179.316	10.2697
182.471	8.23911
185.625	22.209
188.777	-3.82071
191.927	16.1501
195.077	14.1213
198.224	4.09297
201.372	0.0650651
204.52	6.0376
207.664	8.01059
210.809	15.984
213.95	15.9579
217.091	9.93213
220.233	5.90683
223.372	13.882
226.509	5.85751
229.648	19.8335
232.784	3.80985
235.918	-0.213349
239.051	5.76386
242.186	-0.258535
245.317	3.71949
248.447	5.69792
251.577	7.67675
254.705	-6.34403
257.832	17.6356
260.958	3.61562
264.083	25.596
267.204	15.5768
270.327	27.558
273.449	-8.46041
276.57	1.52153
279.69	1.50386
282.806	-2.51342
285.924	11.4697
289.04	13.4531
292.154	9.43694
295.268	9.42113
298.379	7.40569
301.492	5.3906
304.601	19.3759
307.711	17.3615
310.818	3.34752
313.924	-10.6661
317.031	13.3206
320.135	5.3076
323.238	5.295
326.34	21.2827
329.443	-6.7292
332.543	5.25922
335.642	7.24797
338.74	15.2371
341.836	15.2265
344.932	7.21621
348.027	13.2063
351.12	13.1967
354.213	9.1874
357.302	17.1785
360.393	7.16981
363.482	9.16148
366.57	5.15347
369.656	5.14577
372.742	5.13837
375.827	1.13129
378.91	13.1245
381.993	13.118
385.073	-16.8882
388.154	7.10596
391.232	-2.89963
394.311	13.0951
397.387	1.09007
400.462	11.0854
403.536	1.08092
406.611	5.07677
409.683	11.0729
412.754	7.06932
415.824	7.06601
418.893	7.06298
421.961	9.06022
425.027	-6.94227
428.093	11.0555
431.158	-14.9465
434.222	9.05185
437.284	7.05042
440.346	7.04925
443.407	7.04833
446.464	3.04767
449.523	-2.95274
452.581	5.04711
455.635	11.0472
458.691	5.04754
461.743	5.04812
464.797	3.04894
467.847	9.05001
470.899	3.05131
473.947	3.05285
476.994	7.05462
480.043	-2.94338
483.088	3.05885
486.133	3.06131
489.176	5.06399
492.22	9.0669
495.262	3.07003
498.302	3.07337
501.341	15.0769
504.38	5.08071
507.417	1.0847
510.453	13.0889
513.487	5.0933
516.521	5.09792
519.554	3.10273
522.586	9.10775
525.616	-2.88703
528.646	7.11838
531.675	7.124
534.701	5.1298
537.729	-2.8642
540.753	5.14198
543.778	13.1484
546.8	-0.845087
549.821	13.1617
552.844	3.16858
555.863	7.17568
558.881	-2.81704
561.898	7.19041
564.916	25.198
567.932	-2.79416
570.946	5.21381
573.959	-6.77806
576.971	7.23024
579.982	5.23871
582.993	11.2473
586	-2.74389
589.008	-6.73495
592.015	5.27415
595.022	21.2834
598.025	-8.7072
601.029	5.30235
604.032	21.312
607.033	7.32189
610.034	-0.668124
613.032	15.342
616.032	1.35227
619.028	5.36267
622.023	-2.62679
625.018	-4.61612
628.013	-4.60531
631.005	3.40562
633.997	17.4167
636.987	23.4279
639.977	-2.56082
642.965	-14.5494
645.952	3.46217
648.939	5.47384
651.924	7.48563
654.909	13.4975
657.892	-12.4904
660.873	7.52167
663.854	15.5339
666.835	17.5463
669.813	25.5587
672.791	5.57125
675.767	19.5839
678.743	9.59666
681.717	11.6095
684.692	7.62245
687.664	-0.364515
690.634	-0.351388
693.606	-4.33816
696.575	-0.324855
699.543	17.6885
702.51	5.70202
705.475	1.71558
708.44	1.72922
711.404	5.74294
714.367	1.75674
717.329	3.77062
720.29	15.7846
723.25	3.79859
726.207	13.8127
729.166	19.8268
732.123	13.8411
735.077	-2.14465
738.032	11.8697
740.984	9.88412
743.938	11.8986
746.888	19.9131
749.839	17.9277
752.788	13.9423
755.735	9.95704
758.682	21.9718
761.627	15.9866
764.574	24.0014
767.517	10.0163
770.46	8.03122
773.402	16.0462
776.342	10.0612
779.282	6.07625
782.219	8.09132
785.157	12.1064
788.094	10.1216
791.029	14.1368
793.962	4.15198
796.896	0.167227
799.828	22.1825
802.76	18.1978
805.689	14.2131
808.619	8.22843
811.546	14.2438
814.473	4.25914
817.4	6.27454
820.324	8.28993
823.248	2.30534
826.17	18.3208
829.092	-1.6638
832.012	12.3516
834.932	22.3671
837.851	2.38253
840.768	0.397989
843.685	12.4134
846.599	34.4289
849.514	4.44434
852.428	10.4598
855.339	24.4752
858.251	6.49066
861.16	14.5061
864.07	10.5215
866.978	14.5369
869.884	10.5523
872.792	14.5677
875.696	14.583
878.599	26.5983
881.502	12.6136
884.404	10.6289
887.304	22.6442
890.204	16.6595
893.103	8.67467
896.001	20.6899
898.898	14.705
901.794	2.72014
904.689	20.7352
907.581	4.75029
910.474	4.76532
913.364	26.7803
916.256	18.7952
919.144	18.8101
922.034	12.825
924.92	30.8398
927.808	22.8546
930.693	20.8693
933.576	4.88399
936.459	12.8986
939.341	16.9132
942.222	6.9277
945.102	16.9422
947.981	0.956572
950.859	4.97092
953.737	-3.01479
956.613	10.9994
959.488	9.01361
962.361	19.0277
965.235	11.0417
968.105	1.0557
970.977	3.06961
973.846	5.08343
976.716	27.0972
979.583	19.1109
982.449	17.1245
985.316	13.138
988.18	9.15147
991.043	29.1648
993.906	23.1781
996.767	21.1914
999.628	7.20448
1002.49	5.21753
1005.35	21.2305
1008.2	31.2434
1011.06	9.25613
1013.91	7.26882
1016.77	11.2814
1019.62	5.29392
1022.48	9.30633
1025.33	9.31864
1028.18	13.3309
1031.03	23.343
1033.87	1.35497
1036.72	11.3669
1039.57	9.37869
1042.41	9.39039
1045.26	5.40198
1048.1	9.41346
1050.94	11.4248
1053.78	13.4361
1056.62	11.4473
1059.46	9.45829
1062.3	11.4692
1065.14	13.48
1067.97	5.49071
1070.81	-8.49873
1073.64	9.51172
1076.47	3.52204
1079.31	15.5322
1082.14	7.54232
1084.97	19.5523
1087.8	9.5621
1090.63	27.5718
1093.45	7.58135
1096.28	25.5908
1099.1	15.6001
1101.93	9.60924
1104.75	19.6183
1107.57	25.6272
1110.39	9.63591
1113.21	-0.355484
1116.03	-4.34701
1118.85	9.66132
1121.66	17.6695
1124.48	9.67754
1127.3	11.6854
1130.11	11.6932
1132.92	-8.29924
1135.73	15.7082
1138.54	-2.28451
1141.35	15.7226
1144.16	-2.27039
1146.97	27.7364
1149.78	13.7431
1152.58	-0.250384
1155.39	-0.244032
1158.19	19.7622
1161	5.76819
1163.8	7.77405
1166.6	-0.220253
1169.4	9.78528
1172.2	7.79064
1174.99	17.7958
1177.79	13.8009
1180.59	15.8057
1183.38	3.8104
1186.17	1.81491
1188.97	7.81924
1191.76	15.8234
1194.55	7.82737
1197.34	11.8312
1200.13	5.83479
1202.92	1.83823
1205.7	15.8415
1208.49	13.8446
1211.27	13.8474
1214.06	19.8501
1216.84	25.8526
1219.62	17.855
1222.4	-2.1429
1225.18	21.859
1227.96	3.86079
1230.74	25.8623
1233.51	9.8637
1236.29	19.8649
1239.06	11.8658
1241.84	15.8666
1244.61	15.8672
1247.38	33.8675
1250.15	7.86768
1252.92	13.8676
1255.69	15.8674
1258.46	23.8669
1261.23	-6.13372
1263.99	11.8654
1266.76	19.8643
1269.52	-4.13695
1272.28	9.86155
1275.05	17.8598
1277.81	-2.14209
1280.57	17.8558
1283.33	15.8534
1286.08	25.8508
1288.84	-2.15196
1291.6	17.845
1294.35	13.8418
1297.11	9.83833
1299.86	-4.16535
1302.61	-0.169259
1305.36	11.8266
1308.11	17.8222
1310.86	17.8177
1313.61	17.8128
1316.36	13.8078
1319.1	-14.1975
1321.85	17.797
1324.59	15.7913
1327.33	19.7853
1330.08	9.77907
1332.82	21.7726
1335.56	11.7659
1338.3	11.759
1341.04	5.75182
1343.77	17.7444
1346.51	-0.263246
1349.25	19.7289
1351.98	11.7207
1354.71	13.7123
1357.45	3.70368
1360.18	21.6948
1362.91	25.6857
1365.64	11.6763
1368.37	29.6666
1371.09	17.6568
1373.82	21.6466
1376.54	-2.36378
1379.27	13.6256
1381.99	11.6147
1384.72	9.60348
1387.44	9.59206
1390.16	23.5804
1392.88	19.5684
1395.6	-4.44378
1398.31	13.5437
1401.03	7.53101
1403.75	9.51801
1406.46	9.50474
1409.18	1.4912
1411.89	17.4774
1414.6	7.46333
1417.31	19.449
1420.02	7.43437
1422.73	-8.58052
1425.44	9.40432
1428.15	17.3889
1430.85	37.3732
1433.56	9.35719
1436.26	23.3409
1438.97	17.3244
1441.67	9.30756
1444.37	13.2905
1447.07	17.2731
1449.77	25.2554
1452.47	19.2375
1455.16	15.2192
1457.86	11.2007
1460.56	11.1819
1463.25	7.16278
1465.94	17.1434
1468.64	19.1237
1471.33	11.1038
1474.02	19.0835
1476.71	15.063
1479.4	15.0421
1482.09	3.02097
1484.77	14.9995
1487.46	0.977812
1490.14	2.95579
1492.83	12.9335
1495.51	14.9108
1498.19	-1.11209
1500.87	0.864691
1503.55	10.8412
1506.23	6.81732
1508.91	8.79319
1511.59	18.7687
1514.27	26.744
1516.94	12.719
1519.62	6.69358
1522.29	20.6679
1524.96	10.6419
1527.63	12.6156
1530.3	14.589
1532.97	20.5621
1535.64	8.53489
1538.31	10.5073
1540.98	20.4795
1543.64	22.4513
1546.31	12.4228
1548.97	12.394
1551.63	14.3649
1554.3	2.33544
1556.96	26.3057
1559.62	18.2756
1562.28	22.2452
1564.94	14.2144
1567.59	18.1834
1570.25	20.152
1572.9	20.1203
1575.56	22.0882
1578.21	22.0559
1580.86	26.0232
1583.52	11.9901
1586.17	3.95678
1588.82	1.92308
1591.47	15.8891
1594.11	7.85472
1596.76	9.82003
1599.41	15.785
1602.05	29.7497
1604.69	11.714
1607.34	21.6779
1609.98	15.6415
1612.62	13.6048
1615.26	19.5678
1617.9	25.5304
1620.54	-2.50735
1623.18	5.45458
1625.81	11.4161
1628.45	9.37739
1631.08	3.33829
1633.72	1.29884
1636.35	-2.74096
1638.98	7.21889
1641.61	27.1784
1644.24	9.13754
1646.87	17.0963
1649.5	15.0548
1652.13	13.0129
1654.75	20.9706
1657.38	6.92803
1660	16.8851
1662.63	16.8417
1665.25	16.7981
1667.87	0.754029
1670.49	8.70965
1673.11	24.6649
1675.73	16.6198
1678.35	6.57433
1680.96	22.5285
1683.58	20.4823
1686.19	14.4358
1688.81	4.38885
1691.42	20.3416
1694.03	14.2939
1696.64	16.2459
1699.25	-3.80242
1701.87	28.1488
1704.47	8.09971
1707.08	8.05024
1709.69	8.00039
1712.29	-8.04983
1714.9	21.8996
1717.5	3.84865
1720.1	15.7973
1722.71	15.7456
1725.31	15.6935
1727.91	5.64106
1730.51	5.58825
1733.1	3.53506
1735.7	15.4814
1738.3	33.4275
1740.89	3.37316
1743.49	23.3184
1746.08	5.26335
1748.67	7.20786
1751.26	13.152
1753.86	5.09578
1756.45	7.03914
1759.03	4.98216
1761.62	14.9247
1764.21	20.867
1766.8	12.8088
1769.38	-7.2497
1771.97	4.69133
1774.55	20.632
1777.13	8.57229
1779.71	16.5122
1782.29	16.4517
1784.87	2.39083
1787.45	10.3295
1790.03	32.2679
1792.61	10.2058
1795.18	20.1434
1797.76	20.0805
1800.33	20.0173
1802.9	17.9537
1805.48	5.88962
1808.05	7.8252
1810.62	1.76036
1813.19	1.69513
1815.76	29.6295
1818.33	13.5635
1820.89	9.49701
1823.46	31.4302
1826.02	5.36295
1828.59	19.2953
1831.15	17.2273
1833.71	3.15884
1836.27	5.09
1838.84	1.02075
1841.39	-5.0489
1843.95	14.881
1846.51	0.810549
1849.07	8.73971
1851.62	10.6684
1854.18	6.59669
1856.73	12.5246
1859.29	6.45206
1861.84	14.3792
1864.39	20.3058
1866.94	-1.76797
1869.49	0.15787
1872.04	12.0833
1874.59	16.0083
1877.13	27.9329
1879.68	3.8571
1882.22	3.78084
1884.77	17.7042
1887.31	-0.372885
1889.85	13.5496
1892.39	-6.5283
1894.93	19.3934
1897.47	7.31459
1900.01	11.2354
1902.55	9.15583
1905.09	13.0758
1907.62	16.9954
1910.16	16.9145
1912.69	2.83325
1915.22	6.75152
1917.76	20.6694
1920.29	6.58682
1922.82	10.5039
1925.35	30.4204
1927.88	4.33657
1930.4	8.25231
1932.93	6.16761
1935.46	12.0825
1937.98	-0.00308108
1940.51	-12.0891
1943.03	11.8245
1945.55	23.7377
1948.07	-0.349636
1950.59	-8.43732
1953.11	27.4745
1955.63	-4.61407
1958.15	9.29692
1960.67	11.2075
1963.18	3.1176
1965.7	-0.972731
1968.21	22.9365
1970.73	10.8453
1973.24	2.75363
1975.75	10.6616
1978.26	2.56906
1980.77	16.4761
1983.28	0.382701
1985.79	4.28889
1988.29	26.1946
1990.8	-11.9001
1993.31	0.00469281
1995.81	3.90909
1998.31	1.8131
