100.093	10.0881
103.274	28.1263
106.457	34.1644
109.636	0.202537
112.817	14.2406
115.994	18.2787
119.172	22.3167
122.347	12.3547
125.521	16.3926
128.696	10.4306
131.868	12.4685
135.039	22.5063
138.209	8.54411
141.379	16.5819
144.547	8.61966
147.713	20.6574
150.879	6.69504
154.043	-1.26733
157.206	2.77027
160.368	14.8078
163.529	16.8454
166.689	12.8828
169.848	16.9203
173.006	-3.04228
176.163	12.9951
179.316	11.0324
182.471	15.0697
185.625	5.10696
188.777	-2.85583
191.927	5.18133
195.077	-10.7815
198.224	5.25554
201.372	-4.70741
204.52	9.3296
207.664	3.36655
210.809	25.4035
213.95	9.44034
217.091	11.4772
220.233	13.514
223.372	1.55069
226.509	5.58738
229.648	25.624
232.784	5.66064
235.918	19.6972
239.051	-2.2663
242.186	3.77019
245.317	11.8066
248.447	1.84298
251.577	19.8793
254.705	11.9156
257.832	7.9518
260.958	19.988
264.083	8.02411
267.204	0.0601708
270.327	22.0962
273.449	12.1322
276.57	0.168126
279.69	10.204
282.806	14.2398
285.924	10.2756
289.04	-1.68866
292.154	12.347
295.268	0.382631
298.379	6.41819
301.492	30.4537
304.601	8.48916
307.711	16.5246
310.818	6.55993
313.924	2.59522
317.031	32.6305
320.135	18.6657
323.238	16.7008
326.34	12.7359
329.443	14.7709
332.543	10.8059
335.642	14.8408
338.74	-7.12437
341.836	10.9104
344.932	2.94517
348.027	6.97985
351.12	17.0145
354.213	1.04904
357.302	15.0835
360.393	3.11797
363.482	21.1524
366.57	19.1867
369.656	5.22094
372.742	19.2552
375.827	3.28931
378.91	-0.676621
381.993	5.35741
385.073	-2.60864
388.154	5.42527
391.232	19.4591
394.311	5.49288
397.387	3.52659
400.462	-4.43977
403.536	1.5938
406.611	9.62734
409.683	23.6608
412.754	1.69418
415.824	9.7275
418.893	7.76076
421.961	5.79396
425.027	5.82709
428.093	17.8602
431.158	3.89315
434.222	3.92608
437.284	13.959
440.346	5.99175
443.407	6.02449
446.464	0.0571358
449.523	2.08974
452.581	18.1223
455.635	0.154714
458.691	-1.81289
461.743	-3.78058
464.797	-5.74832
467.847	8.28385
470.899	6.31597
473.947	0.348003
476.994	-1.62004
480.043	8.41188
483.088	0.443698
486.133	22.4754
489.176	2.50713
492.22	4.53876
495.262	2.57029
498.302	24.6018
501.341	16.6332
504.38	-1.33553
507.417	22.6957
510.453	10.7269
513.487	8.75798
516.521	12.789
519.554	0.819958
522.586	8.85084
525.616	12.8816
528.646	-9.08764
531.675	18.943
534.701	24.9736
537.729	3.00408
540.753	3.03449
543.778	31.0648
546.8	5.0951
549.821	-2.87472
552.844	9.15541
555.863	13.1854
558.881	7.21538
561.898	-0.754746
564.916	23.2751
567.932	15.3048
570.946	-2.66558
573.959	13.364
576.971	13.3935
579.982	-0.577137
582.993	9.45218
586	-0.518593
589.008	9.51057
592.015	9.53965
595.022	-12.4313
598.025	5.59755
601.029	-2.37361
604.032	1.65515
607.033	5.68381
610.034	9.7124
613.032	-4.25911
616.032	9.76932
619.028	-4.20235
622.023	-0.174103
625.018	1.85406
628.013	5.88216
631.005	5.91015
633.997	5.93806
636.987	17.9659
639.977	5.99363
642.965	0.0212918
645.952	16.0489
648.939	10.0764
651.924	8.10376
654.909	12.1311
657.892	18.1583
660.873	16.1854
663.854	-1.78751
666.835	0.239463
669.813	14.2663
672.791	0.293129
675.767	-5.68018
678.743	6.34644
681.717	6.37296
684.692	0.399409
687.664	26.4258
690.634	12.452
693.606	12.4782
696.575	2.50426
699.543	-3.46976
702.51	12.5561
705.475	8.58195
708.44	18.6077
711.404	6.63329
714.367	20.6588
717.329	8.68427
720.29	8.70962
723.25	8.73488
726.207	8.76004
729.166	12.7851
732.123	10.8101
735.077	10.835
738.032	18.8598
740.984	8.88448
743.938	-1.0909
746.888	4.9336
749.839	16.958
752.788	12.9824
755.735	9.00658
758.682	7.03072
761.627	1.05475
764.574	1.07872
767.517	-2.89743
770.46	1.12632
773.402	15.15
776.342	1.17355
779.282	5.19701
782.219	7.22037
785.157	9.24365
788.094	21.2668
791.029	25.2899
793.962	3.31289
796.896	7.33578
799.828	13.3586
802.76	13.3813
805.689	13.4038
808.619	11.4263
811.546	7.44873
814.473	27.471
817.4	15.4932
820.324	3.51532
823.248	11.5373
826.17	11.5592
829.092	3.581
832.012	7.6027
834.932	19.6243
837.851	-2.35421
840.768	5.66719
843.685	17.6885
846.599	9.70966
849.514	15.7308
852.428	31.7518
855.339	5.77263
858.251	27.7934
861.16	9.8141
864.07	7.83469
866.978	-0.144842
869.884	21.8755
872.792	11.8958
875.696	11.916
878.599	13.936
881.502	9.95599
884.404	7.97585
887.304	5.9956
890.204	12.0153
893.103	18.0348
896.001	12.0542
898.898	8.07357
901.794	12.0928
904.689	10.1119
907.581	4.13094
910.474	-5.85014
913.364	16.1687
916.256	2.18737
919.144	8.20596
922.034	18.2245
924.92	0.242829
927.808	10.2611
930.693	-1.72072
933.576	10.2973
936.459	20.3153
939.341	6.33313
942.222	12.3509
945.102	16.3685
947.981	-1.61398
950.859	30.4034
953.737	18.4207
956.613	14.4379
959.488	8.45502
962.361	4.47199
965.235	10.4889
968.105	8.50562
970.977	4.52227
973.846	10.5388
976.716	6.55524
979.583	14.5716
982.449	-3.41224
985.316	6.60387
988.18	12.6199
991.043	10.6357
993.906	8.65149
996.767	16.6671
999.628	20.6827
1002.49	22.6981
1005.35	-13.2866
1008.2	12.7286
1011.06	22.7437
1013.91	14.7587
1016.77	18.7736
1019.62	10.7883
1022.48	20.803
1025.33	22.8175
1028.18	2.83194
1031.03	12.8462
1033.87	32.8604
1036.72	20.8745
1039.57	22.8885
1042.41	10.9023
1045.26	22.9161
1048.1	12.9297
1050.94	12.9432
1053.78	2.95657
1056.62	20.9698
1059.46	6.98301
1062.3	14.9961
1065.14	9.00898
1067.97	1.02179
1070.81	13.0345
1073.64	1.04707
1076.47	-0.940464
1079.31	9.07189
1082.14	7.08412
1084.97	13.0962
1087.8	7.10824
1090.63	9.12012
1093.45	15.1319
1096.28	5.14354
1099.1	21.1551
1101.93	1.16648
1104.75	5.17778
1107.57	9.18896
1110.39	13.2
1113.21	3.21095
1116.03	5.22178
1118.85	7.23249
1121.66	3.24307
1124.48	-2.74646
1127.3	3.26389
1130.11	7.27412
1132.92	-4.71577
1135.73	19.2942
1138.54	-10.6959
1141.35	13.3138
1144.16	-2.67653
1146.97	19.333
1149.78	5.34237
1152.58	9.35164
1155.39	-0.63921
1158.19	7.36982
1161	7.37873
1163.8	-0.612487
1166.6	17.3962
1169.4	9.40473
1172.2	7.41315
1174.99	5.42145
1177.79	19.4296
1180.59	-8.56231
1183.38	27.4456
1186.17	11.4534
1188.97	9.46113
1191.76	3.4687
1194.55	13.4762
1197.34	21.4835
1200.13	7.49068
1202.92	-0.502244
1205.7	11.5047
1208.49	17.5115
1211.27	-2.48175
1214.06	17.5248
1216.84	-0.468705
1219.62	-2.46237
1222.4	-6.45615
1225.18	3.54993
1227.96	9.5559
1230.74	13.5617
1233.51	13.5675
1236.29	5.57305
1239.06	15.5785
1241.84	11.5839
1244.61	25.5891
1247.38	7.59416
1250.15	7.59912
1252.92	7.60397
1255.69	5.60868
1258.46	13.6133
1261.23	7.61773
1263.99	23.6221
1266.76	-6.37372
1269.52	3.63036
1272.28	9.63432
1275.05	11.6382
1277.81	9.64186
1280.57	11.6454
1283.33	19.6489
1286.08	-0.347791
1288.84	9.65541
1291.6	11.6585
1294.35	25.6614
1297.11	13.6642
1299.86	3.66692
1302.61	21.6695
1305.36	1.67191
1308.11	7.67421
1310.86	15.6764
1313.61	7.67843
1316.36	7.68035
1319.1	-4.31786
1321.85	23.6838
1324.59	5.68533
1327.33	1.68673
1330.08	17.688
1332.82	9.68915
1335.56	13.6902
1338.3	1.69105
1341.04	11.6918
1343.77	7.69243
1346.51	-4.30707
1349.25	1.69329
1351.98	25.6935
1354.71	1.69364
1357.45	3.69361
1360.18	11.6935
1362.91	29.6932
1365.64	19.6928
1368.37	21.6922
1371.09	-4.30847
1373.82	3.69073
1376.54	15.6898
1379.27	13.6887
1381.99	11.6875
1384.72	11.6862
1387.44	19.6847
1390.16	7.68312
1392.88	11.6814
1395.6	17.6795
1398.31	9.67754
1401.03	13.6754
1403.75	25.6732
1406.46	15.6708
1409.18	-6.33175
1411.89	9.6656
1414.6	3.66281
1417.31	17.6599
1420.02	7.65685
1422.73	15.6537
1425.44	15.6503
1428.15	17.6469
1430.85	19.6433
1433.56	25.6396
1436.26	9.63574
1438.97	1.63176
1441.67	7.62764
1444.37	5.62339
1447.07	23.619
1449.77	7.61448
1452.47	3.60983
1455.16	19.605
1457.86	7.60012
1460.56	-2.40494
1463.25	15.5899
1465.94	11.5845
1468.64	15.5791
1471.33	1.57349
1474.02	7.56776
1476.71	-0.438104
1479.4	1.55589
1482.09	27.5498
1484.77	17.5435
1487.46	21.5371
1490.14	-0.469459
1492.83	9.52386
1495.51	3.51705
1498.19	15.5101
1500.87	1.50302
1503.55	3.4958
1506.23	3.48844
1508.91	21.4809
1511.59	15.4733
1514.27	13.4656
1516.94	21.4577
1519.62	9.44961
1522.29	-0.558562
1524.96	9.43313
1527.63	23.4247
1530.3	-2.58391
1532.97	17.4074
1535.64	-2.60149
1538.31	13.3895
1540.98	13.3804
1543.64	17.3711
1546.31	25.3617
1548.97	7.35216
1551.63	-0.657525
1554.3	9.33265
1556.96	27.3227
1559.62	1.3126
1562.28	1.30236
1564.94	29.292
1567.59	1.28148
1570.25	5.27083
1572.9	23.26
1575.56	15.2491
1578.21	7.23805
1580.86	-2.77315
1583.52	3.2155
1586.17	17.204
1588.82	5.1924
1591.47	19.1806
1594.11	7.16875
1596.76	-8.84329
1599.41	3.14454
1602.05	25.1322
1604.69	7.11977
1607.34	15.1072
1609.98	-0.905556
1612.62	17.0816
1615.26	9.06856
1617.9	9.05541
1620.54	17.0421
1623.18	5.02869
1625.81	27.0151
1628.45	19.0014
1631.08	10.9876
1633.72	6.97357
1636.35	16.9594
1638.98	4.94516
1641.61	16.9308
1644.24	4.9162
1646.87	18.9015
1649.5	18.8867
1652.13	12.8717
1654.75	18.8566
1657.38	12.8413
1660	-7.17408
1662.63	16.8104
1665.25	24.7947
1667.87	8.77889
1670.49	18.7629
1673.11	2.74683
1675.73	12.7306
1678.35	14.7142
1680.96	12.6977
1683.58	10.681
1686.19	8.6642
1688.81	16.6472
1691.42	14.6302
1694.03	6.61291
1696.64	18.5955
1699.25	20.578
1701.87	12.5604
1704.47	8.54255
1707.08	6.52461
1709.69	2.50652
1712.29	10.4883
1714.9	-1.53008
1717.5	6.45141
1720.1	14.4328
1722.71	6.41395
1725.31	6.39501
1727.91	2.37592
1730.51	4.3567
1733.1	6.33734
1735.7	16.3178
1738.3	10.2982
1740.89	10.2784
1743.49	16.2584
1746.08	10.2383
1748.67	8.2181
1751.26	6.19774
1753.86	14.1772
1756.45	20.1566
1759.03	18.1358
1761.62	2.11482
1764.21	24.0937
1766.8	16.0725
1769.38	12.0511
1771.97	14.0296
1774.55	16.0079
1777.13	11.9861
1779.71	13.9642
1782.29	23.9421
1784.87	11.9199
1787.45	5.89747
1790.03	11.875
1792.61	13.8523
1795.18	7.82947
1797.76	-4.1935
1800.33	11.7834
1802.9	11.7602
1805.48	1.73677
1808.05	9.71323
1810.62	-18.3104
1813.19	13.6657
1815.76	-2.35825
1818.33	1.61763
1820.89	17.5934
1823.46	11.569
1826.02	11.5444
1828.59	29.5197
1831.15	21.4949
1833.71	29.4699
1836.27	15.4448
1838.84	-14.5805
1841.39	19.3941
1843.95	25.3685
1846.51	-0.657201
1849.07	7.31696
1851.62	19.291
1854.18	9.2648
1856.73	19.2385
1859.29	9.21207
1861.84	13.1855
1864.39	11.1588
1866.94	-2.86812
1869.49	21.1049
1872.04	11.0777
1874.59	3.05039
1877.13	-4.97707
1879.68	0.995347
1882.22	2.96759
1884.77	18.9397
1887.31	6.91166
1889.85	0.883467
1892.39	-7.14486
1894.93	10.8267
1897.47	6.79803
1900.01	16.7693
1902.55	8.74035
1905.09	22.7113
1907.62	10.6821
1910.16	2.65273
1912.69	-1.37677
1915.22	-3.40643
1917.76	6.56379
1920.29	14.5338
1922.82	10.5038
1925.35	20.4735
1927.88	2.44313
1930.4	12.4126
1932.93	14.3819
1935.46	10.3511
1937.98	6.32014
1940.51	14.289
1943.03	4.25776
1945.55	16.2264
1948.07	4.1948
1950.59	18.1631
1953.11	16.1312
1955.63	14.0993
1958.15	6.06711
1960.67	8.03483
1963.18	8.00239
1965.7	13.9698
1968.21	3.93707
1970.73	1.90419
1973.24	3.87115
1975.75	23.838
1978.26	17.8047
1980.77	13.7712
1983.28	15.7376
1985.79	11.7038
1988.29	-0.330088
1990.8	7.63583
1993.31	21.6016
1995.81	3.56727
1998.31	-0.467207
