100.093	-1.12402
103.274	0.951164
106.457	27.0259
109.636	3.10018
112.817	17.174
115.994	3.24734
119.172	3.32026
122.347	19.3927
125.521	11.4646
128.696	23.5361
131.868	25.6072
135.039	17.6778
138.209	11.7479
141.379	11.8176
144.547	35.8869
147.713	19.9556
150.879	22.024
154.043	12.0919
157.206	12.1593
160.368	-7.77365
163.529	-1.70707
166.689	28.3591
169.848	6.42477
173.006	16.49
176.163	6.55487
179.316	6.61923
182.471	20.6832
185.625	14.7467
188.777	10.8099
191.927	2.87251
195.077	2.93478
198.224	2.99658
201.372	11.058
204.52	21.119
207.664	-6.82044
210.809	11.2397
213.95	17.2994
217.091	-0.641249
220.233	9.41768
223.372	5.47616
226.509	13.5342
229.648	15.5919
232.784	-8.3508
235.918	17.7061
239.051	1.76251
242.186	3.81859
245.317	5.87424
248.447	11.9295
251.577	9.98435
254.705	-1.96119
257.832	14.0929
260.958	14.1466
264.083	8.19983
267.204	4.25269
270.327	4.30519
273.449	10.3573
276.57	10.409
279.69	6.46039
282.806	2.51132
285.924	8.56191
289.04	6.61211
292.154	14.6619
295.268	-3.28865
298.379	4.7604
301.492	16.8091
304.601	18.8574
307.711	24.9053
310.818	6.9529
313.924	39.0001
317.031	9.04694
320.135	21.0934
323.238	17.1395
326.34	5.18521
329.443	5.23061
332.543	15.2756
335.642	17.3203
338.74	9.36456
341.836	21.4085
344.932	1.45208
348.027	-2.50469
351.12	19.5382
354.213	23.5807
357.302	13.6229
360.393	-12.3353
363.482	5.70619
366.57	11.7473
369.656	17.7881
372.742	11.8286
375.827	15.8687
378.91	15.9084
381.993	23.9479
385.073	15.9869
388.154	4.02571
391.232	8.06412
394.311	0.102224
397.387	22.14
400.462	12.1774
403.536	12.2145
406.611	18.2513
409.683	6.2877
412.754	4.32381
415.824	12.3596
418.893	18.3951
421.961	-11.5698
425.027	12.465
428.093	4.49955
431.158	6.53374
434.222	0.567623
437.284	2.60119
440.346	2.63444
443.407	14.6674
446.464	-1.3
449.523	8.73232
452.581	10.7643
455.635	8.79603
458.691	14.8274
461.743	-1.14148
464.797	6.88932
467.847	12.9198
470.899	10.95
473.947	14.9799
476.994	9.00947
480.043	5.03878
483.088	31.0678
486.133	17.0965
489.176	19.1249
492.22	11.153
495.262	5.18087
498.302	15.2084
501.341	9.23567
504.38	13.2626
507.417	15.2893
510.453	-0.684258
513.487	11.3419
516.521	21.3677
519.554	7.39326
522.586	1.41855
525.616	13.4435
528.646	1.46828
531.675	15.4927
534.701	3.51692
537.729	13.5408
540.753	13.5645
543.778	-6.41216
546.8	7.61094
549.821	13.6338
552.844	13.6563
555.863	5.67865
558.881	7.70068
561.898	3.72246
564.916	9.74398
567.932	17.7652
570.946	-0.213764
573.959	-8.19302
576.971	7.82746
579.982	23.8477
582.993	7.86767
586	7.88738
589.008	15.9069
592.015	-6.07393
595.022	-2.05495
598.025	15.9638
601.029	11.9822
604.032	6.00048
607.033	18.0185
610.034	2.03622
613.032	-1.94629
616.032	16.071
619.028	14.088
622.023	2.10478
625.018	28.1213
628.013	22.1376
631.005	2.15372
633.997	10.1696
636.987	6.18517
639.977	6.20055
642.965	8.2157
645.952	6.23062
648.939	4.24531
651.924	-7.74022
654.909	2.27402
657.892	26.288
660.873	12.3018
663.854	-5.6846
666.835	0.328756
669.813	16.3419
672.791	10.3548
675.767	8.36749
678.743	8.37997
681.717	14.3922
684.692	-9.59572
687.664	0.416117
690.634	10.4277
693.606	14.4392
696.575	2.45036
699.543	8.46136
702.51	10.4721
705.475	18.4827
708.44	14.4931
711.404	8.50328
714.367	2.51325
717.329	14.523
720.29	0.532592
723.25	6.54196
726.207	16.5511
729.166	14.5601
732.123	12.5689
735.077	22.5775
738.032	8.58586
740.984	2.59405
743.938	30.6021
746.888	10.6099
749.839	18.6175
752.788	10.6249
755.735	28.6322
758.682	16.6392
761.627	4.64611
764.574	14.6528
767.517	16.6593
770.46	-5.33436
773.402	0.67179
776.342	6.67776
779.282	12.6835
782.219	6.68915
785.157	4.69458
788.094	2.69984
791.029	4.70493
793.962	28.7098
796.896	18.7146
799.828	4.71914
802.76	6.72353
805.689	14.7278
808.619	8.73182
811.546	14.7357
814.473	8.73943
817.4	16.743
820.324	20.7464
823.248	24.7496
826.17	12.7527
829.092	6.7556
832.012	12.7583
834.932	10.7609
837.851	24.7634
840.768	24.7656
843.685	18.7678
846.599	18.7697
849.514	22.7715
852.428	14.7732
855.339	0.774706
858.251	18.7761
861.16	22.7773
864.07	14.7783
866.978	8.77923
869.884	28.78
872.792	8.78062
875.696	22.7811
878.599	22.7814
881.502	18.7816
884.404	14.7816
887.304	16.7816
890.204	12.7813
893.103	14.7809
896.001	-1.21957
898.898	16.7798
901.794	8.77899
904.689	14.7781
907.581	-3.22298
910.474	20.7758
913.364	8.77452
916.256	8.77307
919.144	-7.22851
922.034	14.7698
924.92	-1.23206
927.808	4.76598
930.693	14.7639
933.576	8.76167
936.459	14.7593
939.341	10.7569
942.222	8.75429
945.102	12.7516
947.981	18.7488
950.859	12.7458
953.737	26.7428
956.613	0.739572
959.488	-5.26373
962.361	8.73286
965.235	2.72934
968.105	10.7257
970.977	2.72194
973.846	10.7181
976.716	8.7141
979.583	6.71001
982.449	30.7058
985.316	4.70151
988.18	12.6971
991.043	-1.30741
993.906	6.68797
996.767	10.6832
999.628	-1.32159
1002.49	-1.32652
1005.35	18.6684
1008.2	12.6633
1011.06	20.6581
1013.91	8.65274
1016.77	12.6473
1019.62	22.6418
1022.48	4.63616
1025.33	4.63044
1028.18	22.6246
1031.03	14.6187
1033.87	-5.38728
1036.72	10.6066
1039.57	22.6004
1042.41	22.5942
1045.26	4.58781
1048.1	12.5814
1050.94	8.57482
1053.78	8.5682
1056.62	26.5615
1059.46	8.5547
1062.3	10.5478
1065.14	4.54086
1067.97	10.5338
1070.81	16.5267
1073.64	20.5195
1076.47	8.51221
1079.31	8.50485
1082.14	16.4974
1084.97	18.4899
1087.8	0.482307
1090.63	14.4746
1093.45	10.4669
1096.28	20.4591
1099.1	16.4512
1101.93	12.4433
1104.75	26.4352
1107.57	-1.57288
1110.39	6.41896
1113.21	2.41073
1116.03	-5.59758
1118.85	0.394054
1121.66	6.38562
1124.48	16.3771
1127.3	-3.63144
1130.11	12.3599
1132.92	10.3512
1135.73	0.342502
1138.54	6.33369
1141.35	8.32483
1144.16	2.31589
1146.97	0.306906
1149.78	10.2979
1152.58	2.28877
1155.39	0.279612
1158.19	-5.7296
1161	12.2611
1163.8	10.2518
1166.6	22.2425
1169.4	0.233027
1172.2	14.2236
1174.99	6.21403
1177.79	4.20447
1180.59	8.19485
1183.38	6.18518
1186.17	12.1755
1188.97	20.1657
1191.76	4.1559
1194.55	-3.85394
1197.34	6.13616
1200.13	6.12623
1202.92	8.11625
1205.7	2.10624
1208.49	6.09618
1211.27	2.08608
1214.06	4.07595
1216.84	0.0657748
1219.62	10.0556
1222.4	16.0453
1225.18	8.03504
1227.96	2.02472
1230.74	20.0144
1233.51	28.004
1236.29	11.9936
1239.06	9.98312
1241.84	5.97264
1244.61	11.9621
1247.38	5.95159
1250.15	7.94103
1252.92	11.9304
1255.69	3.91981
1258.46	15.9092
1261.23	35.8985
1263.99	11.8878
1266.76	-0.122938
1269.52	-0.133682
1272.28	3.85555
1275.05	13.8448
1277.81	25.8339
1280.57	15.8231
1283.33	1.81226
1286.08	-4.19861
1288.84	7.79051
1291.6	11.7796
1294.35	-0.231324
1297.11	-4.24226
1299.86	17.7468
1302.61	7.73582
1305.36	7.72484
1308.11	17.7138
1310.86	-0.297156
1313.61	15.6918
1316.36	1.6808
1319.1	7.66976
1321.85	11.6587
1324.59	9.64766
1327.33	1.6366
1330.08	-0.374469
1332.82	11.6145
1335.56	13.6034
1338.3	3.59228
1341.04	3.5812
1343.77	3.5701
1346.51	15.559
1349.25	17.5479
1351.98	11.5368
1354.71	11.5257
1357.45	7.51461
1360.18	3.50351
1362.91	-0.507595
1365.64	5.48131
1368.37	21.4702
1371.09	23.4591
1373.82	-10.552
1376.54	-0.56303
1379.27	17.4259
1381.99	7.41482
1384.72	11.4038
1387.44	9.39271
1390.16	9.38167
1392.88	15.3706
1395.6	9.3596
1398.31	19.3486
1401.03	31.3376
1403.75	13.3266
1406.46	-8.68439
1409.18	9.30465
1411.89	17.2937
1414.6	9.28276
1417.31	9.27184
1420.02	1.26093
1422.73	17.25
1425.44	17.2392
1428.15	-0.771681
1430.85	17.2175
1433.56	3.20667
1436.26	15.1959
1438.97	13.1851
1441.67	9.17434
1444.37	-8.83639
1447.07	3.1529
1449.77	7.14221
1452.47	9.13155
1455.16	9.12091
1457.86	-2.8897
1460.56	9.09971
1463.25	21.0891
1465.94	19.0786
1468.64	15.0681
1471.33	5.05764
1474.02	1.04719
1476.71	-0.96323
1479.4	9.02638
1482.09	17.016
1484.77	1.0057
1487.46	-3.00459
1490.14	6.98515
1492.83	20.9749
1495.51	12.9647
1498.19	18.9546
1500.87	2.94445
1503.55	8.93436
1506.23	-3.07569
1508.91	10.9143
1511.59	18.9043
1514.27	4.89439
1516.94	-11.1155
1519.62	10.8746
1522.29	4.86483
1524.96	14.8551
1527.63	8.84532
1530.3	22.8356
1532.97	8.82598
1535.64	-3.18362
1538.31	-3.19319
1540.98	6.7973
1543.64	4.78783
1546.31	6.77841
1548.97	12.769
1551.63	8.7597
1554.3	18.7504
1556.96	8.74118
1559.62	0.732
1562.28	12.7229
1564.94	8.71378
1567.59	10.7047
1570.25	-1.30424
1572.9	-3.31317
1575.56	6.67795
1578.21	0.669127
1580.86	-1.33965
1583.52	12.6516
1586.17	-5.35703
1588.82	8.63436
1591.47	10.6258
1594.11	4.61732
1596.76	12.6089
1599.41	10.6005
1602.05	12.5922
1604.69	8.58392
1607.34	12.5757
1609.98	14.5676
1612.62	20.5595
1615.26	16.5515
1617.9	10.5435
1620.54	32.5356
1623.18	6.52778
1625.81	8.52001
1628.45	2.51231
1631.08	2.50467
1633.72	8.49709
1636.35	4.48958
1638.98	16.4821
1641.61	0.474759
1644.24	-1.53255
1646.87	14.4602
1649.5	12.453
1652.13	-1.55407
1654.75	12.4389
1657.38	-1.56807
1660	12.425
1662.63	24.4182
1665.25	-1.58854
1667.87	4.40479
1670.49	18.3982
1673.11	20.3917
1675.73	-1.61481
1678.35	-3.62119
1680.96	18.3725
1683.58	6.36627
1686.19	0.360116
1688.81	16.354
1691.42	14.348
1694.03	8.34211
1696.64	10.3363
1699.25	6.3305
1701.87	16.3248
1704.47	4.3192
1707.08	16.3137
1709.69	20.3082
1712.29	-3.69714
1714.9	12.2976
1717.5	4.29238
1720.1	10.2873
1722.71	18.2822
1725.31	12.2773
1727.91	10.2724
1730.51	6.26764
1733.1	10.2629
1735.7	16.2583
1738.3	18.2538
1740.89	-3.75062
1743.49	14.245
1746.08	8.24078
1748.67	6.23661
1751.26	16.2325
1753.86	14.2285
1756.45	14.2246
1759.03	4.22083
1761.62	12.2171
1764.21	4.21348
1766.8	2.20995
1769.38	6.20651
1771.97	12.2032
1774.55	20.1999
1777.13	4.19674
1779.71	12.1937
1782.29	18.1907
1784.87	2.18783
1787.45	14.1851
1790.03	6.18237
1792.61	-1.82021
1795.18	-5.8227
1797.76	-1.82509
1800.33	10.1726
1802.9	10.1704
1805.48	4.16834
1808.05	14.1663
1810.62	42.1645
1813.19	18.1627
1815.76	8.16097
1818.33	4.15939
1820.89	12.1579
1823.46	6.15652
1826.02	8.15524
1828.59	6.15407
1831.15	10.153
1833.71	22.152
1836.27	12.1512
1838.84	0.150417
1841.39	20.1498
1843.95	10.1492
1846.51	14.1488
1849.07	14.1485
1851.62	2.14825
1854.18	-1.85186
1856.73	2.14814
1859.29	-1.85176
1861.84	28.1485
1864.39	10.1488
1866.94	-7.85077
1869.49	4.14978
1872.04	8.15044
1874.59	2.15121
1877.13	22.1521
1879.68	18.1531
1882.22	18.1542
1884.77	4.15544
1887.31	8.15678
1889.85	10.1582
1892.39	0.159809
1894.93	2.1615
1897.47	8.1633
1900.01	20.1652
1902.55	14.1673
1905.09	14.1694
1907.62	6.17168
1910.16	4.17407
1912.69	12.1766
1915.22	10.1792
1917.76	18.182
1920.29	12.1848
1922.82	26.1878
1925.35	6.19092
1927.88	16.1942
1930.4	6.19751
1932.93	12.201
1935.46	2.20458
1937.98	30.2083
1940.51	6.21214
1943.03	2.21611
1945.55	24.2202
1948.07	-5.77558
1950.59	4.22876
1953.11	14.2332
1955.63	16.2378
1958.15	18.2425
1960.67	4.24738
1963.18	-1.74764
1965.7	4.25746
1968.21	2.26269
1970.73	2.26805
1973.24	-3.72647
1975.75	-1.72085
1978.26	4.28489
1980.77	10.2908
1983.28	-1.70323
1985.79	6.30291
1988.29	-7.69082
1990.8	-1.68442
1993.31	12.3221
1995.81	14.3288
1998.31	-1.66443
