100.093	22.5837
103.274	0.596762
106.457	12.6098
109.636	28.6229
112.817	28.6361
115.994	14.6492
119.172	10.6624
122.347	18.6756
125.521	12.6889
128.696	10.7022
131.868	10.7155
135.039	24.7288
138.209	12.7422
141.379	22.7556
144.547	16.769
147.713	-1.21752
150.879	20.796
154.043	6.80947
157.206	24.823
160.368	4.83657
163.529	16.8502
166.689	-5.13623
169.848	12.8774
173.006	16.8911
176.163	16.9048
179.316	28.9185
182.471	20.9322
185.625	2.94601
188.777	24.9598
191.927	12.9736
195.077	24.9875
198.224	11.0013
201.372	21.0152
204.52	3.02912
207.664	7.04305
210.809	7.05701
213.95	25.071
217.091	5.08499
220.233	3.09902
223.372	17.1131
226.509	11.1271
229.648	13.1412
232.784	19.1553
235.918	17.1695
239.051	19.1836
242.186	-2.80222
245.317	9.21197
248.447	9.22618
251.577	15.2404
254.705	19.2547
257.832	21.2689
260.958	11.2832
264.083	11.2975
267.204	5.31183
270.327	25.3262
273.449	7.34053
276.57	15.3549
279.69	5.3693
282.806	-2.6163
285.924	19.3981
289.04	17.4126
292.154	17.427
295.268	-0.558488
298.379	5.456
301.492	19.4705
304.601	9.48503
307.711	17.4996
310.818	13.5141
313.924	17.5287
317.031	17.5433
320.135	19.5579
323.238	21.5725
326.34	3.58708
329.443	11.6017
332.543	27.6164
335.642	-0.368972
338.74	3.6457
341.836	15.6604
344.932	3.67508
348.027	17.6898
351.12	13.7045
354.213	13.7193
357.302	11.734
360.393	17.7487
363.482	11.7635
366.57	1.77829
369.656	1.79307
372.742	9.80787
375.827	9.82268
378.91	21.8375
381.993	3.85232
385.073	7.86715
388.154	15.882
391.232	-0.103155
394.311	-0.0882887
397.387	13.9266
400.462	-4.05855
403.536	7.95633
406.611	9.97123
409.683	21.9861
412.754	0.00103302
415.824	-1.98406
418.893	6.03086
421.961	22.0458
425.027	10.0607
428.093	14.0757
431.158	10.0906
434.222	-1.89444
437.284	-3.87949
440.346	2.13548
443.407	0.150443
446.464	6.1654
449.523	20.1804
452.581	22.1954
455.635	22.2103
458.691	-3.77467
461.743	4.24031
464.797	14.2553
467.847	14.2703
470.899	12.2853
473.947	-7.69969
476.994	24.3153
480.043	10.3303
483.088	0.345328
486.133	8.36034
489.176	16.3753
492.22	8.39037
495.262	6.40538
498.302	6.4204
501.341	20.4354
504.38	18.4504
507.417	14.4654
510.453	6.48047
513.487	-3.50452
516.521	10.5105
519.554	6.52552
522.586	18.5405
525.616	-1.44446
528.646	16.5706
531.675	4.58558
534.701	10.6006
537.729	20.6156
540.753	8.6306
543.778	16.6456
546.8	12.6606
549.821	6.67561
552.844	4.69061
555.863	12.7056
558.881	8.72059
561.898	2.73558
564.916	8.75057
567.932	-3.23445
570.946	4.78053
573.959	8.7955
576.971	6.81047
579.982	-3.17456
582.993	2.8404
586	6.85534
589.008	6.8703
592.015	-5.11476
595.022	-1.09982
598.025	10.9151
601.029	0.93004
604.032	-1.05504
607.033	-5.04013
610.034	0.974786
613.032	22.9897
616.032	7.00458
619.028	9.01947
622.023	15.0343
625.018	17.0492
628.013	11.0641
631.005	1.07894
633.997	19.0938
636.987	5.10863
639.977	1.12346
642.965	15.1383
645.952	11.1531
648.939	3.1679
651.924	15.1827
654.909	13.1975
657.892	5.21227
660.873	7.22703
663.854	11.2418
666.835	7.25654
669.813	7.27127
672.791	-6.714
675.767	15.3007
678.743	5.31542
681.717	-4.66989
684.692	13.3448
687.664	9.35947
690.634	13.3741
693.606	13.3888
696.575	5.40341
699.543	19.418
702.51	13.4326
705.475	-2.55276
708.44	-4.53817
711.404	-0.523601
714.367	15.491
717.329	29.5055
720.29	13.52
723.25	9.53456
726.207	1.54906
729.166	7.56356
732.123	5.57804
735.077	21.5925
738.032	3.60695
740.984	7.62138
743.938	5.6358
746.888	-12.3498
749.839	5.66459
752.788	11.679
755.735	11.6933
758.682	13.7077
761.627	5.72198
764.574	3.7363
767.517	23.7506
770.46	11.7649
773.402	7.77913
776.342	-0.206626
779.282	15.8076
782.219	15.8218
785.157	7.836
788.094	5.85017
791.029	13.8643
793.962	5.87847
796.896	7.89259
799.828	7.90669
802.76	27.9208
805.689	15.9348
808.619	-0.0511062
811.546	23.9629
814.473	3.97693
817.4	7.99092
820.324	12.0049
823.248	24.0188
826.17	14.0328
829.092	12.0467
832.012	20.0606
834.932	12.0744
837.851	8.0883
840.768	14.1021
843.685	18.1159
846.599	10.1297
849.514	20.1435
852.428	12.1572
855.339	20.171
858.251	10.1847
861.16	24.1984
864.07	12.212
866.978	2.22566
869.884	12.2393
872.792	4.25287
875.696	24.2664
878.599	20.28
881.502	6.29352
884.404	10.307
887.304	8.3205
890.204	26.334
893.103	16.3474
896.001	10.3608
898.898	10.3742
901.794	6.38756
904.689	6.4009
907.581	6.41421
910.474	18.4275
913.364	22.4408
916.256	2.45401
919.144	12.4672
922.034	10.4804
924.92	8.49358
927.808	4.50673
930.693	0.519841
933.576	10.5329
936.459	8.54599
939.341	10.559
942.222	16.572
945.102	4.58503
947.981	8.59799
950.859	12.6109
953.737	4.62383
956.613	0.636715
959.488	16.6496
962.361	22.6624
965.235	16.6752
968.105	0.687961
970.977	2.70071
973.846	0.713422
976.716	4.72612
979.583	4.73877
982.449	16.7514
985.316	6.76402
988.18	10.7766
991.043	12.7891
993.906	14.8017
996.767	10.8141
999.628	0.826606
1002.49	4.83904
1005.35	12.8514
1008.2	2.86382
1011.06	-3.12384
1013.91	16.8885
1016.77	12.9008
1019.62	6.91301
1022.48	14.9252
1025.33	-1.06257
1028.18	8.9496
1031.03	14.9617
1033.87	26.9738
1036.72	6.9859
1039.57	8.99794
1042.41	19.01
1045.26	7.02193
1048.1	19.0339
1050.94	7.04579
1053.78	-4.94232
1056.62	15.0695
1059.46	21.0814
1062.3	19.0931
1065.14	11.1049
1067.97	21.1166
1070.81	15.1283
1073.64	13.14
1076.47	15.1516
1079.31	5.16319
1082.14	7.17474
1084.97	27.1863
1087.8	3.19777
1090.63	11.2092
1093.45	-4.77935
1096.28	23.232
1099.1	23.2434
1101.93	9.25473
1104.75	3.26602
1107.57	-6.72272
1110.39	11.2885
1113.21	-0.700314
1116.03	19.3108
1118.85	11.322
1121.66	5.33304
1124.48	5.3441
1127.3	11.3551
1130.11	19.3661
1132.92	5.37703
1135.73	3.38794
1138.54	11.3988
1141.35	21.4096
1144.16	5.42045
1146.97	5.43122
1149.78	15.4419
1152.58	7.45263
1155.39	-4.53671
1158.19	11.4739
1161	7.48449
1163.8	5.49504
1166.6	7.50555
1169.4	5.51602
1172.2	-4.47355
1174.99	15.5369
1177.79	17.5472
1180.59	-0.442466
1183.38	5.56782
1186.17	15.5781
1188.97	9.58828
1191.76	5.59845
1194.55	23.6086
1197.34	-2.38132
1200.13	3.62874
1202.92	-0.361242
1205.7	-10.3513
1208.49	1.65868
1211.27	5.66858
1214.06	11.6784
1216.84	11.6883
1219.62	-2.30195
1222.4	13.7078
1225.18	5.7175
1227.96	1.72717
1230.74	3.7368
1233.51	13.7464
1236.29	11.7559
1239.06	11.7654
1241.84	5.77491
1244.61	-6.21566
1247.38	-4.20627
1250.15	7.80307
1252.92	-2.18763
1255.69	9.82164
1258.46	1.83086
1261.23	13.84
1263.99	-2.15081
1266.76	-4.14171
1269.52	13.8673
1272.28	19.8764
1275.05	13.8853
1277.81	3.89428
1280.57	17.9032
1283.33	21.912
1286.08	7.92084
1288.84	11.9296
1291.6	3.93833
1294.35	5.94702
1297.11	-0.0443466
1299.86	9.96425
1302.61	11.9728
1305.36	1.98132
1308.11	11.9898
1310.86	7.99822
1313.61	-1.9934
1316.36	-7.98505
1319.1	4.02324
1321.85	8.0315
1324.59	6.03971
1327.33	16.0479
1330.08	0.0560007
1332.82	10.0641
1335.56	14.0721
1338.3	0.0801117
1341.04	8.08806
1343.77	-1.90404
1346.51	16.1038
1349.25	26.1116
1351.98	6.1194
1354.71	6.12713
1357.45	8.13481
1360.18	14.1424
1362.91	10.15
1365.64	10.1576
1368.37	10.1651
1371.09	6.17254
1373.82	0.179956
1376.54	0.187316
1379.27	6.19464
1381.99	6.20191
1384.72	20.2091
1387.44	2.21632
1390.16	14.2235
1392.88	20.2305
1395.6	-5.76241
1398.31	10.2446
1401.03	6.25154
1403.75	18.2584
1406.46	0.265306
1409.18	14.2721
1411.89	2.27888
1414.6	12.2856
1417.31	0.292267
1420.02	0.298892
1422.73	-3.69453
1425.44	12.312
1428.15	10.3185
1430.85	12.3249
1433.56	12.3313
1436.26	6.33764
1438.97	4.34394
1441.67	6.35018
1444.37	8.35637
1447.07	2.36252
1449.77	2.36862
1452.47	10.3747
1455.16	2.38068
1457.86	30.3866
1460.56	2.39254
1463.25	-1.6016
1465.94	6.4042
1468.64	20.41
1471.33	4.41568
1474.02	10.4213
1476.71	4.42695
1479.4	10.4325
1482.09	8.43803
1484.77	10.4435
1487.46	8.44892
1490.14	4.45428
1492.83	4.4596
1495.51	20.4649
1498.19	22.4701
1500.87	6.47525
1503.55	12.4804
1506.23	14.4854
1508.91	-7.50954
1511.59	4.49543
1514.27	22.5003
1516.94	2.50521
1519.62	-1.48997
1522.29	12.5148
1524.96	2.51951
1527.63	18.5242
1530.3	6.52879
1532.97	14.5333
1535.64	16.5379
1538.31	-1.45768
1540.98	14.5467
1543.64	12.5511
1546.31	14.5554
1548.97	-1.44035
1551.63	2.56385
1554.3	2.56801
1556.96	12.5721
1559.62	24.5762
1562.28	-5.41985
1564.94	8.5841
1567.59	4.58799
1570.25	16.5918
1572.9	-1.40438
1575.56	2.59936
1578.21	0.603041
1580.86	-3.39333
1583.52	0.610254
1586.17	4.61378
1588.82	-5.38274
1591.47	14.6207
1594.11	-1.37596
1596.76	8.62736
1599.41	4.63062
1602.05	-7.36617
1604.69	10.637
1607.34	10.6401
1609.98	12.6431
1612.62	24.6461
1615.26	6.64908
1617.9	6.65197
1620.54	-1.3452
1623.18	8.65758
1625.81	10.6603
1628.45	0.662987
1631.08	10.6656
1633.72	0.668173
1636.35	4.67068
1638.98	16.6731
1641.61	18.6755
1644.24	14.6779
1646.87	12.6802
1649.5	18.6824
1652.13	4.68462
1654.75	12.6867
1657.38	6.68882
1660	6.69085
1662.63	2.69281
1665.25	8.69473
1667.87	20.6966
1670.49	18.6984
1673.11	14.7001
1675.73	10.7018
1678.35	26.7035
1680.96	16.705
1683.58	8.70656
1686.19	0.708035
1688.81	4.70945
1691.42	-1.28919
1694.03	20.7121
1696.64	14.7134
1699.25	0.714549
1701.87	-3.28431
1704.47	12.7168
1707.08	8.71779
1709.69	4.71875
1712.29	10.7197
1714.9	6.72052
1717.5	18.7213
1720.1	4.72206
1722.71	8.72274
1725.31	-3.27663
1727.91	18.7239
1730.51	6.72446
1733.1	16.7249
1735.7	4.72532
1738.3	6.72567
1740.89	10.726
1743.49	-3.27382
1746.08	16.7264
1748.67	6.72647
1751.26	6.72653
1753.86	16.7265
1756.45	0.726478
1759.03	16.7264
1761.62	2.72619
1764.21	8.72597
1766.8	12.7257
1769.38	0.725337
1771.97	2.72494
1774.55	16.7245
1777.13	10.724
1779.71	6.72338
1782.29	4.72275
1784.87	22.7221
1787.45	12.7213
1790.03	0.720504
1792.61	8.71964
1795.18	22.7187
1797.76	14.7177
1800.33	-5.28331
1802.9	12.7156
1805.48	28.7144
1808.05	22.7132
1810.62	0.711939
1813.19	0.710605
1815.76	6.70921
1818.33	8.70776
1820.89	30.7062
1823.46	26.7047
1826.02	-7.29695
1828.59	2.70136
1831.15	14.6996
1833.71	12.6978
1836.27	2.69594
1838.84	10.694
1841.39	6.69203
1843.95	18.69
1846.51	24.6879
1849.07	12.6857
1851.62	2.68349
1854.18	22.6812
1856.73	20.6789
1859.29	12.6765
1861.84	4.674
1864.39	2.67148
1866.94	4.66889
1869.49	4.66625
1872.04	10.6635
1874.59	10.6608
1877.13	8.65796
1879.68	16.6551
1882.22	14.6521
1884.77	12.6491
1887.31	6.64606
1889.85	-3.35706
1892.39	-5.36025
1894.93	12.6365
1897.47	10.6332
1900.01	2.62983
1902.55	-3.3736
1905.09	0.622908
1907.62	16.6194
1910.16	16.6157
1912.69	10.6121
1915.22	10.6083
1917.76	12.6045
1920.29	10.6007
1922.82	6.59677
1925.35	8.59279
1927.88	6.58875
1930.4	14.5846
1932.93	16.5805
1935.46	-5.42374
1937.98	12.572
1940.51	6.56763
1943.03	14.5632
1945.55	18.5587
1948.07	10.5542
1950.59	0.549619
1953.11	10.545
1955.63	8.54024
1958.15	4.53546
1960.67	4.53062
1963.18	16.5257
1965.7	0.52075
1968.21	12.5157
1970.73	8.51063
1973.24	8.50548
1975.75	6.50026
1978.26	16.495
1980.77	12.4896
1983.28	-7.51576
1985.79	6.47878
1988.29	16.4732
1990.8	22.4677
1993.31	6.462
1995.81	8.45629
1998.31	0.450511
