100.093	12.9911
103.274	15.1265
106.457	-2.73895
109.636	7.3947
112.817	5.52759
115.994	9.65956
119.172	15.7908
122.347	-6.07893
125.521	6.05055
128.696	-5.82072
131.868	2.3071
135.039	2.43411
138.209	-9.43971
141.379	8.68575
144.547	4.81032
147.713	4.93408
150.879	5.05703
154.043	-2.82081
157.206	-2.69946
160.368	-0.578893
163.529	13.5409
166.689	27.6599
169.848	5.77806
173.006	7.89548
176.163	0.0121117
179.316	6.12789
182.471	16.243
185.625	4.3573
188.777	4.47085
191.927	4.58356
195.077	4.69558
198.224	6.80678
201.372	4.91729
204.52	7.02705
207.664	3.13599
210.809	17.2443
213.95	25.3517
217.091	-2.54159
220.233	-0.435541
223.372	7.6697
226.509	19.7742
229.648	11.8781
232.784	17.9811
235.918	10.0835
239.051	6.18507
242.186	14.286
245.317	6.38622
248.447	8.4857
251.577	14.5845
254.705	6.68253
257.832	0.779898
260.958	10.8766
264.083	8.97253
267.204	1.06775
270.327	5.16233
273.449	1.25623
276.57	7.34945
279.69	7.44198
282.806	7.53378
285.924	9.62496
289.04	19.7155
292.154	27.8052
295.268	5.89441
298.379	11.9829
301.492	6.0707
304.601	6.15783
307.711	8.24436
310.818	0.330184
313.924	8.41535
317.031	6.49994
320.135	12.5838
323.238	4.66705
326.34	6.74965
329.443	-3.16833
332.543	20.913
335.642	-1.0063
338.74	-0.926223
341.836	7.15323
344.932	23.2321
348.027	1.31026
351.12	17.3879
354.213	7.46483
357.302	15.5411
360.393	17.6169
363.482	7.69206
366.57	9.76661
369.656	-4.15949
372.742	19.9139
375.827	13.9866
378.91	4.05873
381.993	-3.86969
385.073	8.20125
388.154	6.27166
391.232	14.3414
394.311	10.4107
397.387	4.47931
400.462	-1.45264
403.536	4.61484
406.611	18.6818
409.683	12.7482
412.754	6.81394
415.824	2.87917
418.893	-7.05616
421.961	1.00795
425.027	1.07152
428.093	-2.86547
431.158	5.197
434.222	9.25893
437.284	15.3203
440.346	13.3812
443.407	9.44147
446.464	13.5012
449.523	-0.439552
452.581	17.6192
455.635	5.67732
458.691	9.73498
461.743	5.79209
464.797	-6.15128
467.847	13.9048
470.899	7.9604
473.947	8.01545
476.994	14.07
480.043	6.12408
483.088	0.177615
486.133	10.2307
489.176	-1.7168
492.22	0.335277
495.262	10.3868
498.302	4.4379
501.341	10.4885
504.38	10.5386
507.417	2.58818
510.453	24.6373
513.487	12.6859
516.521	8.7341
519.554	2.78181
522.586	6.82904
525.616	6.87578
528.646	20.9221
531.675	16.9679
534.701	3.01327
537.729	5.0582
540.753	-2.89736
543.778	9.14665
546.8	1.19019
549.821	-4.76673
552.844	15.2759
555.863	3.31815
558.881	21.3599
561.898	1.40123
564.916	15.4421
567.932	7.48259
570.946	15.5226
573.959	11.5622
576.971	7.60138
579.982	1.64012
582.993	9.67844
586	11.7163
589.008	3.75381
592.015	-4.20912
595.022	5.82755
598.025	11.8638
601.029	7.89962
604.032	3.93506
607.033	9.97008
610.034	10.0047
613.032	18.0389
616.032	4.07278
619.028	22.1062
622.023	2.13925
625.018	8.1719
628.013	4.20419
631.005	-9.76393
633.997	20.2676
636.987	10.2987
639.977	4.32944
642.965	2.35981
645.952	-3.61019
648.939	-1.58056
651.924	18.4487
654.909	20.4776
657.892	6.50613
660.873	4.53429
663.854	0.562104
666.835	0.589563
669.813	2.61665
672.791	-1.3566
675.767	-3.33021
678.743	8.69585
681.717	4.72154
684.692	4.74691
687.664	8.77192
690.634	12.7966
693.606	6.82095
696.575	-1.15504
699.543	18.8686
702.51	2.89197
705.475	-1.08501
708.44	16.9377
711.404	10.9601
714.367	18.9821
717.329	9.00383
720.29	11.0252
723.25	17.0463
726.207	15.0671
729.166	19.0876
732.123	19.1078
735.077	15.1276
738.032	9.14719
740.984	15.1664
743.938	17.1854
746.888	27.2041
749.839	13.2224
752.788	15.2405
755.735	9.25828
758.682	-4.72423
761.627	7.29298
764.574	23.3099
767.517	5.32655
770.46	13.3429
773.402	1.35899
776.342	9.3748
779.282	19.3903
782.219	15.4056
785.157	25.4206
788.094	5.43531
791.029	13.4498
793.962	21.464
796.896	27.4779
799.828	21.4916
802.76	1.50499
805.689	21.5182
808.619	11.5311
811.546	11.5437
814.473	-4.44387
817.4	9.56831
820.324	9.58022
823.248	-2.4081
826.17	5.60334
829.092	27.6145
832.012	13.6255
834.932	11.6362
837.851	33.6467
840.768	13.657
843.685	1.66703
846.599	13.6768
849.514	5.68643
852.428	17.6958
855.339	11.7049
858.251	7.71386
861.16	11.7226
864.07	3.73107
866.978	11.7394
869.884	11.7474
872.792	5.75529
875.696	3.76295
878.599	5.7704
881.502	13.7777
884.404	19.7847
887.304	15.7916
890.204	15.7982
893.103	11.8047
896.001	15.8109
898.898	9.81703
901.794	1.82292
904.689	3.82862
907.581	9.83414
910.474	7.83948
913.364	3.84463
916.256	11.8496
919.144	25.8544
922.034	21.859
924.92	-0.136522
927.808	9.86776
930.693	13.8719
933.576	7.87581
936.459	9.87958
939.341	13.8832
942.222	5.88665
945.102	1.88994
947.981	-4.10693
950.859	11.896
953.737	19.8989
956.613	-12.0985
959.488	3.90406
962.361	3.90642
965.235	9.90865
968.105	-6.08928
970.977	21.9127
973.846	7.91445
976.716	13.9161
979.583	1.91762
982.449	3.919
985.316	-4.07976
988.18	5.92136
991.043	3.92234
993.906	19.9232
996.767	15.9239
999.628	-4.07548
1002.49	9.925
1005.35	1.92536
1008.2	27.9256
1011.06	17.9257
1013.91	7.92572
1016.77	3.92562
1019.62	9.92539
1022.48	21.9251
1025.33	9.92462
1028.18	7.92407
1031.03	11.9234
1033.87	17.9227
1036.72	11.9218
1039.57	11.9208
1042.41	5.91979
1045.26	-0.081368
1048.1	17.9174
1050.94	-4.08396
1053.78	1.91461
1056.62	9.91309
1059.46	11.9115
1062.3	7.90978
1065.14	5.908
1067.97	25.9061
1070.81	5.9042
1073.64	7.90217
1076.47	3.90007
1079.31	9.8979
1082.14	19.8956
1084.97	5.89332
1087.8	7.89093
1090.63	15.8885
1093.45	21.8859
1096.28	5.88335
1099.1	-0.119312
1101.93	11.878
1104.75	-12.1248
1107.57	13.8723
1110.39	13.8694
1113.21	15.8665
1116.03	5.86349
1118.85	-10.1396
1121.66	23.8573
1124.48	19.8542
1127.3	15.851
1130.11	17.8477
1132.92	9.84441
1135.73	5.84108
1138.54	21.8377
1141.35	13.8343
1144.16	3.83083
1146.97	15.8273
1149.78	3.82382
1152.58	1.82026
1155.39	1.81668
1158.19	-2.18694
1161	-2.19059
1163.8	13.8057
1166.6	7.80205
1169.4	3.79833
1172.2	7.79459
1174.99	-10.2092
1177.79	13.7871
1180.59	3.78327
1183.38	7.77946
1186.17	3.77564
1188.97	-0.228195
1191.76	11.768
1194.55	7.76411
1197.34	1.76025
1200.13	5.75639
1202.92	3.75252
1205.7	-10.2513
1208.49	11.7448
1211.27	9.74091
1214.06	1.73704
1216.84	7.73317
1219.62	3.72932
1222.4	11.7255
1225.18	9.72162
1227.96	11.7178
1230.74	-0.28604
1233.51	3.71015
1236.29	13.7064
1239.06	17.7026
1241.84	9.69882
1244.61	7.69507
1247.38	9.69135
1250.15	11.6877
1252.92	5.68398
1255.69	-2.31968
1258.46	1.6767
1261.23	1.6731
1263.99	7.66954
1266.76	11.666
1269.52	-6.33751
1272.28	-0.340975
1275.05	5.65559
1277.81	1.65219
1280.57	-6.35117
1283.33	9.64551
1286.08	5.64223
1288.84	9.639
1291.6	3.63581
1294.35	11.6327
1297.11	-0.370437
1299.86	5.62651
1302.61	-6.37649
1305.36	9.62056
1308.11	1.61767
1310.86	-0.385174
1313.61	13.612
1316.36	23.6093
1319.1	19.6066
1321.85	11.604
1324.59	15.6015
1327.33	-0.401005
1330.08	13.5966
1332.82	17.5942
1335.56	9.59193
1338.3	7.58971
1341.04	3.58756
1343.77	5.58547
1346.51	13.5835
1349.25	5.58153
1351.98	5.57968
1354.71	1.57789
1357.45	-2.42381
1360.18	13.5746
1362.91	5.57303
1365.64	11.5716
1368.37	-0.429812
1371.09	11.5689
1373.82	1.56769
1376.54	-0.433427
1379.27	7.56554
1381.99	15.5646
1384.72	7.56376
1387.44	1.56301
1390.16	3.56235
1392.88	17.5618
1395.6	11.5613
1398.31	17.5609
1401.03	-4.43932
1403.75	3.56051
1406.46	5.56045
1409.18	7.56049
1411.89	9.56063
1414.6	9.56088
1417.31	9.56124
1420.02	17.5617
1422.73	9.56229
1425.44	9.56298
1428.15	1.56378
1430.85	7.5647
1433.56	13.5657
1436.26	5.56688
1438.97	1.56814
1441.67	11.5695
1444.37	17.571
1447.07	5.57266
1449.77	9.57442
1452.47	-6.42371
1455.16	5.5783
1457.86	3.58043
1460.56	5.58268
1463.25	13.5851
1465.94	1.58759
1468.64	-4.40976
1471.33	1.59302
1474.02	1.59594
1476.71	11.599
1479.4	5.60219
1482.09	9.60551
1484.77	7.60898
1487.46	9.61259
1490.14	5.61634
1492.83	9.62024
1495.51	3.62428
1498.19	-0.371535
1500.87	3.63279
1503.55	13.6373
1506.23	3.64191
1508.91	5.64668
1511.59	5.65162
1514.27	15.6567
1516.94	3.66194
1519.62	3.66734
1522.29	11.6729
1524.96	3.6786
1527.63	13.6845
1530.3	-6.30951
1532.97	23.6967
1535.64	-2.29696
1538.31	-0.290447
1540.98	11.7162
1543.64	-0.27692
1546.31	3.73009
1548.97	-0.262723
1551.63	19.7446
1554.3	11.7522
1556.96	7.75985
1559.62	27.7677
1562.28	15.7758
1564.94	9.78397
1567.59	1.79237
1570.25	11.8009
1572.9	9.8097
1575.56	21.8186
1578.21	23.8277
1580.86	11.837
1583.52	-4.15348
1586.17	7.85617
1588.82	11.866
1591.47	9.87606
1594.11	9.88628
1596.76	15.8967
1599.41	11.9073
1602.05	11.9181
1604.69	17.9291
1607.34	5.94026
1609.98	19.9516
1612.62	1.96321
1615.26	3.97498
1617.9	15.9869
1620.54	19.9991
1623.18	-7.98853
1625.81	8.02404
1628.45	8.03681
1631.08	4.04978
1633.72	-3.93705
1636.35	0.0763332
1638.98	-3.91008
1641.61	6.10372
1644.24	6.11773
1646.87	16.1319
1649.5	4.14637
1652.13	12.161
1654.75	2.17586
1657.38	2.19092
1660	8.20621
1662.63	0.221706
1665.25	2.23743
1667.87	6.25336
1670.49	20.2695
1673.11	16.2859
1675.73	12.3025
1678.35	4.3193
1680.96	-1.66365
1683.58	14.3536
1686.19	0.3711
1688.81	2.38882
1691.42	6.40676
1694.03	12.4249
1696.64	14.4433
1699.25	26.462
1701.87	4.48086
1704.47	-7.50004
1707.08	10.5193
1709.69	0.538864
1712.29	14.5587
1714.9	-1.42128
1717.5	8.59899
1720.1	8.61951
1722.71	-3.35972
1725.31	2.66127
1727.91	22.6825
1730.51	0.704004
1733.1	-3.27427
1735.7	16.7477
1738.3	4.76994
1740.89	2.7924
1743.49	-1.18488
1746.08	22.8381
1748.67	8.8613
1751.26	10.8848
1753.86	12.9085
1756.45	4.93245
1759.03	12.9567
1761.62	6.98116
1764.21	25.0059
1766.8	7.03087
1769.38	9.05611
1771.97	17.0816
1774.55	11.1074
1777.13	13.1334
1779.71	7.15972
1782.29	13.1863
1784.87	3.21307
1787.45	7.24016
1790.03	19.2675
1792.61	-0.704893
1795.18	5.32297
1797.76	19.3511
1800.33	15.3795
1802.9	17.4082
1805.48	19.4372
1808.05	9.46639
1810.62	25.4959
1813.19	-4.47434
1815.76	7.55571
1818.33	7.58604
1820.89	17.6166
1823.46	9.64751
1826.02	23.6787
1828.59	9.71009
1831.15	-4.25821
1833.71	7.7738
1836.27	19.8061
1838.84	-6.16137
1841.39	-0.128536
1843.95	19.9046
1846.51	3.938
1849.07	15.9717
1851.62	14.0057
1854.18	4.03994
1856.73	14.0745
1859.29	6.10935
1861.84	2.14448
1864.39	24.1799
1866.94	14.2156
1869.49	4.25165
1872.04	22.288
1874.59	6.32456
1877.13	22.3615
1879.68	-7.60136
1882.22	16.4361
1884.77	14.4739
1887.31	2.51202
1889.85	8.55042
1892.39	12.5891
1894.93	8.62808
1897.47	8.6674
1900.01	24.707
1902.55	16.7469
1905.09	2.7871
1907.62	4.82761
1910.16	6.86841
1912.69	10.9095
1915.22	10.951
1917.76	14.9927
1920.29	15.0348
1922.82	15.0771
1925.35	17.1198
1927.88	9.16281
1930.4	17.2061
1932.93	3.24971
1935.46	1.29364
1937.98	7.33789
1940.51	13.3825
1943.03	21.4273
1945.55	9.47252
1948.07	-4.48195
1950.59	13.5639
1953.11	15.61
1955.63	17.6565
1958.15	21.7033
1960.67	11.7504
1963.18	1.79785
1965.7	17.8456
1968.21	3.89372
1970.73	19.9421
1973.24	17.9909
1975.75	18.0399
1978.26	20.0894
1980.77	12.1391
1983.28	14.1892
1985.79	2.23954
1988.29	8.29025
1990.8	-3.65867
1993.31	-3.60728
1995.81	18.4444
1998.31	14.4965
