100.093	16.2363
103.274	12.2931
106.457	10.3495
109.636	16.4057
112.817	10.4616
115.994	14.5171
119.172	18.5724
122.347	4.62743
125.521	-1.31787
128.696	10.7366
131.868	10.7907
135.039	10.8445
138.209	2.89807
141.379	2.95137
144.547	19.0044
147.713	-10.9429
150.879	23.1095
154.043	1.16161
157.206	15.2135
160.368	1.26505
163.529	13.3163
166.689	9.36737
169.848	1.41812
173.006	13.4686
176.163	13.5188
179.316	9.56869
182.471	3.61834
185.625	11.6677
188.777	3.71683
191.927	3.76564
195.077	17.8142
198.224	17.8625
201.372	-6.08947
204.52	11.9583
207.664	2.00577
210.809	2.05301
213.95	14.1
217.091	26.1466
220.233	10.1931
223.372	8.23926
226.509	0.285166
229.648	12.3308
232.784	10.3762
235.918	16.4214
239.051	16.4662
242.186	24.5109
245.317	16.5552
248.447	2.59934
251.577	2.6432
254.705	2.6868
257.832	10.7302
260.958	20.7733
264.083	16.8161
267.204	12.8587
270.327	18.901
273.449	8.94315
276.57	16.985
279.69	5.02663
282.806	-2.93202
285.924	13.1091
289.04	13.15
292.154	-8.80939
295.268	11.231
298.379	11.2712
301.492	19.3111
304.601	5.35074
307.711	9.39019
310.818	-2.57063
313.924	23.4683
317.031	7.50707
320.135	7.54555
323.238	17.5838
326.34	17.6218
329.443	11.6596
332.543	15.6972
335.642	19.7345
338.74	23.7716
341.836	17.8085
344.932	1.84509
348.027	23.8815
351.12	17.9177
354.213	19.9536
357.302	25.9894
360.393	-1.97513
363.482	24.0602
366.57	4.09522
369.656	8.13005
372.742	12.1647
375.827	-1.80092
378.91	12.2332
381.993	16.2672
385.073	2.30094
388.154	6.33448
391.232	8.36778
394.311	0.400885
397.387	16.4338
400.462	18.4664
403.536	12.4989
406.611	16.5311
409.683	6.56314
412.754	2.59495
415.824	14.6266
418.893	-3.34205
421.961	16.6891
425.027	6.72012
428.093	8.75089
431.158	0.781464
434.222	12.8118
437.284	8.84199
440.346	22.872
443.407	-11.0983
446.464	0.931247
449.523	18.9606
452.581	20.9898
455.635	23.0187
458.691	23.0475
461.743	19.076
464.797	3.10436
467.847	7.13251
470.899	11.1605
473.947	5.18824
476.994	1.21581
480.043	-2.7568
483.088	13.2704
486.133	15.2974
489.176	17.3242
492.22	9.35081
495.262	15.3772
498.302	3.40346
501.341	3.4295
504.38	17.4554
507.417	17.481
510.453	15.5065
513.487	15.5318
516.521	13.5569
519.554	-0.418137
522.586	1.60662
525.616	13.6312
528.646	-0.344438
531.675	1.67977
534.701	21.7038
537.729	1.72764
540.753	9.7513
543.778	3.7748
546.8	13.7981
549.821	19.8212
552.844	13.8442
555.863	11.867
558.881	5.88958
561.898	9.91202
564.916	7.93429
567.932	11.9564
570.946	9.9783
573.959	6.00005
576.971	18.0216
579.982	6.04304
582.993	8.06429
586	4.08535
589.008	-1.89374
592.015	6.127
595.022	2.14758
598.025	14.168
601.029	6.18824
604.032	8.20832
607.033	10.2282
610.034	0.248001
613.032	12.2676
616.032	-3.71296
619.028	-1.69369
622.023	10.3254
625.018	6.34437
628.013	6.36318
631.005	8.38182
633.997	8.40031
636.987	-3.58136
639.977	0.436815
642.965	-13.5452
645.952	4.4727
648.939	14.4904
651.924	14.508
654.909	10.5254
657.892	24.5427
660.873	6.55976
663.854	2.57672
666.835	14.5935
669.813	10.6102
672.791	8.62671
675.767	6.64308
678.743	14.6593
681.717	16.6754
684.692	0.691315
687.664	14.7071
690.634	8.72274
693.606	4.73825
696.575	6.75361
699.543	12.7688
702.51	18.7839
705.475	-3.20117
708.44	10.8136
711.404	8.82829
714.367	10.8428
717.329	16.8572
720.29	12.8714
723.25	6.88555
726.207	-1.10048
729.166	14.9134
732.123	2.92707
735.077	6.94064
738.032	10.9541
740.984	12.9674
743.938	6.98056
746.888	8.9936
749.839	-2.99348
752.788	7.0193
755.735	15.032
758.682	9.04448
761.627	7.05687
764.574	-4.93085
767.517	11.0813
770.46	19.0933
773.402	11.1052
776.342	15.117
779.282	15.1286
782.219	15.1401
785.157	23.1515
788.094	9.16281
791.029	1.17397
793.962	11.185
796.896	5.19592
799.828	17.2067
802.76	3.21739
805.689	5.22794
808.619	3.23839
811.546	9.24871
814.473	19.2589
817.4	7.26901
820.324	11.279
823.248	3.28884
826.17	13.2986
829.092	15.3082
832.012	7.31774
834.932	5.32715
837.851	11.3364
840.768	13.3456
843.685	17.3547
846.599	21.3637
849.514	1.37253
852.428	25.3813
855.339	13.3899
858.251	23.3985
861.16	35.4069
864.07	13.4152
866.978	9.42341
869.884	11.4315
872.792	21.4395
875.696	7.44743
878.599	-4.54477
881.502	7.46293
884.404	19.4705
887.304	19.478
890.204	9.48541
893.103	11.4927
896.001	5.49989
898.898	3.50699
901.794	17.514
904.689	3.52088
907.581	7.52768
910.474	3.53438
913.364	9.54099
916.256	11.5475
919.144	1.55392
922.034	-6.43975
924.92	11.5665
927.808	5.57261
930.693	9.57865
933.576	21.5846
936.459	9.59046
939.341	-4.40377
942.222	3.60191
945.102	17.6075
947.981	9.613
950.859	7.61841
953.737	3.62374
956.613	15.629
959.488	9.63412
962.361	7.63918
965.235	11.6442
968.105	7.64905
970.977	11.6539
973.846	13.6586
976.716	11.6632
979.583	5.66778
982.449	7.67225
985.316	3.67664
988.18	15.681
991.043	-4.31482
993.906	13.6893
996.767	19.6934
999.628	13.6974
1002.49	3.70131
1005.35	23.7051
1008.2	5.7089
1011.06	9.71257
1013.91	3.71618
1016.77	21.7197
1019.62	11.7232
1022.48	13.7265
1025.33	9.72984
1028.18	23.7331
1031.03	-0.263778
1033.87	3.7393
1036.72	17.7423
1039.57	9.74526
1042.41	23.7481
1045.26	7.75092
1048.1	15.7537
1050.94	3.75631
1053.78	17.7589
1056.62	13.7614
1059.46	1.76387
1062.3	17.7663
1065.14	1.76858
1067.97	1.77083
1070.81	7.77302
1073.64	27.7751
1076.47	11.7772
1079.31	11.7792
1082.14	17.7811
1084.97	15.783
1087.8	13.7848
1090.63	3.78653
1093.45	13.7882
1096.28	3.78983
1099.1	9.79138
1101.93	9.79288
1104.75	9.79432
1107.57	15.7957
1110.39	7.79702
1113.21	7.79828
1116.03	9.79949
1118.85	11.8006
1121.66	5.80172
1124.48	7.80276
1127.3	-0.196262
1130.11	3.80466
1132.92	15.8055
1135.73	-8.19365
1138.54	13.8071
1141.35	13.8078
1144.16	29.8085
1146.97	-2.19092
1149.78	11.8096
1152.58	9.81013
1155.39	5.81059
1158.19	-12.189
1161	17.8113
1163.8	11.8116
1166.6	-0.188107
1169.4	1.8121
1172.2	7.81226
1174.99	-0.187633
1177.79	11.8124
1180.59	3.81245
1183.38	1.81242
1186.17	3.81235
1188.97	-0.187772
1191.76	1.81207
1194.55	-4.18814
1197.34	-10.1884
1200.13	17.8113
1202.92	9.81098
1205.7	-2.18939
1208.49	3.81019
1211.27	15.8097
1214.06	5.80923
1216.84	19.8087
1219.62	11.8081
1222.4	15.8075
1225.18	7.80683
1227.96	9.80614
1230.74	7.8054
1233.51	17.8046
1236.29	1.80383
1239.06	-0.197017
1241.84	25.8021
1244.61	9.80119
1247.38	5.80024
1250.15	7.79926
1252.92	5.79824
1255.69	13.7972
1258.46	13.7961
1261.23	17.795
1263.99	1.79384
1266.76	-0.207346
1269.52	-6.20856
1272.28	1.7902
1275.05	-6.21108
1277.81	7.78762
1280.57	19.7863
1283.33	5.78493
1286.08	7.78354
1288.84	15.7821
1291.6	23.7807
1294.35	17.7792
1297.11	3.7777
1299.86	17.7762
1302.61	15.7746
1305.36	11.773
1308.11	13.7714
1310.86	21.7698
1313.61	3.76815
1316.36	3.76648
1319.1	5.76478
1321.85	9.76306
1324.59	7.76131
1327.33	21.7595
1330.08	11.7578
1332.82	7.75595
1335.56	-0.245882
1338.3	5.75227
1341.04	5.7504
1343.77	5.74851
1346.51	7.7466
1349.25	17.7447
1351.98	9.74273
1354.71	25.7408
1357.45	11.7388
1360.18	1.73679
1362.91	5.73477
1365.64	5.73275
1368.37	13.7307
1371.09	3.72864
1373.82	-0.273435
1376.54	15.7245
1379.27	19.7224
1381.99	1.72026
1384.72	9.71813
1387.44	-6.28402
1390.16	13.7138
1392.88	15.7117
1395.6	1.70948
1398.31	19.7073
1401.03	-4.2949
1403.75	17.7029
1406.46	7.70067
1409.18	-2.30156
1411.89	9.6962
1414.6	13.694
1417.31	-2.3083
1420.02	7.68943
1422.73	9.68716
1425.44	1.68489
1428.15	-0.317397
1430.85	17.6803
1433.56	7.67802
1436.26	11.6757
1438.97	17.6734
1441.67	5.6711
1444.37	5.66878
1447.07	19.6665
1449.77	3.66414
1452.47	17.6618
1455.16	1.65949
1457.86	3.65716
1460.56	5.65483
1463.25	7.6525
1465.94	1.65016
1468.64	15.6478
1471.33	15.6455
1474.02	7.64316
1476.71	1.64082
1479.4	-2.36151
1482.09	3.63615
1484.77	-0.366176
1487.46	5.63149
1490.14	11.6292
1492.83	17.6268
1495.51	-2.37548
1498.19	15.6222
1500.87	13.6199
1503.55	19.6176
1506.23	3.61528
1508.91	15.613
1511.59	3.61069
1514.27	-2.3916
1516.94	-0.39388
1519.62	5.60384
1522.29	-14.3984
1524.96	11.5993
1527.63	17.5971
1530.3	19.5948
1532.97	5.59258
1535.64	-0.409648
1538.31	19.5881
1540.98	21.5859
1543.64	11.5837
1546.31	13.5815
1548.97	7.57936
1551.63	9.57719
1554.3	-0.424968
1556.96	23.5729
1559.62	19.5708
1562.28	-2.43136
1564.94	21.5665
1567.59	11.5644
1570.25	-8.43765
1572.9	9.56029
1575.56	9.55823
1578.21	-4.4438
1580.86	17.5542
1583.52	9.55216
1586.17	13.5502
1588.82	7.54819
1591.47	-0.453766
1594.11	17.5443
1596.76	5.54236
1599.41	5.54045
1602.05	-4.46144
1604.69	15.5367
1607.34	3.53483
1609.98	23.533
1612.62	19.5312
1615.26	7.52938
1617.9	3.52761
1620.54	13.5258
1623.18	5.52411
1625.81	17.5224
1628.45	13.5207
1631.08	9.51902
1633.72	9.51737
1636.35	19.5157
1638.98	-2.48586
1641.61	3.51255
1644.24	-0.489011
1646.87	3.50945
1649.5	-0.492063
1652.13	-6.49355
1654.75	5.50498
1657.38	3.50354
1660	17.5021
1662.63	19.5007
1665.25	13.4994
1667.87	17.498
1670.49	11.4967
1673.11	27.4954
1675.73	1.49418
1678.35	15.493
1680.96	5.49175
1683.58	5.49058
1686.19	9.48943
1688.81	11.4883
1691.42	-0.512774
1694.03	-6.51383
1696.64	5.48514
1699.25	9.48414
1701.87	27.4832
1704.47	9.48224
1707.08	11.4813
1709.69	7.48045
1712.29	17.4796
1714.9	13.4788
1717.5	11.478
1720.1	19.4773
1722.71	5.47656
1725.31	1.47588
1727.91	17.4752
1730.51	19.4746
1733.1	13.474
1735.7	3.4735
1738.3	15.473
1740.89	1.47252
1743.49	9.47208
1746.08	1.47167
1748.67	15.4713
1751.26	7.47098
1753.86	23.4707
1756.45	7.47042
1759.03	3.4702
1761.62	-2.52998
1764.21	19.4699
1766.8	15.4698
1769.38	7.4697
1771.97	1.46967
1774.55	5.46968
1777.13	17.4697
1779.71	9.46982
1782.29	3.46995
1784.87	3.47012
1787.45	5.47033
1790.03	11.4706
1792.61	15.4709
1795.18	5.4712
1797.76	-4.52842
1800.33	3.47199
1802.9	7.47245
1805.48	19.473
1808.05	7.4735
1810.62	7.47409
1813.19	15.4747
1815.76	11.4754
1818.33	7.47611
1820.89	11.4769
1823.46	7.47768
1826.02	5.47853
1828.59	-4.52057
1831.15	3.48038
1833.71	19.4814
1836.27	15.4824
1838.84	15.4835
1841.39	15.4846
1843.95	15.4858
1846.51	13.487
1849.07	13.4883
1851.62	1.48959
1854.18	11.491
1856.73	5.49237
1859.29	3.49383
1861.84	17.4953
1864.39	3.4969
1866.94	9.49852
1869.49	11.5002
1872.04	5.50188
1874.59	13.5036
1877.13	7.50545
1879.68	9.50731
1882.22	15.5092
1884.77	9.51119
1887.31	-10.4868
1889.85	13.5153
1892.39	5.51739
1894.93	1.51956
1897.47	9.52178
1900.01	7.52406
1902.55	11.5264
1905.09	11.5288
1907.62	3.53121
1910.16	1.5337
1912.69	13.5362
1915.22	-4.46116
1917.76	7.54149
1920.29	5.5442
1922.82	-0.453032
1925.35	1.54979
1927.88	11.5527
1930.4	9.5556
1932.93	3.55858
1935.46	-4.43837
1937.98	3.56473
1940.51	15.5679
1943.03	3.57111
1945.55	29.5744
1948.07	11.5777
1950.59	-0.418899
1953.11	17.5846
1955.63	13.5881
1958.15	13.5916
1960.67	7.59525
1963.18	-0.40107
1965.7	3.60267
1968.21	7.60648
1970.73	-10.3897
1973.24	13.6143
1975.75	11.6182
1978.26	9.6223
1980.77	1.6264
1983.28	7.63057
1985.79	5.6348
1988.29	11.6391
1990.8	1.64345
1993.31	21.6479
1995.81	19.6523
1998.31	-2.34312
