100.093	11.1024
103.274	15.1351
106.457	15.1679
109.636	3.20066
112.817	3.23344
115.994	17.2662
119.172	-8.70101
122.347	5.33177
125.521	17.3646
128.696	11.3974
131.868	27.4302
135.039	13.463
138.209	7.49576
141.379	19.5286
144.547	17.5614
147.713	7.5942
150.879	3.62701
154.043	11.6598
157.206	13.6926
160.368	7.72544
163.529	-6.24175
166.689	17.7911
169.848	7.82387
173.006	15.8567
176.163	15.8895
179.316	11.9223
182.471	5.95505
185.625	11.9878
188.777	8.02064
191.927	4.0534
195.077	-1.91383
198.224	4.11892
201.372	8.15169
204.52	-1.81555
207.664	18.2172
210.809	-3.75008
213.95	0.282628
217.091	10.3153
220.233	-1.65195
223.372	8.38073
226.509	18.4134
229.648	12.4461
232.784	2.47873
235.918	4.51137
239.051	2.54399
242.186	20.5766
245.317	2.60923
248.447	8.64181
251.577	8.67438
254.705	0.706936
257.832	8.73948
260.958	10.772
264.083	22.8045
267.204	12.837
270.327	8.86945
273.449	18.9019
276.57	-3.06566
279.69	14.9668
282.806	22.9991
285.924	1.03151
289.04	-0.936126
292.154	19.0962
295.268	13.1285
298.379	21.1608
301.492	11.1931
304.601	13.2253
307.711	29.2575
310.818	3.28969
313.924	3.32185
317.031	7.35401
320.135	-0.613881
323.238	5.4182
326.34	13.4503
329.443	19.4823
332.543	3.51432
335.642	5.5463
338.74	5.57825
341.836	11.6102
344.932	9.64207
348.027	13.6739
351.12	1.70577
354.213	21.7376
357.302	13.7693
360.393	5.80107
363.482	11.8328
366.57	7.86447
369.656	23.8961
372.742	3.92772
375.827	-16.0407
378.91	3.99083
381.993	16.0224
385.073	6.05381
388.154	0.0852596
391.232	0.116651
394.311	8.14803
397.387	12.1793
400.462	10.2106
403.536	14.2419
406.611	2.27311
409.683	-3.69572
412.754	-3.66458
415.824	18.3665
418.893	8.39757
421.961	14.4286
425.027	28.4596
428.093	2.4905
431.158	8.52139
434.222	-5.44775
437.284	4.58306
440.346	10.6138
443.407	-3.35544
446.464	2.67522
449.523	-3.29414
452.581	6.73646
455.635	12.767
458.691	2.7975
461.743	-3.17205
464.797	14.8584
467.847	8.88872
470.899	8.91904
473.947	0.949304
476.994	-1.02048
480.043	7.0097
483.088	7.03982
486.133	17.0699
489.176	-0.900091
492.22	7.1299
495.262	5.15982
498.302	-4.81031
501.341	19.2195
504.38	5.24929
507.417	9.27901
510.453	-0.691325
513.487	17.3383
516.521	13.3678
519.554	13.3973
522.586	11.4268
525.616	-4.54381
528.646	-0.51446
531.675	3.51484
534.701	-2.45594
537.729	9.57325
540.753	-0.397644
543.778	-2.36857
546.8	5.66043
549.821	17.6894
552.844	-4.28172
555.863	13.7471
558.881	11.7759
561.898	-0.19541
564.916	11.8333
567.932	13.8619
570.946	-6.10961
573.959	3.91887
576.971	-2.05272
579.982	3.97564
582.993	20.0039
586	-1.96785
589.008	8.06032
592.015	2.08843
595.022	4.11648
598.025	-3.85556
601.029	10.1724
604.032	2.20022
607.033	8.22799
610.034	-1.74428
613.032	-3.71663
616.032	12.311
619.028	6.33848
622.023	10.3659
625.018	-1.60668
628.013	18.4207
631.005	4.4479
633.997	4.47509
636.987	6.5022
639.977	12.5293
642.965	16.5562
645.952	2.58314
648.939	4.60998
651.924	6.63675
654.909	0.663457
657.892	10.6901
660.873	18.7166
663.854	0.743126
666.835	10.7695
669.813	0.795877
672.791	14.8222
675.767	2.84834
678.743	10.8745
681.717	14.9005
684.692	-5.0735
687.664	16.9524
690.634	-1.02179
693.606	13.004
696.575	3.02965
699.543	9.05525
702.51	-2.91923
705.475	21.1062
708.44	3.13158
711.404	-4.84312
714.367	17.1821
717.329	17.2072
720.29	3.23229
723.25	9.25728
726.207	19.2822
729.166	13.307
732.123	9.33174
735.077	13.3564
738.032	17.381
740.984	1.40548
743.938	19.4299
746.888	7.45424
749.839	5.47851
752.788	11.5027
755.735	9.52677
758.682	13.5508
761.627	15.5747
764.574	3.59857
767.517	15.6223
770.46	15.646
773.402	19.6696
776.342	13.6931
779.282	5.71654
782.219	9.73986
785.157	31.7631
788.094	3.78629
791.029	11.8094
793.962	1.83236
796.896	3.85528
799.828	-2.12191
802.76	1.90083
805.689	13.9235
808.619	21.946
811.546	15.9685
814.473	9.99088
817.4	18.0132
820.324	24.0354
823.248	8.0575
826.17	8.07952
829.092	-7.89854
832.012	6.1233
834.932	22.1451
837.851	2.16671
840.768	20.1883
843.685	20.2098
846.599	12.2311
849.514	6.25244
852.428	26.2736
855.339	16.2947
858.251	-7.68423
861.16	22.3367
864.07	14.3575
866.978	14.3782
869.884	6.39888
872.792	14.4194
875.696	16.4399
878.599	12.4602
881.502	4.48048
884.404	22.5006
887.304	4.52071
890.204	20.5407
893.103	6.56055
896.001	18.5803
898.898	0.600008
901.794	10.6196
904.689	8.63908
907.581	12.6585
910.474	10.6777
913.364	6.69692
916.256	18.716
919.144	10.735
922.034	10.7539
924.92	0.772674
927.808	12.7914
930.693	10.81
933.576	-7.17156
936.459	6.84682
939.341	6.8651
942.222	2.88328
945.102	4.90136
947.981	8.91934
950.859	10.9372
953.737	14.955
956.613	12.9727
959.488	18.9902
962.361	-0.992311
965.235	9.02505
968.105	13.0423
970.977	1.05945
973.846	13.0765
976.716	3.09344
979.583	3.11027
982.449	17.127
985.316	27.1436
988.18	15.1601
991.043	1.17655
993.906	15.1929
996.767	7.20905
999.628	27.2251
1002.49	7.24113
1005.35	7.25701
1008.2	11.2728
1011.06	-0.711574
1013.91	11.304
1016.77	9.31943
1019.62	5.33475
1022.48	-2.65002
1025.33	31.3651
1028.18	9.3801
1031.03	9.39499
1033.87	15.4098
1036.72	3.42445
1039.57	5.43901
1042.41	7.45346
1045.26	15.4678
1048.1	3.48203
1050.94	11.4961
1053.78	9.51015
1056.62	13.524
1059.46	7.53783
1062.3	5.5515
1065.14	9.56505
1067.97	9.57849
1070.81	23.5918
1073.64	23.605
1076.47	15.6181
1079.31	-0.368883
1082.14	15.644
1084.97	9.65675
1087.8	11.6694
1090.63	-8.31809
1093.45	17.6943
1096.28	13.7066
1099.1	15.7188
1101.93	11.7309
1104.75	-4.2572
1107.57	13.7546
1110.39	17.7663
1113.21	1.77793
1116.03	-2.21059
1118.85	5.80077
1121.66	11.812
1124.48	7.82314
1127.3	-4.16586
1130.11	-8.15497
1132.92	1.8558
1135.73	7.86644
1138.54	5.87697
1141.35	21.8874
1144.16	9.89767
1146.97	13.9078
1149.78	11.9179
1152.58	17.9278
1155.39	11.9376
1158.19	-8.05268
1161	13.9569
1163.8	3.96632
1166.6	9.97565
1169.4	7.98486
1172.2	5.99393
1174.99	8.00289
1177.79	10.0117
1180.59	26.0204
1183.38	12.029
1186.17	10.0375
1188.97	-1.95416
1191.76	16.0541
1194.55	22.0621
1197.34	10.0701
1200.13	4.07797
1202.92	-3.91431
1205.7	20.0933
1208.49	8.10076
1211.27	20.1081
1214.06	14.1153
1216.84	20.1224
1219.62	16.1294
1222.4	4.13624
1225.18	-3.85704
1227.96	-1.85045
1230.74	2.15602
1233.51	6.16236
1236.29	14.1686
1239.06	6.17466
1241.84	10.1806
1244.61	2.18645
1247.38	16.1921
1250.15	4.19772
1252.92	8.20317
1255.69	4.20848
1258.46	10.2137
1261.23	12.2187
1263.99	4.22366
1266.76	10.2285
1269.52	12.2331
1272.28	12.2377
1275.05	14.2421
1277.81	14.2464
1280.57	-7.74948
1283.33	8.25454
1286.08	20.2584
1288.84	-1.7378
1291.6	6.26582
1294.35	4.26932
1297.11	8.27269
1299.86	12.2759
1302.61	10.279
1305.36	8.28199
1308.11	6.28483
1310.86	4.28754
1313.61	8.29011
1316.36	6.29255
1319.1	4.29486
1321.85	2.29703
1324.59	12.2991
1327.33	-7.69902
1330.08	16.3028
1332.82	6.30439
1335.56	18.3059
1338.3	4.30727
1341.04	14.3085
1343.77	22.3096
1346.51	6.31057
1349.25	12.3114
1351.98	-3.6879
1354.71	6.31266
1357.45	2.31308
1360.18	26.3134
1362.91	24.3135
1365.64	10.3135
1368.37	4.31343
1371.09	24.3132
1373.82	-1.68722
1376.54	4.31225
1379.27	10.3116
1381.99	24.3108
1384.72	10.3098
1387.44	-1.69124
1390.16	2.30754
1392.88	14.3062
1395.6	4.30469
1398.31	4.30306
1401.03	-3.69871
1403.75	12.2994
1406.46	2.29734
1409.18	4.29515
1411.89	10.2928
1414.6	12.2904
1417.31	10.2878
1420.02	16.285
1422.73	-3.71787
1425.44	12.2791
1428.15	8.27594
1430.85	-1.72736
1433.56	6.26919
1436.26	16.2656
1438.97	10.2619
1441.67	-3.74199
1444.37	6.25401
1447.07	8.24986
1449.77	12.2456
1452.47	-5.75887
1455.16	18.2366
1457.86	12.2318
1460.56	-1.77302
1463.25	12.222
1465.94	20.2168
1468.64	14.2115
1471.33	16.2061
1474.02	2.20055
1476.71	20.1948
1479.4	10.189
1482.09	6.18297
1484.77	24.1768
1487.46	6.17053
1490.14	-5.8359
1492.83	22.1575
1495.51	4.1508
1498.19	12.1439
1500.87	-1.86307
1503.55	22.1298
1506.23	2.12247
1508.91	8.11502
1511.59	-1.89257
1514.27	2.0997
1516.94	6.09182
1519.62	0.083788
1522.29	2.07562
1524.96	6.0673
1527.63	22.0588
1530.3	-15.9498
1532.97	14.0415
1535.64	4.03256
1538.31	8.02351
1540.98	10.0143
1543.64	-5.99503
1546.31	11.9955
1548.97	17.9858
1551.63	5.97606
1554.3	15.9661
1556.96	15.956
1559.62	3.94582
1562.28	25.9354
1564.94	13.9249
1567.59	11.9142
1570.25	7.90343
1572.9	23.8925
1575.56	-0.118664
1578.21	11.8701
1580.86	5.85866
1583.52	1.84709
1586.17	19.8354
1588.82	11.8235
1591.47	9.8115
1594.11	17.7993
1596.76	15.787
1599.41	-0.225428
1602.05	13.762
1604.69	15.7492
1607.34	15.7363
1609.98	13.7232
1612.62	17.71
1615.26	7.69664
1617.9	9.68313
1620.54	17.6695
1623.18	9.65565
1625.81	17.6417
1628.45	17.6276
1631.08	7.6133
1633.72	7.59888
1636.35	-4.4157
1638.98	5.56958
1641.61	11.5547
1644.24	13.5397
1646.87	9.52449
1649.5	11.5092
1652.13	7.49367
1654.75	3.47803
1657.38	9.46224
1660	-8.55371
1662.63	19.4302
1665.25	21.4139
1667.87	9.39754
1670.49	1.38099
1673.11	9.36428
1675.73	11.3474
1678.35	1.3304
1680.96	13.3132
1683.58	13.2959
1686.19	15.2784
1688.81	19.2608
1691.42	3.24301
1694.03	21.2251
1696.64	19.207
1699.25	21.1887
1701.87	21.1703
1704.47	-2.84825
1707.08	17.133
1709.69	9.11416
1712.29	3.09514
1714.9	9.07596
1717.5	17.0566
1720.1	1.03713
1722.71	-8.98252
1725.31	22.9977
1727.91	16.9777
1730.51	22.9576
1733.1	10.9373
1735.7	10.9169
1738.3	14.8963
1740.89	8.87559
1743.49	2.85469
1746.08	0.83364
1748.67	10.8124
1751.26	10.7911
1753.86	10.7695
1756.45	4.74786
1759.03	8.72603
1761.62	10.704
1764.21	12.6819
1766.8	16.6596
1769.38	24.6371
1771.97	24.6145
1774.55	6.5917
1777.13	20.5688
1779.71	8.54566
1782.29	8.52241
1784.87	10.499
1787.45	26.4754
1790.03	10.4517
1792.61	22.4278
1795.18	16.4038
1797.76	4.37954
1800.33	12.3552
1802.9	4.33066
1805.48	4.30598
1808.05	4.28114
1810.62	-3.74386
1813.19	-1.76902
1815.76	8.20565
1818.33	16.1802
1820.89	-1.84548
1823.46	4.12874
1826.02	28.1028
1828.59	-3.92334
1831.15	22.0504
1833.71	4.02393
1836.27	-6.00266
1838.84	11.9706
1841.39	13.9437
1843.95	5.91659
1846.51	15.8893
1849.07	5.86196
1851.62	-2.16561
1854.18	1.80666
1856.73	11.7788
1859.29	-2.24926
1861.84	-2.27746
1864.39	13.6942
1866.94	7.66564
1869.49	19.637
1872.04	-4.39189
1874.59	1.5791
1877.13	-0.450079
1879.68	1.5206
1882.22	3.4911
1884.77	13.4614
1887.31	9.43163
1889.85	-0.598361
1892.39	11.3715
1894.93	3.34121
1897.47	15.3107
1900.01	11.2801
1902.55	1.24931
1905.09	13.2184
1907.62	9.18723
1910.16	11.156
1912.69	21.1245
1915.22	9.09291
1917.76	5.06116
1920.29	13.0292
1922.82	14.9971
1925.35	12.9649
1927.88	2.93245
1930.4	12.8999
1932.93	16.8671
1935.46	6.83421
1937.98	14.8011
1940.51	6.7679
1943.03	10.7345
1945.55	0.700943
1948.07	12.6672
1950.59	12.6333
1953.11	2.59926
1955.63	12.565
1958.15	14.5307
1960.67	6.49612
1963.18	6.46141
1965.7	6.42654
1968.21	-7.6085
1970.73	0.356288
1973.24	4.32091
1975.75	10.2854
1978.26	20.2497
1980.77	10.2138
1983.28	6.17779
1985.79	6.14161
1988.29	8.10526
1990.8	-1.93129
1993.31	16.032
1995.81	-6.00483
1998.31	1.95818
