100.093	20.0968
103.274	14.167
106.457	12.2369
109.636	20.3063
112.817	12.3753
115.994	4.44389
119.172	2.5121
122.347	12.5799
125.521	22.6472
128.696	12.7142
131.868	14.7808
135.039	8.8469
138.209	22.9126
141.379	6.97802
144.547	1.04296
147.713	1.1075
150.879	11.1716
154.043	9.2354
157.206	19.2988
160.368	17.3617
163.529	5.42429
166.689	-2.51353
169.848	-4.45174
173.006	13.6097
176.163	9.67069
179.316	3.73129
182.471	31.7915
185.625	17.8514
188.777	3.9109
191.927	13.97
195.077	10.0287
198.224	8.08702
201.372	24.145
204.52	14.2026
207.664	20.2598
210.809	12.3167
213.95	0.373106
217.091	18.4292
220.233	18.4849
223.372	6.54029
226.509	18.5953
229.648	-1.35007
232.784	12.7042
235.918	-1.24191
239.051	12.8116
242.186	14.8648
245.317	10.9177
248.447	4.97012
251.577	-6.97777
254.705	9.07399
257.832	11.1254
260.958	13.1764
264.083	19.2271
267.204	15.2775
270.327	15.3275
273.449	-4.62286
276.57	17.4265
279.69	9.47542
282.806	3.52402
285.924	11.5723
289.04	3.62026
292.154	9.66783
295.268	19.7151
298.379	7.76201
301.492	7.80861
304.601	23.8548
307.711	7.90078
310.818	17.9464
313.924	7.99159
317.031	4.03654
320.135	24.0811
323.238	12.1254
326.34	24.1693
329.443	22.213
332.543	18.2562
335.642	4.29921
338.74	18.3419
341.836	6.38418
344.932	10.4262
348.027	-11.5321
351.12	4.50926
354.213	2.55032
357.302	18.591
360.393	2.63148
363.482	6.6716
366.57	-1.28858
369.656	0.750897
372.742	18.7901
375.827	-3.17101
378.91	0.867553
381.993	4.90584
385.073	-1.05621
388.154	18.9815
391.232	5.01883
394.311	7.05591
397.387	19.0927
400.462	21.1291
403.536	5.1653
406.611	11.2012
409.683	9.23677
412.754	1.27206
415.824	23.3071
418.893	5.34176
421.961	13.3762
425.027	21.4103
428.093	3.44415
431.158	9.4777
434.222	19.511
437.284	9.54397
440.346	1.57668
443.407	5.6091
446.464	19.6412
449.523	15.6731
452.581	-0.295309
455.635	-0.264015
458.691	7.76703
461.743	15.7978
464.797	9.82827
467.847	-4.14153
470.899	1.88842
473.947	-8.08192
476.994	5.94747
480.043	11.9766
483.088	0.00547662
486.133	4.03407
489.176	18.0624
492.22	14.0905
495.262	8.11829
498.302	4.14584
501.341	4.17312
504.38	16.2002
507.417	20.2269
510.453	6.25343
513.487	10.2797
516.521	4.30568
519.554	22.3314
522.586	2.35693
525.616	6.38216
528.646	22.4072
531.675	8.4319
534.701	-5.54361
537.729	-9.51936
540.753	16.5046
543.778	0.528397
546.8	-1.4481
549.821	8.57516
552.844	8.5982
555.863	12.621
558.881	4.64352
561.898	16.6658
564.916	18.6879
567.932	4.70973
570.946	6.73133
573.959	-1.24731
576.971	24.7738
579.982	14.7947
582.993	2.81538
586	6.8358
589.008	16.856
592.015	6.87598
595.022	10.8957
598.025	4.91525
601.029	-1.06545
604.032	2.95363
607.033	-1.02753
610.034	0.991102
613.032	9.0095
616.032	5.02769
619.028	1.04566
622.023	1.0634
625.018	5.08093
628.013	9.09825
631.005	5.11535
633.997	9.13224
636.987	9.14891
639.977	9.16537
642.965	1.18162
645.952	-0.802341
648.939	9.21349
651.924	5.22912
654.909	7.24453
657.892	13.2597
660.873	15.2747
663.854	5.28955
666.835	5.30415
669.813	13.3185
672.791	-2.66726
675.767	17.3467
678.743	7.36053
681.717	-6.62587
684.692	-0.612467
687.664	1.40074
690.634	3.41374
693.606	3.42656
696.575	-6.56081
699.543	17.4516
702.51	11.4639
705.475	-10.5241
708.44	17.4878
711.404	3.49943
714.367	5.51092
717.329	21.5222
720.29	7.53333
723.25	11.5443
726.207	13.555
729.166	9.56556
732.123	17.5759
735.077	13.5861
738.032	7.59616
740.984	9.606
743.938	17.6157
746.888	17.6251
749.839	9.63446
752.788	11.6436
755.735	5.65255
758.682	25.6613
761.627	3.66995
764.574	3.6784
767.517	15.6867
770.46	17.6948
773.402	25.7027
776.342	7.71048
779.282	13.7181
782.219	21.7255
785.157	23.7328
788.094	3.73989
791.029	13.7468
793.962	5.75361
796.896	9.76024
799.828	13.7667
802.76	23.773
805.689	19.7791
808.619	19.7851
811.546	11.791
814.473	15.7966
817.4	19.8021
820.324	15.8075
823.248	21.8127
826.17	19.8178
829.092	-2.17732
832.012	17.8274
834.932	7.83205
837.851	23.8365
840.768	21.8408
843.685	13.845
846.599	23.849
849.514	-0.147126
852.428	7.8566
855.339	17.8602
858.251	21.8636
861.16	5.86693
864.07	21.8701
866.978	13.8731
869.884	11.876
872.792	9.87875
875.696	11.8814
878.599	7.88382
881.502	-0.11384
884.404	11.8884
887.304	9.89043
890.204	13.8924
893.103	25.8942
896.001	13.8958
898.898	13.8974
901.794	13.8988
904.689	13.9001
907.581	-4.09877
910.474	23.9023
913.364	13.9032
916.256	-4.09606
919.144	25.9046
922.034	3.90512
924.92	-0.0944739
927.808	5.90581
930.693	7.90597
933.576	3.90602
936.459	11.9059
939.341	15.9057
942.222	9.90544
945.102	13.905
947.981	-0.0955388
950.859	7.9038
953.737	13.903
956.613	21.9021
959.488	5.90114
962.361	1.90002
965.235	21.8988
968.105	9.89746
970.977	3.89602
973.846	-0.105532
976.716	3.89281
979.583	17.891
982.449	7.88917
985.316	13.8872
988.18	9.8851
991.043	11.8829
993.906	11.8806
996.767	13.8782
999.628	11.8757
1002.49	13.8731
1005.35	27.8704
1008.2	11.8676
1011.06	33.8648
1013.91	9.86177
1016.77	17.8587
1019.62	9.8555
1022.48	7.85222
1025.33	13.8488
1028.18	21.8454
1031.03	7.84182
1033.87	3.83817
1036.72	13.8344
1039.57	3.8306
1042.41	15.8267
1045.26	13.8227
1048.1	19.8186
1050.94	25.8144
1053.78	13.8101
1056.62	13.8057
1059.46	-0.198702
1062.3	23.7968
1065.14	11.7922
1067.97	9.78746
1070.81	15.7827
1073.64	5.77783
1076.47	-0.227111
1079.31	13.7679
1082.14	15.7628
1084.97	3.75759
1087.8	13.7523
1090.63	3.74701
1093.45	3.7416
1096.28	29.7361
1099.1	9.73057
1101.93	3.72494
1104.75	7.71923
1107.57	15.7135
1110.39	-0.292393
1113.21	11.7017
1116.03	-10.3043
1118.85	7.68964
1121.66	3.68352
1124.48	5.67732
1127.3	15.6711
1130.11	7.66473
1132.92	7.65834
1135.73	-2.34812
1138.54	1.64536
1141.35	13.6388
1144.16	5.63212
1146.97	1.62541
1149.78	9.61863
1152.58	-0.388195
1155.39	21.6049
1158.19	13.598
1161	11.5909
1163.8	17.5839
1166.6	-0.423252
1169.4	5.56956
1172.2	21.5623
1174.99	5.55503
1177.79	1.54768
1180.59	19.5403
1183.38	3.53283
1186.17	7.52532
1188.97	5.51776
1191.76	11.5101
1194.55	3.50249
1197.34	-0.505221
1200.13	11.487
1202.92	9.47921
1205.7	3.47136
1208.49	15.4635
1211.27	3.45551
1214.06	11.4475
1216.84	5.43949
1219.62	-6.56859
1222.4	-8.57672
1225.18	5.41512
1227.96	19.4069
1230.74	1.39866
1233.51	-8.60963
1236.29	5.38204
1239.06	9.37367
1241.84	-2.63474
1244.61	19.3568
1247.38	1.34833
1250.15	-4.66019
1252.92	-4.66874
1255.69	13.3227
1258.46	-6.68596
1261.23	9.30538
1263.99	11.2967
1266.76	13.288
1269.52	19.2792
1272.28	-0.729581
1275.05	3.2616
1277.81	-4.74725
1280.57	5.24387
1283.33	1.23496
1286.08	11.226
1288.84	5.21706
1291.6	3.20807
1294.35	1.19905
1297.11	15.19
1299.86	15.181
1302.61	5.17186
1305.36	3.16275
1308.11	1.15361
1310.86	1.14445
1313.61	11.1353
1316.36	11.1261
1319.1	-2.88316
1321.85	5.1076
1324.59	7.09834
1327.33	13.0891
1330.08	9.07977
1332.82	9.07045
1335.56	17.0611
1338.3	3.05177
1341.04	9.04241
1343.77	17.033
1346.51	7.02364
1349.25	11.0142
1351.98	21.0048
1354.71	14.9954
1357.45	14.9859
1360.18	-1.0235
1362.91	14.967
1365.64	2.95755
1368.37	6.94807
1371.09	4.93858
1373.82	0.929082
1376.54	6.91958
1379.27	18.9101
1381.99	12.9005
1384.72	0.891017
1387.44	10.8815
1390.16	16.872
1392.88	0.862417
1395.6	16.8529
1398.31	22.8433
1401.03	12.8338
1403.75	8.82424
1406.46	8.81468
1409.18	16.8051
1411.89	0.795587
1414.6	-5.21396
1417.31	-5.2235
1420.02	8.76695
1422.73	-1.24259
1425.44	-1.25213
1428.15	-3.26166
1430.85	2.72881
1433.56	-3.28072
1436.26	14.7098
1438.97	14.7002
1441.67	-1.30926
1444.37	6.68125
1447.07	10.6718
1449.77	16.6623
1452.47	12.6528
1455.16	0.643334
1457.86	2.63388
1460.56	16.6244
1463.25	14.615
1465.94	8.60558
1468.64	4.59617
1471.33	8.58678
1474.02	-3.4226
1476.71	24.568
1479.4	2.55867
1482.09	8.54934
1484.77	14.54
1487.46	6.53071
1490.14	8.52142
1492.83	14.5121
1495.51	4.5029
1498.19	2.49366
1500.87	14.4844
1503.55	-3.52475
1506.23	0.466071
1508.91	-7.54308
1511.59	6.44778
1514.27	16.4387
1516.94	10.4296
1519.62	4.42051
1522.29	4.41147
1524.96	6.40245
1527.63	-3.60655
1530.3	12.3845
1532.97	30.3755
1535.64	4.36662
1538.31	-1.64228
1540.98	6.34886
1543.64	8.34002
1546.31	12.3312
1548.97	6.32243
1551.63	10.3137
1554.3	14.305
1556.96	12.2963
1559.62	14.2876
1562.28	-1.72103
1564.94	14.2704
1567.59	12.2618
1570.25	18.2533
1572.9	4.24478
1575.56	2.23631
1578.21	2.22788
1580.86	2.21949
1583.52	14.2111
1586.17	18.2028
1588.82	10.1945
1591.47	6.18626
1594.11	14.178
1596.76	10.1699
1599.41	8.16173
1602.05	6.15364
1604.69	12.1456
1607.34	2.13756
1609.98	4.12958
1612.62	0.121639
1615.26	2.11374
1617.9	4.10589
1620.54	12.0981
1623.18	14.0903
1625.81	10.0826
1628.45	-7.9251
1631.08	2.06727
1633.72	10.0597
1636.35	12.0521
1638.98	22.0446
1641.61	10.0372
1644.24	4.02977
1646.87	14.0224
1649.5	14.0151
1652.13	6.00783
1654.75	4.00061
1657.38	-0.00654981
1660	7.98633
1662.63	-4.02073
1665.25	17.9722
1667.87	5.96529
1670.49	19.9584
1673.11	15.9515
1675.73	25.9447
1678.35	1.93795
1680.96	-2.06875
1683.58	17.9246
1686.19	-0.081986
1688.81	15.9115
1691.42	3.905
1694.03	17.8986
1696.64	1.8922
1699.25	-0.114112
1701.87	5.87963
1704.47	5.87343
1707.08	9.86729
1709.69	1.86121
1712.29	11.8552
1714.9	5.84923
1717.5	21.8433
1720.1	1.83749
1722.71	11.8317
1725.31	-0.174015
1727.91	15.8203
1730.51	19.8147
1733.1	3.8092
1735.7	9.80373
1738.3	5.79832
1740.89	-0.207017
1743.49	-4.21229
1746.08	7.78249
1748.67	5.77735
1751.26	3.77227
1753.86	17.7673
1756.45	5.7623
1759.03	3.75742
1761.62	5.75261
1764.21	5.74787
1766.8	19.7432
1769.38	17.7386
1771.97	3.73404
1774.55	7.72957
1777.13	5.72518
1779.71	5.72085
1782.29	-0.283406
1784.87	5.71241
1787.45	11.7083
1790.03	15.7043
1792.61	7.70029
1795.18	5.69639
1797.76	9.69257
1800.33	-0.311177
1802.9	17.6852
1805.48	5.68155
1808.05	11.678
1810.62	11.6746
1813.19	9.67121
1815.76	3.66792
1818.33	25.6647
1820.89	7.66156
1823.46	11.6585
1826.02	9.65551
1828.59	21.6526
1831.15	19.6498
1833.71	15.647
1836.27	23.6444
1838.84	1.64178
1841.39	21.6393
1843.95	-4.36315
1846.51	1.63451
1849.07	21.6323
1851.62	-0.369929
1854.18	1.62797
1856.73	13.626
1859.29	5.62403
1861.84	-2.37781
1864.39	11.6204
1866.94	-0.381253
1869.49	9.61716
1872.04	-4.38435
1874.59	7.61423
1877.13	15.6129
1879.68	9.61165
1882.22	1.61049
1884.77	13.6094
1887.31	-0.391572
1889.85	23.6075
1892.39	-6.39328
1894.93	7.606
1897.47	3.60537
1900.01	27.6048
1902.55	5.60438
1905.09	21.604
1907.62	15.6038
1910.16	7.60357
1912.69	11.6035
1915.22	7.60349
1917.76	19.6036
1920.29	3.60378
1922.82	3.60407
1925.35	15.6044
1927.88	21.6049
1930.4	-0.394515
1932.93	15.6061
1935.46	15.6069
1937.98	13.6078
1940.51	13.6087
1943.03	1.60974
1945.55	11.6109
1948.07	-4.38788
1950.59	7.61345
1953.11	7.61488
1955.63	5.61641
1958.15	-0.38196
1960.67	13.6198
1963.18	19.6216
1965.7	13.6235
1968.21	13.6255
1970.73	5.62767
1973.24	9.62989
1975.75	9.63222
1978.26	31.6346
1980.77	-2.36283
1983.28	11.6398
1985.79	15.6425
1988.29	15.6454
1990.8	5.64831
1993.31	11.6514
1995.81	-2.3455
1998.31	-0.342255
