100.093	13.9443
103.274	-5.93971
106.457	24.1754
109.636	16.2894
112.817	12.4026
115.994	0.514755
119.172	20.626
122.347	0.736255
125.521	6.84555
128.696	18.954
131.868	19.0614
135.039	9.16788
138.209	7.27344
141.379	1.37814
144.547	17.4819
147.713	-4.41535
150.879	3.68654
154.043	9.78752
157.206	5.88759
160.368	1.98677
163.529	16.085
166.689	8.18244
169.848	-3.72106
173.006	8.37456
176.163	6.46929
179.316	10.5631
182.471	6.65608
185.625	2.7482
188.777	20.8395
191.927	10.9298
195.077	3.01935
198.224	11.108
201.372	5.19582
204.52	1.28282
207.664	19.3689
210.809	1.45425
213.95	17.5387
217.091	11.6223
220.233	11.7051
223.372	15.7871
226.509	11.8682
229.648	17.9486
232.784	14.0281
235.918	0.106863
239.051	16.1848
242.186	18.262
245.317	24.3383
248.447	-1.58618
251.577	24.4886
254.705	14.5626
257.832	4.63574
260.958	0.708165
264.083	4.77981
267.204	18.8506
270.327	6.92077
273.449	0.990131
276.57	21.0587
279.69	9.12659
282.806	7.19365
285.924	-0.739985
289.04	11.3256
292.154	3.39048
295.268	5.45463
298.379	17.518
301.492	-2.41929
304.601	27.6426
307.711	15.7039
310.818	13.7644
313.924	9.82419
317.031	-2.11668
320.135	9.9417
323.238	5.99938
326.34	12.0564
329.443	12.1127
332.543	12.1683
335.642	0.223232
338.74	10.2775
341.836	10.331
344.932	6.38392
348.027	2.43614
351.12	10.4877
354.213	0.53858
357.302	-5.41122
360.393	10.6383
363.482	-1.31273
366.57	12.7355
369.656	-1.21687
372.742	20.8301
375.827	12.8765
378.91	12.9221
381.993	-7.03278
385.073	1.01164
388.154	19.0555
391.232	13.0986
394.311	3.14123
397.387	13.1832
400.462	13.2245
403.536	15.2652
406.611	9.3054
409.683	1.34492
412.754	1.38385
415.824	13.4222
418.893	17.4599
421.961	9.4971
425.027	19.5337
428.093	-0.430312
431.158	-4.39489
434.222	11.64
437.284	17.6743
440.346	25.708
443.407	5.74113
446.464	7.77371
449.523	21.8058
452.581	9.83725
455.635	19.8682
458.691	7.89857
461.743	21.9284
464.797	11.9577
467.847	25.9865
470.899	12.0147
473.947	14.0425
476.994	4.06963
480.043	22.0963
483.088	8.12245
486.133	0.148075
489.176	10.1732
492.22	8.19781
495.262	14.2219
498.302	6.24551
501.341	10.2686
504.38	2.29122
507.417	28.3133
510.453	10.335
513.487	14.3561
516.521	12.3767
519.554	12.3969
522.586	18.4166
525.616	10.4358
528.646	10.4546
531.675	14.4729
534.701	26.4907
537.729	4.50808
540.753	-5.47501
543.778	16.5415
546.8	22.5575
549.821	22.573
552.844	10.5881
555.863	16.6028
558.881	14.617
561.898	-9.36917
564.916	12.6442
567.932	0.657143
570.946	-3.33034
573.959	6.68175
576.971	12.6934
579.982	2.70468
582.993	-1.28447
586	20.726
589.008	10.736
592.015	-5.25438
595.022	0.75485
598.025	16.7637
601.029	0.772113
604.032	-1.21984
607.033	-5.21219
610.034	18.7951
613.032	0.801975
616.032	6.80849
619.028	6.81462
622.023	4.82038
625.018	18.8258
628.013	8.83081
631.005	4.83547
633.997	-3.16023
636.987	20.8437
639.977	28.8473
642.965	2.85055
645.952	6.85344
648.939	12.856
651.924	8.85819
654.909	16.86
657.892	12.8616
660.873	2.86277
663.854	22.8636
666.835	6.86417
669.813	6.86437
672.791	10.8643
675.767	-1.13617
678.743	8.86308
681.717	2.86203
684.692	12.8607
687.664	16.859
690.634	6.857
693.606	26.8547
696.575	-1.14787
699.543	14.8493
702.51	14.8461
705.475	18.8426
708.44	6.83888
711.404	10.8348
714.367	8.83054
717.329	6.82595
720.29	14.8211
723.25	6.81594
726.207	14.8105
729.166	16.8049
732.123	18.7989
735.077	8.79272
738.032	16.7863
740.984	18.7795
743.938	14.7726
746.888	14.7654
749.839	14.7579
752.788	14.7502
755.735	12.7422
758.682	4.73404
761.627	20.7256
764.574	12.7169
767.517	12.708
770.46	14.6989
773.402	8.68958
776.342	18.68
779.282	6.67023
782.219	16.6602
785.157	8.65001
788.094	14.6396
791.029	8.62893
793.962	4.61809
796.896	6.60704
799.828	12.5958
802.76	4.58434
805.689	8.5727
808.619	14.5609
811.546	20.5488
814.473	20.5366
817.4	26.5242
820.324	26.5116
823.248	14.4989
826.17	8.48594
829.092	10.4728
832.012	18.4595
834.932	10.4461
837.851	-3.56752
840.768	-5.58131
843.685	16.4047
846.599	6.39065
849.514	12.3764
852.428	18.362
855.339	6.34742
858.251	16.3327
861.16	12.3179
864.07	24.3029
866.978	20.2877
869.884	24.2725
872.792	6.25703
875.696	0.241494
878.599	14.2258
881.502	2.21002
884.404	4.1941
887.304	12.1781
890.204	8.16188
893.103	2.1456
896.001	18.1292
898.898	28.1127
901.794	8.09605
904.689	20.0793
907.581	12.0625
910.474	6.04555
913.364	8.02852
916.256	16.0114
919.144	3.99416
922.034	7.97683
924.92	21.9594
927.808	1.94191
930.693	15.9243
933.576	-8.09334
936.459	9.88892
939.341	3.87109
942.222	7.85319
945.102	7.83522
947.981	7.81717
950.859	7.79906
953.737	9.78088
956.613	15.7626
959.488	-0.255669
962.361	9.72598
965.235	3.70756
968.105	17.6891
970.977	17.6706
973.846	7.652
976.716	5.63338
979.583	15.6147
982.449	-4.40398
985.316	23.5773
988.18	15.5585
991.043	11.5397
993.906	19.5208
996.767	7.50196
999.628	5.48306
1002.49	3.46413
1005.35	11.4452
1008.2	17.4262
1011.06	-0.592782
1013.91	-4.61179
1016.77	25.3692
1019.62	15.3502
1022.48	9.33111
1025.33	7.31207
1028.18	11.293
1031.03	19.274
1033.87	1.2549
1036.72	5.23584
1039.57	7.21679
1042.41	11.1978
1045.26	27.1787
1048.1	5.1597
1050.94	-0.859311
1053.78	11.1217
1056.62	7.10272
1059.46	13.0838
1062.3	5.06483
1065.14	11.0459
1067.97	11.027
1070.81	19.0082
1073.64	8.98937
1076.47	12.9706
1079.31	12.9518
1082.14	2.93312
1084.97	20.9144
1087.8	10.8958
1090.63	-1.12277
1093.45	10.8587
1096.28	10.8402
1099.1	20.8218
1101.93	12.8034
1104.75	-1.21496
1107.57	-1.23324
1110.39	12.7485
1113.21	6.7304
1116.03	8.7123
1118.85	4.69427
1121.66	2.67633
1124.48	12.6584
1127.3	8.64063
1130.11	2.62288
1132.92	18.6052
1135.73	-1.41236
1138.54	2.57014
1141.35	-7.44728
1144.16	8.53538
1146.97	10.5181
1149.78	4.50097
1152.58	-1.51609
1155.39	4.46693
1158.19	2.45005
1161	-7.56673
1163.8	24.4166
1166.6	10.4
1169.4	4.38352
1172.2	0.367158
1174.99	-5.64911
1177.79	0.334737
1180.59	10.3187
1183.38	12.3028
1186.17	6.28695
1188.97	2.27125
1191.76	4.25568
1194.55	2.24022
1197.34	8.22489
1200.13	10.2097
1202.92	2.19461
1205.7	-3.82033
1208.49	16.1649
1211.27	10.1502
1214.06	2.13563
1216.84	2.12121
1219.62	-5.89305
1222.4	14.0928
1225.18	12.0788
1227.96	6.065
1230.74	-3.9487
1233.51	6.03776
1236.29	22.0244
1239.06	2.01114
1241.84	1.99806
1244.61	11.9851
1247.38	-8.02764
1250.15	5.95977
1252.92	-2.05268
1255.69	5.93504
1258.46	11.9229
1261.23	-10.089
1263.99	9.89923
1266.76	7.88763
1269.52	5.8762
1272.28	3.86496
1275.05	5.85388
1277.81	-2.157
1280.57	-0.167711
1283.33	3.82177
1286.08	7.81143
1288.84	5.80128
1291.6	3.79131
1294.35	5.78154
1297.11	7.77197
1299.86	1.76258
1302.61	5.7534
1305.36	11.7444
1308.11	-0.264379
1310.86	1.72704
1313.61	17.7187
1316.36	-0.28952
1319.1	15.7025
1321.85	13.6948
1324.59	11.6872
1327.33	-0.320123
1330.08	1.67276
1332.82	-0.334145
1335.56	-0.34083
1338.3	7.65271
1341.04	1.64647
1343.77	-2.35955
1346.51	-2.36534
1349.25	15.6291
1351.98	7.62375
1354.71	-4.38135
1357.45	5.61378
1360.18	7.60914
1362.91	9.60473
1365.64	-0.399432
1368.37	-4.40336
1371.09	11.593
1373.82	-4.41048
1376.54	-0.413675
1379.27	1.58337
1381.99	-6.41933
1384.72	-0.421779
1387.44	9.57602
1390.16	9.57407
1392.88	7.57238
1395.6	9.57095
1398.31	3.56977
1401.03	-6.43114
1403.75	5.5682
1406.46	-0.432189
1409.18	5.56769
1411.89	7.56783
1414.6	5.56824
1417.31	17.5689
1420.02	11.5699
1422.73	3.57109
1425.44	-12.4274
1428.15	15.5744
1430.85	5.57643
1433.56	-2.42124
1436.26	19.5814
1438.97	3.58428
1441.67	9.58747
1444.37	7.59094
1447.07	19.5947
1449.77	3.59875
1452.47	9.60309
1455.16	-0.392274
1457.86	1.61266
1460.56	3.61788
1463.25	13.6234
1465.94	15.6292
1468.64	7.63536
1471.33	-0.358219
1474.02	-0.351484
1476.71	-2.34445
1479.4	15.6629
1482.09	-4.32945
1484.77	3.67852
1487.46	1.68679
1490.14	7.69538
1492.83	9.70429
1495.51	-0.286485
1498.19	3.72306
1500.87	9.73291
1503.55	-0.256902
1506.23	7.75361
1508.91	3.76443
1511.59	-0.224407
1514.27	-0.212926
1516.94	3.79888
1519.62	7.81103
1522.29	3.82351
1524.96	7.83632
1527.63	-4.15054
1530.3	1.86294
1532.97	7.87677
1535.64	3.89093
1538.31	5.90543
1540.98	7.92027
1543.64	1.93546
1546.31	9.95099
1548.97	3.96687
1551.63	1.9831
1554.3	-4.00032
1556.96	20.0166
1559.62	2.03389
1562.28	-1.94847
1564.94	20.0695
1567.59	16.0879
1570.25	2.10659
1572.9	4.12566
1575.56	-1.8549
1578.21	6.16488
1580.86	6.18505
1583.52	-5.79442
1586.17	12.2265
1588.82	-1.75226
1591.47	6.26937
1594.11	14.2914
1596.76	18.3138
1599.41	2.3365
1602.05	0.35963
1604.69	12.3831
1607.34	4.40703
1609.98	2.43129
1612.62	0.455946
1615.26	6.48098
1617.9	-1.49361
1620.54	4.5322
1623.18	10.5584
1625.81	14.585
1628.45	14.6119
1631.08	-3.36072
1633.72	16.667
1636.35	2.69517
1638.98	12.7237
1641.61	14.7526
1644.24	8.78198
1646.87	8.81172
1649.5	24.8419
1652.13	0.872385
1654.75	2.90333
1657.38	4.93467
1660	4.96643
1662.63	24.9986
1665.25	19.0312
1667.87	3.06414
1670.49	7.09753
1673.11	7.13133
1675.73	3.16555
1678.35	11.2002
1680.96	-6.76477
1683.58	-0.72932
1686.19	3.30658
1688.81	3.34289
1691.42	1.37961
1694.03	-4.58323
1696.64	9.45434
1699.25	15.4923
1701.87	1.53078
1704.47	13.5696
1707.08	7.60892
1709.69	1.64863
1712.29	9.68879
1714.9	23.7294
1717.5	11.7704
1720.1	-0.188172
1722.71	1.85373
1725.31	13.896
1727.91	3.93883
1730.51	9.98202
1733.1	18.0257
1735.7	22.0698
1738.3	20.1143
1740.89	12.1593
1743.49	2.20473
1746.08	-5.74939
1748.67	18.2969
1751.26	8.3437
1753.86	4.39094
1756.45	4.43864
1759.03	14.4868
1761.62	2.53538
1764.21	8.58441
1766.8	10.6339
1769.38	2.68387
1771.97	28.7343
1774.55	6.78522
1777.13	18.8366
1779.71	4.88839
1782.29	-1.05936
1784.87	16.9934
1787.45	5.04663
1790.03	23.1003
1792.61	-0.845541
1795.18	11.2091
1797.76	9.26418
1800.33	-2.68026
1802.9	35.3758
1805.48	17.4323
1808.05	9.48929
1810.62	1.54676
1813.19	23.6047
1815.76	17.6632
1818.33	-4.27792
1820.89	5.78149
1823.46	7.84135
1826.02	9.90173
1828.59	21.9626
1831.15	22.0239
1833.71	16.0857
1836.27	-1.85195
1838.84	8.21084
1841.39	12.2741
1843.95	8.33793
1846.51	16.4022
1849.07	8.46695
1851.62	12.5322
1854.18	8.59802
1856.73	20.6643
1859.29	16.7311
1861.84	14.7983
1864.39	2.86605
1866.94	16.9344
1869.49	11.0031
1872.04	7.07239
1874.59	13.1422
1877.13	13.2125
1879.68	19.2832
1882.22	13.3545
1884.77	13.4264
1887.31	17.4986
1889.85	23.5715
1892.39	11.6448
1894.93	-4.28132
1897.47	21.7931
1900.01	21.868
1902.55	13.9434
1905.09	22.0193
1907.62	24.0958
1910.16	-3.82733
1912.69	8.25017
1915.22	24.3282
1917.76	6.40669
1920.29	10.4858
1922.82	12.5653
1925.35	20.6455
1927.88	20.7261
1930.4	10.8072
1932.93	22.8889
1935.46	22.9711
1937.98	15.0539
1940.51	25.1372
1943.03	25.221
1945.55	13.3053
1948.07	25.3902
1950.59	7.47563
1953.11	3.56162
1955.63	9.64809
1958.15	-4.26489
1960.67	13.8227
1963.18	13.9108
1965.7	15.9994
1968.21	28.0886
1970.73	-3.82161
1973.24	14.2687
1975.75	20.3595
1978.26	20.4509
1980.77	14.5428
1983.28	14.6353
1985.79	26.7283
1988.29	24.8219
1990.8	16.916
1993.31	19.0107
1995.81	3.10595
1998.31	23.2017
