100.093	28.2688
103.274	12.2271
106.457	16.1859
109.636	18.1452
112.817	14.1051
115.994	8.06541
119.172	24.0263
122.347	7.98762
125.521	27.9495
128.696	13.9119
131.868	11.8747
135.039	9.8381
138.209	5.80196
141.379	15.7663
144.547	25.7311
147.713	1.69647
150.879	3.66228
154.043	11.6286
157.206	29.5953
160.368	-4.43741
163.529	23.5303
166.689	23.4985
169.848	23.4671
173.006	7.43627
176.163	1.40585
179.316	3.37591
182.471	1.34641
185.625	13.3174
188.777	5.28877
191.927	11.2606
195.077	17.2329
198.224	11.2057
201.372	-0.821101
204.52	17.1525
207.664	7.12661
210.809	7.10111
213.95	9.07606
217.091	23.0514
220.233	17.0272
223.372	9.00345
226.509	20.9801
229.648	-9.04285
232.784	2.93463
235.918	12.9125
239.051	2.89084
242.186	6.86955
245.317	16.8487
248.447	10.8282
251.577	-1.19186
254.705	4.78847
257.832	6.7692
260.958	10.7503
264.083	10.7318
267.204	20.7138
270.327	8.69605
273.449	14.6787
276.57	2.66178
279.69	18.6452
282.806	10.6291
285.924	8.61324
289.04	8.59781
292.154	10.5828
295.268	2.56806
298.379	20.5537
301.492	2.53977
304.601	14.5262
307.711	4.51292
310.818	14.5
313.924	12.4875
317.031	18.4753
320.135	18.4635
323.238	-1.54799
326.34	10.4409
329.443	8.43006
332.543	4.41961
335.642	28.4095
338.74	12.3997
341.836	14.3902
344.932	-1.61888
348.027	14.3723
351.12	-1.63614
354.213	8.35571
357.302	6.34789
360.393	12.3404
363.482	8.33319
366.57	4.32632
369.656	10.3198
372.742	4.3135
375.827	14.3076
378.91	6.30192
381.993	4.29658
385.073	22.2915
388.154	-5.7132
391.232	-3.71764
394.311	18.2782
397.387	16.2744
400.462	4.27078
403.536	-17.7325
406.611	22.2645
409.683	0.261792
412.754	0.259359
415.824	14.2572
418.893	16.2553
421.961	20.2537
425.027	18.2524
428.093	12.2513
431.158	8.25052
434.222	10.25
437.284	6.24972
440.346	-1.75029
443.407	-1.75004
446.464	4.25046
449.523	-1.74878
452.581	6.25223
455.635	-5.74651
458.691	0.255001
461.743	14.2568
464.797	12.2587
467.847	16.261
470.899	-3.73654
473.947	18.2662
476.994	6.26912
480.043	0.272303
483.088	2.27571
486.133	22.2794
489.176	12.2832
492.22	22.2873
495.262	20.2916
498.302	4.29614
501.341	-11.6991
504.38	10.3059
507.417	20.311
510.453	2.31642
513.487	10.322
516.521	8.32782
519.554	4.33383
522.586	4.34004
525.616	4.34645
528.646	-3.64694
531.675	-19.6401
534.701	4.36687
537.729	6.37407
540.753	0.381458
543.778	-5.61096
546.8	24.3968
549.821	2.40474
552.844	-1.58713
555.863	-1.57882
558.881	2.42967
561.898	16.4383
564.916	2.44718
567.932	12.4562
570.946	-1.53463
573.959	-3.52528
576.971	8.48423
579.982	0.493915
582.993	-5.49624
586	4.51376
589.008	12.5239
592.015	2.53424
595.022	12.5447
598.025	8.55534
601.029	10.5661
604.032	-7.42296
607.033	18.5881
610.034	6.59933
613.032	4.61068
616.032	0.622186
619.028	8.63382
622.023	30.6456
625.018	2.6575
628.013	8.66955
631.005	22.6817
633.997	0.694024
636.987	-3.29355
639.977	0.719009
642.965	12.7317
645.952	-5.25551
648.939	12.7574
651.924	12.7704
654.909	20.7836
657.892	2.79687
660.873	12.8102
663.854	2.82374
666.835	2.83734
669.813	6.85104
672.791	6.86485
675.767	4.87876
678.743	6.89277
681.717	14.9069
684.692	6.92109
687.664	0.935395
690.634	-1.05021
693.606	12.9643
696.575	12.9789
699.543	26.9935
702.51	13.0083
705.475	13.0231
708.44	25.038
711.404	9.05303
714.367	13.0681
717.329	5.08326
720.29	1.09849
723.25	3.1138
726.207	21.1292
729.166	21.1446
732.123	3.16013
735.077	9.1757
738.032	21.1913
740.984	7.20704
743.938	3.22281
746.888	7.23863
749.839	1.25452
752.788	9.27046
755.735	3.28644
758.682	7.30248
761.627	23.3186
764.574	21.3347
767.517	11.3509
770.46	15.3671
773.402	17.3834
776.342	21.3997
779.282	9.41609
782.219	5.43248
785.157	17.4489
788.094	17.4654
791.029	11.4819
793.962	35.4984
796.896	19.515
799.828	25.5315
802.76	23.5482
805.689	17.5648
808.619	3.58145
811.546	23.5981
814.473	9.61482
817.4	9.63155
820.324	25.6483
823.248	11.665
826.17	13.6818
829.092	13.6985
832.012	7.71532
834.932	11.7321
837.851	-0.251106
840.768	19.7657
843.685	15.7825
846.599	9.79928
849.514	-4.18392
852.428	1.83287
855.339	23.8497
858.251	19.8664
861.16	13.8832
864.07	11.9
866.978	17.9167
869.884	1.93348
872.792	25.9502
875.696	9.96693
878.599	-2.01638
881.502	28.0003
884.404	14.017
887.304	16.0336
890.204	10.0502
893.103	6.06679
896.001	4.08335
898.898	8.09988
901.794	10.1164
904.689	10.1329
907.581	20.1493
910.474	0.165691
913.364	6.18205
916.256	14.1984
919.144	16.2147
922.034	6.23092
924.92	16.2471
927.808	8.26328
930.693	-11.7206
933.576	6.29546
936.459	16.3115
939.341	6.32744
942.222	2.34336
945.102	14.3592
947.981	8.37503
950.859	16.3908
953.737	8.40647
956.613	8.42211
959.488	8.43768
962.361	12.4532
965.235	14.4686
968.105	8.48401
970.977	14.4993
973.846	8.51457
976.716	12.5297
979.583	20.5448
982.449	-1.44013
985.316	4.57483
988.18	18.5897
991.043	8.60451
993.906	12.6192
996.767	20.6339
999.628	10.6484
1002.49	14.6629
1005.35	10.6773
1008.2	22.6916
1011.06	12.7058
1013.91	14.7199
1016.77	16.734
1019.62	20.7479
1022.48	14.7618
1025.33	16.7755
1028.18	2.7892
1031.03	18.8028
1033.87	-1.18378
1036.72	22.8296
1039.57	4.84284
1042.41	14.856
1045.26	10.869
1048.1	6.88199
1050.94	18.8948
1053.78	12.9076
1056.62	14.9202
1059.46	-5.06732
1062.3	24.9451
1065.14	-3.04266
1067.97	22.9695
1070.81	12.9815
1073.64	6.99346
1076.47	33.0053
1079.31	17.0169
1082.14	11.0285
1084.97	19.0399
1087.8	13.0512
1090.63	13.0624
1093.45	19.0735
1096.28	11.0844
1099.1	1.09517
1101.93	31.1058
1104.75	5.11635
1107.57	9.12673
1110.39	19.137
1113.21	11.1471
1116.03	3.15706
1118.85	3.16689
1121.66	11.1766
1124.48	1.18612
1127.3	13.1955
1130.11	9.20477
1132.92	1.21388
1135.73	9.22283
1138.54	15.2316
1141.35	9.24029
1144.16	7.2488
1146.97	7.25714
1149.78	3.26533
1152.58	1.27336
1155.39	25.2812
1158.19	13.289
1161	15.2965
1163.8	17.3039
1166.6	15.3111
1169.4	27.3182
1172.2	-2.67489
1174.99	3.33185
1177.79	19.3384
1180.59	29.3448
1183.38	13.351
1186.17	19.3571
1188.97	7.36297
1191.76	5.36867
1194.55	17.3742
1197.34	15.3796
1200.13	13.3847
1202.92	11.3897
1205.7	17.3945
1208.49	1.39916
1211.27	13.4036
1214.06	11.4079
1216.84	15.412
1219.62	17.4158
1222.4	13.4195
1225.18	17.4231
1227.96	5.42637
1230.74	13.4295
1233.51	13.4324
1236.29	29.4352
1239.06	15.4377
1241.84	15.4401
1244.61	11.4422
1247.38	15.4442
1250.15	5.44592
1252.92	19.4475
1255.69	25.4488
1258.46	13.45
1261.23	11.4509
1263.99	7.45163
1266.76	9.45215
1269.52	1.45246
1272.28	-4.54743
1275.05	17.4525
1277.81	15.4521
1280.57	5.4516
1283.33	5.45086
1286.08	9.44989
1288.84	-2.55129
1291.6	7.44731
1294.35	17.4457
1297.11	9.44385
1299.86	5.44179
1302.61	9.43951
1305.36	5.437
1308.11	7.43427
1310.86	-14.5687
1313.61	11.4281
1316.36	31.4247
1319.1	17.4211
1321.85	11.4172
1324.59	15.4131
1327.33	13.4087
1330.08	11.4042
1332.82	27.3994
1335.56	15.3943
1338.3	3.38903
1341.04	17.3835
1343.77	-0.622247
1346.51	19.3718
1349.25	25.3655
1351.98	11.359
1354.71	13.3523
1357.45	15.3453
1360.18	13.3381
1362.91	-0.669376
1365.64	-8.67709
1368.37	5.31494
1371.09	-0.693277
1373.82	19.2983
1376.54	9.28954
1379.27	17.2806
1381.99	19.2713
1384.72	17.2618
1387.44	11.2521
1390.16	7.2421
1392.88	27.2318
1395.6	1.22131
1398.31	27.2105
1401.03	19.1995
1403.75	23.1882
1406.46	13.1766
1409.18	11.1648
1411.89	23.1527
1414.6	11.1403
1417.31	13.1277
1420.02	13.1148
1422.73	11.1016
1425.44	1.08812
1428.15	13.0744
1430.85	-0.939603
1433.56	19.0461
1436.26	5.03158
1438.97	29.0168
1441.67	19.0017
1444.37	12.9863
1447.07	16.9706
1449.77	10.9547
1452.47	10.9385
1455.16	18.9219
1457.86	14.9052
1460.56	36.8881
1463.25	20.8707
1465.94	2.85308
1468.64	2.83514
1471.33	22.8169
1474.02	18.7984
1476.71	0.779608
1479.4	12.7605
1482.09	10.7411
1484.77	2.72144
1487.46	18.7015
1490.14	24.6812
1492.83	18.6606
1495.51	6.63977
1498.19	-3.3814
1500.87	10.5972
1503.55	12.5754
1506.23	16.5533
1508.91	12.531
1511.59	4.50828
1514.27	8.48532
1516.94	18.462
1519.62	14.4384
1522.29	16.4146
1524.96	8.39037
1527.63	12.3659
1530.3	4.34104
1532.97	34.3159
1535.64	20.2905
1538.31	18.2647
1540.98	24.2387
1543.64	2.21228
1546.31	2.1856
1548.97	0.158579
1551.63	12.1313
1554.3	14.1036
1556.96	18.0756
1559.62	18.0474
1562.28	12.0188
1564.94	19.9898
1567.59	19.9606
1570.25	25.931
1572.9	29.9011
1575.56	19.8709
1578.21	29.8404
1580.86	5.80949
1583.52	-10.2217
1586.17	1.74676
1588.82	17.7149
1591.47	21.6827
1594.11	15.6502
1596.76	-8.38266
1599.41	9.58416
1602.05	13.5506
1604.69	-6.48321
1607.34	19.4826
1609.98	11.4481
1612.62	17.4132
1615.26	15.378
1617.9	13.3425
1620.54	1.30658
1623.18	3.27037
1625.81	13.2338
1628.45	19.1969
1631.08	27.1597
1633.72	3.12207
1636.35	-2.91587
1638.98	5.04585
1641.61	9.00722
1644.24	0.968243
1646.87	24.9289
1649.5	10.8892
1652.13	16.8492
1654.75	22.8088
1657.38	24.7681
1660	12.727
1662.63	20.6856
1665.25	18.6438
1667.87	0.601682
1670.49	14.5592
1673.11	8.51634
1675.73	8.47313
1678.35	10.4296
1680.96	20.3856
1683.58	8.34138
1686.19	4.29672
1688.81	12.2517
1691.42	2.20636
1694.03	0.160609
1696.64	14.1145
1699.25	8.06808
1701.87	10.0212
1704.47	7.97405
1707.08	13.9265
1709.69	9.87858
1712.29	3.83028
1714.9	-4.21838
1717.5	11.7326
1720.1	13.6832
1722.71	9.63343
1725.31	25.5833
1727.91	11.5328
1730.51	25.4819
1733.1	15.4306
1735.7	3.37898
1738.3	9.32698
1740.89	23.2746
1743.49	19.2218
1746.08	7.16868
1748.67	-0.884851
1751.26	3.06128
1753.86	9.00698
1756.45	4.9523
1759.03	20.8973
1761.62	20.8418
1764.21	-17.214
1766.8	-3.27014
1769.38	18.6733
1771.97	8.61629
1774.55	0.558947
1777.13	24.5012
1779.71	26.4431
1782.29	16.3846
1784.87	6.3257
1787.45	10.2664
1790.03	2.20674
1792.61	8.14665
1795.18	-3.9138
1797.76	18.0253
1800.33	11.9641
1802.9	5.90246
1805.48	7.84043
1808.05	1.778
1810.62	7.71517
1813.19	-0.348057
1815.76	15.5883
1818.33	23.5243
1820.89	7.45985
1823.46	5.39506
1826.02	-6.67018
1828.59	23.2642
1831.15	27.1982
1833.71	13.1318
1836.27	15.065
1838.84	6.99774
1841.39	2.93011
1843.95	-1.13793
1846.51	6.79363
1849.07	14.7248
1851.62	16.6556
1854.18	-3.41412
1856.73	22.5158
1859.29	8.44534
1861.84	6.37447
1864.39	14.3032
1866.94	0.231448
1869.49	22.1593
1872.04	-3.91318
1874.59	6.01387
1877.13	1.94052
1879.68	3.86679
1882.22	1.7926
1884.77	1.71798
1887.31	1.643
1889.85	5.56755
1892.39	1.49172
1894.93	9.41548
1897.47	9.33876
1900.01	-12.7383
1902.55	7.18416
1905.09	9.10622
1907.62	11.0279
1910.16	6.94912
1912.69	6.86991
1915.22	-1.20973
1917.76	8.71025
1920.29	-5.37025
1922.82	-3.45112
1925.35	4.46753
1927.88	6.3858
1930.4	6.30364
1932.93	10.221
1935.46	4.13802
1937.98	6.05456
1940.51	15.9707
1943.03	9.88636
1945.55	17.8017
1948.07	23.7165
1950.59	7.63089
1953.11	1.54483
1955.63	3.45839
1958.15	23.3715
1960.67	9.28419
1963.18	1.19643
1965.7	9.10824
1968.21	25.0196
1970.73	6.93053
1973.24	-1.15899
1975.75	2.75111
1978.26	2.66071
1980.77	4.56993
1983.28	-7.52136
1985.79	4.38698
1988.29	0.294864
1990.8	2.20224
1993.31	4.10924
1995.81	14.0158
1998.31	-0.078043
