100.093	30.8746
103.274	10.9087
106.457	-1.05748
109.636	24.9761
112.817	21.0094
115.994	33.0425
119.172	27.0754
122.347	21.108
125.521	7.14035
128.696	5.17249
131.868	-0.795624
135.039	15.236
138.209	13.2674
141.379	15.2986
144.547	23.3296
147.713	1.36029
150.879	15.3908
154.043	19.421
157.206	17.451
160.368	1.4808
163.529	13.5103
166.689	15.5397
169.848	27.5688
173.006	11.5976
176.163	11.6263
179.316	19.6547
182.471	13.6829
185.625	-2.28918
188.777	31.7386
191.927	9.76606
195.077	5.79335
198.224	1.82041
201.372	39.8473
204.52	13.8739
207.664	15.9003
210.809	21.9265
213.95	17.9525
217.091	13.9782
220.233	8.00375
223.372	10.0291
226.509	20.0542
229.648	18.0791
232.784	14.1037
235.918	28.1282
239.051	20.1525
242.186	14.1765
245.317	24.2003
248.447	28.224
251.577	10.2474
254.705	20.2706
257.832	0.293588
260.958	16.3164
264.083	8.33897
267.204	12.3613
270.327	18.3835
273.449	18.4055
276.57	0.427274
279.69	18.4488
282.806	10.4702
285.924	14.4914
289.04	20.5124
292.154	12.5331
295.268	2.55369
298.379	4.57406
301.492	12.5942
304.601	18.6142
307.711	18.634
310.818	18.6536
313.924	16.673
317.031	10.6922
320.135	26.7112
323.238	18.73
326.34	0.748655
329.443	16.7671
332.543	32.7854
335.642	20.8034
338.74	10.8213
341.836	10.839
344.932	26.8565
348.027	16.8738
351.12	16.8909
354.213	24.9079
357.302	22.9246
360.393	14.9412
363.482	6.95758
366.57	8.97379
369.656	14.9898
372.742	23.0057
375.827	15.0213
378.91	9.03683
381.993	-6.94785
385.073	3.06729
388.154	17.0823
391.232	5.09703
394.311	25.1116
397.387	25.1261
400.462	11.1403
403.536	3.15442
406.611	-0.831655
409.683	23.1821
412.754	5.19566
415.824	3.20906
418.893	15.2223
421.961	19.2354
425.027	21.2482
428.093	13.261
431.158	3.27353
434.222	7.28593
437.284	-8.70184
440.346	7.31022
443.407	21.3221
446.464	13.3339
449.523	15.3454
452.581	3.35684
455.635	13.3681
458.691	17.3792
461.743	23.3901
464.797	9.40087
467.847	17.4115
470.899	9.42193
473.947	15.4322
476.994	-0.557651
480.043	7.45233
483.088	11.4622
486.133	17.4718
489.176	7.48134
492.22	23.4907
495.262	9.49991
498.302	19.509
501.341	1.51787
504.38	11.5266
507.417	-0.464775
510.453	-0.456321
513.487	17.552
516.521	9.56013
519.554	13.5681
522.586	11.576
525.616	13.5837
528.646	25.5913
531.675	9.59871
534.701	19.606
537.729	9.61312
540.753	-4.37989
543.778	7.62697
546.8	5.63367
549.821	-2.35977
552.844	9.64666
555.863	15.6529
558.881	17.6591
561.898	3.6651
564.916	15.671
567.932	-10.3233
570.946	19.6823
573.959	13.6878
576.971	-2.30693
579.982	7.69826
582.993	15.7033
586	3.70823
589.008	17.713
592.015	19.7177
595.022	7.72219
598.025	11.7266
601.029	11.7308
604.032	5.73497
607.033	5.73897
610.034	11.7428
613.032	-6.25342
616.032	13.7502
619.028	-4.24632
622.023	11.757
625.018	15.7603
628.013	-4.23661
631.005	7.76637
633.997	27.7692
636.987	15.772
639.977	3.77459
642.965	15.7771
645.952	13.7795
648.939	1.7817
651.924	9.78383
654.909	17.7858
657.892	-4.21227
660.873	7.78951
663.854	17.7912
666.835	21.7927
669.813	-10.2059
672.791	19.7954
675.767	15.7966
678.743	3.79768
681.717	11.7986
684.692	9.79949
687.664	5.80022
690.634	5.80083
693.606	15.8013
696.575	3.80174
699.543	15.802
702.51	21.8022
705.475	3.80226
708.44	9.80221
711.404	29.8021
714.367	15.8018
717.329	23.8014
720.29	-6.19906
723.25	5.80036
726.207	7.79967
729.166	7.79887
732.123	-2.20203
735.077	5.79697
738.032	9.79586
740.984	1.79465
743.938	23.7933
746.888	15.7919
749.839	-0.209592
752.788	19.7888
755.735	3.78707
758.682	7.78526
761.627	17.7833
764.574	7.78133
767.517	17.7792
770.46	13.777
773.402	15.7747
776.342	9.77229
779.282	21.7698
782.219	3.7672
785.157	13.7645
788.094	9.76173
791.029	27.7589
793.962	7.75588
796.896	3.75282
799.828	15.7497
802.76	7.74642
805.689	3.74308
808.619	25.7397
811.546	13.7361
814.473	11.7325
817.4	9.72884
820.324	23.7251
823.248	13.7212
826.17	17.7172
829.092	17.7132
832.012	17.709
834.932	15.7048
837.851	15.7005
840.768	11.6961
843.685	9.69167
846.599	23.6871
849.514	7.68249
852.428	27.6778
855.339	9.67297
858.251	13.6681
861.16	13.6631
864.07	5.65808
866.978	11.653
869.884	33.6478
872.792	1.64248
875.696	3.63712
878.599	11.6317
881.502	15.6262
884.404	7.62058
887.304	-2.38509
890.204	1.60917
893.103	25.6034
896.001	19.5975
898.898	9.59149
901.794	17.5855
904.689	11.5793
907.581	15.5732
910.474	15.5669
913.364	13.5606
916.256	7.55417
919.144	15.5477
922.034	23.5412
924.92	15.5345
927.808	-6.47214
930.693	1.52112
933.576	1.5143
936.459	19.5074
939.341	5.50047
942.222	11.4935
945.102	9.48637
947.981	5.47922
950.859	9.472
953.737	11.4647
956.613	7.45738
959.488	5.44997
962.361	9.4425
965.235	5.43497
968.105	1.42737
970.977	23.4197
973.846	1.412
976.716	7.40422
979.583	13.3964
982.449	13.3885
985.316	9.38052
988.18	13.3725
991.043	23.3644
993.906	3.35629
996.767	7.3481
999.628	3.33985
1002.49	19.3315
1005.35	3.32319
1008.2	-0.68523
1011.06	23.3063
1013.91	7.29778
1016.77	11.2892
1019.62	17.2806
1022.48	17.2719
1025.33	19.2631
1028.18	3.25434
1031.03	21.2455
1033.87	7.23661
1036.72	7.22766
1039.57	-6.78134
1042.41	11.2096
1045.26	1.20052
1048.1	25.1914
1050.94	9.18218
1053.78	1.17294
1056.62	3.16365
1059.46	3.15431
1062.3	17.1449
1065.14	9.1355
1067.97	7.12603
1070.81	21.1165
1073.64	17.1069
1076.47	17.0973
1079.31	5.08768
1082.14	15.078
1084.97	-0.931765
1087.8	11.0585
1090.63	17.0486
1093.45	23.0388
1096.28	13.0289
1099.1	15.0189
1101.93	9.00891
1104.75	14.9989
1107.57	4.98881
1110.39	-1.0213
1113.21	12.9686
1116.03	10.9584
1118.85	0.948142
1121.66	12.9379
1124.48	14.9276
1127.3	-9.08275
1130.11	10.9069
1132.92	8.89647
1135.73	12.886
1138.54	6.87555
1141.35	4.86504
1144.16	6.85449
1146.97	6.84391
1149.78	8.8333
1152.58	12.8227
1155.39	0.811985
1158.19	4.80127
1161	8.79053
1163.8	10.7798
1166.6	22.769
1169.4	-5.24187
1172.2	2.74727
1174.99	4.73637
1177.79	2.72546
1180.59	18.7145
1183.38	-5.29646
1186.17	2.69253
1188.97	4.68149
1191.76	10.6704
1194.55	18.6594
1197.34	28.6482
1200.13	10.6371
1202.92	8.62594
1205.7	0.614763
1208.49	2.60355
1211.27	20.5923
1214.06	6.58106
1216.84	10.5698
1219.62	14.5585
1222.4	18.5471
1225.18	12.5358
1227.96	6.52443
1230.74	4.51303
1233.51	-1.49838
1236.29	12.4902
1239.06	2.47874
1241.84	8.46727
1244.61	4.45578
1247.38	2.44427
1250.15	24.4327
1252.92	0.421202
1255.69	10.4096
1258.46	28.3981
1261.23	10.3865
1263.99	-5.62515
1266.76	8.36322
1269.52	4.35158
1272.28	14.3399
1275.05	14.3282
1277.81	8.31655
1280.57	22.3048
1283.33	2.29313
1286.08	4.2814
1288.84	-5.73034
1291.6	8.25791
1294.35	10.2461
1297.11	4.23436
1299.86	14.2226
1302.61	16.2108
1305.36	12.199
1308.11	12.1871
1310.86	10.1753
1313.61	24.1635
1316.36	14.1516
1319.1	10.1398
1321.85	-7.87211
1324.59	18.116
1327.33	14.1041
1330.08	4.09224
1332.82	2.08034
1335.56	10.0684
1338.3	16.0565
1341.04	2.04462
1343.77	8.03269
1346.51	8.02077
1349.25	16.0088
1351.98	5.99691
1354.71	7.98497
1357.45	5.97303
1360.18	11.9611
1362.91	9.94913
1365.64	13.9372
1368.37	13.9252
1371.09	7.91328
1373.82	21.9013
1376.54	-6.11063
1379.27	13.8774
1381.99	9.86546
1384.72	11.8535
1387.44	1.84155
1390.16	11.8296
1392.88	11.8176
1395.6	15.8057
1398.31	-6.20627
1401.03	-0.218213
1403.75	11.7698
1406.46	7.75789
1409.18	11.746
1411.89	15.734
1414.6	-6.27791
1417.31	-0.289834
1420.02	-6.30176
1422.73	15.6863
1425.44	7.67441
1428.15	15.6625
1430.85	25.6506
1433.56	5.63871
1436.26	5.62682
1438.97	-2.38506
1441.67	5.60307
1444.37	-2.40879
1447.07	15.5794
1449.77	-0.432497
1452.47	5.55566
1455.16	5.54383
1457.86	7.53201
1460.56	7.5202
1463.25	17.5084
1465.94	17.4966
1468.64	9.48483
1471.33	1.47306
1474.02	13.4613
1476.71	7.44956
1479.4	-0.562181
1482.09	3.4261
1484.77	5.41439
1487.46	-0.5973
1490.14	3.39102
1492.83	-0.620649
1495.51	19.3677
1498.19	5.35606
1500.87	-0.655561
1503.55	5.33283
1506.23	-0.678769
1508.91	15.3097
1511.59	-2.70191
1514.27	9.28655
1516.94	5.27502
1519.62	3.26351
1522.29	13.252
1524.96	11.2405
1527.63	21.2291
1530.3	1.21764
1532.97	9.20622
1535.64	11.1948
1538.31	13.1834
1540.98	-2.82793
1543.64	7.16072
1546.31	-0.850595
1548.97	3.1381
1551.63	3.12682
1554.3	11.1156
1556.96	1.10431
1559.62	-4.9069
1562.28	7.0819
1564.94	9.07073
1567.59	5.05958
1570.25	3.04845
1572.9	5.03735
1575.56	-0.973737
1578.21	13.0152
1580.86	-0.995824
1583.52	16.9932
1586.17	2.98218
1588.82	-1.02878
1591.47	8.96029
1594.11	2.94939
1596.76	4.93851
1599.41	2.92765
1602.05	6.91683
1604.69	-1.09398
1607.34	-3.10475
1609.98	10.8845
1612.62	2.87378
1615.26	6.86309
1617.9	2.85243
1620.54	-1.15821
1623.18	6.83119
1625.81	0.820614
1628.45	16.8101
1631.08	6.79956
1633.72	-5.21093
1636.35	-1.22138
1638.98	18.7682
1641.61	2.7578
1644.24	12.7474
1646.87	2.73711
1649.5	20.7268
1652.13	2.71655
1654.75	12.7063
1657.38	4.69611
1660	-5.31406
1662.63	22.6758
1665.25	6.6657
1667.87	10.6556
1670.49	-11.3544
1673.11	20.6356
1675.73	2.62564
1678.35	2.61571
1680.96	20.6058
1683.58	6.59597
1686.19	-1.41386
1688.81	6.57636
1691.42	2.56661
1694.03	0.556894
1696.64	10.5472
1699.25	-1.46242
1701.87	18.528
1704.47	26.5184
1707.08	6.50889
1709.69	12.4994
1712.29	-3.51004
1714.9	10.4805
1717.5	20.4712
1720.1	16.4619
1722.71	0.452557
1725.31	-1.55669
1727.91	2.4341
1730.51	30.4249
1733.1	20.4158
1735.7	8.40671
1738.3	12.3977
1740.89	4.38866
1743.49	14.3797
1746.08	10.3708
1748.67	12.3619
1751.26	8.35306
1753.86	28.3443
1756.45	14.3355
1759.03	14.3268
1761.62	6.31814
1764.21	14.3095
1766.8	2.30095
1769.38	8.29242
1771.97	0.283926
1774.55	10.2755
1777.13	6.26709
1779.71	10.2587
1782.29	16.2504
1784.87	4.24218
1787.45	14.234
1790.03	8.2258
1792.61	8.21768
1795.18	14.2096
1797.76	-1.79842
1800.33	10.1936
1802.9	16.1857
1805.48	14.1778
1808.05	20.17
1810.62	8.16217
1813.19	10.1544
1815.76	6.14674
1818.33	10.1391
1820.89	0.131513
1823.46	18.124
1826.02	2.11648
1828.59	2.10905
1831.15	10.1017
1833.71	-3.90568
1836.27	18.087
1838.84	10.0798
1841.39	4.07261
1843.95	8.06548
1846.51	14.0584
1849.07	-3.94863
1851.62	-3.95561
1854.18	12.0375
1856.73	0.0305964
1859.29	6.02378
1861.84	12.017
1864.39	10.0103
1866.94	14.0036
1869.49	-4.00296
1872.04	1.99049
1874.59	9.98399
1877.13	9.97755
1879.68	15.9712
1882.22	19.9648
1884.77	15.9586
1887.31	25.9523
1889.85	3.94618
1892.39	3.94008
1894.93	-2.06597
1897.47	9.92803
1900.01	3.9221
1902.55	13.9162
1905.09	3.91039
1907.62	25.9046
1910.16	17.8989
1912.69	5.89327
1915.22	3.88768
1917.76	5.88215
1920.29	5.87667
1922.82	-0.128741
1925.35	15.8659
1927.88	-2.1394
1930.4	9.85537
1932.93	1.85019
1935.46	21.8451
1937.98	9.84001
1940.51	3.83501
1943.03	-8.16992
1945.55	5.8252
1948.07	13.8204
1950.59	11.8156
1953.11	9.81094
1955.63	13.8063
1958.15	3.80174
1960.67	-0.202767
1963.18	15.7928
1965.7	13.7884
1968.21	7.78409
1970.73	1.77983
1973.24	15.7756
1975.75	1.77151
1978.26	1.76744
1980.77	11.7634
1983.28	-8.2405
1985.79	7.75563
1988.29	13.7518
1990.8	17.7481
1993.31	5.74439
1995.81	7.74078
1998.31	15.7372
