100.093	14.4927
103.274	0.53886
106.457	30.5848
109.636	8.63046
112.817	12.6759
115.994	10.721
119.172	20.7658
122.347	-5.18964
125.521	2.85464
128.696	36.8987
131.868	4.94241
135.039	12.9859
138.209	7.02908
141.379	27.072
144.547	25.1147
147.713	19.1571
150.879	9.19926
154.043	19.2411
157.206	7.28275
160.368	9.32411
163.529	5.3652
166.689	15.406
169.848	21.4466
173.006	15.4869
176.163	13.527
179.316	13.5668
182.471	17.6064
185.625	9.64567
188.777	9.68473
191.927	17.7235
195.077	21.7621
198.224	3.80036
201.372	13.8384
204.52	11.8762
207.664	9.91379
210.809	-8.04888
213.95	-12.0118
217.091	4.025
220.233	4.0616
223.372	18.0979
226.509	14.134
229.648	12.1699
232.784	8.20555
235.918	8.24093
239.051	14.2761
242.186	0.31103
245.317	10.3457
248.447	6.38017
251.577	12.4144
254.705	6.44839
257.832	6.48215
260.958	8.51569
264.083	16.549
267.204	2.58206
270.327	10.6149
273.449	0.647552
276.57	16.68
279.69	16.7122
282.806	6.7441
285.924	26.7758
289.04	22.8074
292.154	10.8387
295.268	14.8698
298.379	12.9006
301.492	0.931267
304.601	10.9617
307.711	0.991925
310.818	9.02192
313.924	1.05171
317.031	9.08131
320.135	13.1107
323.238	23.1398
326.34	-0.831215
329.443	17.1975
332.543	-12.7739
335.642	15.2544
338.74	9.28255
341.836	23.3105
344.932	21.3382
348.027	17.3657
351.12	9.39304
354.213	5.42017
357.302	7.44707
360.393	17.4738
363.482	1.50033
366.57	23.5267
369.656	9.55278
372.742	11.5787
375.827	17.6045
378.91	19.63
381.993	11.6554
385.073	11.6806
388.154	13.7055
391.232	7.73033
394.311	3.75495
397.387	3.77936
400.462	23.8036
403.536	3.82762
406.611	11.8515
409.683	5.87517
412.754	5.89866
415.824	-0.0780271
418.893	23.9451
421.961	9.96805
425.027	-0.00917306
428.093	12.0134
431.158	10.0358
434.222	22.0581
437.284	8.08015
440.346	0.102044
443.407	-1.87624
446.464	8.1453
449.523	10.1667
452.581	6.18788
455.635	8.2089
458.691	-17.7702
461.743	8.25045
464.797	0.270986
467.847	8.29134
470.899	2.31154
473.947	14.3316
476.994	0.35142
480.043	12.3711
483.088	14.3907
486.133	14.41
489.176	22.4293
492.22	26.4483
495.262	14.4672
498.302	12.486
501.341	2.50453
504.38	12.523
507.417	20.5412
510.453	18.5593
513.487	10.5773
516.521	16.5951
519.554	4.61276
522.586	-5.36973
525.616	6.64761
528.646	10.6648
531.675	-5.31812
534.701	10.6988
537.729	4.71555
540.753	12.7322
543.778	18.7486
546.8	-9.23505
549.821	18.7811
552.844	-1.20283
555.863	26.8131
558.881	14.8288
561.898	8.84442
564.916	-3.1401
567.932	10.8752
570.946	8.89042
573.959	14.9055
576.971	2.9204
579.982	0.935191
582.993	0.949843
586	8.96435
589.008	8.97874
592.015	4.99299
595.022	15.0071
598.025	11.0211
601.029	1.03496
604.032	7.04869
607.033	-6.93771
610.034	9.07576
613.032	5.0891
616.032	13.1023
619.028	-4.88458
622.023	3.12839
625.018	11.1412
628.013	7.15396
631.005	19.1666
633.997	5.17904
636.987	19.1914
639.977	-6.79636
642.965	13.2158
645.952	11.2278
648.939	5.23965
651.924	5.25142
654.909	-0.736928
657.892	3.27461
660.873	1.28603
663.854	9.29734
666.835	1.30854
669.813	-0.680382
672.791	-2.66941
675.767	11.3415
678.743	3.35221
681.717	1.36285
684.692	7.37339
687.664	17.3838
690.634	5.39413
693.606	13.4044
696.575	11.4145
699.543	5.42447
702.51	-0.565633
705.475	7.44417
708.44	9.45386
711.404	5.46346
714.367	-2.52705
717.329	17.4823
720.29	21.4916
723.25	17.5008
726.207	9.50993
729.166	13.5189
732.123	11.5278
735.077	5.53665
738.032	17.5454
740.984	9.55398
743.938	-2.43749
746.888	9.57094
749.839	31.5793
752.788	13.5875
755.735	7.59569
758.682	7.60376
761.627	7.61174
764.574	25.6196
767.517	3.62744
770.46	3.63516
773.402	9.64279
776.342	7.65034
779.282	13.6578
782.219	7.66517
785.157	1.67247
788.094	13.6797
791.029	5.68681
793.962	11.6939
796.896	9.70082
799.828	5.70771
802.76	13.7145
805.689	-6.27875
808.619	5.7279
811.546	23.7345
814.473	5.74097
817.4	5.7474
820.324	19.7537
823.248	3.76002
826.17	9.76622
829.092	21.7723
832.012	-2.2216
834.932	5.78438
837.851	17.7903
840.768	21.7961
843.685	3.80191
846.599	-0.192391
849.514	23.8132
852.428	13.8188
855.339	1.82431
858.251	13.8297
861.16	11.8351
864.07	25.8404
866.978	15.8457
869.884	21.8508
872.792	19.856
875.696	-0.138995
878.599	3.86599
881.502	1.87092
884.404	5.87579
887.304	3.8806
890.204	-0.114646
893.103	3.89005
896.001	15.8947
898.898	-0.100738
901.794	9.90378
904.689	-8.09175
907.581	21.9127
910.474	19.917
913.364	13.9213
916.256	-2.07442
919.144	9.92977
922.034	5.93392
924.92	3.93802
927.808	5.94206
930.693	23.9461
933.576	5.95001
936.459	5.9539
939.341	9.95775
942.222	15.9616
945.102	19.9653
947.981	7.96903
950.859	-0.0273093
953.737	9.97631
956.613	25.9799
959.488	11.9834
962.361	-0.013088
965.235	19.9904
968.105	1.99377
970.977	3.99713
973.846	12.0005
976.716	4.00375
979.583	6.00699
982.449	6.0102
985.316	4.01337
988.18	2.0165
991.043	2.0196
993.906	12.0227
996.767	16.0257
999.628	2.02868
1002.49	34.0316
1005.35	18.0346
1008.2	2.03745
1011.06	14.0403
1013.91	12.0431
1016.77	6.04593
1019.62	12.0487
1022.48	8.05142
1025.33	18.0541
1028.18	20.0568
1031.03	26.0595
1033.87	4.06207
1036.72	16.0647
1039.57	22.0672
1042.41	6.06977
1045.26	0.07229
1048.1	14.0748
1050.94	16.0772
1053.78	16.0797
1056.62	12.0821
1059.46	16.0845
1062.3	20.0869
1065.14	18.0892
1067.97	10.0916
1070.81	12.0939
1073.64	10.0962
1076.47	12.0985
1079.31	14.1007
1082.14	16.103
1084.97	18.1052
1087.8	8.10741
1090.63	14.1096
1093.45	4.11177
1096.28	14.1139
1099.1	8.11608
1101.93	12.1182
1104.75	12.1203
1107.57	20.1224
1110.39	8.12455
1113.21	2.12663
1116.03	14.1287
1118.85	6.13077
1121.66	20.1328
1124.48	-3.86513
1127.3	10.1369
1130.11	12.1389
1132.92	8.14095
1135.73	0.142967
1138.54	20.145
1141.35	22.147
1144.16	4.14897
1146.97	-11.849
1149.78	6.15295
1152.58	18.1549
1155.39	14.1569
1158.19	10.1589
1161	16.1609
1163.8	14.1628
1166.6	-3.83518
1169.4	18.1668
1172.2	0.168761
1174.99	-5.82926
1177.79	4.17271
1180.59	-3.82531
1183.38	8.17666
1186.17	-1.82135
1188.97	0.18063
1191.76	10.1826
1194.55	4.18461
1197.34	8.18661
1200.13	-3.81139
1202.92	-1.80938
1205.7	2.19264
1208.49	4.19466
1211.27	-3.80331
1214.06	-1.80128
1216.84	6.20077
1219.62	12.2028
1222.4	14.2049
1225.18	12.207
1227.96	10.2091
1230.74	0.211148
1233.51	6.21326
1236.29	8.21538
1239.06	8.21751
1241.84	8.21965
1244.61	6.22181
1247.38	0.223988
1250.15	-3.77383
1252.92	-5.77162
1255.69	12.2306
1258.46	8.23283
1261.23	2.23508
1263.99	0.237353
1266.76	-3.76036
1269.52	8.24194
1272.28	20.2443
1275.05	8.24661
1277.81	10.249
1280.57	4.25135
1283.33	6.25376
1286.08	2.25618
1288.84	16.2586
1291.6	-1.73891
1294.35	16.2636
1297.11	18.2661
1299.86	-1.73137
1302.61	-1.72881
1305.36	12.2738
1308.11	0.276388
1310.86	8.27902
1313.61	20.2817
1316.36	-1.71563
1319.1	8.28709
1321.85	8.28983
1324.59	4.2926
1327.33	14.2954
1330.08	6.29822
1332.82	-9.69892
1335.56	20.304
1338.3	6.30688
1341.04	8.30983
1343.77	6.31281
1346.51	8.31581
1349.25	14.3189
1351.98	8.32193
1354.71	14.325
1357.45	10.3282
1360.18	-7.66865
1362.91	18.3346
1365.64	-3.6622
1368.37	-7.65892
1371.09	-5.6556
1373.82	8.34775
1376.54	4.35113
1379.27	4.35456
1381.99	6.35802
1384.72	16.3615
1387.44	-1.63494
1390.16	8.36864
1392.88	10.3723
1395.6	6.37591
1398.31	6.37961
1401.03	-1.61665
1403.75	4.38712
1406.46	6.39095
1409.18	6.39481
1411.89	14.3987
1414.6	14.4027
1417.31	10.4067
1420.02	8.41069
1422.73	-1.58523
1425.44	12.4189
1428.15	18.4231
1430.85	0.427275
1433.56	12.4315
1436.26	-1.56416
1438.97	6.4402
1441.67	12.4446
1444.37	-1.55096
1447.07	0.453541
1449.77	6.45809
1452.47	6.46268
1455.16	4.46733
1457.86	4.47202
1460.56	24.4768
1463.25	16.4816
1465.94	12.4864
1468.64	10.4913
1471.33	6.49625
1474.02	0.501254
1476.71	2.50631
1479.4	6.51142
1482.09	14.5166
1484.77	0.521794
1487.46	12.5271
1490.14	6.53239
1492.83	0.537769
1495.51	0.543205
1498.19	16.5487
1500.87	-1.44576
1503.55	8.55985
1506.23	4.56551
1508.91	24.5712
1511.59	18.577
1514.27	18.5828
1516.94	-9.41126
1519.62	10.5947
1522.29	4.60072
1524.96	10.6068
1527.63	6.61293
1530.3	4.61912
1532.97	16.6254
1535.64	18.6317
1538.31	0.638086
1540.98	6.64453
1543.64	6.65104
1546.31	-1.34239
1548.97	2.66424
1551.63	8.67094
1554.3	10.6777
1556.96	26.6845
1559.62	2.69143
1562.28	10.6984
1564.94	2.70541
1567.59	16.7125
1570.25	4.71966
1572.9	2.72689
1575.56	8.73418
1578.21	-1.25846
1580.86	12.749
1583.52	2.75647
1586.17	10.764
1588.82	4.77168
1591.47	14.7794
1594.11	10.7872
1596.76	-3.205
1599.41	16.8029
1602.05	12.8109
1604.69	2.81897
1607.34	8.82711
1609.98	8.83532
1612.62	4.8436
1615.26	12.852
1617.9	14.8604
1620.54	14.8689
1623.18	10.8775
1625.81	4.8861
1628.45	26.8948
1631.08	10.9036
1633.72	8.9125
1636.35	12.9215
1638.98	-3.06952
1641.61	4.93959
1644.24	8.94877
1646.87	18.958
1649.5	2.96737
1652.13	0.976783
1654.75	4.98628
1657.38	6.99585
1660	3.00551
1662.63	1.01524
1665.25	15.0251
1667.87	3.03495
1670.49	-4.95508
1673.11	19.055
1675.73	5.06512
1678.35	13.0753
1680.96	-2.91436
1683.58	-2.90398
1686.19	5.10649
1688.81	7.11704
1691.42	17.1277
1694.03	23.1384
1696.64	25.1492
1699.25	11.1601
1701.87	19.1711
1704.47	7.18211
1707.08	11.1933
1709.69	19.2045
1712.29	5.2158
1714.9	-4.7728
1717.5	11.2387
1720.1	31.2503
1722.71	5.26192
1725.31	1.27367
1727.91	17.2855
1730.51	7.29744
1733.1	23.3095
1735.7	21.3216
1738.3	15.3338
1740.89	3.34605
1743.49	17.3584
1746.08	21.3709
1748.67	15.3835
1751.26	-0.603905
1753.86	17.4088
1756.45	15.4217
1759.03	-0.565405
1761.62	9.44762
1764.21	5.46072
1766.8	9.47392
1769.38	13.4872
1771.97	13.5006
1774.55	11.5141
1777.13	5.52768
1779.71	15.5414
1782.29	1.55512
1784.87	21.569
1787.45	15.583
1790.03	15.597
1792.61	9.61116
1795.18	3.62541
1797.76	11.6398
1800.33	9.6542
1802.9	11.6687
1805.48	13.6834
1808.05	19.6981
1810.62	25.713
1813.19	-4.27211
1815.76	-8.25708
1818.33	11.7581
1820.89	11.7733
1823.46	19.7886
1826.02	11.8041
1828.59	27.8196
1831.15	1.83523
1833.71	3.85097
1836.27	-2.13319
1838.84	3.88275
1841.39	7.89879
1843.95	13.9149
1846.51	31.9312
1849.07	3.94752
1851.62	15.964
1854.18	-4.01946
1856.73	-4.0028
1859.29	0.0139698
1861.84	14.0308
1864.39	4.04781
1866.94	10.0649
1869.49	26.0821
1872.04	14.0994
1874.59	24.1168
1877.13	12.1343
1879.68	22.1519
1882.22	14.1696
1884.77	16.1874
1887.31	4.20534
1889.85	12.2234
1892.39	18.2415
1894.93	-3.74022
1897.47	18.2781
1900.01	24.2966
1902.55	22.3152
1905.09	14.3339
1907.62	6.35269
1910.16	20.3716
1912.69	0.39061
1915.22	28.4097
1917.76	16.429
1920.29	-1.55166
1922.82	22.4678
1925.35	24.4874
1927.88	12.5071
1930.4	12.5269
1932.93	8.54676
1935.46	4.56679
1937.98	4.58692
1940.51	12.6072
1943.03	22.6275
1945.55	8.64801
1948.07	14.6686
1950.59	12.6893
1953.11	20.7101
1955.63	2.73106
1958.15	18.7521
1960.67	22.7733
1963.18	14.7945
1965.7	10.8159
1968.21	-1.16255
1970.73	20.8591
1973.24	10.8808
1975.75	10.9027
1978.26	6.92466
1980.77	24.9467
1983.28	0.968965
1985.79	-1.00871
1988.29	17.0137
1990.8	11.0363
1993.31	-8.941
1995.81	13.0818
1998.31	23.1047
