100.093	-6.8055
103.274	13.2246
106.457	17.2546
109.636	17.2846
112.817	17.3144
115.994	7.34409
119.172	3.37372
122.347	25.4032
125.521	5.43262
128.696	-4.53806
131.868	13.4911
135.039	19.5202
138.209	13.5493
141.379	3.57817
144.547	7.60698
147.713	9.63568
150.879	7.66429
154.043	17.6928
157.206	1.7212
160.368	17.7495
163.529	9.77773
166.689	15.8058
169.848	5.83386
173.006	9.86178
176.163	19.8896
179.316	7.91732
182.471	21.945
185.625	13.9725
188.777	15.9999
191.927	0.0272665
195.077	12.0545
198.224	10.0817
201.372	10.1087
204.52	14.1357
207.664	18.1626
210.809	4.18933
213.95	4.21601
217.091	12.2426
220.233	4.26909
223.372	16.2955
226.509	20.3218
229.648	-1.65199
232.784	4.37413
235.918	12.4002
239.051	12.4261
242.186	12.452
245.317	4.47771
248.447	-1.49663
251.577	24.5289
254.705	-3.44557
257.832	24.5798
260.958	30.6051
264.083	6.63035
267.204	10.6555
270.327	16.6805
273.449	6.70546
276.57	28.7303
279.69	-3.2449
282.806	16.7798
285.924	16.8044
289.04	10.8289
292.154	10.8533
295.268	6.87764
298.379	14.9019
301.492	16.9261
304.601	12.9501
307.711	12.9741
310.818	6.99802
313.924	5.02183
317.031	-0.954423
320.135	25.0692
323.238	9.09278
326.34	-0.883739
329.443	17.1397
332.543	9.16298
335.642	13.1862
338.74	5.20935
341.836	7.23242
344.932	-10.7446
348.027	19.2783
351.12	23.3011
354.213	5.32385
357.302	-6.65351
360.393	19.3691
363.482	-0.608449
366.57	5.41396
369.656	1.43628
372.742	-0.541468
375.827	-4.5193
378.91	5.50278
381.993	3.52479
385.073	9.54671
388.154	23.5686
391.232	9.59033
394.311	3.61203
397.387	-2.36636
400.462	-0.344835
403.536	-2.32338
406.611	17.698
409.683	13.7193
412.754	3.74052
415.824	13.7617
418.893	3.78273
421.961	-4.19628
425.027	5.82464
428.093	1.84548
431.158	15.8662
434.222	7.88693
437.284	-0.0924538
440.346	15.9281
443.407	9.94855
446.464	11.9689
449.523	3.98925
452.581	2.00949
455.635	18.0296
458.691	16.0497
461.743	-9.93025
464.797	0.0897064
467.847	14.1096
470.899	2.12938
473.947	2.1491
476.994	-5.83125
480.043	2.18834
483.088	-5.79215
486.133	-1.77272
489.176	12.2466
492.22	6.26596
495.262	12.2852
498.302	20.3043
501.341	6.32342
504.38	14.3424
507.417	-3.63862
510.453	0.380252
513.487	4.39905
516.521	4.41778
519.554	8.43645
522.586	4.45505
525.616	8.47357
528.646	4.49204
531.675	6.51044
534.701	16.5288
537.729	6.54702
540.753	8.5652
543.778	-1.41667
546.8	16.6014
549.821	-7.38064
552.844	-1.36271
555.863	14.6551
558.881	2.67293
561.898	4.69065
564.916	-11.2917
567.932	8.72591
570.946	8.74344
573.959	8.7609
576.971	4.7783
579.982	2.79563
582.993	0.812899
586	2.83009
589.008	18.8472
592.015	18.8643
595.022	0.881332
598.025	-1.10173
601.029	26.9152
604.032	2.93199
607.033	2.94875
610.034	6.96545
613.032	20.9821
616.032	-3.00133
619.028	13.0152
622.023	-0.968375
625.018	-2.95199
628.013	-0.93565
631.005	-0.919384
633.997	-2.90318
636.987	7.11297
639.977	19.1291
642.965	5.14508
645.952	-2.83895
648.939	13.177
651.924	25.1928
654.909	-12.7914
657.892	5.22433
660.873	15.24
663.854	5.25561
666.835	3.27117
669.813	9.28666
672.791	13.3021
675.767	1.31748
678.743	1.33281
681.717	3.34807
684.692	3.36329
687.664	17.3784
690.634	3.39353
693.606	7.40858
696.575	3.42356
699.543	1.43848
702.51	5.45335
705.475	17.4682
708.44	9.48293
711.404	5.49763
714.367	15.5123
717.329	15.5269
720.29	3.54142
723.25	5.55591
726.207	1.57034
729.166	13.5847
732.123	-0.400956
735.077	3.61331
738.032	5.62753
740.984	9.64169
743.938	25.6558
746.888	9.66986
749.839	7.68387
752.788	9.69782
755.735	7.71172
758.682	11.7256
761.627	7.73936
764.574	9.75312
767.517	17.7668
770.46	17.7805
773.402	-2.20595
776.342	7.80759
779.282	5.82108
782.219	-2.16549
785.157	-0.152096
788.094	13.8612
791.029	11.8745
793.962	19.8878
796.896	7.90097
799.828	5.91411
802.76	13.9272
805.689	19.9402
808.619	13.9532
811.546	9.96619
814.473	9.97908
817.4	9.99194
820.324	18.0047
823.248	8.0175
826.17	22.0302
829.092	12.0429
832.012	4.05547
834.932	10.068
837.851	28.0806
840.768	16.093
843.685	30.1055
846.599	4.11784
849.514	18.1302
852.428	10.1425
855.339	14.1547
858.251	12.1669
861.16	6.17905
864.07	12.1912
866.978	10.2032
869.884	14.2152
872.792	10.2272
875.696	8.23914
878.599	8.25102
881.502	28.2629
884.404	14.2747
887.304	26.2864
890.204	20.2981
893.103	12.3098
896.001	-5.67859
898.898	-3.66701
901.794	16.3445
904.689	14.356
907.581	20.3675
910.474	8.37888
913.364	28.3902
916.256	18.4016
919.144	8.41286
922.034	2.42411
924.92	-3.56469
927.808	2.44647
930.693	6.45759
933.576	10.4687
936.459	6.47971
939.341	10.4907
942.222	6.50166
945.102	12.5126
947.981	16.5235
950.859	22.5343
953.737	14.5451
956.613	10.5559
959.488	24.5666
962.361	2.57726
965.235	14.5879
968.105	22.5985
970.977	2.60908
973.846	20.6196
976.716	14.6301
979.583	2.64055
982.449	8.65096
985.316	14.6613
988.18	20.6717
991.043	4.68198
993.906	12.6922
996.767	18.7025
999.628	6.71267
1002.49	14.7228
1005.35	14.7329
1008.2	-5.25697
1011.06	14.7531
1013.91	22.7631
1016.77	8.77306
1019.62	24.783
1022.48	-1.2071
1025.33	16.8028
1028.18	4.8126
1031.03	-1.1776
1033.87	8.83216
1036.72	6.8419
1039.57	10.8516
1042.41	-5.13875
1045.26	-1.12912
1048.1	20.8805
1050.94	8.89003
1053.78	6.89956
1056.62	10.909
1059.46	4.91851
1062.3	10.9279
1065.14	-1.06267
1067.97	8.94669
1070.81	6.95602
1073.64	12.9653
1076.47	4.97457
1079.31	2.98381
1082.14	4.99301
1084.97	7.00218
1087.8	19.0113
1090.63	-2.97958
1093.45	19.0295
1096.28	5.03853
1099.1	15.0475
1101.93	7.05653
1104.75	-6.93452
1107.57	15.0744
1110.39	17.0833
1113.21	11.0921
1116.03	21.101
1118.85	3.10978
1121.66	3.11854
1124.48	3.12729
1127.3	-2.86401
1130.11	1.14468
1132.92	15.1533
1135.73	1.16195
1138.54	11.1705
1141.35	9.17911
1144.16	3.18765
1146.97	1.19616
1149.78	9.20465
1152.58	11.2131
1155.39	9.22152
1158.19	21.2299
1161	17.2383
1163.8	3.24663
1166.6	9.25495
1169.4	5.26324
1172.2	-2.7285
1174.99	7.27974
1177.79	7.28795
1180.59	11.2961
1183.38	7.30428
1186.17	9.31242
1188.97	7.32052
1191.76	-0.671404
1194.55	13.3366
1197.34	-4.65532
1200.13	1.35268
1202.92	9.36065
1205.7	3.3686
1208.49	15.3765
1211.27	17.3844
1214.06	7.39231
1216.84	7.40016
1219.62	3.40799
1222.4	25.4158
1225.18	-4.57643
1227.96	-6.56868
1230.74	5.43906
1233.51	11.4468
1236.29	1.45445
1239.06	-2.53789
1241.84	-2.53025
1244.61	-2.52263
1247.38	1.48496
1250.15	3.49253
1252.92	-6.49993
1255.69	3.5076
1258.46	-2.4849
1261.23	15.5226
1263.99	11.53
1266.76	5.53748
1269.52	-0.455112
1272.28	1.55228
1275.05	17.5597
1277.81	11.567
1280.57	5.57433
1283.33	-10.4184
1286.08	7.58892
1288.84	3.59619
1291.6	9.60344
1294.35	17.6107
1297.11	15.6179
1299.86	7.62505
1302.61	5.63221
1305.36	11.6394
1308.11	3.64648
1310.86	5.65359
1313.61	15.6607
1316.36	15.6677
1319.1	1.67478
1321.85	13.6818
1324.59	-0.311182
1327.33	13.6958
1330.08	-4.29722
1332.82	17.7097
1335.56	13.7167
1338.3	11.7236
1341.04	3.73048
1343.77	7.73736
1346.51	5.74422
1349.25	11.7511
1351.98	5.75789
1354.71	9.7647
1357.45	25.7715
1360.18	3.77826
1362.91	21.785
1365.64	9.79176
1368.37	9.79848
1371.09	13.8052
1373.82	7.81188
1376.54	5.81855
1379.27	1.82521
1381.99	5.83185
1384.72	15.8385
1387.44	9.84508
1390.16	19.8517
1392.88	-2.14175
1395.6	7.86482
1398.31	11.8714
1401.03	7.87789
1403.75	9.88441
1406.46	11.8909
1409.18	9.8974
1411.89	15.9039
1414.6	-6.08967
1417.31	-2.08323
1420.02	23.9232
1422.73	19.9296
1425.44	21.936
1428.15	15.9424
1430.85	13.9488
1433.56	3.95513
1436.26	-2.03853
1438.97	17.9678
1441.67	5.97412
1444.37	15.9804
1447.07	3.98671
1449.77	7.99299
1452.47	13.9993
1455.16	-3.99449
1457.86	8.01175
1460.56	14.018
1463.25	10.0242
1465.94	6.0304
1468.64	12.0366
1471.33	16.0428
1474.02	14.0489
1476.71	28.0551
1479.4	4.06124
1482.09	14.0674
1484.77	12.0735
1487.46	34.0796
1490.14	12.0857
1492.83	0.0917848
1495.51	10.0979
1498.19	16.1039
1500.87	16.11
1503.55	10.116
1506.23	0.122062
1508.91	8.12808
1511.59	12.1341
1514.27	6.1401
1516.94	10.1461
1519.62	12.1521
1522.29	10.1581
1524.96	-7.83598
1527.63	-3.83003
1530.3	14.1759
1532.97	18.1819
1535.64	14.1878
1538.31	10.1937
1540.98	16.1996
1543.64	16.2055
1546.31	4.2114
1548.97	8.21729
1551.63	14.2232
1554.3	-9.77097
1556.96	10.2349
1559.62	12.2407
1562.28	14.2466
1564.94	14.2524
1567.59	12.2582
1570.25	6.26406
1572.9	14.2699
1575.56	16.2757
1578.21	4.28147
1580.86	18.2873
1583.52	16.293
1586.17	8.29882
1588.82	10.3046
1591.47	6.31036
1594.11	6.31611
1596.76	12.3219
1599.41	14.3276
1602.05	-3.66666
1604.69	-1.66093
1607.34	-5.65521
1609.98	-1.64949
1612.62	12.3562
1615.26	2.36193
1617.9	16.3676
1620.54	10.3733
1623.18	6.37902
1625.81	14.3847
1628.45	10.3904
1631.08	8.39606
1633.72	18.4017
1636.35	6.40739
1638.98	4.41305
1641.61	18.4187
1644.24	6.42436
1646.87	8.43001
1649.5	12.4356
1652.13	4.44128
1654.75	24.4469
1657.38	6.45255
1660	10.4582
1662.63	16.4638
1665.25	10.4694
1667.87	18.475
1670.49	10.4806
1673.11	10.4862
1675.73	10.4919
1678.35	4.49746
1680.96	22.5031
1683.58	12.5086
1686.19	-3.48576
1688.81	10.5198
1691.42	-1.47458
1694.03	20.531
1696.64	4.53659
1699.25	20.5422
1701.87	10.5477
1704.47	14.5533
1707.08	20.5589
1709.69	12.5645
1712.29	12.57
1714.9	14.5756
1717.5	14.5812
1720.1	2.58674
1722.71	14.5923
1725.31	6.59786
1727.91	12.6034
1730.51	14.609
1733.1	16.6145
1735.7	16.6201
1738.3	8.62566
1740.89	14.6312
1743.49	8.63677
1746.08	4.64232
1748.67	8.64788
1751.26	24.6534
1753.86	18.659
1756.45	10.6645
1759.03	16.6701
1761.62	-7.32435
1764.21	8.6812
1766.8	26.6868
1769.38	24.6923
1771.97	12.6979
1774.55	16.7034
1777.13	12.709
1779.71	8.71454
1782.29	12.7201
1784.87	26.7257
1787.45	14.7312
1790.03	14.7368
1792.61	8.74234
1795.18	22.7479
1797.76	12.7535
1800.33	-5.24097
1802.9	20.7646
1805.48	10.7702
1808.05	6.77574
1810.62	8.78131
1813.19	12.7869
1815.76	14.7925
1818.33	10.798
1820.89	18.8036
1823.46	12.8092
1826.02	8.8148
1828.59	16.8204
1831.15	8.82598
1833.71	14.8316
1836.27	18.8372
1838.84	24.8428
1841.39	10.8484
1843.95	16.854
1846.51	12.8596
1849.07	20.8652
1851.62	20.8708
1854.18	10.8764
1856.73	16.8821
1859.29	2.88769
1861.84	14.8933
1864.39	20.899
1866.94	8.9046
1869.49	10.9102
1872.04	2.91588
1874.59	14.9215
1877.13	0.927189
1879.68	2.93284
1882.22	10.9385
1884.77	8.94418
1887.31	12.9498
1889.85	10.9555
1892.39	10.9612
1894.93	14.9669
1897.47	6.97259
1900.01	4.97828
1902.55	22.984
1905.09	12.9897
1907.62	2.9954
1910.16	17.0011
1912.69	21.0068
1915.22	19.0126
1917.76	19.0183
1920.29	9.02404
1922.82	-2.97021
1925.35	11.0355
1927.88	21.0413
1930.4	5.04706
1932.93	23.0528
1935.46	13.0586
1937.98	7.06439
1940.51	9.07018
1943.03	15.076
1945.55	-10.9182
1948.07	-0.912419
1950.59	21.0934
1953.11	11.0992
1955.63	27.105
1958.15	11.1109
1960.67	11.1167
1963.18	11.1226
1965.7	21.1284
1968.21	15.1343
1970.73	17.1402
1973.24	1.14604
1975.75	9.15193
1978.26	13.1578
1980.77	21.1637
1983.28	13.1696
1985.79	27.1756
1988.29	-2.81853
1990.8	23.1874
1993.31	1.19335
1995.81	13.1993
1998.31	1.20526
