100.093	25.5401
103.274	19.5886
106.457	11.637
109.636	21.6851
112.817	7.73299
115.994	3.78065
119.172	9.82813
122.347	15.8754
125.521	5.92238
128.696	7.96922
131.868	26.0158
135.039	2.06219
138.209	8.10836
141.379	4.15435
144.547	-1.7999
147.713	4.24564
150.879	2.29097
154.043	4.33609
157.206	-3.619
160.368	14.4257
163.529	6.4702
166.689	0.514495
169.848	10.5586
173.006	8.60246
176.163	6.64614
179.316	-3.31041
182.471	-1.26714
185.625	18.7759
188.777	16.8188
191.927	8.86143
195.077	0.903894
198.224	-3.05387
201.372	-1.0118
204.52	-0.969937
207.664	5.0717
210.809	21.1132
213.95	9.15442
217.091	-2.80453
220.233	23.2364
223.372	9.27701
226.509	9.31747
229.648	9.35777
232.784	13.3978
235.918	7.43773
239.051	7.47743
242.186	11.517
245.317	-0.443738
248.447	1.59538
251.577	7.63431
254.705	15.6731
257.832	13.7116
260.958	-6.25003
264.083	7.78814
267.204	19.8261
270.327	17.8639
273.449	5.90152
276.57	5.93896
279.69	13.9762
282.806	20.0132
285.924	16.0501
289.04	10.0868
292.154	-3.87669
295.268	16.1596
298.379	4.19577
301.492	12.2317
304.601	30.2675
307.711	14.3031
310.818	18.3385
313.924	14.3738
317.031	12.4088
320.135	8.4437
323.238	0.478402
326.34	20.5129
329.443	-3.45271
332.543	16.5815
335.642	2.61546
338.74	8.64929
341.836	4.68294
344.932	0.716418
348.027	18.7497
351.12	6.78286
354.213	2.81582
357.302	18.8486
360.393	10.8812
363.482	12.9137
366.57	-11.054
369.656	16.9781
372.742	7.01
375.827	3.04178
378.91	21.0734
381.993	11.1048
385.073	-2.86391
388.154	-0.832793
391.232	5.19814
394.311	19.2289
397.387	11.2595
400.462	5.28998
403.536	15.3203
406.611	15.3504
409.683	25.3804
412.754	7.41016
415.824	9.43979
418.893	9.46927
421.961	17.4986
425.027	19.5278
428.093	3.55675
431.158	1.5856
434.222	3.61429
437.284	21.6428
440.346	-0.328805
443.407	13.6994
446.464	35.7275
449.523	11.7554
452.581	7.78313
455.635	13.8107
458.691	11.8382
461.743	7.86545
464.797	-0.107403
467.847	11.9196
470.899	1.94642
473.947	5.9731
476.994	3.99963
480.043	16.026
483.088	8.05225
486.133	0.0783368
489.176	18.1043
492.22	22.1301
495.262	16.1557
498.302	4.18121
501.341	0.206564
504.38	4.23177
507.417	14.2568
510.453	8.28175
513.487	2.3065
516.521	12.3311
519.554	-3.64438
522.586	4.37997
525.616	16.4042
528.646	12.4282
531.675	2.45214
534.701	12.4759
537.729	8.49955
540.753	-3.47696
543.778	0.546403
546.8	-11.4304
549.821	0.59269
552.844	2.61564
555.863	18.6384
558.881	12.6611
561.898	10.6836
564.916	6.70605
567.932	12.7283
570.946	8.75044
573.959	2.77243
576.971	-7.20571
579.982	20.816
582.993	4.83761
586	10.8591
589.008	4.88039
592.015	14.9016
595.022	6.92267
598.025	6.94359
601.029	10.9644
604.032	12.9851
607.033	11.0056
610.034	3.02606
613.032	7.04635
616.032	11.0665
619.028	9.08655
622.023	1.10646
625.018	1.12625
628.013	19.1459
631.005	9.16545
633.997	5.18486
636.987	1.20415
639.977	7.22331
642.965	5.24235
645.952	5.26127
648.939	-6.71994
651.924	-0.70126
654.909	5.31729
657.892	-0.664271
660.873	9.35403
663.854	11.3722
666.835	17.3903
669.813	13.4083
672.791	13.4261
675.767	11.4438
678.743	1.46141
681.717	3.47889
684.692	7.49626
687.664	13.5135
690.634	17.5306
693.606	-0.452337
696.575	-2.43544
699.543	-0.418647
702.51	11.598
705.475	-0.385411
708.44	9.63104
711.404	-4.35262
714.367	15.6636
717.329	5.67972
720.29	5.69572
723.25	7.71161
726.207	-4.27261
729.166	17.7431
732.123	7.75863
735.077	13.7741
738.032	15.7894
740.984	15.8047
743.938	23.8198
746.888	7.83481
749.839	27.8497
752.788	13.8645
755.735	9.87923
758.682	17.8938
761.627	11.9083
764.574	17.9227
767.517	9.937
770.46	-0.0488205
773.402	19.9653
776.342	17.9792
779.282	13.9931
782.219	2.00687
785.157	18.0205
788.094	18.0341
791.029	10.0476
793.962	10.0609
796.896	10.0742
799.828	16.0874
802.76	22.1004
805.689	18.1134
808.619	16.1263
811.546	16.1391
814.473	18.1517
817.4	12.1643
820.324	14.1768
823.248	24.1892
826.17	10.2015
829.092	16.2137
832.012	12.2258
834.932	10.2378
837.851	16.2497
840.768	18.2615
843.685	22.2733
846.599	20.2849
849.514	8.29643
852.428	-5.69212
855.339	2.31924
858.251	12.3305
861.16	0.341685
864.07	-1.64722
866.978	16.3638
869.884	4.37468
872.792	14.3855
875.696	6.39624
878.599	2.40688
881.502	12.4174
884.404	12.4279
887.304	20.4383
890.204	22.4486
893.103	6.45879
896.001	12.4689
898.898	20.479
901.794	8.48891
904.689	10.4988
907.581	0.508559
910.474	4.51826
913.364	20.5279
916.256	8.53742
919.144	14.5469
922.034	8.55624
924.92	8.56553
927.808	2.57474
930.693	4.58386
933.576	16.5929
936.459	2.60187
939.341	8.61076
942.222	6.61957
945.102	14.6283
947.981	12.6369
950.859	10.6455
953.737	8.65401
956.613	-1.33757
959.488	0.670768
962.361	26.679
965.235	4.68722
968.105	16.6953
970.977	-3.29664
973.846	12.7113
976.716	0.719206
979.583	10.727
982.449	14.7348
985.316	-3.25758
988.18	30.75
991.043	6.75752
993.906	-9.23503
996.767	16.7723
999.628	14.7796
1002.49	22.7869
1005.35	4.79403
1008.2	8.80112
1011.06	20.8081
1013.91	16.8151
1016.77	6.82197
1019.62	10.8288
1022.48	4.83552
1025.33	8.84219
1028.18	6.84879
1031.03	14.8553
1033.87	20.8618
1036.72	4.86821
1039.57	-1.12546
1042.41	8.88081
1045.26	10.887
1048.1	2.89316
1050.94	4.89923
1053.78	16.9052
1056.62	18.9112
1059.46	8.91707
1062.3	-5.07711
1065.14	26.9286
1067.97	12.9343
1070.81	26.94
1073.64	4.94553
1076.47	8.95103
1079.31	10.9565
1082.14	-13.0381
1084.97	2.96718
1087.8	0.972444
1090.63	4.97765
1093.45	20.9828
1096.28	16.9879
1099.1	8.99289
1101.93	14.9979
1104.75	3.00277
1107.57	3.00762
1110.39	3.01241
1113.21	11.0171
1116.03	23.0218
1118.85	7.02644
1121.66	5.031
1124.48	7.03551
1127.3	5.03996
1130.11	11.0444
1132.92	3.04871
1135.73	3.053
1138.54	7.05723
1141.35	15.0614
1144.16	9.06554
1146.97	9.06962
1149.78	-0.926363
1152.58	11.0776
1155.39	3.08152
1158.19	11.0854
1161	5.0892
1163.8	19.093
1166.6	9.09668
1169.4	-2.89966
1172.2	-8.89605
1174.99	1.10751
1177.79	-4.88897
1180.59	7.11449
1183.38	25.1179
1186.17	15.1213
1188.97	7.12459
1191.76	11.1279
1194.55	11.1311
1197.34	11.1343
1200.13	3.13739
1202.92	11.1405
1205.7	9.14351
1208.49	7.1465
1211.27	17.1495
1214.06	15.1524
1216.84	5.15521
1219.62	3.15802
1222.4	25.1608
1225.18	21.1635
1227.96	1.16619
1230.74	5.16883
1233.51	7.17142
1236.29	17.174
1239.06	7.17648
1241.84	5.17895
1244.61	3.18138
1247.38	3.18376
1250.15	21.1861
1252.92	-2.81159
1255.69	11.1907
1258.46	13.1929
1261.23	17.1951
1263.99	17.1972
1266.76	-10.8007
1269.52	1.20139
1272.28	3.20342
1275.05	7.20541
1277.81	9.20736
1280.57	7.20927
1283.33	7.21115
1286.08	-6.78701
1288.84	1.21479
1291.6	3.21656
1294.35	3.21829
1297.11	7.21999
1299.86	17.2216
1302.61	17.2233
1305.36	11.2249
1308.11	21.2264
1310.86	5.22794
1313.61	7.22943
1316.36	7.23088
1319.1	-2.7677
1321.85	5.23369
1324.59	11.235
1327.33	13.2364
1330.08	-0.762337
1332.82	5.23892
1335.56	7.24015
1338.3	19.2413
1341.04	13.2425
1343.77	-4.75635
1346.51	11.2448
1349.25	3.24583
1351.98	17.2469
1354.71	13.2479
1357.45	-6.75112
1360.18	5.24984
1362.91	3.25077
1365.64	13.2517
1368.37	15.2525
1371.09	-6.74661
1373.82	19.2542
1376.54	9.255
1379.27	-2.74423
1381.99	21.2565
1384.72	11.2572
1387.44	5.25791
1390.16	-4.74143
1392.88	7.2592
1395.6	5.25981
1398.31	13.2604
1401.03	15.261
1403.75	1.2615
1406.46	1.26201
1409.18	13.2625
1411.89	1.26297
1414.6	11.2634
1417.31	13.2638
1420.02	11.2642
1422.73	13.2646
1425.44	-2.73504
1428.15	-2.73471
1430.85	21.2656
1433.56	9.26589
1436.26	5.26616
1438.97	3.26641
1441.67	11.2666
1444.37	9.26685
1447.07	5.26704
1449.77	11.2672
1452.47	17.2674
1455.16	21.2675
1457.86	5.2676
1460.56	-0.732305
1463.25	7.26777
1465.94	13.2678
1468.64	-2.73213
1471.33	1.26789
1474.02	5.2679
1476.71	15.2679
1479.4	5.26786
1482.09	1.26782
1484.77	-2.73224
1487.46	11.2677
1490.14	17.2676
1492.83	11.2675
1495.51	13.2674
1498.19	5.26723
1500.87	19.2671
1503.55	21.2669
1506.23	9.26675
1508.91	7.26655
1511.59	1.26635
1514.27	3.26613
1516.94	13.2659
1519.62	1.26566
1522.29	15.2654
1524.96	15.2651
1527.63	13.2649
1530.3	19.2646
1532.97	9.26427
1535.64	11.264
1538.31	5.26364
1540.98	7.2633
1543.64	27.263
1546.31	1.26261
1548.97	21.2622
1551.63	13.2619
1554.3	29.2615
1556.96	-0.738904
1559.62	13.2607
1562.28	3.26029
1564.94	-2.74013
1567.59	23.2594
1570.25	9.25902
1572.9	11.2586
1575.56	17.2581
1578.21	13.2577
1580.86	15.2572
1583.52	9.25675
1586.17	13.2563
1588.82	23.2558
1591.47	17.2553
1594.11	19.2548
1596.76	17.2543
1599.41	3.25383
1602.05	7.25332
1604.69	3.25281
1607.34	5.2523
1609.98	1.25178
1612.62	-0.748742
1615.26	17.2507
1617.9	1.2502
1620.54	3.24967
1623.18	13.2491
1625.81	3.2486
1628.45	11.2481
1631.08	3.24752
1633.72	19.247
1636.35	9.24643
1638.98	1.24588
1641.61	5.24534
1644.24	23.2448
1646.87	1.24424
1649.5	9.24369
1652.13	1.24314
1654.75	9.24259
1657.38	29.242
1660	11.2415
1662.63	3.24094
1665.25	1.24039
1667.87	17.2398
1670.49	-6.7607
1673.11	5.23876
1675.73	7.23821
1678.35	13.2377
1680.96	15.2371
1683.58	9.2366
1686.19	1.23607
1688.81	5.23554
1691.42	3.23502
1694.03	19.2345
1696.64	7.23397
1699.25	15.2335
1701.87	7.23295
1704.47	-10.7676
1707.08	21.2319
1709.69	1.23144
1712.29	-6.76905
1714.9	5.23046
1717.5	17.23
1720.1	15.2295
1722.71	11.229
1725.31	5.22857
1727.91	3.22811
1730.51	5.22766
1733.1	7.22722
1735.7	19.2268
1738.3	3.22635
1740.89	15.2259
1743.49	29.2255
1746.08	-4.7749
1748.67	3.2247
1751.26	27.2243
1753.86	13.2239
1756.45	19.2236
1759.03	19.2232
1761.62	23.2228
1764.21	5.22249
1766.8	31.2222
1769.38	15.2218
1771.97	29.2215
1774.55	3.2212
1777.13	9.2209
1779.71	13.2206
1782.29	7.22034
1784.87	11.2201
1787.45	11.2198
1790.03	9.21958
1792.61	9.21935
1795.18	-2.78086
1797.76	7.21893
1800.33	-0.781265
1802.9	7.21855
1805.48	31.2184
1808.05	23.2182
1810.62	19.2181
1813.19	1.21796
1815.76	9.21784
1818.33	9.21774
1820.89	21.2176
1823.46	27.2176
1826.02	-6.78248
1828.59	13.2175
1831.15	1.21744
1833.71	17.2174
1836.27	15.2174
1838.84	1.21744
1841.39	17.2175
1843.95	9.21751
1846.51	7.21757
1849.07	11.2177
1851.62	13.2177
1854.18	1.21786
1856.73	5.21798
1859.29	21.2181
1861.84	29.2183
1864.39	5.21847
1866.94	15.2187
1869.49	23.2189
1872.04	1.21911
1874.59	7.21936
1877.13	19.2196
1879.68	9.21991
1882.22	-4.77978
1884.77	27.2205
1887.31	11.2209
1889.85	3.22124
1892.39	19.2216
1894.93	13.222
1897.47	-0.777555
1900.01	3.22288
1902.55	11.2233
1905.09	11.2238
1907.62	11.2243
1910.16	3.22485
1912.69	19.2254
1915.22	13.226
1917.76	7.22654
1920.29	21.2271
1922.82	-2.77222
1925.35	13.2284
1927.88	23.2291
1930.4	29.2298
1932.93	-0.769491
1935.46	-0.768752
1937.98	7.23201
1940.51	9.23279
1943.03	11.2336
1945.55	13.2344
1948.07	3.23529
1950.59	13.2362
1953.11	-6.76293
1955.63	29.238
1958.15	15.2389
1960.67	1.23992
1963.18	11.2409
1965.7	9.24194
1968.21	13.243
1970.73	23.2441
1973.24	5.24516
1975.75	7.24629
1978.26	13.2474
1980.77	21.2486
1983.28	11.2498
1985.79	11.251
1988.29	1.2523
1990.8	15.2536
1993.31	5.25488
1995.81	11.2562
1998.31	5.25758
