100.093	15.9793
103.274	6.00946
106.457	22.0394
109.636	28.069
112.817	12.0983
115.994	22.1274
119.172	38.1562
122.347	24.1847
125.521	8.2129
128.696	24.2409
131.868	2.26854
135.039	10.2959
138.209	8.32307
141.379	4.34994
144.547	4.37653
147.713	26.4029
150.879	24.4289
154.043	12.4547
157.206	22.4802
160.368	20.5055
163.529	16.5305
166.689	2.55522
169.848	18.5797
173.006	20.6039
176.163	14.6279
179.316	12.6516
182.471	6.67502
185.625	14.6982
188.777	22.7212
191.927	28.7438
195.077	26.7663
198.224	-3.21154
201.372	8.8104
204.52	18.8321
207.664	12.8535
210.809	-1.12526
213.95	6.89569
217.091	10.9164
220.233	14.9369
223.372	22.9571
226.509	14.9771
229.648	24.9968
232.784	7.01634
235.918	9.03561
239.051	29.0546
242.186	9.07346
245.317	13.092
248.447	11.1104
251.577	9.12848
254.705	11.1464
257.832	3.16401
260.958	23.1814
264.083	17.1986
267.204	17.2156
270.327	11.2323
273.449	17.2489
276.57	-10.7348
279.69	27.2812
282.806	17.2971
285.924	13.3127
289.04	15.3282
292.154	-6.65663
295.268	25.3584
298.379	13.3731
301.492	13.3877
304.601	19.402
307.711	7.41619
310.818	11.4301
313.924	17.4438
317.031	9.45734
320.135	23.4706
323.238	17.4837
326.34	29.4966
329.443	11.5093
332.543	17.5218
335.642	21.5341
338.74	23.5462
341.836	1.55805
344.932	15.5697
348.027	15.5812
351.12	-0.407496
354.213	17.6036
357.302	15.6145
360.393	-0.374806
363.482	15.6357
366.57	5.64603
369.656	15.6562
372.742	-2.3339
375.827	17.6758
378.91	13.6854
381.993	9.69479
385.073	9.70398
388.154	11.713
391.232	-4.27819
394.311	11.7305
397.387	-2.26109
400.462	-0.252811
403.536	15.7553
406.611	1.76321
409.683	-0.229044
412.754	5.77852
415.824	9.78591
418.893	-0.206868
421.961	15.8002
425.027	11.807
428.093	19.8137
431.158	9.82028
434.222	9.82664
437.284	17.8328
440.346	13.8389
443.407	9.84472
446.464	17.8504
449.523	13.8559
452.581	5.8613
455.635	11.8665
458.691	9.87154
461.743	-2.12358
464.797	-2.11886
467.847	13.8857
470.899	13.8901
473.947	17.8944
476.994	-6.10156
480.043	23.9024
483.088	-2.09384
486.133	27.9098
489.176	7.91326
492.22	1.91659
495.262	9.91976
498.302	13.9228
501.341	5.92567
504.38	3.9284
507.417	5.93098
510.453	21.9334
513.487	-4.06429
516.521	5.93786
519.554	19.9399
522.586	13.9417
525.616	1.94346
528.646	17.945
531.675	-6.05351
534.701	17.9478
537.729	-0.0510266
540.753	15.95
543.778	-0.0490917
546.8	7.95167
549.821	9.95231
552.844	3.95281
555.863	11.9532
558.881	21.9534
561.898	17.9535
564.916	-0.0465029
567.932	-0.0466521
570.946	17.9531
573.959	11.9527
576.971	-2.04786
579.982	-6.04851
582.993	27.9507
586	11.9498
589.008	21.9488
592.015	9.94766
595.022	5.94639
598.025	9.94502
601.029	7.94352
604.032	3.9419
607.033	15.9402
610.034	11.9383
613.032	9.93637
616.032	9.93429
619.028	1.9321
622.023	11.9298
625.018	21.9274
628.013	7.92487
631.005	1.92224
633.997	17.9195
636.987	13.9167
639.977	-0.0862982
642.965	13.9106
645.952	5.90748
648.939	9.90421
651.924	11.9008
654.909	3.89736
657.892	9.89379
660.873	-0.109888
663.854	5.88633
666.835	13.8825
669.813	21.8785
672.791	11.8744
675.767	11.8702
678.743	15.866
681.717	11.8616
684.692	-2.14283
687.664	9.85263
690.634	7.84799
693.606	15.8433
696.575	21.8384
699.543	19.8335
702.51	19.8285
705.475	3.82344
708.44	1.81827
711.404	7.81301
714.367	7.80766
717.329	-10.1978
720.29	1.79671
723.25	7.79111
726.207	11.7854
729.166	29.7797
732.123	1.77382
735.077	11.7679
738.032	13.7619
740.984	5.75581
743.938	-0.250348
746.888	23.7434
749.839	17.7371
752.788	3.73072
755.735	13.7243
758.682	11.7177
761.627	15.7111
764.574	-4.29557
767.517	9.69768
770.46	21.6909
773.402	7.68396
776.342	7.677
779.282	9.66997
782.219	11.6629
785.157	13.6557
788.094	9.64849
791.029	3.64119
793.962	11.6338
796.896	9.62641
799.828	5.61893
802.76	11.6114
805.689	9.60378
808.619	5.59611
811.546	25.5884
814.473	3.5806
817.4	13.5728
820.324	11.5649
823.248	19.5569
826.17	11.5489
829.092	19.5408
832.012	1.5327
834.932	21.5245
837.851	7.51629
840.768	37.508
843.685	21.4997
846.599	13.4913
849.514	33.4829
852.428	5.47439
855.339	1.46586
858.251	23.4573
861.16	-0.551338
864.07	23.44
866.978	3.43128
869.884	19.4225
872.792	17.4137
875.696	21.4049
878.599	-0.604016
881.502	9.38706
884.404	21.3781
887.304	3.36908
890.204	-0.639975
893.103	9.35094
896.001	9.34181
898.898	13.3326
901.794	3.32344
904.689	17.3142
907.581	-2.69506
910.474	11.2956
913.364	1.28629
916.256	9.27692
919.144	9.26752
922.034	-0.741921
924.92	3.24861
927.808	27.2391
930.693	3.22959
933.576	9.22004
936.459	11.2105
939.341	7.20084
942.222	11.1912
945.102	9.18155
947.981	7.17186
950.859	17.1621
953.737	9.15241
956.613	11.1426
959.488	23.1329
962.361	5.12306
965.235	5.11324
968.105	3.1034
970.977	-0.90647
973.846	17.0836
976.716	23.0737
979.583	7.06383
982.449	9.05389
985.316	11.0439
988.18	25.034
991.043	13.024
993.906	15.014
996.767	7.00398
999.628	0.993956
1002.49	8.98392
1005.35	8.97387
1008.2	14.9638
1011.06	12.9537
1013.91	14.9437
1016.77	22.9336
1019.62	2.92349
1022.48	26.9134
1025.33	20.9033
1028.18	8.89316
1031.03	20.883
1033.87	6.87291
1036.72	30.8628
1039.57	6.85264
1042.41	4.84251
1045.26	8.83237
1048.1	8.82223
1050.94	6.81208
1053.78	16.8019
1056.62	2.7918
1059.46	10.7817
1062.3	10.7715
1065.14	28.7614
1067.97	8.75124
1070.81	18.7411
1073.64	0.73098
1076.47	4.72086
1079.31	10.7107
1082.14	16.7006
1084.97	20.6905
1087.8	-3.31958
1090.63	-1.32967
1093.45	4.66025
1096.28	8.65018
1099.1	-3.35988
1101.93	6.63006
1104.75	12.62
1107.57	20.61
1110.39	14.6
1113.21	10.59
1116.03	-9.42002
1118.85	2.57
1121.66	4.56004
1124.48	6.55009
1127.3	20.5402
1130.11	-1.46976
1132.92	-1.47966
1135.73	8.51046
1138.54	6.5006
1141.35	-3.50924
1144.16	6.48093
1146.97	4.47112
1149.78	16.4613
1152.58	8.45158
1155.39	10.4418
1158.19	6.43212
1161	-7.57757
1163.8	12.4128
1166.6	6.40311
1169.4	2.39349
1172.2	12.3839
1174.99	-3.62568
1177.79	10.3648
1180.59	18.3553
1183.38	14.3458
1186.17	14.3363
1188.97	6.32688
1191.76	4.31748
1194.55	20.3081
1197.34	6.29876
1200.13	12.2895
1202.92	18.2802
1205.7	10.2709
1208.49	14.2617
1211.27	2.25253
1214.06	4.24339
1216.84	20.2343
1219.62	10.2252
1222.4	10.2162
1225.18	2.20716
1227.96	-7.8018
1230.74	12.1893
1233.51	16.1804
1236.29	10.1715
1239.06	-1.83729
1241.84	10.1539
1244.61	14.1452
1247.38	20.1365
1250.15	10.1279
1252.92	8.11925
1255.69	-11.8893
1258.46	4.10216
1261.23	2.09368
1263.99	-1.91475
1266.76	0.0768529
1269.52	4.06851
1272.28	8.06021
1275.05	12.052
1277.81	0.043746
1280.57	6.03559
1283.33	-1.97252
1286.08	2.01941
1288.84	12.0114
1291.6	16.0034
1294.35	-6.00448
1297.11	3.98766
1299.86	7.97984
1302.61	3.97208
1305.36	9.96437
1308.11	-0.043289
1310.86	9.94911
1313.61	13.9416
1316.36	1.93406
1319.1	11.9266
1321.85	3.91924
1324.59	7.91191
1327.33	11.9046
1330.08	17.8974
1332.82	17.8903
1335.56	5.88316
1338.3	1.87612
1341.04	11.8691
1343.77	-4.13779
1346.51	17.8553
1349.25	-0.151457
1351.98	-4.1582
1354.71	11.8351
1357.45	11.8285
1360.18	13.8219
1362.91	-4.18455
1365.64	21.809
1368.37	3.80265
1371.09	1.79635
1373.82	7.79011
1376.54	9.78394
1379.27	1.77784
1381.99	23.7718
1384.72	19.7658
1387.44	25.7599
1390.16	9.75408
1392.88	-4.25168
1395.6	11.7426
1398.31	15.737
1401.03	3.73143
1403.75	3.72594
1406.46	19.7205
1409.18	17.7152
1411.89	-2.2901
1414.6	5.70469
1417.31	5.69957
1420.02	5.69451
1422.73	-12.3105
1425.44	1.68461
1428.15	7.67978
1430.85	13.675
1433.56	5.67034
1436.26	5.66573
1438.97	-0.338798
1441.67	11.6567
1444.37	-6.34763
1447.07	5.64808
1449.77	3.64386
1452.47	15.6397
1455.16	13.6357
1457.86	3.63167
1460.56	5.62777
1463.25	15.624
1465.94	23.6202
1468.64	15.6166
1471.33	5.61298
1474.02	1.60949
1476.71	5.60608
1479.4	1.60275
1482.09	15.5995
1484.77	1.59636
1487.46	9.59329
1490.14	23.5903
1492.83	7.5874
1495.51	13.5846
1498.19	1.58185
1500.87	19.5792
1503.55	25.5767
1506.23	-0.425805
1508.91	11.5718
1511.59	11.5695
1514.27	17.5673
1516.94	17.5652
1519.62	19.5632
1522.29	5.56128
1524.96	1.55944
1527.63	1.5577
1530.3	-0.443956
1532.97	-8.44552
1535.64	19.553
1538.31	-10.4484
1540.98	9.55036
1543.64	13.5492
1546.31	9.54808
1548.97	19.5471
1551.63	5.54618
1554.3	5.54538
1556.96	9.54467
1559.62	19.5441
1562.28	3.54354
1564.94	-0.456878
1567.59	1.5428
1570.25	5.54258
1572.9	-8.45754
1575.56	11.5424
1578.21	1.54251
1580.86	3.54269
1583.52	7.54296
1586.17	9.54334
1588.82	19.5438
1591.47	13.5444
1594.11	1.54508
1596.76	-0.454135
1599.41	7.54675
1602.05	9.54774
1604.69	9.54884
1607.34	-0.449963
1609.98	3.55134
1612.62	15.5527
1615.26	-2.44574
1617.9	-2.44412
1620.54	17.5576
1623.18	9.55944
1625.81	7.56138
1628.45	5.56343
1631.08	3.56558
1633.72	3.56784
1636.35	-6.42979
1638.98	-4.42731
1641.61	11.5753
1644.24	7.57798
1646.87	23.5808
1649.5	9.58371
1652.13	11.5867
1654.75	11.5899
1657.38	7.59313
1660	7.5965
1662.63	13.6
1665.25	7.60357
1667.87	21.6073
1670.49	-2.38891
1673.11	3.61502
1675.73	7.61906
1678.35	13.6232
1680.96	-4.3725
1683.58	7.63189
1686.19	1.63639
1688.81	15.641
1691.42	1.64576
1694.03	15.6506
1696.64	11.6556
1699.25	11.6607
1701.87	5.66589
1704.47	23.6712
1707.08	23.6767
1709.69	17.6822
1712.29	9.68791
1714.9	-0.306287
1717.5	9.69963
1720.1	31.7057
1722.71	13.7118
1725.31	17.7181
1727.91	11.7245
1730.51	23.7311
1733.1	13.7377
1735.7	13.7445
1738.3	5.75141
1740.89	11.7584
1743.49	15.7656
1746.08	7.77285
1748.67	3.78024
1751.26	-0.21224
1753.86	7.79541
1756.45	9.80318
1759.03	9.81107
1761.62	11.8191
1764.21	15.8272
1766.8	3.83552
1769.38	-0.156074
1771.97	17.8525
1774.55	9.86112
1777.13	13.8699
1779.71	-0.121173
1782.29	17.8879
1784.87	5.89704
1787.45	-2.09365
1790.03	7.91578
1792.61	9.92535
1795.18	-0.0649571
1797.76	9.94487
1800.33	-2.04517
1802.9	17.9649
1805.48	1.97514
1808.05	9.98549
1810.62	11.996
1813.19	2.0066
1815.76	0.0173566
1818.33	-3.97175
1820.89	4.03927
1823.46	18.0504
1826.02	8.06171
1828.59	-9.92686
1831.15	2.08469
1833.71	14.0964
1836.27	26.1082
1838.84	16.1202
1841.39	2.1323
1843.95	10.1445
1846.51	8.15692
1849.07	6.16943
1851.62	6.18209
1854.18	0.194882
1856.73	24.2078
1859.29	10.2209
1861.84	8.23409
1864.39	10.2474
1866.94	20.2609
1869.49	18.2746
1872.04	4.28832
1874.59	6.30223
1877.13	24.3163
1879.68	28.3305
1882.22	6.3448
1884.77	14.3593
1887.31	14.3739
1889.85	8.38866
1892.39	12.4036
1894.93	8.4186
1897.47	24.4338
1900.01	10.4491
1902.55	14.4646
1905.09	24.4802
1907.62	10.496
1910.16	22.5119
1912.69	0.527947
1915.22	4.54415
1917.76	12.5605
1920.29	4.57699
1922.82	4.59363
1925.35	0.610418
1927.88	0.627348
1930.4	20.6444
1932.93	-11.3383
1935.46	24.679
1937.98	8.69655
1940.51	12.7142
1943.03	8.73205
1945.55	2.75001
1948.07	16.7681
1950.59	8.7864
1953.11	6.80482
1955.63	4.82338
1958.15	14.8421
1960.67	18.861
1963.18	6.87998
1965.7	2.89916
1968.21	-5.08152
1970.73	20.938
1973.24	-5.04241
1975.75	10.9774
1978.26	10.9973
1980.77	25.0174
1983.28	7.03761
1985.79	11.058
1988.29	5.07854
1990.8	7.09925
1993.31	9.1201
1995.81	5.14111
1998.31	17.1623
