100.093	14.2834
103.274	4.4372
106.457	0.590141
109.636	0.742003
112.817	22.893
115.994	1.04293
119.172	5.19199
122.347	23.34
125.521	1.48705
128.696	21.6332
131.868	7.7784
135.039	9.9226
138.209	12.0659
141.379	20.2083
144.547	8.34968
147.713	8.49013
150.879	12.6297
154.043	-1.23174
157.206	14.9059
160.368	15.0427
163.529	1.17854
166.689	17.3135
169.848	11.4475
173.006	7.58061
176.163	13.7128
179.316	1.84404
182.471	-0.0255438
185.625	8.10398
188.777	-1.76739
191.927	-3.63973
195.077	0.487127
198.224	4.61302
201.372	0.738124
204.52	2.86235
207.664	20.9856
210.809	7.10811
213.95	9.22966
217.091	7.35034
220.233	7.47024
223.372	-4.41079
226.509	9.70733
229.648	5.82467
232.784	7.94109
235.918	6.05667
239.051	-1.82858
242.186	-5.7146
245.317	4.39847
248.447	10.5107
251.577	10.6221
254.705	12.7327
257.832	0.842488
260.958	6.95144
264.083	13.0596
267.204	11.1668
270.327	13.2734
273.449	13.3791
276.57	25.484
279.69	25.5881
282.806	9.69134
285.924	3.79386
289.04	-0.104408
292.154	-4.00353
295.268	10.0966
298.379	12.1959
301.492	12.2945
304.601	6.39231
307.711	-1.51064
310.818	18.5856
313.924	18.681
317.031	12.7758
320.135	2.86973
323.238	18.9629
326.34	1.05532
329.443	5.14706
332.543	-0.76202
335.642	21.3282
338.74	15.4176
341.836	7.50629
344.932	7.59425
348.027	7.68148
351.12	1.76798
354.213	13.8537
357.302	27.9387
360.393	4.02306
363.482	16.1067
366.57	26.1896
369.656	14.2717
372.742	8.35314
375.827	20.4339
378.91	16.5139
381.993	18.5933
385.073	6.67186
388.154	16.7498
391.232	-3.17297
394.311	-3.09639
397.387	12.9794
400.462	3.0546
403.536	1.12907
406.611	21.2029
409.683	-2.72397
412.754	21.3485
415.824	3.42025
418.893	1.49136
421.961	-2.43819
425.027	9.63159
428.093	-2.29929
431.158	15.7692
434.222	19.837
437.284	13.9042
440.346	27.9707
443.407	2.03655
446.464	26.1017
449.523	12.1663
452.581	0.230282
455.635	4.29356
458.691	-3.64375
461.743	6.41827
464.797	4.4797
467.847	4.54047
470.899	6.60067
473.947	16.6602
476.994	14.7191
480.043	-1.22253
483.088	2.83516
486.133	0.892256
489.176	26.9487
492.22	3.00467
495.262	3.05996
498.302	27.1147
501.341	13.1688
504.38	9.22226
507.417	13.2752
510.453	5.32752
513.487	9.37924
516.521	15.4304
519.554	11.481
522.586	-6.46896
525.616	21.5805
528.646	3.62934
531.675	5.67765
534.701	3.72537
537.729	-2.22744
540.753	5.81916
543.778	1.86523
546.8	13.9107
549.821	7.95566
552.844	28.0001
555.863	4.04393
558.881	16.0872
561.898	20.13
564.916	6.17225
567.932	4.21394
570.946	24.2551
573.959	-1.70428
576.971	-7.66418
579.982	12.3754
582.993	14.4144
586	14.4529
589.008	14.491
592.015	-1.47154
595.022	26.5654
598.025	16.6019
601.029	2.63786
604.032	10.6733
607.033	14.7083
610.034	-7.25728
613.032	16.7767
616.032	-17.1899
619.028	16.8431
622.023	14.8755
625.018	12.9075
628.013	-7.06097
631.005	0.970039
633.997	11.0006
636.987	17.0306
639.977	-2.93981
642.965	3.0893
645.952	25.1179
648.939	-0.853906
651.924	11.1738
654.909	9.20103
657.892	11.2278
660.873	11.2541
663.854	7.27997
666.835	3.30538
669.813	19.3303
672.791	23.3548
675.767	17.3789
678.743	1.4025
681.717	13.4257
684.692	1.4484
687.664	27.4707
690.634	-0.507458
693.606	7.51398
696.575	-6.46503
699.543	1.55554
702.51	9.57568
705.475	23.5954
708.44	23.6147
711.404	5.63358
714.367	13.652
717.329	13.6701
720.29	17.6877
723.25	-0.29502
726.207	5.7218
729.166	23.7382
732.123	9.75425
735.077	7.76986
738.032	-0.214908
740.984	17.7999
743.938	-2.18564
746.888	-4.1716
749.839	31.8421
752.788	5.85534
755.735	29.8682
758.682	3.88073
761.627	5.89286
764.574	5.90462
767.517	7.916
770.46	15.927
773.402	13.9376
776.342	1.94792
779.282	15.9578
782.219	3.96736
785.157	1.97655
788.094	9.98537
791.029	29.9938
793.962	22.002
796.896	16.0097
799.828	20.0171
802.76	16.0242
805.689	-1.96908
808.619	20.0373
811.546	22.0433
814.473	24.049
817.4	2.0544
820.324	20.0594
823.248	22.0641
826.17	22.0685
829.092	30.0725
832.012	12.0763
834.932	18.0796
837.851	10.0827
840.768	22.0855
843.685	16.0879
846.599	8.09003
849.514	12.0918
852.428	24.0933
855.339	18.0945
858.251	14.0954
861.16	6.096
864.07	8.09628
866.978	4.09626
869.884	16.0959
872.792	28.0953
875.696	12.0944
878.599	24.0932
881.502	22.0918
884.404	4.08999
887.304	12.0879
890.204	6.0856
893.103	4.08298
896.001	14.0801
898.898	6.07692
901.794	14.0735
904.689	8.06975
907.581	8.06577
910.474	4.06151
913.364	18.057
916.256	18.0522
919.144	12.0472
922.034	16.0419
924.92	12.0363
927.808	12.0305
930.693	8.02439
933.576	18.0181
936.459	20.0115
939.341	6.00468
942.222	13.9976
945.102	21.9903
947.981	17.9827
950.859	5.97496
953.737	-0.0330725
956.613	9.95866
959.488	7.95016
962.361	5.94144
965.235	9.93248
968.105	15.9233
970.977	11.9139
973.846	11.9043
976.716	25.8944
979.583	13.8843
982.449	21.874
985.316	9.86352
988.18	5.8528
991.043	11.8419
993.906	11.8307
996.767	11.8194
999.628	9.80782
1002.49	25.7961
1005.35	9.78409
1008.2	1.77193
1011.06	15.7596
1013.91	7.74702
1016.77	19.7343
1019.62	-0.278672
1022.48	15.7082
1025.33	15.6949
1028.18	19.6814
1031.03	13.6677
1033.87	13.6538
1036.72	13.6397
1039.57	1.6255
1042.41	19.6111
1045.26	9.59651
1048.1	11.5817
1050.94	13.5668
1053.78	5.55171
1056.62	15.5364
1059.46	13.521
1062.3	9.5054
1065.14	-2.51035
1067.97	5.47372
1070.81	27.4577
1073.64	13.4414
1076.47	17.425
1079.31	9.40847
1082.14	19.3918
1084.97	13.3749
1087.8	-0.642059
1090.63	-4.65919
1093.45	-0.676475
1096.28	9.3061
1099.1	11.2885
1101.93	11.2708
1104.75	9.253
1107.57	17.235
1110.39	15.2169
1113.21	1.19869
1116.03	21.1803
1118.85	5.16182
1121.66	17.1432
1124.48	-4.87554
1127.3	15.1056
1130.11	1.08661
1132.92	-0.932495
1135.73	11.0483
1138.54	11.029
1141.35	9.0095
1144.16	-1.01007
1146.97	16.9703
1149.78	0.95048
1152.58	8.93061
1155.39	12.9106
1158.19	14.8905
1161	0.870319
1163.8	12.85
1166.6	14.8296
1169.4	6.80914
1172.2	16.7886
1174.99	10.7679
1177.79	18.7471
1180.59	6.72627
1183.38	-3.29467
1186.17	14.6843
1188.97	8.66319
1191.76	18.642
1194.55	2.62072
1197.34	8.59936
1200.13	10.5779
1202.92	6.55642
1205.7	14.5349
1208.49	20.5132
1211.27	12.4915
1214.06	-1.53032
1216.84	6.44781
1219.62	10.4259
1222.4	12.4039
1225.18	4.38185
1227.96	10.3597
1230.74	12.3376
1233.51	14.3153
1236.29	20.293
1239.06	4.27071
1241.84	10.2483
1244.61	18.2259
1247.38	26.2034
1250.15	8.18085
1252.92	26.1583
1255.69	16.1356
1258.46	10.113
1261.23	0.0902407
1263.99	18.0675
1266.76	16.0447
1269.52	14.0219
1272.28	15.999
1275.05	17.9761
1277.81	-0.0468167
1280.57	17.9302
1283.33	7.90724
1286.08	15.8842
1288.84	7.86119
1291.6	9.83813
1294.35	3.81504
1297.11	17.7919
1299.86	9.76882
1302.61	7.74567
1305.36	7.72253
1308.11	1.69935
1310.86	21.6762
1313.61	9.65298
1316.36	-6.37024
1319.1	-0.393446
1321.85	9.58334
1324.59	15.5601
1327.33	5.53688
1330.08	-0.486347
1332.82	-0.509579
1335.56	17.4672
1338.3	-4.55604
1341.04	19.4207
1343.77	15.3975
1346.51	-2.62568
1349.25	-4.64889
1351.98	15.3279
1354.71	3.30473
1357.45	3.28157
1360.18	11.2584
1362.91	1.23527
1365.64	15.2121
1368.37	21.189
1371.09	1.16597
1373.82	11.1429
1376.54	25.1199
1379.27	9.09687
1381.99	-6.92612
1384.72	11.0509
1387.44	9.028
1390.16	17.0051
1392.88	10.9822
1395.6	6.95939
1398.31	16.9366
1401.03	-5.08615
1403.75	6.89113
1406.46	16.8684
1409.18	6.84579
1411.89	16.8232
1414.6	-1.19937
1417.31	22.7781
1420.02	12.7557
1422.73	14.7332
1425.44	6.71087
1428.15	6.68856
1430.85	18.6663
1433.56	-1.35592
1436.26	8.62191
1438.97	12.5998
1441.67	2.57778
1444.37	4.5558
1447.07	2.53387
1449.77	14.512
1452.47	12.4902
1455.16	14.4685
1457.86	0.446805
1460.56	4.4252
1463.25	4.40366
1465.94	14.3822
1468.64	12.3608
1471.33	0.339502
1474.02	0.31825
1476.71	2.29709
1479.4	6.27598
1482.09	4.25497
1484.77	10.234
1487.46	8.21319
1490.14	22.1924
1492.83	8.17173
1495.51	-3.84887
1498.19	18.1306
1500.87	8.11019
1503.55	20.0898
1506.23	4.06959
1508.91	6.04944
1511.59	18.0294
1514.27	10.0094
1516.94	13.9895
1519.62	5.96974
1522.29	11.9501
1524.96	-6.06952
1527.63	3.911
1530.3	9.89162
1532.97	19.8723
1535.64	-2.14683
1538.31	5.8341
1540.98	19.8152
1543.64	13.7963
1546.31	23.7776
1548.97	7.75893
1551.63	9.74041
1554.3	-2.278
1556.96	7.70372
1559.62	19.6855
1562.28	17.6675
1564.94	-6.35044
1567.59	-0.368262
1570.25	-4.38596
1572.9	17.5965
1575.56	3.57901
1578.21	9.56169
1580.86	3.54449
1583.52	5.52741
1586.17	13.5105
1588.82	-4.50635
1591.47	-10.523
1594.11	-0.539574
1596.76	3.44401
1599.41	-0.572271
1602.05	11.4116
1604.69	9.39557
1607.34	9.3797
1609.98	11.364
1612.62	17.3484
1615.26	15.3329
1617.9	5.31762
1620.54	7.30245
1623.18	1.28744
1625.81	13.2726
1628.45	-2.74216
1631.08	9.24327
1633.72	17.2289
1636.35	3.21458
1638.98	7.20046
1641.61	7.1865
1644.24	17.1727
1646.87	1.15903
1649.5	5.14553
1652.13	9.1322
1654.75	3.11902
1657.38	-2.894
1660	23.0931
1662.63	-0.919546
1665.25	-4.93208
1667.87	3.05556
1670.49	9.04336
1673.11	19.0313
1675.73	3.01948
1678.35	15.0078
1680.96	8.99627
1683.58	0.984926
1686.19	0.97375
1688.81	8.96275
1691.42	8.95193
1694.03	14.9413
1696.64	-3.06919
1699.25	2.92053
1701.87	2.91041
1704.47	4.90049
1707.08	6.89074
1709.69	2.88118
1712.29	-5.1282
1714.9	10.8626
1717.5	14.8536
1720.1	0.844792
1722.71	2.83616
1725.31	4.82773
1727.91	0.819477
1730.51	6.81143
1733.1	8.80357
1735.7	12.7959
1738.3	2.78842
1740.89	12.7811
1743.49	6.77407
1746.08	0.767194
1748.67	-3.23949
1751.26	8.75404
1753.86	4.74776
1756.45	-3.25831
1759.03	6.73582
1761.62	12.7302
1764.21	10.7247
1766.8	12.7194
1769.38	0.714407
1771.97	14.7096
1774.55	10.7049
1777.13	2.70054
1779.71	-3.30366
1782.29	2.69235
1784.87	18.6886
1787.45	18.685
1790.03	6.68169
1792.61	-3.32144
1795.18	8.67566
1797.76	0.672978
1800.33	10.6705
1802.9	2.66827
1805.48	4.66626
1808.05	2.66446
1810.62	8.66289
1813.19	6.66154
1815.76	0.660426
1818.33	8.65954
1820.89	10.6589
1823.46	10.6584
1826.02	10.6582
1828.59	14.6583
1831.15	12.6585
1833.71	-1.34097
1836.27	6.65976
1838.84	4.66073
1841.39	18.6619
1843.95	6.66337
1846.51	20.6651
1849.07	-3.33303
1851.62	6.66913
1854.18	6.67153
1856.73	14.6742
1859.29	10.6771
1861.84	4.68019
1864.39	10.6836
1866.94	0.687185
1869.49	18.6911
1872.04	8.69517
1874.59	6.69954
1877.13	20.7042
1879.68	2.70902
1882.22	0.714139
1884.77	6.71951
1887.31	6.72514
1889.85	12.731
1892.39	16.7372
1894.93	0.743544
1897.47	4.7502
1900.01	4.75711
1902.55	10.7643
1905.09	18.7717
1907.62	-1.22061
1910.16	8.78734
1912.69	4.79555
1915.22	-1.19597
1917.76	12.8128
1920.29	-3.17821
1922.82	6.83106
1925.35	26.8406
1927.88	4.85041
1930.4	12.8605
1932.93	6.87084
1935.46	2.88147
1937.98	8.89236
1940.51	12.9035
1943.03	8.91497
1945.55	2.92668
1948.07	6.93868
1950.59	12.9509
1953.11	12.9635
1955.63	8.97631
1958.15	0.989408
1960.67	7.00279
1963.18	17.0164
1965.7	21.0304
1968.21	21.0446
1970.73	-0.940868
1973.24	1.07393
1975.75	15.089
1978.26	9.10437
1980.77	-2.87998
1983.28	9.13596
1985.79	3.15219
1988.29	19.1687
1990.8	9.18552
1993.31	17.2026
1995.81	7.22001
1998.31	-4.76232
