100.093	16.4355
103.274	6.47699
106.457	18.5184
109.636	30.5597
112.817	12.6008
115.994	26.6418
119.172	10.6827
122.347	22.7235
125.521	20.7641
128.696	26.8046
131.868	2.84503
135.039	12.8853
138.209	12.9254
141.379	0.965458
144.547	15.0053
147.713	15.0451
150.879	17.0847
154.043	19.1243
157.206	17.1636
160.368	25.2029
163.529	-8.75796
166.689	21.2811
169.848	13.3199
173.006	25.3587
176.163	1.39734
179.316	3.43583
182.471	17.4742
185.625	11.5125
188.777	13.5506
191.927	13.5886
195.077	-4.3735
198.224	1.66424
201.372	9.70189
204.52	9.7394
207.664	-4.22323
210.809	3.81403
213.95	-0.148852
217.091	15.8881
220.233	5.92503
223.372	19.9618
226.509	11.9984
229.648	10.0349
232.784	14.0713
235.918	18.1075
239.051	-1.85637
242.186	12.1796
245.317	28.2155
248.447	18.2513
251.577	18.2869
254.705	4.32236
257.832	16.3577
260.958	8.39297
264.083	2.42808
267.204	20.4631
270.327	12.4979
273.449	18.5327
276.57	18.5673
279.69	6.60176
282.806	8.63611
285.924	0.670347
289.04	16.7045
292.154	4.73843
295.268	10.7723
298.379	20.806
301.492	16.8396
304.601	14.8731
307.711	8.90645
310.818	16.9397
313.924	8.97276
317.031	3.00574
320.135	13.0386
323.238	15.0713
326.34	19.1039
329.443	3.13637
332.543	21.1687
335.642	1.20093
338.74	19.233
341.836	5.26498
344.932	9.29681
348.027	23.3285
351.12	11.3601
354.213	3.39157
357.302	15.4229
360.393	39.4541
363.482	3.48518
366.57	9.51614
369.656	17.547
372.742	3.57767
375.827	13.6082
378.91	7.63869
381.993	-0.330982
385.073	5.6992
388.154	27.7293
391.232	3.75922
394.311	-0.210948
397.387	-8.18126
400.462	5.8483
403.536	17.8777
406.611	15.9071
409.683	11.9362
412.754	-4.0347
415.824	5.99423
418.893	8.02304
421.961	12.0517
425.027	10.0803
428.093	6.10871
431.158	22.137
434.222	4.16519
437.284	20.1932
440.346	4.22117
443.407	10.249
446.464	14.2766
449.523	12.3042
452.581	16.3316
455.635	8.3589
458.691	10.3861
461.743	12.4131
464.797	14.44
467.847	-7.53319
470.899	6.49348
473.947	-1.47999
476.994	6.54641
480.043	12.5727
483.088	10.5989
486.133	26.6249
489.176	16.6508
492.22	12.6766
495.262	6.70224
498.302	6.72776
501.341	8.75316
504.38	2.77844
507.417	18.8036
510.453	2.82861
513.487	6.85349
516.521	4.87826
519.554	10.9029
522.586	14.9274
525.616	12.9518
528.646	14.9761
531.675	5.00022
534.701	11.0242
537.729	5.04812
540.753	25.0719
543.778	-8.90448
546.8	17.119
549.821	5.14239
552.844	9.16566
555.863	23.1888
558.881	3.21178
561.898	17.2347
564.916	-6.74258
567.932	3.28004
570.946	9.30254
573.959	15.3249
576.971	-12.6528
579.982	13.3693
582.993	13.3913
586	1.41313
589.008	17.4349
592.015	11.4565
595.022	15.478
598.025	-0.500657
601.029	17.5206
604.032	-2.4583
607.033	11.5627
610.034	-6.41645
613.032	19.6043
616.032	11.6249
619.028	1.64537
622.023	1.66572
625.018	13.6859
628.013	9.70606
631.005	9.72603
633.997	-0.254116
636.987	3.76561
639.977	19.7852
642.965	7.80468
645.952	5.82403
648.939	5.84325
651.924	1.86235
654.909	21.8813
657.892	11.9002
660.873	7.91888
663.854	13.9375
666.835	11.9559
669.813	17.9743
672.791	11.9925
675.767	16.0106
678.743	8.02856
681.717	12.0464
684.692	12.0641
687.664	8.08169
690.634	20.0991
693.606	8.11649
696.575	14.1337
699.543	14.1508
702.51	12.1677
705.475	4.18457
708.44	2.20128
711.404	0.217858
714.367	4.23431
717.329	12.2506
720.29	12.2669
723.25	10.2829
726.207	18.2989
729.166	36.3147
732.123	12.3304
735.077	8.34598
738.032	-1.63856
740.984	2.37676
743.938	10.392
746.888	-3.59296
749.839	8.42199
752.788	2.43681
755.735	22.4515
758.682	22.4661
761.627	20.4805
764.574	10.4949
767.517	16.509
770.46	14.5231
773.402	18.5371
776.342	2.55089
779.282	20.5646
782.219	16.5781
785.157	-1.40841
788.094	22.6049
791.029	24.6181
793.962	16.6312
796.896	-5.35588
799.828	10.6569
802.76	20.6696
805.689	0.682197
808.619	8.69464
811.546	2.70696
814.473	10.7192
817.4	28.7312
820.324	12.7432
823.248	28.755
826.17	10.7667
829.092	18.7782
832.012	14.7897
834.932	8.801
837.851	-7.1878
840.768	10.8233
843.685	36.8342
846.599	20.845
849.514	10.8557
852.428	18.8663
855.339	16.8767
858.251	18.887
861.16	10.8972
864.07	12.9073
866.978	8.91725
869.884	14.9271
872.792	14.9368
875.696	20.9463
878.599	2.95578
881.502	10.9651
884.404	8.9743
887.304	20.9834
890.204	0.992317
893.103	21.0011
896.001	23.0098
898.898	-6.98159
901.794	5.02686
904.689	25.0352
907.581	11.0434
910.474	11.0515
913.364	7.05941
916.256	21.0672
919.144	5.07494
922.034	19.0825
924.92	11.09
927.808	11.0973
930.693	11.1045
933.576	27.1116
936.459	1.11855
939.341	-0.874622
942.222	1.13209
945.102	17.1387
947.981	7.14513
950.859	5.15147
953.737	-8.84232
956.613	25.1638
959.488	7.16973
962.361	15.1756
965.235	19.1813
968.105	11.1869
970.977	13.1923
973.846	1.19769
976.716	3.20291
979.583	9.20801
982.449	11.213
985.316	7.21783
988.18	13.2226
991.043	9.22715
993.906	13.2316
996.767	5.23598
999.628	-0.759787
1002.49	5.24432
1005.35	15.2483
1008.2	7.25216
1011.06	7.2559
1013.91	3.25951
1016.77	7.263
1019.62	17.2664
1022.48	13.2696
1025.33	13.2727
1028.18	15.2757
1031.03	7.27859
1033.87	1.28133
1036.72	17.284
1039.57	9.28646
1042.41	11.2888
1045.26	23.2911
1048.1	23.2932
1050.94	31.2952
1053.78	19.2971
1056.62	15.2989
1059.46	15.3005
1062.3	17.302
1065.14	5.30342
1067.97	11.3047
1070.81	13.3058
1073.64	11.3069
1076.47	21.3078
1079.31	11.3085
1082.14	17.3092
1084.97	13.3097
1087.8	15.3101
1090.63	21.3104
1093.45	7.31059
1096.28	1.31063
1099.1	5.31055
1101.93	7.31034
1104.75	15.31
1107.57	3.30956
1110.39	-8.69101
1113.21	17.3083
1116.03	9.30748
1118.85	5.30654
1121.66	15.3055
1124.48	5.30429
1127.3	13.303
1130.11	5.30155
1132.92	21.3
1135.73	25.2983
1138.54	19.2965
1141.35	17.2946
1144.16	3.29257
1146.97	3.29041
1149.78	3.28812
1152.58	13.2857
1155.39	17.2832
1158.19	15.2805
1161	11.2778
1163.8	9.27486
1166.6	15.2718
1169.4	3.2687
1172.2	15.2654
1174.99	5.26206
1177.79	11.2586
1180.59	11.2549
1183.38	1.25118
1186.17	9.24731
1188.97	3.24331
1191.76	5.2392
1194.55	11.235
1197.34	7.23061
1200.13	3.22613
1202.92	21.2215
1205.7	7.21681
1208.49	7.21196
1211.27	7.207
1214.06	19.2019
1216.84	13.1967
1219.62	3.19138
1222.4	11.1859
1225.18	17.1804
1227.96	3.17466
1230.74	1.16885
1233.51	11.1629
1236.29	11.1569
1239.06	11.1507
1241.84	15.1444
1244.61	11.138
1247.38	5.13142
1250.15	11.1248
1252.92	29.118
1255.69	11.1111
1258.46	-0.895948
1261.23	11.0969
1263.99	-0.910358
1266.76	15.0823
1269.52	11.0747
1272.28	3.06712
1275.05	5.05937
1277.81	5.0515
1280.57	9.04351
1283.33	7.0354
1286.08	-2.97283
1288.84	21.0188
1291.6	29.0103
1294.35	-2.99825
1297.11	6.99305
1299.86	22.9842
1302.61	-3.02474
1305.36	24.9662
1308.11	18.957
1310.86	12.9477
1313.61	6.93825
1316.36	20.9287
1319.1	12.919
1321.85	18.9092
1324.59	-3.10068
1327.33	8.88928
1330.08	0.879128
1332.82	0.868855
1335.56	18.8585
1338.3	12.8479
1341.04	2.83732
1343.77	10.8266
1346.51	6.8157
1349.25	6.8047
1351.98	18.7936
1354.71	-1.21764
1357.45	8.77101
1360.18	18.7595
1362.91	18.7479
1365.64	10.7362
1368.37	-3.27559
1371.09	12.7125
1373.82	6.7004
1376.54	0.68822
1379.27	10.6759
1381.99	4.66349
1384.72	10.6509
1387.44	-1.36172
1390.16	-1.3745
1392.88	4.6126
1395.6	12.5996
1398.31	-3.41356
1401.03	16.5732
1403.75	20.5598
1406.46	24.5463
1409.18	6.5327
1411.89	10.519
1414.6	20.5051
1417.31	8.49115
1420.02	-3.52294
1422.73	4.46285
1425.44	18.4485
1428.15	24.4341
1430.85	12.4195
1433.56	10.4048
1436.26	12.39
1438.97	2.37513
1441.67	8.3601
1444.37	16.3449
1447.07	4.32967
1449.77	10.3143
1452.47	16.2988
1455.16	18.2831
1457.86	4.2674
1460.56	8.25154
1463.25	8.23556
1465.94	8.21946
1468.64	16.2032
1471.33	4.18692
1474.02	6.17046
1476.71	8.15389
1479.4	4.1372
1482.09	16.1204
1484.77	26.1035
1487.46	12.0864
1490.14	-1.93072
1492.83	-7.94799
1495.51	20.0346
1498.19	14.0171
1500.87	11.9995
1503.55	1.98174
1506.23	-2.03613
1508.91	1.9459
1511.59	9.9278
1514.27	17.9096
1516.94	3.89126
1519.62	9.87281
1522.29	9.85424
1524.96	17.8356
1527.63	15.8168
1530.3	5.79785
1532.97	11.7788
1535.64	5.75967
1538.31	15.7404
1540.98	7.72103
1543.64	-4.29848
1546.31	1.68192
1548.97	11.6622
1551.63	7.64234
1554.3	3.62236
1556.96	9.60229
1559.62	19.5821
1562.28	7.56178
1564.94	21.5413
1567.59	17.5208
1570.25	5.50014
1572.9	13.4794
1575.56	-4.54154
1578.21	-10.5625
1580.86	-0.583672
1583.52	19.3951
1586.17	1.37373
1588.82	5.35224
1591.47	15.3307
1594.11	9.30896
1596.76	3.28714
1599.41	-2.7348
1602.05	-0.756852
1604.69	13.221
1607.34	11.1987
1609.98	15.1763
1612.62	-2.84623
1615.26	7.13113
1617.9	3.1084
1620.54	5.08553
1623.18	7.06256
1625.81	5.03946
1628.45	-0.983745
1631.08	6.99294
1633.72	4.9695
1636.35	10.9459
1638.98	2.92228
1641.61	8.8985
1644.24	6.8746
1646.87	0.850583
1649.5	4.82645
1652.13	20.8022
1654.75	18.7779
1657.38	14.7534
1660	16.7288
1662.63	10.7041
1665.25	6.67928
1667.87	12.6543
1670.49	2.62931
1673.11	10.6041
1675.73	-3.42113
1678.35	14.5535
1680.96	20.528
1683.58	16.5024
1686.19	6.47664
1688.81	14.4508
1691.42	10.4248
1694.03	6.39876
1696.64	8.37258
1699.25	10.3463
1701.87	10.3199
1704.47	2.29333
1707.08	4.26669
1709.69	22.2399
1712.29	0.213068
1714.9	18.1861
1717.5	-3.841
1720.1	2.13179
1722.71	8.10445
1725.31	2.07703
1727.91	14.0495
1730.51	0.0218125
1733.1	5.99404
1735.7	11.9661
1738.3	5.93814
1740.89	21.91
1743.49	-0.118207
1746.08	1.85345
1748.67	-14.175
1751.26	3.79644
1753.86	15.7677
1756.45	17.7389
1759.03	5.71005
1761.62	7.68102
1764.21	9.6519
1766.8	3.62266
1769.38	-4.4067
1771.97	9.56382
1774.55	21.5342
1777.13	-0.495459
1779.71	-10.5253
1782.29	7.44483
1784.87	1.41479
1787.45	25.3846
1790.03	11.3544
1792.61	5.32402
1795.18	1.29355
1797.76	3.26294
1800.33	5.23224
1802.9	9.20143
1805.48	5.1705
1808.05	1.13946
1810.62	15.1083
1813.19	9.07704
1815.76	17.0457
1818.33	5.01417
1820.89	-1.01744
1823.46	2.95086
1826.02	-3.08097
1828.59	-5.11289
1831.15	10.8551
1833.71	22.8229
1836.27	-1.20937
1838.84	-1.24175
1841.39	12.7258
1843.95	12.6932
1846.51	12.6604
1849.07	-1.37236
1851.62	8.5947
1854.18	6.56165
1856.73	6.5285
1859.29	10.4952
1861.84	10.4619
1864.39	6.42837
1866.94	4.39475
1869.49	14.361
1872.04	24.3272
1874.59	12.2933
1877.13	18.2593
1879.68	2.22512
1882.22	18.1908
1884.77	14.1565
1887.31	6.122
1889.85	2.08739
1892.39	0.0526997
1894.93	0.0178952
1897.47	-6.01705
1900.01	3.94792
1902.55	-4.08722
1905.09	3.87753
1907.62	15.8422
1910.16	3.80671
1912.69	7.77112
1915.22	-4.26458
1917.76	9.69963
1920.29	13.6637
1922.82	15.6277
1925.35	15.5916
1927.88	9.55532
1930.4	3.51897
1932.93	-2.51748
1935.46	1.44595
1937.98	7.40927
1940.51	7.37248
1943.03	9.33558
1945.55	11.2986
1948.07	3.26147
1950.59	15.2243
1953.11	-2.81309
1955.63	1.14948
1958.15	11.1119
1960.67	3.07428
1963.18	7.03652
1965.7	0.998645
1968.21	4.96066
1970.73	0.922564
1973.24	-3.11564
1975.75	-3.15393
1978.26	2.80764
1980.77	2.76913
1983.28	6.73048
1985.79	10.6917
1988.29	4.6529
1990.8	2.61392
1993.31	12.5749
1995.81	4.53568
1998.31	4.49642
