100.093	25.3602
103.274	5.41642
106.457	15.4722
109.636	19.5275
112.817	1.58241
115.994	9.63677
119.172	27.6907
122.347	1.74411
125.521	-2.20294
128.696	13.8496
131.868	17.9016
135.039	5.95318
138.209	16.0043
141.379	10.055
144.547	14.1052
147.713	26.1549
150.879	8.20423
154.043	-5.74692
157.206	10.3015
160.368	8.34946
163.529	8.39699
166.689	24.4441
169.848	6.49074
173.006	-1.46304
176.163	0.582754
179.316	16.6281
182.471	14.673
185.625	0.71753
188.777	10.7616
191.927	30.8053
195.077	8.8485
198.224	16.8913
201.372	14.9337
204.52	22.9757
207.664	13.0173
210.809	15.0585
213.95	11.0992
217.091	3.13959
220.233	17.1796
223.372	7.21911
226.509	11.2583
229.648	5.29705
232.784	15.3354
235.918	11.3734
239.051	19.411
242.186	3.44819
245.317	1.485
248.447	13.5214
251.577	15.5575
254.705	-0.406854
257.832	1.62844
260.958	15.6634
264.083	19.6979
267.204	9.73205
270.327	15.7659
273.449	9.7993
276.57	19.8324
279.69	3.86509
282.806	19.8974
285.924	19.9294
289.04	9.96105
292.154	9.99231
295.268	16.0232
298.379	16.0538
301.492	16.084
304.601	10.1139
307.711	16.1434
310.818	6.17262
313.924	12.2015
317.031	6.22998
320.135	12.2581
323.238	12.286
326.34	14.3135
329.443	14.3406
332.543	26.3675
335.642	2.394
338.74	10.4202
341.836	14.446
344.932	0.471589
348.027	14.4968
351.12	0.521719
354.213	18.5463
357.302	14.5706
360.393	4.59454
363.482	16.6182
366.57	6.64155
369.656	2.66458
372.742	18.6873
375.827	18.7098
378.91	18.7319
381.993	10.7537
385.073	8.77526
388.154	12.7965
391.232	10.8175
394.311	14.8381
397.387	20.8585
400.462	20.8786
403.536	-1.10163
406.611	-1.08211
409.683	10.9371
412.754	8.95608
415.824	-3.02525
418.893	12.9932
421.961	1.01128
425.027	11.0291
428.093	7.04673
431.158	1.06404
434.222	23.0811
437.284	3.09788
440.346	1.11441
443.407	3.13067
446.464	-0.853331
449.523	-2.83758
452.581	9.17791
455.635	11.1931
458.691	7.20813
461.743	-2.77714
464.797	-6.76265
467.847	11.2516
470.899	7.26559
473.947	-8.72066
476.994	7.29284
480.043	5.30612
483.088	-6.68085
486.133	9.33195
489.176	3.34451
492.22	11.3568
495.262	1.36895
498.302	-8.61918
501.341	7.39247
504.38	23.4039
507.417	3.41509
510.453	3.42606
513.487	9.43681
516.521	1.44735
519.554	15.4577
522.586	13.4678
525.616	3.47767
528.646	3.48736
531.675	3.49683
534.701	1.5061
537.729	5.51516
540.753	19.524
543.778	9.53267
546.8	5.54111
549.821	15.5494
552.844	7.55742
555.863	-6.43472
558.881	-2.42705
561.898	9.58042
564.916	-12.4123
567.932	5.5948
570.946	9.6017
573.959	1.60842
576.971	-0.38504
579.982	5.62131
582.993	7.62749
586	3.63348
589.008	7.6393
592.015	-2.35506
595.022	-0.34959
598.025	5.6557
601.029	-2.33917
604.032	3.66579
607.033	-0.329425
610.034	13.6752
613.032	13.6797
616.032	7.68396
619.028	11.6881
622.023	-4.30793
625.018	7.69589
628.013	7.69955
631.005	3.70306
633.997	19.7064
636.987	3.70962
639.977	25.7127
642.965	-10.2844
645.952	9.71835
648.939	3.72096
651.924	15.7234
654.909	9.72577
657.892	5.72796
660.873	13.73
663.854	5.73194
666.835	17.7337
669.813	11.7354
672.791	15.7369
675.767	7.73827
678.743	7.73953
681.717	19.7407
684.692	21.7417
687.664	15.7425
690.634	11.7433
693.606	15.7439
696.575	9.74446
699.543	3.74486
702.51	9.74515
705.475	9.74532
708.44	7.74537
711.404	5.74532
714.367	15.7452
717.329	11.7449
720.29	5.74449
723.25	9.74401
726.207	9.74341
729.166	21.7427
732.123	-0.258078
735.077	19.741
738.032	19.74
740.984	19.7389
743.938	1.73776
746.888	21.7365
749.839	3.73511
752.788	19.7336
755.735	21.7321
758.682	27.7305
761.627	9.72873
764.574	7.72692
767.517	19.725
770.46	-0.276949
773.402	1.721
776.342	3.71886
779.282	13.7167
782.219	17.7144
785.157	21.712
788.094	9.70957
791.029	11.7071
793.962	3.70448
796.896	9.70184
799.828	13.6991
802.76	5.69635
805.689	5.6935
808.619	13.6906
811.546	3.68763
814.473	23.6846
817.4	19.6815
820.324	19.6784
823.248	17.6752
826.17	-0.328079
829.092	21.6686
832.012	13.6653
834.932	19.6618
837.851	15.6584
840.768	21.6549
843.685	13.6513
846.599	13.6477
849.514	15.6441
852.428	5.64042
855.339	19.6367
858.251	19.6329
861.16	1.62914
864.07	13.6253
866.978	7.62144
869.884	21.6175
872.792	-0.386398
875.696	11.6096
878.599	9.60564
881.502	11.6016
884.404	-18.4024
887.304	1.5935
890.204	7.5894
893.103	9.58527
896.001	13.5811
898.898	5.57697
901.794	5.57278
904.689	17.5686
907.581	23.5644
910.474	5.56014
913.364	9.55589
916.256	17.5516
919.144	-2.45263
922.034	9.54309
924.92	13.5388
927.808	15.5345
930.693	11.5302
933.576	3.52592
936.459	21.5216
939.341	19.5173
942.222	-6.48699
945.102	13.5087
947.981	31.5044
950.859	13.5001
953.737	9.49581
956.613	3.49152
959.488	1.48724
962.361	7.48297
965.235	11.4787
968.105	5.47446
970.977	7.47022
973.846	5.466
976.716	9.46179
979.583	5.4576
982.449	1.45342
985.316	25.4493
988.18	3.44513
991.043	11.441
993.906	9.43692
996.767	7.43286
999.628	11.4288
1002.49	11.4248
1005.35	5.42081
1008.2	11.4168
1011.06	3.41292
1013.91	9.40902
1016.77	5.40515
1019.62	13.4013
1022.48	13.3975
1025.33	29.3938
1028.18	15.39
1031.03	7.38635
1033.87	-0.617294
1036.72	1.3791
1039.57	11.3755
1042.41	21.372
1045.26	15.3685
1048.1	3.36512
1050.94	7.36174
1053.78	3.3584
1056.62	11.3551
1059.46	13.3519
1062.3	21.3487
1065.14	9.34558
1067.97	1.3425
1070.81	-6.66052
1073.64	-2.66348
1076.47	21.3336
1079.31	9.33077
1082.14	5.32798
1084.97	5.32526
1087.8	13.3226
1090.63	5.31999
1093.45	3.31746
1096.28	15.315
1099.1	5.31259
1101.93	-0.689744
1104.75	11.308
1107.57	11.3058
1110.39	1.30367
1113.21	-2.69837
1116.03	9.29965
1118.85	11.2977
1121.66	9.29592
1124.48	9.29417
1127.3	15.2925
1130.11	13.2909
1132.92	25.2894
1135.73	19.288
1138.54	1.28663
1141.35	-4.71463
1144.16	1.28419
1146.97	5.2831
1149.78	9.2821
1152.58	3.28119
1155.39	5.28036
1158.19	9.27963
1161	-0.721016
1163.8	11.2784
1166.6	15.278
1169.4	5.27762
1172.2	3.27735
1174.99	1.27718
1177.79	-2.72289
1180.59	13.2771
1183.38	9.27727
1186.17	3.2775
1188.97	15.2778
1191.76	7.27827
1194.55	3.27881
1197.34	9.27946
1200.13	-16.7198
1202.92	1.28107
1205.7	1.28204
1208.49	-2.71688
1211.27	1.28431
1214.06	7.28561
1216.84	-0.712971
1219.62	1.28856
1222.4	9.2902
1225.18	1.29196
1227.96	13.2938
1230.74	5.29584
1233.51	9.29795
1236.29	7.30019
1239.06	13.3025
1241.84	11.305
1244.61	3.30763
1247.38	13.3104
1250.15	-4.68679
1252.92	7.31619
1255.69	15.3193
1258.46	-0.677471
1261.23	3.32589
1263.99	11.3294
1266.76	1.33302
1269.52	13.3368
1272.28	13.3407
1275.05	3.34469
1277.81	-2.65115
1280.57	5.35315
1283.33	9.35759
1286.08	1.36216
1288.84	7.36688
1291.6	1.37173
1294.35	-2.62327
1297.11	15.3819
1299.86	1.38715
1302.61	15.3926
1305.36	7.39814
1308.11	3.40386
1310.86	7.40972
1313.61	-0.584267
1316.36	5.4219
1319.1	3.42821
1321.85	7.43467
1324.59	3.44128
1327.33	11.4481
1330.08	5.45497
1332.82	9.46205
1335.56	11.4693
1338.3	1.47667
1341.04	21.4842
1343.77	3.49192
1346.51	3.49978
1349.25	13.5078
1351.98	9.516
1354.71	21.5243
1357.45	9.53286
1360.18	9.54153
1362.91	5.55038
1365.64	5.55939
1368.37	-4.43144
1371.09	5.57791
1373.82	9.58742
1376.54	7.59709
1379.27	3.60695
1381.99	11.617
1384.72	5.62717
1387.44	3.63753
1390.16	-0.351918
1392.88	1.6588
1395.6	19.6697
1398.31	27.6808
1401.03	13.692
1403.75	13.7034
1406.46	-2.28494
1409.18	11.7268
1411.89	11.7388
1414.6	15.751
1417.31	17.7633
1420.02	-2.22418
1422.73	7.78852
1425.44	1.80142
1428.15	1.81449
1430.85	7.82776
1433.56	-8.1588
1436.26	7.85485
1438.97	9.86868
1441.67	9.8827
1444.37	-0.103085
1447.07	9.91132
1449.77	3.92592
1452.47	1.94072
1455.16	13.9557
1457.86	19.9709
1460.56	7.98629
1463.25	2.00187
1465.94	18.0176
1468.64	18.0336
1471.33	-1.95019
1474.02	6.06619
1476.71	-9.91723
1479.4	10.0996
1482.09	10.1166
1484.77	12.1337
1487.46	8.15115
1490.14	6.16875
1492.83	2.18657
1495.51	20.2046
1498.19	24.2228
1500.87	10.2413
1503.55	18.2599
1506.23	16.2788
1508.91	8.29784
1511.59	4.31713
1514.27	-5.66338
1516.94	6.35633
1519.62	4.37627
1522.29	10.3964
1524.96	2.41677
1527.63	12.4373
1530.3	14.4581
1532.97	18.4792
1535.64	22.5004
1538.31	10.5219
1540.98	4.54352
1543.64	0.565429
1546.31	2.58754
1548.97	10.6099
1551.63	-1.36754
1554.3	-1.34473
1556.96	10.6783
1559.62	8.70153
1562.28	4.72501
1564.94	22.7487
1567.59	6.77264
1570.25	16.7968
1572.9	-1.17879
1575.56	-1.15416
1578.21	8.87069
1580.86	16.8958
1583.52	0.921117
1586.17	26.9467
1588.82	0.972474
1591.47	14.9985
1594.11	3.02476
1596.76	11.0513
1599.41	-2.922
1602.05	-4.89501
1604.69	7.13221
1607.34	23.1597
1609.98	15.1874
1612.62	9.21533
1615.26	9.24353
1617.9	19.2719
1620.54	7.30063
1623.18	7.32954
1625.81	9.35872
1628.45	5.38813
1631.08	9.41778
1633.72	17.4477
1636.35	1.47784
1638.98	13.5082
1641.61	3.5389
1644.24	13.5698
1646.87	-2.39904
1649.5	23.6324
1652.13	7.66403
1654.75	5.69595
1657.38	19.7281
1660	-2.23946
1662.63	3.79321
1665.25	15.8262
1667.87	-4.14065
1670.49	3.8928
1673.11	3.9265
1675.73	5.96047
1678.35	13.9947
1680.96	-1.97081
1683.58	18.0639
1686.19	10.0989
1688.81	14.1342
1691.42	-15.8303
1694.03	22.2055
1696.64	12.2416
1699.25	8.27792
1701.87	6.31453
1704.47	10.3514
1707.08	6.38851
1709.69	18.4259
1712.29	0.463567
1714.9	-1.4985
1717.5	8.53968
1720.1	20.5782
1722.71	6.61691
1725.31	12.6559
1727.91	22.6952
1730.51	12.7348
1733.1	10.7746
1735.7	20.8147
1738.3	18.8551
1740.89	26.8957
1743.49	-1.06332
1746.08	10.9779
1748.67	15.0194
1751.26	7.06113
1753.86	19.1032
1756.45	5.14552
1759.03	3.1881
1761.62	15.231
1764.21	19.2742
1766.8	5.3176
1769.38	17.3613
1771.97	13.4054
1774.55	11.4497
1777.13	11.4942
1779.71	5.5391
1782.29	13.5842
1784.87	19.6297
1787.45	33.6754
1790.03	11.7214
1792.61	13.7677
1795.18	15.8143
1797.76	13.8612
1800.33	9.90835
1802.9	9.9558
1805.48	12.0035
1808.05	-5.94842
1810.62	16.0999
1813.19	12.1485
1815.76	4.19747
1818.33	18.2467
1820.89	14.2962
1823.46	16.346
1826.02	10.3961
1828.59	30.4465
1831.15	6.49717
1833.71	-3.45181
1836.27	24.5995
1838.84	4.65105
1841.39	8.70294
1843.95	16.7551
1846.51	14.8076
1849.07	2.86038
1851.62	12.9135
1854.18	12.9669
1856.73	29.0206
1859.29	15.0746
1861.84	19.1289
1864.39	33.1834
1866.94	17.2384
1869.49	13.2936
1872.04	19.3491
1874.59	19.4049
1877.13	27.4611
1879.68	3.51749
1882.22	21.5743
1884.77	7.63133
1887.31	17.6887
1889.85	15.7464
1892.39	17.8043
1894.93	1.86263
1897.47	19.9213
1900.01	1.98019
1902.55	26.0394
1905.09	12.099
1907.62	18.1588
1910.16	8.21898
1912.69	10.2795
1915.22	24.3403
1917.76	20.4014
1920.29	16.4629
1922.82	16.5246
1925.35	28.5867
1927.88	8.64908
1930.4	16.7118
1932.93	10.7748
1935.46	26.8382
1937.98	16.9018
1940.51	4.96582
1943.03	13.0301
1945.55	33.0947
1948.07	19.1597
1950.59	9.22496
1953.11	9.29059
1955.63	13.3565
1958.15	29.4227
1960.67	11.4893
1963.18	15.5562
1965.7	5.6234
1968.21	1.69094
1970.73	19.7588
1973.24	15.827
1975.75	31.8955
1978.26	31.9644
1980.77	10.0336
1983.28	12.1031
1985.79	14.1729
1988.29	14.2431
1990.8	26.3136
1993.31	18.3845
1995.81	22.4556
1998.31	12.5271
