100.093	6.09194
103.274	8.14904
106.457	16.2059
109.636	10.2624
112.817	2.3187
115.994	18.3747
119.172	14.4304
122.347	16.4858
125.521	4.54088
128.696	8.59575
131.868	-9.3497
135.039	10.7046
138.209	12.7586
141.379	-1.18768
144.547	4.86576
147.713	0.918931
150.879	8.97182
154.043	9.02444
157.206	11.0768
160.368	5.12887
163.529	15.1807
166.689	7.23221
169.848	15.2835
173.006	-8.66553
176.163	21.3852
179.316	7.43563
182.471	7.48583
185.625	1.53576
188.777	-0.414569
191.927	13.6348
195.077	11.6839
198.224	7.7328
201.372	15.7814
204.52	19.8298
207.664	15.8779
210.809	13.9257
213.95	11.9733
217.091	8.02056
220.233	6.06764
223.372	12.1144
226.509	2.16097
229.648	24.2073
232.784	8.25332
235.918	6.2991
239.051	2.34464
242.186	4.38995
245.317	10.435
248.447	0.479771
251.577	-7.47569
254.705	12.5686
257.832	8.61265
260.958	12.6565
264.083	24.7
267.204	6.74331
270.327	10.7864
273.449	10.8292
276.57	28.8718
279.69	0.91417
282.806	2.95626
285.924	14.9981
289.04	15.0398
292.154	5.08116
295.268	5.12233
298.379	7.16323
301.492	15.2039
304.601	3.24438
307.711	15.2846
310.818	15.3246
313.924	9.36434
317.031	-4.59611
320.135	27.4432
323.238	15.4822
326.34	13.5211
329.443	3.5597
332.543	17.5981
335.642	7.63624
338.74	7.67418
341.836	7.71189
344.932	13.7494
348.027	25.7866
351.12	15.8237
354.213	11.8605
357.302	11.8971
360.393	9.93347
363.482	11.9696
366.57	4.00559
369.656	12.0413
372.742	24.0768
375.827	10.1121
378.91	24.1472
381.993	28.1821
385.073	6.21671
388.154	-1.74884
391.232	-1.71462
394.311	18.3194
397.387	14.3532
400.462	14.3868
403.536	0.42019
406.611	22.4534
409.683	0.48636
412.754	10.5191
415.824	24.5517
418.893	-1.41596
421.961	8.61619
425.027	22.6481
428.093	6.67989
431.158	6.71144
434.222	16.7428
437.284	-1.22606
440.346	18.8049
443.407	0.835636
446.464	-3.13383
449.523	-3.10347
452.581	-9.07331
455.635	12.9566
458.691	8.98641
461.743	-6.98403
464.797	27.0454
467.847	3.07453
470.899	9.10353
473.947	7.13232
476.994	19.1609
480.043	9.18935
483.088	11.2176
486.133	15.2456
489.176	11.2735
492.22	7.30115
495.262	1.32863
498.302	11.3559
501.341	-6.61697
504.38	7.40996
507.417	11.4367
510.453	17.4633
513.487	-0.510375
516.521	3.51582
519.554	5.54185
522.586	1.56769
525.616	9.59333
528.646	-10.3812
531.675	-0.355876
534.701	17.6692
537.729	5.6942
540.753	1.71896
543.778	19.7436
546.8	7.76798
549.821	-0.207772
552.844	-4.18368
555.863	5.84022
558.881	7.86395
561.898	-0.112491
564.916	13.9109
567.932	5.93414
570.946	5.95719
573.959	17.9801
576.971	-1.9972
579.982	-3.97464
582.993	4.04775
586	8.06996
589.008	14.092
592.015	10.1139
595.022	8.13566
598.025	6.15722
601.029	18.1786
604.032	10.1999
607.033	20.221
610.034	-7.7581
613.032	10.2627
616.032	20.2833
619.028	12.3037
622.023	14.324
625.018	0.344158
628.013	10.3642
631.005	4.38398
633.997	10.4037
636.987	-5.57683
639.977	2.44254
642.965	12.4618
645.952	12.4808
648.939	8.49974
651.924	-1.4815
654.909	0.537118
657.892	14.5556
660.873	28.5739
663.854	14.5921
666.835	12.6101
669.813	20.628
672.791	8.6457
675.767	10.6633
678.743	10.6807
681.717	14.698
684.692	-1.28482
687.664	8.73219
690.634	12.7491
693.606	8.76579
696.575	4.78238
699.543	16.7988
702.51	4.81513
705.475	14.8313
708.44	20.8473
711.404	12.8632
714.367	14.879
717.329	8.89461
720.29	10.9101
723.25	10.9255
726.207	8.94067
729.166	12.9558
732.123	4.97071
735.077	-1.01447
738.032	1.00022
740.984	7.01477
743.938	7.02921
746.888	5.0435
749.839	5.05767
752.788	19.0717
755.735	15.0856
758.682	15.0994
761.627	17.1131
764.574	5.1266
767.517	21.14
770.46	-0.846713
773.402	7.16645
776.342	7.17948
779.282	15.1924
782.219	-4.79483
785.157	15.2178
788.094	-0.769609
791.029	11.2428
793.962	3.25512
796.896	5.26731
799.828	15.2794
802.76	25.2913
805.689	11.3032
808.619	-4.68513
811.546	7.32647
814.473	19.3379
817.4	9.34932
820.324	15.3606
823.248	25.3717
826.17	15.3827
829.092	21.3936
832.012	15.4044
834.932	9.41514
837.851	13.4257
840.768	13.4362
843.685	15.4465
846.599	17.4568
849.514	19.4669
852.428	-0.523035
855.339	9.48689
858.251	17.4967
861.16	5.50641
864.07	5.51602
866.978	13.5255
869.884	17.5349
872.792	15.5442
875.696	15.5534
878.599	-2.43752
881.502	9.57146
884.404	21.5803
887.304	9.58912
890.204	7.5978
893.103	15.6064
896.001	-2.38514
898.898	5.62324
901.794	25.6315
904.689	7.63971
907.581	9.6478
910.474	11.6558
913.364	11.6637
916.256	1.67148
919.144	21.6792
922.034	9.6868
924.92	5.69431
927.808	19.7017
930.693	13.7091
933.576	1.7163
936.459	1.72345
939.341	9.7305
942.222	17.7375
945.102	3.74434
947.981	3.75112
950.859	9.75782
953.737	15.7644
956.613	13.7709
959.488	13.7774
962.361	7.78372
965.235	-4.21002
968.105	23.7962
970.977	25.8022
973.846	11.8082
976.716	1.81417
979.583	3.82
982.449	7.82575
985.316	-2.16857
988.18	9.83701
991.043	11.8425
993.906	17.8479
996.767	15.8533
999.628	19.8586
1002.49	11.8637
1005.35	7.86885
1008.2	3.87388
1011.06	-2.12117
1013.91	9.88371
1016.77	13.8885
1019.62	23.8932
1022.48	9.89787
1025.33	1.90244
1028.18	15.9069
1031.03	11.9114
1033.87	7.91571
1036.72	15.92
1039.57	-0.0758133
1042.41	29.9283
1045.26	17.9324
1048.1	3.93636
1050.94	13.9403
1053.78	21.9441
1056.62	3.94791
1059.46	13.9516
1062.3	1.95526
1065.14	-0.04117
1067.97	11.9623
1070.81	17.9658
1073.64	19.9691
1076.47	7.97245
1079.31	5.97569
1082.14	9.97887
1084.97	11.982
1087.8	5.98502
1090.63	11.988
1093.45	11.9909
1096.28	11.9938
1099.1	5.99658
1101.93	1.99932
1104.75	-15.998
1107.57	-7.9954
1110.39	2.00716
1113.21	2.00965
1116.03	6.01208
1118.85	16.0145
1121.66	4.01677
1124.48	2.01904
1127.3	-1.97876
1130.11	10.0234
1132.92	2.02547
1135.73	-1.97249
1138.54	26.0295
1141.35	22.0314
1144.16	8.03328
1146.97	10.0351
1149.78	2.03686
1152.58	12.0386
1155.39	14.0402
1158.19	20.0418
1161	6.04339
1163.8	8.04489
1166.6	6.04634
1169.4	6.04775
1172.2	2.0491
1174.99	6.0504
1177.79	8.05166
1180.59	16.0529
1183.38	2.05403
1186.17	6.05514
1188.97	2.0562
1191.76	0.0572242
1194.55	0.0581979
1197.34	4.05913
1200.13	12.06
1202.92	6.06085
1205.7	-1.93836
1208.49	14.0624
1211.27	8.0631
1214.06	12.0638
1216.84	8.06439
1219.62	20.065
1222.4	24.0655
1225.18	0.0660149
1227.96	-1.93353
1230.74	12.0669
1233.51	6.06727
1236.29	22.0676
1239.06	12.0679
1241.84	-1.93182
1244.61	8.06841
1247.38	0.0685967
1250.15	2.06875
1252.92	8.06886
1255.69	6.06894
1258.46	16.069
1261.23	-1.931
1263.99	6.06897
1266.76	16.0689
1269.52	6.06882
1272.28	6.0687
1275.05	18.0685
1277.81	12.0683
1280.57	8.06812
1283.33	6.06787
1286.08	4.06758
1288.84	8.06726
1291.6	2.06692
1294.35	14.0665
1297.11	14.0661
1299.86	10.0657
1302.61	2.06523
1305.36	10.0647
1308.11	2.06422
1310.86	12.0637
1313.61	14.0631
1316.36	10.0625
1319.1	4.06187
1321.85	20.0612
1324.59	16.0605
1327.33	16.0598
1330.08	4.05911
1332.82	20.0584
1335.56	12.0576
1338.3	34.0568
1341.04	10.056
1343.77	18.0551
1346.51	10.0543
1349.25	16.0534
1351.98	10.0525
1354.71	0.051538
1357.45	6.05059
1360.18	0.0496225
1362.91	22.0486
1365.64	14.0476
1368.37	4.0466
1371.09	16.0456
1373.82	8.0445
1376.54	-11.9566
1379.27	12.0423
1381.99	12.0412
1384.72	6.04008
1387.44	14.0389
1390.16	10.0378
1392.88	14.0366
1395.6	14.0354
1398.31	16.0342
1401.03	4.033
1403.75	0.0317666
1406.46	-7.96948
1409.18	0.0292656
1411.89	8.028
1414.6	10.0267
1417.31	16.0254
1420.02	4.02412
1422.73	14.0228
1425.44	0.0214826
1428.15	8.02015
1430.85	0.0188047
1433.56	0.0174521
1436.26	4.01609
1438.97	0.0147201
1441.67	8.01334
1444.37	8.01196
1447.07	14.0106
1449.77	0.00916368
1452.47	10.0078
1455.16	4.00634
1457.86	-1.99507
1460.56	0.00350232
1463.25	8.00207
1465.94	14.0006
1468.64	-12.0008
1471.33	11.9978
1474.02	11.9963
1476.71	1.99487
1479.4	15.9934
1482.09	-2.00804
1484.77	9.99051
1487.46	1.98905
1490.14	3.98759
1492.83	11.9861
1495.51	13.9847
1498.19	7.98322
1500.87	17.9818
1503.55	7.9803
1506.23	1.97884
1508.91	-2.02262
1511.59	13.9759
1514.27	11.9745
1516.94	-8.02697
1519.62	13.9716
1522.29	9.97013
1524.96	9.96869
1527.63	15.9673
1530.3	13.9658
1532.97	1.96439
1535.64	9.96297
1538.31	13.9615
1540.98	-0.0398659
1543.64	7.95873
1546.31	9.95733
1548.97	9.95593
1551.63	13.9545
1554.3	23.9532
1556.96	21.9518
1559.62	29.9504
1562.28	19.9491
1564.94	21.9477
1567.59	3.94638
1570.25	-0.0549447
1572.9	21.9437
1575.56	3.94243
1578.21	3.94113
1580.86	3.93984
1583.52	9.93856
1586.17	9.9373
1588.82	-6.06396
1591.47	7.9348
1594.11	-0.0664253
1596.76	1.93236
1599.41	9.93116
1602.05	-2.07003
1604.69	-4.07121
1607.34	11.9276
1609.98	11.9265
1612.62	17.9254
1615.26	13.9242
1617.9	15.9231
1620.54	9.92205
1623.18	-8.07902
1625.81	7.91992
1628.45	1.91889
1631.08	15.9179
1633.72	7.91687
1636.35	7.91588
1638.98	11.9149
1641.61	1.91397
1644.24	-4.08696
1646.87	11.9121
1649.5	-0.0887573
1652.13	3.91037
1654.75	13.9095
1657.38	31.9087
1660	11.9079
1662.63	13.9071
1665.25	5.90633
1667.87	11.9056
1670.49	9.90486
1673.11	-0.0958398
1675.73	9.90348
1678.35	21.9028
1680.96	-4.09781
1683.58	-0.0984135
1686.19	-4.099
1688.81	11.9004
1691.42	11.8999
1694.03	21.8994
1696.64	13.8989
1699.25	-0.101552
1701.87	9.89801
1704.47	5.8976
1707.08	-6.10278
1709.69	-4.10313
1712.29	5.89654
1714.9	7.89623
1717.5	15.896
1720.1	9.89571
1722.71	5.8955
1725.31	7.89531
1727.91	-10.1049
1730.51	11.895
1733.1	-6.10509
1735.7	13.8948
1738.3	17.8948
1740.89	23.8948
1743.49	3.8948
1746.08	3.89485
1748.67	11.8949
1751.26	15.895
1753.86	11.8952
1756.45	17.8954
1759.03	17.8956
1761.62	11.8958
1764.21	13.8961
1766.8	7.89639
1769.38	23.8967
1771.97	7.8971
1774.55	9.89751
1777.13	7.89796
1779.71	7.89843
1782.29	17.8989
1784.87	23.8995
1787.45	11.9001
1790.03	13.9007
1792.61	15.9013
1795.18	9.90204
1797.76	9.90277
1800.33	9.90353
1802.9	25.9043
1805.48	3.90517
1808.05	13.906
1810.62	5.90697
1813.19	7.90792
1815.76	11.9089
1818.33	7.90994
1820.89	11.911
1823.46	5.91212
1826.02	13.9133
1828.59	19.9145
1831.15	1.91569
1833.71	11.917
1836.27	13.9183
1838.84	1.91963
1841.39	15.921
1843.95	13.9225
1846.51	7.92394
1849.07	1.92545
1851.62	17.927
1854.18	11.9286
1856.73	11.9303
1859.29	5.93196
1861.84	7.9337
1864.39	1.93547
1866.94	15.9373
1869.49	15.9392
1872.04	7.94108
1874.59	11.943
1877.13	11.945
1879.68	9.94708
1882.22	5.94918
1884.77	-4.04869
1887.31	9.9535
1889.85	7.95573
1892.39	21.958
1894.93	9.96033
1897.47	11.9627
1900.01	9.96513
1902.55	11.9676
1905.09	-0.0298902
1907.62	-0.0273261
1910.16	9.97528
1912.69	5.97795
1915.22	15.9807
1917.76	25.9834
1920.29	3.98623
1922.82	11.9891
1925.35	15.992
1927.88	1.99495
1930.4	9.99796
1932.93	4.00102
1935.46	8.00413
1937.98	8.0073
1940.51	6.01051
1943.03	2.01378
1945.55	2.0171
1948.07	16.0205
1950.59	14.0239
1953.11	12.0274
1955.63	0.0308939
1958.15	16.0345
1960.67	8.03811
1963.18	0.0417996
1965.7	2.04554
1968.21	6.04934
1970.73	-11.9468
1973.24	8.0571
1975.75	12.0611
1978.26	-1.93492
1980.77	4.06915
1983.28	14.0733
1985.79	6.07746
1988.29	4.0817
1990.8	14.086
1993.31	-3.90965
1995.81	4.09476
1998.31	0.0992279
