100.093	8.69593
103.274	28.6776
106.457	8.65938
109.636	14.6413
112.817	14.6234
115.994	24.6056
119.172	14.5879
122.347	30.5704
125.521	26.553
128.696	18.5357
131.868	6.5186
135.039	22.5016
138.209	-9.51526
141.379	12.468
144.547	14.4514
147.713	16.4349
150.879	14.4186
154.043	22.4024
157.206	2.38627
160.368	8.37031
163.529	12.3545
166.689	2.33877
169.848	16.3232
173.006	10.3077
176.163	0.292395
179.316	38.2772
182.471	12.2621
185.625	10.2471
188.777	18.2323
191.927	-1.7824
195.077	20.203
198.224	20.1885
201.372	6.17419
204.52	16.16
207.664	16.1458
210.809	26.1318
213.95	2.11798
217.091	4.10423
220.233	24.0906
223.372	10.0771
226.509	16.0637
229.648	20.0504
232.784	14.0372
235.918	16.0241
239.051	16.0112
242.186	5.99837
245.317	3.98565
248.447	7.97305
251.577	21.9606
254.705	3.94818
257.832	19.9359
260.958	13.9238
264.083	5.91171
267.204	-0.100218
270.327	11.888
273.449	17.8762
276.57	5.86462
279.69	19.8531
282.806	13.8417
285.924	17.8304
289.04	7.81925
292.154	13.8082
295.268	17.7972
298.379	-0.213652
301.492	-0.224417
304.601	-0.235072
307.711	1.75437
310.818	5.74392
313.924	5.73357
317.031	11.7233
320.135	11.7132
323.238	-4.29686
326.34	13.6932
329.443	11.6833
332.543	3.6736
335.642	1.66395
338.74	7.65441
341.836	7.64496
344.932	13.6356
348.027	3.62635
351.12	-2.38281
354.213	13.6081
357.302	29.5992
360.393	7.59029
363.482	1.58151
366.57	3.57282
369.656	-0.435764
372.742	11.5557
375.827	5.54733
378.91	9.53902
381.993	3.5308
385.073	3.52267
388.154	29.5146
391.232	1.50668
394.311	13.4988
397.387	-0.508946
400.462	15.4834
403.536	23.4758
406.611	1.46828
409.683	19.4609
412.754	9.45353
415.824	23.4463
418.893	5.43913
421.961	1.43206
425.027	9.42508
428.093	13.4182
431.158	-2.58864
434.222	1.40462
437.284	7.39797
440.346	15.3914
443.407	9.38492
446.464	11.3785
449.523	1.3722
452.581	1.36596
455.635	13.3598
458.691	3.35372
461.743	-0.652278
464.797	3.3418
467.847	5.33596
470.899	7.33019
473.947	19.3245
476.994	-0.681096
480.043	-6.68663
483.088	-0.692083
486.133	5.30254
489.176	15.2972
492.22	3.29201
495.262	-6.71314
498.302	3.28178
501.341	17.2768
504.38	23.2718
507.417	15.267
510.453	19.2622
513.487	1.25749
516.521	7.25285
519.554	1.24828
522.586	-4.75622
525.616	5.23935
528.646	21.235
531.675	13.2307
534.701	3.22648
537.729	19.2223
540.753	3.21825
543.778	9.21423
546.8	-4.78971
549.821	9.20641
552.844	9.20259
555.863	5.19884
558.881	5.19516
561.898	-4.80845
564.916	1.18799
567.932	11.1845
570.946	3.18108
573.959	9.17772
576.971	9.17443
579.982	-0.828808
582.993	9.16802
586	1.16491
589.008	-8.83814
592.015	1.15888
595.022	-6.84405
598.025	3.15309
601.029	3.15028
604.032	11.1475
607.033	3.14485
610.034	15.1422
613.032	-0.860353
616.032	7.13713
619.028	9.13468
622.023	13.1323
625.018	13.1299
628.013	13.1277
631.005	-6.87458
633.997	11.1233
636.987	17.1211
639.977	9.11907
642.965	17.1171
645.952	1.1151
648.939	11.1132
651.924	-0.888655
654.909	29.1095
657.892	7.1078
660.873	1.10611
663.854	-2.89553
666.835	3.10287
669.813	1.10133
672.791	-2.90016
675.767	9.0984
678.743	-12.903
681.717	11.0957
684.692	23.0944
687.664	13.0931
690.634	9.09193
693.606	5.09078
696.575	13.0897
699.543	1.08863
702.51	-6.91238
705.475	15.0867
708.44	3.08573
711.404	15.0849
714.367	23.084
717.329	27.0833
720.29	7.08251
723.25	9.08181
726.207	3.08116
729.166	11.0806
732.123	-8.92002
735.077	13.0795
738.032	7.07898
740.984	13.0785
743.938	7.07813
746.888	7.07777
749.839	9.07745
752.788	17.0772
755.735	35.0769
758.682	9.07673
761.627	19.0766
764.574	9.07644
767.517	15.0764
770.46	7.07631
773.402	7.0763
776.342	19.0763
779.282	3.07638
782.219	3.07648
785.157	25.0766
788.094	17.0768
791.029	9.07699
793.962	15.0772
796.896	9.0775
799.828	19.0778
802.76	7.07815
805.689	5.07853
808.619	21.0789
811.546	9.07938
814.473	15.0798
817.4	37.0804
820.324	15.0809
823.248	11.0815
826.17	25.0821
829.092	1.08268
832.012	11.0833
834.932	11.084
837.851	13.0847
840.768	21.0855
843.685	21.0863
846.599	11.0871
849.514	3.08791
852.428	23.0888
855.339	1.08965
858.251	13.0906
861.16	17.0915
864.07	19.0925
866.978	11.0935
869.884	19.0945
872.792	25.0955
875.696	9.0966
878.599	1.09769
881.502	-0.901193
884.404	1.09995
887.304	25.1011
890.204	13.1023
893.103	9.10351
896.001	-4.89526
898.898	5.106
901.794	11.1073
904.689	17.1086
907.581	7.1099
910.474	23.1112
913.364	1.1126
916.256	-2.88602
919.144	3.11538
922.034	1.1168
924.92	19.1182
927.808	1.1197
930.693	17.1212
933.576	15.1227
936.459	3.12419
939.341	7.12572
942.222	1.12726
945.102	15.1288
947.981	5.13041
950.859	1.13201
953.737	17.1336
956.613	-0.864747
959.488	15.1369
962.361	15.1386
965.235	3.14023
968.105	15.1419
970.977	3.14362
973.846	3.14534
976.716	17.1471
979.583	17.1488
982.449	3.15057
985.316	7.15233
988.18	-2.84589
991.043	11.1559
993.906	-0.842292
996.767	7.15952
999.628	7.16135
1002.49	11.1632
1005.35	13.165
1008.2	17.1669
1011.06	13.1687
1013.91	11.1706
1016.77	17.1725
1019.62	17.1744
1022.48	1.1763
1025.33	-0.821793
1028.18	9.18012
1031.03	5.18205
1033.87	15.184
1036.72	11.1859
1039.57	15.1879
1042.41	13.1898
1045.26	9.19176
1048.1	11.1937
1050.94	11.1957
1053.78	17.1977
1056.62	15.1996
1059.46	5.20162
1062.3	-2.79639
1065.14	21.2056
1067.97	1.20759
1070.81	1.20959
1073.64	5.21159
1076.47	1.21359
1079.31	11.2156
1082.14	-4.7824
1084.97	5.2196
1087.8	3.22161
1090.63	1.22362
1093.45	-6.77437
1096.28	25.2276
1099.1	7.22965
1101.93	5.23167
1104.75	21.2337
1107.57	11.2357
1110.39	3.2377
1113.21	7.23971
1116.03	13.2417
1118.85	3.24372
1121.66	3.24572
1124.48	9.24772
1127.3	-2.75028
1130.11	7.25172
1132.92	-0.746289
1135.73	-0.7443
1138.54	7.25768
1141.35	7.25967
1144.16	5.26164
1146.97	15.2636
1149.78	-8.73442
1152.58	9.26754
1155.39	15.2695
1158.19	1.27145
1161	7.2734
1163.8	19.2753
1166.6	5.27727
1169.4	23.2792
1172.2	11.2811
1174.99	3.28303
1177.79	13.2849
1180.59	3.28683
1183.38	-0.711287
1186.17	9.29059
1188.97	15.2925
1191.76	1.29433
1194.55	13.2962
1197.34	3.29802
1200.13	-6.70015
1202.92	37.3017
1205.7	5.30349
1208.49	1.30529
1211.27	5.30708
1214.06	7.30886
1216.84	11.3106
1219.62	13.3124
1222.4	17.3141
1225.18	3.31587
1227.96	19.3176
1230.74	15.3193
1233.51	13.321
1236.29	5.32267
1239.06	1.32434
1241.84	3.32599
1244.61	9.32763
1247.38	3.32926
1250.15	5.33087
1252.92	1.33247
1255.69	5.33405
1258.46	15.3356
1261.23	3.33717
1263.99	3.3387
1266.76	7.34022
1269.52	-0.658276
1272.28	3.34321
1275.05	13.3447
1277.81	9.34613
1280.57	25.3476
1283.33	15.349
1286.08	1.35038
1288.84	17.3518
1291.6	13.3531
1294.35	17.3545
1297.11	11.3558
1299.86	23.3571
1302.61	21.3584
1305.36	9.35966
1308.11	11.3609
1310.86	7.36214
1313.61	-0.636657
1316.36	-2.63547
1319.1	9.3657
1321.85	15.3668
1324.59	15.368
1327.33	-4.63093
1330.08	3.37015
1332.82	11.3712
1335.56	7.37224
1338.3	11.3733
1341.04	11.3742
1343.77	19.3752
1346.51	-0.62384
1349.25	15.3771
1351.98	-0.622021
1354.71	17.3789
1357.45	-6.6203
1360.18	-0.619473
1362.91	11.3813
1365.64	7.3821
1368.37	19.3829
1371.09	-2.61642
1373.82	31.3843
1376.54	-4.61505
1379.27	11.3856
1381.99	7.38622
1384.72	1.38682
1387.44	21.3874
1390.16	1.38793
1392.88	5.38844
1395.6	-8.61107
1398.31	13.3894
1401.03	15.3898
1403.75	7.39022
1406.46	17.3906
1409.18	13.3909
1411.89	21.3913
1414.6	1.39155
1417.31	17.3918
1420.02	17.392
1422.73	13.3922
1425.44	7.39241
1428.15	-6.60745
1430.85	7.39266
1433.56	3.39274
1436.26	7.39278
1438.97	-4.6072
1441.67	3.39279
1444.37	19.3927
1447.07	-0.607336
1449.77	-0.607445
1452.47	17.3924
1455.16	-2.60776
1457.86	13.392
1460.56	1.3918
1463.25	7.39152
1465.94	-2.60878
1468.64	3.39088
1471.33	7.39051
1474.02	9.3901
1476.71	5.38966
1479.4	9.38919
1482.09	7.38868
1484.77	17.3881
1487.46	27.3876
1490.14	5.38695
1492.83	15.3863
1495.51	17.3856
1498.19	13.3849
1500.87	5.38414
1503.55	17.3833
1506.23	5.38252
1508.91	25.3817
1511.59	9.38075
1514.27	19.3798
1516.94	1.37884
1519.62	17.3778
1522.29	-6.62323
1524.96	5.37568
1527.63	11.3746
1530.3	5.37339
1532.97	19.3722
1535.64	19.3709
1538.31	13.3697
1540.98	7.36834
1543.64	25.367
1546.31	17.3656
1548.97	19.3641
1551.63	7.36267
1554.3	9.36115
1556.96	21.3596
1559.62	35.358
1562.28	1.35635
1564.94	17.3547
1567.59	11.353
1570.25	15.3512
1572.9	1.34939
1575.56	7.34754
1578.21	3.34565
1580.86	11.3437
1583.52	13.3418
1586.17	13.3397
1588.82	7.33768
1591.47	5.33558
1594.11	15.3334
1596.76	3.33126
1599.41	1.32903
1602.05	17.3268
1604.69	9.32444
1607.34	1.32208
1609.98	11.3197
1612.62	7.31722
1615.26	-0.685268
1617.9	13.3122
1620.54	21.3096
1623.18	9.30699
1625.81	-8.69569
1628.45	17.3016
1631.08	3.29883
1633.72	25.296
1636.35	7.29317
1638.98	17.2903
1641.61	15.2873
1644.24	25.2843
1646.87	9.28128
1649.5	13.2782
1652.13	23.2751
1654.75	9.27187
1657.38	7.26865
1660	17.2654
1662.63	13.262
1665.25	11.2587
1667.87	21.2552
1670.49	3.25178
1673.11	-0.751741
1675.73	27.2447
1678.35	-4.75892
1680.96	13.2374
1683.58	5.2337
1686.19	21.2299
1688.81	3.22612
1691.42	1.22226
1694.03	13.2183
1696.64	11.2144
1699.25	13.2104
1701.87	11.2063
1704.47	5.20219
1707.08	5.19803
1709.69	13.1938
1712.29	15.1895
1714.9	21.1852
1717.5	19.1809
1720.1	23.1764
1722.71	21.172
1725.31	25.1674
1727.91	17.1629
1730.51	9.15823
1733.1	17.1535
1735.7	13.1488
1738.3	1.14402
1740.89	9.13918
1743.49	15.1343
1746.08	7.12934
1748.67	27.1243
1751.26	13.1193
1753.86	1.11418
1756.45	9.10901
1759.03	11.1038
1761.62	13.0985
1764.21	-0.906798
1766.8	27.0878
1769.38	15.0824
1771.97	17.0769
1774.55	11.0714
1777.13	19.0658
1779.71	7.0601
1782.29	9.05439
1784.87	17.0486
1787.45	9.0428
1790.03	9.03692
1792.61	5.03098
1795.18	13.025
1797.76	5.01894
1800.33	7.01284
1802.9	5.00668
1805.48	11.0005
1808.05	2.99418
1810.62	20.9879
1813.19	14.9815
1815.76	16.975
1818.33	2.9685
1820.89	12.9619
1823.46	6.95532
1826.02	14.9486
1828.59	16.9419
1831.15	22.9351
1833.71	2.92824
1836.27	16.9213
1838.84	6.91435
1841.39	8.90732
1843.95	10.9002
1846.51	12.8931
1849.07	12.8859
1851.62	14.8786
1854.18	4.87126
1856.73	18.8639
1859.29	26.8564
1861.84	4.84891
1864.39	22.8413
1866.94	6.8337
1869.49	14.826
1872.04	14.8183
1874.59	24.8104
1877.13	14.8026
1879.68	-3.20538
1882.22	26.7866
1884.77	12.7786
1887.31	0.770436
1889.85	8.76225
1892.39	12.754
1894.93	6.74569
1897.47	10.7373
1900.01	14.7289
1902.55	18.7204
1905.09	6.71182
1907.62	6.7032
1910.16	12.6945
1912.69	10.6858
1915.22	32.677
1917.76	0.66808
1920.29	-1.34086
1922.82	-3.34986
1925.35	36.6411
1927.88	0.631933
1930.4	4.62274
1932.93	-5.38652
1935.46	8.60415
1937.98	16.5948
1940.51	8.58531
1943.03	16.5758
1945.55	22.5662
1948.07	18.5566
1950.59	16.5468
1953.11	12.5371
1955.63	12.5272
1958.15	18.5173
1960.67	12.5073
1963.18	16.4973
1965.7	22.4872
1968.21	12.477
1970.73	8.46676
1973.24	24.4565
1975.75	16.4461
1978.26	28.4356
1980.77	14.4251
1983.28	8.41455
1985.79	6.40391
1988.29	14.3932
1990.8	24.3824
1993.31	14.3716
1995.81	24.3607
1998.31	14.3497
