100.093	18.0956
103.274	18.1322
106.457	24.1685
109.636	14.2045
112.817	24.2402
115.994	26.2756
119.172	10.3107
122.347	20.3455
125.521	24.38
128.696	10.4142
131.868	22.4481
135.039	2.48172
138.209	30.515
141.379	14.5481
144.547	-1.41915
147.713	14.6133
150.879	10.6455
154.043	12.6774
157.206	10.709
160.368	0.740299
163.529	-3.22866
166.689	24.8021
169.848	16.8326
173.006	-1.1372
176.163	14.8927
179.316	4.92236
182.471	18.9517
185.625	22.9809
188.777	23.0097
191.927	23.0382
195.077	1.06654
198.224	7.09456
201.372	1.12232
204.52	7.14982
207.664	3.17704
210.809	23.204
213.95	1.23071
217.091	21.2571
220.233	9.28333
223.372	15.3092
226.509	11.3349
229.648	13.3603
232.784	17.3855
235.918	7.41038
239.051	27.435
242.186	7.45943
245.317	9.48358
248.447	25.5075
251.577	3.53112
254.705	9.55453
257.832	7.57768
260.958	11.6006
264.083	1.62327
267.204	15.6457
270.327	5.66787
273.449	19.6898
276.57	-0.288465
279.69	-2.26699
282.806	17.7542
285.924	5.77524
289.04	13.796
292.154	3.81654
295.268	5.83684
298.379	-4.14309
301.492	-6.12324
304.601	3.89637
307.711	19.9158
310.818	-6.06508
313.924	5.95385
317.031	13.9726
320.135	23.9911
323.238	20.0093
326.34	16.0274
329.443	14.0452
332.543	14.0628
335.642	18.0802
338.74	4.09739
341.836	10.1144
344.932	-1.8689
348.027	12.1476
351.12	12.164
354.213	20.1801
357.302	10.196
360.393	8.21169
363.482	2.22718
366.57	20.2425
369.656	4.25755
372.742	10.2724
375.827	10.2871
378.91	6.30158
381.993	6.31585
385.073	6.32992
388.154	8.34381
391.232	20.3575
394.311	6.37097
397.387	10.3843
400.462	4.39735
403.536	12.4102
406.611	6.42296
409.683	14.4355
412.754	8.44781
415.824	4.45995
418.893	12.4719
421.961	6.48367
425.027	12.4953
428.093	2.50665
431.158	10.5179
434.222	0.528898
437.284	-1.46025
440.346	20.5504
443.407	-3.43908
446.464	10.5712
449.523	-1.41864
452.581	6.59133
455.635	16.6011
458.691	-7.38927
461.743	18.6202
464.797	-3.37057
467.847	-1.36147
470.899	2.64746
473.947	8.65622
476.994	-1.3352
480.043	-1.32677
483.088	-3.31851
486.133	-5.31042
489.176	12.6975
492.22	0.705287
495.262	4.71289
498.302	14.7203
501.341	8.72763
504.38	16.7348
507.417	18.7417
510.453	12.7485
513.487	2.75519
516.521	6.7617
519.554	2.76805
522.586	-5.22575
525.616	0.780294
528.646	12.7862
531.675	8.79194
534.701	14.7975
537.729	2.80299
540.753	14.8083
543.778	0.81345
546.8	0.818462
549.821	-1.17667
552.844	14.8281
555.863	24.8326
558.881	20.8371
561.898	4.84139
564.916	8.84556
567.932	6.84959
570.946	2.85348
573.959	2.85724
576.971	-3.13914
579.982	0.864347
582.993	10.8677
586	12.8709
589.008	-3.12599
592.015	10.877
595.022	18.8798
598.025	4.88251
601.029	12.8851
604.032	-1.11247
607.033	-5.11014
610.034	12.8921
613.032	2.89413
616.032	4.89609
619.028	24.8979
622.023	10.8996
625.018	14.9012
628.013	4.90269
631.005	2.90405
633.997	14.9053
636.987	2.90641
639.977	-5.09259
642.965	0.908306
645.952	12.9091
648.939	8.90975
651.924	-5.08969
654.909	-1.08925
657.892	2.91108
660.873	14.9113
663.854	16.9114
666.835	18.9114
669.813	20.9113
672.791	0.911143
675.767	-3.08916
678.743	-3.08957
681.717	12.9099
684.692	2.90931
687.664	4.9086
690.634	2.90778
693.606	14.9069
696.575	-1.09414
699.543	-7.09524
702.51	0.903554
705.475	16.9023
708.44	-1.09914
711.404	12.8994
714.367	12.8978
717.329	-1.10387
720.29	0.894367
723.25	12.8925
726.207	12.8906
729.166	20.8885
732.123	10.8864
735.077	4.88423
738.032	2.88194
740.984	8.87956
743.938	12.8771
746.888	16.8746
749.839	4.87194
752.788	22.8692
755.735	10.8665
758.682	10.8636
761.627	4.86064
764.574	16.8576
767.517	0.854519
770.46	2.85134
773.402	6.84809
776.342	14.8448
779.282	24.8414
782.219	16.8379
785.157	12.8343
788.094	18.8307
791.029	6.82704
793.962	-1.17671
796.896	2.81946
799.828	10.8156
802.76	28.8116
805.689	6.80758
808.619	10.8035
811.546	16.7993
814.473	4.79511
817.4	14.7908
820.324	26.7865
823.248	2.78207
826.17	8.77761
829.092	16.7731
832.012	14.7685
834.932	4.76384
837.851	14.7591
840.768	18.7544
843.685	-5.25044
846.599	-1.2553
849.514	10.7398
852.428	4.73479
855.339	12.7298
858.251	16.7247
861.16	2.71955
864.07	2.71436
866.978	4.70913
869.884	18.7038
872.792	14.6985
875.696	6.69314
878.599	2.68772
881.502	18.6822
884.404	-3.32326
887.304	20.6712
890.204	12.6656
893.103	16.6599
896.001	-3.34575
898.898	4.64852
901.794	2.64276
904.689	2.63695
907.581	4.63111
910.474	6.62523
913.364	0.619309
916.256	0.613353
919.144	6.60736
922.034	-5.39866
924.92	-9.40472
927.808	2.58918
930.693	-1.41694
933.576	4.5769
936.459	0.570718
939.341	0.5645
942.222	18.5583
945.102	8.55198
947.981	-3.45433
950.859	10.5393
953.737	6.53298
956.613	24.5266
959.488	14.5202
962.361	8.51376
965.235	12.5073
968.105	4.50082
970.977	10.4943
973.846	12.4878
976.716	24.4813
979.583	24.4747
982.449	-3.53189
985.316	10.4615
988.18	18.4549
991.043	8.44825
993.906	2.4416
996.767	8.43493
999.628	0.42825
1002.49	16.4216
1005.35	10.4148
1008.2	26.4081
1011.06	4.40139
1013.91	12.3946
1016.77	10.3879
1019.62	12.3811
1022.48	6.37434
1025.33	26.3676
1028.18	18.3608
1031.03	22.354
1033.87	10.3472
1036.72	4.34035
1039.57	8.33353
1042.41	4.32671
1045.26	4.31989
1048.1	18.3131
1050.94	10.3062
1053.78	16.2994
1056.62	6.29257
1059.46	26.2857
1062.3	2.2789
1065.14	10.2721
1067.97	12.2652
1070.81	12.2584
1073.64	2.2516
1076.47	4.24478
1079.31	-1.76203
1082.14	6.23116
1084.97	8.22435
1087.8	10.2176
1090.63	14.2108
1093.45	6.20399
1096.28	4.19722
1099.1	4.19046
1101.93	-1.8163
1104.75	2.17696
1107.57	22.1702
1110.39	-1.83649
1113.21	-7.84319
1116.03	6.15011
1118.85	12.1434
1121.66	8.13677
1124.48	2.13012
1127.3	16.1235
1130.11	6.11686
1132.92	8.11026
1135.73	8.10368
1138.54	22.0971
1141.35	0.0905771
1144.16	6.08405
1146.97	10.0775
1149.78	4.07106
1152.58	8.0646
1155.39	14.0582
1158.19	-1.94826
1161	8.04535
1163.8	18.039
1166.6	8.03264
1169.4	14.0263
1172.2	6.02003
1174.99	2.01376
1177.79	22.0075
1180.59	6.00131
1183.38	5.99513
1186.17	11.989
1188.97	5.98285
1191.76	3.97676
1194.55	15.9707
1197.34	19.9647
1200.13	9.95867
1202.92	-6.04729
1205.7	5.94678
1208.49	19.9409
1211.27	-0.0649823
1214.06	15.9292
1216.84	11.9234
1219.62	9.91765
1222.4	-4.08807
1225.18	19.9063
1227.96	11.9006
1230.74	1.89501
1233.51	13.8894
1236.29	21.8839
1239.06	3.87844
1241.84	9.873
1244.61	-2.1324
1247.38	13.8622
1250.15	1.85694
1252.92	1.85167
1255.69	-0.15356
1258.46	-0.158738
1261.23	7.83613
1263.99	11.831
1266.76	-0.174004
1269.52	17.821
1272.28	19.8161
1275.05	5.81116
1277.81	-2.19369
1280.57	15.8015
1283.33	17.7968
1286.08	13.7921
1288.84	13.7874
1291.6	7.78282
1294.35	5.77827
1297.11	3.77378
1299.86	-12.2307
1302.61	5.76496
1305.36	5.76064
1308.11	5.75636
1310.86	3.75215
1313.61	1.74799
1316.36	19.7439
1319.1	-4.26017
1321.85	-0.264153
1324.59	5.73192
1327.33	5.72805
1330.08	1.72424
1332.82	13.7205
1335.56	7.71679
1338.3	1.71317
1341.04	9.7096
1343.77	13.7061
1346.51	-0.297345
1349.25	7.69928
1351.98	17.696
1354.71	-2.30729
1357.45	-6.31047
1360.18	9.68641
1362.91	15.6834
1365.64	1.68037
1368.37	-2.32255
1371.09	7.6746
1373.82	21.6718
1376.54	1.66911
1379.27	5.66647
1381.99	15.6639
1384.72	5.66139
1387.44	5.65896
1390.16	13.6566
1392.88	-4.34569
1395.6	-2.34791
1398.31	7.64995
1401.03	7.64788
1403.75	15.6459
1406.46	3.64397
1409.18	5.64212
1411.89	-0.35965
1414.6	5.63866
1417.31	1.63704
1420.02	15.6355
1422.73	9.63404
1425.44	19.6327
1428.15	11.6314
1430.85	13.6301
1433.56	-10.371
1436.26	21.6279
1438.97	9.62693
1441.67	9.62603
1444.37	9.62521
1447.07	9.62447
1449.77	11.6238
1452.47	19.6232
1455.16	7.62275
1457.86	17.6223
1460.56	17.622
1463.25	7.62179
1465.94	17.6216
1468.64	11.6216
1471.33	1.6216
1474.02	1.62171
1476.71	-2.37809
1479.4	17.6222
1482.09	13.6226
1484.77	17.623
1487.46	-0.376409
1490.14	-4.37576
1492.83	-0.375029
1495.51	5.6258
1498.19	15.6267
1500.87	9.62772
1503.55	11.6288
1506.23	17.63
1508.91	-4.36869
1511.59	7.63269
1514.27	1.63417
1516.94	15.6357
1519.62	13.6374
1522.29	-4.36083
1524.96	-2.35897
1527.63	7.64299
1530.3	15.645
1532.97	23.6472
1535.64	-0.350556
1538.31	3.65179
1540.98	-0.345762
1543.64	3.65678
1546.31	19.6594
1548.97	13.6622
1551.63	7.66502
1554.3	15.668
1556.96	19.671
1559.62	3.67418
1562.28	13.6774
1564.94	11.6808
1567.59	7.68426
1570.25	13.6878
1572.9	7.69149
1575.56	-2.30473
1578.21	11.6992
1580.86	17.7031
1583.52	1.70723
1586.17	3.71143
1588.82	3.71574
1591.47	13.7202
1594.11	5.72468
1596.76	19.7293
1599.41	15.734
1602.05	9.7389
1604.69	5.74386
1607.34	3.74893
1609.98	9.75411
1612.62	7.7594
1615.26	13.7648
1617.9	15.7703
1620.54	19.7759
1623.18	7.78168
1625.81	9.78754
1628.45	13.7935
1631.08	9.79958
1633.72	3.80578
1636.35	13.8121
1638.98	25.8185
1641.61	13.8251
1644.24	19.8317
1646.87	9.83849
1649.5	1.84538
1652.13	23.8524
1654.75	17.8595
1657.38	3.86675
1660	11.8741
1662.63	5.8816
1665.25	17.8892
1667.87	3.89692
1670.49	9.90476
1673.11	1.91273
1675.73	7.92081
1678.35	-6.07099
1680.96	11.9373
1683.58	23.9458
1686.19	7.95436
1688.81	5.96305
1691.42	-0.0281309
1694.03	-0.0191858
1696.64	9.98988
1699.25	11.9991
1701.87	-5.99161
1704.47	-7.98217
1707.08	12.0274
1709.69	2.03709
1712.29	6.04691
1714.9	8.05685
1717.5	20.0669
1720.1	16.0771
1722.71	-3.91254
1725.31	14.0979
1727.91	8.10851
1730.51	-1.88078
1733.1	6.13006
1735.7	8.14105
1738.3	2.15215
1740.89	18.1634
1743.49	6.17476
1746.08	8.18626
1748.67	2.19789
1751.26	6.20965
1753.86	8.22155
1756.45	8.23359
1759.03	0.245747
1761.62	0.25805
1764.21	2.27048
1766.8	20.283
1769.38	16.2957
1771.97	18.3086
1774.55	14.3216
1777.13	14.3347
1779.71	-1.65208
1782.29	0.361291
1784.87	14.3748
1787.45	12.3885
1790.03	28.4023
1792.61	22.4162
1795.18	8.43027
1797.76	14.4445
1800.33	8.45883
1802.9	8.47332
1805.48	4.48795
1808.05	4.50271
1810.62	20.5176
1813.19	6.53268
1815.76	16.5479
1818.33	-5.43679
1820.89	26.5787
1823.46	0.594305
1826.02	14.6101
1828.59	26.626
1831.15	0.642018
1833.71	8.65822
1836.27	24.6746
1838.84	14.691
1841.39	22.7077
1843.95	8.72443
1846.51	20.7414
1849.07	14.7584
1851.62	18.7756
1854.18	10.793
1856.73	-1.18952
1859.29	10.8281
1861.84	6.84592
1864.39	18.8639
1866.94	-5.11803
1869.49	16.9002
1872.04	12.9186
1874.59	12.9371
1877.13	6.95583
1879.68	10.9747
1882.22	10.9937
1884.77	23.0128
1887.31	7.03209
1889.85	9.05154
1892.39	31.0711
1894.93	-0.909134
1897.47	29.1108
1900.01	9.13082
1902.55	5.15103
1905.09	23.1714
1907.62	1.19189
1910.16	-6.78745
1912.69	13.2334
1915.22	13.2543
1917.76	11.2755
1920.29	9.29675
1922.82	3.31818
1925.35	31.3398
1927.88	15.3615
1930.4	9.38343
1932.93	11.4055
1935.46	13.4277
1937.98	5.45009
1940.51	19.4726
1943.03	9.49532
1945.55	15.5182
1948.07	3.54117
1950.59	1.56433
1953.11	13.5877
1955.63	31.6111
1958.15	19.6348
1960.67	-12.3414
1963.18	3.68255
1965.7	17.7067
1968.21	9.73096
1970.73	3.75541
1973.24	17.78
1975.75	17.8048
1978.26	7.82972
1980.77	21.8548
1983.28	1.88007
1985.79	5.90549
1988.29	17.9311
1990.8	13.9568
1993.31	7.98273
1995.81	14.0088
1998.31	14.035
