100.093	16.7693
103.274	22.8814
106.457	2.99288
109.636	11.1035
112.817	11.2135
115.994	3.32278
119.172	9.43137
122.347	15.5392
125.521	1.64631
128.696	11.7528
131.868	19.8585
135.039	15.9635
138.209	12.0679
141.379	6.17158
144.547	18.2745
147.713	2.37681
150.879	2.47839
154.043	12.5793
157.206	24.6795
160.368	0.779087
163.529	2.87797
166.689	10.9762
169.848	15.0737
173.006	7.17061
176.163	3.26682
179.316	7.36231
182.471	5.45721
185.625	-0.448545
188.777	-10.355
191.927	-10.2621
195.077	17.8302
198.224	19.9218
201.372	14.0128
204.52	18.1032
207.664	18.1928
210.809	0.281904
213.95	16.3703
217.091	0.458058
220.233	0.545249
223.372	6.63175
226.509	14.7176
229.648	18.803
232.784	0.887596
235.918	12.9716
239.051	15.055
242.186	15.1379
245.317	19.2201
248.447	19.3017
251.577	11.3826
254.705	-0.537002
257.832	13.5428
260.958	5.62194
264.083	-0.29948
267.204	29.7785
270.327	-0.144155
273.449	11.9326
276.57	6.00887
279.69	14.0845
282.806	6.1595
285.924	6.23397
289.04	16.3079
292.154	4.38113
295.268	22.4539
298.379	14.526
301.492	4.59761
304.601	12.6686
307.711	10.7391
310.818	16.8089
313.924	2.87825
317.031	2.94705
320.135	3.01524
323.238	13.0829
326.34	15.15
329.443	9.21657
332.543	1.28258
335.642	7.34803
338.74	9.41295
341.836	17.4773
344.932	-0.458832
348.027	13.6045
351.12	17.6672
354.213	19.7295
357.302	23.7912
360.393	21.8524
363.482	13.913
366.57	-12.0268
369.656	18.0328
372.742	4.09186
375.827	8.15045
378.91	10.2085
381.993	8.26607
385.073	6.32309
388.154	2.37965
391.232	14.4357
394.311	10.4912
397.387	18.5462
400.462	-1.39926
403.536	10.6548
406.611	6.70832
409.683	-9.23864
412.754	0.813904
415.824	-1.13404
418.893	0.91754
421.961	10.9686
425.027	5.01925
428.093	-0.930619
431.158	1.11904
434.222	21.1682
437.284	1.21694
440.346	9.26518
443.407	-0.687047
446.464	3.36023
449.523	17.4071
452.581	11.4535
455.635	-4.50065
458.691	3.54482
461.743	17.5898
464.797	5.63435
467.847	15.6784
470.899	11.7221
473.947	3.76527
476.994	-2.192
480.043	3.85032
483.088	7.89218
486.133	3.93359
489.176	13.9746
492.22	8.01513
495.262	22.0552
498.302	-5.90508
501.341	22.1342
504.38	14.173
507.417	14.2114
510.453	18.2494
513.487	-1.71311
516.521	2.32403
519.554	12.3607
522.586	6.39705
525.616	6.43292
528.646	4.4684
531.675	24.5035
534.701	8.53811
537.729	10.5724
540.753	12.6062
543.778	8.63966
546.8	18.6727
549.821	10.7053
552.844	12.7376
555.863	-3.23056
558.881	12.8009
561.898	18.832
564.916	10.8627
567.932	8.89297
570.946	20.9229
573.959	14.9524
576.971	8.98157
579.982	1.01034
582.993	17.0387
586	3.06675
589.008	11.0944
592.015	7.12169
595.022	11.1486
598.025	3.17513
601.029	5.20132
604.032	-0.772857
607.033	1.25259
610.034	21.2777
613.032	1.30242
616.032	9.32682
619.028	-4.64916
622.023	11.3745
625.018	1.39784
628.013	-0.579172
631.005	9.44346
633.997	3.46575
636.987	15.4877
639.977	3.5093
642.965	7.53057
645.952	1.5515
648.939	7.5721
651.924	-16.4076
654.909	19.6123
657.892	-8.3681
660.873	-8.34883
663.854	13.6701
666.835	3.68875
669.813	-0.29295
672.791	23.725
675.767	5.7427
678.743	17.7601
681.717	7.77708
684.692	-0.206189
687.664	15.8102
690.634	5.82631
693.606	7.84212
696.575	3.8576
699.543	17.8728
702.51	3.88766
705.475	19.9022
708.44	7.91653
711.404	3.93051
714.367	17.9442
717.329	19.9576
720.29	15.9707
723.25	15.9835
726.207	21.996
729.166	26.0083
732.123	14.0203
735.077	10.0319
738.032	8.04332
740.984	8.05443
743.938	2.06527
746.888	14.0758
749.839	16.0861
752.788	4.09613
755.735	12.1059
758.682	4.11535
761.627	12.1246
764.574	20.1335
767.517	-1.85782
770.46	10.1506
773.402	-5.84125
776.342	14.1667
779.282	10.1743
782.219	20.1817
785.157	10.1888
788.094	20.1957
791.029	8.20232
793.962	14.2087
796.896	18.2148
799.828	0.220728
802.76	16.2264
805.689	14.2318
808.619	12.2369
811.546	14.2419
814.473	18.2466
817.4	10.251
820.324	18.2552
823.248	28.2592
826.17	6.26299
829.092	20.2665
832.012	14.2698
834.932	20.2729
837.851	14.2758
840.768	8.2784
843.685	22.2808
846.599	22.283
849.514	14.285
852.428	12.2867
855.339	14.2883
858.251	14.2896
861.16	4.29076
864.07	10.2917
866.978	12.2924
869.884	12.2929
872.792	30.2932
875.696	14.2933
878.599	6.29318
881.502	10.2929
884.404	18.2924
887.304	2.29168
890.204	12.2908
893.103	22.2897
896.001	14.2884
898.898	0.286961
901.794	18.2853
904.689	8.28346
907.581	10.2814
910.474	14.2792
913.364	14.2768
916.256	2.27426
919.144	16.2715
922.034	14.2686
924.92	4.26547
927.808	8.26219
930.693	12.2587
933.576	8.25512
936.459	0.251324
939.341	2.24736
942.222	14.2432
945.102	12.2389
947.981	16.2345
950.859	18.2299
953.737	8.22508
956.613	4.22014
959.488	4.21504
962.361	8.20979
965.235	-1.79562
968.105	10.1988
970.977	0.1931
973.846	0.187238
976.716	16.1812
979.583	12.1751
982.449	12.1688
985.316	18.1623
988.18	8.15571
991.043	14.149
993.906	4.14211
996.767	10.1351
999.628	4.12795
1002.49	14.1207
1005.35	8.11324
1008.2	10.1057
1011.06	10.098
1013.91	12.0902
1016.77	16.0823
1019.62	12.0742
1022.48	16.066
1025.33	12.0577
1028.18	4.04924
1031.03	12.0407
1033.87	6.032
1036.72	24.0232
1039.57	18.0143
1042.41	8.00526
1045.26	5.99612
1048.1	31.9869
1050.94	13.9775
1053.78	-2.03198
1056.62	7.95843
1059.46	13.9487
1062.3	11.9389
1065.14	25.929
1067.97	9.91903
1070.81	-6.09107
1073.64	-4.10128
1076.47	17.8884
1079.31	1.87802
1082.14	7.86752
1084.97	17.8569
1087.8	9.84624
1090.63	9.83547
1093.45	13.8246
1096.28	19.8136
1099.1	15.8026
1101.93	5.79147
1104.75	5.78026
1107.57	15.769
1110.39	13.7576
1113.21	-6.25388
1116.03	-0.265419
1118.85	5.72296
1121.66	11.7113
1124.48	21.6995
1127.3	-4.31235
1130.11	5.67573
1132.92	-0.336254
1135.73	15.6517
1138.54	23.6396
1141.35	1.62737
1144.16	9.6151
1146.97	11.6028
1149.78	23.5904
1152.58	15.5779
1155.39	13.5654
1158.19	7.55285
1161	11.5402
1163.8	11.5275
1166.6	3.51479
1169.4	7.50199
1172.2	13.4891
1174.99	21.4762
1177.79	11.4633
1180.59	-0.54971
1183.38	9.43724
1186.17	21.4241
1188.97	5.411
1191.76	21.3978
1194.55	5.38458
1197.34	17.3713
1200.13	1.358
1202.92	15.3446
1205.7	9.33127
1208.49	11.3178
1211.27	19.3044
1214.06	9.29089
1216.84	-0.722645
1219.62	15.2638
1222.4	7.25021
1225.18	7.23659
1227.96	9.22295
1230.74	7.20927
1233.51	15.1956
1236.29	19.1819
1239.06	7.16811
1241.84	-0.845658
1244.61	7.14055
1247.38	-8.87325
1250.15	5.11293
1252.92	9.09909
1255.69	3.08523
1258.46	3.07136
1261.23	3.05747
1263.99	1.04358
1266.76	-0.970332
1269.52	11.0158
1272.28	15.0018
1275.05	2.98789
1277.81	10.974
1280.57	14.96
1283.33	0.946068
1286.08	10.9321
1288.84	10.9182
1291.6	4.90422
1294.35	4.89026
1297.11	8.87632
1299.86	-3.13762
1302.61	-1.15157
1305.36	0.834506
1308.11	4.82057
1310.86	-5.19334
1313.61	8.79275
1316.36	8.77885
1319.1	8.76496
1321.85	8.75109
1324.59	0.737231
1327.33	18.7234
1330.08	2.70956
1332.82	2.69574
1335.56	6.68195
1338.3	4.66817
1341.04	6.65442
1343.77	10.6407
1346.51	6.62699
1349.25	2.6133
1351.98	16.5996
1354.71	-3.414
1357.45	0.5724
1360.18	12.5588
1362.91	4.54527
1365.64	-7.46825
1368.37	2.51827
1371.09	16.5048
1373.82	0.491401
1376.54	16.478
1379.27	18.4647
1381.99	16.4514
1384.72	6.43809
1387.44	8.42487
1390.16	6.41168
1392.88	20.3985
1395.6	26.3854
1398.31	30.3724
1401.03	18.3593
1403.75	14.3464
1406.46	16.3335
1409.18	0.320576
1411.89	6.30775
1414.6	0.294975
1417.31	6.28226
1420.02	6.26959
1422.73	14.257
1425.44	12.2444
1428.15	6.2319
1430.85	22.2194
1433.56	0.207057
1436.26	0.194718
1438.97	0.182448
1441.67	0.170237
1444.37	6.15809
1447.07	0.146002
1449.77	8.13398
1452.47	8.12202
1455.16	10.1101
1457.86	12.0983
1460.56	2.08654
1463.25	-5.92515
1465.94	20.0632
1468.64	12.0517
1471.33	2.04022
1474.02	22.0288
1476.71	0.0174934
1479.4	2.00624
1482.09	17.9951
1484.77	17.984
1487.46	11.973
1490.14	1.96201
1492.83	17.9512
1495.51	15.9404
1498.19	11.9297
1500.87	-0.0809269
1503.55	11.9085
1506.23	5.8981
1508.91	5.88775
1511.59	9.87747
1514.27	17.8673
1516.94	9.85721
1519.62	7.8472
1522.29	3.8373
1524.96	3.82748
1527.63	-0.182242
1530.3	15.8081
1532.97	9.79859
1535.64	7.78915
1538.31	9.77981
1540.98	9.77057
1543.64	-4.23857
1546.31	1.75239
1548.97	1.74344
1551.63	-2.2654
1554.3	15.7259
1556.96	11.7172
1559.62	9.7087
1562.28	-0.299727
1564.94	3.69196
1567.59	-6.31625
1570.25	3.67564
1572.9	-0.33235
1575.56	-6.34023
1578.21	13.652
1580.86	11.6443
1583.52	21.6368
1586.17	17.6294
1588.82	1.62204
1591.47	5.61485
1594.11	3.60776
1596.76	1.6008
1599.41	11.594
1602.05	5.58722
1604.69	7.58062
1607.34	3.57413
1609.98	19.5678
1612.62	9.56153
1615.26	33.5554
1617.9	9.54942
1620.54	11.5436
1623.18	11.5378
1625.81	5.5322
1628.45	3.52672
1631.08	17.5214
1633.72	21.5161
1636.35	-0.488941
1638.98	15.5061
1641.61	25.5013
1644.24	3.49658
1646.87	-4.50798
1649.5	-2.5124
1652.13	9.48332
1654.75	21.4792
1657.38	11.4752
1660	3.47129
1662.63	13.4676
1665.25	11.464
1667.87	5.46052
1670.49	9.45722
1673.11	9.45405
1675.73	-2.54896
1678.35	9.44816
1680.96	-0.554564
1683.58	7.44286
1686.19	-0.559575
1688.81	1.43814
1691.42	-6.56399
1694.03	23.434
1696.64	17.4322
1699.25	-4.56949
1701.87	-2.57102
1704.47	5.42761
1707.08	9.42638
1709.69	13.4253
1712.29	7.42441
1714.9	-2.57634
1717.5	3.42306
1720.1	7.42263
1722.71	31.4223
1725.31	-2.57777
1727.91	21.4223
1730.51	19.4225
1733.1	-0.577149
1735.7	5.42338
1738.3	3.42408
1740.89	1.42494
1743.49	9.42597
1746.08	9.42716
1748.67	17.4285
1751.26	-0.569952
1753.86	15.4317
1756.45	-6.56639
1759.03	5.43565
1761.62	13.4379
1764.21	21.4402
1766.8	13.4428
1769.38	13.4455
1771.97	25.4484
1774.55	3.45151
1777.13	13.4548
1779.71	15.4582
1782.29	11.4618
1784.87	-6.53442
1787.45	7.46955
1790.03	15.4737
1792.61	5.47802
1795.18	9.48253
1797.76	13.4872
1800.33	7.49209
1802.9	11.4971
1805.48	-2.49761
1808.05	5.50781
1810.62	7.51343
1813.19	7.51923
1815.76	9.52521
1818.33	5.53139
1820.89	7.53775
1823.46	11.5443
1826.02	17.5511
1828.59	21.558
1831.15	9.56511
1833.71	3.57243
1836.27	5.57994
1838.84	27.5877
1841.39	1.59555
1843.95	19.6037
1846.51	11.6119
1849.07	5.62043
1851.62	11.6291
1854.18	19.638
1856.73	13.6471
1859.29	13.6564
1861.84	11.6659
1864.39	15.6756
1866.94	15.6855
1869.49	7.69554
1872.04	-2.29416
1874.59	29.7163
1877.13	17.727
1879.68	11.738
1882.22	9.74907
1884.77	-0.2396
1887.31	9.77193
1889.85	17.7837
1892.39	15.7956
1894.93	1.80778
1897.47	7.82015
1900.01	9.83273
1902.55	5.84552
1905.09	17.8585
1907.62	7.87175
1910.16	7.88518
1912.69	19.8988
1915.22	5.91269
1917.76	25.9268
1920.29	21.9411
1922.82	19.9556
1925.35	13.9703
1927.88	3.98526
1930.4	16.0004
1932.93	-5.98419
1935.46	4.03142
1937.98	2.04725
1940.51	20.0633
1943.03	6.07958
1945.55	20.0961
1948.07	4.1128
1950.59	0.12974
1953.11	2.14692
1955.63	8.16431
1958.15	20.1819
1960.67	-5.80022
1963.18	12.2179
1965.7	18.2362
1968.21	2.25471
1970.73	18.2735
1973.24	12.2925
1975.75	6.3117
1978.26	12.3312
1980.77	16.3508
1983.28	12.3708
1985.79	0.390934
1988.29	20.4113
1990.8	6.43196
1993.31	10.4528
1995.81	8.47392
1998.31	16.4952
