100.093	13.8426
103.274	3.97555
106.457	10.1077
109.636	6.23899
112.817	10.3695
115.994	0.499041
119.172	0.627846
122.347	8.75573
125.521	2.88277
128.696	-4.99093
131.868	11.1345
135.039	13.259
138.209	-6.61724
141.379	3.50576
144.547	-0.372136
147.713	7.74915
150.879	5.86963
154.043	9.9893
157.206	12.1082
160.368	8.22624
163.529	-1.65649
166.689	-1.54002
169.848	8.57566
173.006	10.6906
176.163	0.804657
179.316	-9.0821
182.471	-0.969557
185.625	13.1422
188.777	1.2532
191.927	19.3633
195.077	7.47279
198.224	5.5814
201.372	23.6893
204.52	9.79648
207.664	-0.0971861
210.809	18.0085
213.95	2.11329
217.091	12.2174
220.233	6.32078
223.372	10.4234
226.509	10.5252
229.648	2.62642
232.784	12.7268
235.918	2.82646
239.051	2.92539
242.186	9.02366
245.317	9.12114
248.447	23.2179
251.577	1.31395
254.705	-6.59071
257.832	15.5039
260.958	1.59783
264.083	13.691
267.204	15.7835
270.327	19.8753
273.449	7.96641
276.57	12.0568
279.69	12.1466
282.806	6.23555
285.924	14.3239
289.04	10.4116
292.154	4.49852
295.268	0.584838
298.379	6.67043
301.492	-5.2446
304.601	2.83965
307.711	4.92329
310.818	5.00621
313.924	9.08848
317.031	15.1701
320.135	9.25109
323.238	1.33139
326.34	3.41104
329.443	9.4901
332.543	13.5685
335.642	15.6462
338.74	13.7233
341.836	19.7997
344.932	25.8755
348.027	15.9507
351.12	8.02527
354.213	4.0992
357.302	6.17247
360.393	-1.75484
363.482	0.317236
366.57	0.388699
369.656	-1.5405
372.742	6.52975
375.827	8.59938
378.91	22.6684
381.993	4.73681
385.073	24.8046
388.154	2.87184
391.232	26.9384
394.311	7.0045
397.387	15.0699
400.462	5.13477
403.536	5.19903
406.611	9.26275
409.683	7.32586
412.754	-2.61161
415.824	-4.54965
418.893	5.51174
421.961	3.57256
425.027	11.6328
428.093	11.6925
431.158	9.75166
434.222	11.8102
437.284	11.8683
440.346	1.92576
443.407	9.98269
446.464	8.03903
449.523	8.09488
452.581	8.15018
455.635	2.2049
458.691	12.2591
461.743	4.31279
464.797	6.36595
467.847	6.41855
470.899	16.4707
473.947	0.52221
476.994	8.57324
480.043	30.6238
483.088	6.67378
486.133	-1.27673
489.176	0.772242
492.22	10.8207
495.262	8.8687
498.302	18.9162
501.341	10.9631
504.38	11.0096
507.417	29.0555
510.453	11.101
513.487	17.1459
516.521	9.19043
519.554	13.2344
522.586	-4.72204
525.616	17.321
528.646	11.3635
531.675	15.4056
534.701	11.4472
537.729	-0.511677
540.753	3.52896
543.778	13.5692
546.8	15.6089
549.821	15.6481
552.844	9.68693
555.863	9.72526
558.881	11.7631
561.898	5.80056
564.916	1.83756
567.932	1.87409
570.946	5.91017
573.959	1.94581
576.971	3.981
579.982	-1.98424
582.993	4.05009
586	4.08395
589.008	18.1174
592.015	16.1504
595.022	-1.81696
598.025	0.215199
601.029	4.24696
604.032	2.27829
607.033	14.3092
610.034	-9.66031
613.032	14.3698
616.032	10.3994
619.028	8.42869
622.023	-5.54246
625.018	10.486
628.013	-5.48596
631.005	18.5417
633.997	14.5689
636.987	8.59578
639.977	14.6222
642.965	18.6483
645.952	12.674
648.939	6.69929
651.924	6.7242
654.909	0.748731
657.892	28.7729
660.873	6.79664
663.854	12.82
666.835	2.84307
669.813	-5.13428
672.791	10.888
675.767	16.9099
678.743	22.9315
681.717	12.9527
684.692	10.9735
687.664	-7.00602
690.634	15.0141
693.606	-0.966125
696.575	-4.94671
699.543	1.07236
702.51	1.09108
705.475	5.10945
708.44	13.1275
711.404	21.1452
714.367	-8.83746
717.329	27.1796
720.29	3.19626
723.25	9.21262
726.207	17.2286
729.166	11.2443
732.123	-4.74028
735.077	13.2748
738.032	9.28951
740.984	5.30392
743.938	11.318
746.888	9.3318
749.839	13.3453
752.788	27.3584
755.735	17.3713
758.682	17.3838
761.627	9.39608
764.574	13.408
767.517	21.4197
770.46	23.431
773.402	19.4421
776.342	13.4528
779.282	11.4633
782.219	7.47346
785.157	3.48335
788.094	1.49296
791.029	7.50228
793.962	5.51132
796.896	7.52008
799.828	17.5286
802.76	21.5368
805.689	11.5447
808.619	25.5524
811.546	7.55977
814.473	13.5669
817.4	-0.426227
820.324	21.5804
823.248	13.5867
826.17	15.5928
829.092	21.5986
832.012	-8.3958
834.932	17.6095
837.851	11.6146
840.768	15.6194
843.685	19.624
846.599	11.6283
849.514	19.6324
852.428	27.6362
855.339	21.6399
858.251	21.6432
861.16	21.6464
864.07	17.6493
866.978	9.65194
869.884	5.65438
872.792	11.6566
875.696	13.6586
878.599	19.6604
881.502	17.6619
884.404	21.6632
887.304	7.66433
890.204	17.6652
893.103	15.6659
896.001	3.66637
898.898	23.6666
901.794	11.6667
904.689	1.66653
907.581	11.6662
910.474	9.66561
913.364	15.6648
916.256	15.6639
919.144	11.6627
922.034	7.66138
924.92	-4.34017
927.808	7.6581
930.693	5.65618
933.576	21.6541
936.459	11.6518
939.341	9.64929
942.222	1.64663
945.102	-6.35621
947.981	1.64077
950.859	13.6376
953.737	1.6342
956.613	17.6307
959.488	5.62695
962.361	3.62307
965.235	3.61902
968.105	5.61481
970.977	21.6104
973.846	7.6059
976.716	13.6012
979.583	17.5963
982.449	23.5913
985.316	7.58617
988.18	11.5809
991.043	-0.424612
993.906	-4.43023
996.767	7.56401
999.628	21.5581
1002.49	-0.447954
1005.35	7.54585
1008.2	9.53952
1011.06	19.533
1013.91	13.5264
1016.77	23.5197
1019.62	19.5128
1022.48	15.5058
1025.33	17.4987
1028.18	15.4914
1031.03	7.48402
1033.87	3.47651
1036.72	11.4689
1039.57	1.46111
1042.41	17.4532
1045.26	11.4452
1048.1	15.4371
1050.94	7.42891
1053.78	7.42057
1056.62	11.4121
1059.46	9.40357
1062.3	7.3949
1065.14	-0.613861
1067.97	15.3773
1070.81	19.3683
1073.64	17.3592
1076.47	13.3501
1079.31	-10.6592
1082.14	3.33142
1084.97	5.32196
1087.8	17.3124
1090.63	13.3028
1093.45	3.29304
1096.28	3.28323
1099.1	11.2733
1101.93	9.26335
1104.75	7.25328
1107.57	5.24313
1110.39	-2.76709
1113.21	7.22261
1116.03	3.21223
1118.85	1.20178
1121.66	5.19126
1124.48	1.18066
1127.3	15.17
1130.11	3.15927
1132.92	9.14848
1135.73	19.1376
1138.54	19.1267
1141.35	9.11572
1144.16	5.10467
1146.97	11.0936
1149.78	15.0824
1152.58	3.07121
1155.39	9.05995
1158.19	7.04864
1161	3.03727
1163.8	1.02587
1166.6	7.01441
1169.4	9.0029
1172.2	8.99136
1174.99	10.9798
1177.79	18.9681
1180.59	6.95648
1183.38	8.94477
1186.17	-1.06697
1188.97	18.9213
1191.76	8.90945
1194.55	6.89761
1197.34	-3.11425
1200.13	14.8739
1202.92	8.86193
1205.7	10.85
1208.49	-5.16198
1211.27	4.82603
1214.06	22.814
1216.84	4.80199
1219.62	-3.21005
1222.4	16.7779
1225.18	6.76581
1227.96	4.75372
1230.74	8.74162
1233.51	2.72951
1236.29	22.7174
1239.06	12.7053
1241.84	12.6931
1244.61	8.681
1247.38	14.6689
1250.15	6.65674
1252.92	22.6446
1255.69	10.6325
1258.46	12.6203
1261.23	10.6082
1263.99	12.5961
1266.76	12.584
1269.52	18.5719
1272.28	18.5598
1275.05	-3.45229
1277.81	10.5357
1280.57	8.5236
1283.33	12.5116
1286.08	10.4996
1288.84	14.4876
1291.6	-1.52441
1294.35	14.4636
1297.11	6.45172
1299.86	2.43982
1302.61	2.42794
1305.36	2.4161
1308.11	2.40428
1310.86	16.3925
1313.61	4.38074
1316.36	2.36902
1319.1	12.3573
1321.85	2.34569
1324.59	18.3341
1327.33	-7.67749
1330.08	12.311
1332.82	18.2995
1335.56	12.288
1338.3	12.2766
1341.04	14.2653
1343.77	-3.74601
1346.51	6.24274
1349.25	12.2315
1351.98	4.22038
1354.71	20.2093
1357.45	0.198229
1360.18	-3.81276
1362.91	-3.8237
1365.64	14.1654
1368.37	14.1546
1371.09	16.1439
1373.82	4.13317
1376.54	8.12255
1379.27	2.11198
1381.99	22.1015
1384.72	6.09105
1387.44	6.0807
1390.16	8.07041
1392.88	16.0602
1395.6	18.05
1398.31	18.04
1401.03	12.03
1403.75	16.0201
1406.46	14.0102
1409.18	18.0005
1411.89	-2.0092
1414.6	9.9812
1417.31	1.9717
1420.02	1.96227
1422.73	-0.0470726
1425.44	5.94367
1428.15	1.93451
1430.85	1.92544
1433.56	5.91646
1436.26	7.90756
1438.97	7.89877
1441.67	11.8901
1444.37	5.88147
1447.07	19.873
1449.77	13.8646
1452.47	-2.14376
1455.16	3.84804
1457.86	3.83993
1460.56	15.8319
1463.25	-12.176
1465.94	1.81625
1468.64	7.80857
1471.33	9.801
1474.02	21.7935
1476.71	9.78618
1479.4	11.7789
1482.09	3.77182
1484.77	-8.23519
1487.46	19.7579
1490.14	3.75114
1492.83	-0.255513
1495.51	-0.262051
1498.19	9.73153
1500.87	7.72524
1503.55	1.71907
1506.23	5.71302
1508.91	-4.29289
1511.59	3.70131
1514.27	1.69565
1516.94	-0.309886
1519.62	9.68471
1522.29	19.6794
1524.96	3.6743
1527.63	5.66929
1530.3	-6.33558
1532.97	17.6597
1535.64	-8.34491
1538.31	11.6506
1540.98	5.64632
1543.64	17.6421
1546.31	13.6381
1548.97	-0.36578
1551.63	9.63048
1554.3	3.62688
1556.96	-2.37658
1559.62	5.62012
1562.28	-2.38303
1564.94	15.614
1567.59	11.6111
1570.25	15.6084
1572.9	5.60586
1575.56	11.6035
1578.21	11.6012
1580.86	-0.400844
1583.52	23.5972
1586.17	5.59548
1588.82	15.5939
1591.47	5.59244
1594.11	7.59116
1596.76	-0.40995
1599.41	25.5891
1602.05	11.5883
1604.69	1.58771
1607.34	-2.41273
1609.98	7.58699
1612.62	9.58688
1615.26	9.58695
1617.9	7.58719
1620.54	7.5876
1623.18	11.5882
1625.81	15.589
1628.45	5.5899
1631.08	7.59101
1633.72	1.59231
1636.35	17.5938
1638.98	9.59545
1641.61	1.59729
1644.24	11.5993
1646.87	-4.39847
1649.5	5.60392
1652.13	11.6065
1654.75	9.60927
1657.38	15.6122
1660	5.61538
1662.63	25.6187
1665.25	3.62225
1667.87	9.62597
1670.49	5.62989
1673.11	5.634
1675.73	19.6383
1678.35	-2.35718
1680.96	11.6475
1683.58	17.6524
1686.19	3.65752
1688.81	7.66283
1691.42	3.66833
1694.03	9.67405
1696.64	17.68
1699.25	5.68607
1701.87	1.6924
1704.47	15.6989
1707.08	5.70567
1709.69	-4.28738
1712.29	-2.28022
1714.9	19.7272
1717.5	1.73473
1720.1	9.74253
1722.71	13.7505
1725.31	1.75876
1727.91	13.7672
1730.51	1.77586
1733.1	5.78474
1735.7	19.7938
1738.3	7.80315
1740.89	11.8127
1743.49	9.82245
1746.08	-8.16757
1748.67	15.8426
1751.26	11.8531
1753.86	13.8637
1756.45	11.8746
1759.03	3.88571
1761.62	5.89706
1764.21	13.9086
1766.8	13.9204
1769.38	11.9325
1771.97	7.94472
1774.55	-4.04278
1777.13	11.97
1779.71	-0.0170813
1782.29	5.99611
1784.87	0.00955733
1787.45	14.0232
1790.03	20.0372
1792.61	18.0513
1795.18	12.0657
1797.76	22.0804
1800.33	12.0952
1802.9	16.1104
1805.48	2.12573
1808.05	10.1413
1810.62	22.1572
1813.19	18.1733
1815.76	2.18968
1818.33	6.20629
1820.89	12.2232
1823.46	18.2403
1826.02	8.25762
1828.59	2.27523
1831.15	8.29309
1833.71	8.31122
1836.27	2.3296
1838.84	-11.6518
1841.39	18.3671
1843.95	14.3863
1846.51	8.40568
1849.07	14.4253
1851.62	-3.55474
1854.18	18.4655
1856.73	14.4859
1859.29	12.5066
1861.84	16.5276
1864.39	22.5488
1866.94	18.5704
1869.49	6.59213
1872.04	10.6142
1874.59	16.6365
1877.13	18.6591
1879.68	18.6819
1882.22	14.705
1884.77	22.7284
1887.31	16.7521
1889.85	16.776
1892.39	14.8002
1894.93	18.8247
1897.47	20.8495
1900.01	28.8745
1902.55	12.8999
1905.09	12.9255
1907.62	14.9513
1910.16	12.9775
1912.69	-6.99607
1915.22	7.03065
1917.76	11.0576
1920.29	19.0849
1922.82	29.1125
1925.35	21.1404
1927.88	9.16851
1930.4	19.1969
1932.93	-0.774356
1935.46	3.25465
1937.98	25.2839
1940.51	3.31353
1943.03	23.3434
1945.55	-2.62645
1948.07	17.404
1950.59	25.4348
1953.11	17.4658
1955.63	15.4971
1958.15	11.5288
1960.67	15.5607
1963.18	1.59292
1965.7	-0.374559
1968.21	25.6583
1970.73	9.69139
1973.24	19.7248
1975.75	13.7585
1978.26	5.79255
1980.77	13.8269
1983.28	15.8615
1985.79	9.89643
1988.29	3.93166
1990.8	21.9672
1993.31	16.0031
1995.81	20.0392
1998.31	12.0757
