100.093	11.3693
103.274	11.5231
106.457	3.67592
109.636	11.8277
112.817	3.97868
115.994	22.1286
119.172	12.2776
122.347	4.42566
125.521	6.57274
128.696	4.71899
131.868	16.8642
135.039	3.00849
138.209	3.15185
141.379	5.29439
144.547	-4.56409
147.713	1.57651
150.879	5.71621
154.043	3.85499
157.206	11.9929
160.368	4.12985
163.529	-1.73408
166.689	4.40111
169.848	-1.46461
173.006	4.66879
176.163	-3.1987
179.316	2.93285
182.471	11.0636
185.625	5.19347
188.777	5.32246
191.927	23.4505
195.077	-0.422234
198.224	9.70408
201.372	1.82961
204.52	13.9543
207.664	-7.92197
210.809	22.201
213.95	4.32304
217.091	2.44423
220.233	16.5647
223.372	8.68418
226.509	-3.19714
229.648	10.9208
232.784	7.0378
235.918	9.15399
239.051	13.2694
242.186	-2.61601
245.317	21.4977
248.447	13.6106
251.577	17.7227
254.705	5.83403
257.832	15.9445
260.958	12.0542
264.083	6.16311
267.204	18.2711
270.327	0.378432
273.449	4.48494
276.57	12.5907
279.69	6.69561
282.806	8.7997
285.924	6.90309
289.04	9.0057
292.154	-2.89253
295.268	-0.791465
298.379	5.30877
301.492	3.40831
304.601	13.507
307.711	7.60505
310.818	3.70225
313.924	11.7987
317.031	17.8945
320.135	-12.0106
323.238	0.083652
326.34	10.1771
329.443	-13.7301
332.543	-1.63805
335.642	28.4532
338.74	18.5438
341.836	4.63361
344.932	8.72272
348.027	6.81111
351.12	12.8988
354.213	0.985746
357.302	9.07194
360.393	-0.842515
363.482	13.2423
366.57	25.3265
369.656	9.40985
372.742	1.49259
375.827	7.57465
378.91	13.656
381.993	3.73663
385.073	-12.1834
388.154	11.8959
391.232	13.9745
394.311	6.05241
397.387	10.1296
400.462	8.2062
403.536	6.28209
406.611	12.3574
409.683	10.4319
412.754	-1.49415
415.824	2.5791
418.893	0.651699
421.961	-3.27635
425.027	4.79495
428.093	0.865607
431.158	4.93562
434.222	11.005
437.284	-0.926263
440.346	15.1418
443.407	11.2093
446.464	9.27612
449.523	5.34234
452.581	-0.592067
455.635	11.4729
458.691	3.53722
461.743	21.6009
464.797	17.6641
467.847	-4.27346
470.899	5.78845
473.947	1.84972
476.994	1.91039
480.043	-2.0295
483.088	6.02998
486.133	6.08886
489.176	12.1472
492.22	12.2049
495.262	20.262
498.302	2.31855
501.341	12.3745
504.38	12.4299
507.417	24.4847
510.453	2.53891
513.487	24.5925
516.521	10.6456
519.554	2.69817
522.586	6.75014
525.616	4.80151
528.646	16.8524
531.675	2.90267
534.701	0.952383
537.729	5.00158
540.753	17.0502
543.778	7.09832
546.8	-2.85415
549.821	23.1929
552.844	1.23935
555.863	19.2853
558.881	7.33068
561.898	13.3756
564.916	11.4199
567.932	17.4638
570.946	9.50706
573.959	-4.45016
576.971	17.5921
579.982	21.6339
582.993	-0.32488
586	1.71583
589.008	15.7561
592.015	13.7958
595.022	1.83503
598.025	17.8737
601.029	19.912
604.032	5.94972
607.033	1.98695
610.034	6.02372
613.032	22.06
616.032	12.0958
619.028	22.1311
622.023	10.1659
625.018	0.200224
628.013	6.23411
631.005	10.2675
633.997	12.3004
636.987	20.3329
639.977	14.3649
642.965	4.39644
645.952	10.4275
648.939	24.4581
651.924	14.4883
654.909	0.518035
657.892	10.5473
660.873	20.5761
663.854	10.6045
666.835	-9.36757
669.813	-5.34009
672.791	22.687
675.767	2.71358
678.743	6.73977
681.717	14.7655
684.692	16.7909
687.664	2.81575
690.634	8.84022
693.606	8.86429
696.575	6.88792
699.543	6.91114
702.51	16.9339
705.475	12.9563
708.44	2.97832
711.404	16.9999
714.367	19.0211
717.329	9.04185
720.29	19.0622
723.25	9.0822
726.207	23.1018
729.166	17.121
732.123	21.1397
735.077	13.1581
738.032	1.17617
740.984	11.1938
743.938	11.2111
746.888	15.2279
749.839	21.2444
752.788	11.2605
755.735	15.2763
758.682	1.29166
761.627	31.3067
764.574	15.3213
767.517	5.3356
770.46	17.3495
773.402	5.36308
776.342	15.3763
779.282	11.3891
782.219	7.40162
785.157	17.4138
788.094	19.4256
791.029	9.43702
793.962	25.4481
796.896	-6.54111
799.828	15.4693
802.76	3.4794
805.689	27.4892
808.619	7.49858
811.546	17.5077
814.473	11.5164
817.4	13.5249
820.324	19.533
823.248	-2.45922
826.17	17.5482
829.092	13.5554
832.012	29.5622
834.932	21.5688
837.851	5.57498
840.768	3.58089
843.685	21.5865
846.599	31.5918
849.514	5.59678
852.428	17.6015
855.339	17.6059
858.251	3.60996
861.16	15.6138
864.07	13.6173
866.978	29.6205
869.884	15.6234
872.792	21.6261
875.696	9.62845
878.599	9.63053
881.502	17.6323
884.404	9.63387
887.304	9.63512
890.204	25.6361
893.103	13.6368
896.001	5.63725
898.898	13.6374
901.794	3.63733
904.689	7.63697
907.581	17.6364
910.474	21.6355
913.364	5.63435
916.256	25.633
919.144	5.63133
922.034	11.6294
924.92	11.6273
927.808	5.62491
930.693	29.6223
933.576	15.6194
936.459	23.6163
939.341	5.61295
942.222	5.60937
945.102	9.60555
947.981	11.6015
950.859	1.59721
953.737	1.5927
956.613	11.588
959.488	7.58299
962.361	9.57781
965.235	-4.4276
968.105	9.56678
970.977	13.5609
973.846	23.5549
976.716	3.5486
979.583	5.54212
982.449	19.5354
985.316	17.5285
988.18	9.52143
991.043	7.51413
993.906	-4.49338
996.767	11.4989
999.628	21.491
1002.49	21.4829
1005.35	21.4746
1008.2	1.46614
1011.06	15.4575
1013.91	15.4486
1016.77	-0.56044
1019.62	17.4303
1022.48	19.4209
1025.33	3.41133
1028.18	1.40155
1031.03	17.3916
1033.87	7.38149
1036.72	19.3712
1039.57	-0.639279
1042.41	13.3501
1045.26	5.33928
1048.1	17.3283
1050.94	13.3172
1053.78	19.3059
1056.62	5.29444
1059.46	15.2828
1062.3	19.2711
1065.14	9.25915
1067.97	5.24707
1070.81	11.2349
1073.64	1.22248
1076.47	11.21
1079.31	11.1973
1082.14	17.1845
1084.97	17.1715
1087.8	9.15845
1090.63	9.14522
1093.45	15.1319
1096.28	23.1184
1099.1	21.1047
1101.93	11.091
1104.75	9.07708
1107.57	1.06307
1110.39	11.0489
1113.21	3.03466
1116.03	5.02027
1118.85	3.00576
1121.66	14.9911
1124.48	6.9764
1127.3	18.9615
1130.11	16.9466
1132.92	0.931488
1135.73	14.9163
1138.54	2.901
1141.35	24.8856
1144.16	6.87008
1146.97	4.85447
1149.78	-1.16124
1152.58	2.82295
1155.39	-1.19296
1158.19	14.791
1161	2.77493
1163.8	26.7587
1166.6	12.7425
1169.4	28.7261
1172.2	8.70963
1174.99	26.6931
1177.79	8.67646
1180.59	6.65975
1183.38	4.64297
1186.17	10.6261
1188.97	10.6091
1191.76	6.59212
1194.55	0.575025
1197.34	18.5579
1200.13	12.5406
1202.92	14.5233
1205.7	16.5059
1208.49	8.4885
1211.27	6.47099
1214.06	-3.54657
1216.84	2.4358
1219.62	-3.58188
1222.4	6.40037
1225.18	2.38257
1227.96	-1.63528
1230.74	16.3468
1233.51	-1.67114
1236.29	14.3109
1239.06	4.2928
1241.84	8.2747
1244.61	14.2566
1247.38	6.23837
1250.15	0.220152
1252.92	4.20188
1255.69	-3.81643
1258.46	4.16524
1261.23	8.14686
1263.99	16.1285
1266.76	6.11001
1269.52	6.09154
1272.28	14.073
1275.05	6.05451
1277.81	4.03596
1280.57	8.01739
1283.33	7.99879
1286.08	-2.01983
1288.84	9.96153
1291.6	11.9429
1294.35	7.9242
1297.11	11.9055
1299.86	3.88682
1302.61	7.86811
1305.36	5.84939
1308.11	11.8307
1310.86	7.81193
1313.61	1.79319
1316.36	-0.225561
1319.1	5.7557
1321.85	-10.263
1324.59	13.7182
1327.33	31.6995
1330.08	-10.3193
1332.82	13.662
1335.56	9.64325
1338.3	1.62453
1341.04	-0.39417
1343.77	1.58713
1346.51	13.5684
1349.25	11.5498
1351.98	9.53112
1354.71	1.51247
1357.45	21.4939
1360.18	23.4753
1362.91	13.4567
1365.64	11.4381
1368.37	7.41958
1371.09	5.40108
1373.82	-0.6174
1376.54	9.36416
1379.27	9.34574
1381.99	1.32735
1384.72	13.309
1387.44	11.2907
1390.16	5.27239
1392.88	17.2541
1395.6	5.23594
1398.31	-2.78223
1401.03	7.19965
1403.75	9.18157
1406.46	-10.8365
1409.18	5.14553
1411.89	19.1276
1414.6	1.1097
1417.31	5.09186
1420.02	15.0741
1422.73	13.0563
1425.44	7.03863
1428.15	-2.97899
1430.85	3.00343
1433.56	6.98592
1436.26	2.96846
1438.97	18.9511
1441.67	12.9337
1444.37	6.91648
1447.07	24.8993
1449.77	12.8822
1452.47	6.86509
1455.16	6.84809
1457.86	-1.16884
1460.56	20.8143
1463.25	0.797525
1465.94	2.78083
1468.64	6.76419
1471.33	8.74765
1474.02	-1.26883
1476.71	6.71479
1479.4	18.6985
1482.09	10.6822
1484.77	-11.3339
1487.46	12.6501
1490.14	24.6341
1492.83	18.6182
1495.51	14.6024
1498.19	10.5867
1500.87	10.5711
1503.55	-1.44441
1506.23	14.5402
1508.91	2.52485
1511.59	-11.4904
1514.27	18.4945
1516.94	0.479466
1519.62	8.46453
1522.29	16.4497
1524.96	10.435
1527.63	16.4204
1530.3	10.4059
1532.97	4.39147
1535.64	6.37718
1538.31	14.363
1540.98	18.3489
1543.64	12.335
1546.31	-5.67887
1548.97	12.3074
1551.63	14.2938
1554.3	4.28029
1556.96	12.2669
1559.62	10.2537
1562.28	4.24054
1564.94	8.22753
1567.59	22.2146
1570.25	8.20188
1572.9	2.18925
1575.56	2.17674
1578.21	12.1644
1580.86	16.1521
1583.52	0.140001
1586.17	12.128
1588.82	14.1162
1591.47	12.1045
1594.11	16.0929
1596.76	4.08144
1599.41	6.07014
1602.05	10.059
1604.69	6.04796
1607.34	4.03708
1609.98	-1.97365
1612.62	-3.98424
1615.26	2.00531
1617.9	3.99502
1620.54	21.9849
1623.18	-6.02513
1625.81	5.96502
1628.45	7.95532
1631.08	9.94578
1633.72	9.93639
1636.35	7.92715
1638.98	11.9181
1641.61	3.90915
1644.24	13.9004
1646.87	5.89179
1649.5	13.8833
1652.13	3.87507
1654.75	5.86695
1657.38	25.859
1660	-6.14879
1662.63	7.8436
1665.25	-0.163856
1667.87	3.82886
1670.49	1.82175
1673.11	11.8148
1675.73	19.808
1678.35	5.80145
1680.96	3.79503
1683.58	9.78879
1686.19	1.78272
1688.81	-0.223171
1691.42	9.77112
1694.03	1.76559
1696.64	11.7602
1699.25	3.75508
1701.87	3.75009
1704.47	-12.2547
1707.08	11.7407
1709.69	1.73626
1712.29	3.73202
1714.9	1.72797
1717.5	-2.27588
1720.1	23.7204
1722.71	-0.283026
1725.31	11.7137
1727.91	9.71061
1730.51	-4.29229
1733.1	5.70502
1735.7	1.70252
1738.3	11.7002
1740.89	-4.30188
1743.49	-2.30377
1746.08	13.6945
1748.67	1.69304
1751.26	17.6917
1753.86	17.6907
1756.45	13.6898
1759.03	-4.31089
1761.62	17.6887
1764.21	1.6884
1766.8	-4.31165
1769.38	15.6885
1771.97	7.6889
1774.55	-0.310508
1777.13	3.6903
1779.71	19.6913
1782.29	13.6926
1784.87	9.69402
1787.45	21.6957
1790.03	7.69759
1792.61	15.6997
1795.18	3.70204
1797.76	-2.2954
1800.33	1.70738
1802.9	7.71038
1805.48	5.71361
1808.05	9.71707
1810.62	1.72076
1813.19	5.72467
1815.76	5.72882
1818.33	9.73319
1820.89	5.7378
1823.46	11.7426
1826.02	-0.252295
1828.59	7.75301
1831.15	5.75855
1833.71	3.76433
1836.27	5.77034
1838.84	11.7766
1841.39	1.78308
1843.95	9.78982
1846.51	1.79679
1849.07	-2.196
1851.62	3.81146
1854.18	1.81916
1856.73	15.8271
1859.29	11.8353
1861.84	9.84374
1864.39	1.85243
1866.94	11.8614
1869.49	5.87055
1872.04	-0.120014
1874.59	15.8897
1877.13	11.8996
1879.68	11.9098
1882.22	5.92025
1884.77	-2.06904
1887.31	5.94191
1889.85	19.9531
1892.39	5.9646
1894.93	7.97633
1897.47	9.98833
1900.01	8.00058
1902.55	20.0131
1905.09	6.02587
1907.62	2.03891
1910.16	10.0522
1912.69	14.0658
1915.22	8.07962
1917.76	16.0937
1920.29	18.1081
1922.82	4.12273
1925.35	2.13765
1927.88	14.1528
1930.4	16.1683
1932.93	18.184
1935.46	8.2
1937.98	-1.78373
1940.51	18.2328
1943.03	4.24964
1945.55	14.2667
1948.07	8.28412
1950.59	16.3018
1953.11	-3.68029
1955.63	20.3379
1958.15	12.3564
1960.67	12.3752
1963.18	12.3942
1965.7	8.41359
1968.21	-1.56679
1970.73	10.4531
1973.24	16.4733
1975.75	0.49381
1978.26	10.5146
1980.77	6.53565
1983.28	8.55701
1985.79	10.5786
1988.29	12.6006
1990.8	16.6228
1993.31	16.6453
1995.81	-1.33186
1998.31	26.6912
