100.093	3.61537
103.274	15.6886
106.457	7.76156
109.636	9.83406
112.817	13.9062
115.994	3.97799
119.172	16.0494
122.347	24.1204
125.521	12.191
128.696	-11.7387
131.868	18.3312
135.039	18.4008
138.209	18.4699
141.379	4.53874
144.547	12.6072
147.713	14.6752
150.879	8.74291
154.043	-5.18976
157.206	20.8772
160.368	4.94382
163.529	9.01007
166.689	13.076
169.848	5.1415
173.006	-0.793322
176.163	13.2715
179.316	7.33593
182.471	11.4001
185.625	-0.536183
188.777	15.5272
191.927	9.59026
195.077	7.65298
198.224	5.71531
201.372	1.77734
204.52	-2.16098
207.664	9.90032
210.809	11.9613
213.95	6.02193
217.091	12.0822
220.233	-1.85783
223.372	8.20177
226.509	14.261
229.648	12.32
232.784	12.3786
235.918	6.43683
239.051	24.4947
242.186	6.55237
245.317	6.60963
248.447	18.6666
251.577	6.72316
254.705	22.7794
257.832	-1.16463
260.958	8.89099
264.083	-5.05372
267.204	3.00121
270.327	11.0559
273.449	5.11018
276.57	17.1642
279.69	-0.782125
282.806	1.27121
285.924	15.3243
289.04	17.377
292.154	13.4294
295.268	13.4815
298.379	11.5332
301.492	-0.415294
304.601	19.6358
307.711	13.6867
310.818	19.7372
313.924	9.78741
317.031	9.83734
320.135	27.8869
323.238	3.93622
326.34	5.9852
329.443	10.0339
332.543	18.0823
335.642	14.1304
338.74	12.1781
341.836	4.22562
344.932	12.2728
348.027	14.3197
351.12	16.3663
354.213	0.41255
357.302	-3.54149
360.393	2.50422
363.482	2.54963
366.57	22.5947
369.656	6.63954
372.742	6.68408
375.827	8.72833
378.91	8.77227
381.993	2.81595
385.073	10.8593
388.154	6.90242
391.232	2.94521
394.311	16.9878
397.387	13.03
400.462	9.07193
403.536	7.1136
406.611	13.155
409.683	19.1961
412.754	3.23698
415.824	1.27754
418.893	-4.68217
421.961	-0.642155
425.027	15.3976
428.093	21.4371
431.158	7.47625
434.222	21.5152
437.284	23.5538
440.346	-8.40777
443.407	5.63036
446.464	11.6682
449.523	5.70578
452.581	9.74311
455.635	9.78015
458.691	17.817
461.743	7.85347
464.797	13.8898
467.847	17.9257
470.899	-6.03849
473.947	-2.00301
476.994	-7.96779
480.043	6.0672
483.088	6.10191
486.133	6.13637
489.176	18.1706
492.22	4.20455
495.262	8.23825
498.302	0.271701
501.341	4.3049
504.38	12.3379
507.417	12.3706
510.453	12.403
513.487	18.4352
516.521	10.4672
519.554	12.4989
522.586	4.53037
525.616	2.56159
528.646	16.5926
531.675	8.62334
534.701	6.65383
537.729	16.6841
540.753	6.71413
543.778	20.7439
546.8	14.7735
549.821	16.8028
552.844	6.83187
555.863	12.8607
558.881	-3.11067
561.898	0.917703
564.916	10.9459
567.932	16.9738
570.946	3.00147
573.959	13.0289
576.971	11.0562
579.982	11.0832
582.993	3.10995
586	7.13649
589.008	-0.837183
592.015	13.1889
595.022	5.21481
598.025	19.2405
601.029	3.2659
604.032	13.2911
607.033	7.31612
610.034	-4.6591
613.032	3.36546
616.032	-4.61019
619.028	11.4139
622.023	9.43784
625.018	-0.538464
628.013	19.485
631.005	3.5083
633.997	1.53136
636.987	13.5542
639.977	17.5769
642.965	13.5993
645.952	3.6215
648.939	-0.356481
651.924	5.66533
654.909	-0.313067
657.892	-6.29167
660.873	13.7295
663.854	7.75051
666.835	13.7713
669.813	5.79187
672.791	11.8123
675.767	-0.167558
678.743	23.8524
681.717	9.87221
684.692	-10.1082
687.664	1.9112
690.634	-2.06961
693.606	13.9494
696.575	5.9682
699.543	7.98681
702.51	14.0052
705.475	4.02345
708.44	12.0415
711.404	14.0593
714.367	22.077
717.329	14.0945
720.29	12.1117
723.25	8.12884
726.207	8.14574
729.166	8.16246
732.123	10.179
735.077	4.19534
738.032	8.21152
740.984	2.2275
743.938	2.24331
746.888	12.2589
749.839	12.2744
752.788	12.2896
755.735	14.3047
758.682	24.3196
761.627	2.33436
764.574	24.3489
767.517	10.3633
770.46	14.3775
773.402	12.3915
776.342	4.4054
779.282	-3.58091
782.219	22.4326
785.157	8.44594
788.094	2.45912
791.029	10.4721
793.962	10.485
796.896	16.4976
799.828	12.5101
802.76	16.5225
805.689	6.53464
808.619	8.54665
811.546	16.5585
814.473	18.5702
817.4	-1.41831
820.324	16.593
823.248	14.6042
826.17	20.6153
829.092	20.6261
832.012	-3.36313
834.932	22.6474
837.851	12.6578
840.768	24.6681
843.685	22.6782
846.599	22.6881
849.514	-5.30212
852.428	14.7075
855.339	10.717
858.251	0.72631
861.16	6.73548
864.07	22.7445
866.978	10.7534
869.884	10.7621
872.792	0.770676
875.696	8.7791
878.599	2.78738
881.502	-1.20448
884.404	22.8035
887.304	20.8113
890.204	8.81905
893.103	6.82661
896.001	6.83403
898.898	12.8413
901.794	-7.15157
904.689	2.85543
907.581	6.86228
910.474	14.869
913.364	8.87557
916.256	16.882
919.144	10.8883
922.034	8.89447
924.92	12.9005
927.808	16.9064
930.693	14.9122
933.576	10.9178
936.459	28.9233
939.341	18.9286
942.222	4.93388
945.102	12.939
947.981	6.94396
950.859	2.9488
953.737	2.95352
956.613	12.9581
959.488	6.96257
962.361	10.9669
965.235	6.97111
968.105	4.97519
970.977	6.97915
973.846	-1.01702
976.716	22.9867
979.583	2.99029
982.449	18.9938
985.316	8.99711
988.18	3.00033
991.043	-6.99656
993.906	17.0064
996.767	27.0093
999.628	11.0121
1002.49	7.01469
1005.35	25.0172
1008.2	15.0196
1011.06	19.0219
1013.91	5.02409
1016.77	15.0261
1019.62	13.0281
1022.48	21.0299
1025.33	3.03166
1028.18	13.0333
1031.03	3.03478
1033.87	3.03618
1036.72	11.0375
1039.57	11.0386
1042.41	15.0397
1045.26	17.0407
1048.1	-0.958463
1050.94	11.0423
1053.78	13.0429
1056.62	11.0435
1059.46	7.04392
1062.3	9.04425
1065.14	25.0445
1067.97	11.0446
1070.81	15.0446
1073.64	19.0446
1076.47	17.0444
1079.31	15.0441
1082.14	3.04377
1084.97	21.0433
1087.8	15.0427
1090.63	5.04208
1093.45	-4.95867
1096.28	13.0405
1099.1	13.0395
1101.93	-8.96151
1104.75	23.0374
1107.57	1.03613
1110.39	-0.965194
1113.21	-0.966605
1116.03	-6.96811
1118.85	3.0303
1121.66	5.02862
1124.48	1.02684
1127.3	19.025
1130.11	5.02304
1132.92	13.021
1135.73	7.01888
1138.54	3.01667
1141.35	3.01437
1144.16	7.01199
1146.97	11.0095
1149.78	11.007
1152.58	23.0044
1155.39	7.00164
1158.19	-5.00116
1161	10.996
1163.8	6.99301
1166.6	16.99
1169.4	0.986852
1172.2	18.9837
1174.99	8.98038
1177.79	6.97703
1180.59	6.9736
1183.38	18.9701
1186.17	20.9665
1188.97	4.96285
1191.76	2.95912
1194.55	8.95531
1197.34	14.9514
1200.13	2.94748
1202.92	14.9435
1205.7	12.9394
1208.49	2.93519
1211.27	6.93095
1214.06	10.9266
1216.84	4.92226
1219.62	-1.08219
1222.4	18.9133
1225.18	4.90871
1227.96	2.90405
1230.74	-3.10067
1233.51	6.89455
1236.29	10.8897
1239.06	-11.1152
1241.84	16.8798
1244.61	10.8748
1247.38	6.86965
1250.15	8.86448
1252.92	8.85925
1255.69	0.853953
1258.46	2.8486
1261.23	10.8432
1263.99	12.8377
1266.76	10.8322
1269.52	12.8266
1272.28	14.8209
1275.05	-1.18479
1277.81	6.80945
1280.57	8.80363
1283.33	2.79774
1286.08	-5.20819
1288.84	0.785818
1291.6	8.77977
1294.35	12.7737
1297.11	12.7675
1299.86	8.76132
1302.61	6.75506
1305.36	18.7488
1308.11	10.7424
1310.86	4.73598
1313.61	-5.27048
1316.36	2.72301
1319.1	12.7164
1321.85	8.70984
1324.59	6.70319
1327.33	8.69648
1330.08	0.689734
1332.82	8.68294
1335.56	-5.32391
1338.3	8.6692
1341.04	14.6623
1343.77	0.655297
1346.51	2.64828
1349.25	0.641213
1351.98	10.6341
1354.71	14.627
1357.45	12.6198
1360.18	10.6125
1362.91	6.60526
1365.64	2.59795
1368.37	8.5906
1371.09	8.58321
1373.82	12.5758
1376.54	16.5683
1379.27	2.56081
1381.99	0.553268
1384.72	0.545688
1387.44	0.538077
1390.16	0.530425
1392.88	-7.47726
1395.6	-1.48498
1398.31	-7.49273
1401.03	4.49948
1403.75	12.4917
1406.46	2.48381
1409.18	8.47593
1411.89	4.46801
1414.6	8.46006
1417.31	-1.54791
1420.02	2.44408
1422.73	6.43605
1425.44	8.42798
1428.15	22.4199
1430.85	4.41177
1433.56	14.4036
1436.26	8.39544
1438.97	2.38724
1441.67	8.37901
1444.37	8.37076
1447.07	-7.63752
1449.77	0.35418
1452.47	26.3459
1455.16	6.3375
1457.86	20.3291
1460.56	24.3207
1463.25	-3.68769
1465.94	4.30387
1468.64	6.29541
1471.33	8.28693
1474.02	0.278422
1476.71	8.2699
1479.4	18.2614
1482.09	14.2528
1484.77	0.244219
1487.46	0.235623
1490.14	6.22701
1492.83	16.2184
1495.51	4.20973
1498.19	20.2011
1500.87	14.1924
1503.55	12.1837
1506.23	2.17499
1508.91	6.16627
1511.59	-3.84247
1514.27	0.148781
1516.94	12.14
1519.62	24.1312
1522.29	2.12246
1524.96	6.11366
1527.63	6.10485
1530.3	4.09604
1532.97	8.08721
1535.64	-1.92163
1538.31	10.0695
1540.98	6.06067
1543.64	18.0518
1546.31	6.04293
1548.97	-7.96595
1551.63	4.02517
1554.3	6.01627
1556.96	8.00738
1559.62	3.99847
1562.28	7.98957
1564.94	7.98065
1567.59	9.97174
1570.25	5.96281
1572.9	3.95389
1575.56	21.945
1578.21	3.93604
1580.86	-0.072897
1583.52	15.9182
1586.17	9.90924
1588.82	9.9003
1591.47	-2.10863
1594.11	13.8824
1596.76	15.8735
1599.41	-8.13543
1602.05	15.8556
1604.69	17.8467
1607.34	-0.162217
1609.98	5.82886
1612.62	9.81994
1615.26	15.811
1617.9	-2.19789
1620.54	9.7932
1623.18	5.7843
1625.81	13.7754
1628.45	3.76651
1631.08	5.75762
1633.72	-6.25126
1636.35	15.7399
1638.98	13.731
1641.61	-0.277848
1644.24	23.7133
1646.87	7.70446
1649.5	7.69563
1652.13	-4.31319
1654.75	17.678
1657.38	11.6692
1660	5.66041
1662.63	-2.34837
1665.25	21.6429
1667.87	3.63411
1670.49	9.62537
1673.11	-2.38336
1675.73	17.6079
1678.35	1.59922
1680.96	13.5905
1683.58	11.5819
1686.19	-2.4268
1688.81	1.56455
1691.42	3.55593
1694.03	11.5473
1696.64	5.53872
1699.25	9.53014
1701.87	5.52157
1704.47	17.513
1707.08	3.50451
1709.69	9.496
1712.29	7.48751
1714.9	-0.520961
1717.5	-4.52941
1720.1	11.4622
1722.71	19.4538
1725.31	3.44536
1727.91	-0.563006
1730.51	5.42865
1733.1	25.4203
1735.7	13.412
1738.3	13.4037
1740.89	17.3955
1743.49	-0.612743
1746.08	5.37905
1748.67	3.37086
1751.26	5.36271
1753.86	9.35457
1756.45	9.34646
1759.03	9.33838
1761.62	5.33032
1764.21	5.32229
1766.8	17.3143
1769.38	25.3063
1771.97	15.2984
1774.55	7.29044
1777.13	3.28255
1779.71	11.2747
1782.29	17.2669
1784.87	11.259
1787.45	7.25127
1790.03	13.2435
1792.61	9.23581
1795.18	19.2281
1797.76	9.22048
1800.33	21.2129
1802.9	7.20527
1805.48	7.19771
1808.05	9.19019
1810.62	9.1827
1813.19	3.17524
1815.76	-2.83218
1818.33	15.1604
1820.89	13.1531
1823.46	5.14576
1826.02	9.13847
1828.59	13.1312
1831.15	3.12402
1833.71	-0.88316
1836.27	15.1097
1838.84	5.1026
1841.39	-0.904463
1843.95	9.08851
1846.51	25.0815
1849.07	21.0746
1851.62	5.06766
1854.18	13.0608
1856.73	23.054
1859.29	19.0472
1861.84	9.04042
1864.39	1.03371
1866.94	-4.97297
1869.49	5.0204
1872.04	23.0138
1874.59	3.00727
1877.13	13.0008
1879.68	8.99431
1882.22	10.9879
1884.77	4.98151
1887.31	16.9752
1889.85	14.9689
1892.39	0.962654
1894.93	4.95646
1897.47	4.9503
1900.01	4.94419
1902.55	8.93813
1905.09	20.9321
1907.62	16.9261
1910.16	6.92023
1912.69	-9.08565
1915.22	-1.09148
1917.76	4.90274
1920.29	18.897
1922.82	12.8913
1925.35	14.8857
1927.88	8.88009
1930.4	-7.12544
1932.93	6.86907
1935.46	8.86363
1937.98	-1.14176
1940.51	14.8529
1943.03	4.84761
1945.55	10.8424
1948.07	10.8372
1950.59	24.8321
1953.11	10.827
1955.63	-9.17805
1958.15	6.81698
1960.67	12.8121
1963.18	12.8072
1965.7	8.80237
1968.21	-9.20239
1970.73	8.7929
1973.24	0.788248
1975.75	16.7837
1978.26	4.77911
1980.77	10.7746
1983.28	2.77019
1985.79	12.7658
1988.29	6.7615
1990.8	16.7572
1993.31	6.75303
1995.81	8.74889
1998.31	0.744801
