100.093	17.6713
103.274	25.6808
106.457	15.6904
109.636	23.7
112.817	25.7097
115.994	19.7195
119.172	23.7293
122.347	17.7392
125.521	3.74912
128.696	15.7591
131.868	19.7692
135.039	15.7793
138.209	23.7895
141.379	19.7997
144.547	5.80999
147.713	3.82033
150.879	-0.169279
154.043	9.84117
157.206	-0.14833
160.368	9.86222
163.529	17.8728
166.689	15.8835
169.848	7.8942
173.006	13.905
176.163	13.9158
179.316	7.92664
182.471	3.93755
185.625	15.9485
188.777	11.9595
191.927	5.97059
195.077	9.9817
198.224	7.99284
201.372	22.004
204.52	4.0153
207.664	8.02659
210.809	12.0379
213.95	14.0493
217.091	0.0607357
220.233	12.0722
223.372	24.0837
226.509	4.09528
229.648	6.10689
232.784	10.1185
235.918	10.1302
239.051	12.1419
242.186	8.15371
245.317	-7.83449
248.447	14.1774
251.577	2.18924
254.705	12.2012
257.832	16.2131
260.958	-1.77487
264.083	4.23717
267.204	12.2492
270.327	10.2613
273.449	24.2735
276.57	0.285678
279.69	14.2979
282.806	6.31014
285.924	18.3224
289.04	-3.66524
292.154	0.347103
295.268	6.35949
298.379	10.3719
301.492	16.3844
304.601	12.3968
307.711	20.4094
310.818	22.4219
313.924	6.43447
317.031	18.4471
320.135	-7.54029
323.238	6.47236
326.34	22.4851
329.443	8.49778
332.543	8.51052
335.642	-5.47671
338.74	12.5361
341.836	2.54891
344.932	10.5618
348.027	6.57464
351.12	22.5875
354.213	12.6005
357.302	10.6134
360.393	-1.37362
363.482	12.6394
366.57	6.6524
369.656	0.665431
372.742	24.6785
375.827	10.6916
378.91	12.7047
381.993	-3.28219
385.073	16.7309
388.154	2.74412
391.232	14.7573
394.311	10.7705
397.387	22.7837
400.462	-3.20304
403.536	12.8102
406.611	-7.17651
409.683	18.8368
412.754	6.85009
415.824	10.8634
418.893	12.8767
421.961	-3.1099
425.027	14.9035
428.093	8.91685
431.158	6.93024
434.222	18.9437
437.284	14.9571
440.346	-1.02949
443.407	8.98396
446.464	32.9974
449.523	-14.9891
452.581	7.02437
455.635	5.03785
458.691	9.05136
461.743	11.0649
464.797	13.0784
467.847	13.0919
470.899	13.1055
473.947	5.119
476.994	9.13255
480.043	5.14611
483.088	5.15968
486.133	5.17325
489.176	13.1868
492.22	11.2004
495.262	17.214
498.302	17.2276
501.341	-2.75879
504.38	3.25481
507.417	11.2684
510.453	13.282
513.487	3.29564
516.521	9.30926
519.554	7.32289
522.586	11.3365
525.616	7.35013
528.646	3.36375
531.675	1.37738
534.701	15.391
537.729	7.40463
540.753	7.41825
543.778	7.43188
546.8	19.4455
549.821	3.45911
552.844	11.4727
555.863	1.48635
558.881	9.49996
561.898	9.51357
564.916	5.52718
567.932	3.54079
570.946	-0.445616
573.959	9.56798
576.971	7.58157
579.982	9.59515
582.993	3.60873
586	1.62229
589.008	7.63586
592.015	15.6494
595.022	7.66297
598.025	7.67651
601.029	17.69
604.032	-2.29642
607.033	11.7171
610.034	1.7306
613.032	3.7441
616.032	7.75759
619.028	13.7711
622.023	5.78454
625.018	-4.20201
628.013	9.81145
631.005	3.82488
633.997	15.8383
636.987	11.8517
639.977	7.86511
642.965	3.87849
645.952	9.89186
648.939	5.90522
651.924	3.91857
654.909	-4.0681
657.892	11.9452
660.873	9.95851
663.854	9.9718
666.835	3.98507
669.813	19.9983
672.791	6.01155
675.767	10.0248
678.743	14.038
681.717	8.05115
684.692	18.0643
687.664	2.07747
690.634	6.0906
693.606	14.1037
696.575	4.1168
699.543	6.12987
702.51	8.14292
705.475	4.15595
708.44	20.169
711.404	6.18195
714.367	0.194919
717.329	4.20787
720.29	-3.77921
723.25	24.2337
726.207	16.2466
729.166	-1.74057
732.123	10.2723
735.077	4.28507
738.032	14.2979
740.984	0.310613
743.938	10.3234
746.888	16.3361
749.839	18.3488
752.788	6.36141
755.735	10.374
758.682	12.3866
761.627	0.399228
764.574	6.41179
767.517	16.4243
770.46	-1.56318
773.402	2.44929
776.342	-1.53827
779.282	16.4741
782.219	18.4865
785.157	12.4989
788.094	12.5112
791.029	20.5235
793.962	8.53578
796.896	20.548
799.828	10.5602
802.76	8.5724
805.689	8.58454
808.619	8.59665
811.546	-1.39127
814.473	10.6208
817.4	8.6328
820.324	14.6448
823.248	0.656725
826.17	6.66864
829.092	12.6805
832.012	14.6924
834.932	0.704179
837.851	18.716
840.768	14.7277
843.685	16.7394
846.599	16.7511
849.514	4.76271
852.428	2.77431
855.339	12.7859
858.251	16.7974
861.16	6.80888
864.07	22.8203
866.978	8.83175
869.884	2.84312
872.792	14.8545
875.696	2.86576
878.599	8.87701
881.502	6.88823
884.404	-3.10059
887.304	10.9105
890.204	6.92165
893.103	16.9327
896.001	14.9437
898.898	22.9547
901.794	10.9656
904.689	22.9765
907.581	22.9874
910.474	8.9982
913.364	-6.99104
916.256	-4.98031
919.144	11.0304
922.034	9.04101
924.92	19.0516
927.808	11.0622
930.693	9.07266
933.576	5.08312
936.459	9.09353
939.341	31.1039
942.222	7.11423
945.102	13.1245
947.981	5.13474
950.859	-6.85507
953.737	15.1551
956.613	7.16517
959.488	11.1752
962.361	1.18521
965.235	3.19517
968.105	-0.79493
970.977	1.21493
973.846	3.22473
976.716	7.2345
979.583	-2.75579
982.449	9.25387
985.316	-0.736518
988.18	9.27304
991.043	1.28255
993.906	15.292
996.767	-2.69858
999.628	5.31078
1002.49	-6.67991
1005.35	-4.67065
1008.2	15.3386
1011.06	-0.652292
1013.91	15.3568
1016.77	3.36586
1019.62	7.37486
1022.48	5.3838
1025.33	1.39269
1028.18	11.4015
1031.03	7.41031
1033.87	9.41903
1036.72	-0.572287
1039.57	9.43633
1042.41	37.4449
1045.26	7.4534
1048.1	29.4619
1050.94	3.47026
1053.78	-2.5214
1056.62	17.4869
1059.46	7.49512
1062.3	5.50329
1065.14	13.5114
1067.97	7.51947
1070.81	3.52747
1073.64	17.5354
1076.47	7.5433
1079.31	19.5511
1082.14	15.5589
1084.97	-0.433385
1087.8	3.57427
1090.63	5.58186
1093.45	7.58939
1096.28	19.5969
1099.1	-12.3957
1101.93	9.61164
1104.75	-6.38107
1107.57	7.62616
1110.39	-0.366663
1113.21	21.6404
1116.03	13.6475
1118.85	3.65449
1121.66	5.66141
1124.48	13.6683
1127.3	-4.32492
1130.11	1.68182
1132.92	-0.311505
1135.73	3.69511
1138.54	7.70166
1141.35	9.70814
1144.16	11.7146
1146.97	1.72093
1149.78	5.72723
1152.58	9.73345
1155.39	7.73962
1158.19	1.74572
1161	3.75176
1163.8	5.75772
1166.6	9.76363
1169.4	9.76947
1172.2	7.77524
1174.99	1.78095
1177.79	21.7866
1180.59	5.79216
1183.38	7.79767
1186.17	11.8031
1188.97	1.80848
1191.76	5.81378
1194.55	3.81902
1197.34	3.82419
1200.13	1.82929
1202.92	5.83432
1205.7	3.83928
1208.49	7.84417
1211.27	9.84899
1214.06	-0.146253
1216.84	7.85843
1219.62	3.86305
1222.4	7.86759
1225.18	3.87206
1227.96	7.87647
1230.74	7.8808
1233.51	11.8851
1236.29	1.88925
1239.06	7.89337
1241.84	3.89742
1244.61	7.90139
1247.38	7.9053
1250.15	23.9091
1252.92	-0.0871161
1255.69	-2.08343
1258.46	-0.079819
1261.23	-0.0762787
1263.99	-4.07281
1266.76	9.93058
1269.52	13.9339
1272.28	5.93714
1275.05	7.94031
1277.81	9.94341
1280.57	13.9464
1283.33	-4.05063
1286.08	5.95225
1288.84	3.95504
1291.6	13.9578
1294.35	9.96041
1297.11	11.963
1299.86	13.9655
1302.61	9.96789
1305.36	-2.02978
1308.11	5.97249
1310.86	19.9747
1313.61	15.9768
1316.36	3.97881
1319.1	1.98077
1321.85	7.98264
1324.59	17.9844
1327.33	7.98616
1330.08	-12.0122
1332.82	1.98937
1335.56	9.99085
1338.3	11.9923
1341.04	7.99359
1343.77	5.99483
1346.51	13.996
1349.25	-2.00291
1351.98	11.9981
1354.71	17.999
1357.45	-2.00013
1360.18	-1.99936
1362.91	-5.99867
1365.64	6.00193
1368.37	0.00245875
1371.09	12.0029
1373.82	8.00326
1376.54	4.00354
1379.27	4.00374
1381.99	18.0039
1384.72	4.00389
1387.44	12.0038
1390.16	30.0037
1392.88	4.0035
1395.6	0.00320688
1398.31	18.0028
1401.03	14.0024
1403.75	2.00182
1406.46	12.0012
1409.18	8.00047
1411.89	-6.00032
1414.6	11.9988
1417.31	17.9978
1420.02	5.99678
1422.73	3.99564
1425.44	11.9944
1428.15	17.9931
1430.85	13.9917
1433.56	-2.00975
1436.26	11.9887
1438.97	-0.0129634
1441.67	11.9853
1444.37	19.9835
1447.07	-2.01842
1449.77	19.9796
1452.47	17.9775
1455.16	19.9753
1457.86	11.9731
1460.56	11.9707
1463.25	1.96831
1465.94	3.96579
1468.64	3.96319
1471.33	-2.0395
1474.02	5.95771
1476.71	-4.04515
1479.4	13.9519
1482.09	11.9488
1484.77	11.9457
1487.46	3.94248
1490.14	11.9392
1492.83	15.9358
1495.51	3.93228
1498.19	7.92869
1500.87	15.925
1503.55	5.92126
1506.23	-4.08259
1508.91	13.9135
1511.59	15.9094
1514.27	1.90531
1516.94	21.9011
1519.62	17.8968
1522.29	13.8924
1524.96	15.8879
1527.63	1.88333
1530.3	7.87866
1532.97	15.8739
1535.64	13.869
1538.31	13.8641
1540.98	-4.14094
1543.64	-4.14607
1546.31	21.8487
1548.97	9.84339
1551.63	5.83798
1554.3	3.83248
1556.96	9.82689
1559.62	13.8212
1562.28	7.81541
1564.94	-2.19046
1567.59	-4.19643
1570.25	7.7975
1572.9	1.79135
1575.56	19.7851
1578.21	7.77875
1580.86	11.7723
1583.52	3.76577
1586.17	17.7591
1588.82	-0.247591
1591.47	-0.254412
1594.11	-2.26133
1596.76	13.7317
1599.41	3.72455
1602.05	11.7174
1604.69	11.71
1607.34	7.70265
1609.98	11.6952
1612.62	15.6876
1615.26	-2.32012
1617.9	3.6721
1620.54	1.66422
1623.18	11.6562
1625.81	17.6482
1628.45	3.64
1631.08	21.6317
1633.72	5.62337
1636.35	17.6149
1638.98	19.6063
1641.61	13.5977
1644.24	25.5889
1646.87	9.58008
1649.5	9.57112
1652.13	-2.43793
1654.75	9.55292
1657.38	11.5437
1660	11.5343
1662.63	17.5249
1665.25	1.51532
1667.87	-6.49433
1670.49	5.49593
1673.11	27.4861
1675.73	7.47614
1678.35	3.46609
1680.96	3.45594
1683.58	9.4457
1686.19	1.43535
1688.81	7.4249
1691.42	9.41436
1694.03	15.4037
1696.64	19.393
1699.25	11.3821
1701.87	21.3712
1704.47	3.3601
1707.08	1.34895
1709.69	3.33769
1712.29	9.32633
1714.9	7.31487
1717.5	1.30332
1720.1	1.29165
1722.71	-2.72012
1725.31	11.268
1727.91	11.256
1730.51	17.244
1733.1	7.2318
1735.7	5.21951
1738.3	23.2071
1740.89	5.19465
1743.49	15.1821
1746.08	15.1694
1748.67	9.15657
1751.26	1.14368
1753.86	15.1307
1756.45	13.1176
1759.03	17.1044
1761.62	7.09104
1764.21	17.0776
1766.8	9.06411
1769.38	7.05048
1771.97	3.03674
1774.55	15.0229
1777.13	-2.99103
1779.71	4.99492
1782.29	8.98077
1784.87	8.96652
1787.45	16.9522
1790.03	6.93769
1792.61	-1.07689
1795.18	0.908437
1797.76	12.8936
1800.33	2.87876
1802.9	2.86377
1805.48	-5.15134
1808.05	-3.16654
1810.62	6.81814
1813.19	2.80272
1815.76	14.7872
1818.33	0.77155
1820.89	14.7558
1823.46	-1.26004
1826.02	8.724
1828.59	8.70794
1831.15	8.69178
1833.71	2.67549
1836.27	6.65911
1838.84	10.6426
1841.39	4.62602
1843.95	8.60931
1846.51	8.59249
1849.07	14.5756
1851.62	8.55854
1854.18	2.54139
1856.73	0.524151
1859.29	2.50679
1861.84	2.48933
1864.39	8.47176
1866.94	0.454063
1869.49	6.43627
1872.04	8.41837
1874.59	2.40036
1877.13	8.38224
1879.68	10.364
1882.22	2.34568
1884.77	4.32723
1887.31	8.30868
1889.85	2.29
1892.39	-7.72877
1894.93	14.2523
1897.47	-1.76666
1900.01	-3.78576
1902.55	8.19502
1905.09	8.17569
1907.62	2.15625
1910.16	10.1367
1912.69	10.1171
1915.22	12.0973
1917.76	14.0774
1920.29	2.0574
1922.82	12.0373
1925.35	-5.98292
1927.88	-2.00324
1930.4	3.97633
1932.93	7.95578
1935.46	-0.0648814
1937.98	15.9143
1940.51	9.89346
1943.03	-6.12754
1945.55	25.8514
1948.07	7.83014
1950.59	15.8088
1953.11	-0.212636
1955.63	13.7658
1958.15	7.74415
1960.67	5.72237
1963.18	15.7005
1965.7	13.6785
1968.21	9.65635
1970.73	5.63412
1973.24	3.61177
1975.75	7.58933
1978.26	13.5667
1980.77	7.54407
1983.28	17.5213
1985.79	-4.50164
1988.29	5.47534
1990.8	1.45219
1993.31	7.42894
1995.81	13.4056
1998.31	5.38211
