100.093	13.0128
103.274	9.11852
106.457	9.22363
109.636	3.32799
112.817	15.4317
115.994	19.5347
119.172	13.6371
122.347	7.73875
125.521	7.83971
128.696	11.9401
131.868	8.03969
135.039	0.138654
138.209	4.23695
141.379	4.33465
144.547	14.4316
147.713	6.52794
150.879	14.6236
154.043	10.7186
157.206	14.813
160.368	6.90671
163.529	28.9998
166.689	15.0922
169.848	-12.816
173.006	15.2752
176.163	21.3657
179.316	9.45553
182.471	9.5448
185.625	7.63343
188.777	13.7214
191.927	-2.19123
195.077	7.89554
198.224	5.98164
201.372	12.0672
204.52	26.1521
207.664	24.2364
210.809	18.3201
213.95	12.4031
217.091	8.48555
220.233	18.5675
223.372	28.6487
226.509	2.72934
229.648	14.8095
232.784	-5.11108
235.918	10.9678
239.051	1.04608
242.186	15.1238
245.317	23.201
248.447	7.27751
251.577	7.35348
254.705	13.4289
257.832	-0.496311
260.958	13.5779
264.083	11.6516
267.204	19.7247
270.327	17.7972
273.449	5.86923
276.57	19.9407
279.69	8.01155
282.806	28.0818
285.924	22.1516
289.04	14.2208
292.154	4.28944
295.268	12.3576
298.379	-7.57488
301.492	6.49216
304.601	2.55862
307.711	28.6246
310.818	16.69
313.924	10.7549
317.031	12.8192
320.135	2.88304
323.238	10.9463
326.34	15.0091
329.443	19.0714
332.543	19.1331
335.642	15.1943
338.74	23.255
341.836	11.3152
344.932	9.37483
348.027	-4.566
351.12	3.49266
354.213	15.5508
357.302	25.6084
360.393	25.6656
363.482	3.72225
366.57	1.77842
369.656	9.83406
372.742	7.88925
375.827	27.9439
378.91	19.9981
381.993	10.0519
385.073	10.1051
388.154	-5.84216
391.232	4.2101
394.311	8.26192
397.387	16.3132
400.462	32.3641
403.536	20.4145
406.611	12.4644
409.683	12.5138
412.754	-3.43718
415.824	22.6113
418.893	-5.34059
421.961	8.70702
425.027	4.75418
428.093	16.8009
431.158	8.84714
434.222	10.893
437.284	10.9383
440.346	4.98324
443.407	29.0277
446.464	23.0717
449.523	5.11534
452.581	-4.84149
455.635	-2.79878
458.691	5.24352
461.743	11.2854
464.797	21.3268
467.847	21.3678
470.899	17.4084
473.947	15.4486
476.994	9.48833
480.043	-0.472319
483.088	13.5666
486.133	9.60509
489.176	-4.35683
492.22	11.6809
495.262	15.7182
498.302	15.755
501.341	19.7915
504.38	1.82755
507.417	-2.13678
510.453	-0.101505
513.487	15.9333
516.521	-0.0321645
519.554	24.0019
522.586	8.03564
525.616	2.06894
528.646	18.1019
531.675	2.13443
534.701	22.1666
537.729	8.19838
540.753	-3.77023
543.778	14.2608
546.8	12.2915
549.821	10.3217
552.844	8.35168
555.863	2.38123
558.881	18.4104
561.898	10.4392
564.916	6.4677
567.932	0.495799
570.946	10.5235
573.959	18.5509
576.971	0.577957
579.982	18.6046
582.993	-3.36903
586	2.65694
589.008	12.6826
592.015	14.7079
595.022	2.73282
598.025	4.75742
601.029	20.7817
604.032	14.8056
607.033	6.82921
610.034	2.85248
613.032	6.87541
616.032	6.89802
619.028	16.9203
622.023	2.94223
625.018	4.96385
628.013	28.9852
631.005	19.0061
633.997	15.0268
636.987	5.04715
639.977	5.06719
642.965	9.08691
645.952	15.1063
648.939	3.12542
651.924	5.14421
654.909	5.1627
657.892	7.18089
660.873	15.1988
663.854	7.21635
666.835	3.23364
669.813	13.2506
672.791	19.2673
675.767	23.2837
678.743	5.29982
681.717	11.3156
684.692	7.33118
687.664	-6.65358
690.634	3.36138
693.606	19.3761
696.575	9.39047
699.543	17.4046
702.51	19.4184
705.475	1.43201
708.44	21.4453
711.404	7.45833
714.367	1.47109
717.329	5.48358
720.29	5.4958
723.25	-0.49224
726.207	1.51945
729.166	-0.469114
732.123	17.5421
735.077	17.553
738.032	19.5636
740.984	19.574
743.938	25.5842
746.888	15.5941
749.839	15.6038
752.788	15.6132
755.735	-2.37766
758.682	27.6313
761.627	-8.36007
764.574	17.6484
767.517	5.65657
770.46	5.66453
773.402	15.6723
776.342	19.6798
779.282	-6.31299
782.219	9.69404
785.157	7.70084
788.094	5.70742
791.029	15.7138
793.962	11.7199
796.896	31.7258
799.828	21.7315
802.76	5.73695
805.689	21.7422
808.619	3.74724
811.546	13.7521
814.473	9.75666
817.4	25.7611
820.324	1.76525
823.248	17.7692
826.17	-4.22699
829.092	23.7766
832.012	31.78
834.932	21.7831
837.851	15.7861
840.768	9.78887
843.685	9.79144
846.599	17.7938
849.514	27.796
852.428	3.79802
855.339	23.7998
858.251	25.8015
861.16	19.8029
864.07	9.80414
866.978	17.8052
869.884	29.8061
872.792	29.8068
875.696	21.8073
878.599	13.8077
881.502	5.80787
884.404	25.8079
887.304	9.80771
890.204	9.80737
893.103	1.80687
896.001	17.8062
898.898	3.80536
901.794	-4.19565
904.689	1.80319
907.581	9.80186
910.474	13.8004
913.364	7.79873
916.256	15.7969
919.144	21.795
922.034	13.7929
924.92	17.7906
927.808	5.78819
930.693	15.7856
933.576	7.78292
936.459	7.78007
939.341	15.7771
942.222	9.77393
945.102	17.7707
947.981	11.7672
950.859	3.76367
953.737	5.75997
956.613	17.7561
959.488	3.75217
962.361	17.7481
965.235	3.74384
968.105	13.7395
970.977	17.735
973.846	3.73038
976.716	19.7256
979.583	15.7208
982.449	3.7158
985.316	23.7107
988.18	5.70547
991.043	11.7001
993.906	17.6947
996.767	17.6891
999.628	25.6834
1002.49	5.67761
1005.35	11.6717
1008.2	-0.334313
1011.06	3.65957
1013.91	1.65333
1016.77	19.647
1019.62	7.64056
1022.48	-8.36598
1025.33	17.6274
1028.18	-2.37937
1031.03	11.6138
1033.87	9.60686
1036.72	21.5998
1039.57	11.5927
1042.41	19.5855
1045.26	9.57819
1048.1	15.5708
1050.94	1.56331
1053.78	-10.4443
1056.62	17.5481
1059.46	11.5403
1062.3	7.53252
1065.14	19.5246
1067.97	19.5166
1070.81	15.5086
1073.64	19.5005
1076.47	3.49224
1079.31	19.484
1082.14	7.4756
1084.97	3.46716
1087.8	3.45866
1090.63	9.4501
1093.45	21.4415
1096.28	15.4328
1099.1	5.424
1101.93	-6.58483
1104.75	13.4063
1107.57	9.39732
1110.39	1.38831
1113.21	15.3792
1116.03	9.37012
1118.85	-2.63907
1121.66	7.3517
1124.48	11.3424
1127.3	9.33308
1130.11	3.32368
1132.92	17.3142
1135.73	7.30476
1138.54	11.2952
1141.35	11.2857
1144.16	-2.72397
1146.97	13.2664
1149.78	1.25667
1152.58	11.2469
1155.39	11.2372
1158.19	3.22733
1161	19.2175
1163.8	11.2076
1166.6	5.19767
1169.4	13.1877
1172.2	15.1777
1174.99	13.1677
1177.79	11.1577
1180.59	17.1476
1183.38	13.1375
1186.17	-0.872596
1188.97	15.1173
1191.76	1.1071
1194.55	15.0969
1197.34	17.0867
1200.13	19.0765
1202.92	5.06626
1205.7	11.056
1208.49	17.0457
1211.27	1.03546
1214.06	5.02517
1216.84	-2.98513
1219.62	9.00456
1222.4	4.99424
1225.18	4.98391
1227.96	18.9736
1230.74	10.9632
1233.51	12.9529
1236.29	4.94256
1239.06	26.9322
1241.84	18.9219
1244.61	12.9115
1247.38	14.9012
1250.15	18.8909
1252.92	-11.1195
1255.69	-5.1298
1258.46	0.859893
1261.23	4.84958
1263.99	-3.16071
1266.76	10.829
1269.52	-9.18127
1272.28	-1.19153
1275.05	-1.20178
1277.81	8.78799
1280.57	-3.22222
1283.33	14.7676
1286.08	14.7574
1288.84	4.74725
1291.6	6.73712
1294.35	14.727
1297.11	0.716926
1299.86	4.70686
1302.61	16.6968
1305.36	26.6868
1308.11	20.6768
1310.86	4.66689
1313.61	-3.34303
1316.36	10.6471
1319.1	0.637231
1321.85	12.6274
1324.59	10.6176
1327.33	6.60788
1330.08	6.59817
1332.82	16.5885
1335.56	14.5789
1338.3	2.56928
1341.04	2.55973
1343.77	2.55023
1346.51	2.54077
1349.25	8.53135
1351.98	24.522
1354.71	8.51266
1357.45	2.50339
1360.18	10.4942
1362.91	8.48499
1365.64	16.4759
1368.37	4.46681
1371.09	12.4578
1373.82	12.4488
1376.54	0.439945
1379.27	0.431101
1381.99	16.4223
1384.72	6.41359
1387.44	12.4049
1390.16	14.3963
1392.88	16.3878
1395.6	12.3793
1398.31	26.3709
1401.03	6.36256
1403.75	2.35428
1406.46	12.3461
1409.18	14.3379
1411.89	-13.6701
1414.6	22.3219
1417.31	10.3139
1420.02	12.3061
1422.73	4.29831
1425.44	-5.7094
1428.15	6.28298
1430.85	-13.7246
1433.56	0.267965
1436.26	4.26057
1438.97	18.2533
1441.67	2.24604
1444.37	4.2389
1447.07	6.23184
1449.77	14.2249
1452.47	16.218
1455.16	2.21117
1457.86	-3.79555
1460.56	18.1978
1463.25	12.1913
1465.94	0.184842
1468.64	20.1785
1471.33	16.1722
1474.02	8.16606
1476.71	8.15999
1479.4	18.154
1482.09	2.14813
1484.77	18.1423
1487.46	14.1367
1490.14	20.1311
1492.83	12.1256
1495.51	4.12022
1498.19	4.11494
1500.87	14.1098
1503.55	16.1047
1506.23	4.09974
1508.91	0.0948848
1511.59	2.09013
1514.27	-1.9145
1516.94	6.08097
1519.62	0.0765443
1522.29	0.0722364
1524.96	10.068
1527.63	12.064
1530.3	12.06
1532.97	10.0561
1535.64	-1.9476
1538.31	6.04878
1540.98	-3.95472
1543.64	10.0419
1546.31	28.0386
1548.97	12.0355
1551.63	2.03248
1554.3	26.0296
1556.96	10.0268
1559.62	2.02416
1562.28	10.0216
1564.94	12.0192
1567.59	8.01698
1570.25	18.0148
1572.9	12.0128
1575.56	20.011
1578.21	28.0092
1580.86	0.00758591
1583.52	12.0061
1586.17	0.00475343
1588.82	2.00354
1591.47	10.0025
1594.11	6.00152
1596.76	14.0007
1599.41	24
1602.05	1.99952
1604.69	19.9991
1607.34	17.9989
1609.98	5.99879
1612.62	-0.00117546
1615.26	7.99901
1617.9	5.99934
1620.54	5.99981
1623.18	0.000428697
1625.81	10.0012
1628.45	12.0021
1631.08	8.00318
1633.72	10.0044
1636.35	8.00575
1638.98	14.0073
1641.61	0.00894004
1644.24	6.01076
1646.87	-1.98726
1649.5	8.01487
1652.13	10.0172
1654.75	2.0196
1657.38	-3.97779
1660	8.02497
1662.63	10.0279
1665.25	2.03097
1667.87	10.0342
1670.49	-3.96239
1673.11	10.0412
1675.73	8.04491
1678.35	2.0488
1680.96	10.0529
1683.58	6.05708
1686.19	4.06148
1688.81	0.0660386
1691.42	6.07077
1694.03	14.0757
1696.64	10.0807
1699.25	14.086
1701.87	10.0914
1704.47	14.097
1707.08	14.1027
1709.69	30.1087
1712.29	16.1148
1714.9	6.12104
1717.5	6.1275
1720.1	12.1341
1722.71	2.14095
1725.31	4.14794
1727.91	12.1551
1730.51	20.1625
1733.1	0.170006
1735.7	8.17773
1738.3	-1.81437
1740.89	2.19371
1743.49	0.201982
1746.08	0.210438
1748.67	10.2191
1751.26	4.2279
1753.86	4.23692
1756.45	22.2461
1759.03	22.2555
1761.62	2.26511
1764.21	-5.72512
1766.8	14.2848
1769.38	10.295
1771.97	16.3054
1774.55	10.3159
1777.13	0.326644
1779.71	14.3376
1782.29	6.34871
1784.87	12.36
1787.45	14.3716
1790.03	-3.61671
1792.61	24.3952
1795.18	14.4073
1797.76	20.4197
1800.33	16.4322
1802.9	2.44492
1805.48	4.45785
1808.05	6.47098
1810.62	14.4843
1813.19	22.4979
1815.76	6.51162
1818.33	6.52558
1820.89	-1.46025
1823.46	18.5541
1826.02	10.5687
1828.59	10.5835
1831.15	14.5985
1833.71	8.61371
1836.27	20.6291
1838.84	16.6448
1841.39	0.660619
1843.95	6.67668
1846.51	10.693
1849.07	-1.29055
1851.62	2.72616
1854.18	4.74309
1856.73	20.7602
1859.29	14.7776
1861.84	2.79517
1864.39	10.813
1866.94	6.831
1869.49	6.84924
1872.04	30.8677
1874.59	6.88638
1877.13	14.9053
1879.68	4.92441
1882.22	-1.05623
1884.77	20.9634
1887.31	6.98315
1889.85	7.00319
1892.39	17.0234
1894.93	3.04393
1897.47	-12.9353
1900.01	17.0856
1902.55	5.10677
1905.09	15.1282
1907.62	17.1498
1910.16	25.1717
1912.69	13.1938
1915.22	19.2161
1917.76	5.23867
1920.29	21.2615
1922.82	3.2845
1925.35	19.3078
1927.88	1.33129
1930.4	15.355
1932.93	-0.620988
1935.46	-8.59677
1937.98	9.42769
1940.51	5.4524
1943.03	29.4773
1945.55	-2.49749
1948.07	13.5279
1950.59	17.5536
1953.11	13.5795
1955.63	3.60565
1958.15	5.63204
1960.67	33.6587
1963.18	1.68556
1965.7	-0.287307
1968.21	11.7401
1970.73	13.7677
1973.24	23.7956
1975.75	29.8237
1978.26	15.8521
1980.77	7.88067
1983.28	11.9096
1985.79	11.9387
1988.29	9.96803
1990.8	23.9977
1993.31	-1.97245
1995.81	8.05768
1998.31	8.08804
