100.093	20.451
103.274	6.43155
106.457	10.4125
109.636	14.3937
112.817	20.3754
115.994	22.3574
119.172	10.3397
122.347	-5.67759
125.521	12.3055
128.696	12.2889
131.868	10.2726
135.039	2.25672
138.209	20.2412
141.379	2.22594
144.547	18.2111
147.713	20.1965
150.879	20.1824
154.043	6.16849
157.206	10.155
160.368	12.1418
163.529	14.1289
166.689	10.1164
169.848	24.1042
173.006	18.0923
176.163	14.0808
179.316	10.0695
182.471	10.0586
185.625	18.048
188.777	12.0377
191.927	10.0278
195.077	2.01814
198.224	14.0088
201.372	13.9998
204.52	3.99106
207.664	5.98265
210.809	17.9745
213.95	-4.03326
217.091	3.95924
220.233	-0.0479592
223.372	11.9451
226.509	19.9385
229.648	19.9322
232.784	7.9262
235.918	17.9205
239.051	13.915
242.186	19.9099
245.317	23.905
248.447	11.9004
251.577	-6.10385
254.705	21.8921
257.832	7.8884
260.958	7.88494
264.083	15.8818
267.204	11.8789
270.327	11.8762
273.449	1.87387
276.57	15.8718
279.69	-4.13005
282.806	9.86839
285.924	19.8671
289.04	19.8661
292.154	25.8653
295.268	27.8648
298.379	5.86455
301.492	3.86456
304.601	15.8648
307.711	9.86534
310.818	17.8661
313.924	9.86713
317.031	17.8684
320.135	1.86991
323.238	9.87167
326.34	7.87367
329.443	1.87592
332.543	5.87841
335.642	-4.11886
338.74	3.8841
341.836	17.8873
344.932	7.89074
348.027	-0.105595
351.12	-4.1017
354.213	5.90243
357.302	21.9068
360.393	7.91137
363.482	15.9162
366.57	7.92122
369.656	3.92647
372.742	9.93194
375.827	13.9376
378.91	3.94355
381.993	11.9497
385.073	9.95601
388.154	7.96257
391.232	-2.03067
394.311	-0.0236878
397.387	3.98349
400.462	5.99088
403.536	11.9985
406.611	8.00628
409.683	10.0143
412.754	18.0225
415.824	-3.96912
418.893	6.03948
421.961	12.0483
425.027	8.05726
428.093	0.0664417
431.158	14.0758
434.222	-1.91462
437.284	-1.90487
440.346	8.10508
443.407	4.1152
446.464	14.1255
449.523	6.136
452.581	6.14668
455.635	8.15753
458.691	4.16856
461.743	-1.82023
464.797	18.1912
467.847	0.202714
470.899	6.21445
473.947	4.22635
476.994	16.2384
480.043	2.25067
483.088	8.26307
486.133	10.2756
489.176	6.28838
492.22	10.3013
495.262	10.3143
498.302	14.3276
501.341	6.34094
504.38	4.35448
507.417	8.36817
510.453	8.38201
513.487	16.396
516.521	-1.58985
519.554	14.4245
522.586	14.4389
525.616	2.45349
528.646	0.468233
531.675	-11.5169
534.701	6.49814
537.729	-5.48669
540.753	14.5286
543.778	12.5441
546.8	6.55965
549.821	12.5754
552.844	-1.40878
555.863	-5.39279
558.881	2.62332
561.898	4.63957
564.916	0.655959
567.932	-3.32754
570.946	6.6891
573.959	10.7059
576.971	6.72273
579.982	18.7397
582.993	-3.24314
586	6.7741
589.008	2.79146
592.015	8.80894
595.022	18.8265
598.025	12.8442
601.029	0.862067
604.032	4.88
607.033	2.89804
610.034	-1.0838
613.032	6.93445
616.032	2.95283
619.028	-1.02871
622.023	2.98987
625.018	1.00854
628.013	-4.97267
631.005	17.0462
633.997	7.06518
636.987	-4.91575
639.977	9.10342
642.965	-4.87732
645.952	9.14204
648.939	-2.83851
651.924	7.18103
654.909	15.2007
657.892	-2.77962
660.873	13.2402
663.854	13.2601
666.835	-4.71995
669.813	9.3001
672.791	-0.679754
675.767	17.3405
678.743	-6.63924
681.717	7.38114
684.692	15.4016
687.664	3.42212
690.634	5.44272
693.606	3.46341
696.575	13.4842
699.543	19.505
702.51	9.52586
705.475	7.54681
708.44	9.56784
711.404	1.58893
714.367	-8.38992
717.329	9.6313
720.29	9.65258
723.25	3.67392
726.207	11.6953
729.166	13.7168
732.123	1.73828
735.077	13.7598
738.032	5.78148
740.984	3.80314
743.938	9.82488
746.888	-2.15334
749.839	-2.13151
752.788	7.89037
755.735	17.9123
758.682	5.93426
761.627	1.95627
764.574	7.97835
767.517	4.00045
770.46	0.0225942
773.402	4.04478
776.342	4.067
779.282	20.0893
782.219	22.1116
785.157	14.1339
788.094	20.1563
791.029	14.1787
793.962	8.2011
796.896	0.223568
799.828	6.24605
802.76	2.26859
805.689	4.29113
808.619	4.31372
811.546	20.3363
814.473	4.35893
817.4	10.3816
820.324	16.4043
823.248	10.427
826.17	12.4497
829.092	8.47239
832.012	8.49514
834.932	18.5179
837.851	16.5407
840.768	8.56347
843.685	16.5863
846.599	8.60908
849.514	12.6319
852.428	14.6548
855.339	10.6776
858.251	6.70044
861.16	20.7233
864.07	20.7462
866.978	14.769
869.884	10.7919
872.792	8.81476
875.696	24.8376
878.599	16.8605
881.502	12.8834
884.404	12.9062
887.304	4.92909
890.204	18.9519
893.103	0.974794
896.001	16.9976
898.898	7.02048
901.794	3.0433
904.689	15.0661
907.581	1.08892
910.474	21.1117
913.364	-0.865517
916.256	13.1573
919.144	13.18
922.034	15.2027
924.92	11.2254
927.808	3.24815
930.693	3.27082
933.576	19.2935
936.459	5.3161
939.341	9.3387
942.222	-12.6387
945.102	17.3838
947.981	5.40638
950.859	1.42889
953.737	9.45137
956.613	9.47382
959.488	5.49624
962.361	-2.48138
965.235	9.54098
968.105	15.5633
970.977	-2.41441
973.846	1.60783
976.716	3.63006
979.583	3.65223
982.449	21.6744
985.316	3.69648
988.18	1.71853
991.043	3.74055
993.906	11.7625
996.767	-0.215545
999.628	9.80634
1002.49	1.82819
1005.35	19.85
1008.2	11.8717
1011.06	-6.10657
1013.91	3.91508
1016.77	9.93669
1019.62	-6.04177
1022.48	3.97973
1025.33	10.0012
1028.18	4.02256
1031.03	2.04389
1033.87	8.06517
1036.72	16.0864
1039.57	12.1076
1042.41	8.12866
1045.26	4.1497
1048.1	14.1707
1050.94	24.1916
1053.78	14.2125
1056.62	18.2333
1059.46	4.25399
1062.3	14.2747
1065.14	0.295239
1067.97	6.31577
1070.81	-5.66378
1073.64	12.3566
1076.47	6.37693
1079.31	4.39719
1082.14	12.4174
1084.97	12.4375
1087.8	10.4575
1090.63	16.4774
1093.45	12.4973
1096.28	14.5171
1099.1	2.53684
1101.93	14.5565
1104.75	18.576
1107.57	4.59553
1110.39	8.61493
1113.21	16.6342
1116.03	12.6535
1118.85	-1.32737
1121.66	18.6917
1124.48	10.7107
1127.3	2.72956
1130.11	6.74837
1132.92	10.7671
1135.73	8.7857
1138.54	0.804235
1141.35	6.82268
1144.16	2.84104
1146.97	0.859293
1149.78	-13.1225
1152.58	14.8955
1155.39	8.91348
1158.19	6.93136
1161	2.94914
1163.8	8.96681
1166.6	6.98439
1169.4	-4.99812
1172.2	7.01925
1174.99	5.03653
1177.79	19.0537
1180.59	19.0708
1183.38	19.0877
1186.17	13.1046
1188.97	15.1213
1191.76	15.138
1194.55	15.1545
1197.34	13.1709
1200.13	3.18726
1202.92	3.20347
1205.7	5.21955
1208.49	13.2355
1211.27	17.2514
1214.06	1.26716
1216.84	17.2828
1219.62	9.29832
1222.4	13.3137
1225.18	7.32902
1227.96	7.34419
1230.74	9.35925
1233.51	-0.625816
1236.29	-0.611005
1239.06	13.4037
1241.84	5.41825
1244.61	19.4327
1247.38	11.447
1250.15	7.46121
1252.92	-4.52471
1255.69	9.48923
1258.46	21.503
1261.23	9.51674
1263.99	1.53029
1266.76	5.54373
1269.52	25.557
1272.28	23.5702
1275.05	19.5832
1277.81	27.5961
1280.57	15.6089
1283.33	9.62154
1286.08	11.634
1288.84	7.64641
1291.6	15.6586
1294.35	7.67073
1297.11	19.6827
1299.86	3.69449
1302.61	1.70617
1305.36	-6.2823
1308.11	17.7291
1310.86	5.74034
1313.61	9.75144
1316.36	3.76241
1319.1	13.7732
1321.85	13.7839
1324.59	7.79442
1327.33	7.8048
1330.08	7.81503
1332.82	5.82512
1335.56	11.8351
1338.3	21.8448
1341.04	11.8545
1343.77	-0.13605
1346.51	-0.126724
1349.25	9.88246
1351.98	9.89148
1354.71	3.90035
1357.45	5.90906
1360.18	7.91762
1362.91	19.926
1365.64	11.9343
1368.37	25.9424
1371.09	9.95028
1373.82	5.95805
1376.54	15.9657
1379.27	5.9731
1381.99	7.98039
1384.72	11.9875
1387.44	17.9945
1390.16	6.00127
1392.88	20.0079
1395.6	-1.98564
1398.31	8.02066
1401.03	0.0267927
1403.75	4.03276
1406.46	10.0386
1409.18	2.04419
1411.89	14.0496
1414.6	10.0549
1417.31	22.06
1420.02	-3.93501
1422.73	2.06977
1425.44	12.0744
1428.15	10.0788
1430.85	8.08305
1433.56	14.0871
1436.26	22.091
1438.97	0.0947501
1441.67	18.0983
1444.37	0.101666
1447.07	18.1049
1449.77	12.1079
1452.47	26.1107
1455.16	-1.88665
1457.86	14.1158
1460.56	14.1181
1463.25	10.1202
1465.94	2.12213
1468.64	10.1239
1471.33	10.1254
1474.02	6.12679
1476.71	8.12797
1479.4	-3.87103
1482.09	22.1298
1484.77	-3.8696
1487.46	10.1308
1490.14	0.131068
1492.83	20.1311
1495.51	4.13098
1498.19	12.1306
1500.87	8.13013
1503.55	14.1294
1506.23	10.1285
1508.91	16.1274
1511.59	-11.8739
1514.27	20.1246
1516.94	12.1229
1519.62	8.12104
1522.29	18.119
1524.96	10.1167
1527.63	16.1142
1530.3	-1.88847
1532.97	14.1087
1535.64	26.1056
1538.31	6.1023
1540.98	16.0988
1543.64	22.0951
1546.31	8.09126
1548.97	8.08717
1551.63	8.08288
1554.3	0.0783874
1556.96	12.0737
1559.62	-3.93122
1562.28	8.06367
1564.94	18.0584
1567.59	2.05282
1570.25	16.0471
1572.9	10.0411
1575.56	20.035
1578.21	-11.9714
1580.86	20.0221
1583.52	2.01526
1586.17	6.00827
1588.82	12.0011
1591.47	17.9936
1594.11	7.986
1596.76	-4.02185
1599.41	19.9701
1602.05	-4.0382
1604.69	-0.0466953
1607.34	5.94459
1609.98	11.9357
1612.62	-8.07349
1615.26	5.91714
1617.9	5.90756
1620.54	19.8977
1623.18	-0.112276
1625.81	-0.122527
1628.45	15.867
1631.08	-0.14368
1633.72	5.84541
1636.35	9.83427
1638.98	3.82292
1641.61	3.81133
1644.24	13.7995
1646.87	-0.212509
1649.5	17.7752
1652.13	-0.237249
1654.75	21.75
1657.38	23.7371
1660	-4.27607
1662.63	3.71054
1665.25	15.6969
1667.87	15.6831
1670.49	3.66897
1673.11	19.6547
1675.73	7.64011
1678.35	3.62533
1680.96	17.6103
1683.58	21.5951
1686.19	3.5796
1688.81	15.5639
1691.42	13.5479
1694.03	11.5318
1696.64	9.51534
1699.25	13.4987
1701.87	13.4818
1704.47	3.46467
1707.08	7.44731
1709.69	-0.570294
1712.29	3.41186
1714.9	9.39378
1717.5	5.37547
1720.1	11.3569
1722.71	11.3381
1725.31	21.3191
1727.91	-6.70023
1730.51	7.28025
1733.1	1.26048
1735.7	11.2405
1738.3	5.2202
1740.89	-0.8003
1743.49	3.17895
1746.08	3.15796
1748.67	17.1367
1751.26	19.1152
1753.86	1.0935
1756.45	1.07152
1759.03	21.0493
1761.62	15.0268
1764.21	7.00409
1766.8	12.9811
1769.38	0.957903
1771.97	10.9344
1774.55	18.9107
1777.13	22.8867
1779.71	2.86248
1782.29	24.838
1784.87	14.8133
1787.45	4.78828
1790.03	18.763
1792.61	10.7375
1795.18	6.71179
1797.76	18.6858
1800.33	14.6595
1802.9	8.633
1805.48	12.6062
1808.05	8.5792
1810.62	16.5519
1813.19	4.52435
1815.76	6.49654
1818.33	6.46847
1820.89	18.4401
1823.46	14.4116
1826.02	2.3827
1828.59	2.3536
1831.15	6.32424
1833.71	8.29459
1836.27	8.2647
1838.84	-3.76545
1841.39	14.2041
1843.95	18.1734
1846.51	0.142493
1849.07	10.1113
1851.62	12.0798
1854.18	10.0481
1856.73	10.0161
1859.29	-2.01622
1861.84	31.9512
1864.39	-2.08156
1866.94	1.88534
1869.49	15.852
1872.04	11.8184
1874.59	13.7845
1877.13	1.75035
1879.68	9.71594
1882.22	23.6812
1884.77	1.64627
1887.31	3.61105
1889.85	5.57553
1892.39	-2.46024
1894.93	7.50372
1897.47	7.46737
1900.01	3.43078
1902.55	17.3939
1905.09	9.35676
1907.62	19.3193
1910.16	7.28167
1912.69	7.24369
1915.22	19.2054
1917.76	11.1669
1920.29	-0.87189
1922.82	11.089
1925.35	9.04967
1927.88	15.01
1930.4	2.97014
1932.93	-3.07005
1935.46	2.88948
1937.98	2.84873
1940.51	12.8077
1943.03	20.7664
1945.55	2.72481
1948.07	6.68293
1950.59	8.64079
1953.11	0.598337
1955.63	18.5556
1958.15	8.51264
1960.67	8.46936
1963.18	-1.5742
1965.7	6.38194
1968.21	4.33781
1970.73	6.29338
1973.24	10.2487
1975.75	8.2037
1978.26	10.1584
1980.77	14.1129
1983.28	16.067
1985.79	8.02087
1988.29	7.97445
1990.8	-6.07229
1993.31	-6.11929
1995.81	11.8334
1998.31	-0.214124
