100.093	10.874
103.274	14.6312
106.457	20.388
109.636	32.1447
112.817	19.901
115.994	43.6572
119.172	5.413
122.347	1.16872
125.521	4.92421
128.696	8.67929
131.868	16.4343
135.039	-11.8109
138.209	13.9437
141.379	-8.30216
144.547	-2.54804
147.713	23.2059
150.879	28.9595
154.043	-7.28699
157.206	2.46627
160.368	18.2193
163.529	13.9722
166.689	-6.27518
169.848	1.47726
173.006	25.2295
176.163	10.9816
179.316	10.7336
182.471	16.4853
185.625	0.236767
188.777	1.98807
191.927	1.73937
195.077	31.4903
198.224	3.24125
201.372	-7.00815
204.52	6.74228
207.664	34.4927
210.809	30.2428
213.95	33.9929
217.091	11.7428
220.233	-6.50754
223.372	13.2421
226.509	26.9916
229.648	-3.25927
232.784	16.4899
235.918	18.2389
239.051	3.98784
242.186	49.7364
245.317	25.4851
248.447	5.23354
251.577	24.9819
254.705	8.73012
257.832	24.4782
260.958	26.2262
264.083	45.974
267.204	31.722
270.327	15.4696
273.449	23.2171
276.57	6.96447
279.69	4.71176
282.806	12.4591
285.924	30.2062
289.04	3.95316
292.154	19.7002
295.268	33.447
298.379	31.1938
301.492	16.9404
304.601	22.6871
307.711	14.4335
310.818	30.18
313.924	17.9265
317.031	13.6726
320.135	39.4189
323.238	33.1651
326.34	26.9112
329.443	16.6571
332.543	20.4031
335.642	28.149
338.74	3.89486
341.836	15.6407
344.932	31.3864
348.027	35.1321
351.12	46.8777
354.213	18.6233
357.302	20.369
360.393	-5.88549
363.482	39.86
366.57	43.6054
369.656	25.3509
372.742	45.0962
375.827	30.8415
378.91	12.587
381.993	24.3322
385.073	6.07759
388.154	29.8228
391.232	39.5681
394.311	11.3133
397.387	43.0586
400.462	34.8038
403.536	24.5491
406.611	14.2942
409.683	22.0395
412.754	15.7847
415.824	25.5299
418.893	35.2752
421.961	3.02043
425.027	32.7657
428.093	12.5109
431.158	34.2562
434.222	28.0015
437.284	-12.2533
440.346	27.492
443.407	-4.76265
446.464	30.9829
449.523	10.7282
452.581	-13.5264
455.635	32.2192
458.691	3.96458
461.743	33.7102
464.797	11.4557
467.847	21.2014
470.899	2.94696
473.947	14.6927
476.994	10.4385
480.043	12.1842
483.088	27.9301
486.133	-8.32392
489.176	-8.57792
492.22	21.168
495.262	24.9141
498.302	26.6602
501.341	-5.59355
504.38	6.15273
507.417	39.8991
510.453	35.6455
513.487	21.3921
516.521	19.1387
519.554	4.88528
522.586	40.632
525.616	20.3789
528.646	24.1257
531.675	13.8727
534.701	15.6198
537.729	21.3669
540.753	27.1143
543.778	12.8615
546.8	4.60904
549.821	-3.64335
552.844	0.104186
555.863	31.852
558.881	1.59989
561.898	21.3479
564.916	19.0958
567.932	38.844
570.946	14.5923
573.959	32.3408
576.971	12.0893
579.982	27.8379
582.993	-2.4133
586	29.3357
589.008	7.08474
592.015	28.8339
595.022	28.5831
598.025	24.3326
601.029	16.0821
604.032	29.8317
607.033	7.58166
610.034	35.3315
613.032	41.0817
616.032	32.8319
619.028	14.5823
622.023	20.3329
625.018	18.0837
628.013	-22.1656
631.005	3.58544
633.997	-4.66338
636.987	13.088
639.977	32.8394
642.965	-1.40892
645.952	36.3429
648.939	30.0948
651.924	21.8469
654.909	11.5992
657.892	11.3517
660.873	1.10444
663.854	34.8572
666.835	40.6102
669.813	36.3634
672.791	42.1167
675.767	-2.12965
678.743	7.624
681.717	17.378
684.692	29.132
687.664	-9.11367
690.634	8.64087
693.606	-1.60457
696.575	12.1503
699.543	-4.09456
702.51	41.6607
705.475	-0.583787
708.44	15.1719
711.404	8.92778
714.367	36.6839
717.329	26.4401
720.29	10.1966
723.25	23.9533
726.207	29.7104
729.166	39.4675
732.123	9.22479
735.077	24.9825
738.032	10.7402
740.984	2.49834
743.938	16.2565
746.888	16.0151
749.839	43.7737
752.788	29.5327
755.735	3.29192
758.682	45.0514
761.627	-25.1889
764.574	8.57082
767.517	18.331
770.46	4.09134
773.402	13.852
776.342	15.6128
779.282	17.3739
782.219	15.1354
785.157	14.897
788.094	24.6588
791.029	0.420841
793.962	0.183313
796.896	33.9459
799.828	3.70885
802.76	-14.5281
805.689	31.2354
808.619	4.99897
811.546	-1.23704
814.473	28.5272
817.4	46.2916
820.324	14.0563
823.248	5.82139
826.17	19.5867
829.092	17.3523
832.012	41.1181
834.932	12.8842
837.851	34.6506
840.768	14.4173
843.685	-3.81575
846.599	23.9516
849.514	27.7191
852.428	9.48691
855.339	35.2551
858.251	53.0235
861.16	32.7923
864.07	-1.43879
866.978	12.3306
869.884	18.1002
872.792	43.87
875.696	5.64029
878.599	7.41084
881.502	17.1817
884.404	32.9528
887.304	14.7243
890.204	8.49602
893.103	38.2681
896.001	18.0404
898.898	43.8131
901.794	3.58606
904.689	13.3593
907.581	9.1331
910.474	8.90701
913.364	24.6814
916.256	26.4559
919.144	32.2309
922.034	40.0061
924.92	5.78178
927.808	-12.4424
930.693	21.3339
933.576	3.11054
936.459	0.8875
939.341	32.6648
942.222	38.4424
945.102	24.2203
947.981	-4.00136
950.859	17.7773
953.737	7.55621
956.613	31.3355
959.488	13.1151
962.361	30.8953
965.235	16.6756
968.105	-15.5436
970.977	6.23741
973.846	4.01892
976.716	23.8006
979.583	43.5828
982.449	-12.6346
985.316	23.1481
988.18	28.9314
991.043	14.715
993.906	2.49902
996.767	20.2834
999.628	20.0681
1002.49	19.8531
1005.35	-0.361453
1008.2	-10.5757
1011.06	15.2106
1013.91	28.9972
1016.77	12.7841
1019.62	46.5715
1022.48	40.3591
1025.33	30.1473
1028.18	-22.0643
1031.03	15.7246
1033.87	3.51386
1036.72	15.3034
1039.57	-0.906566
1042.41	14.8839
1045.26	32.6747
1048.1	26.4659
1050.94	4.25747
1053.78	10.0494
1056.62	11.8418
1059.46	37.6346
1062.3	25.4277
1065.14	-18.7786
1067.97	27.0153
1070.81	54.8098
1073.64	48.6045
1076.47	12.3998
1079.31	22.1953
1082.14	21.9914
1084.97	29.7877
1087.8	5.58463
1090.63	23.3819
1093.45	-0.820399
1096.28	10.9777
1099.1	4.77622
1101.93	40.5751
1104.75	8.37448
1107.57	34.1742
1110.39	7.97439
1113.21	7.77511
1116.03	31.5761
1118.85	33.3775
1121.66	13.1795
1124.48	4.98177
1127.3	2.78458
1130.11	-3.4123
1132.92	6.39137
1135.73	16.1955
1138.54	7.99999
1141.35	19.8049
1144.16	29.6102
1146.97	-2.58398
1149.78	23.2223
1152.58	7.02909
1155.39	46.8362
1158.19	20.6438
1161	26.4518
1163.8	6.26035
1166.6	18.0692
1169.4	9.87856
1172.2	29.6885
1174.99	25.4987
1177.79	23.3095
1180.59	19.1207
1183.38	-5.06761
1186.17	20.7444
1188.97	42.557
1191.76	48.37
1194.55	14.1835
1197.34	5.99747
1200.13	25.8119
1202.92	5.62674
1205.7	41.4422
1208.49	53.258
1211.27	27.0742
1214.06	26.8911
1216.84	20.7082
1219.62	32.526
1222.4	4.34409
1225.18	4.16279
1227.96	21.9819
1230.74	31.8015
1233.51	13.6216
1236.29	31.4421
1239.06	-4.73682
1241.84	23.0847
1244.61	0.906701
1247.38	-9.27083
1250.15	-5.44775
1252.92	34.3757
1255.69	12.1996
1258.46	22.0241
1261.23	57.849
1263.99	-6.32554
1266.76	35.5003
1269.52	27.3268
1272.28	-2.8463
1275.05	20.981
1277.81	38.8089
1280.57	-1.36267
1283.33	14.4662
1286.08	48.2956
1288.84	16.1255
1291.6	23.9559
1294.35	21.7868
1297.11	25.6183
1299.86	37.4501
1302.61	-2.71749
1305.36	19.1155
1308.11	-3.05113
1310.86	22.7829
1313.61	34.6174
1316.36	26.4523
1319.1	30.2878
1321.85	56.1238
1324.59	23.9603
1327.33	31.7973
1330.08	27.6349
1332.82	15.473
1335.56	15.3115
1338.3	25.1506
1341.04	-17.0097
1343.77	22.8304
1346.51	22.6712
1349.25	24.5123
1351.98	26.3541
1354.71	18.1963
1357.45	14.0391
1360.18	31.8825
1362.91	43.7262
1365.64	31.5706
1368.37	33.4156
1371.09	17.261
1373.82	55.107
1376.54	36.9536
1379.27	-5.19938
1381.99	22.6482
1384.72	8.49629
1387.44	8.34502
1390.16	28.1942
1392.88	18.044
1395.6	9.89423
1398.31	1.7451
1401.03	33.5965
1403.75	-10.5515
1406.46	11.3009
1409.18	15.1539
1411.89	15.0075
1414.6	6.86159
1417.31	20.7164
1420.02	64.5716
1422.73	46.4273
1425.44	12.2836
1428.15	34.1406
1430.85	21.998
1433.56	27.856
1436.26	13.7145
1438.97	21.5737
1441.67	23.4334
1444.37	17.2936
1447.07	35.1545
1449.77	33.0158
1452.47	14.8777
1455.16	8.74023
1457.86	54.6033
1460.56	46.4669
1463.25	40.3311
1465.94	38.1959
1468.64	28.0612
1471.33	-12.0729
1474.02	27.7935
1476.71	7.66059
1479.4	13.5281
1482.09	23.3964
1484.77	25.2651
1487.46	47.1345
1490.14	5.0044
1492.83	22.8749
1495.51	20.7459
1498.19	-7.38242
1500.87	20.4899
1503.55	30.3627
1506.23	48.236
1508.91	16.11
1511.59	-8.01545
1514.27	31.8597
1516.94	5.73549
1519.62	31.6117
1522.29	-2.51135
1524.96	25.3662
1527.63	31.2442
1530.3	45.1229
1532.97	21.0022
1535.64	2.882
1538.31	2.76242
1540.98	16.6435
1543.64	22.5251
1546.31	10.4074
1548.97	20.2902
1551.63	24.1736
1554.3	42.0576
1556.96	11.9422
1559.62	21.8274
1562.28	5.71326
1564.94	21.5997
1567.59	19.4867
1570.25	31.3743
1572.9	37.2625
1575.56	27.1513
1578.21	17.0408
1580.86	32.9308
1583.52	20.8214
1586.17	28.7127
1588.82	40.6045
1591.47	54.497
1594.11	24.3901
1596.76	6.28382
1599.41	54.1781
1602.05	4.07305
1604.69	15.9686
1607.34	45.8647
1609.98	13.7614
1612.62	45.6588
1615.26	21.5568
1617.9	13.4554
1620.54	47.3546
1623.18	1.25446
1625.81	33.1549
1628.45	19.056
1631.08	12.9577
1633.72	12.86
1636.35	14.763
1638.98	10.6665
1641.61	10.5707
1644.24	-27.5245
1646.87	18.381
1649.5	38.287
1652.13	30.1937
1654.75	32.101
1657.38	10.009
1660	15.9176
1662.63	13.8268
1665.25	13.7366
1667.87	15.6471
1670.49	9.55819
1673.11	-14.5301
1675.73	-12.6177
1678.35	5.29529
1680.96	17.2089
1683.58	29.1232
1686.19	9.03814
1688.81	-5.04634
1691.42	26.8699
1694.03	32.7867
1696.64	12.7042
1699.25	20.6223
1701.87	18.541
1704.47	44.4604
1707.08	28.3804
1709.69	24.3011
1712.29	6.2224
1714.9	16.1444
1717.5	12.067
1720.1	39.9902
1722.71	11.9141
1725.31	29.8387
1727.91	-16.2361
1730.51	1.68972
1733.1	11.6162
1735.7	49.5433
1738.3	9.47112
1740.89	27.3996
1743.49	29.3287
1746.08	21.2584
1748.67	9.18879
1751.26	37.1199
1753.86	13.0516
1756.45	44.9839
1759.03	28.917
1761.62	-3.14939
1764.21	10.785
1766.8	8.71996
1769.38	40.6556
1771.97	8.59189
1774.55	-13.4711
1777.13	20.4665
1779.71	16.4048
1782.29	26.3438
1784.87	-3.71665
1787.45	22.2236
1790.03	-3.83542
1792.61	-7.89384
1795.18	48.0484
1797.76	17.9914
1800.33	1.93496
1802.9	-4.12077
1805.48	39.8242
1808.05	9.76977
1810.62	29.716
1813.19	17.663
1815.76	25.6106
1818.33	19.5588
1820.89	27.5078
1823.46	41.4574
1826.02	-14.5923
1828.59	1.35865
1831.15	47.3103
1833.71	11.2626
1836.27	3.21557
1838.84	15.1692
1841.39	33.1236
1843.95	19.0786
1846.51	-2.96574
1849.07	8.99065
1851.62	20.9477
1854.18	26.9054
1856.73	26.8638
1859.29	46.8229
1861.84	-7.21736
1864.39	-7.25692
1866.94	8.70418
1869.49	6.66599
1872.04	20.6285
1874.59	38.5916
1877.13	4.55549
1879.68	40.5201
1882.22	36.4853
1884.77	-1.54884
1887.31	16.4178
1889.85	-3.61497
1892.39	66.353
1894.93	22.3217
1897.47	40.291
1900.01	46.261
1902.55	4.23173
1905.09	26.2031
1907.62	16.1752
1910.16	8.14803
1912.69	6.1215
1915.22	6.09566
1917.76	48.0705
1920.29	8.04608
1922.82	-1.97767
1925.35	17.9993
1927.88	15.9769
1930.4	35.9552
1932.93	27.9343
1935.46	21.914
1937.98	15.8944
1940.51	49.8755
1943.03	29.8573
1945.55	37.8398
1948.07	-2.17698
1950.59	35.8069
1953.11	33.7915
1955.63	-8.22317
1958.15	31.7628
1960.67	21.7495
1963.18	11.7369
1965.7	57.725
1968.21	31.7139
1970.73	-0.296642
1973.24	55.6936
1975.75	31.6845
1978.26	15.6761
1980.77	3.66843
1983.28	19.6615
1985.79	41.6552
1988.29	17.6496
1990.8	9.64478
1993.31	-4.35937
1995.81	31.6372
1998.31	17.6345
