100.093	6.65274
103.274	6.79417
106.457	2.93483
109.636	-8.92548
112.817	3.21344
115.994	1.35141
119.172	7.48862
122.347	7.62487
125.521	17.7603
128.696	7.89493
131.868	-1.97136
135.039	14.1615
138.209	2.29354
141.379	0.424824
144.547	2.55519
147.713	2.68472
150.879	6.81342
154.043	12.9413
157.206	9.06836
160.368	13.1946
163.529	11.32
166.689	5.44465
169.848	7.56845
173.006	-0.308546
176.163	9.81365
179.316	9.93497
182.471	0.0555683
185.625	0.175374
188.777	8.29439
191.927	4.41254
195.077	16.53
198.224	10.6466
201.372	10.7624
204.52	2.87755
207.664	8.9918
210.809	7.10536
213.95	-8.78192
217.091	7.33003
220.233	-4.5587
223.372	3.55174
226.509	13.6614
229.648	-0.229585
232.784	13.8786
235.918	23.986
239.051	2.09271
242.186	14.1987
245.317	12.3039
248.447	8.4084
251.577	-1.48786
254.705	14.6152
257.832	14.7174
260.958	0.818998
264.083	8.91984
267.204	-0.98011
270.327	-4.8807
273.449	3.21799
276.57	1.31597
279.69	21.4132
282.806	5.50976
285.924	3.60563
289.04	7.7008
292.154	9.79522
295.268	-0.111
298.379	7.98203
301.492	8.07444
304.601	2.1661
307.711	8.25714
310.818	18.3474
313.924	0.437068
317.031	20.5261
320.135	14.6144
323.238	8.70198
326.34	0.788928
329.443	6.87527
332.543	30.9609
335.642	11.0459
338.74	11.1302
341.836	5.21386
344.932	13.2969
348.027	13.3792
351.12	1.46098
354.213	-4.45793
357.302	11.6225
360.393	15.7023
363.482	5.78147
366.57	1.86002
369.656	17.9379
372.742	2.0152
375.827	22.0919
378.91	10.1679
381.993	2.24334
385.073	0.318117
388.154	-1.60766
391.232	12.4659
394.311	16.5389
397.387	18.6113
400.462	4.68302
403.536	18.7542
406.611	8.82478
409.683	-1.10525
412.754	14.9641
415.824	17.0329
418.893	3.10113
421.961	15.1688
425.027	29.2358
428.093	7.30227
431.158	1.36817
434.222	21.4335
437.284	11.4982
440.346	3.56244
443.407	9.62606
446.464	17.6891
449.523	15.7516
452.581	-4.18647
455.635	5.87488
458.691	5.93572
461.743	15.996
464.797	16.0557
467.847	6.11488
470.899	18.1735
473.947	2.23163
476.994	12.2892
480.043	4.34622
483.088	4.40271
486.133	12.4587
489.176	10.5141
492.22	0.569031
495.262	6.62341
498.302	-1.32272
501.341	20.7306
504.38	-3.21654
507.417	6.83579
510.453	26.8876
513.487	12.9389
516.521	-1.01032
519.554	15.04
522.586	15.0898
525.616	11.1391
528.646	-2.81213
531.675	19.2362
534.701	13.284
537.729	5.33134
540.753	11.3782
543.778	-4.57545
546.8	5.47042
549.821	11.5158
552.844	15.5608
555.863	-4.3948
558.881	3.64917
561.898	5.69268
564.916	9.73575
567.932	13.7783
570.946	7.82044
573.959	11.8621
576.971	9.9033
579.982	13.9441
582.993	13.9844
586	14.0242
589.008	8.06358
592.015	18.1025
595.022	4.14106
598.025	-15.8209
601.029	6.21675
604.032	4.25396
607.033	12.2907
610.034	10.3271
613.032	6.36295
616.032	20.3984
619.028	0.433479
622.023	12.4681
625.018	10.5023
628.013	10.5361
631.005	2.56949
633.997	6.60245
636.987	14.635
639.977	10.6672
642.965	12.6989
645.952	12.7302
648.939	16.7612
651.924	2.79171
654.909	6.82185
657.892	18.8516
660.873	2.88094
663.854	14.9099
666.835	10.9385
669.813	-5.03334
672.791	6.99448
675.767	9.02189
678.743	7.04895
681.717	-2.92439
684.692	9.10192
687.664	17.1278
690.634	5.15338
693.606	23.1786
696.575	27.2034
699.543	23.2278
702.51	11.2519
705.475	17.2757
708.44	1.29905
711.404	11.3221
714.367	23.3447
717.329	19.3671
720.29	-2.61096
723.25	11.4107
726.207	15.4319
729.166	15.4529
732.123	-8.52651
735.077	21.4937
738.032	5.51368
740.984	7.53326
743.938	15.5525
746.888	13.5715
749.839	11.5901
752.788	13.6084
755.735	9.62631
758.682	15.644
761.627	15.6613
764.574	11.6783
767.517	11.695
770.46	17.7114
773.402	15.7274
776.342	1.74318
779.282	27.7586
782.219	3.77378
785.157	27.7886
788.094	15.8032
791.029	7.81744
793.962	9.83139
796.896	27.8451
799.828	-4.14158
802.76	15.8715
805.689	9.8843
808.619	21.8968
811.546	11.909
814.473	9.92098
817.4	17.9327
820.324	23.944
823.248	-0.0448486
826.17	25.966
829.092	9.97656
832.012	7.98686
834.932	13.9969
837.851	16.0067
840.768	8.01617
843.685	18.0254
846.599	14.0344
849.514	10.0431
852.428	-1.9484
855.339	8.05982
858.251	10.0678
861.16	10.0755
864.07	18.083
866.978	18.0902
869.884	10.0972
872.792	16.1039
875.696	16.1104
878.599	10.1167
881.502	14.1227
884.404	12.1285
887.304	12.1341
890.204	22.1394
893.103	22.1445
896.001	20.1494
898.898	8.15407
901.794	-3.84149
904.689	-5.83727
907.581	12.1667
910.474	8.1705
913.364	8.17407
916.256	10.1774
919.144	12.1806
922.034	14.1835
924.92	10.1862
927.808	8.18875
930.693	8.19107
933.576	-1.80681
936.459	28.1951
939.341	14.1968
942.222	12.1984
945.102	-1.80031
947.981	6.20083
950.859	-1.79822
953.737	4.20255
956.613	16.2031
959.488	4.20352
962.361	24.2037
965.235	10.2038
968.105	18.2036
970.977	10.2033
973.846	14.2028
976.716	2.20209
979.583	12.2012
982.449	14.2002
985.316	10.199
988.18	12.1977
991.043	12.1962
993.906	4.19449
996.767	10.1927
999.628	4.19065
1002.49	20.1885
1005.35	10.1862
1008.2	20.1837
1011.06	14.1811
1013.91	10.1783
1016.77	16.1754
1019.62	-1.82765
1022.48	8.16914
1025.33	10.1658
1028.18	24.1623
1031.03	0.158667
1033.87	20.1549
1036.72	10.151
1039.57	0.146948
1042.41	12.1428
1045.26	10.1385
1048.1	12.134
1050.94	2.12948
1053.78	8.12479
1056.62	14.12
1059.46	6.11504
1062.3	8.10999
1065.14	12.1048
1067.97	4.09953
1070.81	6.09412
1073.64	6.0886
1076.47	12.083
1079.31	12.0772
1082.14	0.0713787
1084.97	16.0654
1087.8	12.0594
1090.63	-3.94681
1093.45	12.0469
1096.28	14.0406
1099.1	12.0341
1101.93	16.0275
1104.75	20.0209
1107.57	14.0141
1110.39	4.00726
1113.21	8.00032
1116.03	1.9933
1118.85	3.98618
1121.66	5.97899
1124.48	13.9717
1127.3	15.9643
1130.11	7.95689
1132.92	11.9494
1135.73	7.94177
1138.54	13.9341
1141.35	15.9263
1144.16	13.9185
1146.97	3.91063
1149.78	-4.09734
1152.58	11.8946
1155.39	3.88654
1158.19	3.87838
1161	5.87015
1163.8	13.8619
1166.6	21.8535
1169.4	7.84512
1172.2	25.8367
1174.99	7.82814
1177.79	1.81957
1180.59	5.81096
1183.38	-0.197713
1186.17	5.79356
1188.97	19.7848
1191.76	9.77599
1194.55	9.76713
1197.34	7.75823
1200.13	5.74929
1202.92	11.7403
1205.7	9.7313
1208.49	13.7222
1211.27	-0.286846
1214.06	1.70404
1216.84	3.69488
1219.62	9.6857
1222.4	-2.32352
1225.18	-2.33275
1227.96	21.658
1230.74	5.64869
1233.51	9.63938
1236.29	-0.369952
1239.06	5.6207
1241.84	3.61133
1244.61	-6.39806
1247.38	23.5925
1250.15	9.58312
1252.92	11.5737
1255.69	13.5643
1258.46	9.55481
1261.23	1.54535
1263.99	7.53589
1266.76	5.52642
1269.52	3.51695
1272.28	3.50748
1275.05	19.498
1277.81	9.48853
1280.57	3.47906
1283.33	-0.530401
1286.08	13.4601
1288.84	-0.549314
1291.6	-2.55876
1294.35	7.4318
1297.11	15.4224
1299.86	9.41297
1302.61	7.40357
1305.36	5.39419
1308.11	3.38482
1310.86	3.37548
1313.61	9.36615
1316.36	7.35684
1319.1	19.3476
1321.85	13.3383
1324.59	17.3291
1327.33	9.31986
1330.08	9.31068
1332.82	1.30153
1335.56	5.29241
1338.3	3.28332
1341.04	-2.72573
1343.77	11.2653
1346.51	11.2563
1349.25	7.24733
1351.98	21.2384
1354.71	-2.77044
1357.45	13.2207
1360.18	1.21196
1362.91	9.20322
1365.64	9.19453
1368.37	3.18589
1371.09	15.1773
1373.82	-14.8312
1376.54	17.1603
1379.27	13.1518
1381.99	7.14345
1384.72	19.1351
1387.44	15.1268
1390.16	9.11863
1392.88	21.1105
1395.6	19.1024
1398.31	3.09435
1401.03	3.08639
1403.75	9.07848
1406.46	27.0706
1409.18	9.06287
1411.89	17.0552
1414.6	-2.95246
1417.31	15.04
1420.02	5.0325
1422.73	-0.974919
1425.44	3.01774
1428.15	13.0105
1430.85	15.0033
1433.56	8.99619
1436.26	12.9892
1438.97	6.98222
1441.67	24.9754
1444.37	8.96859
1447.07	0.961898
1449.77	10.9553
1452.47	16.9488
1455.16	-5.05765
1457.86	4.93601
1460.56	4.92977
1463.25	-9.07639
1465.94	12.9176
1468.64	14.9116
1471.33	16.9057
1474.02	18.9
1476.71	12.8943
1479.4	2.88872
1482.09	14.8833
1484.77	12.8779
1487.46	6.87264
1490.14	8.86748
1492.83	14.8624
1495.51	2.8575
1498.19	4.85267
1500.87	2.84795
1503.55	8.84334
1506.23	4.83884
1508.91	4.83446
1511.59	12.8302
1514.27	8.82604
1516.94	6.82201
1519.62	16.8181
1522.29	8.8143
1524.96	18.8106
1527.63	18.8071
1530.3	4.80365
1532.97	14.8003
1535.64	2.79717
1538.31	2.79412
1540.98	12.7912
1543.64	0.7884
1546.31	2.78574
1548.97	-7.21679
1551.63	18.7808
1554.3	-3.22146
1556.96	12.7764
1559.62	20.7744
1562.28	8.77257
1564.94	-1.22915
1567.59	18.7693
1570.25	8.76784
1572.9	14.7665
1575.56	2.76539
1578.21	2.76439
1580.86	4.76353
1583.52	0.762814
1586.17	10.7622
1588.82	16.7618
1591.47	6.76156
1594.11	20.7614
1596.76	10.7615
1599.41	8.76167
1602.05	16.762
1604.69	14.7625
1607.34	14.7632
1609.98	6.76398
1612.62	6.76495
1615.26	4.76608
1617.9	14.7674
1620.54	14.7688
1623.18	8.77045
1625.81	12.7722
1628.45	16.7742
1631.08	-11.2237
1633.72	6.77858
1636.35	2.78103
1638.98	8.78365
1641.61	4.78644
1644.24	10.7894
1646.87	10.7925
1649.5	6.79586
1652.13	0.799339
1654.75	6.803
1657.38	12.8068
1660	2.81086
1662.63	6.81505
1665.25	16.8194
1667.87	20.824
1670.49	-13.1713
1673.11	2.83366
1675.73	14.8388
1678.35	2.84406
1680.96	12.8495
1683.58	6.85521
1686.19	12.8611
1688.81	4.86712
1691.42	14.8734
1694.03	6.87979
1696.64	8.88641
1699.25	6.89323
1701.87	0.900241
1704.47	10.9074
1707.08	10.9149
1709.69	28.9225
1712.29	6.93026
1714.9	-5.06174
1717.5	6.94646
1720.1	-5.04514
1722.71	18.9635
1725.31	20.9723
1727.91	4.9813
1730.51	-3.00948
1733.1	6.99995
1735.7	9.00959
1738.3	3.01943
1740.89	-4.97051
1743.49	3.03975
1746.08	9.05023
1748.67	21.0609
1751.26	-4.92818
1753.86	9.08295
1756.45	1.09428
1759.03	11.1058
1761.62	7.11761
1764.21	13.1296
1766.8	-4.85821
1769.38	17.1542
1771.97	15.1669
1774.55	3.17975
1777.13	5.19284
1779.71	1.20616
1782.29	9.2197
1784.87	11.2335
1787.45	23.2475
1790.03	7.26169
1792.61	17.2762
1795.18	15.2908
1797.76	5.30576
1800.33	3.3209
1802.9	17.3363
1805.48	23.3519
1808.05	9.36774
1810.62	23.3838
1813.19	7.40014
1815.76	5.4167
1818.33	21.4335
1820.89	15.4505
1823.46	5.46781
1826.02	5.48533
1828.59	13.5031
1831.15	17.5211
1833.71	1.53933
1836.27	7.55782
1838.84	7.57655
1841.39	-0.404471
1843.95	11.6148
1846.51	15.6342
1849.07	19.6539
1851.62	-2.32607
1854.18	9.69416
1856.73	11.7146
1859.29	15.7354
1861.84	1.75634
1864.39	7.77757
1866.94	9.79907
1869.49	-8.17918
1872.04	15.8428
1874.59	3.86508
1877.13	-4.11239
1879.68	1.91037
1882.22	13.9334
1884.77	3.95673
1887.31	9.98028
1889.85	16.0041
1892.39	10.0282
1894.93	6.05255
1897.47	14.0772
1900.01	0.10206
1902.55	0.127212
1905.09	2.15263
1907.62	26.1783
1910.16	10.2043
1912.69	8.2305
1915.22	2.25701
1917.76	12.2838
1920.29	12.3108
1922.82	6.33813
1925.35	16.3657
1927.88	16.3936
1930.4	2.42174
1932.93	18.4502
1935.46	2.47886
1937.98	0.507841
1940.51	0.537101
1943.03	10.5666
1945.55	22.5964
1948.07	14.6266
1950.59	6.65693
1953.11	10.6876
1955.63	-3.28145
1958.15	20.7498
1960.67	4.78129
1963.18	6.8131
1965.7	0.84519
1968.21	16.8776
1970.73	32.9102
1973.24	8.94322
1975.75	22.9764
1978.26	17.01
1980.77	-0.956177
1983.28	7.07796
1985.79	23.1124
1988.29	13.1471
1990.8	9.18211
1993.31	1.21742
1995.81	7.25302
1998.31	3.28889
