100.093	24.231
103.274	4.31458
106.457	10.3977
109.636	12.4803
112.817	6.56243
115.994	12.644
119.172	20.7251
122.347	26.8057
125.521	10.8858
128.696	8.96548
131.868	7.04458
135.039	15.1232
138.209	-0.798667
141.379	3.27903
144.547	11.3562
147.713	3.43287
150.879	21.5091
154.043	9.5848
157.206	-0.339956
160.368	13.7348
163.529	17.8091
166.689	9.88294
169.848	-0.0436975
173.006	10.0292
176.163	-1.89838
179.316	8.17353
182.471	4.24503
185.625	2.31607
188.777	6.38666
191.927	10.4567
195.077	18.5264
198.224	0.595574
201.372	8.66434
204.52	2.73265
207.664	12.8005
210.809	2.8679
213.95	14.9348
217.091	19.0013
220.233	1.06741
223.372	1.13302
226.509	11.1982
229.648	9.26297
232.784	-4.67272
235.918	-2.60885
239.051	29.4546
242.186	15.5176
245.317	11.5802
248.447	25.6424
251.577	11.7041
254.705	5.76544
257.832	-4.17367
260.958	7.88681
264.083	23.9469
267.204	4.00647
270.327	14.0657
273.449	6.12452
276.57	16.1829
279.69	14.2409
282.806	-5.70152
285.924	10.3557
289.04	20.4125
292.154	0.468796
295.268	-3.47522
298.379	4.58033
301.492	-1.36449
304.601	14.6903
307.711	10.7447
310.818	4.79864
313.924	14.8522
317.031	10.9054
320.135	4.95825
323.238	25.0107
326.34	9.06271
329.443	9.1144
332.543	-6.83432
335.642	15.2166
338.74	19.2671
341.836	1.31724
344.932	7.36701
348.027	19.4164
351.12	21.4654
354.213	-0.485904
357.302	9.56236
360.393	7.61028
363.482	-2.34215
366.57	13.705
369.656	9.75185
372.742	7.79833
375.827	5.84445
378.91	5.89019
381.993	17.9356
385.073	17.9806
388.154	12.0253
391.232	6.06966
394.311	-1.88633
397.387	10.1573
400.462	2.20059
403.536	10.2435
406.611	-7.71384
409.683	8.32842
412.754	-5.62965
415.824	20.4119
418.893	6.45318
421.961	2.4941
425.027	12.5347
428.093	8.57493
431.158	14.6149
434.222	-3.34555
437.284	14.6937
440.346	6.73266
443.407	-1.22873
446.464	14.8095
449.523	4.84752
452.581	10.8852
455.635	2.92249
458.691	2.95952
461.743	8.9962
464.797	13.0326
467.847	-2.93134
470.899	19.1044
473.947	7.13988
476.994	-2.82499
480.043	5.20987
483.088	9.24439
486.133	11.2786
489.176	15.3125
492.22	1.34619
495.262	-0.620488
498.302	3.41254
501.341	13.4453
504.38	7.47772
507.417	11.5099
510.453	-0.458277
513.487	5.57327
516.521	15.6046
519.554	-4.36445
522.586	7.66626
525.616	3.69666
528.646	11.7268
531.675	-4.24333
534.701	9.78624
537.729	11.8155
540.753	7.84455
543.778	7.87331
546.8	11.9018
549.821	9.92997
552.844	-2.04209
555.863	9.98556
558.881	0.0129432
561.898	22.0401
564.916	6.06693
567.932	8.09352
570.946	-11.8801
573.959	4.14592
576.971	12.1717
579.982	-1.80272
582.993	8.22258
586	4.2476
589.008	16.2724
592.015	-3.70308
595.022	12.3212
598.025	4.34522
601.029	16.369
604.032	-1.60746
607.033	8.41582
610.034	2.43887
613.032	4.46166
616.032	14.4842
619.028	-5.49346
622.023	6.52861
625.018	6.55045
628.013	10.5721
631.005	0.59343
633.997	2.61456
636.987	6.63546
639.977	-3.34387
642.965	6.67658
645.952	12.6968
648.939	6.71678
651.924	12.7365
654.909	4.75608
657.892	12.7754
660.873	10.7945
663.854	-3.18664
666.835	8.83202
669.813	12.8504
672.791	14.8687
675.767	6.88667
678.743	10.9045
681.717	8.92204
684.692	12.9394
687.664	-7.04343
690.634	6.97352
693.606	20.9903
696.575	5.00681
699.543	15.0231
702.51	15.0393
705.475	1.0552
708.44	9.07093
711.404	15.0865
714.367	9.10179
717.329	25.1169
720.29	15.1319
723.25	3.14662
726.207	5.16116
729.166	17.1755
732.123	11.1897
735.077	27.2037
738.032	3.21747
740.984	1.23108
743.938	23.2445
746.888	7.25774
749.839	1.2708
752.788	5.28368
755.735	19.2964
758.682	11.3089
761.627	27.3212
764.574	15.3334
767.517	19.3454
770.46	5.35719
773.402	11.3688
776.342	1.3803
779.282	9.3916
782.219	17.4027
785.157	13.4137
788.094	9.42448
791.029	9.43512
793.962	21.4456
796.896	17.4559
799.828	7.46602
802.76	3.47601
805.689	11.4858
808.619	23.4955
811.546	9.505
814.473	3.51435
817.4	17.5236
820.324	25.5326
823.248	11.5415
826.17	9.55024
829.092	3.55883
832.012	1.56727
834.932	11.5756
837.851	25.5837
840.768	21.5917
843.685	13.5996
846.599	13.6073
849.514	21.6149
852.428	21.6223
855.339	7.62963
858.251	3.6368
861.16	15.6438
864.07	15.6507
866.978	9.65747
869.884	19.6641
872.792	11.6706
875.696	11.677
878.599	13.6832
881.502	9.68929
884.404	15.6953
887.304	3.70111
890.204	11.7068
893.103	15.7124
896.001	9.71792
898.898	7.72328
901.794	-8.27148
904.689	-2.26637
907.581	11.7386
910.474	17.7435
913.364	-2.25172
916.256	3.75293
919.144	25.7575
922.034	17.7619
924.92	17.7662
927.808	7.77042
930.693	9.77451
933.576	-4.2215
936.459	15.7824
939.341	13.7862
942.222	5.78982
945.102	13.7934
947.981	7.79685
950.859	5.80021
953.737	19.8035
956.613	1.80664
959.488	15.8097
962.361	-2.18733
965.235	13.8155
968.105	9.81831
970.977	9.821
973.846	7.82359
976.716	-4.17391
979.583	15.8285
982.449	13.8308
985.316	9.83304
988.18	11.8352
991.043	15.8372
993.906	-4.16079
996.767	7.8411
999.628	13.8429
1002.49	17.8446
1005.35	3.84627
1008.2	3.84783
1011.06	3.84931
1013.91	1.85071
1016.77	1.85204
1019.62	-2.14671
1022.48	5.85447
1025.33	19.8556
1028.18	9.8566
1031.03	5.85756
1033.87	17.8585
1036.72	-2.14073
1039.57	11.86
1042.41	13.8607
1045.26	-0.138677
1048.1	-0.138125
1050.94	9.86236
1053.78	3.86279
1056.62	23.8631
1059.46	7.86345
1062.3	5.86369
1065.14	5.86387
1067.97	9.86399
1070.81	7.86406
1073.64	-0.135932
1076.47	5.86402
1079.31	3.86392
1082.14	13.8638
1084.97	-2.13644
1087.8	15.8633
1090.63	5.863
1093.45	19.8626
1096.28	-0.137762
1099.1	7.86179
1101.93	3.86129
1104.75	9.86075
1107.57	9.86016
1110.39	11.8595
1113.21	17.8589
1116.03	-0.141862
1118.85	3.85738
1121.66	-4.14341
1124.48	1.85575
1127.3	9.85488
1130.11	7.85398
1132.92	9.85303
1135.73	1.85206
1138.54	11.851
1141.35	13.85
1144.16	3.84893
1146.97	11.8478
1149.78	9.84668
1152.58	9.84552
1155.39	5.84433
1158.19	5.84311
1161	9.84186
1163.8	23.8406
1166.6	5.83929
1169.4	11.838
1172.2	3.83663
1174.99	-2.16473
1177.79	17.8339
1180.59	-10.1675
1183.38	9.83107
1186.17	1.82963
1188.97	-10.1718
1191.76	13.8267
1194.55	3.82522
1197.34	-2.17628
1200.13	13.8222
1202.92	-6.17932
1205.7	7.81914
1208.49	15.8176
1211.27	-4.18396
1214.06	19.8145
1216.84	9.8129
1219.62	3.81132
1222.4	15.8097
1225.18	-4.19185
1227.96	7.80655
1230.74	11.805
1233.51	3.80336
1236.29	7.80176
1239.06	-8.19984
1241.84	3.79856
1244.61	11.797
1247.38	3.79536
1250.15	11.7938
1252.92	1.79218
1255.69	5.79059
1258.46	-0.210987
1261.23	1.78744
1263.99	5.78587
1266.76	11.7843
1269.52	5.78277
1272.28	-0.218768
1275.05	-8.22029
1277.81	-2.22181
1280.57	-2.22331
1283.33	-2.2248
1286.08	3.77372
1288.84	19.7723
1291.6	1.77082
1294.35	3.7694
1297.11	15.768
1299.86	5.7666
1302.61	9.76523
1305.36	1.76388
1308.11	13.7625
1310.86	7.76124
1313.61	-2.24004
1316.36	9.7587
1319.1	11.7575
1321.85	7.75625
1324.59	-2.24493
1327.33	7.75391
1330.08	19.7528
1332.82	3.75168
1335.56	1.75061
1338.3	15.7496
1341.04	19.7486
1343.77	11.7476
1346.51	17.7466
1349.25	11.7457
1351.98	27.7448
1354.71	13.744
1357.45	7.74319
1360.18	3.74242
1362.91	11.7417
1365.64	3.741
1368.37	1.74034
1371.09	-6.26027
1373.82	15.7392
1376.54	5.73862
1379.27	11.7381
1381.99	15.7377
1384.72	5.73728
1387.44	11.7369
1390.16	7.73661
1392.88	15.7363
1395.6	5.73613
1398.31	9.73596
1401.03	1.73584
1403.75	7.73577
1406.46	5.73574
1409.18	9.73577
1411.89	7.73585
1414.6	9.73599
1417.31	5.73617
1420.02	3.73641
1422.73	7.73671
1425.44	11.7371
1428.15	7.73747
1430.85	9.73793
1433.56	17.7385
1436.26	15.739
1438.97	-2.26032
1441.67	-6.25962
1444.37	-2.25886
1447.07	9.74196
1449.77	5.74285
1452.47	7.7438
1455.16	7.74481
1457.86	3.74589
1460.56	3.74703
1463.25	1.74824
1465.94	3.74952
1468.64	13.7509
1471.33	5.75227
1474.02	-2.24624
1476.71	7.75531
1479.4	7.75693
1482.09	15.7586
1484.77	5.76039
1487.46	1.76223
1490.14	5.76414
1492.83	13.7661
1495.51	5.76819
1498.19	9.77032
1500.87	1.77254
1503.55	11.7748
1506.23	7.7772
1508.91	13.7796
1511.59	15.7822
1514.27	5.78477
1516.94	-4.21254
1519.62	-0.209773
1522.29	-2.20692
1524.96	23.796
1527.63	9.79903
1530.3	5.80213
1532.97	15.8053
1535.64	7.80858
1538.31	1.81194
1540.98	15.8154
1543.64	13.8189
1546.31	1.82253
1548.97	-8.17376
1551.63	15.83
1554.3	-2.16607
1556.96	-2.16209
1559.62	3.84198
1562.28	3.84615
1564.94	11.8504
1567.59	3.85476
1570.25	3.8592
1572.9	7.86374
1575.56	17.8684
1578.21	15.8731
1580.86	3.87794
1583.52	3.88287
1586.17	17.8879
1588.82	-0.106972
1591.47	1.89825
1594.11	21.9036
1596.76	15.909
1599.41	9.91453
1602.05	3.92017
1604.69	17.9259
1607.34	5.93174
1609.98	3.93769
1612.62	-6.05627
1615.26	-0.0501099
1617.9	-2.04385
1620.54	13.9625
1623.18	5.96899
1625.81	-6.02442
1628.45	9.98227
1631.08	21.9891
1633.72	17.996
1636.35	0.00300512
1638.98	8.01014
1641.61	-3.98261
1644.24	6.02475
1646.87	8.03222
1649.5	10.0398
1652.13	-1.95249
1654.75	16.0553
1657.38	10.0633
1660	14.0713
1662.63	16.0795
1665.25	2.08777
1667.87	10.0962
1670.49	20.1047
1673.11	26.1133
1675.73	-3.8779
1678.35	8.13098
1680.96	20.14
1683.58	18.1491
1686.19	-3.84164
1688.81	14.1677
1691.42	20.1772
1694.03	18.1869
1696.64	12.1966
1699.25	6.20647
1701.87	6.21647
1704.47	6.2266
1707.08	18.2368
1709.69	2.24723
1712.29	12.2577
1714.9	16.2684
1717.5	12.2791
1720.1	14.29
1722.71	4.30108
1725.31	6.31224
1727.91	6.32354
1730.51	16.335
1733.1	8.34652
1735.7	2.35822
1738.3	18.3701
1740.89	18.382
1743.49	-1.60588
1746.08	12.4064
1748.67	16.4187
1751.26	-3.56877
1753.86	4.44389
1756.45	14.4567
1759.03	6.4696
1761.62	14.4827
1764.21	10.4959
1766.8	0.50922
1769.38	12.5227
1771.97	8.53635
1774.55	14.5501
1777.13	2.56404
1779.71	-1.4219
1782.29	14.5923
1784.87	24.6066
1787.45	14.6211
1790.03	12.6358
1792.61	-3.34942
1795.18	4.66551
1797.76	20.6806
1800.33	18.6958
1802.9	8.7112
1805.48	-7.27327
1808.05	12.7424
1810.62	10.7582
1813.19	6.77421
1815.76	14.7903
1818.33	10.8066
1820.89	12.8231
1823.46	6.83965
1826.02	18.8564
1828.59	14.8733
1831.15	8.89033
1833.71	6.90754
1836.27	6.9249
1838.84	6.94242
1841.39	22.9601
1843.95	4.97792
1846.51	-3.00409
1849.07	11.014
1851.62	13.0324
1854.18	11.0508
1856.73	1.06944
1859.29	-0.911767
1861.84	7.10717
1864.39	13.1263
1866.94	7.14555
1869.49	3.16498
1872.04	11.1846
1874.59	9.20433
1877.13	1.22425
1879.68	1.24433
1882.22	15.2646
1884.77	9.285
1887.31	13.3056
1889.85	19.3263
1892.39	17.3472
1894.93	25.3683
1897.47	3.38957
1900.01	-6.58901
1902.55	15.4326
1905.09	15.4543
1907.62	11.4763
1910.16	21.4983
1912.69	9.52061
1915.22	3.54305
1917.76	17.5657
1920.29	-2.41156
1922.82	17.6114
1925.35	29.6345
1927.88	31.6578
1930.4	15.6813
1932.93	11.705
1935.46	13.7288
1937.98	23.7528
1940.51	19.777
1943.03	17.8013
1945.55	7.82584
1948.07	7.85055
1950.59	15.8754
1953.11	-0.0994956
1955.63	15.9257
1958.15	19.9512
1960.67	3.97676
1963.18	16.0025
1965.7	20.0285
1968.21	2.05465
1970.73	16.081
1973.24	4.1075
1975.75	6.13417
1978.26	8.16106
1980.77	28.1881
1983.28	10.2154
1985.79	20.2428
1988.29	6.27038
1990.8	-3.7018
1993.31	2.32618
1995.81	12.3543
1998.31	10.3827
