100.093	27.1311
103.274	29.1297
106.457	21.1285
109.636	19.1272
112.817	13.126
115.994	17.1248
119.172	23.1237
122.347	-0.877391
125.521	21.1215
128.696	17.1205
131.868	33.1195
135.039	11.1185
138.209	-0.882384
141.379	13.1167
144.547	13.1159
147.713	1.11503
150.879	13.1142
154.043	17.1135
157.206	11.1127
160.368	15.1121
163.529	17.1114
166.689	3.11077
169.848	17.1102
173.006	11.1096
176.163	29.1091
179.316	11.1086
182.471	5.10812
185.625	17.1077
188.777	15.1073
191.927	9.10693
195.077	23.1066
198.224	21.1063
201.372	19.106
204.52	17.1058
207.664	25.1056
210.809	13.1054
213.95	-0.894743
217.091	9.10514
220.233	19.1051
223.372	15.105
226.509	17.105
229.648	21.105
232.784	11.105
235.918	17.1051
239.051	19.1052
242.186	7.10536
245.317	17.1055
248.447	7.10571
251.577	17.1059
254.705	29.1062
257.832	3.10648
260.958	13.1068
264.083	31.1071
267.204	11.1075
270.327	11.1079
273.449	15.1083
276.57	-2.8912
279.69	15.1093
282.806	25.1098
285.924	11.1104
289.04	7.11093
292.154	11.1115
295.268	11.1122
298.379	13.1128
301.492	19.1135
304.601	17.1142
307.711	15.115
310.818	19.1158
313.924	11.1166
317.031	17.1174
320.135	15.1182
323.238	15.1191
326.34	11.12
329.443	25.121
332.543	15.1219
335.642	5.12294
338.74	23.124
341.836	17.125
344.932	9.12608
348.027	11.1272
351.12	-0.871691
354.213	27.1295
357.302	-0.869358
360.393	3.13185
363.482	19.1331
366.57	7.13434
369.656	19.1356
372.742	5.13693
375.827	1.13827
378.91	13.1396
381.993	9.14102
385.073	1.14243
388.154	9.14387
391.232	15.1453
394.311	11.1468
397.387	13.1483
400.462	11.1499
403.536	1.15143
406.611	9.15302
409.683	3.15463
412.754	17.1563
415.824	13.1579
418.893	17.1596
421.961	5.16132
425.027	7.16305
428.093	1.16481
431.158	3.16659
434.222	-0.831608
437.284	9.17022
440.346	5.17207
443.407	13.1739
446.464	3.17584
449.523	9.17777
452.581	3.17971
455.635	1.18168
458.691	9.18367
461.743	9.18568
464.797	7.18772
467.847	-8.81022
470.899	3.19186
473.947	-6.80604
476.994	13.1961
480.043	17.1982
483.088	7.20041
486.133	3.2026
489.176	5.20481
492.22	9.20705
495.262	11.2093
498.302	11.2116
501.341	5.21389
504.38	25.2162
507.417	13.2186
510.453	13.2209
513.487	-2.77669
516.521	9.22572
519.554	5.22814
522.586	17.2306
525.616	7.23306
528.646	17.2356
531.675	-0.761933
534.701	23.2406
537.729	-0.756849
540.753	11.2457
543.778	-6.75168
546.8	3.25093
549.821	-0.746438
552.844	3.25622
555.863	9.25889
558.881	13.2616
561.898	17.2643
564.916	9.26703
567.932	-0.730223
570.946	-4.72745
573.959	21.2753
576.971	13.2781
579.982	-10.719
582.993	19.2838
586	3.28669
589.008	17.2896
592.015	9.29248
595.022	9.2954
598.025	5.29834
601.029	7.3013
604.032	3.30428
607.033	7.30727
610.034	15.3103
613.032	-4.68668
616.032	13.3164
619.028	13.3194
622.023	-0.677479
625.018	13.3256
628.013	21.3287
631.005	3.33189
633.997	-2.66496
636.987	15.3382
639.977	-4.6586
642.965	-0.655387
645.952	1.34784
648.939	3.35108
651.924	15.3543
654.909	-0.642385
657.892	11.3609
660.873	7.36422
663.854	5.36754
666.835	9.37088
669.813	7.37424
672.791	13.3776
675.767	13.381
678.743	7.38442
681.717	1.38784
684.692	19.3913
687.664	5.39473
690.634	9.3982
693.606	11.4017
696.575	11.4052
699.543	13.4087
702.51	9.41224
705.475	1.41579
708.44	15.4194
711.404	3.42293
714.367	-0.573472
717.329	7.43014
720.29	17.4338
723.25	5.4374
726.207	9.44105
729.166	3.44472
732.123	7.4484
735.077	5.4521
738.032	1.45581
740.984	-0.540462
743.938	15.4633
746.888	9.46703
749.839	7.4708
752.788	9.47458
755.735	13.4784
758.682	-14.5178
761.627	11.486
764.574	13.4899
767.517	19.4937
770.46	5.49757
773.402	7.50145
776.342	9.50534
779.282	15.5092
782.219	7.51316
785.157	5.51709
788.094	23.521
791.029	15.525
793.962	23.529
796.896	21.5329
799.828	11.5369
802.76	23.5409
805.689	9.54497
808.619	11.549
811.546	-2.44696
814.473	1.5571
817.4	19.5612
820.324	13.5653
823.248	25.5693
826.17	13.5735
829.092	3.57757
832.012	11.5817
834.932	7.58584
837.851	5.58999
840.768	15.5942
843.685	13.5983
846.599	9.60252
849.514	11.6067
852.428	7.61093
855.339	-0.38485
858.251	7.61938
861.16	5.62363
864.07	3.62788
866.978	17.6321
869.884	21.6364
872.792	5.64071
875.696	13.645
878.599	13.6493
881.502	23.6536
884.404	7.65796
887.304	21.6623
890.204	11.6666
893.103	-10.329
896.001	15.6754
898.898	11.6798
901.794	7.68415
904.689	-2.31145
907.581	3.69295
910.474	5.69737
913.364	11.7018
916.256	5.70624
919.144	9.71069
922.034	5.71515
924.92	19.7196
927.808	9.72409
930.693	19.7286
933.576	3.73307
936.459	15.7376
939.341	11.7421
942.222	1.7466
945.102	23.7511
947.981	-6.24433
950.859	1.76022
953.737	-2.23522
956.613	11.7693
959.488	11.7739
962.361	19.7785
965.235	3.78309
968.105	5.78768
970.977	9.79229
973.846	11.7969
976.716	-0.198472
979.583	-0.193842
982.449	7.8108
985.316	5.81544
988.18	9.8201
991.043	15.8248
993.906	-2.17057
996.767	3.83411
999.628	-6.16121
1002.49	13.8435
1005.35	7.84818
1008.2	15.8529
1011.06	3.8576
1013.91	23.8623
1016.77	17.8671
1019.62	11.8718
1022.48	3.87653
1025.33	9.88127
1028.18	7.88603
1031.03	5.89079
1033.87	15.8956
1036.72	15.9003
1039.57	3.90512
1042.41	9.90991
1045.26	17.9147
1048.1	1.9195
1050.94	9.92431
1053.78	9.92912
1056.62	11.9339
1059.46	9.93877
1062.3	23.9436
1065.14	-4.05156
1067.97	9.95328
1070.81	-4.04187
1073.64	17.963
1076.47	1.96784
1079.31	11.9727
1082.14	15.9776
1084.97	13.9825
1087.8	13.9873
1090.63	13.9922
1093.45	-0.00287883
1096.28	8.00202
1099.1	-1.99308
1101.93	12.0118
1104.75	8.01674
1107.57	2.02166
1110.39	12.0266
1113.21	14.0315
1116.03	8.03644
1118.85	16.0414
1121.66	4.04632
1124.48	-3.94873
1127.3	4.05622
1130.11	2.06118
1132.92	4.06613
1135.73	6.0711
1138.54	-9.92394
1141.35	8.08103
1144.16	10.086
1146.97	14.091
1149.78	4.09598
1152.58	4.10096
1155.39	16.106
1158.19	22.111
1161	6.11595
1163.8	10.1209
1166.6	10.126
1169.4	4.13097
1172.2	8.13598
1174.99	10.141
1177.79	14.146
1180.59	12.151
1183.38	4.15606
1186.17	18.1611
1188.97	-1.83387
1191.76	2.17116
1194.55	2.1762
1197.34	18.1812
1200.13	10.1863
1202.92	-3.80866
1205.7	0.196383
1208.49	0.201436
1211.27	18.2065
1214.06	-1.78845
1216.84	10.2166
1219.62	14.2217
1222.4	4.22674
1225.18	14.2318
1227.96	-5.76313
1230.74	2.24194
1233.51	-1.75298
1236.29	18.2521
1239.06	12.2572
1241.84	20.2622
1244.61	4.26733
1247.38	10.2724
1250.15	-5.72251
1252.92	-1.71742
1255.69	8.28767
1258.46	20.2928
1261.23	6.29785
1263.99	0.302942
1266.76	20.308
1269.52	8.31313
1272.28	0.318227
1275.05	-5.67667
1277.81	0.328426
1280.57	20.3335
1283.33	2.33863
1286.08	12.3437
1288.84	8.34883
1291.6	16.3539
1294.35	10.359
1297.11	2.36414
1299.86	4.36925
1302.61	8.37436
1305.36	10.3795
1308.11	6.38458
1310.86	10.3897
1313.61	10.3948
1316.36	4.3999
1319.1	12.405
1321.85	8.41012
1324.59	8.41523
1327.33	6.42034
1330.08	18.4254
1332.82	-1.56944
1335.56	10.4357
1338.3	8.44078
1341.04	18.4459
1343.77	6.451
1346.51	-3.54389
1349.25	6.46122
1351.98	20.4663
1354.71	2.47144
1357.45	4.47655
1360.18	24.4817
1362.91	4.48676
1365.64	0.491869
1368.37	16.497
1371.09	10.5021
1373.82	6.50718
1376.54	12.5123
1379.27	4.51739
1381.99	12.5225
1384.72	4.52759
1387.44	4.53269
1390.16	10.5378
1392.88	2.54289
1395.6	16.548
1398.31	6.55308
1401.03	0.558171
1403.75	8.56326
1406.46	12.5684
1409.18	8.57345
1411.89	2.57853
1414.6	2.58362
1417.31	14.5887
1420.02	2.59379
1422.73	14.5989
1425.44	14.6039
1428.15	6.60902
1430.85	-9.3859
1433.56	4.61917
1436.26	16.6242
1438.97	16.6293
1441.67	-1.36562
1444.37	4.63945
1447.07	6.64451
1449.77	12.6496
1452.47	0.654632
1455.16	-1.34031
1457.86	18.6647
1460.56	10.6698
1463.25	8.67485
1465.94	10.6799
1468.64	6.68494
1471.33	12.69
1474.02	10.695
1476.71	4.70005
1479.4	4.70509
1482.09	4.71012
1484.77	6.71515
1487.46	2.72017
1490.14	0.725193
1492.83	4.73021
1495.51	18.7352
1498.19	6.74024
1500.87	18.7452
1503.55	4.75026
1506.23	10.7553
1508.91	12.7603
1511.59	14.7653
1514.27	4.77025
1516.94	16.7752
1519.62	4.78023
1522.29	6.78521
1524.96	-3.20981
1527.63	-1.20484
1530.3	18.8001
1532.97	8.8051
1535.64	6.81007
1538.31	6.81503
1540.98	10.82
1543.64	10.8249
1546.31	20.8299
1548.97	-3.16517
1551.63	6.83977
1554.3	4.8447
1556.96	24.8496
1559.62	26.8546
1562.28	2.85949
1564.94	0.864405
1567.59	16.8693
1570.25	12.8742
1572.9	-3.12086
1575.56	8.88404
1578.21	16.8889
1580.86	10.8938
1583.52	14.8987
1586.17	14.9036
1588.82	0.908481
1591.47	20.9134
1594.11	2.91822
1596.76	-1.07691
1599.41	4.92794
1602.05	4.9328
1604.69	-3.06235
1607.34	16.9425
1609.98	-1.05267
1612.62	10.9522
1615.26	4.957
1617.9	6.96182
1620.54	10.9666
1623.18	-1.02855
1625.81	10.9763
1628.45	14.9811
1631.08	8.98586
1633.72	12.9907
1636.35	0.99544
1638.98	-0.999779
1641.61	17.005
1644.24	-8.99023
1646.87	17.0145
1649.5	1.01929
1652.13	19.024
1654.75	-6.97121
1657.38	11.0335
1660	3.03827
1662.63	5.04299
1665.25	9.04772
1667.87	-18.9476
1670.49	-4.94285
1673.11	-8.93815
1675.73	9.06655
1678.35	9.07124
1680.96	7.07593
1683.58	13.0806
1686.19	5.08528
1688.81	7.08995
1691.42	3.09461
1694.03	17.0993
1696.64	-0.896083
1699.25	7.10856
1701.87	9.1132
1704.47	13.1178
1707.08	15.1224
1709.69	11.1271
1712.29	-0.868329
1714.9	5.13627
1717.5	11.1409
1720.1	19.1455
1722.71	9.15004
1725.31	3.15461
1727.91	13.1592
1730.51	7.16374
1733.1	13.1683
1735.7	3.17284
1738.3	-4.82262
1740.89	5.18192
1743.49	17.1864
1746.08	1.19096
1748.67	5.19547
1751.26	-2.80003
1753.86	9.20447
1756.45	3.20896
1759.03	17.2134
1761.62	15.2179
1764.21	3.22238
1766.8	19.2268
1769.38	13.2313
1771.97	21.2357
1774.55	13.2402
1777.13	-6.7554
1779.71	-4.75098
1782.29	3.25343
1784.87	25.2578
1787.45	9.26224
1790.03	3.26663
1792.61	19.271
1795.18	9.27538
1797.76	17.2797
1800.33	11.2841
1802.9	23.2885
1805.48	1.2928
1808.05	7.29713
1810.62	21.3015
1813.19	17.3058
1815.76	11.3101
1818.33	3.31438
1820.89	5.31868
1823.46	3.32296
1826.02	1.32724
1828.59	3.3315
1831.15	-0.664239
1833.71	9.34001
1836.27	17.3443
1838.84	9.34849
1841.39	19.3527
1843.95	7.35693
1846.51	13.3611
1849.07	-0.634667
1851.62	-2.63048
1854.18	21.3737
1856.73	11.3779
1859.29	19.382
1861.84	5.3862
1864.39	7.39034
1866.94	17.3945
1869.49	13.3986
1872.04	3.40273
1874.59	15.4068
1877.13	19.4109
1879.68	11.415
1882.22	9.41911
1884.77	7.42318
1887.31	19.4272
1889.85	3.4313
1892.39	15.4353
1894.93	9.43938
1897.47	7.44341
1900.01	17.4474
1902.55	7.45143
1905.09	19.4554
1907.62	9.45942
1910.16	15.4634
1912.69	9.46737
1915.22	15.4713
1917.76	13.4753
1920.29	-6.52078
1922.82	-2.51685
1925.35	9.48708
1927.88	23.491
1930.4	1.49489
1932.93	7.49878
1935.46	9.50266
1937.98	3.50654
1940.51	11.5104
1943.03	3.51425
1945.55	3.51809
1948.07	21.5219
1950.59	23.5257
1953.11	3.52956
1955.63	21.5334
1958.15	13.5372
1960.67	3.54094
1963.18	9.54471
1965.7	13.5485
1968.21	19.5522
1970.73	27.556
1973.24	7.55969
1975.75	7.56341
1978.26	13.5671
1980.77	5.57082
1983.28	19.5745
1985.79	5.57819
1988.29	9.58186
1990.8	19.5855
1993.31	15.5892
1995.81	23.5928
1998.31	-4.40358
