100.093	-7.11142
103.274	8.89632
106.457	-3.09606
109.636	10.9114
112.817	10.9188
115.994	0.925987
119.172	0.933071
122.347	-5.05998
125.521	0.946826
128.696	20.9535
131.868	8.96004
135.039	4.96645
138.209	28.9727
141.379	-5.02115
144.547	4.98484
147.713	14.9907
150.879	24.9964
154.043	9.00198
157.206	23.0074
160.368	7.01271
163.529	27.0179
166.689	19.0229
169.848	7.02776
173.006	23.0325
176.163	5.03709
179.316	15.0415
182.471	1.04584
185.625	21.05
188.777	1.05402
191.927	15.0579
195.077	13.0616
198.224	-2.93479
201.372	27.0687
204.52	-6.92805
207.664	11.0751
210.809	9.0781
213.95	17.081
217.091	5.08367
220.233	19.0862
223.372	17.0886
226.509	7.09091
229.648	9.09302
232.784	37.095
235.918	17.0968
239.051	19.0985
242.186	11.1
245.317	13.1014
248.447	17.1026
251.577	41.1036
254.705	7.10454
257.832	29.1053
260.958	23.1059
264.083	-0.893638
267.204	21.1067
270.327	5.10681
273.449	-6.8932
276.57	15.1066
279.69	21.1063
282.806	15.1058
285.924	11.1052
289.04	25.1044
292.154	5.10349
295.268	19.1024
298.379	3.10113
301.492	7.09971
304.601	19.0981
307.711	11.0964
310.818	5.09452
313.924	5.09247
317.031	-8.90973
320.135	27.0879
323.238	9.08537
326.34	23.0827
329.443	17.0798
332.543	5.07682
335.642	15.0736
338.74	15.0703
341.836	3.06681
344.932	17.0632
348.027	11.0593
351.12	9.05534
354.213	15.0512
357.302	13.0469
360.393	27.0424
363.482	7.03775
366.57	17.0329
369.656	-2.97203
372.742	13.0228
375.827	17.0175
378.91	13.012
381.993	11.0064
385.073	13.0006
388.154	16.9946
391.232	-1.01152
394.311	24.9822
397.387	2.97568
400.462	6.96903
403.536	12.9622
406.611	12.9552
409.683	0.948062
412.754	4.94073
415.824	10.9332
418.893	14.9256
421.961	2.91772
425.027	4.9097
428.093	6.90151
431.158	8.89315
434.222	-21.1154
437.284	30.8759
440.346	10.867
443.407	16.858
446.464	16.8488
449.523	10.8394
452.581	6.82978
455.635	12.82
458.691	20.8101
461.743	16.8
464.797	12.7897
467.847	22.7793
470.899	4.76863
473.947	-3.24217
476.994	6.74684
480.043	14.7357
483.088	20.7243
486.133	2.71282
489.176	4.70112
492.22	26.6892
495.262	-1.32281
498.302	-5.33505
501.341	-3.34746
504.38	8.63994
507.417	2.62716
510.453	14.6142
513.487	10.6011
516.521	-1.41224
519.554	12.5743
522.586	8.56057
525.616	8.54671
528.646	16.5327
531.675	-1.48157
534.701	4.50402
537.729	-3.51058
540.753	4.47464
543.778	10.4597
546.8	2.44453
549.821	20.4292
552.844	20.4137
555.863	16.398
558.881	-13.6179
561.898	10.366
564.916	6.34974
567.932	14.3333
570.946	12.3167
573.959	16.2998
576.971	8.28284
579.982	4.26564
582.993	-5.75175
586	16.2307
589.008	0.21293
592.015	-1.80502
595.022	10.1768
598.025	14.1585
601.029	-7.86
604.032	4.12129
607.033	4.1024
610.034	8.0833
613.032	26.064
616.032	20.0446
619.028	-1.9751
622.023	6.00506
625.018	1.98502
628.013	11.9648
631.005	3.94435
633.997	15.9237
636.987	15.9029
639.977	3.88192
642.965	7.86072
645.952	15.8393
648.939	11.8177
651.924	1.79596
654.909	25.774
657.892	-12.2482
660.873	-4.27054
663.854	15.7069
666.835	7.68413
669.813	15.6612
672.791	11.638
675.767	11.6147
678.743	19.5912
681.717	21.5674
684.692	17.5435
687.664	11.5194
690.634	13.495
693.606	3.4705
696.575	11.4458
699.543	21.4209
702.51	27.3957
705.475	-2.62958
708.44	7.3449
711.404	9.31919
714.367	3.29327
717.329	11.2671
720.29	7.24083
723.25	-8.78569
726.207	7.1876
729.166	11.1607
732.123	-0.866448
735.077	-2.89376
738.032	17.0787
740.984	17.051
743.938	23.0231
746.888	32.9949
749.839	12.9666
752.788	0.93807
755.735	24.9093
758.682	20.8804
761.627	8.85126
764.574	12.8219
767.517	8.79235
770.46	4.7626
773.402	20.7326
776.342	14.7025
779.282	30.6721
782.219	24.6415
785.157	8.61076
788.094	12.5798
791.029	12.5486
793.962	-1.4828
796.896	8.48559
799.828	18.4538
802.76	18.4218
805.689	12.3896
808.619	14.3571
811.546	26.3245
814.473	26.2916
817.4	22.2586
820.324	34.2253
823.248	18.1919
826.17	6.15819
829.092	32.1243
832.012	22.0902
834.932	24.0559
837.851	38.0214
840.768	9.98667
843.685	3.95174
846.599	27.9166
849.514	21.8813
852.428	13.8457
855.339	19.8099
858.251	31.7739
861.16	15.7378
864.07	9.70134
866.978	7.66473
869.884	21.6279
872.792	23.5909
875.696	21.5536
878.599	33.5162
881.502	11.4785
884.404	15.4406
887.304	11.4025
890.204	17.3642
893.103	29.3257
896.001	17.2869
898.898	1.24796
901.794	25.2088
904.689	7.1694
907.581	7.12982
910.474	7.09
913.364	9.04999
916.256	3.00974
919.144	6.9693
922.034	16.9286
924.92	18.8877
927.808	12.8466
930.693	4.80531
933.576	12.7638
936.459	0.722043
939.341	10.6801
942.222	6.6379
945.102	14.5955
947.981	18.5529
950.859	26.5101
953.737	22.467
956.613	10.4237
959.488	4.38024
962.361	10.3366
965.235	14.2926
968.105	10.2485
970.977	36.2041
973.846	22.1596
976.716	-3.88523
979.583	14.0698
982.449	16.0245
985.316	-2.02093
988.18	21.9334
991.043	17.8875
993.906	9.84142
996.767	21.7951
999.628	9.74854
1002.49	-4.29823
1005.35	1.65477
1008.2	25.6076
1011.06	9.56015
1013.91	21.5125
1016.77	15.4646
1019.62	23.4165
1022.48	15.3682
1025.33	17.3197
1028.18	23.2709
1031.03	31.2219
1033.87	-0.827264
1036.72	13.1233
1039.57	15.0736
1042.41	23.0238
1045.26	8.97369
1048.1	20.9234
1050.94	12.8728
1053.78	-3.17793
1056.62	10.7711
1059.46	8.71986
1062.3	8.66842
1065.14	0.616784
1067.97	20.5649
1070.81	14.5128
1073.64	12.4605
1076.47	28.4079
1079.31	22.3551
1082.14	2.30213
1084.97	10.2489
1087.8	10.1954
1090.63	8.14175
1093.45	14.0879
1096.28	40.0337
1099.1	15.9794
1101.93	-2.07522
1104.75	15.87
1107.57	23.8149
1110.39	-2.24034
1113.21	7.7042
1116.03	9.64847
1118.85	-0.407483
1121.66	1.53637
1124.48	17.48
1127.3	11.4233
1130.11	-0.633525
1132.92	9.30941
1135.73	15.2521
1138.54	5.19459
1141.35	-2.86317
1144.16	1.07881
1146.97	-4.97941
1149.78	18.9621
1152.58	-3.09649
1155.39	26.8446
1158.19	6.78546
1161	12.7261
1163.8	12.6665
1166.6	22.6067
1169.4	-3.45338
1172.2	4.48636
1174.99	2.42583
1177.79	16.3651
1180.59	10.3042
1183.38	-9.75703
1186.17	26.1815
1188.97	4.11986
1191.76	18.058
1194.55	-2.00415
1197.34	21.9335
1200.13	27.8709
1202.92	1.8081
1205.7	9.74509
1208.49	-14.3182
1211.27	5.61829
1214.06	3.55458
1216.84	13.4906
1219.62	1.42641
1222.4	29.362
1225.18	17.2973
1227.96	9.23242
1230.74	21.1673
1233.51	3.10191
1236.29	15.0363
1239.06	4.9705
1241.84	24.9044
1244.61	2.83815
1247.38	2.77162
1250.15	6.70491
1252.92	16.6379
1255.69	6.57067
1258.46	2.50324
1261.23	20.4355
1263.99	2.36763
1266.76	10.2994
1269.52	20.2311
1272.28	8.16247
1275.05	0.0935754
1277.81	22.0245
1280.57	3.95517
1283.33	-0.114387
1286.08	-16.1842
1288.84	7.74578
1291.6	21.6755
1294.35	-2.39499
1297.11	-0.46569
1299.86	23.4633
1302.61	19.3921
1305.36	17.3207
1308.11	11.249
1310.86	21.1771
1313.61	3.10497
1316.36	9.03256
1319.1	8.95995
1321.85	4.88711
1324.59	4.81402
1327.33	4.7407
1330.08	10.6671
1332.82	0.59334
1335.56	8.5193
1338.3	-7.55498
1341.04	20.3705
1343.77	12.2958
1346.51	18.2208
1349.25	20.1456
1351.98	12.0702
1354.71	7.99444
1357.45	15.9185
1360.18	-6.15762
1362.91	17.7659
1365.64	-0.310693
1368.37	25.6124
1371.09	3.53532
1373.82	13.458
1376.54	25.3804
1379.27	-10.6974
1381.99	-6.7755
1384.72	-0.853817
1387.44	3.06767
1390.16	16.9889
1392.88	14.9099
1395.6	10.8306
1398.31	6.75111
1401.03	4.67139
1403.75	14.5914
1406.46	8.51117
1409.18	10.4307
1411.89	4.35004
1414.6	34.2691
1417.31	-7.81201
1420.02	14.1066
1422.73	8.02491
1425.44	7.94301
1428.15	11.8609
1430.85	25.7785
1433.56	13.696
1436.26	3.61308
1438.97	9.53002
1441.67	1.44671
1444.37	15.3632
1447.07	-4.72063
1449.77	-4.80467
1452.47	7.11105
1455.16	17.0265
1457.86	2.94175
1460.56	16.8567
1463.25	-5.22852
1465.94	6.68604
1468.64	20.6003
1471.33	0.514356
1474.02	10.4281
1476.71	-7.65831
1479.4	16.255
1482.09	14.1681
1484.77	22.0809
1487.46	15.9935
1490.14	9.90584
1492.83	29.818
1495.51	11.7298
1498.19	5.64143
1500.87	15.5529
1503.55	15.464
1506.23	29.3749
1508.91	33.2856
1511.59	11.1959
1514.27	7.10614
1516.94	5.0161
1519.62	8.92575
1522.29	10.8352
1524.96	6.74443
1527.63	4.6534
1530.3	12.5621
1532.97	12.4706
1535.64	22.3788
1538.31	12.2868
1540.98	24.1946
1543.64	30.1021
1546.31	24.0094
1548.97	15.9164
1551.63	11.8232
1554.3	3.72973
1556.96	19.636
1559.62	19.5421
1562.28	5.44794
1564.94	5.35352
1567.59	7.25885
1570.25	29.1639
1572.9	-4.93123
1575.56	2.97335
1578.21	4.87776
1580.86	18.7818
1583.52	10.6857
1586.17	-3.41065
1588.82	12.4927
1591.47	20.3959
1594.11	-1.70122
1596.76	4.20145
1599.41	18.1039
1602.05	18.006
1604.69	9.90796
1607.34	1.80964
1609.98	37.7111
1612.62	13.6122
1615.26	-2.48683
1617.9	17.4139
1620.54	17.3143
1623.18	17.2146
1625.81	19.1145
1628.45	-2.98572
1631.08	12.9138
1633.72	2.81304
1636.35	26.712
1638.98	8.6108
1641.61	-5.49069
1644.24	14.4076
1646.87	8.30557
1649.5	14.2033
1652.13	30.1009
1654.75	-4.00184
1657.38	11.8952
1660	9.792
1662.63	29.6886
1665.25	3.58484
1667.87	21.4809
1670.49	7.37675
1673.11	15.2723
1675.73	-8.83234
1678.35	13.0627
1680.96	2.95757
1683.58	2.85222
1686.19	4.74655
1688.81	20.6406
1691.42	0.53453
1694.03	24.4281
1696.64	22.3215
1699.25	2.21466
1701.87	16.1075
1704.47	16.0001
1707.08	-4.10747
1709.69	9.78468
1712.29	5.67657
1714.9	7.56822
1717.5	15.4597
1720.1	-2.64917
1722.71	27.2417
1725.31	11.1324
1727.91	19.0228
1730.51	4.91304
1733.1	0.803007
1735.7	22.6926
1738.3	20.5821
1740.89	26.4713
1743.49	12.3603
1746.08	8.24898
1748.67	10.1374
1751.26	22.0257
1753.86	3.91366
1756.45	3.80136
1759.03	7.68889
1761.62	13.5761
1764.21	11.4631
1766.8	-0.650118
1769.38	19.2364
1771.97	-0.877409
1774.55	13.0086
1777.13	0.894369
1779.71	32.7799
1782.29	26.6652
1784.87	0.550228
1787.45	8.43498
1790.03	20.3196
1792.61	4.20381
1795.18	12.0879
1797.76	37.9716
1800.33	15.8552
1802.9	19.7385
1805.48	11.6216
1808.05	17.5044
1810.62	3.38699
1813.19	7.26931
1815.76	7.15136
1818.33	27.0332
1820.89	8.91473
1823.46	18.7961
1826.02	-3.32283
1828.59	12.558
1831.15	32.4387
1833.71	12.319
1836.27	16.1991
1838.84	30.079
1841.39	19.9586
1843.95	7.83794
1846.51	9.71705
1849.07	3.59599
1851.62	5.47459
1854.18	3.35294
1856.73	3.23112
1859.29	13.109
1861.84	-3.01335
1864.39	2.86407
1866.94	2.74116
1869.49	10.6181
1872.04	-3.50526
1874.59	10.3712
1877.13	14.2473
1879.68	-3.87669
1882.22	1.99895
1884.77	29.8744
1887.31	3.74959
1889.85	1.62448
1892.39	35.4992
1894.93	1.37368
1897.47	11.2478
1900.01	-2.87822
1902.55	34.9955
1905.09	20.8689
1907.62	18.7422
1910.16	10.6152
1912.69	18.4879
1915.22	18.3603
1917.76	-3.76738
1920.29	34.1046
1922.82	1.97632
1925.35	1.84776
1927.88	25.719
1930.4	17.59
1932.93	17.4608
1935.46	19.3313
1937.98	37.2015
1940.51	11.0716
1943.03	24.9413
1945.55	-17.1891
1948.07	38.6801
1950.59	24.5492
1953.11	16.4179
1955.63	24.2865
1958.15	4.15479
1960.67	14.0229
1963.18	11.8907
1965.7	27.7582
1968.21	17.6255
1970.73	33.4926
1973.24	15.3593
1975.75	15.226
1978.26	11.0923
1980.77	16.9584
1983.28	14.8241
1985.79	20.6898
1988.29	36.5551
1990.8	26.4201
1993.31	-3.71502
1995.81	16.1496
1998.31	12.014
