100.093	6.55303
103.274	12.6392
106.457	12.7248
109.636	8.80986
112.817	10.8944
115.994	4.97835
119.172	5.0618
122.347	13.1447
125.521	11.227
128.696	23.3088
131.868	31.39
135.039	5.47072
138.209	21.5509
141.379	13.6306
144.547	-2.29032
147.713	15.7883
150.879	-6.1337
154.043	3.94383
157.206	6.02083
160.368	-3.90269
163.529	4.17328
166.689	16.2487
169.848	12.3237
173.006	22.3981
176.163	10.472
179.316	-1.45464
182.471	18.6183
185.625	16.6907
188.777	20.7625
191.927	22.8339
195.077	16.9048
198.224	14.9751
201.372	3.04503
204.52	21.1144
207.664	15.1833
210.809	17.2517
213.95	17.3196
217.091	-2.61296
220.233	5.45401
223.372	7.52046
226.509	17.5864
229.648	21.652
232.784	9.71697
235.918	15.7815
239.051	13.8456
242.186	5.90922
245.317	-0.0276457
248.447	8.03502
251.577	4.09722
254.705	12.159
257.832	20.2202
260.958	8.28105
264.083	-5.65859
267.204	4.40128
270.327	8.46073
273.449	16.5197
276.57	24.5783
279.69	20.6364
282.806	2.69401
285.924	2.75122
289.04	14.808
292.154	14.8643
295.268	18.9202
298.379	-1.02441
301.492	7.03062
304.601	11.0852
307.711	17.1393
310.818	11.193
313.924	11.2463
317.031	7.29915
320.135	7.35156
323.238	11.4035
326.34	17.4551
329.443	9.5063
332.543	1.55704
335.642	15.6074
338.74	-2.34274
341.836	1.70675
344.932	7.75584
348.027	5.80451
351.12	9.85278
354.213	5.90065
357.302	19.9481
360.393	5.99514
363.482	6.0418
366.57	2.08806
369.656	14.1339
372.742	4.17937
375.827	-3.77555
378.91	18.2691
381.993	2.31341
385.073	10.3573
388.154	4.40082
391.232	14.4439
394.311	4.4867
397.387	6.52905
400.462	8.57103
403.536	20.6126
406.611	-1.34613
409.683	-1.30528
412.754	12.7352
415.824	14.7753
418.893	8.81504
421.961	12.8544
425.027	4.89342
428.093	-7.06793
431.158	8.97035
434.222	9.00827
437.284	7.04583
440.346	7.08304
443.407	17.1199
446.464	9.15636
449.523	5.19251
452.581	1.2283
455.635	7.26373
458.691	13.2988
461.743	-2.66644
464.797	-0.632031
467.847	11.402
470.899	-4.56426
473.947	7.46911
476.994	5.50214
480.043	5.53486
483.088	15.5672
486.133	11.5993
489.176	11.631
492.22	19.6623
495.262	1.69339
498.302	3.72411
501.341	1.7545
504.38	3.78457
507.417	25.8143
510.453	-4.15624
513.487	9.87285
516.521	13.9016
519.554	9.93013
522.586	5.9583
525.616	1.98614
528.646	16.0137
531.675	16.0409
534.701	-13.9321
537.729	6.09448
540.753	-3.87921
543.778	10.1468
546.8	12.1725
549.821	10.1979
552.844	12.2231
555.863	6.24787
558.881	0.272394
561.898	20.2966
564.916	10.3206
567.932	14.3442
570.946	2.36759
573.959	2.39066
576.971	-5.58655
579.982	4.43596
582.993	6.45818
586	14.4801
589.008	-1.49822
592.015	4.52316
595.022	6.54428
598.025	-3.4349
601.029	8.58567
604.032	2.60596
607.033	0.625972
610.034	6.64573
613.032	8.66521
616.032	2.68443
619.028	20.7034
622.023	2.72206
625.018	2.74049
628.013	8.75867
631.005	26.7766
633.997	12.7942
636.987	16.8116
639.977	4.82877
642.965	-5.15434
645.952	4.8623
648.939	14.8787
651.924	6.89484
654.909	18.9107
657.892	14.9264
660.873	-3.0582
663.854	2.95697
666.835	12.9719
669.813	12.9866
672.791	-8.99897
675.767	15.0152
678.743	3.02922
681.717	3.04296
684.692	-0.943519
687.664	7.06976
690.634	9.08281
693.606	3.09564
696.575	5.10824
699.543	17.1206
702.51	13.1328
705.475	9.14469
708.44	3.1564
711.404	9.16789
714.367	3.17916
717.329	5.19022
720.29	9.20106
723.25	21.2117
726.207	9.2221
729.166	21.2323
732.123	5.2423
735.077	9.25208
738.032	19.2617
740.984	15.271
743.938	13.2802
746.888	19.2892
749.839	25.2979
752.788	15.3065
755.735	-12.6851
758.682	3.32305
761.627	21.331
764.574	15.3388
767.517	-2.6536
770.46	11.3538
773.402	15.361
776.342	-2.63197
779.282	3.37486
782.219	15.3815
785.157	21.388
788.094	9.39424
791.029	19.4003
793.962	9.40625
796.896	11.412
799.828	17.4175
802.76	19.4229
805.689	17.4281
808.619	17.4332
811.546	11.438
814.473	17.4427
817.4	15.4472
820.324	13.4516
823.248	13.4558
826.17	7.45976
829.092	15.4636
832.012	9.4673
834.932	-2.52918
837.851	7.47418
840.768	13.4774
843.685	25.4804
846.599	15.4833
849.514	15.486
852.428	13.4886
855.339	17.491
858.251	-6.50668
861.16	15.4954
864.07	3.49741
866.978	17.4992
869.884	15.5009
872.792	7.50244
875.696	7.50382
878.599	13.5051
881.502	5.50617
884.404	15.5071
887.304	5.50795
890.204	3.50863
893.103	7.50918
896.001	9.50959
898.898	19.5099
901.794	3.51001
904.689	9.51002
907.581	15.5099
910.474	13.5096
913.364	5.50927
916.256	-0.491232
919.144	-2.49186
922.034	9.50738
924.92	13.5065
927.808	15.5055
930.693	19.5044
933.576	3.50315
936.459	9.50179
939.341	5.50031
942.222	7.49872
945.102	13.497
947.981	5.4952
950.859	1.49326
953.737	19.4912
956.613	-2.51093
959.488	7.4868
962.361	-4.51556
965.235	13.482
968.105	11.4794
970.977	1.47669
973.846	35.4739
976.716	9.47101
979.583	13.468
982.449	1.46494
985.316	7.46175
988.18	7.45846
991.043	9.45508
993.906	7.45161
996.767	11.448
999.628	7.44438
1002.49	17.4406
1005.35	7.43678
1008.2	-2.56715
1011.06	5.42883
1013.91	9.42473
1016.77	5.42054
1019.62	7.41626
1022.48	7.4119
1025.33	21.4075
1028.18	11.4029
1031.03	15.3983
1033.87	3.39366
1036.72	5.3889
1039.57	3.38407
1042.41	-0.620838
1045.26	15.3742
1048.1	19.3691
1050.94	7.364
1053.78	23.3588
1056.62	7.35353
1059.46	13.3482
1062.3	1.34279
1065.14	21.3373
1067.97	19.3318
1070.81	15.3262
1073.64	7.32052
1076.47	15.3148
1079.31	-4.69099
1082.14	9.30317
1084.97	17.2973
1087.8	5.2913
1090.63	-0.714712
1093.45	13.2792
1096.28	25.2731
1099.1	15.2669
1101.93	1.26068
1104.75	9.25439
1107.57	3.24806
1110.39	7.24168
1113.21	7.23525
1116.03	3.22877
1118.85	3.22225
1121.66	15.2157
1124.48	11.2091
1127.3	1.20242
1130.11	11.1957
1132.92	19.189
1135.73	15.1822
1138.54	17.1754
1141.35	-10.8315
1144.16	1.16166
1146.97	5.15474
1149.78	13.1478
1152.58	11.1408
1155.39	5.13377
1158.19	25.1267
1161	9.11964
1163.8	9.11253
1166.6	1.10539
1169.4	13.0982
1172.2	3.09103
1174.99	7.08381
1177.79	11.0766
1180.59	3.06931
1183.38	1.06202
1186.17	1.05471
1188.97	9.04739
1191.76	-6.95996
1194.55	5.03268
1197.34	3.0253
1200.13	7.0179
1202.92	7.01049
1205.7	19.0031
1208.49	0.995634
1211.27	6.98818
1214.06	14.9807
1216.84	14.9733
1219.62	10.9658
1222.4	12.9583
1225.18	8.9508
1227.96	12.9433
1230.74	6.93579
1233.51	2.92828
1236.29	4.92077
1239.06	12.9133
1241.84	14.9057
1244.61	22.8982
1247.38	-3.10929
1250.15	2.88321
1252.92	6.8757
1255.69	18.8682
1258.46	2.86069
1261.23	14.8532
1263.99	2.84571
1266.76	18.8382
1269.52	4.83075
1272.28	16.8233
1275.05	0.815836
1277.81	0.808395
1280.57	4.80097
1283.33	20.7936
1286.08	8.78615
1288.84	10.7788
1291.6	8.77139
1294.35	4.76404
1297.11	8.75671
1299.86	-1.25061
1302.61	30.7421
1305.36	16.7348
1308.11	2.72756
1310.86	6.72033
1313.61	16.7131
1316.36	8.70593
1319.1	-3.30123
1321.85	6.69164
1324.59	8.68453
1327.33	-3.32254
1330.08	6.67041
1332.82	10.6634
1335.56	-1.3436
1338.3	12.6494
1341.04	8.64252
1343.77	4.63562
1346.51	12.6288
1349.25	0.621942
1351.98	12.6152
1354.71	4.60841
1357.45	-1.3983
1360.18	2.59502
1362.91	12.5884
1365.64	8.58179
1368.37	8.57524
1371.09	12.5687
1373.82	2.56227
1376.54	14.5558
1379.27	8.54947
1381.99	4.54313
1384.72	8.53685
1387.44	24.5306
1390.16	18.5244
1392.88	4.51828
1395.6	8.51219
1398.31	10.5061
1401.03	0.500162
1403.75	12.4942
1406.46	18.4883
1409.18	10.4825
1411.89	16.4767
1414.6	8.47102
1417.31	6.46536
1420.02	16.4598
1422.73	0.454216
1425.44	-11.5513
1428.15	20.4433
1430.85	6.43794
1433.56	8.43264
1436.26	12.4274
1438.97	6.42222
1441.67	14.4171
1444.37	8.41207
1447.07	10.4071
1449.77	0.402171
1452.47	6.39732
1455.16	8.39254
1457.86	14.3878
1460.56	-5.61681
1463.25	14.3786
1465.94	0.374131
1468.64	8.36971
1471.33	12.3654
1474.02	18.3611
1476.71	14.3569
1479.4	8.35275
1482.09	-1.6513
1484.77	16.3447
1487.46	8.34083
1490.14	2.33701
1492.83	4.33328
1495.51	10.3296
1498.19	6.32604
1500.87	2.32255
1503.55	18.3191
1506.23	2.31581
1508.91	-7.68743
1511.59	18.3094
1514.27	8.30634
1516.94	2.30336
1519.62	-1.69954
1522.29	16.2976
1524.96	-1.70507
1527.63	8.2923
1530.3	0.289756
1532.97	14.2873
1535.64	10.2849
1538.31	0.282684
1540.98	14.2805
1543.64	16.2784
1546.31	-1.72354
1548.97	10.2746
1551.63	6.27278
1554.3	12.2711
1556.96	-1.73051
1559.62	14.268
1562.28	-5.7334
1564.94	4.26531
1567.59	4.26411
1570.25	14.263
1572.9	10.262
1575.56	0.261144
1578.21	6.26036
1580.86	-3.74032
1583.52	20.2591
1586.17	4.25864
1588.82	20.2583
1591.47	4.25803
1594.11	0.257887
1596.76	6.25785
1599.41	6.25793
1602.05	8.25811
1604.69	-3.74159
1607.34	20.2588
1609.98	22.2593
1612.62	4.25997
1615.26	10.2607
1617.9	4.26158
1620.54	-3.73744
1623.18	8.26366
1625.81	14.2649
1628.45	2.2662
1631.08	-5.73235
1633.72	26.2692
1636.35	0.270901
1638.98	8.27271
1641.61	14.2746
1644.24	8.27668
1646.87	10.2789
1649.5	-1.71885
1652.13	10.2836
1654.75	-1.71388
1657.38	2.28878
1660	14.2916
1662.63	14.2945
1665.25	12.2976
1667.87	12.3007
1670.49	-5.69597
1673.11	0.307465
1675.73	8.31103
1678.35	6.31472
1680.96	2.31855
1683.58	0.322507
1686.19	0.326599
1688.81	14.3308
1691.42	14.3352
1694.03	-1.66032
1696.64	0.344302
1699.25	14.3491
1701.87	8.35397
1704.47	10.359
1707.08	6.36418
1709.69	10.3695
1712.29	8.37495
1714.9	12.3805
1717.5	8.38627
1720.1	14.3921
1722.71	10.3982
1725.31	20.4043
1727.91	22.4106
1730.51	6.41707
1733.1	4.42366
1735.7	6.4304
1738.3	-3.56272
1740.89	14.4443
1743.49	8.45148
1746.08	6.4588
1748.67	10.4663
1751.26	8.47388
1753.86	6.48165
1756.45	6.48957
1759.03	12.4976
1761.62	-3.49414
1764.21	10.5142
1766.8	14.5228
1769.38	4.53143
1771.97	0.540263
1774.55	12.5492
1777.13	0.558388
1779.71	14.5677
1782.29	6.57713
1784.87	10.5867
1787.45	8.59651
1790.03	20.6064
1792.61	18.6165
1795.18	6.62675
1797.76	6.63716
1800.33	12.6477
1802.9	-3.34156
1805.48	10.6693
1808.05	12.6804
1810.62	6.69158
1813.19	10.7029
1815.76	30.7145
1818.33	2.72619
1820.89	-1.26194
1823.46	14.7501
1826.02	6.76229
1828.59	0.774648
1831.15	14.7872
1833.71	18.7999
1836.27	4.81275
1838.84	4.82579
1841.39	4.839
1843.95	16.8524
1846.51	20.8659
1849.07	18.8796
1851.62	-1.10647
1854.18	26.9076
1856.73	14.9218
1859.29	12.9363
1861.84	2.95083
1864.39	12.9656
1866.94	4.98054
1869.49	6.99565
1872.04	9.01093
1874.59	15.0264
1877.13	3.04205
1879.68	3.05786
1882.22	9.07386
1884.77	9.09004
1887.31	17.1064
1889.85	5.12294
1892.39	15.1397
1894.93	21.1566
1897.47	15.1737
1900.01	9.19092
1902.55	13.2084
1905.09	11.226
1907.62	11.2438
1910.16	11.2618
1912.69	3.28
1915.22	-0.701624
1917.76	-2.68307
1920.29	9.33568
1922.82	15.3546
1925.35	7.37374
1927.88	3.39305
1930.4	15.4125
1932.93	9.43223
1935.46	-0.547893
1937.98	11.4722
1940.51	13.4924
1943.03	5.51289
1945.55	21.5335
1948.07	15.5544
1950.59	15.5754
1953.11	5.59662
1955.63	-8.38197
1958.15	21.6396
1960.67	7.66144
1963.18	7.68344
1965.7	9.70564
1968.21	-0.271964
1970.73	27.7506
1973.24	1.77342
1975.75	7.7964
1978.26	11.8196
1980.77	3.84297
1983.28	9.86656
1985.79	7.89034
1988.29	7.91432
1990.8	-4.06148
1993.31	7.96291
1995.81	9.9875
1998.31	6.01228
