100.093	3.49321
103.274	27.5052
106.457	-2.48295
109.636	13.5288
112.817	29.5405
115.994	15.5522
119.172	15.5637
122.347	1.57512
125.521	25.5865
128.696	9.59774
131.868	-0.391088
135.039	19.62
138.209	11.631
141.379	7.64191
144.547	11.6527
147.713	5.66348
150.879	-2.32587
154.043	3.68469
157.206	1.69517
160.368	11.7056
163.529	9.71587
166.689	5.72609
169.848	17.7362
173.006	15.7463
176.163	11.7562
179.316	27.7661
182.471	19.7759
185.625	1.78559
188.777	5.79521
191.927	25.8047
195.077	3.81419
198.224	11.8235
201.372	13.8328
204.52	25.842
207.664	-2.14888
210.809	-2.13985
213.95	5.86908
217.091	13.8779
220.233	-0.1133
223.372	11.8954
226.509	1.90398
229.648	7.9125
232.784	5.92093
235.918	9.92927
239.051	-2.06247
242.186	17.9457
245.317	7.95381
248.447	5.96182
251.577	11.9698
254.705	11.9776
257.832	3.98536
260.958	9.99304
264.083	22.0006
267.204	14.0081
270.327	12.0156
273.449	16.0229
276.57	14.0302
279.69	14.0374
282.806	10.0445
285.924	14.0515
289.04	24.0584
292.154	28.0653
295.268	28.0721
298.379	-1.92126
301.492	10.0854
304.601	-1.90812
307.711	2.09832
310.818	8.10469
313.924	4.11097
317.031	0.117172
320.135	12.1233
323.238	10.1293
326.34	18.1353
329.443	2.14117
332.543	-1.85303
335.642	0.152684
338.74	8.15832
341.836	2.16388
344.932	20.1694
348.027	12.1747
351.12	12.1801
354.213	0.185301
357.302	8.19045
360.393	18.1955
363.482	8.20053
366.57	16.2054
369.656	-11.7897
372.742	-1.78496
375.827	8.21973
378.91	8.22432
381.993	-1.77115
385.073	0.233288
388.154	10.2377
391.232	0.241938
394.311	-5.75385
397.387	16.2503
400.462	16.2543
403.536	4.2583
406.611	18.2622
409.683	12.266
412.754	0.269743
415.824	0.273403
418.893	18.277
421.961	6.28049
425.027	4.28392
428.093	14.2873
431.158	12.2905
434.222	6.29373
437.284	6.29685
440.346	14.2999
443.407	6.30286
446.464	16.3057
449.523	6.30856
452.581	2.31129
455.635	6.31395
458.691	2.31653
461.743	-9.68097
464.797	14.3215
467.847	2.32381
470.899	-3.67391
473.947	2.32829
476.994	16.3304
480.043	-3.66754
483.088	4.33444
486.133	14.3363
489.176	6.33816
492.22	0.339904
495.262	14.3416
498.302	14.3432
501.341	16.3447
504.38	20.3461
507.417	-1.65249
510.453	4.34881
513.487	16.35
516.521	8.35118
519.554	2.35226
522.586	12.3533
525.616	10.3542
528.646	22.355
531.675	0.355808
534.701	10.3565
537.729	4.35714
540.753	-5.6423
543.778	10.3582
546.8	12.3586
549.821	18.3589
552.844	4.35918
555.863	0.359371
558.881	-7.64051
561.898	2.35953
564.916	6.3595
567.932	6.35939
570.946	0.359217
573.959	0.358968
576.971	0.358646
579.982	4.35825
582.993	22.3578
586	2.35725
589.008	0.356636
592.015	0.355953
595.022	10.3552
598.025	-1.64563
601.029	-5.64653
604.032	-1.6475
607.033	10.3515
610.034	8.35035
613.032	10.3492
616.032	6.3479
619.028	-7.65342
622.023	10.3452
625.018	-5.65629
628.013	22.3422
631.005	-7.65944
633.997	6.33887
636.987	6.33712
639.977	16.3353
642.965	26.3334
645.952	0.331438
648.939	10.3294
651.924	10.3273
654.909	12.3251
657.892	16.3229
660.873	-5.67944
663.854	2.31818
666.835	0.315723
669.813	2.3132
672.791	4.31061
675.767	2.30794
678.743	6.30521
681.717	12.3024
684.692	14.2995
687.664	10.2966
690.634	2.29359
693.606	10.2905
696.575	16.2874
699.543	20.2841
702.51	6.28086
705.475	16.2775
708.44	-3.72591
711.404	0.2706
714.367	6.26704
717.329	2.26342
720.29	10.2597
723.25	2.25596
726.207	20.2521
729.166	16.2482
732.123	6.24427
735.077	-3.75976
738.032	22.2361
740.984	12.232
743.938	12.2277
746.888	-7.77657
749.839	14.2191
752.788	12.2146
755.735	12.2101
758.682	8.20555
761.627	14.2009
764.574	-1.80379
767.517	18.1914
770.46	8.1866
773.402	18.1817
776.342	16.1767
779.282	6.17169
782.219	8.16659
785.157	12.1614
788.094	26.1562
791.029	4.15088
793.962	-3.85448
796.896	26.1401
799.828	20.1346
802.76	12.129
805.689	12.1234
808.619	2.1177
811.546	10.1119
814.473	12.1061
817.4	12.1002
820.324	26.0943
823.248	12.0883
826.17	6.08217
829.092	16.076
832.012	16.0698
834.932	-3.93647
837.851	14.0572
840.768	24.0508
843.685	26.0443
846.599	8.03777
849.514	22.0312
852.428	20.0245
855.339	-3.98222
858.251	10.011
861.16	12.0041
864.07	19.9972
866.978	3.99023
869.884	13.9832
872.792	13.9761
875.696	11.9689
878.599	1.96166
881.502	17.9544
884.404	13.947
887.304	-0.0604262
890.204	-0.0679154
893.103	3.92453
896.001	1.91692
898.898	3.90924
901.794	15.9015
904.689	13.8937
907.581	5.88583
910.474	19.8779
913.364	1.86992
916.256	17.8619
919.144	1.85375
922.034	13.8456
924.92	31.8373
927.808	23.829
930.693	-4.17933
933.576	17.8123
936.459	9.80377
939.341	3.79522
942.222	13.7866
945.102	17.7779
947.981	15.7692
950.859	5.76042
953.737	5.75157
956.613	5.74266
959.488	21.7337
962.361	15.7247
965.235	15.7156
968.105	15.7064
970.977	21.6972
973.846	7.6879
976.716	23.6786
979.583	7.66917
982.449	7.65971
985.316	9.65019
988.18	21.6406
991.043	5.63097
993.906	1.62127
996.767	7.61152
999.628	3.6017
1002.49	13.5918
1005.35	21.5819
1008.2	19.5719
1011.06	7.56183
1013.91	5.55171
1016.77	3.54154
1019.62	11.5313
1022.48	21.521
1025.33	19.5107
1028.18	11.5002
1031.03	7.48978
1033.87	7.47925
1036.72	33.4687
1039.57	9.45801
1042.41	1.44731
1045.26	15.4365
1048.1	1.42572
1050.94	9.41484
1053.78	15.4039
1056.62	1.39291
1059.46	5.38185
1062.3	17.3707
1065.14	13.3596
1067.97	17.3483
1070.81	29.3371
1073.64	29.3257
1076.47	1.31432
1079.31	9.30286
1082.14	5.29134
1084.97	15.2798
1087.8	11.2681
1090.63	-2.74355
1093.45	-0.755295
1096.28	3.2329
1099.1	23.221
1101.93	7.20913
1104.75	1.19716
1107.57	7.18513
1110.39	1.17304
1113.21	7.1609
1116.03	1.1487
1118.85	-8.86356
1121.66	11.1241
1124.48	-0.888234
1127.3	11.0993
1130.11	1.08686
1132.92	17.0743
1135.73	25.0617
1138.54	15.0491
1141.35	15.0364
1144.16	11.0236
1146.97	21.0108
1149.78	-1.00206
1152.58	4.98502
1155.39	14.972
1158.19	0.959002
1161	10.9459
1163.8	26.9328
1166.6	8.91956
1169.4	0.906302
1172.2	6.89299
1174.99	4.87962
1177.79	4.86621
1180.59	4.85273
1183.38	22.8392
1186.17	12.8256
1188.97	-1.18803
1191.76	0.798282
1194.55	-1.21547
1197.34	10.7707
1200.13	10.7569
1202.92	-3.25704
1205.7	2.729
1208.49	18.715
1211.27	6.70091
1214.06	-3.31321
1216.84	8.6726
1219.62	18.6584
1222.4	2.64408
1225.18	6.62975
1227.96	0.615354
1230.74	6.6009
1233.51	16.5864
1236.29	10.5718
1239.06	12.5572
1241.84	12.5426
1244.61	8.52787
1247.38	14.5131
1250.15	10.4983
1252.92	10.4834
1255.69	2.46849
1258.46	10.4535
1261.23	14.4385
1263.99	8.42341
1266.76	6.40827
1269.52	12.3931
1272.28	16.3779
1275.05	18.3626
1277.81	0.347218
1280.57	6.33183
1283.33	24.3164
1286.08	4.30088
1288.84	18.2853
1291.6	8.26973
1294.35	34.2541
1297.11	10.2384
1299.86	22.2226
1302.61	18.2068
1305.36	8.19095
1308.11	6.17504
1310.86	14.1591
1313.61	6.14307
1316.36	8.127
1319.1	26.1109
1321.85	10.0947
1324.59	-1.92149
1327.33	8.06225
1330.08	22.0459
1332.82	14.0296
1335.56	-1.98686
1338.3	15.9967
1341.04	17.9802
1343.77	7.96358
1346.51	7.94697
1349.25	5.93029
1351.98	-2.08642
1354.71	11.8968
1357.45	11.88
1360.18	19.8631
1362.91	11.8462
1365.64	3.82922
1368.37	3.8122
1371.09	17.7951
1373.82	11.778
1376.54	13.7609
1379.27	-2.25636
1381.99	3.72637
1384.72	-6.29095
1387.44	9.69169
1390.16	11.6743
1392.88	5.65681
1395.6	7.63929
1398.31	13.6217
1401.03	3.60413
1403.75	5.58647
1406.46	9.56876
1409.18	9.551
1411.89	-6.4668
1414.6	9.51534
1417.31	29.4975
1420.02	9.4795
1422.73	-4.5385
1425.44	21.4434
1428.15	17.4254
1430.85	9.40721
1433.56	15.389
1436.26	13.3708
1438.97	7.3525
1441.67	-0.665829
1444.37	5.31579
1447.07	5.29736
1449.77	-6.72111
1452.47	37.2604
1455.16	15.2418
1457.86	31.2232
1460.56	15.2045
1463.25	17.1858
1465.94	15.167
1468.64	7.14822
1471.33	-4.87063
1474.02	25.1105
1476.71	17.0915
1479.4	9.07251
1482.09	7.05347
1484.77	3.03439
1487.46	9.01525
1490.14	-1.00393
1492.83	8.97684
1495.51	18.9576
1498.19	2.93824
1500.87	8.91888
1503.55	6.89946
1506.23	14.88
1508.91	10.8605
1511.59	-5.15906
1514.27	26.8213
1516.94	8.80171
1519.62	6.78201
1522.29	-1.23773
1524.96	18.7425
1527.63	-1.27733
1530.3	8.7028
1532.97	-9.31712
1535.64	4.66291
1538.31	16.6429
1540.98	6.62285
1543.64	14.6027
1546.31	12.5826
1548.97	16.5624
1551.63	8.54219
1554.3	6.5219
1556.96	20.5016
1559.62	26.4812
1562.28	0.460799
1564.94	12.4403
1567.59	4.41984
1570.25	18.3993
1572.9	14.3787
1575.56	10.3581
1578.21	22.3374
1580.86	18.3167
1583.52	10.2959
1586.17	-5.72493
1588.82	18.2542
1591.47	12.2333
1594.11	32.2124
1596.76	12.1914
1599.41	18.1703
1602.05	8.14927
1604.69	16.1281
1607.34	10.107
1609.98	-3.91423
1612.62	12.0645
1615.26	20.0432
1617.9	10.0219
1620.54	4.00049
1623.18	21.9791
1625.81	13.9576
1628.45	-4.06391
1631.08	7.91454
1633.72	15.8929
1636.35	13.8713
1638.98	9.84962
1641.61	-10.1721
1644.24	23.8061
1646.87	-6.2157
1649.5	5.76244
1652.13	-8.25945
1654.75	7.71861
1657.38	5.69663
1660	5.6746
1662.63	13.6525
1665.25	7.63042
1667.87	-0.391731
1670.49	29.5861
1673.11	3.56384
1675.73	-2.45844
1678.35	15.5192
1680.96	15.4969
1683.58	11.4745
1686.19	-10.548
1688.81	21.4295
1691.42	9.40702
1694.03	1.38444
1696.64	9.36184
1699.25	15.3392
1701.87	13.3165
1704.47	-8.70625
1707.08	11.271
1709.69	-2.75185
1712.29	3.22529
1714.9	13.2024
1717.5	15.1795
1720.1	11.1565
1722.71	9.13344
1725.31	21.1104
1727.91	23.0873
1730.51	1.06413
1733.1	19.041
1735.7	27.0177
1738.3	0.994448
1740.89	12.9711
1743.49	8.94779
1746.08	14.9244
1748.67	0.900971
1751.26	2.87751
1753.86	0.853999
1756.45	4.83044
1759.03	0.806862
1761.62	20.7832
1764.21	12.7596
1766.8	2.73586
1769.38	2.71211
1771.97	12.6883
1774.55	2.66448
1777.13	8.64061
1779.71	16.6167
1782.29	10.5928
1784.87	22.5688
1787.45	14.5447
1790.03	6.52069
1792.61	16.4966
1795.18	6.47244
1797.76	12.4482
1800.33	-5.57597
1802.9	12.3998
1805.48	14.3755
1808.05	8.35113
1810.62	18.3268
1813.19	16.3023
1815.76	16.2779
1818.33	6.25338
1820.89	4.22884
1823.46	12.2043
1826.02	8.17966
1828.59	0.155016
1831.15	22.1303
1833.71	2.1056
1836.27	14.0808
1838.84	6.05604
1841.39	16.0312
1843.95	16.0063
1846.51	-6.0186
1849.07	7.95646
1851.62	21.9315
1854.18	13.9064
1856.73	15.8814
1859.29	25.8562
1861.84	31.8311
1864.39	1.80594
1866.94	7.7807
1869.49	3.75545
1872.04	1.73016
1874.59	9.70483
1877.13	-4.32054
1879.68	9.65407
1882.22	3.62862
1884.77	3.60313
1887.31	15.5776
1889.85	23.5521
1892.39	9.52648
1894.93	-2.49914
1897.47	11.4752
1900.01	1.44948
1902.55	-0.57626
1905.09	19.398
1907.62	9.37215
1910.16	21.3463
1912.69	3.32043
1915.22	13.2945
1917.76	3.26855
1920.29	-2.75745
1922.82	11.2165
1925.35	15.1904
1927.88	3.16435
1930.4	25.1382
1932.93	3.11204
1935.46	5.08582
1937.98	-0.940425
1940.51	7.03329
1943.03	7.00697
1945.55	12.9806
1948.07	8.95422
1950.59	16.9278
1953.11	8.90133
1955.63	2.87484
1958.15	16.8483
1960.67	6.82174
1963.18	8.79514
1965.7	6.7685
1968.21	2.74183
1970.73	14.7151
1973.24	16.6884
1975.75	16.6616
1978.26	-3.36523
1980.77	4.60793
1983.28	14.581
1985.79	34.5541
1988.29	6.52716
1990.8	4.50016
1993.31	8.47313
1995.81	-3.55393
1998.31	22.419
