100.093	19.1219
103.274	9.14799
106.457	15.1742
109.636	7.20034
112.817	9.22658
115.994	3.25283
119.172	19.2791
122.347	11.3054
125.521	1.33179
128.696	1.35818
131.868	5.38459
135.039	17.411
138.209	29.4375
141.379	17.464
144.547	23.4905
147.713	9.51707
150.879	15.5436
154.043	-0.42976
157.206	25.5969
160.368	13.6235
163.529	23.6502
166.689	13.6769
169.848	9.70361
173.006	9.73035
176.163	1.75712
179.316	1.78389
182.471	1.8107
185.625	5.83753
188.777	-12.1356
191.927	9.89123
195.077	1.91812
198.224	7.945
201.372	19.9719
204.52	13.9989
207.664	12.0258
210.809	2.05278
213.95	6.07976
217.091	-1.89325
220.233	-1.86623
223.372	18.1608
226.509	10.1878
229.648	18.2149
232.784	-3.75807
235.918	-1.731
239.051	6.29608
242.186	12.3232
245.317	2.35029
248.447	14.3774
251.577	2.40452
254.705	14.4316
257.832	2.45879
260.958	12.4859
264.083	10.5131
267.204	-3.45977
270.327	10.5674
273.449	8.59457
276.57	14.6217
279.69	6.64893
282.806	8.6761
285.924	8.70329
289.04	20.7305
292.154	2.75767
295.268	8.78487
298.379	14.812
301.492	10.8393
304.601	16.8664
307.711	6.89364
310.818	6.92083
313.924	4.94802
317.031	6.97522
320.135	11.0024
323.238	7.02958
326.34	7.05676
329.443	5.08396
332.543	1.11113
335.642	7.1383
338.74	21.1655
341.836	19.1926
344.932	23.2198
348.027	-0.75308
351.12	17.2741
354.213	17.3012
357.302	13.3283
360.393	11.3554
363.482	-6.61747
366.57	11.4096
369.656	3.43671
372.742	5.46379
375.827	3.49086
378.91	9.51791
381.993	3.54496
385.073	1.57198
388.154	11.599
391.232	9.626
394.311	1.653
397.387	-8.32003
400.462	17.7069
403.536	11.7339
406.611	-0.239188
409.683	7.78772
412.754	13.8146
415.824	7.8415
418.893	5.86836
421.961	13.8952
425.027	17.922
428.093	-4.05116
431.158	9.97563
434.222	8.0024
437.284	10.0292
440.346	14.0559
443.407	2.0826
446.464	8.10927
449.523	4.13594
452.581	4.16259
455.635	22.1892
458.691	20.2158
461.743	-3.75764
464.797	8.26891
467.847	22.2954
470.899	8.32194
473.947	12.3484
476.994	12.3748
480.043	14.4013
483.088	2.42766
486.133	4.45402
489.176	8.48036
492.22	6.50668
495.262	20.533
498.302	10.5592
501.341	-5.41457
504.38	-1.38837
507.417	0.637789
510.453	8.66392
513.487	10.69
516.521	14.7161
519.554	18.7421
522.586	10.7681
525.616	0.794086
528.646	6.82003
531.675	4.84594
534.701	4.8718
537.729	2.89764
540.753	14.9234
543.778	10.9492
546.8	6.97493
549.821	3.00062
552.844	17.0263
555.863	15.0519
558.881	-0.922526
561.898	-4.89699
564.916	-0.871467
567.932	-0.846003
570.946	15.1794
573.959	3.20481
576.971	5.23016
579.982	7.25546
582.993	7.28073
586	7.30594
589.008	7.33113
592.015	-10.6437
595.022	5.38138
598.025	1.40642
601.029	9.43144
604.032	11.4564
607.033	7.48133
610.034	19.5062
613.032	11.531
616.032	-2.44415
619.028	3.58058
622.023	9.60528
625.018	11.6299
628.013	15.6545
631.005	-0.320903
633.997	3.7036
636.987	-2.27194
639.977	-6.24752
642.965	9.77684
645.952	11.8012
648.939	3.82543
651.924	5.84964
654.909	9.87381
657.892	7.89793
660.873	13.922
663.854	9.946
666.835	15.97
669.813	13.9939
672.791	2.01773
675.767	8.04152
678.743	0.0652813
681.717	8.08897
684.692	10.1126
687.664	20.1362
690.634	-1.84027
693.606	0.183219
696.575	22.2066
699.543	0.23
702.51	14.2533
705.475	4.27656
708.44	6.29975
711.404	-1.67711
714.367	-3.65403
717.329	16.369
720.29	22.392
723.25	14.4149
726.207	8.4377
729.166	2.46049
732.123	16.4832
735.077	12.5059
738.032	0.528486
740.984	20.551
743.938	4.57351
746.888	16.5959
749.839	2.61829
752.788	12.6406
755.735	8.66281
758.682	4.68497
761.627	20.7071
764.574	16.7291
767.517	20.7511
770.46	10.773
773.402	10.7949
776.342	12.8166
779.282	12.8384
782.219	12.86
785.157	10.8816
788.094	10.9031
791.029	8.92455
793.962	16.9459
796.896	14.9672
799.828	8.98848
802.76	7.00966
805.689	1.03076
808.619	25.0518
811.546	13.0728
814.473	11.0937
817.4	13.1145
820.324	11.1353
823.248	15.1559
826.17	23.1766
829.092	13.1971
832.012	21.2176
834.932	9.23798
837.851	13.2583
840.768	7.27857
843.685	7.29875
846.599	13.3189
849.514	1.33889
852.428	-2.64115
855.339	15.3787
858.251	19.3985
861.16	3.41828
864.07	13.4379
866.978	29.4575
869.884	11.477
872.792	13.4965
875.696	11.5158
878.599	11.5351
881.502	15.5543
884.404	1.57341
887.304	11.5925
890.204	3.61142
893.103	5.63031
896.001	11.6491
898.898	9.66785
901.794	5.6865
904.689	27.7051
907.581	1.72355
910.474	11.742
913.364	11.7603
916.256	11.7785
919.144	-2.20331
922.034	17.8148
924.92	1.83278
927.808	17.8507
930.693	-2.13147
933.576	3.88628
936.459	9.90395
939.341	5.92153
942.222	7.93903
945.102	9.95645
947.981	9.97378
950.859	11.991
953.737	2.00819
956.613	6.02527
959.488	14.0423
962.361	-1.94084
965.235	6.07598
968.105	14.0927
970.977	0.109353
973.846	-5.8741
976.716	0.142378
979.583	6.15876
982.449	-1.82496
985.316	18.1913
988.18	22.2074
991.043	18.2234
993.906	24.2393
996.767	14.2552
999.628	20.2709
1002.49	-1.7134
1005.35	8.30218
1008.2	18.3177
1011.06	24.3331
1013.91	12.3484
1016.77	8.36357
1019.62	14.3787
1022.48	8.39372
1025.33	4.40865
1028.18	8.42349
1031.03	8.43824
1033.87	18.4529
1036.72	14.4675
1039.57	16.4819
1042.41	-3.5037
1045.26	14.5106
1048.1	8.52476
1050.94	14.5388
1053.78	14.5528
1056.62	2.56674
1059.46	14.5805
1062.3	14.5943
1065.14	4.60786
1067.97	18.6214
1070.81	10.6348
1073.64	-1.35189
1076.47	4.66132
1079.31	0.674452
1082.14	4.68747
1084.97	-7.29959
1087.8	16.7132
1090.63	8.72596
1093.45	10.7386
1096.28	20.7511
1099.1	14.7636
1101.93	10.7759
1104.75	6.78812
1107.57	4.80025
1110.39	-3.18772
1113.21	14.8242
1116.03	4.83604
1118.85	18.8478
1121.66	14.8594
1124.48	22.8709
1127.3	10.8823
1130.11	12.8937
1132.92	16.9049
1135.73	6.91598
1138.54	4.92699
1141.35	2.93789
1144.16	4.9487
1146.97	8.9594
1149.78	-3.03001
1152.58	10.9805
1155.39	20.9909
1158.19	17.0011
1161	19.0113
1163.8	11.0214
1166.6	15.0313
1169.4	7.04121
1172.2	19.051
1174.99	9.0606
1177.79	-6.92986
1180.59	13.0796
1183.38	-0.911115
1186.17	5.09811
1188.97	17.1072
1191.76	11.1162
1194.55	3.1251
1197.34	15.1339
1200.13	13.1426
1202.92	-2.84887
1205.7	25.1596
1208.49	1.16793
1211.27	15.1762
1214.06	7.18429
1216.84	5.19231
1219.62	7.20022
1222.4	9.20802
1225.18	11.2157
1227.96	21.2233
1230.74	17.2307
1233.51	21.2381
1236.29	17.2453
1239.06	3.25246
1241.84	15.2595
1244.61	19.2664
1247.38	17.2732
1250.15	11.2798
1252.92	11.2864
1255.69	21.2929
1258.46	5.2992
1261.23	-0.694575
1263.99	5.31153
1266.76	-0.682468
1269.52	-6.67659
1272.28	15.3292
1275.05	3.33483
1277.81	11.3404
1280.57	11.3458
1283.33	17.3511
1286.08	25.3563
1288.84	1.36136
1291.6	9.36632
1294.35	9.37116
1297.11	-0.624121
1299.86	9.38049
1302.61	9.38498
1305.36	-2.61065
1308.11	15.3936
1310.86	9.39775
1313.61	13.4018
1316.36	25.4057
1319.1	11.4095
1321.85	7.41311
1324.59	15.4167
1327.33	9.42009
1330.08	3.4234
1332.82	11.4266
1335.56	5.42965
1338.3	-2.5674
1341.04	7.43543
1343.77	1.43814
1346.51	-0.559275
1349.25	25.4432
1351.98	3.44554
1354.71	9.44777
1357.45	19.4499
1360.18	5.45185
1362.91	29.4537
1365.64	-0.544548
1368.37	17.4571
1371.09	11.4586
1373.82	5.45994
1376.54	7.46118
1379.27	19.4623
1381.99	17.4633
1384.72	-8.53581
1387.44	9.46495
1390.16	11.4656
1392.88	17.4661
1395.6	9.46648
1398.31	-0.533262
1401.03	3.46687
1403.75	9.46689
1406.46	27.4668
1409.18	17.4665
1411.89	13.4662
1414.6	25.4657
1417.31	-4.53493
1420.02	15.4643
1422.73	21.4635
1425.44	9.46247
1428.15	23.4613
1430.85	13.4601
1433.56	23.4587
1436.26	17.4572
1438.97	9.4556
1441.67	11.4539
1444.37	21.452
1447.07	19.45
1449.77	5.44783
1452.47	19.4456
1455.16	13.4432
1457.86	-0.559354
1460.56	7.438
1463.25	5.43522
1465.94	21.4323
1468.64	13.4293
1471.33	13.4261
1474.02	3.42281
1476.71	11.4194
1479.4	1.41583
1482.09	13.4121
1484.77	5.40833
1487.46	5.40438
1490.14	5.40031
1492.83	-4.6039
1495.51	1.39176
1498.19	-2.61271
1500.87	5.3827
1503.55	15.378
1506.23	9.3731
1508.91	5.36811
1511.59	23.363
1514.27	9.35772
1516.94	1.35233
1519.62	11.3468
1522.29	9.34115
1524.96	-0.664641
1527.63	9.32944
1530.3	1.32338
1532.97	27.3172
1535.64	9.31087
1538.31	-0.695586
1540.98	9.29783
1543.64	15.2911
1546.31	1.28425
1548.97	-2.72274
1551.63	15.2701
1554.3	19.2629
1556.96	25.2555
1559.62	23.2479
1562.28	25.2403
1564.94	7.23248
1567.59	11.2245
1570.25	17.2165
1572.9	-4.79174
1575.56	-8.80008
1578.21	11.1914
1580.86	15.1828
1583.52	-0.825926
1586.17	17.1652
1588.82	7.15616
1591.47	29.147
1594.11	5.13771
1596.76	9.12827
1599.41	19.1187
1602.05	5.10899
1604.69	-4.90086
1607.34	-4.91084
1609.98	17.079
1612.62	5.06877
1615.26	3.05837
1617.9	5.04783
1620.54	1.03715
1623.18	5.02634
1625.81	11.0154
1628.45	7.0043
1631.08	18.9931
1633.72	10.9817
1636.35	10.9702
1638.98	12.9585
1641.61	22.9467
1644.24	12.9348
1646.87	0.922748
1649.5	8.91054
1652.13	14.8982
1654.75	-3.1143
1657.38	8.87307
1660	8.8603
1662.63	8.84739
1665.25	14.8343
1667.87	10.8211
1670.49	16.8078
1673.11	8.79433
1675.73	2.78071
1678.35	20.767
1680.96	12.7531
1683.58	8.73902
1686.19	0.724829
1688.81	2.7105
1691.42	6.69603
1694.03	14.6814
1696.64	-1.33333
1699.25	-5.34823
1701.87	0.636727
1704.47	8.62155
1707.08	14.6062
1709.69	12.5908
1712.29	4.57514
1714.9	14.5594
1717.5	18.5435
1720.1	8.52744
1722.71	4.51125
1725.31	12.4949
1727.91	6.47845
1730.51	20.4618
1733.1	4.44507
1735.7	18.4282
1738.3	8.4111
1740.89	18.3939
1743.49	8.37656
1746.08	26.3591
1748.67	4.34144
1751.26	4.32367
1753.86	2.30575
1756.45	24.2877
1759.03	18.2695
1761.62	4.2511
1764.21	12.2326
1766.8	4.21395
1769.38	14.1952
1771.97	20.1762
1774.55	10.1571
1777.13	6.13787
1779.71	18.1185
1782.29	16.099
1784.87	20.0793
1787.45	16.0595
1790.03	12.0395
1792.61	20.0194
1795.18	9.99911
1797.76	23.9787
1800.33	11.9581
1802.9	-4.06258
1805.48	5.91657
1808.05	3.89556
1810.62	9.87441
1813.19	11.8531
1815.76	13.8317
1818.33	5.81006
1820.89	-0.211694
1823.46	9.76642
1826.02	7.74437
1828.59	-0.277815
1831.15	11.6998
1833.71	7.67735
1836.27	7.65471
1838.84	15.6319
1841.39	3.60899
1843.95	9.5859
1846.51	19.5627
1849.07	1.53929
1851.62	5.51575
1854.18	15.4921
1856.73	15.4682
1859.29	11.4442
1861.84	21.4201
1864.39	-2.60417
1866.94	1.37138
1869.49	13.3468
1872.04	15.3221
1874.59	-0.702832
1877.13	17.2721
1879.68	11.247
1882.22	9.22161
1884.77	5.19611
1887.31	17.1705
1889.85	5.14467
1892.39	3.11873
1894.93	11.0926
1897.47	11.0664
1900.01	17.04
1902.55	-2.98657
1905.09	2.98672
1907.62	4.95987
1910.16	2.93287
1912.69	-1.09429
1915.22	16.8784
1917.76	-5.14906
1920.29	2.82331
1922.82	16.7955
1925.35	28.7676
1927.88	-5.26046
1930.4	12.7113
1932.93	6.68294
1935.46	4.6544
1937.98	2.62571
1940.51	6.59687
1943.03	26.5679
1945.55	10.5387
1948.07	-1.49057
1950.59	24.48
1953.11	8.45036
1955.63	-5.57939
1958.15	18.3907
1960.67	18.3606
1963.18	-1.66959
1965.7	-1.69997
1968.21	20.2695
1970.73	22.2388
1973.24	12.208
1975.75	14.177
1978.26	0.14582
1980.77	18.1145
1983.28	8.08306
1985.79	14.0514
1988.29	16.0197
1990.8	5.98774
1993.31	-4.04433
1995.81	7.92343
1998.31	3.89106
