100.093	25.0599
103.274	11.1137
106.457	29.1675
109.636	29.221
112.817	19.2743
115.994	15.3274
119.172	19.3803
122.347	17.4329
125.521	9.48539
128.696	7.53768
131.868	17.5897
135.039	7.64159
138.209	11.6932
141.379	11.7447
144.547	5.79598
147.713	21.847
150.879	11.8979
154.043	31.9485
157.206	9.99896
160.368	22.0492
163.529	20.0992
166.689	8.14909
169.848	14.1987
173.006	10.2482
176.163	26.2974
179.316	6.34645
182.471	4.3953
185.625	20.444
188.777	-3.50759
191.927	6.54064
195.077	6.5887
198.224	0.636535
201.372	-1.31579
204.52	10.7317
207.664	8.77893
210.809	20.826
213.95	12.8729
217.091	12.9195
220.233	0.966038
223.372	7.01231
226.509	3.0584
229.648	17.1043
232.784	-6.84998
235.918	15.1955
239.051	13.2408
242.186	11.286
245.317	-0.669086
248.447	7.37565
251.577	19.4202
254.705	5.46456
257.832	7.50872
260.958	13.5527
264.083	3.59649
267.204	-0.359947
270.327	29.6835
273.449	19.7267
276.57	17.7697
279.69	1.81256
282.806	11.8552
285.924	17.8976
289.04	3.93993
292.154	7.98199
295.268	2.0239
298.379	14.0656
301.492	12.1071
304.601	22.1484
307.711	2.18961
310.818	2.23056
313.924	14.2713
317.031	-5.68806
320.135	8.35233
323.238	22.3925
326.34	8.43258
329.443	12.4725
332.543	12.5121
335.642	10.5516
338.74	10.5909
341.836	18.63
344.932	8.66895
348.027	18.7077
351.12	8.74627
354.213	-1.21533
357.302	12.8229
360.393	10.8609
363.482	4.89873
366.57	12.9364
369.656	8.97387
372.742	-6.98882
375.827	11.0483
378.91	15.0852
381.993	3.12203
385.073	7.1586
388.154	9.19502
391.232	11.2312
394.311	13.2673
397.387	7.30318
400.462	17.3389
403.536	9.37438
406.611	5.40974
409.683	3.4449
412.754	-6.52011
415.824	3.5147
418.893	-6.45066
421.961	5.58381
425.027	9.61809
428.093	15.6522
431.158	-6.31385
434.222	7.71992
437.284	11.7535
440.346	-8.21306
443.407	17.8202
446.464	15.8532
449.523	5.88615
452.581	17.9189
455.635	5.95143
458.691	9.98382
461.743	-11.984
464.797	10.0481
467.847	14.0799
470.899	0.111649
473.947	0.14317
476.994	6.17452
480.043	2.20573
483.088	2.23674
486.133	20.2676
489.176	14.2983
492.22	10.3288
495.262	4.35914
498.302	12.3893
501.341	-9.58068
504.38	18.4492
507.417	6.47884
510.453	10.5083
513.487	12.5377
516.521	10.5668
519.554	0.595859
522.586	12.6247
525.616	6.65337
528.646	16.6819
531.675	14.7102
534.701	-1.26159
537.729	6.76644
540.753	6.79428
543.778	6.82198
546.8	14.8495
549.821	8.87685
552.844	6.90406
555.863	0.931093
558.881	16.958
561.898	0.984669
564.916	7.01123
567.932	13.0376
570.946	1.06384
573.959	7.08991
576.971	9.11581
579.982	3.14156
582.993	1.16714
586	21.1925
589.008	19.2178
592.015	7.24292
595.022	5.26787
598.025	17.2926
601.029	5.31728
604.032	5.34175
607.033	-0.633949
610.034	13.3902
613.032	11.4142
616.032	17.438
619.028	-0.538283
622.023	-0.514766
625.018	3.5086
628.013	3.53182
631.005	13.5549
633.997	13.5778
636.987	-0.399496
639.977	1.62309
642.965	1.64552
645.952	7.6678
648.939	15.6899
651.924	11.7119
654.909	-0.266289
657.892	11.7554
660.873	3.77687
663.854	5.79823
666.835	5.81944
669.813	5.84048
672.791	9.86138
675.767	11.8821
678.743	3.90272
681.717	-0.0768474
684.692	5.94345
687.664	15.9636
690.634	-2.01643
693.606	14.0034
696.575	16.0231
699.543	6.04263
702.51	14.062
705.475	8.08126
708.44	12.1003
711.404	8.11928
714.367	6.13808
717.329	-5.84328
720.29	12.1752
723.25	12.1936
726.207	0.211753
729.166	16.2298
732.123	-5.75229
735.077	12.2655
738.032	4.28308
740.984	-1.69946
743.938	12.3179
746.888	10.335
749.839	8.35206
752.788	12.3689
755.735	4.38567
758.682	22.4023
761.627	16.4187
764.574	22.435
767.517	2.45116
770.46	10.4672
773.402	6.48304
776.342	20.4988
779.282	14.5143
782.219	14.5298
785.157	26.5451
788.094	12.5602
791.029	8.57525
793.962	12.5901
796.896	4.60484
799.828	14.6194
802.76	18.6339
805.689	10.6482
808.619	4.66234
811.546	16.6764
814.473	0.690242
817.4	18.704
820.324	6.71759
823.248	12.7311
826.17	0.744377
829.092	6.75756
832.012	14.7706
834.932	6.78351
837.851	4.79628
840.768	12.8089
843.685	24.8214
846.599	8.83376
849.514	22.846
852.428	10.8581
855.339	6.87
858.251	2.88182
861.16	6.89348
864.07	22.905
866.978	0.916418
869.884	32.9277
872.792	20.9388
875.696	24.9498
878.599	6.96066
881.502	-9.02862
884.404	0.981968
887.304	18.9924
890.204	15.0027
893.103	-0.987071
896.001	11.023
898.898	9.0329
901.794	11.0427
904.689	7.05235
907.581	1.06186
910.474	-0.928747
913.364	11.0805
916.256	3.08963
919.144	1.09862
922.034	15.1075
924.92	9.11621
927.808	3.12482
930.693	9.13328
933.576	13.1416
936.459	13.1498
939.341	11.1579
942.222	-2.83415
945.102	7.17367
947.981	7.18136
950.859	11.1889
953.737	33.1963
956.613	17.2037
959.488	5.21082
962.361	9.21787
965.235	11.2248
968.105	13.2316
970.977	15.2382
973.846	3.24477
976.716	9.25118
979.583	7.25746
982.449	9.26361
985.316	13.2696
988.18	17.2755
991.043	13.2813
993.906	1.28696
996.767	9.29248
999.628	7.29788
1002.49	15.3032
1005.35	3.3083
1008.2	17.3133
1011.06	-6.68178
1013.91	13.323
1016.77	19.3277
1019.62	23.3322
1022.48	7.33658
1025.33	-2.65914
1028.18	17.345
1031.03	21.3491
1033.87	13.353
1036.72	11.3568
1039.57	11.3604
1042.41	21.364
1045.26	5.36739
1048.1	-2.62931
1050.94	5.37387
1053.78	7.37693
1056.62	1.37987
1059.46	9.38269
1062.3	19.3854
1065.14	13.388
1067.97	19.3904
1070.81	17.3928
1073.64	11.395
1076.47	9.39707
1079.31	5.39905
1082.14	5.40091
1084.97	5.40265
1087.8	13.4043
1090.63	13.4058
1093.45	3.40716
1096.28	11.4084
1099.1	7.40958
1101.93	19.4106
1104.75	11.4115
1107.57	25.4123
1110.39	19.413
1113.21	25.4136
1116.03	7.41403
1118.85	-0.585639
1121.66	7.41458
1124.48	1.41468
1127.3	11.4147
1130.11	11.4145
1132.92	9.41429
1135.73	-4.58607
1138.54	3.41345
1141.35	17.4129
1144.16	3.41216
1146.97	-6.58866
1149.78	7.41041
1152.58	13.4094
1155.39	1.40821
1158.19	11.4069
1161	15.4056
1163.8	13.4041
1166.6	7.40244
1169.4	3.40072
1172.2	15.3989
1174.99	15.3969
1177.79	-2.60512
1180.59	13.3927
1183.38	9.39042
1186.17	3.38803
1188.97	15.3855
1191.76	23.3829
1194.55	-2.61981
1197.34	23.3773
1200.13	7.3744
1202.92	7.37135
1205.7	-8.63182
1208.49	13.3649
1211.27	7.36152
1214.06	-4.64197
1216.84	1.35442
1219.62	9.35071
1222.4	11.3469
1225.18	19.343
1227.96	-6.66108
1230.74	19.3348
1233.51	13.3305
1236.29	15.3262
1239.06	23.3217
1241.84	5.31712
1244.61	7.31243
1247.38	17.3076
1250.15	7.30275
1252.92	13.2977
1255.69	5.29264
1258.46	7.28743
1261.23	5.2821
1263.99	15.2767
1266.76	11.2711
1269.52	5.26551
1272.28	9.25977
1275.05	11.2539
1277.81	13.248
1280.57	-0.758083
1283.33	17.2358
1286.08	17.2295
1288.84	9.22313
1291.6	7.21665
1294.35	9.21008
1297.11	15.2034
1299.86	21.1966
1302.61	-2.81027
1305.36	5.18275
1308.11	7.17566
1310.86	7.16847
1313.61	5.16118
1316.36	17.1538
1319.1	15.1463
1321.85	1.13868
1324.59	3.13098
1327.33	5.12318
1330.08	11.1153
1332.82	15.1073
1335.56	15.0992
1338.3	1.09096
1341.04	7.08266
1343.77	17.0743
1346.51	13.0658
1349.25	-2.94285
1351.98	9.04845
1354.71	19.0396
1357.45	19.0307
1360.18	7.02174
1362.91	-2.98736
1365.64	11.0034
1368.37	6.99414
1371.09	18.9847
1373.82	-9.02474
1376.54	16.9657
1379.27	8.95598
1381.99	22.9462
1384.72	18.9363
1387.44	22.9263
1390.16	8.91625
1392.88	-1.09392
1395.6	8.89581
1398.31	14.8854
1401.03	8.87498
1403.75	4.86443
1406.46	24.8538
1409.18	2.84302
1411.89	6.83217
1414.6	14.8212
1417.31	8.8102
1420.02	8.79907
1422.73	0.787841
1425.44	16.7765
1428.15	10.7651
1430.85	8.7536
1433.56	12.742
1436.26	2.7303
1438.97	32.7185
1441.67	-3.29337
1444.37	14.6947
1447.07	14.6826
1449.77	12.6704
1452.47	14.6582
1455.16	-5.35418
1457.86	16.6334
1460.56	8.62085
1463.25	-3.39178
1465.94	8.59551
1468.64	-7.4173
1471.33	10.5698
1474.02	8.55681
1476.71	16.5437
1479.4	14.5306
1482.09	2.5173
1484.77	0.503944
1487.46	4.4905
1490.14	10.477
1492.83	-3.53666
1495.51	8.44963
1498.19	0.435821
1500.87	4.42194
1503.55	2.40795
1506.23	6.39387
1508.91	2.37972
1511.59	14.3655
1514.27	16.3511
1516.94	6.3367
1519.62	6.32218
1522.29	24.3076
1524.96	4.29289
1527.63	0.278111
1530.3	12.2632
1532.97	8.24829
1535.64	20.2332
1538.31	0.218113
1540.98	12.2029
1543.64	4.1876
1546.31	4.17221
1548.97	8.15673
1551.63	22.1412
1554.3	10.1255
1556.96	12.1098
1559.62	20.094
1562.28	10.0781
1564.94	10.0621
1567.59	-1.954
1570.25	-1.97016
1572.9	12.0136
1575.56	13.9973
1578.21	3.98085
1580.86	5.96434
1583.52	17.9478
1586.17	7.93109
1588.82	17.9143
1591.47	3.8975
1594.11	-4.11942
1596.76	21.8636
1599.41	3.8465
1602.05	-2.17067
1604.69	19.8121
1607.34	19.7947
1609.98	19.7773
1612.62	3.75981
1615.26	13.7422
1617.9	5.72457
1620.54	7.70682
1623.18	1.68899
1625.81	21.6711
1628.45	29.6531
1631.08	9.63502
1633.72	3.61686
1636.35	15.5986
1638.98	-4.41969
1641.61	21.5619
1644.24	9.54344
1646.87	3.52488
1649.5	9.50624
1652.13	9.48753
1654.75	7.46872
1657.38	3.44985
1660	13.4309
1662.63	15.4119
1665.25	1.39273
1667.87	1.37354
1670.49	19.3543
1673.11	9.33491
1675.73	13.3155
1678.35	15.296
1680.96	23.2764
1683.58	9.25673
1686.19	5.23698
1688.81	3.21715
1691.42	7.19726
1694.03	7.17727
1696.64	7.15722
1699.25	11.1371
1701.87	3.11688
1704.47	9.09659
1707.08	1.07623
1709.69	-2.94421
1712.29	9.03528
1714.9	5.01468
1717.5	-9.00597
1720.1	0.97328
1722.71	8.95246
1725.31	4.93157
1727.91	22.9106
1730.51	4.88955
1733.1	4.86843
1735.7	0.847227
1738.3	2.82596
1740.89	6.80461
1743.49	8.78319
1746.08	18.7617
1748.67	2.74013
1751.26	6.7185
1753.86	20.6968
1756.45	26.675
1759.03	-3.34688
1761.62	12.6312
1764.21	8.60917
1766.8	0.587093
1769.38	24.5649
1771.97	6.5427
1774.55	10.5204
1777.13	8.49802
1779.71	-1.52443
1782.29	10.4531
1784.87	30.4305
1787.45	14.4078
1790.03	20.3851
1792.61	10.3623
1795.18	-3.66062
1797.76	12.3164
1800.33	12.2934
1802.9	2.27031
1805.48	0.247152
1808.05	4.22392
1810.62	0.200611
1813.19	4.17723
1815.76	0.153783
1818.33	12.1303
1820.89	12.1067
1823.46	12.083
1826.02	-3.94071
1828.59	8.0355
1831.15	12.0116
1833.71	15.9877
1836.27	1.96369
1838.84	-14.0604
1841.39	9.91547
1843.95	5.89126
1846.51	3.86698
1849.07	-4.15735
1851.62	11.8182
1854.18	7.79373
1856.73	5.76919
1859.29	19.7446
1861.84	3.71988
1864.39	5.69512
1866.94	3.67029
1869.49	5.6454
1872.04	3.62044
1874.59	-2.40458
1877.13	5.57032
1879.68	-0.454823
1882.22	9.51995
1884.77	5.49465
1887.31	-10.5307
1889.85	-8.55614
1892.39	7.41838
1894.93	3.39283
1897.47	5.36719
1900.01	1.34151
1902.55	7.31576
1905.09	17.2899
1907.62	9.26405
1910.16	5.23812
1912.69	-10.7879
1915.22	-2.81399
1917.76	11.1599
1920.29	-6.86634
1922.82	9.1074
1925.35	1.08105
1927.88	5.05465
1930.4	1.02819
1932.93	7.00166
1935.46	4.97507
1937.98	6.94841
1940.51	10.9217
1943.03	2.8949
1945.55	10.8681
1948.07	2.84115
1950.59	0.814184
1953.11	6.78714
1955.63	28.76
1958.15	6.73289
1960.67	0.705671
1963.18	10.6784
1965.7	12.651
1968.21	6.62363
1970.73	4.59616
1973.24	2.56862
1975.75	2.54104
1978.26	2.51338
1980.77	4.48567
1983.28	6.45788
1985.79	0.430047
1988.29	2.40215
1990.8	4.37418
1993.31	-5.65384
1995.81	0.318073
1998.31	6.28995
