100.093	38.2161
103.274	10.1767
106.457	14.1376
109.636	-1.9011
112.817	32.0606
115.994	34.0227
119.172	-2.01485
122.347	1.94802
125.521	-4.08873
128.696	3.87488
131.868	15.8389
135.039	11.8033
138.209	9.76801
141.379	5.73311
144.547	13.6986
147.713	5.66446
150.879	21.6307
154.043	3.59728
157.206	17.5642
160.368	17.5315
163.529	23.4992
166.689	1.46722
169.848	23.4356
173.006	13.4043
176.163	15.3734
179.316	11.3428
182.471	19.3126
185.625	5.28273
188.777	-0.746809
191.927	13.224
195.077	1.19515
198.224	3.16665
201.372	17.1385
204.52	17.1106
207.664	9.0831
210.809	13.0559
213.95	5.02906
217.091	-8.99746
220.233	14.9763
223.372	6.95045
226.509	12.9249
229.648	-5.10035
232.784	14.8747
235.918	26.8501
239.051	12.8258
242.186	8.80185
245.317	14.7782
248.447	26.7548
251.577	-1.26823
254.705	14.709
257.832	30.6866
260.958	10.6644
264.083	20.6426
267.204	16.6211
270.327	4.5998
273.449	-1.42115
276.57	16.5582
279.69	28.5378
282.806	0.517736
285.924	8.49794
289.04	2.47843
292.154	16.4592
295.268	4.44026
298.379	0.421607
301.492	14.4032
304.601	10.3851
307.711	2.36728
310.818	14.3497
313.924	20.3324
317.031	18.3154
320.135	14.2987
323.238	10.2822
326.34	8.266
329.443	12.25
332.543	6.23435
335.642	0.218921
338.74	18.2038
341.836	14.1888
344.932	8.17418
348.027	6.15977
351.12	0.145616
354.213	8.13171
357.302	18.1181
360.393	16.1047
363.482	4.09148
366.57	6.07856
369.656	6.06588
372.742	18.0534
375.827	20.0412
378.91	-5.97073
381.993	8.01754
385.073	-1.99395
388.154	13.9948
391.232	5.98374
394.311	5.97293
397.387	19.9624
400.462	11.952
403.536	1.94187
406.611	7.93195
409.683	25.9223
412.754	1.91279
415.824	13.9035
418.893	19.8945
421.961	17.8857
425.027	11.8771
428.093	7.86866
431.158	-0.139535
434.222	17.8525
437.284	1.8447
440.346	7.83712
443.407	3.82975
446.464	1.82258
449.523	19.8156
452.581	1.80883
455.635	-0.197751
458.691	15.7959
461.743	5.78968
464.797	5.78367
467.847	1.77787
470.899	5.77224
473.947	23.7668
476.994	3.76157
480.043	1.7565
483.088	5.75162
486.133	11.7469
489.176	13.7424
492.22	19.7381
495.262	-6.26612
498.302	3.72989
501.341	1.72607
504.38	-2.27758
507.417	-4.28106
510.453	17.7156
513.487	15.7125
516.521	19.7095
519.554	21.7067
522.586	11.7041
525.616	-6.29844
528.646	-2.30077
531.675	9.69706
534.701	1.69505
537.729	7.69319
540.753	15.6915
543.778	9.68993
546.8	15.6885
549.821	3.68727
552.844	7.68616
555.863	3.6852
558.881	-4.31561
561.898	9.68371
564.916	11.6832
567.932	-8.31721
570.946	1.68254
573.959	3.68243
576.971	5.68245
579.982	1.68261
582.993	5.6829
586	3.68332
589.008	7.68387
592.015	1.68455
595.022	7.68536
598.025	1.6863
601.029	-0.312646
604.032	-2.31146
607.033	9.68984
610.034	1.69126
613.032	1.69281
616.032	-2.30553
619.028	1.69624
622.023	9.69813
625.018	-2.29986
628.013	-2.29775
631.005	-2.29552
633.997	-4.29319
636.987	7.70926
639.977	9.71181
642.965	11.7145
645.952	13.7172
648.939	17.7201
651.924	-6.27696
654.909	9.7261
657.892	11.7293
660.873	-4.26749
663.854	21.7359
666.835	9.7393
669.813	15.7428
672.791	-4.25354
675.767	19.7502
678.743	15.754
681.717	19.7579
684.692	9.76186
687.664	19.7659
690.634	15.7701
693.606	1.77429
696.575	19.7786
699.543	-2.21701
702.51	-6.21255
705.475	1.79199
708.44	-0.203393
711.404	-0.198704
714.367	5.80606
717.329	9.81089
720.29	5.8158
723.25	3.82077
726.207	15.8258
729.166	25.8309
732.123	15.8361
735.077	13.8413
738.032	-12.1534
740.984	7.85196
743.938	17.8574
746.888	7.86285
749.839	17.8684
752.788	13.874
755.735	-4.1204
758.682	-0.114707
761.627	15.891
764.574	13.8968
767.517	15.9027
770.46	1.90857
773.402	11.9145
776.342	17.9205
779.282	1.92652
782.219	15.9326
785.157	5.9387
788.094	27.9449
791.029	11.951
793.962	13.9573
796.896	-2.03646
799.828	11.9698
802.76	3.97617
805.689	5.98254
808.619	15.9889
811.546	11.9954
814.473	8.00183
817.4	26.0083
820.324	20.0148
823.248	6.02137
826.17	34.0279
829.092	8.03452
832.012	-1.95887
834.932	14.0478
837.851	8.05441
840.768	26.0611
843.685	20.0678
846.599	4.07446
849.514	16.0812
852.428	0.0879043
855.339	20.0946
858.251	16.1014
861.16	22.1082
864.07	12.1149
866.978	10.1217
869.884	6.12848
872.792	16.1353
875.696	14.1421
878.599	20.1489
881.502	20.1557
884.404	18.1625
887.304	0.169255
890.204	8.17605
893.103	16.1828
896.001	18.1896
898.898	10.1964
901.794	2.20319
904.689	12.21
907.581	14.2167
910.474	16.2235
913.364	6.23021
916.256	4.23694
919.144	24.2436
922.034	-1.74965
924.92	0.25703
927.808	0.2637
930.693	28.2703
933.576	12.277
936.459	18.2836
939.341	22.2902
942.222	4.29674
945.102	8.30328
947.981	18.3098
950.859	16.3163
953.737	24.3228
956.613	0.329196
959.488	10.3356
962.361	14.342
965.235	12.3483
968.105	16.3546
970.977	16.3609
973.846	6.36717
976.716	20.3734
979.583	6.37956
982.449	6.38569
985.316	6.3918
988.18	-3.60215
991.043	10.4039
993.906	8.40984
996.767	0.415777
999.628	6.42166
1002.49	14.4275
1005.35	18.4333
1008.2	-1.56095
1011.06	12.4448
1013.91	18.4504
1016.77	4.45601
1019.62	12.4616
1022.48	4.46705
1025.33	26.4725
1028.18	18.4779
1031.03	14.4832
1033.87	6.48848
1036.72	28.4937
1039.57	0.498861
1042.41	12.504
1045.26	8.509
1048.1	26.514
1050.94	16.5189
1053.78	12.5237
1056.62	4.52851
1059.46	10.5332
1062.3	2.53788
1065.14	2.54246
1067.97	26.547
1070.81	2.55141
1073.64	22.5558
1076.47	10.5601
1079.31	10.5643
1082.14	12.5685
1084.97	10.5725
1087.8	20.5765
1090.63	4.58046
1093.45	2.5843
1096.28	10.5881
1099.1	14.5918
1101.93	4.59536
1104.75	4.59888
1107.57	6.60232
1110.39	14.6057
1113.21	4.60894
1116.03	32.6121
1118.85	8.61522
1121.66	-11.3818
1124.48	16.6211
1127.3	14.624
1130.11	6.62671
1132.92	-5.37064
1135.73	16.6319
1138.54	2.63437
1141.35	18.6367
1144.16	14.639
1146.97	18.6412
1149.78	6.64325
1152.58	14.6452
1155.39	2.6471
1158.19	14.6489
1161	20.6506
1163.8	-5.34787
1166.6	-3.3464
1169.4	6.65496
1172.2	6.65622
1174.99	20.6574
1177.79	12.6584
1180.59	8.65936
1183.38	12.6602
1186.17	-3.33909
1188.97	18.6615
1191.76	-5.33798
1194.55	16.6624
1197.34	20.6627
1200.13	8.66284
1202.92	4.66288
1205.7	2.6628
1208.49	0.662612
1211.27	18.6623
1214.06	0.661876
1216.84	6.66133
1219.62	12.6607
1222.4	-7.34013
1225.18	10.659
1227.96	6.65792
1230.74	4.65676
1233.51	4.65548
1236.29	8.65407
1239.06	20.6525
1241.84	12.6509
1244.61	12.6491
1247.38	4.64714
1250.15	10.6451
1252.92	12.6429
1255.69	6.64059
1258.46	12.6381
1261.23	16.6356
1263.99	8.63283
1266.76	18.63
1269.52	2.62699
1272.28	22.6239
1275.05	12.6206
1277.81	10.6172
1280.57	12.6136
1283.33	0.609955
1286.08	20.6061
1288.84	16.6022
1291.6	6.59804
1294.35	10.5938
1297.11	14.5894
1299.86	10.5848
1302.61	4.58014
1305.36	14.5753
1308.11	4.5703
1310.86	20.5652
1313.61	-15.4401
1316.36	6.55444
1319.1	8.54884
1321.85	10.5431
1324.59	10.5372
1327.33	14.5312
1330.08	28.5249
1332.82	14.5186
1335.56	18.5121
1338.3	22.5054
1341.04	10.4986
1343.77	12.4916
1346.51	10.4844
1349.25	24.4771
1351.98	-3.53038
1354.71	12.462
1357.45	8.45418
1360.18	22.4462
1362.91	14.4381
1365.64	2.4298
1368.37	14.4213
1371.09	26.4127
1373.82	20.4039
1376.54	14.395
1379.27	4.38583
1381.99	16.3765
1384.72	4.36705
1387.44	-7.64259
1390.16	16.3476
1392.88	4.33761
1395.6	2.32744
1398.31	14.3171
1401.03	10.3066
1403.75	8.29591
1406.46	28.285
1409.18	-5.726
1411.89	12.2628
1414.6	26.2514
1417.31	18.2398
1420.02	8.22804
1422.73	14.2161
1425.44	6.20396
1428.15	20.1917
1430.85	18.1792
1433.56	20.1665
1436.26	14.1536
1438.97	20.1406
1441.67	14.1273
1444.37	22.1139
1447.07	-3.89968
1449.77	10.0865
1452.47	8.07254
1455.16	20.0584
1457.86	20.044
1460.56	14.0294
1463.25	12.0147
1465.94	17.9997
1468.64	19.9846
1471.33	31.9693
1474.02	13.9537
1476.71	33.938
1479.4	15.9221
1482.09	-2.09405
1484.77	-8.11037
1487.46	-10.1269
1490.14	7.8564
1492.83	9.83948
1495.51	13.8224
1498.19	15.805
1500.87	7.78753
1503.55	13.7698
1506.23	9.75187
1508.91	3.73374
1511.59	21.7154
1514.27	9.69685
1516.94	17.6781
1519.62	1.65914
1522.29	7.63997
1524.96	-2.3794
1527.63	19.601
1530.3	15.5812
1532.97	17.5612
1535.64	1.541
1538.31	11.5206
1540.98	25.4999
1543.64	17.4791
1546.31	23.458
1548.97	9.43673
1551.63	5.41524
1554.3	21.3935
1556.96	9.37159
1559.62	13.3494
1562.28	11.3271
1564.94	17.3045
1567.59	7.28169
1570.25	15.2587
1572.9	33.2354
1575.56	5.21195
1578.21	13.1883
1580.86	-2.83564
1583.52	35.1402
1586.17	11.1159
1588.82	11.0913
1591.47	9.06648
1594.11	9.04145
1596.76	9.0162
1599.41	0.990716
1602.05	12.965
1604.69	14.9391
1607.34	22.9129
1609.98	6.88649
1612.62	4.85986
1615.26	12.833
1617.9	14.8059
1620.54	6.77858
1623.18	-3.24897
1625.81	14.7232
1628.45	12.6952
1631.08	-9.33304
1633.72	26.6385
1636.35	14.6097
1638.98	12.5808
1641.61	14.5516
1644.24	28.5221
1646.87	2.49246
1649.5	10.4625
1652.13	-3.56761
1654.75	6.40199
1657.38	6.37137
1660	6.34048
1662.63	2.30937
1665.25	24.278
1667.87	4.24639
1670.49	14.2146
1673.11	0.182462
1675.73	14.1501
1678.35	12.1175
1680.96	14.0847
1683.58	2.05166
1686.19	14.0183
1688.81	7.98476
1691.42	17.951
1694.03	7.91688
1696.64	13.8826
1699.25	3.84802
1701.87	11.8132
1704.47	13.7781
1707.08	1.74281
1709.69	1.70724
1712.29	13.6714
1714.9	-6.36466
1717.5	-8.40096
1720.1	19.5624
1722.71	3.5256
1725.31	1.48852
1727.91	7.45116
1730.51	9.41356
1733.1	13.3757
1735.7	1.33757
1738.3	13.2992
1740.89	13.2606
1743.49	19.2217
1746.08	25.1825
1748.67	7.14309
1751.26	15.1034
1753.86	31.0635
1756.45	3.02328
1759.03	14.9828
1761.62	2.94209
1764.21	14.9011
1766.8	4.85987
1769.38	6.81835
1771.97	18.7765
1774.55	18.7345
1777.13	6.69218
1779.71	12.6496
1782.29	-7.39323
1784.87	16.5636
1787.45	22.5203
1790.03	-7.52338
1792.61	8.43268
1795.18	4.3885
1797.76	4.34402
1800.33	20.2993
1802.9	-1.74571
1805.48	18.209
1808.05	30.1635
1810.62	22.1176
1813.19	-3.92846
1815.76	-1.97484
1818.33	21.9785
1820.89	13.9316
1823.46	17.8844
1826.02	-0.163088
1828.59	7.78918
1831.15	17.7412
1833.71	3.69284
1836.27	-4.35574
1838.84	19.5954
1841.39	13.5463
1843.95	15.4968
1846.51	21.4471
1849.07	23.3972
1851.62	11.3469
1854.18	21.2964
1856.73	15.2456
1859.29	15.1944
1861.84	-8.85693
1864.39	1.09141
1866.94	11.0394
1869.49	16.9872
1872.04	10.9347
1874.59	6.88187
1877.13	0.828774
1879.68	14.7754
1882.22	8.72175
1884.77	6.66778
1887.31	16.6136
1889.85	8.55902
1892.39	-1.49579
1894.93	16.4491
1897.47	22.3937
1900.01	20.338
1902.55	18.282
1905.09	16.2258
1907.62	18.1692
1910.16	22.1124
1912.69	12.0553
1915.22	19.9978
1917.76	9.94011
1920.29	13.8821
1922.82	3.82377
1925.35	25.7651
1927.88	3.70625
1930.4	9.64706
1932.93	1.58757
1935.46	-4.47221
1937.98	1.4677
1940.51	3.40731
1943.03	11.3466
1945.55	13.2857
1948.07	-0.775618
1950.59	1.16283
1953.11	13.1009
1955.63	1.03878
1958.15	0.976317
1960.67	12.9136
1963.18	6.85049
1965.7	22.7871
1968.21	22.7234
1970.73	22.6595
1973.24	4.59516
1975.75	16.5306
1978.26	14.4657
1980.77	14.4005
1983.28	6.33502
1985.79	16.2692
1988.29	0.203146
1990.8	14.1367
1993.31	12.07
1995.81	8.00297
1998.31	9.93569
