100.093	12.945
103.274	9.04497
106.457	13.1444
109.636	11.2431
112.817	33.3413
115.994	19.4387
119.172	7.53567
122.347	11.6319
125.521	15.7275
128.696	23.8226
131.868	3.91705
135.039	0.0108513
138.209	10.1041
141.379	-5.80328
144.547	18.2887
147.713	8.38012
150.879	2.47093
154.043	2.56114
157.206	-3.34924
160.368	0.739794
163.529	20.8282
166.689	10.9161
169.848	19.0034
173.006	7.09008
176.163	11.1762
179.316	15.2617
182.471	5.34665
185.625	9.43105
188.777	1.51488
191.927	13.5981
195.077	5.68078
198.224	7.76285
201.372	7.84442
204.52	11.9254
207.664	6.00583
210.809	12.0857
213.95	-1.83498
217.091	8.24376
220.233	10.322
223.372	2.39964
226.509	14.4767
229.648	8.55336
232.784	18.6294
235.918	4.70485
239.051	26.7798
242.186	-1.14574
245.317	6.92813
248.447	19.0015
251.577	15.0743
254.705	11.1466
257.832	5.21836
260.958	13.2896
264.083	-0.639661
267.204	5.4305
270.327	1.5002
273.449	1.56938
276.57	7.63805
279.69	13.7062
282.806	21.7738
285.924	3.84096
289.04	1.9076
292.154	5.97369
295.268	2.03934
298.379	16.1044
301.492	18.1691
304.601	18.2332
307.711	2.29685
310.818	10.36
313.924	12.4226
317.031	0.484821
320.135	16.5465
323.238	0.607684
326.34	16.6684
329.443	8.72867
332.543	4.78843
335.642	0.847709
338.74	2.90652
341.836	-5.03514
344.932	29.0227
348.027	7.08014
351.12	1.13709
354.213	9.19357
357.302	19.2495
360.393	5.30511
363.482	3.36022
366.57	7.41487
369.656	3.46903
372.742	5.52278
375.827	15.5761
378.91	9.62889
381.993	11.6813
385.073	-6.26677
388.154	11.7847
391.232	5.8358
394.311	13.8864
397.387	-0.0633841
400.462	5.98636
403.536	12.0357
406.611	12.0846
409.683	12.133
412.754	12.1811
415.824	-3.77134
418.893	-7.72416
421.961	18.3226
425.027	2.36894
428.093	2.41486
431.158	8.46037
434.222	-3.49454
437.284	-1.44985
440.346	4.59442
443.407	14.6383
446.464	10.6817
449.523	4.72478
452.581	6.76743
455.635	18.8097
458.691	-5.14849
461.743	-5.10706
464.797	10.934
467.847	10.9746
470.899	19.0149
473.947	11.0548
476.994	9.09426
480.043	7.13337
483.088	11.1721
486.133	27.2104
489.176	5.24834
492.22	19.2859
495.262	13.3231
498.302	3.35992
501.341	5.39636
504.38	19.4324
507.417	9.46811
510.453	-0.496559
513.487	7.53838
516.521	15.573
519.554	3.60721
522.586	-0.358924
525.616	5.67456
528.646	11.7077
531.675	13.7405
534.701	1.77294
537.729	-2.19497
540.753	19.8367
543.778	-10.1319
546.8	9.89916
549.821	9.92983
552.844	19.9602
555.863	-4.00982
558.881	4.01983
561.898	10.0491
564.916	4.07813
567.932	14.1068
570.946	16.1351
573.959	0.163047
576.971	14.1907
579.982	6.218
582.993	8.24499
586	-3.72837
589.008	4.29797
592.015	-1.67601
595.022	6.34968
598.025	6.37504
601.029	4.4001
604.032	20.4248
607.033	14.4493
610.034	2.47338
613.032	12.4972
616.032	0.520671
619.028	2.54385
622.023	8.56672
625.018	-1.41071
628.013	18.6116
631.005	18.6335
633.997	14.6552
636.987	12.6766
639.977	18.6976
642.965	24.7184
645.952	12.7389
648.939	0.7591
651.924	-7.22099
654.909	6.79863
657.892	8.81796
660.873	0.836995
663.854	10.8558
666.835	6.87425
669.813	6.89244
672.791	6.91037
675.767	2.928
678.743	20.9454
681.717	8.96247
684.692	16.9793
687.664	0.995849
690.634	17.0121
693.606	17.0282
696.575	7.0439
699.543	21.0594
702.51	5.07461
705.475	19.0896
708.44	15.1043
711.404	11.1187
714.367	15.1329
717.329	17.1468
720.29	7.16052
723.25	11.1739
726.207	21.1871
729.166	11.2001
732.123	-4.78727
735.077	3.22516
738.032	17.2374
740.984	13.2493
743.938	1.26101
746.888	13.2725
749.839	25.2837
752.788	9.2947
755.735	13.3055
758.682	5.31598
761.627	13.3263
764.574	7.33634
767.517	13.3462
770.46	23.3558
773.402	25.3652
776.342	7.37431
779.282	25.3832
782.219	13.3919
785.157	-0.599565
788.094	21.4087
791.029	19.4168
793.962	9.4246
796.896	5.43222
799.828	3.43963
802.76	7.44683
805.689	15.4538
808.619	7.4606
811.546	3.46717
814.473	11.4735
817.4	15.4797
820.324	21.4857
823.248	15.4914
826.17	15.497
829.092	25.5024
832.012	23.5075
834.932	11.5125
837.851	-0.482732
840.768	17.5219
843.685	17.5262
846.599	15.5304
849.514	13.5345
852.428	21.5383
855.339	23.5419
858.251	5.54539
861.16	13.5487
864.07	9.55177
866.978	11.5547
869.884	5.55742
872.792	19.56
875.696	5.56236
878.599	1.56457
881.502	13.5666
884.404	5.56847
887.304	11.5702
890.204	25.5717
893.103	19.5731
896.001	5.57425
898.898	13.5753
901.794	15.5761
904.689	15.5769
907.581	21.5774
910.474	21.5778
913.364	13.578
916.256	1.57808
919.144	11.578
922.034	9.57776
924.92	23.5774
927.808	11.5768
930.693	9.57613
933.576	9.5753
936.459	5.57431
939.341	15.5732
942.222	15.5719
945.102	13.5705
947.981	15.5689
950.859	1.56722
953.737	9.56538
956.613	-2.43659
959.488	3.56129
962.361	25.559
965.235	-6.44334
968.105	5.55415
970.977	11.5515
973.846	9.54873
976.716	13.5458
979.583	1.54279
982.449	5.53964
985.316	11.5364
988.18	21.5329
991.043	17.5294
993.906	11.5258
996.767	17.522
999.628	13.5181
1002.49	11.5141
1005.35	3.51
1008.2	17.5058
1011.06	13.5014
1013.91	9.49697
1016.77	19.4924
1019.62	11.4877
1022.48	11.4829
1025.33	1.47805
1028.18	3.47305
1031.03	15.4679
1033.87	17.4627
1036.72	7.45744
1039.57	3.45203
1042.41	27.4465
1045.26	7.44092
1048.1	1.43522
1050.94	19.4294
1053.78	23.4235
1056.62	5.41755
1059.46	7.41148
1062.3	15.4053
1065.14	13.3991
1067.97	-2.60729
1070.81	5.38628
1073.64	5.37977
1076.47	7.37317
1079.31	-4.63352
1082.14	5.35971
1084.97	5.35286
1087.8	11.3459
1090.63	11.3389
1093.45	11.3319
1096.28	17.3247
1099.1	13.3175
1101.93	11.3102
1104.75	11.3028
1107.57	-0.704684
1110.39	5.28779
1113.21	7.28021
1116.03	3.27254
1118.85	15.2648
1121.66	5.25703
1124.48	5.24917
1127.3	19.2413
1130.11	7.23327
1132.92	5.22523
1135.73	5.21713
1138.54	-4.79103
1141.35	5.20076
1144.16	3.19248
1146.97	9.18415
1149.78	3.17577
1152.58	5.16734
1155.39	11.1588
1158.19	5.15031
1161	9.14172
1163.8	1.13309
1166.6	9.12441
1169.4	3.11568
1172.2	-2.89309
1174.99	-0.901911
1177.79	9.08923
1180.59	7.08033
1183.38	3.07139
1186.17	15.0624
1188.97	-6.94661
1191.76	9.04434
1194.55	3.03525
1197.34	11.0261
1200.13	23.017
1202.92	-6.99223
1205.7	-3.00145
1208.49	10.9893
1211.27	4.98001
1214.06	4.9707
1216.84	12.9614
1219.62	0.952003
1222.4	10.9426
1225.18	8.9332
1227.96	10.9238
1230.74	4.9143
1233.51	20.9048
1236.29	12.8953
1239.06	20.8858
1241.84	10.8763
1244.61	12.8667
1247.38	4.85717
1250.15	6.8476
1252.92	0.838004
1255.69	10.8284
1258.46	14.8188
1261.23	10.8092
1263.99	-9.20047
1266.76	0.789887
1269.52	18.7802
1272.28	2.77059
1275.05	2.76093
1277.81	8.75127
1280.57	6.7416
1283.33	22.7319
1286.08	2.72227
1288.84	8.71261
1291.6	2.70294
1294.35	0.693278
1297.11	26.6836
1299.86	0.67397
1302.61	4.66432
1305.36	2.65468
1308.11	8.64505
1310.86	6.63543
1313.61	0.625813
1316.36	4.6162
1319.1	10.6066
1321.85	8.59704
1324.59	6.58747
1327.33	0.57792
1330.08	6.56839
1332.82	2.55887
1335.56	8.54937
1338.3	10.5399
1341.04	10.5304
1343.77	10.521
1346.51	-5.48843
1349.25	10.5022
1351.98	8.4928
1354.71	18.4834
1357.45	8.47412
1360.18	6.46483
1362.91	12.4556
1365.64	4.44632
1368.37	-1.56289
1371.09	4.42793
1373.82	6.41878
1376.54	-1.59033
1379.27	10.4006
1381.99	6.39153
1384.72	8.38252
1387.44	2.37355
1390.16	10.3646
1392.88	8.35571
1395.6	12.3468
1398.31	8.33802
1401.03	6.32924
1403.75	14.3205
1406.46	12.3118
1409.18	-1.69685
1411.89	8.29455
1414.6	18.286
1417.31	6.27747
1420.02	16.269
1422.73	16.2606
1425.44	0.252215
1428.15	10.2439
1430.85	16.2356
1433.56	10.2274
1436.26	-7.78075
1438.97	4.21115
1441.67	-9.79691
1444.37	0.195098
1447.07	16.1872
1449.77	16.1793
1452.47	10.1715
1455.16	0.163687
1457.86	10.156
1460.56	4.14834
1463.25	2.14076
1465.94	-5.86676
1468.64	12.1258
1471.33	6.1184
1474.02	16.1111
1476.71	14.1038
1479.4	10.0966
1482.09	-3.91049
1484.77	10.0825
1487.46	12.0755
1490.14	12.0686
1492.83	16.0617
1495.51	6.05497
1498.19	8.04828
1500.87	-3.95834
1503.55	6.03512
1506.23	6.02866
1508.91	8.02227
1511.59	12.016
1514.27	0.00973103
1516.94	12.0036
1519.62	-2.00249
1522.29	5.99152
1524.96	9.98562
1527.63	9.97979
1530.3	3.97405
1532.97	17.9684
1535.64	9.96283
1538.31	-2.04265
1540.98	1.95196
1543.64	9.94665
1546.31	5.94143
1548.97	9.9363
1551.63	11.9313
1554.3	11.9263
1556.96	11.9215
1559.62	3.91671
1562.28	9.91205
1564.94	-6.09252
1567.59	3.903
1570.25	9.89862
1572.9	9.89434
1575.56	-4.10984
1578.21	-2.11392
1580.86	9.88209
1583.52	11.8782
1586.17	1.87443
1588.82	17.8707
1591.47	15.8672
1594.11	5.8637
1596.76	11.8603
1599.41	23.8571
1602.05	5.85392
1604.69	3.85087
1607.34	13.8479
1609.98	7.84509
1612.62	13.8424
1615.26	3.83975
1617.9	9.83725
1620.54	9.83486
1623.18	9.83258
1625.81	-2.16958
1628.45	1.82837
1631.08	11.8264
1633.72	-0.175387
1636.35	1.82291
1638.98	-0.178676
1641.61	-0.180145
1644.24	3.81851
1646.87	3.81728
1649.5	-2.18383
1652.13	9.81518
1654.75	19.8143
1657.38	1.81357
1660	7.81294
1662.63	23.8124
1665.25	1.81208
1667.87	-2.18817
1670.49	-4.18829
1673.11	3.81172
1675.73	3.81185
1678.35	7.81211
1680.96	3.81251
1683.58	3.81303
1686.19	11.8137
1688.81	5.81447
1691.42	5.81538
1694.03	-0.183565
1696.64	17.8176
1699.25	15.8189
1701.87	11.8204
1704.47	11.822
1707.08	3.82371
1709.69	35.8256
1712.29	15.8276
1714.9	19.8297
1717.5	1.83199
1720.1	-2.16559
1722.71	19.837
1725.31	3.83968
1727.91	7.84252
1730.51	7.84551
1733.1	3.84864
1735.7	9.85192
1738.3	9.85534
1740.89	-4.14109
1743.49	1.86262
1746.08	9.86649
1748.67	15.8705
1751.26	9.87465
1753.86	-0.121037
1756.45	11.8834
1759.03	7.88803
1761.62	11.8928
1764.21	13.8977
1766.8	5.90277
1769.38	-2.09201
1771.97	5.91336
1774.55	11.9189
1777.13	1.92458
1779.71	3.93042
1782.29	19.9364
1784.87	11.9426
1787.45	5.94888
1790.03	17.9553
1792.61	23.962
1795.18	7.96877
1797.76	9.97573
1800.33	23.9828
1802.9	13.9901
1805.48	1.99756
1808.05	10.0052
1810.62	6.01293
1813.19	6.02086
1815.76	6.02896
1818.33	20.0372
1820.89	10.0457
1823.46	-3.94574
1826.02	0.0630278
1828.59	22.072
1831.15	6.08107
1833.71	-3.90965
1836.27	10.0998
1838.84	6.10941
1841.39	12.1192
1843.95	24.1292
1846.51	14.1393
1849.07	10.1496
1851.62	14.1601
1854.18	12.1708
1856.73	8.18159
1859.29	14.1926
1861.84	4.20379
1864.39	12.2152
1866.94	10.2267
1869.49	10.2384
1872.04	6.25033
1874.59	0.262416
1877.13	0.274682
1879.68	8.28712
1882.22	-1.70025
1884.77	-1.68743
1887.31	6.32556
1889.85	20.3387
1892.39	26.3521
1894.93	14.3656
1897.47	18.3794
1900.01	4.3933
1902.55	6.40741
1905.09	8.4217
1907.62	14.4362
1910.16	8.45085
1912.69	10.4657
1915.22	4.48077
1917.76	10.496
1920.29	8.51144
1922.82	2.52706
1925.35	18.5429
1927.88	20.5589
1930.4	-1.42491
1932.93	6.59149
1935.46	-1.39192
1937.98	18.6249
1940.51	-7.35815
1943.03	2.65903
1945.55	-1.32361
1948.07	10.694
1950.59	4.71174
1953.11	14.7297
1955.63	2.74788
1958.15	10.7662
1960.67	4.78481
1963.18	2.80358
1965.7	10.8225
1968.21	14.8417
1970.73	4.8611
1973.24	14.8807
1975.75	10.9005
1978.26	8.92044
1980.77	16.9406
1983.28	-9.03897
1985.79	0.981631
1988.29	31.0024
1990.8	3.02346
1993.31	5.04469
1995.81	11.0661
1998.31	3.08774
