100.093	25.9961
103.274	30.0803
106.457	12.1641
109.636	2.24741
112.817	4.33026
115.994	-5.58742
119.172	2.49449
122.347	10.5759
125.521	20.6568
128.696	0.737316
131.868	12.8173
135.039	16.8969
138.209	0.97593
141.379	7.0546
144.547	1.13277
147.713	15.2105
150.879	13.2877
154.043	7.36456
157.206	9.44093
160.368	3.51685
163.529	3.59232
166.689	-0.332648
169.848	1.74194
173.006	-4.18391
176.163	13.8898
179.316	15.963
182.471	10.0359
185.625	12.1083
188.777	8.18027
191.927	12.2518
195.077	16.3229
198.224	0.393547
201.372	20.4638
204.52	16.5337
207.664	14.6031
210.809	12.6721
213.95	2.74062
217.091	12.8087
220.233	4.87651
223.372	-7.05618
226.509	25.0107
229.648	9.07725
232.784	7.14333
235.918	3.209
239.051	1.27428
242.186	9.33919
245.317	15.4037
248.447	13.4677
251.577	13.5314
254.705	19.5947
257.832	3.65756
260.958	-0.27995
264.083	-0.21785
267.204	29.8438
270.327	9.90514
273.449	5.96608
276.57	0.0266331
279.69	8.0868
282.806	6.14655
285.924	6.20596
289.04	-5.73501
292.154	18.3236
295.268	6.38189
298.379	14.4398
301.492	2.4973
304.601	10.5544
307.711	4.61122
310.818	8.66762
313.924	6.72365
317.031	18.7794
320.135	6.83465
323.238	-1.1104
326.34	4.94418
329.443	6.99845
332.543	5.05232
335.642	11.1058
338.74	7.159
341.836	15.2118
344.932	15.2643
348.027	9.3164
351.12	3.36817
354.213	9.4196
357.302	31.4706
360.393	15.5214
363.482	7.57179
366.57	11.6219
369.656	3.67155
372.742	13.7209
375.827	19.77
378.91	11.8187
381.993	-8.13291
385.073	17.9151
388.154	-0.037146
391.232	10.0102
394.311	8.05732
397.387	18.104
400.462	14.1505
403.536	10.1965
406.611	8.24234
409.683	26.2878
412.754	-9.66707
415.824	4.37776
418.893	12.4223
421.961	4.46646
425.027	6.51035
428.093	22.5539
431.158	12.5972
434.222	14.6402
437.284	10.6828
440.346	10.7252
443.407	-7.23274
446.464	8.80899
449.523	4.85045
452.581	20.8916
455.635	6.93246
458.691	8.97303
461.743	13.0133
464.797	1.05329
467.847	17.093
470.899	19.1324
473.947	5.17148
476.994	3.2103
480.043	7.24886
483.088	7.28711
486.133	1.32508
489.176	15.3628
492.22	11.4002
495.262	-2.56265
498.302	17.4742
501.341	1.5108
504.38	15.5471
507.417	1.58316
510.453	11.6189
513.487	-2.34558
516.521	15.6897
519.554	3.72464
522.586	-2.24065
525.616	7.79378
528.646	11.828
531.675	3.86189
534.701	17.8955
537.729	7.92895
540.753	5.96209
543.778	9.99499
546.8	10.0276
549.821	10.06
552.844	4.09214
555.863	14.124
558.881	-5.84435
561.898	2.18704
564.916	4.2182
567.932	14.2491
570.946	-7.72025
573.959	2.31017
576.971	0.340342
579.982	10.3703
582.993	-1.60002
586	6.42943
589.008	-1.54134
592.015	12.4877
595.022	8.51643
598.025	-5.45505
601.029	0.573256
604.032	6.60134
607.033	6.62918
610.034	4.65681
613.032	2.6842
616.032	8.71138
619.028	6.73833
622.023	4.76506
625.018	-1.20843
628.013	2.81788
631.005	6.84396
633.997	18.8698
636.987	12.8955
639.977	12.9209
642.965	2.94615
645.952	10.9712
648.939	12.996
651.924	-2.97941
654.909	-0.955009
657.892	-4.93081
660.873	15.0932
663.854	3.11696
666.835	15.1406
669.813	11.1639
672.791	1.18714
675.767	13.2101
678.743	13.2329
681.717	11.2555
684.692	7.27795
687.664	3.30016
690.634	7.32219
693.606	13.344
696.575	7.36569
699.543	3.38715
702.51	17.4084
705.475	5.42953
708.44	15.4504
711.404	-12.5288
714.367	-0.50828
717.329	5.51209
720.29	17.5323
723.25	15.5523
726.207	11.5721
729.166	7.5918
732.123	15.6113
735.077	9.63061
738.032	11.6498
740.984	3.66874
743.938	17.6876
746.888	11.7062
749.839	13.7247
752.788	9.743
755.735	5.76115
758.682	-10.2209
761.627	13.797
764.574	23.8146
767.517	9.83214
770.46	3.84949
773.402	15.8667
776.342	5.88373
779.282	13.9006
782.219	15.9173
785.157	3.93392
788.094	9.95036
791.029	3.96664
793.962	11.9828
796.896	17.9988
799.828	10.0146
802.76	14.0303
805.689	4.04585
808.619	4.06126
811.546	10.0765
814.473	8.09166
817.4	22.1067
820.324	12.1215
823.248	12.1362
826.17	0.150805
829.092	10.1653
832.012	20.1796
834.932	18.1938
837.851	20.2078
840.768	4.22173
843.685	14.2355
846.599	24.2492
849.514	10.2627
852.428	14.2761
855.339	14.2894
858.251	6.30261
861.16	14.3156
864.07	14.3286
866.978	12.3414
869.884	2.35407
872.792	10.3666
875.696	28.3791
878.599	12.3914
881.502	12.4037
884.404	-3.58422
887.304	22.4278
890.204	12.4397
893.103	14.4515
896.001	6.46313
898.898	24.4747
901.794	10.4862
904.689	8.49752
907.581	26.5088
910.474	8.51992
913.364	18.531
916.256	14.5419
919.144	0.552749
922.034	8.5635
924.92	22.5741
927.808	2.5847
930.693	2.59516
933.576	10.6055
936.459	10.6158
939.341	14.626
942.222	16.6361
945.102	14.6461
947.981	18.656
950.859	-7.33422
953.737	6.67551
956.613	10.6852
959.488	2.69472
962.361	6.7042
965.235	12.7136
968.105	6.7229
970.977	0.732139
973.846	14.7413
976.716	8.75037
979.583	6.75936
982.449	6.76828
985.316	6.77713
988.18	6.7859
991.043	6.79459
993.906	12.8032
996.767	2.81177
999.628	12.8203
1002.49	2.82866
1005.35	18.837
1008.2	8.84529
1011.06	4.85349
1013.91	16.8616
1016.77	-3.13028
1019.62	14.8777
1022.48	8.88569
1025.33	16.8936
1028.18	4.90142
1031.03	4.90919
1033.87	4.91691
1036.72	4.92457
1039.57	-1.06783
1042.41	2.93971
1045.26	-3.05279
1048.1	2.95464
1050.94	12.962
1053.78	12.9694
1056.62	-1.02335
1059.46	2.98388
1062.3	6.99107
1065.14	12.9982
1067.97	3.0053
1070.81	1.01234
1073.64	11.0193
1076.47	5.0263
1079.31	-0.966783
1082.14	7.04009
1084.97	3.04692
1087.8	11.0537
1090.63	9.06047
1093.45	15.0672
1096.28	9.07386
1099.1	13.0805
1101.93	15.0871
1104.75	11.0937
1107.57	9.10022
1110.39	9.10673
1113.21	7.1132
1116.03	7.11964
1118.85	11.1261
1121.66	-0.867555
1124.48	-2.86119
1127.3	-4.85486
1130.11	11.1514
1132.92	3.15772
1135.73	7.16398
1138.54	13.1702
1141.35	17.1764
1144.16	13.1826
1146.97	1.18879
1149.78	17.1949
1152.58	5.20107
1155.39	3.20719
1158.19	-0.786716
1161	11.2194
1163.8	11.2254
1166.6	-6.76851
1169.4	7.23753
1172.2	1.24356
1174.99	3.24957
1177.79	-2.74442
1180.59	-2.73843
1183.38	1.26756
1186.17	3.27355
1188.97	11.2795
1191.76	1.28549
1194.55	5.29145
1197.34	-2.70259
1200.13	17.3034
1202.92	-2.69069
1205.7	5.31526
1208.49	-2.67879
1211.27	11.3272
1214.06	3.33311
1216.84	-4.66093
1219.62	-0.654979
1222.4	3.35098
1225.18	15.3569
1227.96	-0.637088
1230.74	13.3689
1233.51	7.37487
1236.29	9.38086
1239.06	1.38686
1241.84	5.39287
1244.61	-2.60111
1247.38	13.4049
1250.15	5.41096
1252.92	11.417
1255.69	17.4231
1258.46	1.42916
1261.23	-2.56474
1263.99	-2.55862
1266.76	17.4475
1269.52	13.4537
1272.28	5.45983
1275.05	5.46602
1277.81	3.47223
1280.57	3.47846
1283.33	9.48471
1286.08	11.491
1288.84	13.4973
1291.6	19.5036
1294.35	5.50996
1297.11	5.51633
1299.86	5.52273
1302.61	9.52916
1305.36	15.5356
1308.11	7.54211
1310.86	3.54862
1313.61	15.5552
1316.36	-0.438247
1319.1	9.56837
1321.85	1.57501
1324.59	15.5817
1327.33	3.58841
1330.08	5.59516
1332.82	1.60195
1335.56	1.60877
1338.3	9.61564
1341.04	5.62254
1343.77	5.62948
1346.51	7.63646
1349.25	11.6435
1351.98	1.65055
1354.71	11.6577
1357.45	3.66481
1360.18	3.672
1362.91	-4.32075
1365.64	5.68654
1368.37	15.6939
1371.09	1.70125
1373.82	-6.29132
1376.54	-8.28384
1379.27	9.72369
1381.99	17.7313
1384.72	3.7389
1387.44	-2.25342
1390.16	-8.24569
1392.88	1.7621
1395.6	-2.23005
1398.31	11.7778
1401.03	-0.214207
1403.75	9.7938
1406.46	3.80187
1409.18	11.81
1411.89	13.8182
1414.6	5.82642
1417.31	5.83472
1420.02	9.84309
1422.73	3.85152
1425.44	3.86001
1428.15	9.86855
1430.85	-0.122829
1433.56	13.8858
1436.26	-2.1054
1438.97	3.90341
1441.67	-6.08772
1444.37	21.9212
1447.07	7.93024
1449.77	5.93932
1452.47	-6.05153
1455.16	11.9577
1457.86	19.967
1460.56	3.97635
1463.25	17.9858
1465.94	3.9953
1468.64	8.00489
1471.33	16.0145
1474.02	8.02428
1476.71	8.03409
1479.4	-1.95602
1482.09	2.05394
1484.77	16.064
1487.46	22.0741
1490.14	-1.9157
1492.83	12.0946
1495.51	8.10495
1498.19	12.1154
1500.87	2.12591
1503.55	-1.86348
1506.23	10.1472
1508.91	6.15799
1511.59	-3.83115
1514.27	12.1798
1516.94	26.1908
1519.62	12.2019
1522.29	10.2132
1524.96	0.224449
1527.63	6.23583
1530.3	14.2473
1532.97	6.25887
1535.64	6.27053
1538.31	2.28228
1540.98	-1.70589
1543.64	8.30605
1546.31	8.31807
1548.97	-3.66981
1551.63	6.3424
1554.3	6.35472
1556.96	6.36713
1559.62	2.37963
1562.28	8.39223
1564.94	8.40493
1567.59	14.4177
1570.25	10.4306
1572.9	12.4436
1575.56	6.45673
1578.21	10.4699
1580.86	2.48323
1583.52	6.49663
1586.17	4.51014
1588.82	2.52376
1591.47	8.53747
1594.11	-5.44871
1596.76	18.5652
1599.41	8.57925
1602.05	4.59339
1604.69	-1.39236
1607.34	4.622
1609.98	14.6365
1612.62	12.651
1615.26	10.6657
1617.9	14.6805
1620.54	18.6954
1623.18	6.71046
1625.81	20.7256
1628.45	10.7408
1631.08	10.7562
1633.72	12.7717
1636.35	12.7873
1638.98	16.803
1641.61	16.8188
1644.24	2.83474
1646.87	24.8508
1649.5	12.867
1652.13	18.8833
1654.75	16.8997
1657.38	-3.08379
1660	28.9329
1662.63	20.9496
1665.25	6.96655
1667.87	8.98356
1670.49	21.0007
1673.11	7.01797
1675.73	7.03536
1678.35	3.05288
1680.96	7.07052
1683.58	7.08828
1686.19	9.10617
1688.81	1.1242
1691.42	15.1423
1694.03	7.16062
1696.64	5.17902
1699.25	9.19755
1701.87	29.2162
1704.47	3.23501
1707.08	7.25393
1709.69	13.273
1712.29	19.2922
1714.9	13.3115
1717.5	5.33095
1720.1	11.3505
1722.71	15.3703
1725.31	3.39012
1727.91	19.4101
1730.51	-0.569757
1733.1	3.4505
1735.7	9.47092
1738.3	15.4915
1740.89	5.51214
1743.49	13.533
1746.08	-0.446088
1748.67	-16.425
1751.26	13.5962
1753.86	13.6176
1756.45	9.63915
1759.03	7.6608
1761.62	29.6826
1764.21	29.7046
1766.8	13.7266
1769.38	9.74888
1771.97	9.77127
1774.55	21.7938
1777.13	3.81647
1779.71	19.8393
1782.29	13.8622
1784.87	15.8854
1787.45	5.90863
1790.03	17.932
1792.61	13.9556
1795.18	-4.0207
1797.76	20.0032
1800.33	12.0272
1802.9	10.0513
1805.48	18.0756
1808.05	14.1001
1810.62	16.1247
1813.19	8.14949
1815.76	14.1744
1818.33	0.199502
1820.89	16.2247
1823.46	14.2501
1826.02	26.2757
1828.59	24.3014
1831.15	6.32722
1833.71	8.35324
1836.27	12.3794
1838.84	2.40574
1841.39	24.4322
1843.95	10.4589
1846.51	10.4857
1849.07	12.5126
1851.62	-7.46022
1854.18	-1.43293
1856.73	28.5945
1859.29	16.6221
1861.84	18.6499
1864.39	14.6778
1866.94	18.706
1869.49	20.7342
1872.04	6.76266
1874.59	16.7913
1877.13	-1.17997
1879.68	14.8489
1882.22	6.87804
1884.77	4.90731
1887.31	12.9367
1889.85	-3.03366
1892.39	10.9961
1894.93	15.026
1897.47	21.0562
1900.01	15.0864
1902.55	13.1169
1905.09	19.1475
1907.62	15.1783
1910.16	17.2092
1912.69	25.2404
1915.22	1.27167
1917.76	1.30313
1920.29	9.33479
1922.82	9.36661
1925.35	13.3986
1927.88	11.4308
1930.4	7.46314
1932.93	15.4957
1935.46	1.52837
1937.98	11.5613
1940.51	9.59431
1943.03	23.6276
1945.55	7.66095
1948.07	3.69455
1950.59	23.7283
1953.11	17.7623
1955.63	15.7964
1958.15	17.8307
1960.67	1.86519
1963.18	7.89986
1965.7	9.93471
1968.21	11.9697
1970.73	6.00497
1973.24	16.0404
1975.75	6.07595
1978.26	14.1117
1980.77	6.14767
1983.28	30.1838
1985.79	16.2201
1988.29	20.2566
1990.8	18.2934
1993.31	18.3302
1995.81	0.367302
1998.31	12.4045
