100.093	-2.58445
103.274	5.434
106.457	-8.5474
109.636	25.4713
112.817	21.4902
115.994	17.5091
119.172	15.5282
122.347	17.5474
125.521	3.56673
128.696	9.58619
131.868	5.60575
135.039	29.6254
138.209	3.64523
141.379	3.66515
144.547	23.6852
147.713	15.7053
150.879	5.72558
154.043	19.7459
157.206	11.7664
160.368	3.78701
163.529	7.80771
166.689	5.82851
169.848	5.84943
173.006	3.87045
176.163	3.89157
179.316	17.9128
182.471	-2.06588
185.625	3.95555
188.777	1.97709
191.927	17.9987
195.077	8.02044
198.224	0.0422613
201.372	-5.93581
204.52	2.08622
207.664	0.10833
210.809	22.1305
213.95	-3.84715
217.091	4.17524
220.233	16.1977
223.372	10.2203
226.509	12.243
229.648	12.2657
232.784	12.2886
235.918	-1.6885
239.051	12.3345
242.186	12.3576
245.317	14.3808
248.447	0.404082
251.577	8.42743
254.705	6.45086
257.832	-3.52563
260.958	8.49797
264.083	12.5216
267.204	8.54537
270.327	12.5692
273.449	16.5931
276.57	12.6171
279.69	-3.35887
282.806	14.6652
285.924	8.68943
289.04	4.7137
292.154	8.73802
295.268	2.76243
298.379	8.7869
301.492	2.81144
304.601	12.836
307.711	2.86072
310.818	16.8855
313.924	26.9102
317.031	14.9351
320.135	14.96
323.238	2.98502
326.34	23.0101
329.443	1.03519
332.543	23.0603
335.642	5.08557
338.74	5.11085
341.836	15.1362
344.932	19.1616
348.027	13.187
351.12	7.21252
354.213	-0.761927
357.302	13.2637
360.393	9.28932
363.482	7.31502
366.57	21.3408
369.656	9.36657
372.742	9.39243
375.827	-0.581674
378.91	3.44426
381.993	-0.52975
385.073	-2.50373
388.154	19.5224
391.232	7.54846
394.311	11.5746
397.387	-0.399183
400.462	1.62705
403.536	1.65332
406.611	3.67965
409.683	7.70599
412.754	9.73238
415.824	3.7588
418.893	-12.2147
421.961	17.8117
425.027	21.8383
428.093	-0.13517
431.158	3.89142
434.222	13.918
437.284	-0.0553062
440.346	3.97138
443.407	-14.0019
446.464	14.0248
449.523	12.0516
452.581	-1.92163
455.635	12.1052
458.691	12.132
461.743	16.1589
464.797	24.1858
467.847	14.2126
470.899	4.23958
473.947	10.2665
476.994	6.29348
480.043	6.32047
483.088	6.34747
486.133	4.37448
489.176	-1.59848
492.22	4.42858
495.262	4.45564
498.302	2.48272
501.341	6.50981
504.38	-7.46309
507.417	-5.43597
510.453	6.59116
513.487	0.618279
516.521	2.64543
519.554	6.67259
522.586	6.69975
525.616	0.726907
528.646	0.754087
531.675	-1.21873
534.701	6.80845
537.729	-1.16436
540.753	0.862827
543.778	8.89003
546.8	0.917219
549.821	6.94441
552.844	16.9716
555.863	16.9988
558.881	17.026
561.898	-6.94682
564.916	7.08039
567.932	1.10757
570.946	7.13475
573.959	5.16193
576.971	5.1891
579.982	5.21626
582.993	3.24342
586	11.2706
589.008	5.29769
592.015	13.3248
595.022	3.35195
598.025	15.379
601.029	3.40615
604.032	17.4332
607.033	-0.539701
610.034	1.48736
613.032	5.5144
616.032	13.5414
619.028	9.56844
622.023	7.59542
625.018	-2.37761
628.013	-4.35063
631.005	9.6763
633.997	3.70322
636.987	11.7301
639.977	-6.24301
642.965	-6.21616
645.952	5.81068
648.939	-0.162512
651.924	1.86428
654.909	1.89104
657.892	-6.08222
660.873	5.94448
663.854	11.9712
666.835	-2.00218
669.813	8.02444
672.791	16.051
675.767	12.0776
678.743	14.1042
681.717	18.1307
684.692	12.1571
687.664	4.18358
690.634	6.20999
693.606	10.2364
696.575	14.2627
699.543	12.289
702.51	18.3153
705.475	0.341532
708.44	2.36773
711.404	6.39389
714.367	4.42002
717.329	2.44611
720.29	6.47215
723.25	-5.50184
726.207	10.5241
729.166	4.55004
732.123	24.5759
735.077	20.6018
738.032	0.627555
740.984	2.6533
743.938	-1.32099
746.888	8.70466
749.839	0.730284
752.788	2.75584
755.735	6.78136
758.682	0.806823
761.627	8.83224
764.574	6.85763
767.517	12.8829
770.46	8.90822
773.402	-3.06656
776.342	10.9586
779.282	14.9837
782.219	3.00877
785.157	5.03378
788.094	11.0587
791.029	7.08364
793.962	-4.89153
796.896	13.1333
799.828	7.15798
802.76	9.18266
805.689	3.20726
808.619	9.23182
811.546	23.2563
814.473	19.2807
817.4	-0.694877
820.324	19.3294
823.248	1.35368
826.17	13.3779
829.092	5.40198
832.012	-2.57396
834.932	7.45004
837.851	7.47397
840.768	13.4978
843.685	5.52163
846.599	23.5453
849.514	19.569
852.428	11.5926
855.339	23.6161
858.251	15.6396
861.16	5.66297
864.07	13.6863
866.978	21.7095
869.884	3.7327
872.792	15.7558
875.696	1.77884
878.599	7.80179
881.502	11.8247
884.404	11.8475
887.304	13.8702
890.204	9.89285
893.103	-0.0845728
896.001	7.93793
898.898	3.96035
901.794	15.9827
904.689	10.005
907.581	10.0271
910.474	20.0493
913.364	10.0713
916.256	12.0932
919.144	2.11508
922.034	8.13687
924.92	2.15856
927.808	18.1802
930.693	8.20172
933.576	12.2232
936.459	12.2445
939.341	4.26579
942.222	12.287
945.102	10.3081
947.981	4.3291
950.859	4.35003
953.737	0.370868
956.613	24.3916
959.488	4.41228
962.361	4.43285
965.235	20.4533
968.105	18.4737
970.977	-1.50599
973.846	8.51421
976.716	2.53433
979.583	16.5543
982.449	10.5743
985.316	6.59411
988.18	12.6138
991.043	16.6335
993.906	10.653
996.767	0.672466
999.628	16.6918
1002.49	4.71107
1005.35	24.7302
1008.2	10.7493
1011.06	2.76823
1013.91	6.78709
1016.77	14.8058
1019.62	16.8245
1022.48	-1.15694
1025.33	14.8615
1028.18	16.8799
1031.03	4.8981
1033.87	12.9162
1036.72	18.9343
1039.57	4.95222
1042.41	10.97
1045.26	8.98777
1048.1	9.00539
1050.94	13.0229
1053.78	9.04031
1056.62	-0.942396
1059.46	13.0748
1062.3	-0.908122
1065.14	-0.891159
1067.97	17.1257
1070.81	-0.857548
1073.64	31.1591
1076.47	7.17562
1079.31	1.19205
1082.14	19.2083
1084.97	15.2246
1087.8	1.24063
1090.63	17.2566
1093.45	7.27245
1096.28	11.2882
1099.1	23.3038
1101.93	5.31931
1104.75	13.3347
1107.57	19.35
1110.39	1.36515
1113.21	7.38018
1116.03	7.3951
1118.85	3.40991
1121.66	5.42459
1124.48	13.4392
1127.3	9.45361
1130.11	3.46794
1132.92	-6.51786
1135.73	17.4962
1138.54	-2.48982
1141.35	9.52402
1144.16	1.53774
1146.97	5.55134
1149.78	-0.435194
1152.58	13.5781
1155.39	21.5914
1158.19	17.6045
1161	9.61744
1163.8	9.63027
1166.6	3.643
1169.4	-8.34441
1172.2	17.6681
1174.99	-0.319609
1177.79	5.6926
1180.59	-4.29533
1183.38	-6.28338
1186.17	1.72844
1188.97	5.74013
1191.76	17.7517
1194.55	7.76312
1197.34	11.7744
1200.13	11.7856
1202.92	17.7966
1205.7	3.80751
1208.49	5.81828
1211.27	15.8289
1214.06	5.8394
1216.84	9.84977
1219.62	9.86
1222.4	-2.12991
1225.18	-2.11995
1227.96	-6.11013
1230.74	21.8996
1233.51	21.9091
1236.29	17.9185
1239.06	-0.0722215
1241.84	15.9369
1244.61	11.9459
1247.38	3.95476
1250.15	1.96347
1252.92	13.972
1255.69	-4.01952
1258.46	21.9888
1261.23	5.99692
1263.99	12.0049
1266.76	10.0128
1269.52	14.0205
1272.28	18.0281
1275.05	2.03554
1277.81	24.0428
1280.57	4.04997
1283.33	10.057
1286.08	-3.93617
1288.84	10.0705
1291.6	14.0771
1294.35	12.0835
1297.11	16.0898
1299.86	16.0959
1302.61	8.10191
1305.36	2.10773
1308.11	6.11342
1310.86	8.11895
1313.61	12.1243
1316.36	4.12956
1319.1	16.1346
1321.85	18.1396
1324.59	6.14435
1327.33	10.149
1330.08	30.1535
1332.82	4.15779
1335.56	8.16196
1338.3	10.166
1341.04	4.16984
1343.77	4.17356
1346.51	8.17711
1349.25	12.1805
1351.98	-3.81623
1354.71	8.18686
1357.45	6.1898
1360.18	10.1926
1362.91	-7.80479
1365.64	26.1977
1368.37	6.19999
1371.09	-1.79786
1373.82	4.20414
1376.54	4.20597
1379.27	4.20765
1381.99	16.2092
1384.72	12.2105
1387.44	20.2117
1390.16	10.2128
1392.88	6.21365
1395.6	4.21437
1398.31	12.2149
1401.03	8.21532
1403.75	6.21555
1406.46	10.2156
1409.18	16.2155
1411.89	8.21527
1414.6	6.21485
1417.31	14.2143
1420.02	-1.78648
1422.73	4.21261
1425.44	14.2115
1428.15	12.2103
1430.85	18.2089
1433.56	14.2073
1436.26	8.20557
1438.97	10.2037
1441.67	6.20159
1444.37	10.1993
1447.07	-1.80307
1449.77	8.19436
1452.47	-1.80839
1455.16	8.18869
1457.86	6.18561
1460.56	22.1824
1463.25	20.1789
1465.94	-1.82467
1468.64	10.1716
1471.33	12.1676
1474.02	18.1635
1476.71	16.1592
1479.4	14.1548
1482.09	12.1502
1484.77	10.1454
1487.46	2.1404
1490.14	4.13525
1492.83	10.1299
1495.51	6.12444
1498.19	2.11878
1500.87	14.1129
1503.55	10.1069
1506.23	14.1007
1508.91	10.0944
1511.59	-7.91218
1514.27	0.0811018
1516.94	8.07421
1519.62	8.06713
1522.29	4.05988
1524.96	16.0525
1527.63	2.04485
1530.3	6.03706
1532.97	-1.9709
1535.64	10.021
1538.31	8.01263
1540.98	12.0041
1543.64	23.9955
1546.31	-2.0134
1548.97	-4.02245
1551.63	21.9683
1554.3	9.95892
1556.96	9.94934
1559.62	9.93957
1562.28	11.9296
1564.94	13.9195
1567.59	-0.0908202
1570.25	5.89868
1572.9	7.888
1575.56	13.8771
1578.21	9.86609
1580.86	21.8549
1583.52	5.84343
1586.17	7.83183
1588.82	5.82004
1591.47	17.8081
1594.11	7.79591
1596.76	19.7836
1599.41	11.771
1602.05	-8.24168
1604.69	15.7454
1607.34	13.7323
1609.98	1.71904
1612.62	1.70557
1615.26	9.69191
1617.9	7.67807
1620.54	3.66403
1623.18	13.6498
1625.81	-0.364602
1628.45	11.6208
1631.08	19.606
1633.72	9.59103
1636.35	15.5759
1638.98	-8.4395
1641.61	21.5449
1644.24	3.52919
1646.87	1.51326
1649.5	17.4971
1652.13	-2.51919
1654.75	5.46429
1657.38	-6.55241
1660	9.43068
1662.63	7.41359
1665.25	-0.6037
1667.87	19.3788
1670.49	9.36115
1673.11	7.34328
1675.73	-8.67478
1678.35	9.30696
1680.96	1.2885
1683.58	9.26986
1686.19	19.251
1688.81	13.232
1691.42	7.21273
1694.03	25.1933
1696.64	9.17367
1699.25	11.1538
1701.87	11.1338
1704.47	7.11358
1707.08	11.0932
1709.69	5.07254
1712.29	13.0517
1714.9	9.03071
1717.5	5.0095
1720.1	8.98808
1722.71	8.96646
1725.31	10.9447
1727.91	2.92264
1730.51	4.90043
1733.1	18.878
1735.7	12.8554
1738.3	12.8326
1740.89	6.80956
1743.49	10.7863
1746.08	16.7629
1748.67	0.739292
1751.26	8.71548
1753.86	-3.30855
1756.45	8.66721
1759.03	12.6428
1761.62	6.61814
1764.21	14.5933
1766.8	6.56827
1769.38	8.54302
1771.97	16.5176
1774.55	-9.5081
1777.13	12.466
1779.71	4.43997
1782.29	4.41371
1784.87	12.3872
1787.45	2.36054
1790.03	0.333666
1792.61	0.306561
1795.18	12.2793
1797.76	18.2517
1800.33	20.224
1802.9	6.19612
1805.48	14.168
1808.05	8.13966
1810.62	12.1111
1813.19	6.08236
1815.76	0.0533964
1818.33	6.02422
1820.89	3.99484
1823.46	-0.0347371
1826.02	15.9355
1828.59	-2.09454
1831.15	5.87525
1833.71	9.84481
1836.27	3.81418
1838.84	15.7833
1841.39	5.75228
1843.95	-4.27898
1846.51	-4.31046
1849.07	11.6579
1851.62	11.626
1854.18	5.59384
1856.73	3.56153
1859.29	13.529
1861.84	3.49624
1864.39	7.46329
1866.94	13.4301
1869.49	5.39672
1872.04	5.36312
1874.59	19.3293
1877.13	7.29528
1879.68	5.26106
1882.22	1.2266
1884.77	13.1919
1887.31	9.15706
1889.85	5.12195
1892.39	5.08665
1894.93	7.05113
1897.47	7.01537
1900.01	10.9794
1902.55	8.94325
1905.09	6.90686
1907.62	-7.12974
1910.16	24.8335
1912.69	10.7964
1915.22	10.7592
1917.76	6.7217
1920.29	12.684
1922.82	0.646111
1925.35	2.60797
1927.88	12.5696
1930.4	4.53109
1932.93	10.4923
1935.46	-1.54667
1937.98	2.41411
1940.51	-3.62532
1943.03	4.33503
1945.55	14.2952
1948.07	0.255082
1950.59	8.21479
1953.11	2.17425
1955.63	18.1335
1958.15	20.0926
1960.67	4.05138
1963.18	12.01
1965.7	-2.03165
1968.21	-6.07349
1970.73	7.88444
1973.24	7.84214
1975.75	-0.200345
1978.26	-0.243088
1980.77	13.714
1983.28	1.67079
1985.79	1.6274
1988.29	7.58379
1990.8	7.53993
1993.31	-0.50413
1995.81	7.45159
1998.31	5.40711
