100.093	21.249
103.274	9.2717
106.457	17.2944
109.636	11.317
112.817	27.3397
115.994	17.3623
119.172	21.3848
122.347	13.4074
125.521	1.42994
128.696	13.4525
131.868	15.475
135.039	5.49743
138.209	9.51988
141.379	1.54232
144.547	15.5647
147.713	13.5871
150.879	15.6095
154.043	-2.3682
157.206	21.6541
160.368	17.6764
163.529	-2.30133
166.689	11.7209
169.848	17.7431
173.006	13.7653
176.163	9.7875
179.316	-4.19037
182.471	25.8318
185.625	9.85386
188.777	13.8759
191.927	5.89797
195.077	11.92
198.224	7.94198
201.372	9.96396
204.52	-14.0141
207.664	4.00782
210.809	20.0297
213.95	14.0516
217.091	4.07342
220.233	16.0952
223.372	6.11703
226.509	4.13879
229.648	2.16054
232.784	6.18224
235.918	12.2039
239.051	10.2256
242.186	0.247214
245.317	2.26881
248.447	16.2904
251.577	20.3119
254.705	8.33345
257.832	12.3549
260.958	2.3764
264.083	2.39784
267.204	14.4192
270.327	16.4406
273.449	14.462
276.57	-3.51672
279.69	2.50458
282.806	0.52583
285.924	16.5471
289.04	4.56828
292.154	8.58944
295.268	4.61059
298.379	12.6317
301.492	22.6528
304.601	12.6738
307.711	8.69488
310.818	6.71587
313.924	10.7368
317.031	2.75777
320.135	0.778671
323.238	10.7995
326.34	8.82038
329.443	2.8412
332.543	8.86198
335.642	24.8827
338.74	18.9034
341.836	20.9241
344.932	4.94479
348.027	18.9654
351.12	4.98601
354.213	-2.99343
357.302	13.0271
360.393	15.0476
363.482	5.06805
366.57	17.0885
369.656	11.1089
372.742	11.1292
375.827	13.1496
378.91	9.16987
381.993	5.19014
385.073	9.21037
388.154	23.2306
391.232	-2.74927
394.311	13.2709
397.387	7.29097
400.462	5.31103
403.536	7.33106
406.611	15.3511
409.683	7.37102
412.754	3.39095
415.824	-0.589157
418.893	3.4307
421.961	11.4505
425.027	-0.529684
428.093	7.49007
431.158	13.5098
434.222	5.52948
437.284	7.54913
440.346	7.56875
443.407	-0.41167
446.464	-2.39214
449.523	13.6274
452.581	7.64685
455.635	-4.33372
458.691	11.6857
461.743	17.705
464.797	3.72438
467.847	21.7437
470.899	17.7629
473.947	5.78214
476.994	9.80131
480.043	9.82047
483.088	9.83957
486.133	-2.14136
489.176	-8.12233
492.22	3.89667
495.262	-4.08437
498.302	1.93455
501.341	-2.04657
504.38	7.97228
507.417	5.99109
510.453	10.0099
513.487	12.0286
516.521	8.04727
519.554	2.06593
522.586	16.0845
525.616	6.10312
528.646	0.12166
531.675	22.1402
534.701	0.158619
537.729	0.177047
540.753	6.19542
543.778	10.2138
546.8	12.2321
549.821	8.25033
552.844	2.26857
555.863	4.28675
558.881	12.3049
561.898	-1.677
564.916	-1.65892
567.932	4.3591
570.946	2.37709
573.959	10.395
576.971	10.4129
579.982	6.4308
582.993	10.4486
586	16.4664
589.008	-3.51585
592.015	-1.49815
595.022	4.51952
598.025	-1.46287
601.029	6.55471
604.032	12.5723
607.033	14.5897
610.034	-1.3928
613.032	4.62461
616.032	-3.35801
619.028	8.65932
622.023	2.6766
625.018	2.69384
628.013	-3.28895
631.005	2.72821
633.997	12.7453
636.987	22.7624
639.977	14.7794
642.965	0.796429
645.952	6.81338
648.939	10.8303
651.924	4.84715
654.909	-1.13603
657.892	-5.11925
660.873	2.89747
663.854	14.9142
666.835	14.9308
669.813	8.94741
672.791	14.964
675.767	0.98049
678.743	16.997
681.717	11.0134
684.692	9.02978
687.664	1.04612
690.634	7.06241
693.606	17.0787
696.575	1.09488
699.543	11.111
702.51	1.12716
705.475	-2.85677
708.44	15.1593
711.404	11.1752
714.367	7.19118
717.329	13.2071
720.29	7.22293
723.25	11.2387
726.207	5.25449
729.166	21.2702
732.123	-0.714123
735.077	7.30149
738.032	7.31708
740.984	19.3326
743.938	27.3481
746.888	27.3635
749.839	15.3789
752.788	11.3943
755.735	15.4096
758.682	23.4248
761.627	13.44
764.574	11.4552
767.517	3.47032
770.46	17.4854
773.402	13.5004
776.342	5.51538
779.282	-0.469687
782.219	13.5452
785.157	3.56002
788.094	19.5748
791.029	11.5896
793.962	25.6042
796.896	9.61889
799.828	-0.366516
802.76	9.64804
805.689	13.6625
808.619	1.677
811.546	7.6914
814.473	3.70576
817.4	7.72008
820.324	11.7343
823.248	1.74855
826.17	17.7627
829.092	9.77684
832.012	5.79091
834.932	7.80493
837.851	21.8189
840.768	11.8328
843.685	23.8467
846.599	19.8605
849.514	7.87431
852.428	11.888
855.339	11.9017
858.251	11.9153
861.16	9.92892
864.07	9.94246
866.978	11.9559
869.884	5.96937
872.792	21.9828
875.696	29.9961
878.599	4.00938
881.502	4.02261
884.404	6.03579
887.304	14.0489
890.204	12.062
893.103	12.075
896.001	16.088
898.898	14.101
901.794	14.1139
904.689	10.1267
907.581	12.1395
910.474	0.152206
913.364	4.16488
916.256	12.1775
919.144	16.1901
922.034	-5.79737
924.92	6.21511
927.808	20.2275
930.693	6.23991
933.576	6.25224
936.459	14.2645
939.341	2.27673
942.222	14.2889
945.102	24.301
947.981	2.31309
950.859	18.3251
953.737	12.3371
956.613	8.34899
959.488	12.3609
962.361	-3.62734
965.235	8.38442
968.105	12.3961
970.977	2.40778
973.846	6.41938
976.716	4.43093
979.583	16.4424
982.449	0.453871
985.316	12.4653
988.18	10.4766
991.043	20.4879
993.906	-3.50087
996.767	0.510309
999.628	4.52144
1002.49	-1.46748
1005.35	8.54354
1008.2	14.5545
1011.06	10.5654
1013.91	8.57629
1016.77	20.5871
1019.62	0.597855
1022.48	-3.39144
1025.33	14.6192
1028.18	8.62981
1031.03	8.64035
1033.87	24.6508
1036.72	16.6613
1039.57	2.67166
1042.41	6.68199
1045.26	4.69227
1048.1	14.7025
1050.94	-1.28735
1053.78	6.72277
1056.62	10.7328
1059.46	14.7428
1062.3	14.7528
1065.14	4.76267
1067.97	-1.22748
1070.81	20.7823
1073.64	2.79204
1076.47	6.80171
1079.31	10.8113
1082.14	6.82091
1084.97	-11.1696
1087.8	16.8399
1090.63	2.84928
1093.45	4.85863
1096.28	18.8679
1099.1	-9.12284
1101.93	16.8863
1104.75	22.8955
1107.57	8.90455
1110.39	14.9136
1113.21	-1.07747
1116.03	24.9314
1118.85	-3.05971
1121.66	4.94908
1124.48	20.9578
1127.3	4.96651
1130.11	-1.02486
1132.92	0.983714
1135.73	12.9922
1138.54	5.00069
1141.35	9.00909
1144.16	17.0174
1146.97	13.0257
1149.78	11.034
1152.58	3.04215
1155.39	-0.949721
1158.19	1.05835
1161	5.06636
1163.8	11.0743
1166.6	13.0822
1169.4	-2.90994
1172.2	-4.90216
1174.99	3.10557
1177.79	-0.886758
1180.59	15.1209
1183.38	1.12841
1186.17	-0.864082
1188.97	-8.85664
1191.76	3.15075
1194.55	7.15808
1197.34	11.1654
1200.13	5.17257
1202.92	19.1797
1205.7	13.1868
1208.49	11.1939
1211.27	-0.799139
1214.06	11.2078
1216.84	7.21466
1219.62	11.2215
1222.4	1.22823
1225.18	7.23493
1227.96	15.2416
1230.74	5.24816
1233.51	19.2547
1236.29	-0.738851
1239.06	5.26756
1241.84	19.2739
1244.61	11.2802
1247.38	7.28644
1250.15	15.2926
1252.92	3.29874
1255.69	-2.6952
1258.46	13.3108
1261.23	-2.68326
1263.99	1.32263
1266.76	3.32846
1269.52	15.3342
1272.28	9.33994
1275.05	3.34559
1277.81	25.3512
1280.57	11.3567
1283.33	5.36219
1286.08	13.3676
1288.84	13.373
1291.6	5.37827
1294.35	5.38351
1297.11	13.3887
1299.86	9.39381
1302.61	7.39888
1305.36	3.40388
1308.11	-0.591172
1310.86	1.41371
1313.61	9.41854
1316.36	-4.57669
1319.1	17.428
1321.85	1.43266
1324.59	3.43725
1327.33	1.44178
1330.08	19.4463
1332.82	-0.549337
1335.56	7.45501
1338.3	13.4593
1341.04	3.46354
1343.77	5.46771
1346.51	17.4718
1349.25	21.4759
1351.98	-0.520137
1354.71	7.4838
1357.45	7.48767
1360.18	5.49148
1362.91	13.4952
1365.64	5.49893
1368.37	15.5026
1371.09	9.50613
1373.82	9.50964
1376.54	11.5131
1379.27	17.5165
1381.99	7.51981
1384.72	7.52308
1387.44	1.52629
1390.16	-4.47056
1392.88	13.5325
1395.6	13.5356
1398.31	9.53852
1401.03	19.5414
1403.75	9.54428
1406.46	5.54706
1409.18	11.5498
1411.89	15.5525
1414.6	11.5551
1417.31	1.55759
1420.02	19.5601
1422.73	9.56249
1425.44	3.56485
1428.15	15.5672
1430.85	13.5694
1433.56	19.5716
1436.26	11.5737
1438.97	7.57573
1441.67	-0.422279
1444.37	13.5797
1447.07	17.5815
1449.77	5.58333
1452.47	19.5851
1455.16	13.5868
1457.86	23.5884
1460.56	-4.41006
1463.25	13.5914
1465.94	3.59288
1468.64	11.5943
1471.33	11.5956
1474.02	17.5968
1476.71	-0.401981
1479.4	3.59915
1482.09	7.60022
1484.77	17.6012
1487.46	19.6022
1490.14	15.6031
1492.83	17.6039
1495.51	17.6046
1498.19	13.6053
1500.87	17.606
1503.55	1.60653
1506.23	17.607
1508.91	11.6075
1511.59	9.60787
1514.27	3.6082
1516.94	1.60846
1519.62	11.6087
1522.29	-0.391206
1524.96	17.6089
1527.63	13.6089
1530.3	7.60883
1532.97	-0.391285
1535.64	11.6085
1538.31	15.6083
1540.98	-4.392
1543.64	5.60764
1546.31	9.60721
1548.97	11.6067
1551.63	13.6062
1554.3	21.6056
1556.96	5.60488
1559.62	5.60414
1562.28	21.6033
1564.94	15.6025
1567.59	-0.398461
1570.25	9.60055
1572.9	17.5995
1575.56	11.5984
1578.21	29.5972
1580.86	17.596
1583.52	-4.40536
1586.17	15.5933
1588.82	11.5918
1591.47	13.5903
1594.11	27.5888
1596.76	7.58716
1599.41	-2.41452
1602.05	21.5837
1604.69	-2.41808
1607.34	21.58
1609.98	3.5781
1612.62	-2.4239
1615.26	13.574
1617.9	21.5719
1620.54	7.56971
1623.18	21.5675
1625.81	7.56513
1628.45	19.5627
1631.08	7.5603
1633.72	1.55779
1636.35	5.55521
1638.98	9.55258
1641.61	3.54987
1644.24	3.54711
1646.87	9.54428
1649.5	5.54138
1652.13	29.5384
1654.75	13.5354
1657.38	5.53232
1660	19.5292
1662.63	17.526
1665.25	9.52268
1667.87	13.5193
1670.49	19.5159
1673.11	9.51247
1675.73	1.50893
1678.35	1.50534
1680.96	19.5017
1683.58	23.498
1686.19	9.49416
1688.81	-2.50969
1691.42	-0.513609
1694.03	19.4824
1696.64	5.47836
1699.25	-0.525748
1701.87	25.4701
1704.47	11.4658
1707.08	9.46153
1709.69	7.45717
1712.29	7.45273
1714.9	17.4482
1717.5	3.44368
1720.1	17.4391
1722.71	13.4344
1725.31	-4.57039
1727.91	-0.575214
1730.51	-0.580097
1733.1	15.415
1735.7	15.4099
1738.3	5.40486
1740.89	13.3997
1743.49	3.39452
1746.08	7.38924
1748.67	11.3839
1751.26	19.3785
1753.86	7.37304
1756.45	9.36751
1759.03	9.36192
1761.62	7.35626
1764.21	11.3505
1766.8	19.3447
1769.38	9.33889
1771.97	7.33297
1774.55	17.327
1777.13	7.32093
1779.71	25.3148
1782.29	17.3086
1784.87	29.3024
1787.45	-0.70391
1790.03	5.28972
1792.61	11.2833
1795.18	-4.72323
1797.76	15.2702
1800.33	13.2636
1802.9	7.25687
1805.48	-0.749893
1808.05	19.2433
1810.62	11.2364
1813.19	7.22942
1815.76	7.2224
1818.33	15.2153
1820.89	23.2081
1823.46	1.20093
1826.02	9.19364
1828.59	11.1863
1831.15	17.1789
1833.71	15.1714
1836.27	13.1638
1838.84	21.1562
1841.39	19.1486
1843.95	13.1408
1846.51	17.133
1849.07	23.1251
1851.62	21.1172
1854.18	13.1092
1856.73	17.1011
1859.29	21.093
1861.84	3.08477
1864.39	19.0765
1866.94	15.0682
1869.49	7.05977
1872.04	21.0513
1874.59	-0.957222
1877.13	11.0342
1879.68	19.0255
1882.22	23.0168
1884.77	13.008
1887.31	6.99915
1889.85	18.9902
1892.39	10.9812
1894.93	10.9722
1897.47	4.96306
1900.01	6.95387
1902.55	14.9446
1905.09	20.9353
1907.62	10.9259
1910.16	12.9165
1912.69	4.90696
1915.22	22.8974
1917.76	10.8877
1920.29	14.878
1922.82	-7.13176
1925.35	2.8584
1927.88	10.8485
1930.4	-7.16149
1932.93	18.8285
1935.46	8.81836
1937.98	6.80819
1940.51	6.79795
1943.03	8.78764
1945.55	14.7773
1948.07	-3.23316
1950.59	6.75634
1953.11	12.7458
1955.63	14.7351
1958.15	14.7244
1960.67	6.71367
1963.18	14.7028
1965.7	10.6919
1968.21	4.68097
1970.73	12.6699
1973.24	2.65884
1975.75	0.647678
1978.26	-9.36355
1980.77	10.6252
1983.28	4.61379
1985.79	6.60236
1988.29	12.5909
1990.8	12.5793
1993.31	20.5677
1995.81	0.555986
1998.31	6.54424
