100.093	2.76821
103.274	16.8481
106.457	2.92764
109.636	11.0067
112.817	17.0853
115.994	15.1635
119.172	19.2413
122.347	17.3187
125.521	15.3956
128.696	9.47208
131.868	1.54814
135.039	7.62377
138.209	9.69898
141.379	-0.226173
144.547	13.8482
147.713	13.9222
150.879	-6.00429
154.043	10.0688
157.206	8.14155
160.368	4.21386
163.529	20.2858
166.689	0.357246
169.848	0.428327
173.006	4.499
176.163	8.56927
179.316	8.63909
182.471	-3.29145
185.625	0.777613
188.777	-1.15372
191.927	4.91449
195.077	4.98236
198.224	5.04978
201.372	7.11686
204.52	17.1835
207.664	23.2498
210.809	21.3157
213.95	3.38114
217.091	23.4462
220.233	17.5109
223.372	7.57524
226.509	7.63916
229.648	13.7027
232.784	7.76589
235.918	-10.1713
239.051	9.89104
242.186	-4.04691
245.317	-5.98528
248.447	6.07598
251.577	8.13686
254.705	10.1974
257.832	20.2575
260.958	18.3173
264.083	18.3767
267.204	4.43564
270.327	2.49429
273.449	14.5526
276.57	4.6105
279.69	14.6681
282.806	4.72521
285.924	0.782044
289.04	6.83851
292.154	12.8946
295.268	16.9503
298.379	-0.994302
301.492	5.06074
304.601	7.11538
307.711	1.16971
310.818	7.22366
313.924	7.27725
317.031	9.33052
320.135	9.38341
323.238	5.43596
326.34	15.4882
329.443	5.54004
332.543	-0.408458
335.642	33.6427
338.74	7.69353
341.836	23.744
344.932	21.7941
348.027	5.84395
351.12	17.8934
354.213	-4.05746
357.302	11.9913
360.393	2.03976
363.482	14.0879
366.57	12.1357
369.656	8.18311
372.742	8.23024
375.827	-1.72296
378.91	8.32349
381.993	16.3696
385.073	-1.58456
388.154	10.4609
391.232	6.50609
394.311	10.5509
397.387	16.5954
400.462	6.63964
403.536	18.6835
406.611	12.7271
409.683	2.77032
412.754	4.81324
415.824	8.85585
418.893	8.89814
421.961	-3.05987
425.027	8.9818
428.093	15.0232
431.158	25.0642
434.222	15.105
437.284	3.1454
440.346	5.18554
443.407	15.2254
446.464	5.26487
449.523	1.30409
452.581	7.34302
455.635	19.3816
458.691	13.4199
461.743	5.45795
464.797	21.4957
467.847	-6.46691
470.899	3.57024
473.947	9.60706
476.994	21.6436
480.043	13.6799
483.088	9.71581
486.133	11.7515
489.176	15.7868
492.22	5.82195
495.262	5.85676
498.302	9.89127
501.341	17.9255
504.38	21.9595
507.417	1.99312
510.453	18.0265
513.487	14.0596
516.521	18.0924
519.554	8.12498
522.586	-3.84275
525.616	14.1892
528.646	-7.77904
531.675	-3.74759
534.701	30.2836
537.729	26.3145
540.753	10.3451
543.778	-7.62454
546.8	14.4055
549.821	0.435355
552.844	10.4649
555.863	6.4942
558.881	-11.4768
561.898	14.552
564.916	0.580486
567.932	-3.39128
570.946	0.636688
573.959	-3.3356
576.971	6.69185
579.982	6.71905
582.993	8.74599
586	8.77266
589.008	2.79909
592.015	4.82527
595.022	-1.14881
598.025	22.8769
601.029	12.9023
604.032	10.9274
607.033	4.95236
610.034	6.97704
613.032	23.0015
616.032	3.02564
619.028	3.04957
622.023	1.07326
625.018	7.0967
628.013	11.1199
631.005	1.14287
633.997	3.1656
636.987	11.1881
639.977	-4.78968
642.965	7.23233
645.952	3.2541
648.939	-6.72436
651.924	15.2969
654.909	11.318
657.892	-2.66114
660.873	9.35946
663.854	7.37984
666.835	7.39999
669.813	3.4199
672.791	3.43959
675.767	13.4591
678.743	-6.5217
681.717	15.4973
684.692	9.5161
687.664	13.5347
690.634	11.553
693.606	13.5711
696.575	-0.41096
699.543	15.6067
702.51	19.6242
705.475	7.64144
708.44	13.6585
711.404	13.6753
714.367	5.69189
717.329	5.70828
720.29	5.72446
723.25	15.7404
726.207	25.7562
729.166	-6.22827
732.123	15.7871
735.077	-2.19781
738.032	29.8171
740.984	23.8318
743.938	17.8463
746.888	7.86065
749.839	9.87475
752.788	1.88865
755.735	21.9023
758.682	11.9158
761.627	23.9291
764.574	7.94225
767.517	21.9551
770.46	11.9679
773.402	7.98036
776.342	1.99267
779.282	2.00479
782.219	8.01671
785.157	8.02845
788.094	14.04
791.029	8.05134
793.962	18.0625
796.896	16.0735
799.828	14.0842
802.76	-3.90515
805.689	16.1053
808.619	10.1155
811.546	8.12551
814.473	10.1354
817.4	16.145
820.324	8.15453
823.248	22.1638
826.17	16.173
829.092	20.1819
832.012	30.1907
834.932	14.1993
837.851	4.20769
840.768	16.2159
843.685	16.224
846.599	4.23188
849.514	14.2396
852.428	20.2471
855.339	24.2545
858.251	36.2617
861.16	16.2687
864.07	8.27561
866.978	22.2823
869.884	12.2888
872.792	12.2952
875.696	8.30138
878.599	14.3074
881.502	4.31326
884.404	14.319
887.304	2.3245
890.204	-3.67012
893.103	22.3351
896.001	6.34015
898.898	10.345
901.794	8.34978
904.689	12.3544
907.581	6.35878
910.474	12.363
913.364	14.3672
916.256	12.3711
919.144	0.374921
922.034	6.37857
924.92	12.3821
927.808	6.38542
930.693	0.388619
933.576	14.3917
936.459	8.39457
939.341	2.39732
942.222	18.3999
945.102	2.40238
947.981	2.40469
950.859	8.40686
953.737	16.4089
956.613	10.4108
959.488	10.4125
962.361	2.41411
965.235	10.4156
968.105	2.41688
970.977	10.4181
973.846	10.4191
976.716	18.42
979.583	6.42077
982.449	10.4214
985.316	10.4219
988.18	14.4223
991.043	10.4225
993.906	4.42257
996.767	18.4225
999.628	8.42236
1002.49	6.42206
1005.35	14.4216
1008.2	24.4211
1011.06	2.42039
1013.91	0.419572
1016.77	0.418631
1019.62	10.4176
1022.48	2.41637
1025.33	8.41505
1028.18	18.4136
1031.03	-3.58795
1033.87	22.4104
1036.72	-1.59144
1039.57	0.406629
1042.41	2.40458
1045.26	8.40241
1048.1	10.4001
1050.94	14.3977
1053.78	12.3952
1056.62	2.39257
1059.46	2.38982
1062.3	16.387
1065.14	18.384
1067.97	16.3809
1070.81	6.37768
1073.64	26.3744
1076.47	16.3709
1079.31	4.36739
1082.14	0.363743
1084.97	24.36
1087.8	14.3561
1090.63	10.3521
1093.45	10.3481
1096.28	-7.65612
1099.1	8.33959
1101.93	6.3352
1104.75	6.3307
1107.57	6.3261
1110.39	12.3214
1113.21	12.3166
1116.03	14.3117
1118.85	4.30668
1121.66	22.3016
1124.48	-1.70363
1127.3	-1.70893
1130.11	6.28567
1132.92	18.2802
1135.73	2.27458
1138.54	14.2689
1141.35	12.2631
1144.16	22.2572
1146.97	2.25126
1149.78	-3.7548
1152.58	12.2391
1155.39	2.23281
1158.19	10.2265
1161	12.22
1163.8	0.213536
1166.6	10.2069
1169.4	2.20024
1172.2	26.1935
1174.99	10.1866
1177.79	8.17966
1180.59	6.17263
1183.38	12.1655
1186.17	0.158309
1188.97	10.151
1191.76	12.1437
1194.55	14.1362
1197.34	0.128688
1200.13	8.12108
1202.92	40.1134
1205.7	16.1056
1208.49	0.0977872
1211.27	0.0898644
1214.06	2.08187
1216.84	4.07379
1219.62	20.0656
1222.4	22.0574
1225.18	-3.95088
1227.96	16.0408
1230.74	16.0323
1233.51	12.0238
1236.29	14.0152
1239.06	4.00654
1241.84	5.99782
1244.61	-2.01098
1247.38	1.98015
1250.15	9.97122
1252.92	17.9622
1255.69	7.95314
1258.46	29.944
1261.23	11.9348
1263.99	5.92554
1266.76	3.91621
1269.52	7.90681
1272.28	9.89736
1275.05	3.88783
1277.81	13.8783
1280.57	9.86861
1283.33	-0.141094
1286.08	15.8491
1288.84	9.83932
1291.6	13.8294
1294.35	5.8195
1297.11	-0.190496
1299.86	-6.20055
1302.61	13.7893
1305.36	9.77917
1308.11	13.769
1310.86	7.75868
1313.61	13.7484
1316.36	9.73797
1319.1	3.72754
1321.85	7.71705
1324.59	21.7065
1327.33	9.69593
1330.08	3.68529
1332.82	5.67461
1335.56	13.6639
1338.3	7.65309
1341.04	17.6423
1343.77	9.63138
1346.51	15.6205
1349.25	5.60949
1351.98	7.59848
1354.71	-6.41259
1357.45	-0.423687
1360.18	1.56517
1362.91	13.554
1365.64	-0.457255
1368.37	7.53147
1371.09	5.52016
1373.82	15.5088
1376.54	5.49742
1379.27	1.48599
1381.99	23.4745
1384.72	5.463
1387.44	1.45146
1390.16	5.43987
1392.88	17.4283
1395.6	3.4166
1398.31	15.4049
1401.03	17.3932
1403.75	5.38143
1406.46	1.36963
1409.18	11.3578
1411.89	23.346
1414.6	5.33407
1417.31	5.32216
1420.02	13.3102
1422.73	11.2982
1425.44	9.28621
1428.15	11.2742
1430.85	15.2621
1433.56	-2.74998
1436.26	5.2379
1438.97	23.2258
1441.67	-2.78641
1444.37	7.20139
1447.07	17.1892
1449.77	-4.82307
1452.47	7.16466
1455.16	9.15236
1457.86	9.14005
1460.56	1.12771
1463.25	11.1153
1465.94	-0.897028
1468.64	-4.90943
1471.33	9.07815
1474.02	13.0657
1476.71	25.0533
1479.4	13.0408
1482.09	11.0283
1484.77	7.01577
1487.46	9.00325
1490.14	8.99071
1492.83	-5.02185
1495.51	14.9656
1498.19	4.95299
1500.87	-1.05961
1503.55	14.9278
1506.23	10.9151
1508.91	4.90251
1511.59	-1.11014
1514.27	12.8772
1516.94	20.8645
1519.62	10.8518
1522.29	20.8392
1524.96	4.82645
1527.63	6.81374
1530.3	10.801
1532.97	14.7883
1535.64	10.7756
1538.31	8.76283
1540.98	2.75009
1543.64	12.7373
1546.31	16.7246
1548.97	24.7118
1551.63	-9.30093
1554.3	6.6863
1556.96	-3.32647
1559.62	14.6608
1562.28	6.64799
1564.94	6.63522
1567.59	14.6224
1570.25	10.6097
1572.9	-5.4031
1575.56	-3.41587
1578.21	12.5714
1580.86	8.55859
1583.52	2.54582
1586.17	24.5331
1588.82	6.52029
1591.47	4.50754
1594.11	18.4948
1596.76	8.48204
1599.41	-3.5307
1602.05	8.45656
1604.69	8.44383
1607.34	6.43111
1609.98	4.41839
1612.62	-1.59432
1615.26	0.39298
1617.9	4.38029
1620.54	12.3676
1623.18	14.3549
1625.81	6.34227
1628.45	14.3296
1631.08	14.317
1633.72	18.3044
1636.35	-1.70825
1638.98	24.2791
1641.61	20.2666
1644.24	14.254
1646.87	6.24141
1649.5	18.2289
1652.13	-7.78366
1654.75	8.20382
1657.38	10.1913
1660	12.1788
1662.63	10.1664
1665.25	4.15391
1667.87	8.14148
1670.49	18.1291
1673.11	4.11667
1675.73	-1.8957
1678.35	10.0919
1680.96	12.0796
1683.58	12.0673
1686.19	2.055
1688.81	16.0427
1691.42	4.03048
1694.03	12.0182
1696.64	8.00604
1699.25	15.9939
1701.87	5.9817
1704.47	7.96957
1707.08	-2.04254
1709.69	7.94538
1712.29	21.9333
1714.9	13.9213
1717.5	-6.09071
1720.1	9.89732
1722.71	9.88536
1725.31	11.8734
1727.91	1.86155
1730.51	1.84969
1733.1	-10.1621
1735.7	11.826
1738.3	7.81427
1740.89	11.8025
1743.49	9.79081
1746.08	1.77913
1748.67	15.7675
1751.26	11.7559
1753.86	15.7443
1756.45	19.7327
1759.03	19.7212
1761.62	13.7097
1764.21	15.6983
1766.8	17.6869
1769.38	1.6755
1771.97	1.66415
1774.55	9.65284
1777.13	-2.35842
1779.71	17.6303
1782.29	3.61915
1784.87	3.608
1787.45	1.59688
1790.03	7.5858
1792.61	1.57476
1795.18	11.5638
1797.76	-6.4472
1800.33	5.54188
1802.9	13.531
1805.48	5.52017
1808.05	5.50937
1810.62	13.4986
1813.19	13.4879
1815.76	5.47724
1818.33	15.4666
1820.89	11.456
1823.46	5.4455
1826.02	7.43501
1828.59	15.4246
1831.15	17.4142
1833.71	-0.596194
1836.27	3.3935
1838.84	7.38324
1841.39	7.37302
1843.95	9.36286
1846.51	23.3527
1849.07	7.34267
1851.62	-10.6674
1854.18	11.3227
1856.73	-2.68725
1859.29	3.30288
1861.84	11.2931
1864.39	5.28329
1866.94	-2.72644
1869.49	11.2639
1872.04	5.25427
1874.59	15.2447
1877.13	15.2352
1879.68	5.22574
1882.22	3.21633
1884.77	5.20698
1887.31	11.1977
1889.85	7.18844
1892.39	7.17925
1894.93	-0.829877
1897.47	5.16104
1900.01	15.152
1902.55	9.14306
1905.09	17.1341
1907.62	9.1253
1910.16	15.1165
1912.69	-4.89222
1915.22	11.0991
1917.76	7.09049
1920.29	-4.91808
1922.82	9.07343
1925.35	1.06499
1927.88	-4.94339
1930.4	15.0483
1932.93	7.04004
1935.46	21.0318
1937.98	11.0237
1940.51	-0.98436
1943.03	13.0076
1945.55	-7.00031
1948.07	22.9918
1950.59	6.98399
1953.11	8.97623
1955.63	4.96854
1958.15	0.960921
1960.67	4.95336
1963.18	6.94587
1965.7	4.93844
1968.21	2.93108
1970.73	6.92378
1973.24	16.9165
1975.75	8.90939
1978.26	2.9023
1980.77	6.89527
1983.28	6.88831
1985.79	18.8814
1988.29	4.87461
1990.8	10.8679
1993.31	4.86117
1995.81	-3.14544
1998.31	2.84802
