100.093	8.30734
103.274	14.3515
106.457	14.3955
109.636	20.4393
112.817	2.48291
115.994	26.5263
119.172	18.5694
122.347	12.6123
125.521	18.6551
128.696	28.6976
131.868	6.73989
135.039	6.78198
138.209	4.82386
141.379	12.8656
144.547	12.907
147.713	2.94829
150.879	6.98935
154.043	3.0302
157.206	-2.92916
160.368	9.11128
163.529	17.1515
166.689	-0.808455
169.848	-0.768627
173.006	-0.729002
176.163	17.3104
179.316	1.34961
182.471	15.3886
185.625	19.4275
188.777	3.46607
191.927	-0.495542
195.077	31.5427
198.224	11.5807
201.372	-4.38151
204.52	-0.343892
207.664	9.69351
210.809	21.7307
213.95	1.76773
217.091	-2.19546
220.233	13.8412
223.372	7.87759
226.509	15.9138
229.648	19.9499
232.784	11.9857
235.918	14.0213
239.051	20.0568
242.186	12.092
245.317	6.12711
248.447	14.162
251.577	20.1966
254.705	22.2311
257.832	14.2654
260.958	10.2995
264.083	-3.66656
267.204	2.36714
270.327	12.4007
273.449	6.43402
276.57	24.4672
279.69	8.50015
282.806	14.5329
285.924	8.56551
289.04	6.59792
292.154	-7.36988
295.268	0.662154
298.379	30.694
301.492	16.7257
304.601	20.7571
307.711	18.7884
310.818	20.8195
313.924	10.8504
317.031	12.8812
320.135	8.91172
323.238	8.94209
326.34	4.97227
329.443	15.0023
332.543	5.03212
335.642	1.06176
338.74	9.09123
341.836	11.1205
344.932	23.1496
348.027	-2.82146
351.12	7.20729
354.213	3.23587
357.302	7.26424
360.393	19.2925
363.482	15.3205
366.57	1.34837
369.656	5.37604
372.742	25.4036
375.827	7.4309
378.91	3.45805
381.993	7.48504
385.073	1.51185
388.154	-6.46151
391.232	21.5649
394.311	-4.40875
397.387	-4.38264
400.462	7.64331
403.536	21.6691
406.611	11.6947
409.683	9.72013
412.754	-0.254613
415.824	3.77048
418.893	1.7954
421.961	17.8202
425.027	13.8447
428.093	1.86916
431.158	-0.106589
434.222	17.9175
437.284	5.94141
440.346	5.96517
443.407	23.9888
446.464	6.01216
449.523	10.0354
452.581	8.05851
455.635	10.0814
458.691	12.1042
461.743	12.1268
464.797	4.1492
467.847	16.1715
470.899	20.1936
473.947	-1.78449
476.994	24.2373
480.043	26.2589
483.088	14.2804
486.133	6.30166
489.176	8.3228
492.22	-1.65621
495.262	4.3646
498.302	12.3853
501.341	4.40576
504.38	-3.5739
507.417	8.44628
510.453	10.4663
513.487	8.48617
516.521	0.505879
519.554	12.5254
522.586	0.544839
525.616	24.5641
528.646	12.5832
531.675	14.6021
534.701	10.6209
537.729	6.6395
540.753	32.658
543.778	14.6763
546.8	24.6945
549.821	10.7125
552.844	12.7303
555.863	14.748
558.881	14.7656
561.898	2.78299
564.916	2.80025
567.932	2.81735
570.946	18.8343
573.959	22.8511
576.971	2.86777
579.982	16.8843
582.993	8.90063
586	10.9168
589.008	18.9329
592.015	2.94881
595.022	2.96458
598.025	0.980197
601.029	16.9957
604.032	15.011
607.033	1.02619
610.034	-2.95877
613.032	13.0561
616.032	11.0709
619.028	19.0855
622.023	7.09993
625.018	3.11425
628.013	-8.87157
631.005	5.14246
633.997	11.1563
636.987	1.1701
639.977	11.1837
642.965	25.1972
645.952	23.2105
648.939	-12.7763
651.924	5.23672
654.909	9.24963
657.892	5.2624
660.873	7.27502
663.854	15.2875
666.835	1.29986
669.813	3.31207
672.791	7.32414
675.767	27.3361
678.743	11.3479
681.717	-2.64046
684.692	19.3711
687.664	11.3825
690.634	9.39372
693.606	15.4048
696.575	5.41583
699.543	5.42668
702.51	5.4374
705.475	11.448
708.44	11.4584
711.404	-2.53125
714.367	13.4789
717.329	21.489
720.29	-4.50109
723.25	7.5087
726.207	-0.481644
729.166	1.52789
732.123	17.5373
735.077	21.5465
738.032	21.5557
740.984	9.56469
743.938	7.57357
746.888	1.58232
749.839	7.59094
752.788	15.5994
755.735	15.6078
758.682	11.616
761.627	21.6241
764.574	13.6321
767.517	23.64
770.46	13.6477
773.402	9.65532
776.342	5.6628
779.282	-2.32984
782.219	7.67738
785.157	19.6845
788.094	17.6915
791.029	13.6983
793.962	9.70506
796.896	9.71167
799.828	1.71816
802.76	25.7245
805.689	9.73076
808.619	9.73689
811.546	23.7429
814.473	21.7488
817.4	15.7545
820.324	5.76016
823.248	27.7657
826.17	15.7711
829.092	31.7764
832.012	21.7815
834.932	5.78655
837.851	9.79147
840.768	7.79627
843.685	17.801
846.599	27.8055
849.514	21.81
852.428	23.8143
855.339	7.81852
858.251	3.82262
861.16	15.8266
864.07	19.8305
866.978	17.8342
869.884	19.8379
872.792	17.8414
875.696	11.8448
878.599	19.8481
881.502	11.8513
884.404	13.8543
887.304	9.8573
890.204	17.8601
893.103	17.8629
896.001	15.8655
898.898	13.868
901.794	15.8704
904.689	19.8727
907.581	7.87484
910.474	11.8769
913.364	21.8789
916.256	-2.11931
919.144	23.8824
922.034	19.884
924.92	-0.11444
927.808	11.887
930.693	1.88826
933.576	5.88945
936.459	-4.10947
939.341	25.8915
942.222	13.8924
945.102	7.89312
947.981	9.89377
950.859	17.8943
953.737	11.8948
956.613	5.89509
959.488	-8.10468
962.361	11.8954
965.235	3.89546
968.105	15.8954
970.977	9.89518
973.846	1.89489
976.716	19.8945
979.583	3.89399
982.449	13.8934
985.316	13.8927
988.18	13.8919
991.043	1.89095
993.906	27.8899
996.767	21.8888
999.628	5.88761
1002.49	15.8863
1005.35	7.88487
1008.2	13.8834
1011.06	9.88174
1013.91	23.88
1016.77	5.8782
1019.62	7.87628
1022.48	19.8743
1025.33	-0.127845
1028.18	-0.130058
1031.03	15.8676
1033.87	-8.13478
1036.72	17.8627
1039.57	7.86012
1042.41	11.8574
1045.26	-0.14538
1048.1	21.8517
1050.94	19.8487
1053.78	13.8457
1056.62	5.84248
1059.46	11.8392
1062.3	7.83583
1065.14	15.8324
1067.97	15.8288
1070.81	21.8252
1073.64	1.82141
1076.47	15.8176
1079.31	25.8136
1082.14	7.80962
1084.97	5.8055
1087.8	13.8013
1090.63	19.797
1093.45	7.79259
1096.28	13.7881
1099.1	-0.216471
1101.93	13.7789
1104.75	23.7741
1107.57	15.7693
1110.39	7.76431
1113.21	19.7593
1116.03	11.7542
1118.85	9.74896
1121.66	5.74367
1124.48	1.73828
1127.3	9.73281
1130.11	-0.272756
1132.92	15.7216
1135.73	9.71586
1138.54	9.71004
1141.35	-2.29587
1144.16	1.69812
1146.97	15.692
1149.78	17.6859
1152.58	5.67962
1155.39	7.67327
1158.19	15.6668
1161	11.6603
1163.8	9.65374
1166.6	1.64705
1169.4	7.64028
1172.2	1.63343
1174.99	21.6265
1177.79	-2.38052
1180.59	13.6124
1183.38	-0.394806
1186.17	1.59792
1188.97	5.59057
1191.76	7.58314
1194.55	5.57563
1197.34	15.568
1200.13	3.56035
1202.92	7.55259
1205.7	9.54476
1208.49	3.53683
1211.27	15.5288
1214.06	-0.479246
1216.84	1.51259
1219.62	11.5044
1222.4	-2.50397
1225.18	15.4876
1227.96	9.47916
1230.74	17.4706
1233.51	9.46196
1236.29	9.45325
1239.06	1.44446
1241.84	7.43559
1244.61	1.42664
1247.38	13.4176
1250.15	11.4085
1252.92	15.3993
1255.69	7.39009
1258.46	9.38077
1261.23	3.37136
1263.99	7.36188
1266.76	19.3523
1269.52	-4.6573
1272.28	15.333
1275.05	9.32321
1277.81	9.31336
1280.57	1.30343
1283.33	23.2934
1286.08	9.28335
1288.84	-2.7268
1291.6	15.263
1294.35	15.2527
1297.11	-2.75768
1299.86	13.2319
1302.61	1.22136
1305.36	13.2108
1308.11	17.2001
1310.86	3.1894
1313.61	19.1786
1316.36	17.1677
1319.1	7.1568
1321.85	5.14579
1324.59	-4.86529
1327.33	7.12356
1330.08	19.1123
1332.82	7.10105
1335.56	13.0897
1338.3	15.0783
1341.04	11.0668
1343.77	13.0552
1346.51	1.04358
1349.25	11.0319
1351.98	11.0201
1354.71	-2.99172
1357.45	14.9964
1360.18	6.98441
1362.91	6.97237
1365.64	14.9603
1368.37	4.9481
1371.09	6.93586
1373.82	-5.07644
1376.54	6.9112
1379.27	8.89877
1381.99	10.8863
1384.72	18.8737
1387.44	2.86109
1390.16	8.84839
1392.88	8.83564
1395.6	18.8228
1398.31	18.8099
1401.03	16.797
1403.75	0.783987
1406.46	12.7709
1409.18	8.75777
1411.89	2.74457
1414.6	16.7313
1417.31	6.718
1420.02	10.7046
1422.73	16.6912
1425.44	12.6777
1428.15	0.664093
1430.85	4.65046
1433.56	6.63677
1436.26	6.62302
1438.97	10.6092
1441.67	8.59534
1444.37	20.5814
1447.07	2.56742
1449.77	16.5534
1452.47	-5.46074
1455.16	-1.47491
1457.86	8.51087
1460.56	12.4966
1463.25	16.4822
1465.94	6.46784
1468.64	16.4534
1471.33	10.4389
1474.02	10.4243
1476.71	4.40965
1479.4	2.39496
1482.09	8.38021
1484.77	10.3654
1487.46	12.3506
1490.14	16.3356
1492.83	10.3207
1495.51	8.30564
1498.19	6.29056
1500.87	4.27543
1503.55	2.26024
1506.23	0.244987
1508.91	12.2297
1511.59	6.21433
1514.27	0.198925
1516.94	6.18347
1519.62	10.1679
1522.29	2.15237
1524.96	20.1367
1527.63	4.12107
1530.3	12.1053
1532.97	4.08956
1535.64	-1.92628
1538.31	12.0578
1540.98	20.0419
1543.64	14.0259
1546.31	8.00987
1548.97	7.99377
1551.63	17.9776
1554.3	9.96142
1556.96	3.94518
1559.62	13.9289
1562.28	-0.0874631
1564.94	-2.10386
1567.59	13.8797
1570.25	5.86319
1572.9	11.8466
1575.56	15.83
1578.21	9.81341
1580.86	-0.203293
1583.52	-4.22004
1586.17	9.76317
1588.82	1.74633
1591.47	13.7294
1594.11	11.7125
1596.76	19.6955
1599.41	3.6785
1602.05	11.6614
1604.69	1.64429
1607.34	11.6271
1609.98	11.6099
1612.62	5.59263
1615.26	7.57531
1617.9	9.55796
1620.54	23.5406
1623.18	5.52311
1625.81	3.5056
1628.45	-0.511932
1631.08	21.4705
1633.72	-6.54714
1636.35	3.43518
1638.98	7.41746
1641.61	3.3997
1644.24	-0.61811
1646.87	11.364
1649.5	-6.65386
1652.13	-0.671795
1654.75	1.31022
1657.38	25.2922
1660	3.27412
1662.63	15.256
1665.25	-0.762146
1667.87	5.21966
1670.49	17.2014
1673.11	9.18314
1675.73	-10.8352
1678.35	-2.85354
1680.96	-2.87195
1683.58	7.10961
1686.19	13.0911
1688.81	9.07259
1691.42	9.05403
1694.03	9.03541
1696.64	9.01677
1699.25	10.9981
1701.87	4.97934
1704.47	8.96058
1707.08	-7.05823
1709.69	4.92292
1712.29	4.90403
1714.9	8.88511
1717.5	-1.13385
1720.1	12.8471
1722.71	8.8281
1725.31	16.809
1727.91	-3.2101
1730.51	10.7708
1733.1	10.7516
1735.7	2.73232
1738.3	20.7131
1740.89	10.6938
1743.49	0.674414
1746.08	0.655035
1748.67	6.63562
1751.26	4.61618
1753.86	0.596686
1756.45	0.577158
1759.03	8.55761
1761.62	-3.46199
1764.21	14.5184
1766.8	0.498719
1769.38	14.479
1771.97	10.4593
1774.55	12.4395
1777.13	12.4197
1779.71	22.3999
1782.29	4.38
1784.87	16.3601
1787.45	10.3401
1790.03	0.32018
1792.61	12.3002
1795.18	4.28013
1797.76	20.26
1800.33	10.2399
1802.9	12.2198
1805.48	2.19964
1808.05	8.17943
1810.62	14.1592
1813.19	10.1389
1815.76	20.1186
1818.33	-11.9017
1820.89	4.07792
1823.46	0.0575281
1826.02	-1.96291
1828.59	30.0166
1831.15	3.99616
1833.71	-2.02437
1836.27	3.95508
1838.84	1.9345
1841.39	3.91389
1843.95	17.8933
1846.51	15.8726
1849.07	17.8519
1851.62	11.8312
1854.18	-2.18961
1856.73	13.7896
1859.29	7.76879
1861.84	-4.25205
1864.39	7.72708
1866.94	3.70616
1869.49	19.6852
1872.04	3.66428
1874.59	-0.356711
1877.13	11.6223
1879.68	15.6012
1882.22	9.58017
1884.77	11.5591
1887.31	17.5379
1889.85	5.51679
1892.39	5.49562
1894.93	-4.52558
1897.47	11.4532
1900.01	15.4319
1902.55	-0.589363
1905.09	1.38933
1907.62	17.368
1910.16	17.3466
1912.69	-2.67475
1915.22	11.3038
1917.76	3.28241
1920.29	19.2609
1922.82	3.23945
1925.35	5.21793
1927.88	-0.8036
1930.4	7.17484
1932.93	1.15326
1935.46	3.13165
1937.98	11.11
1940.51	1.08836
1943.03	25.0667
1945.55	5.04498
1948.07	-6.97675
1950.59	3.0015
1953.11	20.9797
1955.63	2.95793
1958.15	0.936116
1960.67	6.91428
1963.18	4.89242
1965.7	-1.12947
1968.21	6.84862
1970.73	10.8267
1973.24	0.804735
1975.75	6.78277
1978.26	10.7608
1980.77	12.7388
1983.28	18.7167
1985.79	18.6947
1988.29	0.672594
1990.8	16.6505
1993.31	16.6284
1995.81	4.60623
1998.31	12.5841
