100.093	-4.10588
103.274	29.9892
106.457	6.08383
109.636	2.17789
112.817	4.27151
115.994	26.3646
119.172	-3.54284
122.347	12.5492
125.521	2.64075
128.696	8.73184
131.868	-1.17762
135.039	2.91242
138.209	3.00197
141.379	9.09107
144.547	9.17962
147.713	13.2677
150.879	-6.64476
154.043	-8.55768
157.206	9.5289
160.368	15.615
163.529	5.7006
166.689	5.78571
169.848	25.8703
173.006	-4.04551
176.163	4.03816
179.316	-3.87872
182.471	2.20398
185.625	8.2862
188.777	-1.63206
191.927	10.4492
195.077	8.52994
198.224	30.6102
201.372	10.69
204.52	18.7694
207.664	4.84823
210.809	6.92665
213.95	7.00455
217.091	1.08198
220.233	11.159
223.372	9.23549
226.509	5.31152
229.648	7.38713
232.784	9.46224
235.918	15.5369
239.051	17.6111
242.186	19.6848
245.317	5.75809
248.447	15.8309
251.577	5.90324
254.705	7.97514
257.832	14.0466
260.958	20.1176
264.083	-5.8119
267.204	18.2581
270.327	8.32777
273.449	6.39696
276.57	16.4657
279.69	12.534
282.806	0.601786
285.924	4.66919
289.04	10.7361
292.154	26.8026
295.268	18.8687
298.379	20.9343
301.492	26.9995
304.601	-2.9358
307.711	5.12852
310.818	17.1924
313.924	-0.744224
317.031	23.3188
320.135	39.3813
323.238	7.44345
326.34	1.50513
329.443	17.5664
332.543	5.62726
335.642	3.68765
338.74	-0.252372
341.836	-6.19282
344.932	9.8663
348.027	9.925
351.12	1.98328
354.213	18.0411
357.302	16.0985
360.393	4.15557
363.482	18.2122
366.57	10.2684
369.656	2.32409
372.742	32.3795
375.827	20.4344
378.91	16.4889
381.993	10.543
385.073	38.5967
388.154	20.65
391.232	12.7028
394.311	10.7553
397.387	12.8074
400.462	4.85902
403.536	12.9103
406.611	10.9611
409.683	17.0116
412.754	-4.93841
415.824	-8.88878
418.893	21.1605
421.961	29.2093
425.027	13.2577
428.093	11.3058
431.158	5.35341
434.222	-2.59933
437.284	19.4475
440.346	1.494
443.407	25.5401
446.464	5.58573
449.523	-4.36897
452.581	1.67594
455.635	3.72044
458.691	25.7646
461.743	5.8083
464.797	1.85167
467.847	23.8946
470.899	13.9372
473.947	23.9794
476.994	-1.97875
480.043	14.0627
483.088	4.10377
486.133	4.14446
489.176	8.18476
492.22	20.2247
495.262	14.2643
498.302	0.303468
501.341	22.3423
504.38	18.3807
507.417	-3.5812
510.453	12.4565
513.487	10.4938
516.521	8.53078
519.554	6.56738
522.586	8.60362
525.616	12.6395
528.646	34.675
531.675	8.71012
534.701	22.7449
537.729	4.77931
540.753	-7.18665
543.778	14.8471
546.8	18.8804
549.821	-5.08665
552.844	12.946
555.863	8.97825
558.881	11.0102
561.898	7.04171
564.916	13.0729
567.932	11.1038
570.946	17.1343
573.959	9.16443
576.971	5.19424
579.982	9.22369
582.993	3.2528
586	13.2815
589.008	17.31
592.015	11.338
595.022	23.3658
598.025	21.3932
601.029	5.4202
604.032	13.4469
607.033	21.4733
610.034	3.4993
613.032	1.52498
616.032	9.55034
619.028	1.57535
622.023	-4.39998
625.018	17.6244
628.013	23.6484
631.005	19.6721
633.997	3.69541
636.987	29.7184
639.977	3.74111
642.965	5.76347
645.952	1.78551
648.939	25.8072
651.924	5.82859
654.909	-6.15035
657.892	5.87038
660.873	21.8908
663.854	3.91087
666.835	11.9306
669.813	-14.0499
672.791	9.9692
675.767	-0.0120059
678.743	24.0065
681.717	6.02465
684.692	16.0425
687.664	16.06
690.634	10.0773
693.606	4.09418
696.575	4.11078
699.543	-1.87294
702.51	24.143
705.475	16.1587
708.44	2.17405
711.404	12.1891
714.367	0.203842
717.329	44.2183
720.29	12.2324
723.25	20.2462
726.207	4.25974
729.166	22.273
732.123	30.2859
735.077	12.2985
738.032	-3.68919
740.984	22.3228
743.938	28.3345
746.888	28.3459
749.839	14.3571
752.788	8.36789
755.735	30.3784
758.682	12.3887
761.627	14.3986
764.574	14.4082
767.517	16.4176
770.46	2.42666
773.402	12.4354
776.342	26.4439
779.282	18.4521
782.219	-1.53997
785.157	8.46765
788.094	20.475
791.029	12.482
793.962	14.4888
796.896	8.49529
799.828	28.5015
802.76	12.5074
805.689	24.513
808.619	32.5184
811.546	12.5235
814.473	12.5283
817.4	10.5328
820.324	26.5371
823.248	20.541
826.17	14.5447
829.092	12.5481
832.012	2.55128
834.932	22.5542
837.851	12.5568
840.768	18.5591
843.685	26.5611
846.599	22.5629
849.514	32.5645
852.428	6.56572
855.339	22.5667
858.251	16.5674
861.16	12.5679
864.07	12.5681
866.978	28.568
869.884	18.5677
872.792	24.5671
875.696	20.5662
878.599	0.565077
881.502	30.5637
884.404	22.5621
887.304	6.56016
890.204	20.558
893.103	28.5556
896.001	12.5529
898.898	18.55
901.794	26.5468
904.689	8.54338
907.581	-1.4603
910.474	22.5358
913.364	14.5316
916.256	16.5271
919.144	-1.47755
922.034	32.5175
924.92	-1.48767
927.808	20.5069
930.693	26.5012
933.576	14.4953
936.459	-3.51088
939.341	-15.5173
942.222	28.476
945.102	-3.53086
947.981	32.462
950.859	26.4546
953.737	16.447
956.613	8.43912
959.488	20.431
962.361	28.4227
965.235	10.4141
968.105	-7.59472
970.977	30.3962
973.846	24.3869
976.716	2.37742
979.583	8.36766
982.449	12.3577
985.316	14.3474
988.18	28.337
991.043	18.3263
993.906	4.3154
996.767	8.30426
999.628	0.292887
1002.49	20.2813
1005.35	-1.73054
1008.2	8.25741
1011.06	18.2451
1013.91	26.2326
1016.77	22.2199
1019.62	26.207
1022.48	6.19377
1025.33	0.180384
1028.18	6.16676
1031.03	16.1529
1033.87	2.13887
1036.72	22.1246
1039.57	20.1101
1042.41	24.0954
1045.26	6.08046
1048.1	0.0653174
1050.94	8.04996
1053.78	8.03438
1056.62	16.0186
1059.46	24.0026
1062.3	1.98637
1065.14	3.96995
1067.97	9.95331
1070.81	29.9365
1073.64	5.9194
1076.47	1.90214
1079.31	3.88466
1082.14	-0.133021
1084.97	1.84908
1087.8	29.831
1090.63	27.8127
1093.45	13.7942
1096.28	17.7755
1099.1	11.7566
1101.93	13.7374
1104.75	31.7181
1107.57	21.6986
1110.39	15.6789
1113.21	23.659
1116.03	29.6388
1118.85	11.6185
1121.66	5.598
1124.48	15.5773
1127.3	15.5564
1130.11	21.5353
1132.92	1.51396
1135.73	15.4925
1138.54	21.4708
1141.35	7.4489
1144.16	19.4268
1146.97	-4.59546
1149.78	9.38208
1152.58	23.3594
1155.39	13.3366
1158.19	3.31358
1161	3.29035
1163.8	9.26696
1166.6	7.24336
1169.4	7.21958
1172.2	-10.8044
1174.99	3.17146
1177.79	11.1471
1180.59	13.1226
1183.38	13.0979
1186.17	7.07303
1188.97	5.04797
1191.76	-4.97727
1194.55	28.9973
1197.34	18.9717
1200.13	14.9459
1202.92	0.919939
1205.7	18.8938
1208.49	4.86749
1211.27	30.841
1214.06	12.8143
1216.84	8.78747
1219.62	26.7605
1222.4	10.7333
1225.18	-1.29411
1227.96	-1.32165
1230.74	8.65062
1233.51	22.6227
1236.29	18.5947
1239.06	0.566464
1241.84	2.53807
1244.61	36.5095
1247.38	14.4808
1250.15	12.4519
1252.92	-3.57719
1255.69	2.39357
1258.46	8.36418
1261.23	6.33461
1263.99	16.3049
1266.76	-5.72501
1269.52	18.2449
1272.28	34.2147
1275.05	10.1843
1277.81	6.15379
1280.57	14.1231
1283.33	6.09223
1286.08	8.06121
1288.84	18.03
1291.6	5.99868
1294.35	13.9672
1297.11	3.93554
1299.86	-2.09627
1302.61	11.8718
1305.36	21.8396
1308.11	11.8074
1310.86	9.77493
1313.61	17.7424
1316.36	-2.29039
1319.1	21.6767
1321.85	7.64369
1324.59	-2.3895
1327.33	19.5772
1330.08	27.5437
1332.82	1.51003
1335.56	19.4762
1338.3	5.44229
1341.04	13.4082
1343.77	11.374
1346.51	21.3396
1349.25	19.3051
1351.98	11.2704
1354.71	-12.7644
1357.45	5.20066
1360.18	21.1656
1362.91	11.1303
1365.64	23.0949
1368.37	11.0594
1371.09	21.0237
1373.82	14.9879
1376.54	6.95201
1379.27	14.9159
1381.99	2.87969
1384.72	14.8433
1387.44	16.8068
1390.16	-3.2298
1392.88	20.7334
1395.6	32.6965
1398.31	24.6595
1401.03	32.6223
1403.75	26.585
1406.46	18.5475
1409.18	20.51
1411.89	0.472262
1414.6	18.4344
1417.31	26.3965
1420.02	28.3584
1422.73	26.3201
1425.44	30.2818
1428.15	-1.75671
1430.85	12.2047
1433.56	2.16592
1436.26	-3.87296
1438.97	12.088
1441.67	14.0489
1444.37	18.0097
1447.07	5.97031
1449.77	21.9308
1452.47	21.8912
1455.16	13.8514
1457.86	9.81157
1460.56	11.7716
1463.25	1.73145
1465.94	11.6912
1468.64	-0.349128
1471.33	-0.389586
1474.02	-0.430195
1476.71	11.5291
1479.4	5.48825
1482.09	3.44731
1484.77	23.4063
1487.46	17.3651
1490.14	25.3238
1492.83	5.28236
1495.51	13.2408
1498.19	23.1992
1500.87	13.1574
1503.55	9.11557
1506.23	17.0736
1508.91	13.0315
1511.59	-1.01073
1514.27	20.947
1516.94	16.9045
1519.62	-1.13801
1522.29	10.8193
1524.96	14.7766
1527.63	-1.26628
1530.3	20.6907
1532.97	14.6477
1535.64	8.60447
1538.31	28.5612
1540.98	16.5178
1543.64	20.4743
1546.31	4.43067
1548.97	10.3869
1551.63	16.3431
1554.3	18.2992
1556.96	10.2552
1559.62	26.211
1562.28	16.1668
1564.94	6.12249
1567.59	4.07805
1570.25	14.0335
1572.9	-2.01112
1575.56	13.9441
1578.21	9.89933
1580.86	11.8544
1583.52	15.8093
1586.17	-0.235765
1588.82	13.719
1591.47	11.6737
1594.11	13.6283
1596.76	5.58278
1599.41	17.5372
1602.05	27.4915
1604.69	7.44569
1607.34	33.3998
1609.98	19.3538
1612.62	9.30774
1615.26	-4.73843
1617.9	9.21534
1620.54	15.169
1623.18	13.1226
1625.81	7.07602
1628.45	3.02941
1631.08	10.9827
1633.72	10.9359
1636.35	16.8891
1638.98	20.8421
1641.61	8.79504
1644.24	18.7479
1646.87	14.7007
1649.5	4.65335
1652.13	6.60598
1654.75	-1.44152
1657.38	4.51094
1660	2.46327
1662.63	4.41555
1665.25	10.3677
1667.87	2.31983
1670.49	14.2719
1673.11	6.2238
1675.73	6.17567
1678.35	12.1274
1680.96	4.07914
1683.58	2.03079
1686.19	5.98232
1688.81	5.93378
1691.42	15.8852
1694.03	5.83648
1696.64	9.78773
1699.25	13.7389
1701.87	19.69
1704.47	-2.35904
1707.08	3.5919
1709.69	15.5428
1712.29	-10.5065
1714.9	-6.55576
1717.5	11.3949
1720.1	15.3455
1722.71	7.29594
1725.31	9.24638
1727.91	19.1967
1730.51	13.147
1733.1	-6.90278
1735.7	1.04733
1738.3	8.9974
1740.89	18.9474
1743.49	10.8973
1746.08	2.84719
1748.67	-7.20302
1751.26	-1.25326
1753.86	12.6964
1756.45	-7.35403
1759.03	4.59552
1761.62	-5.45504
1764.21	18.4944
1766.8	4.44372
1769.38	10.393
1771.97	4.34217
1774.55	6.29132
1777.13	0.240398
1779.71	4.18941
1782.29	16.1384
1784.87	18.0873
1787.45	26.0361
1790.03	7.9849
1792.61	13.9336
1795.18	11.8823
1797.76	5.83084
1800.33	1.77938
1802.9	-0.272133
1805.48	21.6763
1808.05	9.62465
1810.62	9.57296
1813.19	11.5212
1815.76	19.4694
1818.33	5.41751
1820.89	3.36558
1823.46	11.3136
1826.02	19.2616
1828.59	5.20951
1831.15	-0.84262
1833.71	15.1052
1836.27	11.0529
1838.84	13.0006
1841.39	10.9483
1843.95	-5.10412
1846.51	8.84343
1849.07	2.79096
1851.62	12.7384
1854.18	4.68578
1856.73	4.63314
1859.29	12.5804
1861.84	-7.47231
1864.39	20.4749
1866.94	10.422
1869.49	8.36914
1872.04	-1.6838
1874.59	18.2632
1877.13	18.2102
1879.68	8.15713
1882.22	8.104
1884.77	16.0508
1887.31	-2.00238
1889.85	13.9443
1892.39	9.89106
1894.93	-4.16227
1897.47	-6.21569
1900.01	-8.26911
1902.55	17.6774
1905.09	7.6239
1907.62	5.57034
1910.16	3.51678
1912.69	-8.53687
1915.22	5.40944
1917.76	9.35575
1920.29	15.302
1922.82	7.24819
1925.35	3.19433
1927.88	-8.85953
1930.4	-2.91343
1932.93	11.0326
1935.46	4.97864
1937.98	26.9246
1940.51	8.87055
1943.03	18.8165
1945.55	26.7623
1948.07	-1.29183
1950.59	2.65399
1953.11	0.599733
1955.63	12.5455
1958.15	6.49119
1960.67	4.43686
1963.18	8.3825
1965.7	18.3281
1968.21	12.2737
1970.73	0.219201
1973.24	14.1647
1975.75	4.1102
1978.26	14.0556
1980.77	14.0011
1983.28	3.94643
1985.79	7.8918
1988.29	7.83713
1990.8	9.7824
1993.31	21.7277
1995.81	9.67291
1998.31	3.61816
