100.093	1.51002
103.274	23.4252
106.457	-2.65992
109.636	23.2547
112.817	15.1689
115.994	3.08293
119.172	4.99657
122.347	14.91
125.521	16.8231
128.696	8.73585
131.868	8.64838
135.039	26.5606
138.209	-7.52744
141.379	12.3842
144.547	-11.7045
147.713	26.2066
150.879	10.1174
154.043	24.028
157.206	7.93821
160.368	15.8482
163.529	1.75787
166.689	19.6673
169.848	7.57643
173.006	15.4853
176.163	17.3939
179.316	1.30231
182.471	3.21037
185.625	17.1182
188.777	3.02572
191.927	18.9331
195.077	12.8401
198.224	20.7469
201.372	-19.3466
204.52	4.55963
207.664	6.46568
210.809	-11.6286
213.95	4.27697
217.091	22.1823
220.233	-5.91275
223.372	-12.008
226.509	9.8966
229.648	29.8009
232.784	13.7049
235.918	-8.39125
239.051	29.5123
242.186	13.4156
245.317	1.31874
248.447	21.2216
251.577	25.1243
254.705	5.02668
257.832	28.9289
260.958	6.83082
264.083	2.73255
267.204	18.6341
270.327	8.53539
273.449	12.4364
276.57	32.3373
279.69	-9.76212
282.806	32.1383
285.924	6.03852
289.04	9.93848
292.154	13.8383
295.268	9.73782
298.379	21.6372
301.492	19.5363
304.601	23.4353
307.711	33.334
310.818	27.2325
313.924	15.1309
317.031	13.029
320.135	36.9269
323.238	30.8247
326.34	10.7222
329.443	10.6195
332.543	24.5166
335.642	10.4136
338.74	18.3104
341.836	10.2069
344.932	-1.89667
348.027	19.9995
351.12	13.8955
354.213	11.7914
357.302	39.6871
360.393	15.5825
363.482	-2.52221
366.57	7.37288
369.656	3.26786
372.742	9.1626
375.827	7.05716
378.91	18.9516
381.993	12.8458
385.073	6.73993
388.154	16.6338
391.232	-1.47244
394.311	20.4211
397.387	10.3145
400.462	16.2078
403.536	4.1009
406.611	19.9938
409.683	-2.11345
412.754	13.7792
415.824	37.6716
418.893	13.5639
421.961	17.4561
425.027	21.3481
428.093	23.2399
431.158	9.13159
434.222	5.02313
437.284	24.9145
440.346	4.80575
443.407	12.6968
446.464	8.58786
449.523	4.47866
452.581	-11.6307
455.635	24.2599
458.691	10.1503
461.743	14.0406
464.797	11.9307
467.847	13.8207
470.899	29.7106
473.947	23.6003
476.994	13.49
480.043	31.3794
483.088	-2.73122
486.133	19.158
489.176	25.0471
492.22	22.9361
495.262	10.8249
498.302	14.7137
501.341	14.6023
504.38	-17.5092
507.417	4.37917
510.453	42.2674
513.487	6.15565
516.521	16.0437
519.554	5.9316
522.586	7.8194
525.616	1.70716
528.646	21.5947
531.675	25.4822
534.701	3.36964
537.729	7.25689
540.753	13.1441
543.778	11.0312
546.8	0.918165
549.821	-3.19493
552.844	34.6918
555.863	16.5785
558.881	30.4651
561.898	6.35164
564.916	8.23798
567.932	4.1243
570.946	6.01053
573.959	33.8967
576.971	19.7827
579.982	5.66866
582.993	-2.44548
586	19.4404
589.008	21.3261
592.015	39.2117
595.022	5.09719
598.025	0.9827
601.029	14.8681
604.032	10.7533
607.033	-5.3614
610.034	-7.47628
613.032	26.4088
616.032	4.29379
619.028	6.17876
622.023	10.0636
625.018	19.9485
628.013	-0.166863
631.005	25.7178
633.997	9.60242
636.987	5.48696
639.977	7.37144
642.965	-8.74416
645.952	45.1402
648.939	-14.9755
651.924	8.90869
654.909	4.79284
657.892	24.6769
660.873	4.56106
663.854	-15.555
666.835	12.329
669.813	24.2129
672.791	12.0967
675.767	7.98056
678.743	-0.135729
681.717	-8.25199
684.692	19.6316
687.664	9.51526
690.634	-2.60115
693.606	-26.7177
696.575	-0.834186
699.543	33.0493
702.51	20.9327
705.475	16.8161
708.44	16.6994
711.404	-3.41733
714.367	34.4659
717.329	14.3491
720.29	36.2323
723.25	4.11546
726.207	9.99864
729.166	31.8817
732.123	21.7648
735.077	29.6479
738.032	47.5308
740.984	17.4139
743.938	17.2968
746.888	17.1798
749.839	25.0626
752.788	18.9456
755.735	12.8285
758.682	30.7113
761.627	22.5942
764.574	24.477
767.517	44.3598
770.46	6.24258
773.402	32.1254
776.342	22.0081
779.282	3.89089
782.219	25.7737
785.157	29.6564
788.094	17.5391
791.029	7.42185
793.962	17.3046
796.896	11.1873
799.828	9.07006
802.76	38.9527
805.689	22.8355
808.619	-13.2819
811.546	26.6009
814.473	10.4836
817.4	14.3663
820.324	22.249
823.248	2.13171
826.17	14.0144
829.092	35.8972
832.012	13.7799
834.932	29.6627
837.851	-0.454601
840.768	17.4282
843.685	47.3109
846.599	35.1938
849.514	19.0765
852.428	2.95933
855.339	12.8422
858.251	10.725
861.16	2.60792
864.07	4.49077
866.978	54.3737
869.884	10.2566
872.792	40.1395
875.696	30.0225
878.599	21.9055
881.502	15.7886
884.404	13.6716
887.304	9.55467
890.204	39.4378
893.103	29.3209
896.001	-4.79598
898.898	-8.91281
901.794	4.97039
904.689	-9.14639
907.581	-13.2631
910.474	18.6202
913.364	12.5036
916.256	-7.61305
919.144	2.27041
922.034	38.1538
924.92	16.0373
927.808	1.92082
930.693	11.8044
933.576	-0.31195
936.459	15.5717
939.341	11.4554
942.222	27.3392
945.102	11.223
947.981	27.1068
950.859	12.9907
953.737	36.8746
956.613	8.75857
959.488	6.64258
962.361	22.5267
965.235	4.41082
968.105	32.2951
970.977	-5.82075
973.846	10.0636
976.716	21.9479
979.583	5.83232
982.449	-10.2832
985.316	5.60127
988.18	13.4859
991.043	7.37052
993.906	49.2552
996.767	25.14
999.628	-6.97518
1002.49	24.9097
1005.35	10.7946
1008.2	14.6797
1011.06	8.5648
1013.91	20.4499
1016.77	10.3351
1019.62	4.22045
1022.48	34.1058
1025.33	25.9912
1028.18	17.8767
1031.03	31.7623
1033.87	19.648
1036.72	23.5336
1039.57	5.41944
1042.41	9.30533
1045.26	-4.80872
1048.1	33.0773
1050.94	20.9634
1053.78	10.8496
1056.62	14.7358
1059.46	26.6222
1062.3	12.5086
1065.14	10.3951
1067.97	26.2817
1070.81	22.1684
1073.64	40.0552
1076.47	11.942
1079.31	9.82893
1082.14	33.716
1084.97	7.60303
1087.8	15.4903
1090.63	23.3776
1093.45	33.2649
1096.28	25.1524
1099.1	17.04
1101.93	4.92765
1104.75	26.8154
1107.57	-11.2968
1110.39	-15.4088
1113.21	6.47926
1116.03	0.367374
1118.85	20.2556
1121.66	-1.85604
1124.48	18.0324
1127.3	13.9209
1130.11	37.8095
1132.92	27.6983
1135.73	19.5872
1138.54	9.47612
1141.35	27.3652
1144.16	15.2543
1146.97	25.1435
1149.78	17.0329
1152.58	4.92247
1155.39	-5.18796
1158.19	6.70173
1161	16.5915
1163.8	40.4815
1166.6	20.3715
1169.4	-17.7384
1172.2	24.1519
1174.99	-3.95775
1177.79	19.9328
1180.59	9.82339
1183.38	7.71413
1186.17	-4.39509
1188.97	15.4959
1191.76	23.387
1194.55	13.2782
1197.34	31.1695
1200.13	5.06091
1202.92	16.9525
1205.7	16.8442
1208.49	26.736
1211.27	30.6279
1214.06	6.51999
1216.84	0.412133
1219.62	50.3045
1222.4	4.19687
1225.18	48.0895
1227.96	19.9822
1230.74	41.8749
1233.51	13.7679
1236.29	-2.33901
1239.06	1.55421
1241.84	31.4476
1244.61	23.341
1247.38	1.23464
1250.15	27.1284
1252.92	7.02231
1255.69	28.9163
1258.46	28.8105
1261.23	4.70477
1263.99	20.5992
1266.76	30.4938
1269.52	0.388513
1272.28	6.28339
1275.05	34.1783
1277.81	22.0735
1280.57	25.9688
1283.33	-4.13581
1286.08	11.7598
1288.84	5.65546
1291.6	-10.4487
1294.35	33.4473
1297.11	17.3435
1299.86	27.2398
1302.61	13.1362
1305.36	31.0328
1308.11	22.9295
1310.86	8.82645
1313.61	30.7235
1316.36	12.6207
1319.1	16.518
1321.85	6.41554
1324.59	16.3132
1327.33	24.211
1330.08	12.109
1332.82	52.0071
1335.56	41.9054
1338.3	35.8038
1341.04	23.7024
1343.77	29.6011
1346.51	11.5001
1349.25	11.3991
1351.98	45.2984
1354.71	13.1977
1357.45	5.09732
1360.18	14.9971
1362.91	14.8969
1365.64	0.796929
1368.37	26.6971
1371.09	34.5975
1373.82	14.498
1376.54	12.3988
1379.27	12.2997
1381.99	18.2007
1384.72	26.1019
1387.44	18.0033
1390.16	15.9048
1392.88	17.8066
1395.6	3.70841
1398.31	47.6105
1401.03	29.5127
1403.75	19.4152
1406.46	11.3177
1409.18	21.2204
1411.89	21.1234
1414.6	11.0265
1417.31	20.9298
1420.02	12.8332
1422.73	8.73686
1425.44	32.6407
1428.15	50.5447
1430.85	14.4488
1433.56	36.3532
1436.26	8.25769
1438.97	32.1624
1441.67	-17.9327
1444.37	15.9724
1447.07	37.8777
1449.77	29.7831
1452.47	25.6887
1455.16	1.59455
1457.86	13.5005
1460.56	39.4067
1463.25	21.3131
1465.94	21.2197
1468.64	7.12637
1471.33	15.0333
1474.02	4.94042
1476.71	34.8477
1479.4	10.7552
1482.09	24.6629
1484.77	6.5708
1487.46	36.4789
1490.14	20.3871
1492.83	22.2956
1495.51	24.2043
1498.19	14.1131
1500.87	26.0222
1503.55	13.9314
1506.23	3.84081
1508.91	13.7505
1511.59	41.6603
1514.27	27.5703
1516.94	15.4806
1519.62	-0.609069
1522.29	31.3016
1524.96	-2.78761
1527.63	17.1234
1530.3	33.0346
1532.97	26.9461
1535.64	24.8577
1538.31	16.7695
1540.98	30.6816
1543.64	20.5938
1546.31	-9.49374
1548.97	22.4189
1551.63	14.3318
1554.3	24.2448
1556.96	28.1581
1559.62	-7.92846
1562.28	19.9852
1564.94	27.8991
1567.59	15.8132
1570.25	39.7275
1572.9	13.642
1575.56	-6.44326
1578.21	35.4717
1580.86	17.3868
1583.52	37.3022
1586.17	35.2178
1588.82	13.1335
1591.47	35.0496
1594.11	30.9658
1596.76	12.8822
1599.41	16.7989
1602.05	0.715762
1604.69	32.6328
1607.34	60.5501
1609.98	40.4676
1612.62	16.3854
1615.26	16.3033
1617.9	14.2215
1620.54	6.13985
1623.18	6.05849
1625.81	17.9773
1628.45	15.8963
1631.08	29.8156
1633.72	25.7351
1636.35	23.6549
1638.98	15.5748
1641.61	9.49496
1644.24	31.4153
1646.87	37.3359
1649.5	-8.74323
1652.13	23.1779
1654.75	13.0991
1657.38	35.0207
1660	10.9424
1662.63	20.8644
1665.25	-3.21346
1667.87	32.709
1670.49	-3.36836
1673.11	-7.44547
1675.73	24.4776
1678.35	12.401
1680.96	22.3246
1683.58	6.24841
1686.19	0.172431
1688.81	40.0967
1691.42	-3.97878
1694.03	9.94593
1696.64	-0.129072
1699.25	1.79615
1701.87	19.7216
1704.47	29.6472
1707.08	9.57316
1709.69	13.4993
1712.29	7.4257
1714.9	11.3523
1717.5	13.2792
1720.1	11.2063
1722.71	11.1336
1725.31	5.06123
1727.91	22.989
1730.51	0.917106
1733.1	32.8454
1735.7	10.7739
1738.3	16.7027
1740.89	-11.3683
1743.49	28.561
1746.08	32.4905
1748.67	46.4203
1751.26	26.3503
1753.86	28.2805
1756.45	2.21098
1759.03	-3.85826
1761.62	12.0727
1764.21	20.0039
1766.8	-0.0645894
1769.38	27.8671
1771.97	7.79906
1774.55	1.73127
1777.13	25.6637
1779.71	23.5964
1782.29	5.52942
1784.87	37.4626
1787.45	3.39606
1790.03	17.3298
1792.61	5.26372
1795.18	-18.8021
1797.76	41.1324
1800.33	19.0671
1802.9	33.0021
1805.48	8.93729
1808.05	2.87277
1810.62	46.8085
1813.19	36.7445
1815.76	-1.31932
1818.33	-1.38284
1820.89	14.5539
1823.46	22.4909
1826.02	26.4281
1828.59	48.3657
1831.15	0.303447
1833.71	14.2414
1836.27	14.1797
1838.84	10.1183
1841.39	24.0571
1843.95	3.99613
1846.51	17.9354
1849.07	5.87506
1851.62	13.8149
1854.18	15.755
1856.73	25.6953
1859.29	1.63594
1861.84	23.5768
1864.39	11.518
1866.94	19.4594
1869.49	21.4011
1872.04	17.343
1874.59	11.2852
1877.13	29.2276
1879.68	25.1704
1882.22	-12.8866
1884.77	33.0566
1887.31	51.0002
1889.85	24.9439
1892.39	18.888
1894.93	12.8324
1897.47	10.7769
1900.01	24.7218
1902.55	16.6669
1905.09	24.6123
1907.62	4.55797
1910.16	24.5039
1912.69	34.4501
1915.22	14.3966
1917.76	36.3434
1920.29	16.2903
1922.82	56.2376
1925.35	46.1852
1927.88	56.133
1930.4	24.0811
1932.93	16.0295
1935.46	-4.02186
1937.98	39.9271
1940.51	51.8762
1943.03	1.82571
1945.55	17.7755
1948.07	25.7255
1950.59	35.6758
1953.11	17.6263
1955.63	9.57718
1958.15	21.5283
1960.67	17.4797
1963.18	27.4314
1965.7	7.38333
1968.21	-2.66445
1970.73	23.2881
1973.24	31.2408
1975.75	23.1939
1978.26	17.1472
1980.77	-2.89913
1983.28	33.0547
1985.79	33.0089
1988.29	30.9634
1990.8	18.9181
1993.31	32.8731
1995.81	14.8284
1998.31	26.784
