100.093	17.1648
103.274	15.152
106.457	33.1393
109.636	33.1267
112.817	31.1142
115.994	15.1018
119.172	29.0896
122.347	31.0775
125.521	13.0654
128.696	27.0535
131.868	35.0417
135.039	21.0301
138.209	17.0185
141.379	33.007
144.547	34.9957
147.713	10.9844
150.879	16.9733
154.043	24.9623
157.206	34.9514
160.368	10.9406
163.529	10.9299
166.689	24.9193
169.848	14.9088
173.006	-1.1016
176.163	12.8881
179.316	16.8779
182.471	14.8679
185.625	18.8579
188.777	4.84801
191.927	20.8382
195.077	-3.17144
198.224	16.819
201.372	28.8095
204.52	18.8001
207.664	16.7909
210.809	18.7817
213.95	14.7726
217.091	8.7636
220.233	6.7547
223.372	28.7459
226.509	24.7372
229.648	-1.27142
232.784	10.7201
235.918	20.7116
239.051	20.7033
242.186	18.695
245.317	18.6869
248.447	22.6788
251.577	14.6708
254.705	-5.33705
257.832	26.6551
260.958	20.6474
264.083	10.6398
267.204	4.63226
270.327	24.6248
273.449	22.6174
276.57	10.6101
279.69	22.6029
282.806	22.5958
285.924	34.5888
289.04	18.5818
292.154	8.57493
295.268	-1.43187
298.379	12.5614
301.492	6.55477
304.601	2.54822
307.711	6.54173
310.818	8.53533
313.924	12.529
317.031	14.5228
320.135	14.5166
323.238	14.5105
326.34	10.5045
329.443	10.4985
332.543	28.4926
335.642	2.48683
338.74	-1.5189
341.836	26.4754
344.932	26.4699
348.027	22.4643
351.12	4.45889
354.213	18.4535
357.302	8.44821
360.393	20.443
363.482	-1.5622
366.57	16.4327
369.656	16.4277
372.742	20.4227
375.827	14.4178
378.91	-1.58706
381.993	10.4082
385.073	8.40345
388.154	10.3988
391.232	12.3942
394.311	20.3897
397.387	12.3852
400.462	14.3808
403.536	12.3765
406.611	22.3722
409.683	-5.632
412.754	10.3638
415.824	14.3597
418.893	0.355693
421.961	4.35171
425.027	0.347777
428.093	-3.6561
431.158	6.34009
434.222	-1.66368
437.284	12.3326
440.346	6.32896
443.407	12.3254
446.464	10.3218
449.523	14.3183
452.581	10.3149
455.635	14.3115
458.691	18.3082
461.743	-3.69513
464.797	14.3016
467.847	2.29844
470.899	-1.7047
473.947	12.2922
476.994	10.2892
480.043	6.28616
483.088	18.2832
486.133	6.28031
489.176	14.2775
492.22	24.2746
495.262	0.271872
498.302	18.2691
501.341	-3.73353
504.38	12.2638
507.417	8.26124
510.453	18.2587
513.487	8.25618
516.521	2.25371
519.554	18.2513
522.586	14.2489
525.616	24.2465
528.646	8.24423
531.675	12.242
534.701	16.2397
537.729	4.23753
540.753	-1.76462
543.778	-1.76674
546.8	6.23117
549.821	14.2291
552.844	8.22711
555.863	2.22513
558.881	8.22318
561.898	12.2213
564.916	-5.78061
567.932	14.2175
570.946	6.21573
573.959	14.214
576.971	18.2122
579.982	26.2105
582.993	2.20879
586	16.2071
589.008	0.205499
592.015	4.2039
595.022	14.2023
598.025	16.2008
601.029	0.199258
604.032	14.1978
607.033	0.1963
610.034	22.1949
613.032	8.19345
616.032	16.1921
619.028	-1.80931
622.023	6.18935
625.018	4.18804
628.013	8.18674
631.005	4.18547
633.997	18.1842
636.987	18.183
639.977	2.18178
642.965	14.1806
645.952	18.1794
648.939	16.1783
651.924	18.1772
654.909	4.17605
657.892	10.175
660.873	-3.82611
663.854	8.17284
666.835	26.1718
669.813	6.17078
672.791	22.1698
675.767	6.16879
678.743	8.16781
681.717	20.1669
684.692	0.165911
687.664	4.16498
690.634	-3.83594
693.606	10.1632
696.575	12.1623
699.543	14.1614
702.51	20.1605
705.475	16.1597
708.44	10.1588
711.404	18.158
714.367	18.1572
717.329	12.1563
720.29	14.1555
723.25	14.1547
726.207	32.1539
729.166	12.1532
732.123	10.1524
735.077	2.15161
738.032	-1.84916
740.984	-1.84992
743.938	8.14933
746.888	18.1486
749.839	6.14784
752.788	22.1471
755.735	16.1464
758.682	18.1456
761.627	16.1449
764.574	-13.8558
767.517	-3.85655
770.46	16.1427
773.402	4.14201
776.342	6.14129
779.282	18.1406
782.219	2.13985
785.157	10.1391
788.094	6.1384
791.029	2.13768
793.962	0.13695
796.896	16.1362
799.828	18.1355
802.76	-1.86524
805.689	10.134
808.619	16.1333
811.546	6.13253
814.473	28.1318
817.4	20.131
820.324	16.1303
823.248	14.1295
826.17	10.1287
829.092	10.1279
832.012	12.1272
834.932	10.1264
837.851	4.12556
840.768	18.1247
843.685	36.1239
846.599	16.1231
849.514	8.12226
852.428	6.12141
855.339	8.12055
858.251	12.1197
861.16	8.1188
864.07	12.1179
866.978	18.117
869.884	12.1161
872.792	20.1152
875.696	18.1142
878.599	6.11325
881.502	16.1123
884.404	10.1113
887.304	4.1103
890.204	6.10928
893.103	20.1083
896.001	2.10721
898.898	4.10614
901.794	8.10506
904.689	16.104
907.581	2.10285
910.474	4.10172
913.364	0.100571
916.256	28.0994
919.144	6.09821
922.034	6.09701
924.92	2.09578
927.808	28.0945
930.693	10.0933
933.576	10.092
936.459	-9.90933
939.341	18.0893
942.222	28.088
945.102	20.0866
947.981	8.08521
950.859	4.08379
953.737	0.0823423
956.613	10.0809
959.488	16.0794
962.361	6.07786
965.235	4.07632
968.105	4.07475
970.977	4.07316
973.846	38.0715
976.716	2.06989
979.583	6.06822
982.449	10.0665
985.316	-5.93521
988.18	10.063
991.043	-1.93875
993.906	14.0594
996.767	12.0576
999.628	18.0557
1002.49	14.0538
1005.35	-3.9481
1008.2	16.0499
1011.06	22.0479
1013.91	4.04592
1016.77	32.0439
1019.62	2.04178
1022.48	24.0397
1025.33	18.0375
1028.18	-3.96467
1031.03	12.0331
1033.87	10.0309
1036.72	12.0286
1039.57	6.02626
1042.41	10.0239
1045.26	8.02152
1048.1	-3.9809
1050.94	18.0166
1053.78	14.0141
1056.62	10.0116
1059.46	6.00904
1062.3	8.00644
1065.14	16.0038
1067.97	0.00111688
1070.81	9.9984
1073.64	7.99564
1076.47	9.99285
1079.31	7.99002
1082.14	3.98714
1084.97	17.9842
1087.8	13.9813
1090.63	25.9783
1093.45	13.9753
1096.28	11.9722
1099.1	5.96906
1101.93	3.9659
1104.75	7.9627
1107.57	19.9595
1110.39	11.9562
1113.21	9.95285
1116.03	13.9495
1118.85	5.94606
1121.66	9.9426
1124.48	9.9391
1127.3	13.9356
1130.11	-10.068
1132.92	-4.07168
1135.73	5.92464
1138.54	3.92091
1141.35	11.9171
1144.16	-0.0866897
1146.97	1.90944
1149.78	11.9055
1152.58	9.90156
1155.39	1.89755
1158.19	11.8935
1161	5.88938
1163.8	7.88523
1166.6	9.88102
1169.4	19.8768
1172.2	-2.12754
1174.99	3.86811
1177.79	-0.136295
1180.59	5.85925
1183.38	5.85474
1186.17	15.8502
1188.97	15.8456
1191.76	9.84092
1194.55	13.8362
1197.34	-6.16856
1200.13	7.82662
1202.92	5.82175
1205.7	5.81683
1208.49	11.8118
1211.27	-2.19319
1214.06	19.8017
1216.84	11.7966
1219.62	5.79139
1222.4	13.7861
1225.18	9.78084
1227.96	-12.2245
1230.74	-2.22995
1233.51	9.76458
1236.29	13.7591
1239.06	9.75346
1241.84	13.7478
1244.61	1.74211
1247.38	5.73635
1250.15	5.73054
1252.92	-0.275339
1255.69	7.71872
1258.46	1.71273
1261.23	1.70668
1263.99	17.7006
1266.76	-0.305608
1269.52	15.6882
1272.28	7.68187
1275.05	5.67551
1277.81	13.6691
1280.57	-0.337378
1283.33	1.65608
1286.08	5.64949
1288.84	7.64282
1291.6	17.6361
1294.35	13.6293
1297.11	1.62247
1299.86	11.6156
1302.61	17.6086
1305.36	7.60154
1308.11	13.5944
1310.86	3.58727
1313.61	5.58004
1316.36	15.5727
1319.1	11.5654
1321.85	9.55795
1324.59	11.5505
1327.33	5.54289
1330.08	11.5353
1332.82	7.52758
1335.56	5.51982
1338.3	5.51199
1341.04	5.5041
1343.77	19.4961
1346.51	1.48811
1349.25	19.48
1351.98	17.4719
1354.71	13.4636
1357.45	5.45532
1360.18	5.44695
1362.91	19.4385
1365.64	-0.570009
1368.37	3.42141
1371.09	5.41276
1373.82	3.40404
1376.54	-12.6047
1379.27	13.3864
1381.99	7.37745
1384.72	5.36845
1387.44	7.35937
1390.16	9.35022
1392.88	13.341
1395.6	23.3317
1398.31	13.3223
1401.03	17.3129
1403.75	17.3034
1406.46	7.2938
1409.18	-0.715856
1411.89	9.27441
1414.6	7.2646
1417.31	5.25472
1420.02	21.2448
1422.73	13.2347
1425.44	11.2246
1428.15	7.21444
1430.85	1.20418
1433.56	-2.80615
1436.26	15.1834
1438.97	7.17295
1441.67	-10.8376
1444.37	15.1517
1447.07	19.141
1449.77	9.13024
1452.47	-2.88064
1455.16	-2.89159
1457.86	11.0974
1460.56	1.08627
1463.25	9.07508
1465.94	7.06382
1468.64	5.05247
1471.33	-8.95894
1474.02	11.0295
1476.71	-2.98203
1479.4	1.0063
1482.09	-1.00544
1484.77	16.9827
1487.46	0.97083
1490.14	-3.04116
1492.83	22.9468
1495.51	16.9346
1498.19	8.9224
1500.87	4.91009
1503.55	12.8977
1506.23	-1.11479
1508.91	6.87266
1511.59	4.86001
1514.27	20.8473
1516.94	8.83449
1519.62	8.82159
1522.29	-3.19139
1524.96	12.7956
1527.63	22.7824
1530.3	6.76918
1532.97	-3.24413
1535.64	14.7425
1538.31	6.72899
1540.98	14.7154
1543.64	16.7018
1546.31	0.688033
1548.97	4.6742
1551.63	0.660295
1554.3	0.646291
1556.96	4.63221
1559.62	10.618
1562.28	6.60378
1564.94	12.5894
1567.59	10.575
1570.25	18.5605
1572.9	-3.45413
1575.56	2.53117
1578.21	16.5164
1580.86	2.50152
1583.52	-3.51345
1586.17	16.4715
1588.82	12.4564
1591.47	4.44113
1594.11	12.4258
1596.76	12.4104
1599.41	2.39491
1602.05	8.37932
1604.69	20.3636
1607.34	20.3479
1609.98	0.332006
1612.62	10.3161
1615.26	12.3
1617.9	10.2839
1620.54	12.2676
1623.18	10.2513
1625.81	10.2349
1628.45	-1.78159
1631.08	14.2018
1633.72	20.1851
1636.35	-3.83165
1638.98	14.1515
1641.61	8.13451
1644.24	-1.88255
1646.87	6.10029
1649.5	14.083
1652.13	2.06571
1654.75	16.0483
1657.38	26.0307
1660	16.0131
1662.63	21.9954
1665.25	5.97757
1667.87	9.95966
1670.49	7.94166
1673.11	7.92355
1675.73	3.90536
1678.35	3.88706
1680.96	7.86867
1683.58	7.85019
1686.19	15.8316
1688.81	9.81292
1691.42	3.79415
1694.03	15.7753
1696.64	17.7563
1699.25	5.73724
1701.87	3.71807
1704.47	3.6988
1707.08	5.67944
1709.69	9.65998
1712.29	11.6404
1714.9	7.62076
1717.5	3.60102
1720.1	1.58116
1722.71	-4.4388
1725.31	13.5412
1727.91	-6.47901
1730.51	21.5007
1733.1	9.4804
1735.7	-6.54007
1738.3	23.4394
1740.89	21.4187
1743.49	5.39798
1746.08	5.37712
1748.67	11.3562
1751.26	5.33512
1753.86	7.31395
1756.45	3.29269
1759.03	21.2713
1761.62	19.2499
1764.21	13.2283
1766.8	3.20664
1769.38	19.1849
1771.97	-0.837007
1774.55	5.14102
1777.13	3.11894
1779.71	11.0968
1782.29	5.07449
1784.87	11.0521
1787.45	3.0296
1790.03	7.00702
1792.61	22.9843
1795.18	6.96151
1797.76	6.9386
1800.33	8.91559
1802.9	18.8925
1805.48	14.8693
1808.05	-3.15406
1810.62	22.8225
1813.19	2.79897
1815.76	18.7753
1818.33	2.75157
1820.89	4.72772
1823.46	-1.29623
1826.02	14.6797
1828.59	4.65553
1831.15	8.63126
1833.71	22.6069
1836.27	0.582379
1838.84	6.55778
1841.39	-1.46692
1843.95	8.50827
1846.51	12.4833
1849.07	6.45834
1851.62	14.4332
1854.18	14.408
1856.73	6.38261
1859.29	14.3571
1861.84	-7.66841
1864.39	20.3059
1866.94	-5.71988
1869.49	-5.74576
1872.04	-1.77176
1874.59	0.202129
1877.13	4.17591
1879.68	22.1496
1882.22	14.1232
1884.77	18.0966
1887.31	10.07
1889.85	8.04318
1892.39	6.01631
1894.93	21.9893
1897.47	5.96222
1900.01	7.93502
1902.55	9.9077
1905.09	-0.119724
1907.62	15.8527
1910.16	1.8251
1912.69	25.7973
1915.22	5.76946
1917.76	23.7415
1920.29	11.7134
1922.82	5.68518
1925.35	31.6568
1927.88	9.62842
1930.4	13.5999
1932.93	7.57122
1935.46	3.54245
1937.98	7.51357
1940.51	11.4846
1943.03	13.4555
1945.55	25.4263
1948.07	-2.60309
1950.59	-0.632522
1953.11	17.3379
1955.63	3.30824
1958.15	13.2785
1960.67	1.24856
1963.18	5.21855
1965.7	15.1884
1968.21	19.1582
1970.73	9.12781
1973.24	5.09733
1975.75	-2.93324
1978.26	-0.963956
1980.77	11.0052
1983.28	-3.02571
1985.79	14.9433
1988.29	6.91209
1990.8	4.8808
1993.31	6.8494
1995.81	-5.18211
1998.31	4.78629
