100.093	2.21949
103.274	26.2701
106.457	40.3205
109.636	14.3706
112.817	12.4205
115.994	22.4702
119.172	22.5196
122.347	18.5688
125.521	26.6178
128.696	10.6666
131.868	18.7151
135.039	16.7634
138.209	20.8114
141.379	14.8593
144.547	8.9069
147.713	24.9543
150.879	-2.99855
154.043	17.0484
157.206	11.0951
160.368	1.14161
163.529	23.1879
166.689	9.23395
169.848	3.27979
173.006	9.32541
176.163	-2.62919
179.316	17.416
182.471	17.4609
185.625	23.5057
188.777	15.5502
191.927	1.5945
195.077	13.6386
198.224	-0.317529
201.372	5.72615
204.52	9.76962
207.664	-0.187156
210.809	9.85589
213.95	19.8987
217.091	21.9413
220.233	5.9837
223.372	2.02588
226.509	8.06785
229.648	14.1096
232.784	4.1512
235.918	10.1925
239.051	-7.76631
242.186	12.2747
245.317	16.3154
248.447	6.35593
251.577	10.3963
254.705	2.43639
257.832	4.47632
260.958	-5.48396
264.083	24.5556
267.204	8.59487
270.327	2.634
273.449	6.67293
276.57	6.71166
279.69	-5.24981
282.806	12.7885
285.924	10.8266
289.04	-3.13541
292.154	14.9023
295.268	6.93987
298.379	2.97721
301.492	5.01438
304.601	21.0513
307.711	7.08812
310.818	5.12469
313.924	7.16107
317.031	13.1973
320.135	21.2333
323.238	5.26909
326.34	19.3047
329.443	17.3402
332.543	31.3754
335.642	19.4105
338.74	7.44537
341.836	-0.519936
344.932	1.51457
348.027	11.5489
351.12	-2.41696
354.213	3.617
357.302	-2.34925
360.393	17.6843
363.482	9.71776
366.57	23.751
369.656	19.784
372.742	13.8169
375.827	23.8496
378.91	11.8821
381.993	1.91443
385.073	7.94657
388.154	7.97856
391.232	8.01035
394.311	10.042
397.387	-1.92657
400.462	16.1047
403.536	6.13579
406.611	0.166728
409.683	26.1975
412.754	-1.77195
415.824	4.25846
418.893	22.2887
421.961	-7.68124
425.027	6.34865
428.093	8.37838
431.158	8.40794
434.222	4.43733
437.284	-5.53345
440.346	2.49561
443.407	10.5245
446.464	0.553207
449.523	-5.41823
452.581	6.61016
455.635	8.63838
458.691	24.6664
461.743	12.6943
464.797	0.722079
467.847	0.749643
470.899	0.777065
473.947	16.8043
476.994	-3.16861
480.043	14.8583
483.088	12.8851
486.133	6.9117
489.176	16.9382
492.22	20.9645
495.262	8.9906
498.302	7.01658
501.341	1.0424
504.38	13.0681
507.417	1.09358
510.453	-4.88106
513.487	9.14413
516.521	3.16919
519.554	9.19409
522.586	15.2188
525.616	7.24342
528.646	1.26787
531.675	9.29217
534.701	15.3163
537.729	7.3403
540.753	1.36413
543.778	5.38784
546.8	-4.58862
549.821	-0.565232
552.844	11.458
555.863	13.4811
558.881	5.50408
561.898	-0.473107
564.916	-2.45043
567.932	-0.427905
570.946	13.5945
573.959	-4.38329
576.971	-6.3612
579.982	7.66075
582.993	7.68256
586	5.70422
589.008	3.72575
592.015	13.7471
595.022	3.76839
598.025	19.7895
601.029	1.81046
604.032	13.8313
607.033	13.852
610.034	7.87254
613.032	1.89295
616.032	5.91324
619.028	11.9334
622.023	1.95339
625.018	7.97326
628.013	1.99301
631.005	10.0126
633.997	6.03209
636.987	-1.94856
639.977	10.0706
642.965	10.0897
645.952	4.10867
648.939	6.12749
651.924	20.1462
654.909	8.16474
657.892	-7.81683
660.873	8.20146
663.854	10.2196
666.835	6.23768
669.813	6.25559
672.791	6.27339
675.767	12.291
678.743	12.3086
681.717	-3.674
684.692	2.34329
687.664	4.36045
690.634	12.3775
693.606	12.3944
696.575	8.41121
699.543	16.4279
702.51	6.44443
705.475	12.4609
708.44	2.47716
711.404	-1.50665
714.367	20.5094
717.329	4.52537
720.29	-1.4588
723.25	6.55691
726.207	12.5725
729.166	-3.41202
732.123	8.60334
735.077	8.61857
738.032	16.6337
740.984	4.64871
743.938	0.663609
746.888	12.6784
749.839	6.69306
752.788	14.7076
755.735	14.722
758.682	-7.26363
761.627	18.7506
764.574	12.7647
767.517	0.778681
770.46	4.79256
773.402	14.8063
776.342	20.82
779.282	10.8335
782.219	8.84698
785.157	-1.13969
788.094	2.87354
791.029	22.8867
793.962	14.8997
796.896	6.91257
799.828	2.92536
802.76	2.93805
805.689	10.9506
808.619	2.96312
811.546	12.9755
814.473	0.98776
817.4	6.99993
820.324	15.012
823.248	15.024
826.17	-0.964184
829.092	1.04757
832.012	21.0592
834.932	19.0708
837.851	9.08224
840.768	15.0936
843.685	31.1049
846.599	15.116
849.514	19.1271
852.428	-0.861972
855.339	23.1489
858.251	19.1597
861.16	-0.829684
864.07	7.18089
866.978	3.19136
869.884	5.20174
872.792	9.21203
875.696	15.2222
878.599	23.2323
881.502	9.24231
884.404	23.2522
887.304	7.26203
890.204	21.2718
893.103	13.2814
896.001	-2.70908
898.898	5.30037
901.794	-8.69028
904.689	9.31899
907.581	7.32816
910.474	-8.66275
913.364	5.34624
916.256	11.3552
919.144	7.36397
922.034	11.3727
924.92	9.38135
927.808	5.38991
930.693	21.3984
933.576	11.4068
936.459	11.4151
939.341	19.4233
942.222	-10.5686
945.102	9.43944
947.981	23.4474
950.859	-0.544727
953.737	11.4631
956.613	5.47078
959.488	9.4784
962.361	15.4859
965.235	15.4934
968.105	-2.49921
970.977	13.5081
973.846	11.5153
976.716	19.5224
979.583	7.52951
982.449	11.5365
985.316	3.54339
988.18	9.55022
991.043	5.55696
993.906	1.56363
996.767	3.57022
999.628	7.57673
1002.49	13.5832
1005.35	35.5895
1008.2	5.59582
1011.06	13.602
1013.91	17.6082
1016.77	21.6142
1019.62	1.62021
1022.48	3.62613
1025.33	13.632
1028.18	9.63773
1031.03	15.6434
1033.87	15.649
1036.72	21.6546
1039.57	3.66008
1042.41	13.6655
1045.26	5.67083
1048.1	9.6761
1050.94	7.6813
1053.78	23.6864
1056.62	15.6915
1059.46	13.6965
1062.3	-0.298597
1065.14	3.70626
1067.97	13.711
1070.81	5.71576
1073.64	5.72042
1076.47	15.725
1079.31	13.7295
1082.14	9.73399
1084.97	-4.26162
1087.8	-0.257294
1090.63	23.747
1093.45	-2.24883
1096.28	13.7553
1099.1	13.7594
1101.93	13.7634
1104.75	5.76733
1107.57	-0.22879
1110.39	15.775
1113.21	9.77879
1116.03	5.78249
1118.85	-0.213869
1121.66	3.78971
1124.48	5.79323
1127.3	3.79669
1130.11	1.80009
1132.92	13.8034
1135.73	11.8067
1138.54	13.8099
1141.35	9.8131
1144.16	-0.183789
1146.97	5.81926
1149.78	9.82226
1152.58	9.8252
1155.39	3.82808
1158.19	21.8309
1161	5.83368
1163.8	9.8364
1166.6	9.83906
1169.4	1.84167
1172.2	1.84423
1174.99	13.8467
1177.79	9.84918
1180.59	5.85157
1183.38	-0.146083
1186.17	9.85621
1188.97	13.8584
1191.76	7.86064
1194.55	5.86278
1197.34	9.86486
1200.13	5.8669
1202.92	-0.131112
1205.7	11.8708
1208.49	11.8727
1211.27	-4.12545
1214.06	13.8763
1216.84	11.8781
1219.62	7.87978
1222.4	3.88143
1225.18	7.88303
1227.96	11.8846
1230.74	7.88609
1233.51	-4.11245
1236.29	11.889
1239.06	9.89034
1241.84	-8.10834
1244.61	9.89294
1247.38	5.89418
1250.15	13.8954
1252.92	7.89652
1255.69	-6.10238
1258.46	13.8987
1261.23	15.8997
1263.99	1.90068
1266.76	15.9016
1269.52	-2.0975
1272.28	15.9034
1275.05	9.90417
1277.81	7.90494
1280.57	-4.09434
1283.33	-2.09365
1286.08	1.907
1288.84	5.90761
1291.6	11.9082
1294.35	9.90871
1297.11	-6.09079
1299.86	9.90966
1302.61	11.9101
1305.36	3.91046
1308.11	19.9108
1310.86	3.91111
1313.61	5.91138
1316.36	19.9116
1319.1	23.9118
1321.85	1.91197
1324.59	23.9121
1327.33	3.91219
1330.08	21.9122
1332.82	-2.08773
1335.56	1.91226
1338.3	9.91222
1341.04	17.9121
1343.77	3.91203
1346.51	-8.08811
1349.25	17.9117
1351.98	9.9115
1354.71	5.91126
1357.45	11.911
1360.18	-0.0893093
1362.91	15.9104
1365.64	-10.09
1368.37	5.9096
1371.09	11.9092
1373.82	9.90873
1376.54	1.90824
1379.27	23.9077
1381.99	3.90719
1384.72	5.90663
1387.44	15.906
1390.16	5.90541
1392.88	5.90476
1395.6	17.9041
1398.31	3.90337
1401.03	15.9026
1403.75	5.90188
1406.46	17.9011
1409.18	1.90029
1411.89	13.8995
1414.6	13.8986
1417.31	19.8977
1420.02	-0.103195
1422.73	9.89587
1425.44	21.8949
1428.15	9.89394
1430.85	7.89293
1433.56	9.89191
1436.26	23.8909
1438.97	9.88979
1441.67	1.8887
1444.37	23.8876
1447.07	1.88644
1449.77	7.88529
1452.47	5.88411
1455.16	13.8829
1457.86	-0.118309
1460.56	9.88045
1463.25	15.8792
1465.94	-4.12208
1468.64	17.8766
1471.33	7.8753
1474.02	1.87397
1476.71	9.87261
1479.4	11.8712
1482.09	21.8699
1484.77	15.8684
1487.46	9.86703
1490.14	23.8656
1492.83	9.86413
1495.51	5.86266
1498.19	19.8612
1500.87	9.85966
1503.55	5.85814
1506.23	9.85661
1508.91	9.85506
1511.59	-2.14651
1514.27	11.8519
1516.94	13.8503
1519.62	7.84872
1522.29	-0.152905
1524.96	-6.15454
1527.63	17.8438
1530.3	-6.15784
1532.97	7.84048
1535.64	-0.161199
1538.31	-2.16289
1540.98	7.8354
1543.64	9.83368
1546.31	-8.16805
1548.97	9.83021
1551.63	13.8285
1554.3	9.8267
1556.96	3.82493
1559.62	3.82315
1562.28	9.82136
1564.94	13.8196
1567.59	1.81775
1570.25	13.8159
1572.9	1.81411
1575.56	-0.187725
1578.21	7.81043
1580.86	15.8086
1583.52	9.80673
1586.17	13.8049
1588.82	-10.197
1591.47	23.8011
1594.11	5.79924
1596.76	17.7973
1599.41	19.7955
1602.05	1.79356
1604.69	11.7917
1607.34	7.78974
1609.98	11.7878
1612.62	11.7859
1615.26	11.784
1617.9	17.7821
1620.54	7.78013
1623.18	15.7782
1625.81	17.7763
1628.45	1.77431
1631.08	17.7724
1633.72	-2.22957
1636.35	25.7685
1638.98	7.76653
1641.61	3.76458
1644.24	11.7626
1646.87	15.7607
1649.5	1.75871
1652.13	35.7568
1654.75	3.7548
1657.38	17.7528
1660	15.7509
1662.63	-0.251063
1665.25	-2.25302
1667.87	17.745
1670.49	3.74307
1673.11	11.7411
1675.73	1.73917
1678.35	3.73722
1680.96	9.73528
1683.58	21.7333
1686.19	-2.26861
1688.81	-0.270548
1691.42	7.72752
1694.03	15.7256
1696.64	13.7237
1699.25	9.72173
1701.87	9.71981
1704.47	5.71789
1707.08	7.71598
1709.69	13.7141
1712.29	13.7122
1714.9	-6.28973
1717.5	9.70838
1720.1	25.7065
1722.71	11.7046
1725.31	7.70273
1727.91	19.7009
1730.51	1.699
1733.1	15.6971
1735.7	17.6953
1738.3	-2.30654
1740.89	11.6916
1743.49	13.6898
1746.08	13.688
1748.67	11.6862
1751.26	-0.315631
1753.86	9.68258
1756.45	5.68079
1759.03	25.679
1761.62	15.6773
1764.21	7.6755
1766.8	3.67375
1769.38	3.67201
1771.97	11.6703
1774.55	3.66857
1777.13	13.6669
1779.71	9.66517
1782.29	1.66349
1784.87	11.6618
1787.45	25.6602
1790.03	5.65851
1792.61	11.6569
1795.18	7.65525
1797.76	21.6536
1800.33	21.652
1802.9	7.65046
1805.48	7.64888
1808.05	7.64733
1810.62	21.6458
1813.19	7.64425
1815.76	13.6427
1818.33	-0.358775
1820.89	5.63974
1823.46	15.6383
1826.02	9.6368
1828.59	3.63536
1831.15	19.6339
1833.71	9.63251
1836.27	25.6311
1838.84	11.6297
1841.39	13.6284
1843.95	17.627
1846.51	21.6257
1849.07	17.6244
1851.62	19.6231
1854.18	11.6218
1856.73	3.62052
1859.29	21.6193
1861.84	17.618
1864.39	11.6168
1866.94	17.6156
1869.49	11.6145
1872.04	-0.386698
1874.59	3.61216
1877.13	17.611
1879.68	19.6099
1882.22	5.60887
1884.77	23.6078
1887.31	9.60677
1889.85	11.6057
1892.39	23.6047
1894.93	29.6038
1897.47	11.6028
1900.01	5.60187
1902.55	19.601
1905.09	11.6001
1907.62	5.59918
1910.16	3.59833
1912.69	9.5975
1915.22	9.59669
1917.76	-2.4041
1920.29	1.59514
1922.82	7.5944
1925.35	21.5937
1927.88	23.593
1930.4	5.59231
1932.93	9.59166
1935.46	5.59104
1937.98	13.5904
1940.51	13.5899
1943.03	11.5893
1945.55	1.58878
1948.07	5.58827
1950.59	3.58779
1953.11	7.58734
1955.63	-2.41309
1958.15	-6.41349
1960.67	21.5861
1963.18	9.58578
1965.7	-0.414548
1968.21	11.5852
1970.73	5.58488
1973.24	-0.415369
1975.75	23.5844
1978.26	-8.41578
1980.77	-2.41595
1983.28	9.58391
1985.79	9.5838
1988.29	-2.41629
1990.8	3.58366
1993.31	13.5836
1995.81	7.58363
1998.31	1.58366
