100.093	20.0465
103.274	12.1808
106.457	4.31445
109.636	4.44714
112.817	10.5791
115.994	8.71018
119.172	4.84052
122.347	0.969956
125.521	17.0986
128.696	-6.7735
131.868	11.3535
135.039	19.4797
138.209	1.60518
141.379	5.72989
144.547	7.85373
147.713	-0.0232119
150.879	12.0991
154.043	6.22054
157.206	10.3412
160.368	2.46117
163.529	10.5803
166.689	6.69871
169.848	-7.18368
173.006	12.9332
176.163	1.04925
179.316	1.16449
182.471	11.2791
185.625	-0.607142
188.777	-4.49409
191.927	27.6181
195.077	9.7297
198.224	1.84044
201.372	11.9505
204.52	14.0598
207.664	8.16836
210.809	16.2762
213.95	16.3833
217.091	12.4896
220.233	14.5953
223.372	10.7002
226.509	8.80432
229.648	6.90783
232.784	1.01056
235.918	7.11258
239.051	3.21388
242.186	17.3146
245.317	21.4144
248.447	13.5136
251.577	3.61214
254.705	7.70993
257.832	15.807
260.958	13.9035
264.083	13.9992
267.204	18.0942
270.327	22.1885
273.449	26.2822
276.57	8.37518
279.69	8.4675
282.806	12.5591
285.924	12.6501
289.04	26.7404
292.154	10.83
295.268	-9.08106
298.379	15.0072
301.492	5.09486
304.601	11.1818
307.711	19.2682
310.818	7.35381
313.924	9.43881
317.031	19.5232
320.135	3.60694
323.238	13.69
326.34	11.7724
329.443	5.85431
332.543	19.9355
335.642	12.016
338.74	18.0959
341.836	6.17522
344.932	2.25388
348.027	6.33193
351.12	14.4094
354.213	14.4862
357.302	6.56232
360.393	12.6379
363.482	12.7129
366.57	12.7873
369.656	10.861
372.742	-5.06582
375.827	5.00676
378.91	-0.9213
381.993	11.1501
385.073	-2.77915
388.154	-4.70894
391.232	15.3606
394.311	-0.570317
397.387	7.4981
400.462	11.5659
403.536	11.6332
406.611	1.69994
409.683	9.76606
412.754	17.8316
415.824	11.8966
418.893	1.96102
421.961	-3.97512
425.027	8.08818
428.093	6.15093
431.158	-1.78688
434.222	8.27476
437.284	18.3358
440.346	8.39639
443.407	14.4564
446.464	10.5158
449.523	14.5747
452.581	22.6331
455.635	4.6909
458.691	-5.25179
461.743	16.8049
464.797	18.8612
467.847	0.916882
470.899	12.9721
473.947	17.0267
476.994	3.08084
480.043	11.1345
483.088	17.1876
486.133	19.2402
489.176	19.2922
492.22	17.3438
495.262	11.3949
498.302	7.44542
501.341	11.4955
504.38	11.545
507.417	17.5941
510.453	5.64264
513.487	1.69068
516.521	13.7383
519.554	7.78535
522.586	13.832
525.616	7.87805
528.646	17.9237
531.675	5.96886
534.701	0.0135167
537.729	10.0577
540.753	-1.89856
543.778	-1.85528
546.8	12.1875
549.821	14.2298
552.844	20.2717
555.863	-5.68693
558.881	0.354
561.898	6.39447
564.916	20.4345
567.932	26.4741
570.946	-3.4868
573.959	4.55187
576.971	20.5901
579.982	6.62788
582.993	6.66522
586	0.702093
589.008	10.7386
592.015	14.7746
595.022	16.8102
598.025	6.84532
601.029	6.88006
604.032	10.9144
607.033	16.9482
610.034	18.9817
613.032	15.0147
616.032	-4.95265
619.028	-2.92046
622.023	27.1113
625.018	21.1427
628.013	5.17365
631.005	9.2042
633.997	1.23434
636.987	27.2641
639.977	11.2934
642.965	21.3224
645.952	-4.64909
648.939	17.3791
651.924	5.40681
654.909	13.4342
657.892	13.4612
660.873	1.48772
663.854	5.51393
666.835	17.5398
669.813	15.5652
672.791	-4.40976
675.767	3.61492
678.743	7.63923
681.717	7.66315
684.692	3.68673
687.664	7.70991
690.634	23.7327
693.606	11.7552
696.575	9.7773
699.543	19.799
702.51	7.82041
705.475	11.8414
708.44	3.8621
711.404	19.8824
714.367	-0.0976231
717.329	13.922
720.29	13.9413
723.25	3.96019
726.207	29.9788
729.166	-2.003
732.123	10.0149
735.077	12.0325
738.032	14.0497
740.984	22.0666
743.938	14.0832
746.888	14.0994
749.839	4.1153
752.788	20.1309
755.735	22.1461
758.682	18.1611
761.627	14.1757
764.574	26.19
767.517	18.204
770.46	10.2177
773.402	10.231
776.342	20.2441
779.282	16.2568
782.219	18.2692
785.157	16.2814
788.094	22.2932
791.029	20.3047
793.962	10.316
796.896	14.3269
799.828	10.3375
802.76	8.3479
805.689	16.358
808.619	10.3677
811.546	10.3772
814.473	24.3864
817.4	16.3953
820.324	4.40395
823.248	-1.5877
826.17	14.4204
829.092	18.4282
832.012	0.435694
834.932	18.4429
837.851	8.44993
840.768	12.4566
843.685	10.4631
846.599	4.46927
849.514	16.4752
852.428	24.4808
855.339	10.4862
858.251	26.4914
861.16	12.4963
864.07	14.5009
866.978	12.5053
869.884	12.5094
872.792	4.51329
875.696	16.5169
878.599	14.5203
881.502	2.52345
884.404	20.5264
887.304	18.529
890.204	12.5314
893.103	24.5336
896.001	12.5356
898.898	20.5373
901.794	6.53881
904.689	10.5401
907.581	16.5411
910.474	24.5419
913.364	-3.45749
916.256	10.5429
919.144	10.543
922.034	18.5429
924.92	16.5427
927.808	8.54215
930.693	10.5414
933.576	16.5405
936.459	22.5394
939.341	-7.46199
942.222	18.5365
945.102	-1.46531
947.981	2.53273
950.859	-3.46944
953.737	20.5282
956.613	0.525637
959.488	12.5229
962.361	10.5199
965.235	0.51678
968.105	26.5134
970.977	0.509916
973.846	20.5062
976.716	8.5023
979.583	14.4982
982.449	2.49395
985.316	2.4895
988.18	10.4849
991.043	22.4801
993.906	16.4751
996.767	12.4699
999.628	10.4646
1002.49	10.4591
1005.35	4.45342
1008.2	24.4476
1011.06	14.4416
1013.91	0.435412
1016.77	16.4291
1019.62	30.4226
1022.48	14.4159
1025.33	-7.59088
1028.18	16.4021
1031.03	0.395026
1033.87	10.3878
1036.72	20.3803
1039.57	34.3727
1042.41	6.36501
1045.26	-1.64286
1048.1	10.3491
1050.94	8.34095
1053.78	26.3326
1056.62	2.3242
1059.46	2.31561
1062.3	16.3069
1065.14	4.29803
1067.97	12.289
1070.81	10.2799
1073.64	4.27066
1076.47	24.2613
1079.31	8.25175
1082.14	12.2421
1084.97	26.2323
1087.8	14.2225
1090.63	4.21244
1093.45	8.20231
1096.28	12.1921
1099.1	10.1817
1101.93	12.1712
1104.75	14.1606
1107.57	14.1499
1110.39	20.1391
1113.21	8.12815
1116.03	8.11711
1118.85	10.106
1121.66	6.09471
1124.48	14.0834
1127.3	-1.9281
1130.11	8.06033
1132.92	12.0487
1135.73	6.03693
1138.54	28.0251
1141.35	-7.98687
1144.16	12.0011
1146.97	-6.01104
1149.78	-0.0232633
1152.58	9.96444
1155.39	7.95204
1158.19	11.9396
1161	-4.07301
1163.8	17.9143
1166.6	7.90161
1169.4	1.88879
1172.2	3.87591
1174.99	1.86294
1177.79	1.8499
1180.59	9.83679
1183.38	1.8236
1186.17	9.81034
1188.97	11.797
1191.76	23.7836
1194.55	3.77015
1197.34	7.75662
1200.13	7.74302
1202.92	7.72936
1205.7	3.71565
1208.49	27.7019
1211.27	7.68803
1214.06	11.6741
1216.84	11.6602
1219.62	11.6462
1222.4	1.63213
1225.18	-6.38197
1227.96	11.6039
1230.74	3.58966
1233.51	9.57541
1236.29	7.56111
1239.06	9.54677
1241.84	-4.46761
1244.61	11.518
1247.38	5.50349
1250.15	9.48899
1252.92	5.47444
1255.69	13.4599
1258.46	9.44525
1261.23	-2.5694
1263.99	17.4159
1266.76	-4.5988
1269.52	9.38647
1272.28	11.3717
1275.05	5.3569
1277.81	9.34208
1280.57	9.32723
1283.33	13.3124
1286.08	-4.70252
1288.84	3.28257
1291.6	1.26764
1294.35	9.25269
1297.11	7.23774
1299.86	-0.777243
1302.61	13.2078
1305.36	15.1928
1308.11	9.17775
1310.86	5.16273
1313.61	1.14771
1316.36	11.1327
1319.1	7.11762
1321.85	7.10258
1324.59	21.0875
1327.33	3.07248
1330.08	9.05743
1332.82	5.04238
1335.56	11.0273
1338.3	13.0123
1341.04	12.9972
1343.77	8.98221
1346.51	8.96719
1349.25	12.9522
1351.98	14.9372
1354.71	20.9222
1357.45	10.9072
1360.18	4.89221
1362.91	10.8772
1365.64	-9.13769
1368.37	22.8474
1371.09	18.8325
1373.82	0.817601
1376.54	6.80275
1379.27	10.7879
1381.99	-1.22691
1384.72	14.7583
1387.44	6.74353
1390.16	20.7288
1392.88	-1.28592
1395.6	-5.3006
1398.31	14.6848
1401.03	4.67014
1403.75	-5.34444
1406.46	-9.359
1409.18	4.62649
1411.89	12.612
1414.6	10.5976
1417.31	6.58319
1420.02	2.56883
1422.73	16.5545
1425.44	10.5402
1428.15	10.526
1430.85	8.51183
1433.56	2.4977
1436.26	6.48361
1438.97	10.4696
1441.67	6.45558
1444.37	20.4417
1447.07	-1.57223
1449.77	2.41394
1452.47	24.4002
1455.16	6.38644
1457.86	2.37278
1460.56	0.359172
1463.25	2.34563
1465.94	10.3321
1468.64	-1.68128
1471.33	26.3054
1474.02	-1.70793
1476.71	10.2788
1479.4	10.2657
1482.09	10.2526
1484.77	12.2396
1487.46	8.2266
1490.14	6.21372
1492.83	-7.79909
1495.51	16.1882
1498.19	2.1755
1500.87	4.16292
1503.55	0.1504
1506.23	0.137962
1508.91	24.1256
1511.59	8.11333
1514.27	6.10114
1516.94	0.0890276
1519.62	2.07699
1522.29	10.065
1524.96	-1.94681
1527.63	8.04142
1530.3	8.02973
1532.97	10.0181
1535.64	6.00663
1538.31	11.9952
1540.98	21.9839
1543.64	7.97266
1546.31	1.96153
1548.97	5.95049
1551.63	11.9395
1554.3	17.9287
1556.96	9.91795
1559.62	19.9073
1562.28	13.8968
1564.94	3.88631
1567.59	5.87597
1570.25	-0.134271
1572.9	5.85559
1575.56	11.8456
1578.21	-0.164351
1580.86	11.8258
1583.52	13.8161
1586.17	7.80654
1588.82	7.79705
1591.47	21.7877
1594.11	5.77843
1596.76	5.76929
1599.41	9.76027
1602.05	-4.24864
1604.69	9.74256
1607.34	5.73389
1609.98	-2.27467
1612.62	1.7169
1615.26	7.70858
1617.9	17.7004
1620.54	5.69233
1623.18	7.68439
1625.81	11.6766
1628.45	9.66889
1631.08	5.66132
1633.72	-2.34611
1636.35	11.6466
1638.98	11.6394
1641.61	9.63238
1644.24	27.6255
1646.87	11.6187
1649.5	13.6121
1652.13	11.6056
1654.75	7.59918
1657.38	-2.40705
1660	17.5869
1662.63	3.58091
1665.25	-0.424905
1667.87	9.56943
1670.49	7.5639
1673.11	13.5585
1675.73	21.5533
1678.35	9.54818
1680.96	9.54323
1683.58	11.5384
1686.19	5.53378
1688.81	9.52928
1691.42	1.52493
1694.03	7.52072
1696.64	5.51667
1699.25	7.51278
1701.87	17.509
1704.47	1.50544
1707.08	-0.497988
1709.69	15.4987
1712.29	-6.50438
1714.9	11.4927
1717.5	-4.51014
1720.1	9.48722
1722.71	13.4847
1725.31	25.4824
1727.91	5.48028
1730.51	11.4783
1733.1	11.4765
1735.7	5.47481
1738.3	15.4733
1740.89	9.472
1743.49	3.47084
1746.08	17.4699
1748.67	11.469
1751.26	-4.53159
1753.86	7.46794
1756.45	3.46764
1759.03	-6.53248
1761.62	13.4676
1764.21	9.4678
1766.8	-4.53179
1769.38	7.46879
1771.97	13.4696
1774.55	7.4705
1777.13	1.47162
1779.71	7.47292
1782.29	3.47441
1784.87	1.47607
1787.45	11.4779
1790.03	13.48
1792.61	7.48219
1795.18	-0.515404
1797.76	27.4872
1800.33	5.48998
1802.9	13.493
1805.48	11.4961
1808.05	17.4995
1810.62	25.503
1813.19	5.50675
1815.76	13.5107
1818.33	21.5148
1820.89	-0.480864
1823.46	15.5237
1826.02	7.52837
1828.59	11.5333
1831.15	-2.46162
1833.71	3.5437
1836.27	15.5492
1838.84	5.55491
1841.39	-6.43917
1843.95	13.5669
1846.51	1.57326
1849.07	9.57978
1851.62	15.5865
1854.18	5.59344
1856.73	15.6006
1859.29	5.60792
1861.84	21.6155
1864.39	15.6232
1866.94	1.63122
1869.49	15.6394
1872.04	3.6478
1874.59	3.65641
1877.13	3.66523
1879.68	7.67426
1882.22	9.68351
1884.77	15.693
1887.31	7.70265
1889.85	-2.28744
1892.39	1.72267
1894.93	-2.267
1897.47	5.74356
1900.01	19.7543
1902.55	-2.23467
1905.09	5.77655
1907.62	7.78799
1910.16	5.79965
1912.69	13.8115
1915.22	3.82365
1917.76	15.836
1920.29	1.84855
1922.82	23.8613
1925.35	11.8744
1927.88	9.88761
1930.4	9.90109
1932.93	17.9148
1935.46	11.9287
1937.98	17.9429
1940.51	-0.0426898
1943.03	7.97195
1945.55	3.98681
1948.07	-3.99808
1950.59	6.01726
1953.11	-1.96716
1955.63	12.0486
1958.15	10.0647
1960.67	14.081
1963.18	14.0975
1965.7	-7.88572
1968.21	16.1313
1970.73	4.14854
1973.24	2.16604
1975.75	10.1838
1978.26	8.20175
1980.77	24.22
1983.28	14.2384
1985.79	12.2571
1988.29	20.2761
1990.8	16.2953
1993.31	2.31477
1995.81	2.33448
1998.31	-1.64558
