100.093	15.4059
103.274	23.3772
106.457	11.3485
109.636	11.3201
112.817	13.2917
115.994	27.2634
119.172	25.2353
122.347	21.2073
125.521	7.17937
128.696	31.1516
131.868	13.1239
135.039	9.09632
138.209	13.0689
141.379	23.0415
144.547	-2.98572
147.713	12.9872
150.879	16.9602
154.043	8.93327
157.206	4.90648
160.368	18.8798
163.529	2.85324
166.689	18.8268
169.848	10.8004
173.006	8.7742
176.163	12.7481
179.316	20.7221
182.471	14.6961
185.625	6.67034
188.777	-1.35536
191.927	16.6191
195.077	4.59357
198.224	10.5682
201.372	8.54292
204.52	-3.48225
207.664	24.4927
210.809	0.467733
213.95	14.4429
217.091	14.4181
220.233	2.39349
223.372	-1.63104
226.509	-9.65548
229.648	-1.67982
232.784	22.2959
235.918	8.27182
239.051	2.24779
242.186	12.2238
245.317	24.2
248.447	16.1763
251.577	0.152666
254.705	2.12914
257.832	12.1057
260.958	2.08238
264.083	10.0591
267.204	16.036
270.327	-5.98701
273.449	17.9901
276.57	17.9672
279.69	15.9445
282.806	3.92183
285.924	9.89927
289.04	13.8768
292.154	21.8545
295.268	1.8322
298.379	25.81
301.492	17.788
304.601	5.76598
307.711	-2.25591
310.818	13.7223
313.924	7.70061
317.031	13.679
320.135	19.6575
323.238	-0.363927
326.34	13.6147
329.443	13.5935
332.543	3.57236
335.642	27.5513
338.74	15.5303
341.836	15.5095
344.932	3.48869
348.027	-0.532009
351.12	7.44739
354.213	-2.57313
357.302	11.4065
360.393	3.38611
363.482	9.36586
366.57	13.3457
369.656	1.32563
372.742	-4.69437
375.827	-2.71427
378.91	7.26592
381.993	9.24618
385.073	-2.77345
388.154	13.207
391.232	21.1875
394.311	31.1681
397.387	3.14882
400.462	25.1296
403.536	-0.889529
406.611	3.09141
409.683	9.07244
412.754	11.0536
415.824	15.0348
418.893	3.01604
421.961	0.997396
425.027	12.9788
428.093	4.96036
431.158	4.94196
434.222	18.9236
437.284	2.90541
440.346	4.88725
443.407	6.86918
446.464	0.85119
449.523	4.83327
452.581	10.8154
455.635	30.7977
458.691	-5.22001
461.743	-7.23761
464.797	0.744861
467.847	-1.27258
470.899	8.71004
473.947	12.6927
476.994	12.6755
480.043	2.65838
483.088	-1.35868
486.133	10.6243
489.176	18.6074
492.22	2.59057
495.262	2.5738
498.302	2.55711
501.341	-7.45951
504.38	8.52394
507.417	6.50747
510.453	8.49107
513.487	10.4748
516.521	2.4585
519.554	-1.55769
522.586	8.4262
525.616	2.41017
528.646	0.3942
531.675	6.3783
534.701	14.3625
537.729	22.3467
540.753	0.33104
543.778	4.31542
546.8	-5.70012
549.821	-3.7156
552.844	6.26899
555.863	-1.74635
558.881	-1.76162
561.898	10.2232
564.916	14.208
567.932	2.19297
570.946	18.178
573.959	-3.83696
576.971	14.1482
579.982	6.13337
582.993	24.1186
586	4.10397
589.008	10.0894
592.015	22.0748
595.022	8.06035
598.025	0.0459497
601.029	2.0316
604.032	-1.98268
607.033	26.0031
610.034	5.98895
613.032	-2.02514
616.032	3.96083
619.028	1.94687
622.023	5.93297
625.018	1.91913
628.013	-0.0946567
631.005	-0.108372
633.997	5.87797
636.987	-0.135621
639.977	15.8508
642.965	5.83737
645.952	11.824
648.939	-2.1894
651.924	-2.20269
654.909	17.7841
657.892	11.7709
660.873	1.75778
663.854	-0.255279
666.835	9.73172
669.813	5.71878
672.791	5.70589
675.767	17.6931
678.743	7.68029
681.717	11.6676
684.692	3.65492
687.664	19.6423
690.634	-0.37022
693.606	23.6173
696.575	13.6049
699.543	9.59248
702.51	21.5802
705.475	13.5679
708.44	-0.444327
711.404	17.5435
714.367	21.5314
717.329	3.51935
720.29	-6.49265
723.25	-4.50459
726.207	19.4835
729.166	9.47168
732.123	-4.54011
735.077	15.4482
738.032	1.43647
740.984	9.42484
743.938	-0.586746
746.888	17.4017
749.839	7.39024
752.788	13.3788
755.735	23.3674
758.682	11.3561
761.627	3.34484
764.574	5.3336
767.517	5.32242
770.46	15.3113
773.402	11.3002
776.342	11.2892
779.282	15.2782
782.219	3.26726
785.157	23.2564
788.094	23.2455
791.029	-0.76527
793.962	5.22399
796.896	5.21328
799.828	9.20263
802.76	13.192
805.689	23.1815
808.619	25.1709
811.546	33.1605
814.473	11.1501
817.4	11.1397
820.324	-4.87067
823.248	23.119
826.17	9.1088
829.092	3.09859
832.012	11.0884
834.932	19.0783
837.851	3.06825
840.768	-2.94178
843.685	9.04823
846.599	5.03829
849.514	19.0284
852.428	7.01853
855.339	15.0087
858.251	20.9989
861.16	2.9892
864.07	12.9795
866.978	-1.03014
869.884	4.96025
872.792	20.9507
875.696	12.9411
878.599	28.9317
881.502	18.9222
884.404	6.91279
887.304	10.9034
890.204	8.89408
893.103	34.8848
896.001	10.8755
898.898	-5.13369
901.794	16.8571
904.689	14.848
907.581	20.8389
910.474	26.8298
913.364	-1.17921
916.256	-1.1882
919.144	12.8028
922.034	14.7939
924.92	14.785
927.808	0.776186
930.693	12.7674
933.576	14.7586
936.459	10.7499
939.341	2.74115
942.222	-11.2675
945.102	4.72385
947.981	-3.28475
950.859	14.7067
953.737	0.698142
956.613	10.6896
959.488	18.6812
962.361	6.67274
965.235	4.66434
968.105	26.656
970.977	-3.35236
973.846	6.63934
976.716	18.6311
979.583	2.62283
982.449	2.61462
985.316	28.6064
988.18	12.5983
991.043	12.5902
993.906	4.58211
996.767	22.5741
999.628	18.566
1002.49	14.558
1005.35	12.5501
1008.2	24.5422
1011.06	14.5343
1013.91	-1.47362
1016.77	28.5185
1019.62	4.51072
1022.48	6.50293
1025.33	2.49518
1028.18	6.48745
1031.03	10.4797
1033.87	22.4721
1036.72	8.46443
1039.57	16.4568
1042.41	6.44922
1045.26	-9.55834
1048.1	24.4341
1050.94	18.4266
1053.78	8.41913
1056.62	34.4117
1059.46	4.40424
1062.3	20.3968
1065.14	-3.61055
1067.97	16.3821
1070.81	18.3748
1073.64	6.36746
1076.47	14.3602
1079.31	-5.64708
1082.14	26.3457
1084.97	2.33848
1087.8	24.3313
1090.63	-7.67586
1093.45	4.317
1096.28	30.3099
1099.1	8.30279
1101.93	6.29573
1104.75	6.28868
1107.57	8.28166
1110.39	16.2747
1113.21	8.26768
1116.03	4.26072
1118.85	4.25378
1121.66	28.2469
1124.48	14.24
1127.3	18.2331
1130.11	8.22625
1132.92	-5.78057
1135.73	8.21262
1138.54	12.2058
1141.35	-7.80094
1144.16	8.19231
1146.97	14.1856
1149.78	20.1789
1152.58	28.1722
1155.39	-3.83449
1158.19	10.1589
1161	16.1522
1163.8	14.1456
1166.6	8.139
1169.4	6.13242
1172.2	16.1259
1174.99	14.1193
1177.79	16.1128
1180.59	10.1063
1183.38	18.0998
1186.17	20.0933
1188.97	14.0869
1191.76	20.0804
1194.55	2.07398
1197.34	18.0676
1200.13	18.0612
1202.92	30.0548
1205.7	8.04844
1208.49	20.0421
1211.27	8.03576
1214.06	8.02945
1216.84	8.02314
1219.62	6.01686
1222.4	2.01058
1225.18	16.0043
1227.96	31.9981
1230.74	7.99185
1233.51	1.98563
1236.29	1.97943
1239.06	-4.02676
1241.84	-0.0329345
1244.61	3.9609
1247.38	21.9548
1250.15	5.94862
1252.92	17.9425
1255.69	3.93637
1258.46	11.9303
1261.23	11.9242
1263.99	13.9181
1266.76	15.912
1269.52	-6.09401
1272.28	7.89994
1275.05	15.8939
1277.81	-4.11211
1280.57	9.88188
1283.33	13.8759
1286.08	13.8699
1288.84	15.8639
1291.6	7.85793
1294.35	3.85197
1297.11	7.84603
1299.86	17.8401
1302.61	19.8341
1305.36	19.8282
1308.11	15.8223
1310.86	-0.183592
1313.61	27.8105
1316.36	23.8046
1319.1	17.7987
1321.85	13.7929
1324.59	13.787
1327.33	15.7811
1330.08	9.7753
1332.82	9.76946
1335.56	-0.23638
1338.3	3.75779
1341.04	19.752
1343.77	21.7462
1346.51	19.7404
1349.25	13.7345
1351.98	1.72875
1354.71	25.723
1357.45	27.7172
1360.18	3.7114
1362.91	17.7056
1365.64	5.69986
1368.37	13.6941
1371.09	-2.31166
1373.82	7.68259
1376.54	13.6768
1379.27	23.6711
1381.99	15.6654
1384.72	15.6596
1387.44	15.6539
1390.16	17.6482
1392.88	13.6424
1395.6	-4.36328
1398.31	7.63101
1401.03	13.6253
1403.75	3.61958
1406.46	11.6139
1409.18	17.6082
1411.89	21.6025
1414.6	7.59677
1417.31	23.5911
1420.02	21.5854
1422.73	19.5797
1425.44	11.574
1428.15	29.5683
1430.85	1.56261
1433.56	15.5569
1436.26	15.5512
1438.97	13.5455
1441.67	27.5399
1444.37	19.5342
1447.07	15.5285
1449.77	1.52281
1452.47	23.5171
1455.16	17.5114
1457.86	1.50576
1460.56	23.5001
1463.25	23.4944
1465.94	9.4887
1468.64	11.483
1471.33	5.47733
1474.02	23.4716
1476.71	9.46595
1479.4	15.4603
1482.09	31.4546
1484.77	-2.55113
1487.46	13.4432
1490.14	19.4375
1492.83	11.4318
1495.51	13.4261
1498.19	19.4204
1500.87	-0.585337
1503.55	21.409
1506.23	5.40324
1508.91	-0.602479
1511.59	9.3918
1514.27	19.3861
1516.94	17.3804
1519.62	9.37462
1522.29	9.36889
1524.96	15.3631
1527.63	17.3574
1530.3	5.35166
1532.97	-6.65409
1535.64	11.3402
1538.31	11.3344
1540.98	9.32863
1543.64	11.3229
1546.31	5.31709
1548.97	9.3113
1551.63	-8.69448
1554.3	25.2997
1556.96	9.29393
1559.62	9.28813
1562.28	25.2823
1564.94	21.2765
1567.59	23.2707
1570.25	9.26486
1572.9	19.259
1575.56	13.2532
1578.21	19.2473
1580.86	-14.7585
1583.52	21.2356
1586.17	21.2297
1588.82	25.2239
1591.47	25.218
1594.11	21.2121
1596.76	23.2062
1599.41	29.2003
1602.05	5.19438
1604.69	-2.81154
1607.34	11.1825
1609.98	-10.8234
1612.62	9.17063
1615.26	9.16467
1617.9	33.1587
1620.54	21.1527
1623.18	7.14675
1625.81	7.14075
1628.45	25.1347
1631.08	-0.871263
1633.72	9.12271
1636.35	17.1167
1638.98	17.1106
1641.61	7.10459
1644.24	5.09852
1646.87	23.0924
1649.5	9.08636
1652.13	9.08027
1654.75	15.0742
1657.38	11.068
1660	7.06192
1662.63	21.0558
1665.25	19.0496
1667.87	5.04347
1670.49	21.0373
1673.11	-14.9689
1675.73	7.02491
1678.35	9.01871
1680.96	9.01248
1683.58	3.00626
1686.19	7.00001
1688.81	12.9937
1691.42	8.98748
1694.03	6.9812
1696.64	14.9749
1699.25	26.9686
1701.87	12.9623
1704.47	8.95593
1707.08	26.9496
1709.69	18.9432
1712.29	6.93685
1714.9	-1.06954
1717.5	24.9241
1720.1	4.91764
1722.71	-5.08879
1725.31	12.9048
1727.91	14.8983
1730.51	12.8918
1733.1	18.8853
1735.7	8.87883
1738.3	12.8723
1740.89	12.8658
1743.49	6.85924
1746.08	20.8527
1748.67	32.8461
1751.26	0.8395
1753.86	22.8329
1756.45	14.8263
1759.03	2.81962
1761.62	14.813
1764.21	2.80629
1766.8	-5.2004
1769.38	8.7929
1771.97	12.7862
1774.55	24.7794
1777.13	8.77267
1779.71	12.7659
1782.29	10.7591
1784.87	18.7523
1787.45	14.7455
1790.03	4.73864
1792.61	4.73178
1795.18	22.7249
1797.76	20.718
1800.33	26.7111
1802.9	12.7042
1805.48	16.6972
1808.05	16.6903
1810.62	28.6833
1813.19	12.6763
1815.76	40.6693
1818.33	12.6622
1820.89	0.655161
1823.46	18.6481
1826.02	8.64099
1828.59	14.6339
1831.15	8.62675
1833.71	22.6196
1836.27	16.6124
1838.84	0.605233
1841.39	10.598
1843.95	20.5908
1846.51	12.5835
1849.07	2.57628
1851.62	14.569
1854.18	12.5617
1856.73	14.5543
1859.29	6.547
1861.84	14.5396
1864.39	10.5322
1866.94	18.5248
1869.49	36.5174
1872.04	26.5099
1874.59	12.5025
1877.13	14.495
1879.68	12.4875
1882.22	18.4799
1884.77	14.4724
1887.31	10.4648
1889.85	20.4572
1892.39	20.4496
1894.93	10.4419
1897.47	26.4342
1900.01	10.4265
1902.55	-7.58116
1905.09	-3.5889
1907.62	12.4033
1910.16	18.3956
1912.69	26.3878
1915.22	8.37995
1917.76	2.3721
1920.29	16.3642
1922.82	0.35634
1925.35	18.3484
1927.88	14.3405
1930.4	28.3325
1932.93	14.3245
1935.46	18.3165
1937.98	14.3085
1940.51	6.30044
1943.03	24.2924
1945.55	20.2843
1948.07	10.2761
1950.59	6.26798
1953.11	0.2598
1955.63	22.2516
1958.15	42.2434
1960.67	8.23513
1963.18	22.2269
1965.7	4.21856
1968.21	4.21024
1970.73	24.2019
1973.24	6.19351
1975.75	42.1851
1978.26	22.1767
1980.77	12.1682
1983.28	18.1598
1985.79	36.1513
1988.29	-1.85725
1990.8	0.134194
1993.31	22.1256
1995.81	22.117
1998.31	-1.89161
