100.093	15.7707
103.274	35.7968
106.457	11.823
109.636	7.84933
112.817	23.8757
115.994	-10.0978
119.172	9.92873
122.347	7.95536
125.521	17.9821
128.696	-5.99114
131.868	10.0357
135.039	18.0627
138.209	14.0897
141.379	2.11679
144.547	20.144
147.713	4.1712
150.879	8.19852
154.043	-1.77409
157.206	22.2534
160.368	10.2809
163.529	4.3085
166.689	8.33617
169.848	8.36391
173.006	10.3917
176.163	6.41959
179.316	-1.55249
182.471	20.4755
185.625	8.50357
188.777	8.5317
191.927	-3.44014
195.077	2.58811
198.224	6.6164
201.372	16.6448
204.52	12.6732
207.664	14.7016
210.809	10.7302
213.95	12.7588
217.091	-5.21262
220.233	4.81608
223.372	4.84481
226.509	18.8736
229.648	-3.09756
232.784	20.9313
235.918	14.9602
239.051	12.9892
242.186	21.0183
245.317	7.04734
248.447	11.0765
251.577	11.1056
254.705	13.1348
257.832	9.16405
260.958	27.1933
264.083	9.22266
267.204	3.25201
270.327	17.2814
273.449	9.31085
276.57	7.34033
279.69	5.36984
282.806	19.3994
285.924	11.429
289.04	15.4586
292.154	9.4882
295.268	9.51787
298.379	15.5476
301.492	13.5773
304.601	17.6071
307.711	5.63685
310.818	15.6667
313.924	17.6965
317.031	11.7264
320.135	13.7562
323.238	15.7862
326.34	5.81608
329.443	5.84605
332.543	11.876
335.642	23.906
338.74	7.93602
341.836	-0.0339464
344.932	13.9961
348.027	6.02617
351.12	4.05625
354.213	8.08634
357.302	-3.88356
360.393	4.14656
363.482	-5.8233
366.57	2.20685
369.656	0.236988
372.742	8.26716
375.827	16.2973
378.91	8.32751
381.993	-5.64229
385.073	18.3879
388.154	8.4181
391.232	12.4483
394.311	4.47852
397.387	4.50873
400.462	6.53893
403.536	4.56914
406.611	4.59937
409.683	2.62959
412.754	4.6598
415.824	12.69
418.893	10.7202
421.961	18.7504
425.027	2.78063
428.093	14.8108
431.158	6.84102
434.222	12.8712
437.284	16.9014
440.346	0.931564
443.407	10.9617
446.464	12.9919
449.523	11.022
452.581	3.05215
455.635	5.08226
458.691	7.11237
461.743	5.14245
464.797	15.1725
467.847	13.2026
470.899	13.2326
473.947	-0.737329
476.994	5.29268
480.043	9.32268
483.088	17.3527
486.133	-0.617397
489.176	3.41253
492.22	3.44246
495.262	3.47235
498.302	11.5022
501.341	-4.46794
504.38	17.5619
507.417	5.59168
510.453	13.6215
513.487	11.6512
516.521	-4.3191
519.554	-2.28941
522.586	1.74025
525.616	9.76987
528.646	17.7995
531.675	7.82905
534.701	5.85857
537.729	5.88808
540.753	3.91754
543.778	-4.05301
546.8	13.9764
549.821	-1.99426
552.844	10.0351
555.863	10.0644
558.881	6.09362
561.898	-11.8772
564.916	-1.84797
567.932	8.18117
570.946	10.2103
573.959	-7.76068
576.971	8.26833
579.982	4.29731
582.993	18.3262
586	6.3551
589.008	6.38395
592.015	2.41274
595.022	10.4415
598.025	20.4702
601.029	-3.50115
604.032	6.52746
607.033	-3.444
610.034	2.58452
613.032	16.613
616.032	-1.35862
619.028	0.669725
622.023	8.69802
625.018	-1.27374
628.013	4.75447
631.005	10.7826
633.997	0.810683
636.987	6.83871
639.977	2.86668
642.965	2.89459
645.952	6.92245
648.939	4.95024
651.924	16.978
654.909	3.00566
657.892	7.03328
660.873	3.06083
663.854	5.08832
666.835	-4.88424
669.813	-0.856883
672.791	9.17043
675.767	9.19766
678.743	9.22484
681.717	1.25194
684.692	3.27899
687.664	7.30596
690.634	-10.6671
693.606	17.3597
696.575	13.3865
699.543	-2.58683
702.51	7.43979
705.475	15.4663
708.44	13.4928
711.404	1.51924
714.367	-0.454422
717.329	1.57184
720.29	21.598
723.25	7.62415
726.207	11.6502
729.166	19.6761
732.123	17.702
735.077	27.7278
738.032	1.75357
740.984	17.7792
743.938	19.8048
746.888	9.83028
749.839	7.8557
752.788	-2.11898
755.735	-0.0937357
758.682	5.93142
761.627	15.9565
764.574	5.98151
767.517	4.00642
770.46	-7.96875
773.402	22.056
776.342	20.0806
779.282	20.1052
782.219	-5.87032
785.157	10.1541
788.094	10.1784
791.029	14.2026
793.962	12.2267
796.896	10.2508
799.828	6.27469
802.76	8.29854
805.689	0.322295
808.619	20.346
811.546	10.3695
814.473	20.393
817.4	16.4164
820.324	12.4397
823.248	22.4629
826.17	16.486
829.092	28.509
832.012	14.5319
834.932	8.55465
837.851	14.5774
840.768	26.6
843.685	10.6225
846.599	10.6449
849.514	12.6672
852.428	16.6894
855.339	0.711446
858.251	8.73344
861.16	6.75533
864.07	10.7771
866.978	10.7988
869.884	10.8204
872.792	18.8418
875.696	8.8632
878.599	10.8844
881.502	14.9056
884.404	20.9266
887.304	8.94756
890.204	8.96838
893.103	8.9891
896.001	11.0097
898.898	9.03019
901.794	-0.949428
904.689	1.07084
907.581	-2.90901
910.474	11.111
913.364	17.131
916.256	5.15077
919.144	11.1705
922.034	19.1901
924.92	11.2095
927.808	25.2289
930.693	7.24811
933.576	-0.73278
936.459	11.2862
939.341	15.3051
942.222	3.32385
945.102	9.34249
947.981	1.36102
950.859	27.3794
953.737	3.3977
956.613	7.41586
959.488	7.4339
962.361	13.4518
965.235	9.46959
968.105	21.4873
970.977	9.5048
973.846	7.52221
976.716	5.5395
979.583	23.5567
982.449	17.5737
985.316	19.5906
988.18	-0.392603
991.043	9.62405
993.906	11.6406
996.767	1.65697
999.628	13.6732
1002.49	7.68938
1005.35	-14.2946
1008.2	11.7213
1011.06	13.737
1013.91	21.7526
1016.77	13.7681
1019.62	11.7834
1022.48	11.7987
1025.33	7.81374
1028.18	1.82869
1031.03	23.8435
1033.87	3.85816
1036.72	17.8727
1039.57	9.88711
1042.41	11.9014
1045.26	25.9155
1048.1	1.92949
1050.94	9.94334
1053.78	9.95705
1056.62	9.97062
1059.46	-10.0159
1062.3	13.9973
1065.14	12.0105
1067.97	2.0235
1070.81	12.0364
1073.64	4.0491
1076.47	0.0616731
1079.31	14.0741
1082.14	10.0864
1084.97	16.0986
1087.8	6.11057
1090.63	8.12243
1093.45	14.1341
1096.28	8.14571
1099.1	12.1571
1101.93	-1.83159
1104.75	6.17953
1107.57	0.190515
1110.39	20.2013
1113.21	8.21202
1116.03	12.2226
1118.85	8.23295
1121.66	8.24317
1124.48	10.2533
1127.3	14.2632
1130.11	14.273
1132.92	12.2826
1135.73	8.29207
1138.54	4.30139
1141.35	14.3106
1144.16	24.3196
1146.97	2.32843
1149.78	24.3371
1152.58	6.34568
1155.39	12.3541
1158.19	-1.63769
1161	20.3704
1163.8	8.37832
1166.6	12.3861
1169.4	10.3937
1172.2	12.4011
1174.99	14.4084
1177.79	28.4156
1180.59	-1.57746
1183.38	14.4293
1186.17	14.436
1188.97	14.4425
1191.76	4.44882
1194.55	0.454992
1197.34	18.461
1200.13	4.46684
1202.92	-11.5275
1205.7	10.478
1208.49	10.4834
1211.27	10.4886
1214.06	10.4936
1216.84	8.49846
1219.62	14.5031
1222.4	4.50768
1225.18	20.512
1227.96	16.5162
1230.74	10.5203
1233.51	14.5241
1236.29	-1.47219
1239.06	22.5313
1241.84	10.5347
1244.61	10.5379
1247.38	8.54088
1250.15	20.5437
1252.92	12.5464
1255.69	18.5489
1258.46	-1.44877
1261.23	10.5534
1263.99	10.5554
1266.76	14.5572
1269.52	18.5588
1272.28	-1.4397
1275.05	6.5616
1277.81	18.5627
1280.57	4.56367
1283.33	2.56444
1286.08	2.56504
1288.84	10.5655
1291.6	8.5657
1294.35	2.56577
1297.11	14.5657
1299.86	8.56538
1302.61	6.56491
1305.36	8.56427
1308.11	18.5635
1310.86	12.5625
1313.61	12.5613
1316.36	16.5599
1319.1	14.5584
1321.85	10.5567
1324.59	10.5548
1327.33	14.5527
1330.08	2.55043
1332.82	8.54799
1335.56	26.5454
1338.3	4.54256
1341.04	8.53957
1343.77	6.5364
1346.51	2.53305
1349.25	12.5295
1351.98	0.525784
1354.71	16.5219
1357.45	4.51778
1360.18	16.5135
1362.91	12.509
1365.64	6.50439
1368.37	8.49955
1371.09	-7.50548
1373.82	6.48931
1376.54	14.4839
1379.27	6.47833
1381.99	0.472553
1384.72	14.4666
1387.44	14.4604
1390.16	2.45409
1392.88	-1.55243
1395.6	-11.5592
1398.31	10.4339
1401.03	10.4268
1403.75	20.4195
1406.46	-7.58795
1409.18	10.4044
1411.89	20.3965
1414.6	24.3884
1417.31	6.38019
1420.02	2.37174
1422.73	4.3631
1425.44	0.354265
1428.15	20.3452
1430.85	16.336
1433.56	8.3266
1436.26	12.317
1438.97	6.30718
1441.67	18.2972
1444.37	24.287
1447.07	4.27658
1449.77	10.266
1452.47	2.2552
1455.16	10.2442
1457.86	22.233
1460.56	12.2216
1463.25	0.210054
1465.94	20.1983
1468.64	4.1863
1471.33	8.17412
1474.02	0.161737
1476.71	6.14916
1479.4	4.13638
1482.09	14.1234
1484.77	12.1102
1487.46	14.0968
1490.14	-3.91674
1492.83	-5.93053
1495.51	16.0555
1498.19	18.0413
1500.87	-3.9731
1503.55	12.0123
1506.23	19.9975
1508.91	5.9825
1511.59	13.9673
1514.27	15.9519
1516.94	17.9363
1519.62	9.92044
1522.29	13.9044
1524.96	3.88819
1527.63	7.87175
1530.3	1.8551
1532.97	19.8383
1535.64	29.8212
1538.31	5.80393
1540.98	3.78646
1543.64	-6.23122
1546.31	-10.2491
1548.97	9.7328
1551.63	15.7145
1554.3	5.69598
1556.96	11.6773
1559.62	25.6583
1562.28	19.6392
1564.94	9.61984
1567.59	5.60028
1570.25	7.5805
1572.9	13.5605
1575.56	9.54032
1578.21	13.5199
1580.86	13.4993
1583.52	5.47847
1586.17	9.45743
1588.82	11.4362
1591.47	21.4147
1594.11	17.393
1596.76	21.3711
1599.41	17.349
1602.05	23.3267
1604.69	-0.69582
1607.34	17.2814
1609.98	17.2585
1612.62	25.2353
1615.26	11.2119
1617.9	7.18828
1620.54	15.1644
1623.18	7.14041
1625.81	19.1161
1628.45	25.0917
1631.08	9.06699
1633.72	-6.95792
1636.35	5.01695
1638.98	14.9916
1641.61	4.96605
1644.24	12.9403
1646.87	2.91426
1649.5	8.88804
1652.13	2.86161
1654.75	4.83495
1657.38	28.8081
1660	20.781
1662.63	8.75367
1665.25	16.7261
1667.87	16.6984
1670.49	4.67039
1673.11	8.6422
1675.73	16.6138
1678.35	0.585136
1680.96	24.5563
1683.58	4.5272
1686.19	4.49789
1688.81	4.46835
1691.42	22.4386
1694.03	4.40862
1696.64	2.37843
1699.25	6.34802
1701.87	4.31736
1704.47	2.28649
1707.08	-5.7446
1709.69	20.2241
1712.29	6.19253
1714.9	-7.83924
1717.5	16.1288
1720.1	24.0966
1722.71	18.0641
1725.31	10.0315
1727.91	13.9985
1730.51	7.96543
1733.1	9.93209
1735.7	21.8985
1738.3	29.8647
1740.89	-0.169331
1743.49	3.79641
1746.08	15.7619
1748.67	-4.27279
1751.26	-0.307716
1753.86	19.6571
1756.45	1.6217
1759.03	15.5861
1761.62	3.55022
1764.21	15.5141
1766.8	25.4778
1769.38	7.44129
1771.97	9.4045
1774.55	-2.63251
1777.13	21.3303
1779.71	9.29279
1782.29	21.2551
1784.87	19.2172
1787.45	7.17901
1790.03	5.14064
1792.61	11.102
1795.18	-2.93684
1797.76	17.0241
1800.33	0.984743
1802.9	0.945197
1805.48	8.90542
1808.05	24.8654
1810.62	18.8251
1813.19	0.784663
1815.76	20.7439
1818.33	16.703
1820.89	8.66179
1823.46	10.6204
1826.02	12.5787
1828.59	-7.46316
1831.15	16.4947
1833.71	12.4523
1836.27	12.4098
1838.84	8.36693
1841.39	-5.67614
1843.95	16.2806
1846.51	2.23702
1849.07	20.1933
1851.62	4.14925
1854.18	2.105
1856.73	0.0605283
1859.29	0.0157925
1861.84	7.97085
1864.39	17.9257
1866.94	9.88021
1869.49	11.8345
1872.04	5.78863
1874.59	3.74249
1877.13	21.6961
1879.68	15.6495
1882.22	11.6026
1884.77	-6.44448
1887.31	7.5082
1889.85	21.4606
1892.39	-0.5872
1894.93	3.36475
1897.47	9.31643
1900.01	1.2679
1902.55	11.2191
1905.09	-2.8299
1907.62	17.1208
1910.16	9.07137
1912.69	1.02162
1915.22	4.97163
1917.76	8.92143
1920.29	16.8709
1922.82	18.8203
1925.35	8.76929
1927.88	22.7181
1930.4	2.66668
1932.93	8.61501
1935.46	12.5631
1937.98	0.510929
1940.51	8.45852
1943.03	2.40587
1945.55	-13.647
1948.07	12.2999
1950.59	4.2465
1953.11	-1.80714
1955.63	0.139013
1958.15	0.0849161
1960.67	26.0306
1963.18	9.97598
1965.7	9.92114
1968.21	7.86606
1970.73	17.8107
1973.24	17.7551
1975.75	27.6993
1978.26	11.6433
1980.77	1.58697
1983.28	1.5304
1985.79	7.47361
1988.29	13.4166
1990.8	-0.640755
1993.31	7.30171
1995.81	1.24392
1998.31	5.18593
