100.093	7.57063
103.274	13.6126
106.457	21.6544
109.636	25.696
112.817	19.7375
115.994	7.77871
119.172	23.8198
122.347	23.8607
125.521	17.9015
128.696	21.9421
131.868	3.98245
135.039	28.0227
138.209	-5.93728
141.379	10.1026
144.547	14.1423
147.713	14.1819
150.879	-5.77876
154.043	14.2604
157.206	8.29947
160.368	12.3383
163.529	6.37704
166.689	10.4156
169.848	2.45393
173.006	18.4921
176.163	8.53017
179.316	12.568
182.471	8.60571
185.625	8.64325
188.777	-1.31937
191.927	-7.28219
195.077	18.7549
198.224	18.7917
201.372	18.8284
204.52	14.865
207.664	-3.09861
210.809	8.93763
213.95	0.973682
217.091	11.0096
220.233	13.0453
223.372	11.0809
226.509	-0.883667
229.648	5.15162
232.784	3.18672
235.918	9.22167
239.051	21.2565
242.186	3.29111
245.317	1.32559
248.447	13.3599
251.577	25.3941
254.705	13.4281
257.832	13.4619
260.958	13.4956
264.083	13.5292
267.204	9.56256
270.327	17.5958
273.449	29.6289
276.57	21.6618
279.69	5.69462
282.806	5.72723
285.924	11.7597
289.04	5.79205
292.154	15.8242
295.268	5.85625
298.379	5.88812
301.492	9.91985
304.601	5.95142
307.711	13.9829
310.818	-5.98586
313.924	16.0453
317.031	0.0762666
320.135	16.1071
323.238	4.13779
326.34	20.1683
329.443	22.1988
332.543	4.22901
335.642	24.2591
338.74	2.28908
341.836	10.3189
344.932	22.3486
348.027	16.3781
351.12	12.4075
354.213	-1.56323
357.302	0.465867
360.393	10.4948
363.482	6.52367
366.57	0.552363
369.656	18.5809
372.742	18.6093
375.827	24.6376
378.91	-3.3343
381.993	16.6937
385.073	4.72154
388.154	6.74926
391.232	4.77682
394.311	4.80427
397.387	18.8316
400.462	-3.14128
403.536	20.8857
406.611	-7.08735
409.683	20.9394
412.754	10.966
415.824	8.99251
418.893	-0.981136
421.961	-6.95492
425.027	-2.92883
428.093	17.0971
431.158	1.12295
434.222	5.14864
437.284	7.1742
440.346	-0.800374
443.407	13.2249
446.464	25.2501
449.523	9.27512
452.581	17.3
455.635	3.32479
458.691	9.34944
461.743	1.37395
464.797	19.3983
467.847	13.4226
470.899	-0.553257
473.947	7.47074
476.994	1.49462
480.043	-0.481619
483.088	-2.458
486.133	3.5655
489.176	15.5889
492.22	7.61214
495.262	15.6353
498.302	5.65826
501.341	7.68114
504.38	3.70389
507.417	9.72653
510.453	9.74904
513.487	9.77141
516.521	7.79368
519.554	23.8158
522.586	1.83785
525.616	19.8597
528.646	-2.11848
531.675	3.90319
534.701	-2.07528
537.729	15.9461
540.753	-0.0325571
543.778	3.98863
546.8	4.00969
549.821	6.03063
552.844	12.0515
555.863	-5.92782
558.881	2.09277
561.898	-3.88675
564.916	4.13362
567.932	-1.84614
570.946	4.17399
573.959	-1.80599
576.971	0.213909
579.982	0.233696
582.993	0.253369
586	14.2729
589.008	4.29236
592.015	12.3117
595.022	4.33092
598.025	6.35002
601.029	2.36902
604.032	18.3879
607.033	10.4067
610.034	8.42534
613.032	-7.55611
616.032	10.4623
619.028	18.4807
622.023	-1.50112
625.018	2.51698
628.013	6.535
631.005	-1.44711
633.997	12.5707
636.987	12.5884
639.977	4.60592
642.965	-7.37662
645.952	8.64074
648.939	12.658
651.924	8.67514
654.909	10.6922
657.892	14.7091
660.873	0.725937
663.854	12.7427
666.835	-9.24071
669.813	12.7758
672.791	12.7922
675.767	2.80851
678.743	2.82472
681.717	12.8408
684.692	14.8568
687.664	8.87272
690.634	4.88852
693.606	20.9042
696.575	0.91981
699.543	8.9353
702.51	-1.04931
705.475	2.96598
708.44	0.981177
711.404	8.99627
714.367	3.01127
717.329	5.02616
720.29	31.041
723.25	9.05566
726.207	15.0703
729.166	11.0848
732.123	7.09917
735.077	7.11348
738.032	13.1277
740.984	7.14181
743.938	7.15583
746.888	5.16975
749.839	3.18359
752.788	19.1973
755.735	15.211
758.682	-4.77549
761.627	9.23796
764.574	23.2513
767.517	-0.73541
770.46	-4.72224
773.402	7.29084
776.342	9.30383
779.282	9.31673
782.219	-2.67047
785.157	13.3422
788.094	15.3549
791.029	13.3674
793.962	19.3798
796.896	9.39219
799.828	1.40444
802.76	27.4166
805.689	15.4287
808.619	7.4407
811.546	-2.5474
814.473	-4.53559
817.4	3.47615
820.324	23.4878
823.248	21.4993
826.17	17.5108
829.092	15.5222
832.012	15.5335
834.932	11.5447
837.851	-4.4442
840.768	3.56684
843.685	17.5778
846.599	9.58865
849.514	21.5994
852.428	3.61013
855.339	3.62074
858.251	1.63127
861.16	11.6417
864.07	17.6521
866.978	19.6624
869.884	11.6726
872.792	13.6827
875.696	37.6927
878.599	7.70265
881.502	11.7125
884.404	19.7223
887.304	19.732
890.204	17.7416
893.103	1.7512
896.001	15.7607
898.898	9.77005
901.794	5.77936
904.689	7.7886
907.581	5.79774
910.474	5.80682
913.364	11.8158
916.256	15.8247
919.144	3.83357
922.034	5.84233
924.92	5.85102
927.808	17.8596
930.693	7.86816
933.576	11.8766
936.459	3.88499
939.341	-4.1067
942.222	7.90153
945.102	19.9097
947.981	5.91777
950.859	5.92577
953.737	25.9337
956.613	23.9416
959.488	21.9494
962.361	3.95706
965.235	21.9647
968.105	9.97226
970.977	7.97976
973.846	-6.01282
976.716	-4.00547
979.583	16.0018
982.449	8.00901
985.316	12.0161
988.18	6.02321
991.043	16.0302
993.906	-3.96287
996.767	22.044
999.628	10.0508
1002.49	20.0575
1005.35	2.06413
1008.2	12.0707
1011.06	16.0772
1013.91	26.0837
1016.77	10.09
1019.62	-1.90366
1022.48	2.10258
1025.33	24.1087
1028.18	22.1149
1031.03	10.1209
1033.87	10.1269
1036.72	16.1328
1039.57	4.1386
1042.41	20.1444
1045.26	12.1501
1048.1	6.15573
1050.94	-3.83869
1053.78	16.1668
1056.62	10.1723
1059.46	6.17766
1062.3	12.183
1065.14	10.1882
1067.97	0.193436
1070.81	12.1986
1073.64	12.2036
1076.47	16.2086
1079.31	14.2136
1082.14	8.21848
1084.97	16.2233
1087.8	6.22806
1090.63	0.232761
1093.45	0.2374
1096.28	12.242
1099.1	2.2465
1101.93	10.251
1104.75	16.2554
1107.57	14.2597
1110.39	12.264
1113.21	20.2682
1116.03	-5.72764
1118.85	0.276463
1121.66	12.2805
1124.48	0.284496
1127.3	12.2884
1130.11	2.2923
1132.92	8.29611
1135.73	-1.70013
1138.54	8.30357
1141.35	30.3072
1144.16	8.31081
1146.97	2.31434
1149.78	8.31782
1152.58	12.3212
1155.39	6.32461
1158.19	12.3279
1161	8.33118
1163.8	12.3344
1166.6	20.3375
1169.4	2.34062
1172.2	2.34366
1174.99	22.3467
1177.79	8.34959
1180.59	10.3525
1183.38	10.3553
1186.17	0.358072
1188.97	12.3608
1191.76	12.3635
1194.55	10.3661
1197.34	12.3687
1200.13	20.3712
1202.92	12.3736
1205.7	14.3761
1208.49	-5.62158
1211.27	14.3807
1214.06	6.383
1216.84	18.3852
1219.62	8.38738
1222.4	4.3895
1225.18	-1.60844
1227.96	10.3936
1230.74	2.39555
1233.51	8.39747
1236.29	2.39934
1239.06	20.4012
1241.84	26.4029
1244.61	14.4047
1247.38	6.40636
1250.15	-5.59201
1252.92	8.40958
1255.69	2.41112
1258.46	6.41262
1261.23	2.41407
1263.99	12.4155
1266.76	6.41683
1269.52	0.418144
1272.28	-9.58059
1275.05	-5.57937
1277.81	6.42181
1280.57	12.4229
1283.33	-9.57596
1286.08	14.4251
1288.84	12.4261
1291.6	-5.57296
1294.35	14.428
1297.11	0.42883
1299.86	-1.57034
1302.61	2.43045
1305.36	-3.56881
1308.11	18.4319
1310.86	0.432552
1313.61	12.4332
1316.36	2.43375
1319.1	16.4343
1321.85	2.43478
1324.59	12.4352
1327.33	-1.56436
1330.08	14.436
1332.82	26.4363
1335.56	-3.56336
1338.3	0.436894
1341.04	-1.56289
1343.77	16.4373
1346.51	30.4374
1349.25	4.43751
1351.98	10.4376
1354.71	10.4376
1357.45	2.43757
1360.18	16.4375
1362.91	6.43742
1365.64	2.43729
1368.37	0.437116
1371.09	24.4369
1373.82	-3.56333
1376.54	4.43639
1379.27	-1.56393
1381.99	-5.56429
1384.72	12.4353
1387.44	10.4349
1390.16	10.4344
1392.88	16.4339
1395.6	0.433412
1398.31	16.4328
1401.03	-1.56775
1403.75	0.43161
1406.46	-9.56906
1409.18	12.4302
1411.89	0.429498
1414.6	2.42873
1417.31	8.42792
1420.02	10.4271
1422.73	6.42621
1425.44	14.4253
1428.15	8.42437
1430.85	16.4234
1433.56	0.422398
1436.26	8.42136
1438.97	8.4203
1441.67	-1.5808
1444.37	6.41807
1447.07	8.41691
1449.77	10.4157
1452.47	4.4145
1455.16	10.4132
1457.86	8.41196
1460.56	12.4106
1463.25	10.4093
1465.94	16.4079
1468.64	16.4065
1471.33	10.4051
1474.02	12.4036
1476.71	4.40214
1479.4	-5.59938
1482.09	-1.60092
1484.77	8.3975
1487.46	14.3959
1490.14	8.39426
1492.83	10.3926
1495.51	0.390914
1498.19	2.3892
1500.87	14.3875
1503.55	2.38569
1506.23	14.3839
1508.91	12.3821
1511.59	14.3802
1514.27	0.378339
1516.94	14.3764
1519.62	14.3745
1522.29	8.37255
1524.96	-7.62942
1527.63	0.368571
1530.3	8.36654
1532.97	12.3645
1535.64	4.36241
1538.31	2.3603
1540.98	10.3582
1543.64	14.356
1546.31	12.3538
1548.97	8.35165
1551.63	8.34942
1554.3	14.3472
1556.96	18.3449
1559.62	10.3426
1562.28	2.34029
1564.94	14.338
1567.59	12.3356
1570.25	18.3332
1572.9	0.330805
1575.56	8.32838
1578.21	14.3259
1580.86	4.32346
1583.52	24.321
1586.17	6.31845
1588.82	-11.6841
1591.47	8.31336
1594.11	4.31079
1596.76	8.30819
1599.41	16.3056
1602.05	10.3029
1604.69	16.3003
1607.34	0.297605
1609.98	8.29491
1612.62	6.29219
1615.26	2.28946
1617.9	18.2867
1620.54	10.2839
1623.18	18.2811
1625.81	4.27833
1628.45	34.2755
1631.08	-1.72734
1633.72	2.2698
1636.35	4.26692
1638.98	24.264
1641.61	14.2611
1644.24	16.2582
1646.87	22.2552
1649.5	20.2523
1652.13	6.24927
1654.75	18.2463
1657.38	22.2433
1660	2.24022
1662.63	14.2372
1665.25	16.2341
1667.87	20.231
1670.49	18.2279
1673.11	12.2248
1675.73	10.2217
1678.35	14.2186
1680.96	2.2154
1683.58	2.21223
1686.19	6.20905
1688.81	10.2058
1691.42	8.20263
1694.03	10.1994
1696.64	4.19617
1699.25	-5.80709
1701.87	10.1896
1704.47	0.186365
1707.08	14.1831
1709.69	14.1798
1712.29	6.17644
1714.9	8.17311
1717.5	18.1698
1720.1	10.1664
1722.71	16.163
1725.31	4.15966
1727.91	18.1563
1730.51	32.1529
1733.1	4.14945
1735.7	8.14602
1738.3	24.1426
1740.89	12.1391
1743.49	8.13568
1746.08	4.13221
1748.67	-1.87127
1751.26	0.125241
1753.86	24.1217
1756.45	0.118228
1759.03	8.11471
1761.62	22.1112
1764.21	20.1076
1766.8	10.1041
1769.38	2.10053
1771.97	10.097
1774.55	24.0934
1777.13	8.08981
1779.71	6.08621
1782.29	8.08261
1784.87	6.079
1787.45	4.07539
1790.03	16.0718
1792.61	26.0681
1795.18	8.06449
1797.76	16.0608
1800.33	6.05719
1802.9	8.05352
1805.48	8.04986
1808.05	4.04618
1810.62	6.0425
1813.19	-9.96119
1815.76	8.03511
1818.33	24.0314
1820.89	6.0277
1823.46	8.02399
1826.02	8.02027
1828.59	14.0165
1831.15	-1.98718
1833.71	6.00908
1836.27	26.0053
1838.84	16.0016
1841.39	11.9978
1843.95	3.99409
1846.51	1.99033
1849.07	17.9866
1851.62	7.9828
1854.18	13.979
1856.73	1.97526
1859.29	9.97148
1861.84	23.9677
1864.39	1.96391
1866.94	7.96012
1869.49	11.9563
1872.04	9.95253
1874.59	-0.0512663
1877.13	15.9449
1879.68	11.9411
1882.22	13.9373
1884.77	13.9335
1887.31	-0.0702938
1889.85	5.92589
1892.39	21.9221
1894.93	1.91826
1897.47	13.9144
1900.01	23.9106
1902.55	29.9068
1905.09	11.903
1907.62	13.8992
1910.16	13.8953
1912.69	15.8915
1915.22	5.88769
1917.76	-6.11613
1920.29	9.88004
1922.82	19.8762
1925.35	9.87239
1927.88	13.8686
1930.4	-0.135254
1932.93	13.8609
1935.46	11.8571
1937.98	13.8533
1940.51	-2.15055
1943.03	3.84563
1945.55	11.8418
1948.07	29.838
1950.59	1.83418
1953.11	7.83036
1955.63	-2.17345
1958.15	-2.17726
1960.67	5.81893
1963.18	19.8151
1965.7	29.8113
1968.21	-2.19249
1970.73	-6.19629
1973.24	7.79992
1975.75	9.79612
1978.26	5.79233
1980.77	5.78854
1983.28	7.78475
1985.79	11.781
1988.29	-2.22281
1990.8	-4.22658
1993.31	3.76964
1995.81	-0.234124
1998.31	13.7621
