100.093	12.1378
103.274	8.1779
106.457	-3.78205
109.636	6.25786
112.817	12.2977
115.994	16.3374
119.172	0.376969
122.347	16.4164
125.521	12.4558
128.696	16.495
131.868	14.5342
135.039	4.57318
138.209	8.61208
141.379	0.650897
144.547	4.68957
147.713	12.7281
150.879	10.7666
154.043	8.80493
157.206	12.8432
160.368	8.88127
163.529	2.91927
166.689	12.9572
169.848	12.9949
173.006	-6.9674
176.163	-0.929847
179.316	5.10757
182.471	3.1449
185.625	3.18211
188.777	21.2192
191.927	11.2562
195.077	-8.70694
198.224	-0.670201
201.372	7.36645
204.52	5.40299
207.664	5.4394
210.809	25.4757
213.95	13.5119
217.091	13.548
220.233	5.58394
223.372	5.61978
226.509	7.65551
229.648	15.6912
232.784	-10.2733
235.918	25.7621
239.051	5.79733
242.186	11.8325
245.317	21.8676
248.447	11.9025
251.577	17.9374
254.705	29.9721
257.832	14.0067
260.958	14.0412
264.083	6.07555
267.204	4.1098
270.327	16.144
273.449	0.177999
276.57	12.2119
279.69	2.24575
282.806	6.27943
285.924	2.31303
289.04	12.3465
292.154	8.37986
295.268	22.4131
298.379	8.44624
301.492	22.4793
304.601	18.5122
307.711	6.54498
310.818	8.57765
313.924	18.6102
317.031	12.6427
320.135	26.675
323.238	14.7072
326.34	-3.26064
329.443	12.7714
332.543	16.8033
335.642	20.835
338.74	10.8667
341.836	4.89825
344.932	20.9297
348.027	6.96102
351.12	0.992231
354.213	5.02333
357.302	11.0543
360.393	25.0852
363.482	17.1159
366.57	13.1466
369.656	7.17711
372.742	9.20754
375.827	17.2379
378.91	-0.731963
381.993	11.2981
385.073	11.3281
388.154	17.358
391.232	15.3877
394.311	7.41733
397.387	-2.55316
400.462	3.47623
403.536	9.50552
406.611	5.53471
409.683	5.56377
412.754	3.59272
415.824	23.6216
418.893	9.65028
421.961	5.67889
425.027	17.7074
428.093	19.7358
431.158	-14.2359
434.222	21.7922
437.284	7.82027
440.346	3.84821
443.407	11.876
446.464	11.9037
449.523	13.9313
452.581	9.95883
455.635	-2.01381
458.691	6.01346
461.743	10.0406
464.797	2.06763
467.847	8.09455
470.899	14.1214
473.947	2.14805
476.994	6.17463
480.043	20.2011
483.088	22.2275
486.133	8.25371
489.176	6.27983
492.22	20.3059
495.262	10.3318
498.302	4.35757
501.341	22.3832
504.38	-1.59119
507.417	2.43427
510.453	2.45962
513.487	14.4848
516.521	18.51
519.554	-5.46504
522.586	-1.44014
525.616	8.58463
528.646	4.6093
531.675	10.6339
534.701	10.6583
537.729	-3.31736
540.753	8.70685
543.778	0.730964
546.8	0.75495
549.821	8.77883
552.844	2.8026
555.863	4.82626
558.881	-15.1502
561.898	12.8732
564.916	12.8966
567.932	8.91976
570.946	-1.05714
573.959	10.9658
576.971	4.98871
579.982	11.0115
582.993	5.03411
586	15.0566
589.008	9.07906
592.015	-0.898632
595.022	19.1236
598.025	9.14564
601.029	7.16762
604.032	3.18949
607.033	-4.78877
610.034	1.23287
613.032	11.2544
616.032	7.27581
619.028	5.2971
622.023	-0.681718
625.018	3.33935
628.013	15.3603
631.005	9.38118
633.997	-0.598087
636.987	9.42254
639.977	13.4431
642.965	3.46346
645.952	13.4837
648.939	7.50393
651.924	-4.476
654.909	1.54396
657.892	3.5638
660.873	7.58353
663.854	-0.396849
666.835	5.62266
669.813	13.6421
672.791	17.6613
675.767	1.68051
678.743	17.6996
681.717	1.71852
684.692	9.73737
687.664	1.75609
690.634	15.7747
693.606	-0.206784
696.575	-0.188394
699.543	7.82988
702.51	19.8481
705.475	-8.13389
708.44	7.88405
711.404	1.90189
714.367	13.9196
717.329	11.9372
720.29	21.9547
723.25	13.9721
726.207	-0.010614
729.166	8.00656
732.123	2.02361
735.077	8.04055
738.032	22.0574
740.984	-1.9259
743.938	8.09072
746.888	2.10721
749.839	4.1236
752.788	6.13988
755.735	10.156
758.682	12.1721
761.627	24.188
764.574	2.20387
767.517	14.2196
770.46	28.2352
773.402	14.2507
776.342	14.2661
779.282	24.2814
782.219	6.29652
785.157	20.3116
788.094	10.3265
791.029	12.3414
793.962	14.3561
796.896	22.3707
799.828	6.38517
802.76	28.3996
805.689	6.41384
808.619	6.42801
811.546	12.4421
814.473	8.45601
817.4	10.4699
820.324	22.4836
823.248	8.49719
826.17	16.5107
829.092	28.5241
832.012	26.5374
834.932	16.5505
837.851	0.563595
840.768	8.57655
843.685	26.5894
846.599	10.6021
849.514	0.614732
852.428	4.62724
855.339	10.6396
858.251	12.6519
861.16	16.6641
864.07	8.67617
866.978	8.68813
869.884	18.7
872.792	34.7117
875.696	8.72334
878.599	0.734849
881.502	22.7463
884.404	12.7575
887.304	18.7687
890.204	32.7798
893.103	12.7908
896.001	20.8016
898.898	2.81238
901.794	18.823
904.689	14.8335
907.581	4.84395
910.474	12.8543
913.364	4.86445
916.256	8.87454
919.144	6.88451
922.034	8.89438
924.92	-1.09586
927.808	14.9138
930.693	16.9233
933.576	18.9328
936.459	-5.05793
939.341	8.95128
942.222	4.96037
945.102	24.9694
947.981	8.97824
950.859	18.987
953.737	-1.00432
956.613	17.0042
959.488	-0.987329
962.361	21.021
965.235	1.02922
968.105	-2.96266
970.977	17.0453
973.846	17.0532
976.716	-8.93898
979.583	21.0687
982.449	15.0763
985.316	3.08373
988.18	9.09107
991.043	21.0983
993.906	1.10544
996.767	9.11247
999.628	15.1194
1002.49	-4.87382
1005.35	15.1329
1008.2	23.1395
1011.06	19.1459
1013.91	9.15231
1016.77	3.15857
1019.62	19.1647
1022.48	-4.82924
1025.33	1.17669
1028.18	9.18252
1031.03	7.18823
1033.87	11.1938
1036.72	7.19934
1039.57	13.2047
1042.41	7.21001
1045.26	13.2152
1048.1	-0.779753
1050.94	15.2252
1053.78	3.23005
1056.62	17.2348
1059.46	11.2394
1062.3	17.2439
1065.14	3.24836
1067.97	13.2527
1070.81	19.2569
1073.64	27.2609
1076.47	7.26493
1079.31	23.2688
1082.14	5.27257
1084.97	5.27623
1087.8	11.2798
1090.63	11.2832
1093.45	-0.713454
1096.28	17.2898
1099.1	21.2929
1101.93	13.2959
1104.75	-2.7012
1107.57	1.30159
1110.39	19.3043
1113.21	5.30685
1116.03	21.3093
1118.85	9.31169
1121.66	9.31394
1124.48	9.31609
1127.3	17.3181
1130.11	23.3201
1132.92	11.3219
1135.73	19.3236
1138.54	1.32521
1141.35	1.32671
1144.16	19.3281
1146.97	11.3294
1149.78	5.33057
1152.58	7.33164
1155.39	-6.66739
1158.19	13.3335
1161	11.3342
1163.8	-0.66514
1166.6	7.3354
1169.4	13.3358
1172.2	1.33615
1174.99	5.33636
1177.79	13.3365
1180.59	1.33647
1183.38	7.33637
1186.17	1.33616
1188.97	7.33584
1191.76	-6.66459
1194.55	19.3349
1197.34	11.3342
1200.13	23.3335
1202.92	9.33264
1205.7	7.33168
1208.49	-4.66939
1211.27	3.32944
1214.06	11.3282
1216.84	21.3268
1219.62	15.3253
1222.4	1.32368
1225.18	3.32198
1227.96	-4.67983
1230.74	5.31825
1233.51	27.3162
1236.29	11.3141
1239.06	5.31186
1241.84	5.30952
1244.61	21.3071
1247.38	11.3045
1250.15	11.3019
1252.92	17.2991
1255.69	11.2962
1258.46	-4.70677
1261.23	21.2901
1263.99	5.28696
1266.76	3.28366
1269.52	9.28026
1272.28	15.2768
1275.05	3.27314
1277.81	7.26942
1280.57	23.2656
1283.33	-2.73834
1286.08	13.2576
1288.84	11.2535
1291.6	15.2492
1294.35	7.24488
1297.11	5.24043
1299.86	3.23586
1302.61	11.2312
1305.36	11.2264
1308.11	9.22154
1310.86	7.21655
1313.61	9.21147
1316.36	9.20627
1319.1	3.20097
1321.85	23.1956
1324.59	21.1901
1327.33	13.1844
1330.08	11.1787
1332.82	-0.827108
1335.56	13.167
1338.3	7.16092
1341.04	11.1548
1343.77	3.14854
1346.51	23.1422
1349.25	15.1357
1351.98	5.12918
1354.71	15.1225
1357.45	15.1157
1360.18	11.1089
1362.91	-2.8981
1365.64	17.0948
1368.37	11.0876
1371.09	1.08034
1373.82	13.0729
1376.54	9.06545
1379.27	15.0578
1381.99	7.05014
1384.72	15.0423
1387.44	7.03441
1390.16	15.0264
1392.88	5.01827
1395.6	11.01
1398.31	15.0017
1401.03	0.99327
1403.75	8.98473
1406.46	12.9761
1409.18	8.96733
1411.89	8.95848
1414.6	12.9495
1417.31	12.9405
1420.02	12.9313
1422.73	8.92204
1425.44	6.91267
1428.15	2.9032
1430.85	16.8936
1433.56	10.8839
1436.26	14.8742
1438.97	2.86427
1441.67	2.85428
1444.37	16.8442
1447.07	8.83399
1449.77	14.8237
1452.47	14.8133
1455.16	0.802783
1457.86	14.7922
1460.56	14.7815
1463.25	2.77064
1465.94	4.75973
1468.64	8.7487
1471.33	10.7376
1474.02	4.72635
1476.71	16.715
1479.4	18.7036
1482.09	0.69205
1484.77	-3.31959
1487.46	6.66867
1490.14	0.656829
1492.83	6.64488
1495.51	8.63283
1498.19	18.6207
1500.87	2.60843
1503.55	2.59608
1506.23	2.58361
1508.91	8.57106
1511.59	0.55839
1514.27	8.54563
1516.94	6.53276
1519.62	-1.48021
1522.29	20.5067
1524.96	8.49355
1527.63	12.4803
1530.3	-1.53311
1532.97	8.45341
1535.64	10.4398
1538.31	-1.57385
1540.98	4.41237
1543.64	8.39848
1546.31	10.3845
1548.97	2.3704
1551.63	8.35621
1554.3	20.3419
1556.96	20.3275
1559.62	12.313
1562.28	8.29843
1564.94	0.283731
1567.59	-3.73107
1570.25	16.254
1572.9	8.23902
1575.56	8.22392
1578.21	4.20872
1580.86	-5.80659
1583.52	6.178
1586.17	2.16249
1588.82	16.1469
1591.47	10.1312
1594.11	-7.88464
1596.76	8.09945
1599.41	14.0834
1602.05	10.0673
1604.69	12.0511
1607.34	12.0348
1609.98	22.0184
1612.62	2.00186
1615.26	15.9852
1617.9	15.9685
1620.54	1.9517
1623.18	9.93479
1625.81	11.9178
1628.45	19.9006
1631.08	19.8834
1633.72	11.8661
1636.35	3.84869
1638.98	7.83117
1641.61	31.8135
1644.24	11.7958
1646.87	-6.222
1649.5	7.76008
1652.13	19.7421
1654.75	7.72394
1657.38	9.70573
1660	5.6874
1662.63	17.669
1665.25	-6.34954
1667.87	13.6318
1670.49	7.61312
1673.11	7.59431
1675.73	9.57539
1678.35	15.5564
1680.96	15.5372
1683.58	7.51804
1686.19	21.4987
1688.81	23.4793
1691.42	-0.540204
1694.03	5.44018
1696.64	-0.579532
1699.25	11.4007
1701.87	19.3807
1704.47	15.3607
1707.08	5.34062
1709.69	-2.67958
1712.29	7.30011
1714.9	21.2797
1717.5	-2.74079
1720.1	5.2386
1722.71	-4.78211
1725.31	15.1971
1727.91	7.17619
1730.51	-4.8448
1733.1	-0.865889
1735.7	-4.88709
1738.3	-0.908385
1740.89	7.07023
1743.49	11.0487
1746.08	5.02715
1748.67	7.00546
1751.26	10.9837
1753.86	0.961798
1756.45	14.9398
1759.03	6.91774
1761.62	-1.10444
1764.21	10.8733
1766.8	4.85092
1769.38	4.82845
1771.97	-3.19413
1774.55	8.78321
1777.13	4.76044
1779.71	16.7376
1782.29	-5.28537
1784.87	6.69158
1787.45	16.6684
1790.03	16.6452
1792.61	0.621817
1795.18	16.5984
1797.76	10.5748
1800.33	18.5512
1802.9	24.5275
1805.48	24.5036
1808.05	6.47969
1810.62	-1.54434
1813.19	14.4315
1815.76	20.4073
1818.33	14.383
1820.89	-1.64145
1823.46	2.33405
1826.02	6.30943
1828.59	-7.71527
1831.15	6.25993
1833.71	14.235
1836.27	2.21002
1838.84	-1.81507
1841.39	22.1597
1843.95	12.1344
1846.51	12.1091
1849.07	18.0836
1851.62	8.05801
1854.18	22.0323
1856.73	6.00657
1859.29	-0.0193039
1861.84	-0.0452583
1864.39	7.92869
1866.94	5.90252
1869.49	-6.12373
1872.04	5.84993
1874.59	13.8235
1877.13	-0.203054
1879.68	25.7703
1882.22	3.74359
1884.77	9.71676
1887.31	-2.31015
1889.85	11.6628
1892.39	1.63572
1894.93	11.6085
1897.47	19.5812
1900.01	17.5538
1902.55	9.52632
1905.09	17.4987
1907.62	7.47104
1910.16	7.44328
1912.69	7.4154
1915.22	3.38742
1917.76	5.35937
1920.29	5.3312
1922.82	5.30295
1925.35	11.2746
1927.88	11.2462
1930.4	5.21762
1932.93	1.18898
1935.46	3.16025
1937.98	11.1314
1940.51	7.10251
1943.03	13.0735
1945.55	17.0444
1948.07	13.0152
1950.59	6.9859
1953.11	-1.0435
1955.63	12.927
1958.15	6.89745
1960.67	2.86778
1963.18	0.838012
1965.7	6.80815
1968.21	-3.22181
1970.73	-1.25186
1973.24	16.718
1975.75	6.68777
1978.26	10.6574
1980.77	8.62701
1983.28	4.59648
1985.79	4.56587
1988.29	-3.46483
1990.8	2.50436
1993.31	0.473463
1995.81	14.4425
1998.31	0.411415
