100.093	4.93089
103.274	5.06674
106.457	25.2018
109.636	31.336
112.817	9.46934
115.994	3.60178
119.172	11.7335
122.347	-2.1358
125.521	5.99411
128.696	6.12326
131.868	4.2515
135.039	12.3789
138.209	2.50547
141.379	8.63131
144.547	2.75624
147.713	-5.11965
150.879	3.00364
154.043	5.12612
157.206	5.24779
160.368	3.36866
163.529	13.4887
166.689	3.60798
169.848	-8.27356
173.006	3.84411
176.163	-6.03902
179.316	24.077
182.471	10.1923
185.625	10.3068
188.777	10.4205
191.927	2.53343
195.077	0.645621
198.224	12.757
201.372	8.86761
204.52	6.97749
207.664	5.08654
210.809	5.1949
213.95	13.3024
217.091	11.4092
220.233	3.51531
223.372	7.62059
226.509	9.72513
229.648	9.82899
232.784	9.93205
235.918	10.0344
239.051	4.13596
242.186	20.2369
245.317	20.337
248.447	8.43642
251.577	2.5351
254.705	10.6331
257.832	12.7303
260.958	6.82686
264.083	0.922686
267.204	-6.98226
270.327	9.11216
273.449	9.20587
276.57	13.2989
279.69	1.39121
282.806	23.4828
285.924	-0.426289
289.04	-2.33604
292.154	11.7535
295.268	5.84234
298.379	3.93049
301.492	6.01801
304.601	12.1048
307.711	4.19099
310.818	4.27644
313.924	12.3612
317.031	18.4454
320.135	2.52889
323.238	0.611701
326.34	12.6939
329.443	18.7754
332.543	8.85628
335.642	4.93649
338.74	7.01606
341.836	5.09499
344.932	15.1733
348.027	15.2509
351.12	-4.67204
354.213	7.40435
357.302	-2.51993
360.393	19.5552
363.482	9.62973
366.57	3.70363
369.656	15.7769
372.742	11.8495
375.827	-12.0784
378.91	5.993
381.993	20.0638
385.073	12.134
388.154	-5.79632
391.232	2.27268
394.311	-1.65887
397.387	14.4089
400.462	-3.52384
403.536	4.5428
406.611	0.608892
409.683	8.67436
412.754	0.739248
415.824	14.8036
418.893	2.8673
421.961	14.9305
425.027	0.993062
428.093	-2.94491
431.158	11.1166
434.222	3.17747
437.284	21.2378
440.346	-0.702395
443.407	-2.64316
446.464	5.41549
449.523	1.47363
452.581	9.53122
455.635	7.58823
458.691	5.64474
461.743	13.7007
464.797	9.7561
467.847	5.81096
470.899	17.8653
473.947	-0.0808642
476.994	9.97241
480.043	-1.97479
483.088	14.0774
486.133	16.1292
489.176	2.18036
492.22	-1.76892
495.262	4.28126
498.302	4.33092
501.341	6.38009
504.38	0.428747
507.417	14.4769
510.453	2.52456
513.487	8.5717
516.521	0.618367
519.554	22.6645
522.586	10.7102
525.616	16.7554
528.646	10.8001
531.675	-5.15563
534.701	22.8881
537.729	6.93138
540.753	0.974162
543.778	7.0165
546.8	-6.94166
549.821	5.09971
552.844	3.14064
555.863	11.1811
558.881	13.2211
561.898	21.2606
564.916	3.2997
567.932	11.3383
570.946	15.3765
573.959	-6.58578
576.971	3.45149
579.982	19.4883
582.993	7.52472
586	13.5606
589.008	11.5962
592.015	11.6312
595.022	9.6659
598.025	13.7001
601.029	5.7339
604.032	1.76727
607.033	3.80019
610.034	3.83272
613.032	-6.13519
616.032	7.89651
619.028	5.92777
622.023	11.9586
625.018	19.9891
628.013	6.01911
631.005	8.04874
633.997	6.07797
636.987	-3.8932
639.977	8.13523
642.965	18.1633
645.952	2.19092
648.939	32.2182
651.924	12.245
654.909	10.2715
657.892	12.2976
660.873	2.32331
663.854	8.34865
666.835	10.3736
669.813	12.3982
672.791	6.42239
675.767	10.4462
678.743	10.4697
681.717	8.49277
684.692	8.51552
687.664	10.5379
690.634	6.55989
693.606	12.5816
696.575	12.6028
699.543	10.6238
702.51	-1.35562
705.475	-1.33538
708.44	8.68451
711.404	12.7041
714.367	24.7233
717.329	10.7421
720.29	8.76068
723.25	10.7789
726.207	16.7967
729.166	18.8143
732.123	8.83146
735.077	10.8483
738.032	0.86487
740.984	8.88109
743.938	8.89699
746.888	10.9126
749.839	2.92784
752.788	10.9428
755.735	14.9574
758.682	4.97174
761.627	-1.01424
764.574	18.9995
767.517	11.0129
770.46	15.026
773.402	9.03879
776.342	7.0513
779.282	19.0635
782.219	9.07542
785.157	7.08704
788.094	13.0984
791.029	31.1094
793.962	13.1202
796.896	21.1307
799.828	15.1409
802.76	13.1508
805.689	17.1604
808.619	19.1698
811.546	13.1789
814.473	13.1877
817.4	9.19623
820.324	5.20451
823.248	39.2125
826.17	15.2203
829.092	17.2278
832.012	1.23499
834.932	13.242
837.851	17.2487
840.768	19.2552
843.685	3.26137
846.599	9.26733
849.514	19.273
852.428	27.2785
855.339	19.2837
858.251	11.2887
861.16	15.2935
864.07	25.298
866.978	1.30226
869.884	21.3063
872.792	19.3101
875.696	3.31368
878.599	7.31703
881.502	13.3202
884.404	19.3231
887.304	13.3257
890.204	23.3282
893.103	19.3304
896.001	7.33245
898.898	-0.66574
901.794	9.33586
904.689	13.3372
907.581	15.3384
910.474	19.3394
913.364	13.3402
916.256	11.3407
919.144	3.34108
922.034	3.34124
924.92	11.3412
927.808	5.34097
930.693	9.34055
933.576	9.33993
936.459	1.33913
939.341	9.33813
942.222	1.33695
945.102	1.33559
947.981	-6.66596
950.859	15.3323
953.737	27.3304
956.613	-4.67168
959.488	5.32606
962.361	11.3236
965.235	19.321
968.105	13.3183
970.977	9.31531
973.846	7.31221
976.716	1.30893
979.583	7.3055
982.449	7.30191
985.316	5.29815
988.18	15.2942
991.043	23.2902
993.906	9.28596
996.767	13.2816
999.628	-0.722927
1002.49	3.27241
1005.35	11.2676
1008.2	9.26263
1011.06	9.25753
1013.91	9.25229
1016.77	-0.753092
1019.62	13.2414
1022.48	27.2357
1025.33	15.2299
1028.18	11.224
1031.03	13.218
1033.87	11.2118
1036.72	5.20549
1039.57	-0.800941
1042.41	15.1925
1045.26	7.18583
1048.1	25.179
1050.94	13.1721
1053.78	7.16508
1056.62	3.15794
1059.46	17.1507
1062.3	23.1433
1065.14	7.13583
1067.97	7.12823
1070.81	15.1205
1073.64	13.1127
1076.47	7.10484
1079.31	9.09683
1082.14	5.08873
1084.97	-2.91948
1087.8	15.0722
1090.63	-2.93617
1093.45	7.05535
1096.28	7.04677
1099.1	-4.9619
1101.93	19.0293
1104.75	15.0205
1107.57	17.0116
1110.39	15.0026
1113.21	8.99348
1116.03	16.9843
1118.85	10.9751
1121.66	12.9657
1124.48	2.95634
1127.3	8.94687
1130.11	8.93732
1132.92	6.9277
1135.73	10.918
1138.54	8.90828
1141.35	8.89846
1144.16	4.88858
1146.97	8.87864
1149.78	2.86864
1152.58	14.8586
1155.39	10.8485
1158.19	14.8383
1161	4.82806
1163.8	2.81779
1166.6	8.80746
1169.4	-3.20292
1172.2	10.7867
1174.99	8.77618
1177.79	-3.23434
1180.59	4.75511
1183.38	16.7445
1186.17	6.73386
1188.97	16.7232
1191.76	2.71247
1194.55	6.70171
1197.34	6.69093
1200.13	14.6801
1202.92	8.66926
1205.7	18.6584
1208.49	14.6475
1211.27	2.63655
1214.06	12.6256
1216.84	14.6146
1219.62	-1.39638
1222.4	16.5926
1225.18	8.58156
1227.96	12.5705
1230.74	0.559436
1233.51	-5.45165
1236.29	6.53726
1239.06	10.5262
1241.84	-1.48497
1244.61	4.50391
1247.38	8.49278
1250.15	10.4816
1252.92	-3.5295
1255.69	20.4594
1258.46	-1.55178
1261.23	12.4371
1263.99	8.42594
1266.76	6.4148
1269.52	10.4037
1272.28	14.3926
1275.05	12.3814
1277.81	16.3703
1280.57	18.3592
1283.33	16.3482
1286.08	2.33709
1288.84	6.32603
1291.6	6.315
1294.35	12.304
1297.11	16.293
1299.86	20.282
1302.61	4.27105
1305.36	16.2601
1308.11	6.24922
1310.86	8.23834
1313.61	0.227498
1316.36	10.2167
1319.1	2.20589
1321.85	2.19513
1324.59	2.18441
1327.33	12.1737
1330.08	18.1631
1332.82	6.15246
1335.56	10.1419
1338.3	6.13135
1341.04	8.12087
1343.77	4.11042
1346.51	6.10002
1349.25	20.0897
1351.98	12.0794
1354.71	8.06909
1357.45	10.0589
1360.18	2.04873
1362.91	8.03862
1365.64	18.0286
1368.37	6.01858
1371.09	-1.99135
1373.82	5.99877
1376.54	11.989
1379.27	9.9792
1381.99	1.9695
1384.72	23.9599
1387.44	1.95031
1390.16	1.94081
1392.88	-16.0686
1395.6	1.92201
1398.31	9.91272
1401.03	9.9035
1403.75	13.8944
1406.46	21.8853
1409.18	3.87629
1411.89	-0.132635
1414.6	11.8585
1417.31	-2.15023
1420.02	13.8411
1422.73	11.8325
1425.44	9.82397
1428.15	17.8155
1430.85	9.80719
1433.56	13.7989
1436.26	5.79077
1438.97	5.78269
1441.67	13.7747
1444.37	13.7668
1447.07	-4.24099
1449.77	1.7513
1452.47	11.7437
1455.16	3.73618
1457.86	9.72876
1460.56	7.72144
1463.25	13.7142
1465.94	-2.29288
1468.64	13.7001
1471.33	3.69321
1474.02	13.6864
1476.71	11.6797
1479.4	1.67314
1482.09	17.6667
1484.77	15.6603
1487.46	7.65407
1490.14	7.64793
1492.83	-2.35809
1495.51	13.636
1498.19	7.63022
1500.87	1.62456
1503.55	-4.38099
1506.23	5.61358
1508.91	7.60828
1511.59	-6.3969
1514.27	-4.40196
1516.94	7.59311
1519.62	5.5883
1522.29	9.58362
1524.96	5.57908
1527.63	-2.42534
1530.3	11.5704
1532.97	13.5662
1535.64	9.5622
1538.31	13.5583
1540.98	-0.445437
1543.64	9.55095
1546.31	15.5475
1548.97	5.54414
1551.63	11.541
1554.3	21.5379
1556.96	1.53499
1559.62	23.5322
1562.28	3.52961
1564.94	3.52714
1567.59	-4.47518
1570.25	3.52264
1572.9	15.5206
1575.56	9.51875
1578.21	3.51703
1580.86	11.5155
1583.52	1.51404
1586.17	3.51279
1588.82	1.51168
1591.47	7.51074
1594.11	13.51
1596.76	13.5093
1599.41	9.50887
1602.05	11.5086
1604.69	9.50843
1607.34	9.50846
1609.98	11.5087
1612.62	5.50901
1615.26	-6.49046
1617.9	5.51024
1620.54	7.5111
1623.18	3.51214
1625.81	11.5134
1628.45	3.51473
1631.08	15.5163
1633.72	3.51802
1636.35	13.5199
1638.98	9.52202
1641.61	15.5243
1644.24	5.52673
1646.87	7.52935
1649.5	11.5322
1652.13	9.53515
1654.75	5.53833
1657.38	11.5417
1660	-0.454769
1662.63	21.549
1665.25	1.55288
1667.87	9.55699
1670.49	1.56129
1673.11	-0.434216
1675.73	5.57047
1678.35	21.5753
1680.96	9.58042
1683.58	11.5857
1686.19	-0.408856
1688.81	7.59681
1691.42	-0.397337
1694.03	5.60872
1696.64	3.61498
1699.25	1.62144
1701.87	5.62811
1704.47	9.63497
1707.08	9.64204
1709.69	5.64932
1712.29	5.6568
1714.9	9.66449
1717.5	-0.327613
1720.1	-6.3195
1722.71	-2.31118
1725.31	11.6973
1727.91	-0.293909
1730.51	9.71504
1733.1	9.72421
1735.7	15.7336
1738.3	15.7432
1740.89	5.75303
1743.49	9.76307
1746.08	1.77332
1748.67	17.7838
1751.26	-6.2055
1753.86	11.8054
1756.45	5.81657
1759.03	-0.172067
1761.62	19.8395
1764.21	3.85135
1766.8	21.8634
1769.38	13.8757
1771.97	-2.11182
1774.55	-0.0990884
1777.13	-6.08612
1779.71	17.9271
1782.29	7.9405
1784.87	1.95416
1787.45	17.9681
1790.03	13.9822
1792.61	5.99656
1795.18	10.0112
1797.76	8.02602
1800.33	2.0411
1802.9	6.05642
1805.48	18.072
1808.05	12.0878
1810.62	14.1038
1813.19	-1.87987
1815.76	20.1367
1818.33	8.15346
1820.89	-3.8295
1823.46	16.1878
1826.02	2.2053
1828.59	20.2231
1831.15	14.2411
1833.71	26.2594
1836.27	4.2779
1838.84	12.2967
1841.39	14.3157
1843.95	16.335
1846.51	10.3546
1849.07	4.37434
1851.62	6.3944
1854.18	4.41472
1856.73	28.4353
1859.29	10.4561
1861.84	16.4772
1864.39	4.49857
1866.94	16.5202
1869.49	14.5421
1872.04	18.5642
1874.59	16.5866
1877.13	6.60932
1879.68	2.63225
1882.22	2.65547
1884.77	14.679
1887.31	4.70269
1889.85	10.7267
1892.39	0.750998
1894.93	10.7756
1897.47	6.8004
1900.01	8.8255
1902.55	20.8509
1905.09	10.8765
1907.62	12.9025
1910.16	10.9287
1912.69	20.9552
1915.22	8.98193
1917.76	17.009
1920.29	-8.96371
1922.82	21.0639
1925.35	11.0918
1927.88	13.1199
1930.4	17.1484
1932.93	21.1771
1935.46	9.20615
1937.98	11.2355
1940.51	1.26505
1943.03	11.2949
1945.55	1.32509
1948.07	7.35555
1950.59	5.38629
1953.11	13.4173
1955.63	7.44866
1958.15	13.4803
1960.67	3.51218
1963.18	15.5444
1965.7	23.5769
1968.21	-4.39032
1970.73	17.6428
1973.24	1.67617
1975.75	5.70983
1978.26	-0.256173
1980.77	23.7781
1983.28	13.8127
1985.79	11.8476
1988.29	-0.117258
1990.8	13.9182
1993.31	23.954
1995.81	5.99013
1998.31	4.0265
