100.093	21.9252
103.274	31.8844
106.457	39.844
109.636	21.804
112.817	21.7644
115.994	13.7251
119.172	29.6862
122.347	35.6477
125.521	27.6096
128.696	9.57178
131.868	13.5344
135.039	3.49737
138.209	7.46072
141.379	23.4244
144.547	-2.61152
147.713	31.3529
150.879	19.3177
154.043	1.28286
157.206	11.2484
160.368	13.2142
163.529	25.1805
166.689	23.147
169.848	21.114
173.006	15.0812
176.163	31.0488
179.316	29.0168
182.471	12.9851
185.625	6.95378
188.777	14.9228
191.927	-3.10788
195.077	-5.13821
198.224	18.8318
201.372	14.8022
204.52	4.77283
207.664	24.7439
210.809	18.7152
213.95	8.68687
217.091	14.6589
220.233	24.6312
223.372	34.6038
226.509	14.5768
229.648	18.5501
232.784	18.5237
235.918	28.4977
239.051	10.4719
242.186	16.4465
245.317	28.4213
248.447	-1.60346
251.577	14.372
254.705	24.3478
257.832	8.32397
260.958	16.3004
264.083	8.27712
267.204	20.2542
270.327	12.2315
273.449	18.2091
276.57	4.18705
279.69	10.1653
282.806	18.1438
285.924	14.1226
289.04	6.10172
292.154	22.0811
295.268	20.0608
298.379	20.0408
301.492	4.02106
304.601	0.00161172
307.711	13.9824
310.818	21.9636
313.924	21.945
317.031	5.92663
320.135	9.90858
323.238	7.89081
326.34	19.8733
329.443	23.8561
332.543	-0.16086
335.642	15.8225
338.74	11.8061
341.836	13.7899
344.932	11.774
348.027	11.7584
351.12	11.7431
354.213	25.728
357.302	1.71316
360.393	7.69859
363.482	17.6843
366.57	11.6702
369.656	13.6564
372.742	13.6429
375.827	29.6296
378.91	-8.38346
381.993	17.6037
385.073	17.5912
388.154	9.57889
391.232	5.56684
394.311	-2.44498
397.387	1.54346
400.462	7.53213
403.536	1.52104
406.611	23.5102
409.683	-2.50043
412.754	15.4892
415.824	13.479
418.893	5.46913
421.961	13.4594
425.027	7.44999
428.093	27.4408
431.158	7.43177
434.222	7.42299
437.284	15.4144
440.346	-6.59389
443.407	1.39801
446.464	3.39013
449.523	11.3825
452.581	15.375
455.635	-4.63222
458.691	19.3608
461.743	7.35396
464.797	3.34737
467.847	13.341
470.899	11.3348
473.947	15.3289
476.994	3.32309
480.043	1.31754
483.088	25.3122
486.133	19.3071
489.176	13.3021
492.22	23.2974
495.262	9.29282
498.302	3.28847
501.341	5.28432
504.38	13.2804
507.417	11.2766
510.453	-0.726963
513.487	11.2697
516.521	5.26647
519.554	15.2635
522.586	3.26066
525.616	3.25803
528.646	9.25559
531.675	19.2533
534.701	13.2513
537.729	5.24936
540.753	1.24764
543.778	11.2461
546.8	5.24474
549.821	-0.756442
552.844	-4.75745
555.863	9.24171
558.881	7.24104
561.898	17.2405
564.916	7.24022
567.932	13.2401
570.946	1.24007
573.959	-6.75975
576.971	25.2406
579.982	13.2411
582.993	3.24176
586	9.24258
589.008	1.24357
592.015	7.24471
595.022	3.24601
598.025	7.24747
601.029	5.24908
604.032	15.2508
607.033	9.25276
610.034	5.25483
613.032	11.257
616.032	7.25941
619.028	11.2619
622.023	15.2646
625.018	13.2674
628.013	-0.729669
631.005	11.2734
633.997	5.27665
636.987	19.28
639.977	11.2835
642.965	5.28718
645.952	3.29096
648.939	19.2949
651.924	9.29894
654.909	5.30313
657.892	15.3074
660.873	9.31189
663.854	15.3165
666.835	7.32118
669.813	7.32601
672.791	13.331
675.767	11.3361
678.743	17.3413
681.717	11.3466
684.692	11.3521
687.664	5.35762
690.634	7.36331
693.606	3.36913
696.575	5.37505
699.543	-0.618907
702.51	11.3872
705.475	3.39352
708.44	3.3999
711.404	1.40639
714.367	7.413
717.329	5.41971
720.29	9.42653
723.25	17.4335
726.207	5.44048
729.166	17.4476
732.123	15.4549
735.077	3.46219
738.032	9.46964
740.984	-2.52283
743.938	9.48482
746.888	5.49255
749.839	15.5004
752.788	11.5083
755.735	11.5163
758.682	5.52445
761.627	-0.467342
764.574	1.54096
767.517	13.5494
770.46	-6.44217
773.402	17.5664
776.342	19.575
779.282	13.5838
782.219	11.5926
785.157	9.60151
788.094	1.6105
791.029	13.6196
793.962	19.6287
796.896	15.6379
799.828	9.64724
802.76	17.6566
805.689	9.66609
808.619	7.67562
811.546	-0.314772
814.473	23.6949
817.4	25.7047
820.324	21.7145
823.248	3.72437
826.17	21.7343
829.092	27.7444
832.012	11.7545
834.932	9.76461
837.851	1.77483
840.768	11.7851
843.685	15.7955
846.599	15.8059
849.514	17.8163
852.428	7.82688
855.339	9.83746
858.251	3.84811
861.16	5.85881
864.07	15.8696
866.978	13.8804
869.884	15.8912
872.792	1.90215
875.696	13.9131
878.599	19.9241
881.502	11.9352
884.404	-6.0537
887.304	7.95746
890.204	11.9687
893.103	9.97991
896.001	-0.00879235
898.898	14.0025
901.794	10.0139
904.689	10.0253
907.581	8.0368
910.474	26.0483
913.364	18.0598
916.256	-1.92859
919.144	-7.91699
922.034	10.0947
924.92	12.1063
927.808	2.11805
930.693	2.1298
933.576	12.1416
936.459	18.1534
939.341	10.1652
942.222	-13.8229
945.102	2.18895
947.981	8.20087
950.859	2.21281
953.737	0.224778
956.613	-1.76323
959.488	16.2488
962.361	6.26081
965.235	4.27286
968.105	-3.71507
970.977	4.29703
973.846	2.30913
976.716	22.3213
979.583	6.3334
982.449	8.34556
985.316	6.35773
988.18	4.36991
991.043	12.3821
993.906	0.394315
996.767	4.40653
999.628	6.41876
1002.49	6.43099
1005.35	4.44324
1008.2	22.4555
1011.06	22.4677
1013.91	10.48
1016.77	10.4923
1019.62	12.5045
1022.48	10.5168
1025.33	6.52906
1028.18	-5.45866
1031.03	22.5536
1033.87	14.5659
1036.72	-5.42186
1039.57	14.5904
1042.41	14.6027
1045.26	2.6149
1048.1	6.62715
1050.94	4.63938
1053.78	22.6516
1056.62	8.66384
1059.46	-5.32395
1062.3	14.6883
1065.14	18.7004
1067.97	10.7126
1070.81	14.7248
1073.64	12.7369
1076.47	2.74907
1079.31	22.7612
1082.14	10.7733
1084.97	8.78538
1087.8	2.79745
1090.63	14.8095
1093.45	14.8215
1096.28	16.8335
1099.1	10.8455
1101.93	4.85747
1104.75	4.86941
1107.57	6.88133
1110.39	10.8932
1113.21	6.90508
1116.03	10.9169
1118.85	-1.07127
1121.66	16.9405
1124.48	8.95226
1127.3	6.96397
1130.11	12.9757
1132.92	22.9873
1135.73	-21.0011
1138.54	7.01053
1141.35	9.02209
1144.16	5.03361
1146.97	3.0451
1149.78	15.0565
1152.58	9.06795
1155.39	1.07932
1158.19	3.09065
1161	21.1019
1163.8	7.11319
1166.6	3.1244
1169.4	17.1356
1172.2	-6.85331
1174.99	-4.84223
1177.79	15.1688
1180.59	11.1798
1183.38	5.19072
1186.17	23.2016
1188.97	9.21246
1191.76	11.2233
1194.55	-0.765997
1197.34	15.2447
1200.13	1.25534
1202.92	17.2659
1205.7	-4.72354
1208.49	17.2869
1211.27	9.29738
1214.06	-0.69225
1216.84	17.3181
1219.62	17.3283
1222.4	11.3385
1225.18	15.3487
1227.96	3.35876
1230.74	-6.63121
1233.51	3.37875
1236.29	13.3886
1239.06	15.3985
1241.84	17.4083
1244.61	-0.582022
1247.38	19.4276
1250.15	1.4372
1252.92	-2.55328
1255.69	13.4562
1258.46	-8.53445
1261.23	7.47486
1263.99	1.4841
1266.76	5.49328
1269.52	11.5024
1272.28	5.51141
1275.05	5.52037
1277.81	-0.470743
1280.57	3.53807
1283.33	9.54681
1286.08	1.55547
1288.84	15.5641
1291.6	1.57256
1294.35	29.581
1297.11	-4.41065
1299.86	7.59762
1302.61	9.60582
1305.36	5.61393
1308.11	-2.37803
1310.86	-2.37008
1313.61	9.63779
1316.36	25.6456
1319.1	9.65328
1321.85	27.6609
1324.59	5.66843
1327.33	1.67588
1330.08	3.68324
1332.82	3.69051
1335.56	25.6977
1338.3	1.70479
1341.04	15.7118
1343.77	-2.28129
1346.51	15.7255
1349.25	-0.267739
1351.98	3.7389
1354.71	13.7454
1357.45	15.7519
1360.18	5.75826
1362.91	19.7645
1365.64	3.77069
1368.37	-0.223243
1371.09	23.7827
1373.82	-2.2114
1376.54	9.79438
1379.27	19.8001
1381.99	13.8056
1384.72	3.81111
1387.44	25.8165
1390.16	19.8218
1392.88	-0.173075
1395.6	-2.16801
1398.31	9.83695
1401.03	9.84181
1403.75	19.8466
1406.46	1.85121
1409.18	-2.14425
1411.89	11.8602
1414.6	3.8645
1417.31	1.86872
1420.02	21.8728
1422.73	5.87682
1425.44	-4.1193
1428.15	15.8845
1430.85	15.8881
1433.56	-0.108315
1436.26	-12.1049
1438.97	7.89844
1441.67	15.9016
1444.37	1.90474
1447.07	3.90771
1449.77	1.91057
1452.47	15.9133
1455.16	9.91594
1457.86	3.91844
1460.56	27.9208
1463.25	7.92309
1465.94	-2.07476
1468.64	23.9273
1471.33	19.9292
1474.02	3.93095
1476.71	11.9326
1479.4	9.93414
1482.09	7.93555
1484.77	9.93684
1487.46	5.938
1490.14	9.93903
1492.83	15.9399
1495.51	15.9407
1498.19	15.9414
1500.87	5.94189
1503.55	9.94229
1506.23	7.94255
1508.91	17.9427
1511.59	31.9427
1514.27	15.9426
1516.94	5.9423
1519.62	-0.0580904
1522.29	15.9414
1524.96	1.94072
1527.63	17.9399
1530.3	9.939
1532.97	-2.06207
1535.64	9.93673
1538.31	15.9354
1540.98	11.9339
1543.64	5.9323
1546.31	3.93055
1548.97	9.92866
1551.63	9.92662
1554.3	17.9244
1556.96	11.9221
1559.62	3.91968
1562.28	11.9171
1564.94	13.9143
1567.59	3.91146
1570.25	17.9084
1572.9	1.90526
1575.56	17.9019
1578.21	11.8985
1580.86	19.8949
1583.52	3.89111
1586.17	5.88721
1588.82	13.8832
1591.47	17.879
1594.11	23.8746
1596.76	7.87012
1599.41	3.86547
1602.05	15.8607
1604.69	1.85572
1607.34	5.85062
1609.98	29.8454
1612.62	-6.16005
1615.26	13.8344
1617.9	11.8287
1620.54	13.8228
1623.18	9.81678
1625.81	11.8106
1628.45	5.80426
1631.08	9.79777
1633.72	11.7911
1636.35	13.7843
1638.98	3.77735
1641.61	1.77022
1644.24	3.76293
1646.87	11.7555
1649.5	9.74788
1652.13	17.7401
1654.75	1.73219
1657.38	-8.2759
1660	19.7158
1662.63	7.70743
1665.25	9.69884
1667.87	13.6901
1670.49	3.68119
1673.11	17.6721
1675.73	17.6629
1678.35	19.6535
1680.96	1.64389
1683.58	15.6342
1686.19	25.6242
1688.81	-10.3858
1691.42	23.6039
1694.03	9.5935
1696.64	17.5829
1699.25	9.57217
1701.87	5.56123
1704.47	17.5501
1707.08	9.53887
1709.69	5.52743
1712.29	1.51581
1714.9	5.50402
1717.5	-2.50794
1720.1	9.47992
1722.71	9.46761
1725.31	3.45512
1727.91	21.4425
1730.51	5.42962
1733.1	11.4166
1735.7	5.4034
1738.3	-0.609966
1740.89	19.3765
1743.49	3.36275
1746.08	21.3488
1748.67	23.3348
1751.26	17.3205
1753.86	7.30604
1756.45	17.2914
1759.03	25.2766
1761.62	11.2616
1764.21	-0.753575
1766.8	7.23107
1769.38	-4.78447
1771.97	-2.80021
1774.55	11.1839
1777.13	25.1678
1779.71	5.15149
1782.29	11.135
1784.87	17.1184
1787.45	11.1015
1790.03	5.08451
1792.61	9.06728
1795.18	9.04988
1797.76	17.0323
1800.33	5.0145
1802.9	2.99653
1805.48	14.9784
1808.05	6.96001
1810.62	-1.05854
1813.19	-1.07728
1815.76	2.90379
1818.33	0.884667
1820.89	26.8653
1823.46	6.84585
1826.02	6.82614
1828.59	10.8063
1831.15	20.7862
1833.71	14.7659
1836.27	14.7454
1838.84	18.7247
1841.39	10.7038
1843.95	16.6828
1846.51	4.6615
1849.07	18.6401
1851.62	-1.38162
1854.18	4.59652
1856.73	8.57446
1859.29	14.5522
1861.84	8.52974
1864.39	10.5071
1866.94	4.48421
1869.49	12.4612
1872.04	8.43789
1874.59	14.4144
1877.13	18.3908
1879.68	6.3669
1882.22	20.3428
1884.77	14.3185
1887.31	16.2941
1889.85	12.2694
1892.39	6.24449
1894.93	6.2194
1897.47	-9.80592
1900.01	10.1686
1902.55	16.1429
1905.09	22.1169
1907.62	20.0908
1910.16	8.06449
1912.69	20.0379
1915.22	-1.98882
1917.76	7.98423
1920.29	17.9571
1922.82	5.92968
1925.35	3.90207
1927.88	9.87428
1930.4	11.8463
1932.93	11.818
1935.46	9.78961
1937.98	11.761
1940.51	15.7321
1943.03	9.70302
1945.55	5.67374
1948.07	-0.355764
1950.59	9.61453
1953.11	9.58459
1955.63	17.5545
1958.15	13.5241
1960.67	-0.506471
1963.18	9.46274
1965.7	7.43173
1968.21	3.40051
1970.73	-0.630936
1973.24	3.3374
1975.75	7.30554
1978.26	-6.72657
1980.77	3.24113
1983.28	25.2086
1985.79	-2.82416
1988.29	19.1429
1990.8	3.10966
1993.31	7.07625
1995.81	-2.95738
1998.31	15.0088
