100.093	20.8637
103.274	16.9121
106.457	16.9602
109.636	15.0079
112.817	5.05548
115.994	13.1027
119.172	7.14971
122.347	13.1964
125.521	11.2428
128.696	23.289
131.868	27.3348
135.039	21.3804
138.209	3.42578
141.379	17.4709
144.547	9.51567
147.713	1.5602
150.879	7.60447
154.043	19.6485
157.206	1.69221
160.368	1.73569
163.529	9.7789
166.689	15.8219
169.848	27.8646
173.006	7.90699
176.163	11.9492
179.316	17.9911
182.471	20.0327
185.625	0.0741495
188.777	0.115309
191.927	0.156189
195.077	10.1968
198.224	18.2372
201.372	6.27738
204.52	10.3173
207.664	6.35691
210.809	10.3963
213.95	16.4355
217.091	10.4744
220.233	20.513
223.372	12.5514
226.509	10.5896
229.648	28.6275
232.784	14.6652
235.918	14.7027
239.051	14.7399
242.186	12.7769
245.317	6.81358
248.447	18.8501
251.577	14.8863
254.705	-1.07766
257.832	4.95813
260.958	24.9937
264.083	-2.97099
267.204	27.0641
270.327	21.0989
273.449	1.13358
276.57	11.168
279.69	33.2022
282.806	-8.76391
285.924	1.26982
289.04	11.3033
292.154	13.3366
295.268	-0.630369
298.379	19.4024
301.492	33.4351
304.601	5.46743
307.711	21.4996
310.818	21.5315
313.924	11.5633
317.031	1.59477
320.135	13.6261
323.238	17.6571
326.34	7.68798
329.443	-8.28136
332.543	23.7491
335.642	1.77929
338.74	17.8093
341.836	11.8391
344.932	13.8687
348.027	7.89807
351.12	23.9272
354.213	15.9562
357.302	9.98495
360.393	6.01351
363.482	6.04186
366.57	8.07001
369.656	14.0979
372.742	-1.87431
375.827	12.1532
378.91	14.1806
381.993	8.20772
385.073	4.23465
388.154	24.2614
391.232	6.28795
394.311	-1.68569
397.387	12.3405
400.462	8.36642
403.536	-1.60782
406.611	18.4178
409.683	-7.55685
412.754	12.4683
415.824	8.49334
418.893	0.518153
421.961	14.5428
425.027	12.5672
428.093	10.5915
431.158	10.6155
434.222	8.63941
437.284	22.6631
440.346	2.68662
443.407	10.71
446.464	-3.26691
449.523	-7.24394
452.581	4.77885
455.635	10.8014
458.691	14.8239
461.743	0.846112
464.797	26.8682
467.847	-3.10992
470.899	10.9118
473.947	2.93334
476.994	8.95471
480.043	10.9759
483.088	20.9969
486.133	9.01778
489.176	9.03846
492.22	5.05898
495.262	13.0793
498.302	5.0995
501.341	9.1195
504.38	-4.86066
507.417	5.15902
510.453	3.17852
513.487	17.1979
516.521	7.21704
519.554	-4.76395
522.586	7.25491
525.616	-10.7264
528.646	9.29213
531.675	7.31051
534.701	11.3287
537.729	9.34677
540.753	11.3647
543.778	5.3824
546.8	3.39998
549.821	21.4174
552.844	5.43469
555.863	11.4518
558.881	13.4688
561.898	1.48558
564.916	7.50225
567.932	7.51876
570.946	11.5351
573.959	-4.44867
576.971	9.56739
579.982	1.5833
582.993	3.59907
586	21.6147
589.008	13.6302
592.015	9.64549
595.022	19.6607
598.025	13.6757
601.029	23.6906
604.032	1.70538
607.033	13.72
610.034	11.7345
613.032	9.74881
616.032	-8.23699
619.028	29.7771
622.023	-0.209014
625.018	-6.19523
628.013	9.81842
631.005	11.8319
633.997	11.8453
636.987	7.85856
639.977	3.87167
642.965	7.88464
645.952	5.89749
648.939	9.91021
651.924	1.92279
654.909	11.9352
657.892	1.94758
660.873	7.95977
663.854	1.97184
666.835	3.98379
669.813	-0.00439852
672.791	18.0073
675.767	0.0188601
678.743	6.03031
681.717	24.0416
684.692	2.05283
687.664	14.0639
690.634	8.07485
693.606	16.0857
696.575	26.0964
699.543	10.107
702.51	14.1175
705.475	-3.87217
708.44	8.13807
711.404	12.1482
714.367	18.1582
717.329	14.1681
720.29	12.1779
723.25	8.18754
726.207	-1.80291
729.166	14.2065
732.123	8.21586
735.077	2.22507
738.032	2.23418
740.984	16.2432
743.938	4.25207
746.888	10.2608
749.839	0.26952
752.788	26.2781
755.735	-1.71346
758.682	10.2949
761.627	14.3031
764.574	20.3113
767.517	14.3193
770.46	20.3273
773.402	10.3351
776.342	14.3428
779.282	6.35046
782.219	16.358
785.157	10.3654
788.094	12.3728
791.029	20.38
793.962	-1.61287
796.896	6.39417
799.828	22.4011
802.76	24.408
805.689	22.4147
808.619	12.4214
811.546	18.4279
814.473	10.4344
817.4	14.4408
820.324	20.4471
823.248	16.4533
826.17	12.4594
829.092	20.4654
832.012	10.4713
834.932	4.47713
837.851	22.4829
840.768	22.4885
843.685	0.49411
846.599	24.4996
849.514	16.505
852.428	-7.48969
855.339	4.51554
858.251	20.5207
861.16	-1.47425
864.07	10.5307
866.978	2.53563
869.884	4.54045
872.792	28.5452
875.696	0.549841
878.599	6.55442
881.502	18.5589
884.404	16.5633
887.304	6.56768
890.204	4.57194
893.103	2.57613
896.001	6.58025
898.898	26.5843
901.794	22.5882
904.689	6.59214
907.581	22.596
910.474	24.5997
913.364	16.6034
916.256	14.607
919.144	18.6105
922.034	10.614
924.92	14.6173
927.808	24.6207
930.693	12.6239
933.576	14.6271
936.459	8.6302
939.341	8.63325
942.222	4.63623
945.102	12.6391
947.981	12.642
950.859	4.64478
953.737	18.6475
956.613	10.6502
959.488	0.652762
962.361	16.6553
965.235	16.6578
968.105	16.6602
970.977	24.6625
973.846	12.6648
976.716	6.66705
979.583	20.6692
982.449	4.67133
985.316	0.673391
988.18	26.6754
991.043	22.6773
993.906	4.67922
996.767	0.68105
999.628	12.6828
1002.49	6.68455
1005.35	10.6862
1008.2	10.6878
1011.06	16.6894
1013.91	14.6909
1016.77	2.69237
1019.62	4.69378
1022.48	12.6951
1025.33	8.69644
1028.18	4.6977
1031.03	20.6989
1033.87	6.70007
1036.72	16.7012
1039.57	8.70226
1042.41	12.7033
1045.26	8.70426
1048.1	6.70519
1050.94	2.70607
1053.78	8.70691
1056.62	4.70771
1059.46	6.70846
1062.3	6.70918
1065.14	10.7098
1067.97	-5.28953
1070.81	16.7111
1073.64	16.7116
1076.47	-13.2879
1079.31	0.712577
1082.14	6.71301
1084.97	10.7134
1087.8	8.71375
1090.63	6.71406
1093.45	16.7143
1096.28	22.7146
1099.1	-5.28522
1101.93	10.715
1104.75	12.7151
1107.57	12.7152
1110.39	10.7153
1113.21	-1.28471
1116.03	8.71529
1118.85	4.71526
1121.66	10.7152
1124.48	4.71511
1127.3	14.715
1130.11	14.7148
1132.92	-7.28535
1135.73	20.7144
1138.54	0.714195
1141.35	20.7139
1144.16	8.71363
1146.97	6.71331
1149.78	18.713
1152.58	2.71258
1155.39	10.7122
1158.19	6.71175
1161	16.7113
1163.8	2.71083
1166.6	2.71033
1169.4	0.709809
1172.2	8.70927
1174.99	-3.2913
1177.79	8.70811
1180.59	-3.29249
1183.38	10.7069
1186.17	4.70623
1188.97	8.70556
1191.76	0.704874
1194.55	10.7042
1197.34	-1.29655
1200.13	14.7027
1202.92	6.70195
1205.7	8.70117
1208.49	2.70038
1211.27	12.6996
1214.06	-1.30125
1216.84	6.69792
1219.62	2.69707
1222.4	4.6962
1225.18	6.69533
1227.96	18.6944
1230.74	-5.30647
1233.51	0.692619
1236.29	2.69169
1239.06	10.6908
1241.84	-1.31019
1244.61	8.68886
1247.38	2.68789
1250.15	18.6869
1252.92	-7.31407
1255.69	8.68494
1258.46	16.6839
1261.23	12.6829
1263.99	8.68192
1266.76	2.68091
1269.52	8.67988
1272.28	6.67885
1275.05	-3.32218
1277.81	8.67678
1280.57	-9.32426
1283.33	4.67469
1286.08	-5.32636
1288.84	8.67259
1291.6	16.6715
1294.35	14.6705
1297.11	12.6694
1299.86	12.6684
1302.61	-9.33268
1305.36	2.66626
1308.11	-5.3348
1310.86	8.66415
1313.61	10.6631
1316.36	14.662
1319.1	2.661
1321.85	8.65995
1324.59	4.65891
1327.33	16.6579
1330.08	6.65684
1332.82	0.655807
1335.56	10.6548
1338.3	2.65376
1341.04	0.652751
1343.77	16.6517
1346.51	16.6507
1349.25	6.64975
1351.98	8.64877
1354.71	12.6478
1357.45	-5.35317
1360.18	6.64587
1362.91	18.6449
1365.64	6.64398
1368.37	18.643
1371.09	2.64213
1373.82	10.6412
1376.54	14.6403
1379.27	12.6394
1381.99	14.6386
1384.72	12.6377
1387.44	-5.36313
1390.16	8.63604
1392.88	10.6352
1395.6	8.63442
1398.31	10.6336
1401.03	6.63286
1403.75	6.63211
1406.46	-5.36863
1409.18	30.6306
1411.89	24.6299
1414.6	6.62925
1417.31	12.6286
1420.02	12.6279
1422.73	8.62729
1425.44	14.6267
1428.15	-5.37392
1430.85	8.62551
1433.56	2.62495
1436.26	12.6244
1438.97	16.6239
1441.67	6.62341
1444.37	8.62294
1447.07	-5.37751
1449.77	10.6221
1452.47	8.62167
1455.16	-5.37871
1457.86	20.6209
1460.56	6.62061
1463.25	10.6203
1465.94	14.62
1468.64	14.6198
1471.33	4.61954
1474.02	14.6193
1476.71	10.6192
1479.4	12.619
1482.09	6.61889
1484.77	16.6188
1487.46	20.6187
1490.14	12.6187
1492.83	10.6187
1495.51	-1.38129
1498.19	18.6188
1500.87	16.6188
1503.55	-1.38104
1506.23	-1.38089
1508.91	20.6193
1511.59	0.619488
1514.27	6.61973
1516.94	10.62
1519.62	8.6203
1522.29	18.6206
1524.96	16.621
1527.63	6.62142
1530.3	8.62186
1532.97	8.62233
1535.64	0.622841
1538.31	8.62339
1540.98	14.624
1543.64	4.62458
1546.31	-9.37476
1548.97	-3.37407
1551.63	8.62666
1554.3	10.6274
1556.96	0.628224
1559.62	10.6291
1562.28	8.62995
1564.94	0.630867
1567.59	12.6318
1570.25	0.632826
1572.9	-1.36613
1575.56	16.6349
1578.21	10.6361
1580.86	-1.36277
1583.52	8.63843
1586.17	8.63968
1588.82	6.64097
1591.47	8.6423
1594.11	16.6437
1596.76	16.6451
1599.41	18.6466
1602.05	-1.35194
1604.69	10.6496
1607.34	10.6512
1609.98	6.65284
1612.62	10.6545
1615.26	-1.34374
1617.9	-5.34196
1620.54	8.65986
1623.18	8.66174
1625.81	20.6637
1628.45	6.66562
1631.08	14.6676
1633.72	6.6697
1636.35	-1.32819
1638.98	32.674
1641.61	4.67618
1644.24	14.6784
1646.87	6.68075
1649.5	22.6831
1652.13	8.68552
1654.75	0.68798
1657.38	10.6905
1660	8.69306
1662.63	20.6957
1665.25	8.69834
1667.87	4.70107
1670.49	10.7038
1673.11	14.7067
1675.73	10.7095
1678.35	4.71249
1680.96	4.71548
1683.58	8.71852
1686.19	16.7216
1688.81	18.7248
1691.42	6.72798
1694.03	16.7313
1696.64	10.7346
1699.25	6.73795
1701.87	12.7414
1704.47	-9.25511
1707.08	2.74844
1709.69	8.75205
1712.29	8.75571
1714.9	4.75944
1717.5	12.7632
1720.1	4.76707
1722.71	12.771
1725.31	16.7749
1727.91	14.779
1730.51	-5.21696
1733.1	26.7872
1735.7	10.7914
1738.3	34.7957
1740.89	10.8
1743.49	18.8044
1746.08	4.80883
1748.67	14.8133
1751.26	16.8179
1753.86	10.8226
1756.45	12.8273
1759.03	0.832043
1761.62	4.83688
1764.21	22.8418
1766.8	12.8467
1769.38	14.8518
1771.97	12.8569
1774.55	18.862
1777.13	20.8672
1779.71	12.8725
1782.29	6.87789
1784.87	4.88331
1787.45	10.8888
1790.03	8.89436
1792.61	6.89999
1795.18	16.9057
1797.76	12.9114
1800.33	8.91728
1802.9	4.92318
1805.48	28.9291
1808.05	0.935185
1810.62	6.94129
1813.19	12.9475
1815.76	10.9537
1818.33	18.96
1820.89	16.9664
1823.46	6.9729
1826.02	4.97943
1828.59	10.986
1831.15	14.9927
1833.71	14.9995
1836.27	15.0063
1838.84	13.0132
1841.39	9.02015
1843.95	9.02719
1846.51	3.03431
1849.07	25.0415
1851.62	-6.95124
1854.18	15.0561
1856.73	13.0635
1859.29	15.071
1861.84	1.07857
1864.39	-0.913792
1866.94	-2.90607
1869.49	15.1017
1872.04	13.1096
1874.59	7.11754
1877.13	13.1256
1879.68	15.1337
1882.22	9.14184
1884.77	9.15009
1887.31	7.15842
1889.85	-6.83316
1892.39	3.17533
1894.93	9.1839
1897.47	21.1926
1900.01	23.2013
1902.55	7.21009
1905.09	7.21898
1907.62	7.22795
1910.16	1.23699
1912.69	11.2461
1915.22	5.25534
1917.76	9.26463
1920.29	9.274
1922.82	9.28346
1925.35	7.293
1927.88	19.3026
1930.4	3.31232
1932.93	5.32211
1935.46	7.33198
1937.98	-4.65807
1940.51	-10.648
1943.03	21.3621
1945.55	15.3723
1948.07	11.3826
1950.59	25.393
1953.11	3.40342
1955.63	9.41396
1958.15	19.4246
1960.67	15.4353
1963.18	-6.55389
1965.7	7.457
1968.21	9.46797
1970.73	23.479
1973.24	-0.509818
1975.75	13.5014
1978.26	5.51274
1980.77	-4.47586
1983.28	7.53565
1985.79	15.5472
1988.29	3.5589
1990.8	1.57067
1993.31	11.5825
1995.81	13.5945
1998.31	19.6065
