100.093	21.1311
103.274	21.1707
106.457	7.21011
109.636	3.2494
112.817	29.2886
115.994	9.32755
119.172	-6.63358
122.347	11.4051
125.521	9.44365
128.696	-4.51792
131.868	13.5203
135.039	9.55843
138.209	7.59639
141.379	9.63422
144.547	11.6719
147.713	13.7094
150.879	7.74678
154.043	7.78401
157.206	13.8211
160.368	11.858
163.529	9.89483
166.689	11.9315
169.848	17.968
173.006	12.0044
176.163	14.0406
179.316	8.07664
182.471	6.11258
185.625	14.1484
188.777	4.18404
191.927	16.2195
195.077	20.2549
198.224	-1.70988
201.372	4.32521
204.52	16.3602
207.664	28.395
210.809	2.42964
213.95	8.46415
217.091	-1.50147
220.233	6.53279
223.372	8.56689
226.509	16.6009
229.648	0.6347
232.784	8.66839
235.918	14.7019
239.051	0.735356
242.186	-5.23134
245.317	6.8018
248.447	8.83481
251.577	10.8677
254.705	16.9004
257.832	12.933
260.958	10.9655
264.083	-1.00217
267.204	15.03
270.327	7.06208
273.449	11.094
276.57	19.1258
279.69	17.1575
282.806	15.189
285.924	5.22042
289.04	9.25169
292.154	7.28282
295.268	17.3138
298.379	5.34469
301.492	7.37545
304.601	-8.59395
307.711	9.43654
310.818	25.4669
313.924	17.4971
317.031	17.5272
320.135	7.55716
323.238	3.58699
326.34	3.61669
329.443	7.64629
332.543	15.6757
335.642	15.7051
338.74	1.73424
341.836	15.7633
344.932	29.7923
348.027	5.82107
351.12	3.84975
354.213	7.87832
357.302	9.90674
360.393	21.9351
363.482	-2.03676
366.57	13.9913
369.656	12.0192
372.742	-3.95295
375.827	6.07474
378.91	8.1023
381.993	4.12975
385.073	8.15705
388.154	14.1843
391.232	12.2113
394.311	8.23828
397.387	10.2651
400.462	6.29181
403.536	10.3184
406.611	2.34487
409.683	16.3712
412.754	10.3974
415.824	0.423527
418.893	14.4495
421.961	14.4754
425.027	16.5011
428.093	16.5267
431.158	4.55225
434.222	14.5776
437.284	10.6029
440.346	30.6281
443.407	2.6531
446.464	6.67801
449.523	-3.29719
452.581	16.7275
455.635	6.75206
458.691	20.7765
461.743	12.8008
464.797	0.825064
467.847	18.8492
470.899	2.87316
473.947	20.897
476.994	20.9208
480.043	10.9444
483.088	24.968
486.133	18.9914
489.176	3.01467
492.22	-2.96213
495.262	21.0609
498.302	11.0839
501.341	13.1068
504.38	11.1295
507.417	9.15212
510.453	25.1746
513.487	21.197
516.521	23.2193
519.554	9.24151
522.586	-8.73641
525.616	-4.71446
528.646	9.3074
531.675	3.32914
534.701	9.35077
537.729	1.3723
540.753	-0.606297
543.778	13.415
546.8	13.4362
549.821	5.45729
552.844	9.47828
555.863	3.49915
558.881	7.51991
561.898	3.54057
564.916	-4.43887
567.932	1.58157
570.946	5.60191
573.959	13.6221
576.971	1.64227
579.982	19.6623
582.993	3.68221
586	15.702
589.008	3.72172
592.015	7.74132
595.022	9.76082
598.025	-0.219791
601.029	9.7995
604.032	3.81869
607.033	1.83777
610.034	1.85676
613.032	9.87563
616.032	9.89441
619.028	9.91308
622.023	9.93164
625.018	-6.04989
628.013	1.96849
631.005	1.98675
633.997	8.00491
636.987	8.02298
639.977	14.0409
642.965	16.0588
645.952	6.07657
648.939	2.09423
651.924	8.1118
654.909	0.129268
657.892	-3.85336
660.873	8.1639
663.854	10.1811
666.835	10.1981
669.813	4.21511
672.791	16.232
675.767	6.24876
678.743	18.2655
681.717	16.282
684.692	10.2985
687.664	-5.68509
690.634	8.3312
693.606	10.3474
696.575	16.3635
699.543	10.3795
702.51	12.3954
705.475	6.41125
708.44	14.427
711.404	10.4426
714.367	16.4581
717.329	6.47357
720.29	2.48892
723.25	2.50417
726.207	6.51933
729.166	8.5344
732.123	0.549372
735.077	16.5642
738.032	4.57904
740.984	12.5937
743.938	8.60834
746.888	4.62285
749.839	2.63728
752.788	8.6516
755.735	24.6658
758.682	6.67999
761.627	0.694041
764.574	20.708
767.517	26.7219
770.46	10.7357
773.402	14.7494
776.342	10.763
779.282	-1.22349
782.219	22.7899
785.157	8.80328
788.094	12.8165
791.029	2.8297
793.962	4.84278
796.896	20.8558
799.828	14.8687
802.76	-9.11851
805.689	18.8942
808.619	2.90686
811.546	-3.08059
814.473	26.9319
817.4	8.94427
820.324	10.9566
823.248	22.9688
826.17	10.9809
829.092	14.9929
832.012	13.0049
834.932	21.0168
837.851	21.0286
840.768	17.0403
843.685	21.0519
846.599	23.0634
849.514	31.0749
852.428	-0.913766
855.339	23.0975
858.251	21.1087
861.16	13.1198
864.07	17.1309
866.978	15.1418
869.884	25.1527
872.792	19.1635
875.696	17.1742
878.599	21.1848
881.502	-2.80463
884.404	31.2058
887.304	15.2162
890.204	5.22653
893.103	5.23675
896.001	3.2469
898.898	23.257
901.794	5.26695
904.689	25.2769
907.581	19.2867
910.474	15.2964
913.364	-0.69391
916.256	31.3157
919.144	7.32519
922.034	13.3346
924.92	-0.656019
927.808	9.35326
930.693	1.36246
933.576	-0.628416
936.459	7.38063
939.341	21.3896
942.222	7.39849
945.102	15.4073
947.981	-2.58395
950.859	3.42471
953.737	11.4333
956.613	17.4418
959.488	-2.54975
962.361	-0.541389
965.235	3.4669
968.105	15.4751
970.977	13.4833
973.846	3.49131
976.716	17.4993
979.583	-0.492781
982.449	5.51506
985.316	-2.47717
988.18	17.5305
991.043	7.53815
993.906	7.5457
996.767	11.5532
999.628	17.5606
1002.49	19.5679
1005.35	5.57517
1008.2	19.5824
1011.06	11.5895
1013.91	9.59652
1016.77	5.6035
1019.62	19.6104
1022.48	7.61723
1025.33	19.624
1028.18	13.6307
1031.03	9.6373
1033.87	9.64385
1036.72	11.6503
1039.57	11.6567
1042.41	9.66309
1045.26	19.6694
1048.1	17.6756
1050.94	5.6817
1053.78	7.68777
1056.62	5.69377
1059.46	19.6997
1062.3	17.7056
1065.14	-4.28864
1067.97	19.7171
1070.81	13.7227
1073.64	15.7283
1076.47	15.7339
1079.31	13.7393
1082.14	11.7447
1084.97	11.75
1087.8	7.75529
1090.63	11.7605
1093.45	-0.234386
1096.28	11.7707
1099.1	25.7757
1101.93	7.7806
1104.75	13.7855
1107.57	1.79027
1110.39	1.79501
1113.21	5.79968
1116.03	3.80428
1118.85	17.8088
1121.66	-2.18669
1124.48	-0.182277
1127.3	27.8221
1130.11	11.8264
1132.92	13.8306
1135.73	-2.16525
1138.54	-2.16115
1141.35	19.8429
1144.16	-0.153136
1146.97	1.85078
1149.78	3.85463
1152.58	5.85841
1155.39	7.86214
1158.19	13.8658
1161	3.86941
1163.8	7.87295
1166.6	7.87644
1169.4	1.87986
1172.2	-0.11678
1174.99	5.88652
1177.79	7.88976
1180.59	9.89294
1183.38	5.89606
1186.17	15.8991
1188.97	17.9021
1191.76	-0.0949312
1194.55	15.908
1197.34	7.91078
1200.13	1.91354
1202.92	9.91625
1205.7	-2.0811
1208.49	13.9215
1211.27	9.92402
1214.06	15.9265
1216.84	9.92892
1219.62	11.9313
1222.4	17.9336
1225.18	11.9358
1227.96	5.93801
1230.74	-4.05985
1233.51	5.94222
1236.29	19.9442
1239.06	19.9462
1241.84	5.94811
1244.61	9.94996
1247.38	19.9518
1250.15	-10.0465
1252.92	7.95518
1255.69	5.95681
1258.46	3.95839
1261.23	15.9599
1263.99	1.96137
1266.76	27.9628
1269.52	1.96414
1272.28	9.96544
1275.05	15.9667
1277.81	1.96789
1280.57	13.969
1283.33	7.97012
1286.08	17.9712
1288.84	9.97214
1291.6	7.97307
1294.35	9.97394
1297.11	9.97477
1299.86	5.97554
1302.61	1.97626
1305.36	-0.0230746
1308.11	1.97754
1310.86	1.97811
1313.61	-12.0214
1316.36	5.97908
1319.1	-4.02051
1321.85	7.97985
1324.59	5.98016
1327.33	11.9804
1330.08	11.9806
1332.82	13.9808
1335.56	-0.0191141
1338.3	9.98094
1341.04	17.9809
1343.77	5.98091
1346.51	3.98082
1349.25	17.9807
1351.98	5.98048
1354.71	1.98024
1357.45	-2.02004
1360.18	11.9796
1362.91	11.9792
1365.64	1.9788
1368.37	15.9783
1371.09	1.97779
1373.82	5.97721
1376.54	13.9766
1379.27	21.9759
1381.99	1.97519
1384.72	-4.02557
1387.44	13.9736
1390.16	11.9727
1392.88	-0.0281575
1395.6	9.97089
1398.31	21.9699
1401.03	17.9688
1403.75	3.96775
1406.46	9.96661
1409.18	7.96542
1411.89	-4.03581
1414.6	11.9629
1417.31	13.9616
1420.02	9.96023
1422.73	13.9588
1425.44	1.95737
1428.15	-4.04413
1430.85	1.95432
1433.56	1.95273
1436.26	11.9511
1438.97	17.9494
1441.67	1.9477
1444.37	7.94594
1447.07	17.9441
1449.77	1.94228
1452.47	3.94039
1455.16	15.9384
1457.86	-2.06353
1460.56	7.93444
1463.25	23.9324
1465.94	9.93027
1468.64	9.92812
1471.33	21.9259
1474.02	19.9237
1476.71	7.92142
1479.4	15.9191
1482.09	17.9167
1484.77	11.9143
1487.46	1.9119
1490.14	7.90941
1492.83	11.9069
1495.51	15.9043
1498.19	15.9017
1500.87	7.89907
1503.55	11.8964
1506.23	11.8937
1508.91	11.8909
1511.59	3.88809
1514.27	13.8852
1516.94	11.8824
1519.62	5.87943
1522.29	7.87647
1524.96	11.8735
1527.63	19.8704
1530.3	1.86734
1532.97	7.86422
1535.64	3.86107
1538.31	-0.14213
1540.98	11.8546
1543.64	-2.14864
1546.31	3.84805
1548.97	9.8447
1551.63	-4.15868
1554.3	13.8379
1556.96	13.8344
1559.62	7.83094
1562.28	7.8274
1564.94	13.8238
1567.59	11.8202
1570.25	25.8166
1572.9	-8.18711
1575.56	15.8092
1578.21	7.80542
1580.86	-0.198368
1583.52	7.7978
1586.17	19.7939
1588.82	17.79
1591.47	7.78611
1594.11	9.78215
1596.76	15.7781
1599.41	5.7741
1602.05	3.77003
1604.69	17.7659
1607.34	3.76178
1609.98	5.7576
1612.62	-4.24661
1615.26	15.7491
1617.9	17.7449
1620.54	15.7405
1623.18	9.7362
1625.81	7.73182
1628.45	9.7274
1631.08	13.723
1633.72	33.7185
1636.35	3.71396
1638.98	3.70941
1641.61	-0.295168
1644.24	11.7002
1646.87	7.69557
1649.5	11.6909
1652.13	3.68618
1654.75	11.6814
1657.38	23.6767
1660	9.67186
1662.63	7.66702
1665.25	7.66215
1667.87	11.6572
1670.49	3.65232
1673.11	9.64735
1675.73	9.64236
1678.35	15.6373
1680.96	-4.36773
1683.58	9.62719
1686.19	1.62207
1688.81	9.61692
1691.42	15.6117
1694.03	1.60653
1696.64	-0.398705
1699.25	1.59603
1701.87	13.5907
1704.47	9.5854
1707.08	3.58004
1709.69	-4.42535
1712.29	15.5692
1714.9	13.5638
1717.5	11.5583
1720.1	-0.447183
1722.71	21.5473
1725.31	9.54173
1727.91	7.53613
1730.51	3.53052
1733.1	3.52487
1735.7	9.5192
1738.3	3.5135
1740.89	3.50777
1743.49	1.50201
1746.08	7.49623
1748.67	11.4904
1751.26	15.4846
1753.86	7.47871
1756.45	13.4728
1759.03	9.4669
1761.62	11.461
1764.21	5.45498
1766.8	13.449
1769.38	5.44295
1771.97	19.4369
1774.55	-0.56918
1777.13	25.4247
1779.71	5.41858
1782.29	-0.58757
1784.87	13.4062
1787.45	25.4
1790.03	5.39381
1792.61	13.3875
1795.18	17.3813
1797.76	1.37495
1800.33	17.3686
1802.9	7.36226
1805.48	3.35588
1808.05	-0.650527
1810.62	17.343
1813.19	11.3366
1815.76	11.3301
1818.33	9.3236
1820.89	3.31707
1823.46	19.3105
1826.02	-6.69606
1828.59	5.29734
1831.15	-0.709283
1833.71	7.28407
1836.27	9.2774
1838.84	17.2707
1841.39	17.264
1843.95	-0.74275
1846.51	15.2505
1849.07	-2.75629
1851.62	3.2369
1854.18	15.2301
1856.73	19.2232
1859.29	1.21634
1861.84	13.2094
1864.39	19.2025
1866.94	11.1956
1869.49	21.1886
1872.04	-12.8184
1874.59	7.17464
1877.13	15.1676
1879.68	3.16057
1882.22	19.1535
1884.77	7.14641
1887.31	3.1393
1889.85	11.1322
1892.39	1.12502
1894.93	-0.882148
1897.47	1.11066
1900.01	23.1034
1902.55	5.09621
1905.09	5.08896
1907.62	5.08169
1910.16	13.0744
1912.69	15.0671
1915.22	11.0597
1917.76	9.0524
1920.29	1.04503
1922.82	13.0376
1925.35	9.03023
1927.88	13.0228
1930.4	17.0154
1932.93	1.00789
1935.46	11.0004
1937.98	10.9929
1940.51	18.9854
1943.03	-7.02217
1945.55	2.97028
1948.07	0.962696
1950.59	10.9551
1953.11	4.94749
1955.63	6.93986
1958.15	0.93221
1960.67	-3.07546
1963.18	-9.08314
1965.7	4.90916
1968.21	-1.09856
1970.73	12.8937
1973.24	6.88595
1975.75	0.878183
1978.26	14.8704
1980.77	22.8626
1983.28	0.854769
1985.79	4.84693
1988.29	2.83908
1990.8	4.83121
1993.31	4.82332
1995.81	18.8154
1998.31	4.80751
