100.093	10.795
103.274	18.5762
106.457	42.3578
109.636	24.1402
112.817	7.92308
115.994	5.70665
119.172	-18.5094
122.347	-0.724632
125.521	5.06066
128.696	16.8464
131.868	16.6328
135.039	22.4198
138.209	26.2074
141.379	3.9954
144.547	23.7841
147.713	9.57335
150.879	15.3632
154.043	-2.84648
157.206	18.9444
160.368	12.7359
163.529	26.5279
166.689	12.3205
169.848	24.1136
173.006	11.9072
176.163	9.70135
179.316	15.4962
182.471	15.2914
185.625	35.0872
188.777	34.8835
191.927	10.6805
195.077	8.4778
198.224	16.2758
201.372	2.07418
204.52	19.8731
207.664	15.6726
210.809	-16.5274
213.95	29.2731
217.091	15.0742
220.233	30.8756
223.372	-1.32228
226.509	2.48031
229.648	24.2833
232.784	6.08683
235.918	15.8909
239.051	-0.304542
242.186	3.50038
245.317	17.3059
248.447	25.1119
251.577	22.9184
254.705	8.72542
257.832	-9.46712
260.958	28.3408
264.083	0.14922
267.204	23.9582
270.327	9.76758
273.449	9.57739
276.57	9.38767
279.69	3.19841
282.806	3.00974
285.924	18.8214
289.04	8.63352
292.154	26.4462
295.268	4.25924
298.379	18.0728
301.492	15.8868
304.601	41.7012
307.711	35.516
310.818	1.33142
313.924	9.14723
317.031	6.96335
320.135	0.780029
323.238	4.59714
326.34	0.414681
329.443	-9.76747
332.543	14.0509
335.642	15.8697
338.74	-2.31102
341.836	19.5086
344.932	29.3287
348.027	13.1492
351.12	0.970107
354.213	38.7914
357.302	34.6133
360.393	6.4354
363.482	4.25793
366.57	14.0809
369.656	9.90432
372.742	21.7281
375.827	17.5522
378.91	31.3768
381.993	21.2018
385.073	3.02718
388.154	24.8529
391.232	52.6791
394.311	18.5055
397.387	40.3325
400.462	12.1599
403.536	33.9876
406.611	-8.18443
409.683	29.644
412.754	-4.52711
415.824	-2.6979
418.893	15.1317
421.961	22.9616
425.027	14.7919
428.093	-11.3774
431.158	12.4537
434.222	20.285
437.284	-3.88321
440.346	11.9489
443.407	-0.218659
446.464	19.6143
449.523	3.4474
452.581	15.2809
455.635	27.1149
458.691	10.949
461.743	-11.2163
464.797	44.6185
467.847	18.4538
470.899	-1.71064
473.947	2.12533
476.994	21.9616
480.043	27.7982
483.088	9.63512
486.133	19.4724
489.176	5.31
492.22	19.1478
495.262	2.98606
498.302	22.8246
501.341	6.66349
504.38	30.5027
507.417	34.3422
510.453	48.182
513.487	20.0222
516.521	27.8626
519.554	-0.296652
522.586	21.5444
525.616	23.3858
528.646	7.22743
531.675	27.0693
534.701	8.91166
537.729	10.7542
540.753	28.5971
543.778	12.4401
546.8	16.2836
549.821	6.12738
552.844	-2.02868
555.863	19.8156
558.881	13.6602
561.898	21.5051
564.916	17.3502
567.932	3.19561
570.946	19.0413
573.959	24.8873
576.971	6.73352
579.982	44.58
582.993	22.4268
586	38.2739
589.008	24.1212
592.015	15.9688
595.022	45.8166
598.025	23.6647
601.029	13.5131
604.032	21.3616
607.033	21.2106
610.034	9.05963
613.032	-13.091
616.032	16.7586
619.028	8.60851
622.023	32.4587
625.018	22.309
628.013	24.1596
631.005	16.0104
633.997	15.8615
636.987	11.7128
639.977	11.5644
642.965	21.4162
645.952	9.2682
648.939	7.12044
651.924	16.9729
654.909	10.8256
657.892	0.678492
660.873	0.531713
663.854	-3.61495
666.835	4.23861
669.813	-1.90752
672.791	27.9465
675.767	31.8007
678.743	5.65514
681.717	17.5098
684.692	9.36466
687.664	5.21977
690.634	17.0751
693.606	0.930498
696.575	32.7862
699.543	8.64211
702.51	-11.5018
705.475	14.3545
708.44	4.211
711.404	24.0677
714.367	-0.0754622
717.329	15.7816
720.29	11.6388
723.25	19.4962
726.207	13.3539
729.166	7.21172
732.123	55.0697
735.077	18.9279
738.032	18.7862
740.984	24.6448
743.938	0.503455
746.888	26.3624
749.839	2.22137
752.788	16.0806
755.735	-0.0599552
758.682	23.7996
761.627	17.6594
764.574	13.5192
767.517	-4.62075
770.46	17.2395
773.402	13.0999
776.342	8.96039
779.282	36.8211
782.219	22.682
785.157	16.543
788.094	-9.59589
791.029	10.2654
793.962	14.1269
796.896	3.98847
799.828	5.85027
802.76	7.71212
805.689	19.5742
808.619	27.4363
811.546	7.29867
814.473	25.1612
817.4	19.0237
820.324	22.8864
823.248	8.74929
826.17	4.61229
829.092	8.47542
832.012	10.3387
834.932	20.202
837.851	-7.93446
840.768	5.92915
843.685	23.7929
846.599	27.6568
849.514	37.5208
852.428	17.3849
855.339	11.2492
858.251	19.1135
861.16	32.978
864.07	24.8425
866.978	20.7072
869.884	-19.428
872.792	32.4368
875.696	0.301868
878.599	30.167
881.502	24.0322
884.404	13.8975
887.304	11.763
890.204	-6.37154
893.103	7.49406
896.001	25.3598
898.898	27.2255
901.794	29.0914
904.689	24.9574
907.581	2.82351
910.474	-9.31036
913.364	-13.4441
916.256	-1.57777
919.144	22.2887
922.034	6.15514
924.92	16.0218
927.808	13.8884
930.693	9.75513
933.576	15.622
936.459	19.4889
939.341	1.35586
942.222	-0.777096
945.102	-24.91
947.981	8.9572
950.859	22.8244
953.737	4.69175
956.613	8.55911
959.488	12.4265
962.361	0.294118
965.235	42.1617
968.105	8.02935
970.977	17.897
973.846	15.7648
976.716	31.6326
979.583	29.5004
982.449	17.3684
985.316	13.2363
988.18	43.1043
991.043	8.97241
993.906	28.8405
996.767	2.7087
999.628	10.5769
1002.49	2.44516
1005.35	-7.68656
1008.2	16.1818
1011.06	24.0502
1013.91	-16.0814
1016.77	21.787
1019.62	31.6556
1022.48	9.52404
1025.33	15.3926
1028.18	23.2612
1031.03	27.1298
1033.87	8.9985
1036.72	42.8671
1039.57	28.7358
1042.41	12.6046
1045.26	28.4733
1048.1	4.34211
1050.94	12.2109
1053.78	36.0797
1056.62	11.9485
1059.46	13.8174
1062.3	15.6862
1065.14	29.5552
1067.97	27.424
1070.81	9.29298
1073.64	39.1619
1076.47	-0.969171
1079.31	22.8997
1082.14	4.76869
1084.97	26.6376
1087.8	30.5066
1090.63	4.37553
1093.45	26.2445
1096.28	26.1135
1099.1	25.9824
1101.93	3.85139
1104.75	43.7203
1107.57	23.5893
1110.39	-4.5418
1113.21	-12.6728
1116.03	11.1961
1118.85	9.065
1121.66	22.934
1124.48	52.8028
1127.3	28.6717
1130.11	32.5406
1132.92	6.40945
1135.73	22.2783
1138.54	30.1472
1141.35	14.016
1144.16	5.88469
1146.97	17.7534
1149.78	5.62219
1152.58	9.49099
1155.39	47.3597
1158.19	15.2283
1161	19.0969
1163.8	32.9656
1166.6	40.8342
1169.4	8.70266
1172.2	14.5712
1174.99	-5.56034
1177.79	4.30814
1180.59	30.1766
1183.38	24.045
1186.17	1.91325
1188.97	7.78156
1191.76	-12.3502
1194.55	43.518
1197.34	7.38621
1200.13	23.2543
1202.92	1.1224
1205.7	48.9905
1208.49	8.85849
1211.27	22.7264
1214.06	2.59434
1216.84	14.4621
1219.62	28.33
1222.4	16.1977
1225.18	12.0654
1227.96	19.933
1230.74	21.8005
1233.51	21.6681
1236.29	7.53553
1239.06	35.4029
1241.84	45.2703
1244.61	51.1375
1247.38	17.0047
1250.15	22.8719
1252.92	-7.26101
1255.69	6.60598
1258.46	22.473
1261.23	42.3398
1263.99	26.2067
1266.76	28.0733
1269.52	5.94004
1272.28	11.8067
1275.05	9.6731
1277.81	39.5396
1280.57	19.4059
1283.33	35.2722
1286.08	23.1384
1288.84	9.00454
1291.6	26.8706
1294.35	22.7365
1297.11	36.6025
1299.86	10.4682
1302.61	40.3339
1305.36	46.1996
1308.11	40.0651
1310.86	11.9306
1313.61	15.796
1316.36	19.6612
1319.1	17.5264
1321.85	25.3915
1324.59	39.2565
1327.33	31.1214
1330.08	38.9862
1332.82	30.8509
1335.56	28.7155
1338.3	34.58
1341.04	18.4444
1343.77	38.3087
1346.51	10.173
1349.25	36.037
1351.98	29.9011
1354.71	19.7649
1357.45	21.6287
1360.18	27.4924
1362.91	17.3559
1365.64	13.2194
1368.37	13.0828
1371.09	26.946
1373.82	18.8091
1376.54	2.67225
1379.27	36.5351
1381.99	14.3979
1384.72	34.2605
1387.44	24.1232
1390.16	27.9855
1392.88	23.8479
1395.6	13.7101
1398.31	29.5722
1401.03	31.4341
1403.75	-0.704
1406.46	21.1576
1409.18	39.0192
1411.89	22.8807
1414.6	48.742
1417.31	-5.39671
1420.02	56.4643
1422.73	30.3253
1425.44	20.1861
1428.15	-5.95321
1430.85	25.9073
1433.56	1.76776
1436.26	11.628
1438.97	17.4882
1441.67	29.3482
1444.37	17.2081
1447.07	13.0678
1449.77	2.92744
1452.47	38.7869
1455.16	42.6462
1457.86	38.5054
1460.56	24.3644
1463.25	-3.77677
1465.94	6.08203
1468.64	-4.05942
1471.33	-4.20092
1474.02	23.6573
1476.71	7.51551
1479.4	3.37345
1482.09	23.2313
1484.77	29.089
1487.46	20.9466
1490.14	6.80399
1492.83	8.66123
1495.51	44.5183
1498.19	44.3752
1500.87	12.2321
1503.55	6.08865
1506.23	23.9451
1508.91	21.8014
1511.59	33.6575
1514.27	31.5135
1516.94	25.3694
1519.62	9.22494
1522.29	1.08045
1524.96	22.9358
1527.63	-19.2091
1530.3	56.6459
1532.97	26.5007
1535.64	-3.64462
1538.31	4.20985
1540.98	32.0642
1543.64	19.9183
1546.31	15.7724
1548.97	39.6261
1551.63	31.4798
1554.3	17.3332
1556.96	29.1865
1559.62	39.0396
1562.28	26.8925
1564.94	10.7453
1567.59	30.5979
1570.25	32.4502
1572.9	26.3024
1575.56	30.1544
1578.21	28.0063
1580.86	47.858
1583.52	-0.290599
1586.17	35.5607
1588.82	35.4118
1591.47	33.2628
1594.11	19.1135
1596.76	24.9641
1599.41	14.8145
1602.05	30.6646
1604.69	14.5146
1607.34	26.3644
1609.98	18.214
1612.62	0.0633523
1615.26	33.9125
1617.9	3.76161
1620.54	37.6104
1623.18	-14.5409
1625.81	11.3074
1628.45	19.1557
1631.08	47.0038
1633.72	30.8516
1636.35	16.6993
1638.98	48.5467
1641.61	4.39392
1644.24	12.2409
1646.87	2.08774
1649.5	33.9343
1652.13	17.7808
1654.75	15.627
1657.38	19.4731
1660	31.3188
1662.63	31.1644
1665.25	51.0097
1667.87	28.8549
1670.49	-5.30008
1673.11	8.54468
1675.73	18.3892
1678.35	-15.7665
1680.96	30.0776
1683.58	3.92163
1686.19	45.7653
1688.81	21.6087
1691.42	5.45203
1694.03	13.295
1696.64	31.1379
1699.25	32.9805
1701.87	6.82283
1704.47	12.665
1707.08	20.507
1709.69	12.3487
1712.29	46.1902
1714.9	0.0314566
1717.5	-0.127403
1720.1	15.7134
1722.71	-4.44603
1725.31	17.3944
1727.91	7.23451
1730.51	17.0745
1733.1	6.91422
1735.7	-3.24639
1738.3	-7.40713
1740.89	2.43189
1743.49	46.2707
1746.08	-3.89078
1748.67	-4.05248
1751.26	7.7857
1753.86	19.6235
1756.45	23.4611
1759.03	21.2985
1761.62	13.1356
1764.21	2.97259
1766.8	0.809301
1769.38	18.6458
1771.97	30.4819
1774.55	12.3178
1777.13	20.1536
1779.71	25.989
1782.29	41.8244
1784.87	17.6593
1787.45	15.4941
1790.03	25.3286
1792.61	5.16285
1795.18	20.9969
1797.76	40.8306
1800.33	18.6642
1802.9	12.4975
1805.48	36.3306
1808.05	28.1634
1810.62	39.9959
1813.19	47.8282
1815.76	9.66021
1818.33	37.492
1820.89	35.3235
1823.46	5.15484
1826.02	-3.01418
1828.59	6.81665
1831.15	36.6472
1833.71	16.4774
1836.27	12.3075
1838.84	18.1372
1841.39	11.9667
1843.95	23.796
1846.51	31.625
1849.07	-0.546198
1851.62	5.28225
1854.18	21.1104
1856.73	4.93843
1859.29	18.7661
1861.84	-15.4064
1864.39	22.4208
1866.94	8.24758
1869.49	28.0742
1872.04	7.90063
1874.59	-0.273249
1877.13	13.5526
1879.68	13.3783
1882.22	5.20356
1884.77	1.02857
1887.31	14.8534
1889.85	-3.32211
1892.39	20.5022
1894.93	10.3262
1897.47	32.1498
1900.01	23.9733
1902.55	21.7965
1905.09	27.6194
1907.62	7.44198
1910.16	51.2644
1912.69	9.08648
1915.22	18.9082
1917.76	8.72984
1920.29	44.551
1922.82	24.3721
1925.35	8.19268
1927.88	8.01313
1930.4	5.83329
1932.93	13.6532
1935.46	23.4728
1937.98	19.2921
1940.51	25.1111
1943.03	4.92979
1945.55	8.74834
1948.07	-11.4335
1950.59	20.3844
1953.11	20.202
1955.63	-1.98064
1958.15	11.8364
1960.67	21.6532
1963.18	-6.53027
1965.7	19.2859
1968.21	23.1018
1970.73	32.9174
1973.24	-1.26728
1975.75	18.5479
1978.26	14.3626
1980.77	32.1771
1983.28	-10.0088
1985.79	-2.19486
1988.29	7.61877
1990.8	-2.56803
1993.31	5.245
1995.81	3.05772
1998.31	20.8703
