100.093	1.27435
103.274	21.3685
106.457	9.462
109.636	13.5548
112.817	11.647
115.994	3.73839
119.172	27.8292
122.347	7.91935
125.521	12.0088
128.696	10.0977
131.868	8.18579
135.039	14.2733
138.209	0.360104
141.379	12.4463
144.547	28.5319
147.713	12.6168
150.879	12.701
154.043	8.78463
157.206	-3.1324
160.368	2.94993
163.529	7.03164
166.689	17.1127
169.848	19.1932
173.006	7.27297
176.163	31.3522
179.316	7.43068
182.471	5.50864
185.625	15.586
188.777	-2.33731
191.927	7.73875
195.077	9.81425
198.224	13.8891
201.372	17.9634
204.52	8.03706
207.664	-7.88991
210.809	2.18257
213.95	14.2544
217.091	2.32565
220.233	10.3964
223.372	6.46641
226.509	8.53589
229.648	4.60482
232.784	-7.32687
235.918	30.7409
239.051	8.80801
242.186	8.87462
245.317	-1.05938
248.447	13.006
251.577	13.0709
254.705	9.13519
257.832	9.19892
260.958	11.2621
264.083	21.3247
267.204	1.38668
270.327	21.4482
273.449	13.5091
276.57	7.56947
279.69	7.6293
282.806	9.68854
285.924	25.7473
289.04	17.8055
292.154	13.8631
295.268	9.92019
298.379	7.97673
301.492	12.0328
304.601	6.08824
307.711	14.1432
310.818	12.1976
313.924	8.25151
317.031	30.3049
320.135	-1.64226
323.238	12.4101
326.34	4.46186
329.443	14.5132
332.543	6.56395
335.642	18.6142
338.74	2.66396
341.836	-3.28679
344.932	6.76195
348.027	14.8102
351.12	14.8579
354.213	6.90515
357.302	6.95186
360.393	22.9981
363.482	11.0439
366.57	37.0891
369.656	1.13386
372.742	11.1781
375.827	13.2219
378.91	19.2652
381.993	15.3081
385.073	9.35041
388.154	-2.60771
391.232	21.4337
394.311	25.4746
397.387	15.515
400.462	13.555
403.536	7.59452
406.611	13.6336
409.683	15.6722
412.754	1.71028
415.824	-0.252056
418.893	-10.2149
421.961	-4.1781
425.027	7.8582
428.093	9.89405
431.158	7.92945
434.222	7.9644
437.284	21.9989
440.346	12.033
443.407	8.0666
446.464	20.0998
449.523	12.1325
452.581	20.1648
455.635	12.1967
458.691	2.22816
461.743	18.2592
464.797	14.2898
467.847	12.3199
470.899	12.3497
473.947	12.379
476.994	16.4079
480.043	18.4364
483.088	24.4644
486.133	26.4921
489.176	14.5193
492.22	4.54617
495.262	0.572586
498.302	10.5986
501.341	16.6242
504.38	14.6494
507.417	-3.32576
510.453	12.6986
513.487	10.7226
516.521	-3.25373
519.554	-7.2305
522.586	0.792344
525.616	2.81478
528.646	6.83685
531.675	18.8585
534.701	8.87981
537.729	8.90073
540.753	10.9213
543.778	0.941413
546.8	12.9612
549.821	14.9806
552.844	22.9996
555.863	11.0183
558.881	-6.96343
561.898	-0.945508
564.916	15.0721
567.932	3.08926
570.946	7.10609
573.959	7.12257
576.971	5.13869
579.982	11.1545
582.993	9.16987
586	3.18492
589.008	3.19962
592.015	11.214
595.022	-8.772
598.025	5.24166
601.029	-0.745009
604.032	25.268
607.033	5.28062
610.034	19.2929
613.032	17.3049
616.032	7.31653
619.028	9.32784
622.023	17.3388
625.018	7.34945
628.013	5.35977
631.005	11.3698
633.997	13.3794
636.987	7.38878
639.977	1.3978
642.965	13.4065
645.952	3.41491
648.939	11.423
651.924	-0.569251
654.909	1.4382
657.892	25.4453
660.873	19.4522
663.854	9.45871
666.835	21.4649
669.813	5.47086
672.791	15.4765
675.767	-0.518195
678.743	5.48683
681.717	5.49156
684.692	11.496
687.664	11.5001
690.634	9.50399
693.606	15.5076
696.575	1.51083
699.543	11.5138
702.51	3.51653
705.475	-0.481046
708.44	-0.478902
711.404	7.52296
714.367	11.5246
717.329	19.5259
720.29	9.5269
723.25	7.52767
726.207	25.5282
729.166	-2.47161
732.123	1.52835
735.077	7.52804
738.032	15.5275
740.984	3.52664
743.938	17.5255
746.888	19.5242
749.839	13.5226
752.788	13.5207
755.735	-0.4814
758.682	11.5162
761.627	5.51361
764.574	19.5107
767.517	1.50761
770.46	21.5042
773.402	7.50063
776.342	23.4968
779.282	13.4927
782.219	-0.511646
785.157	15.4838
788.094	27.479
791.029	11.4739
793.962	17.4687
796.896	-0.536858
799.828	9.45741
802.76	13.4514
805.689	33.4452
808.619	13.4388
811.546	15.4322
814.473	7.42531
817.4	7.41822
820.324	33.4109
823.248	1.4034
826.17	15.3957
829.092	19.3877
832.012	9.37954
834.932	7.37116
837.851	11.3626
840.768	15.3538
843.685	25.3448
846.599	21.3356
849.514	11.3261
852.428	-0.683467
855.339	5.30672
858.251	29.2967
861.16	-0.713504
864.07	5.27608
866.978	13.2655
869.884	13.2547
872.792	25.2437
875.696	27.2325
878.599	17.2212
881.502	13.2096
884.404	3.19787
887.304	29.1859
890.204	15.1738
893.103	13.1616
896.001	11.1491
898.898	11.1364
901.794	13.1236
904.689	11.1106
907.581	9.09745
910.474	25.0841
913.364	3.0706
916.256	5.05691
919.144	11.0431
922.034	17.029
924.92	5.01486
927.808	7.00051
930.693	20.986
933.576	-9.02866
936.459	12.9565
939.341	14.9415
942.222	2.92638
945.102	0.911087
947.981	16.8956
950.859	8.88003
953.737	4.86428
956.613	14.8484
959.488	14.8323
962.361	34.8161
965.235	12.7998
968.105	2.7833
970.977	20.7667
973.846	12.7499
976.716	12.733
979.583	8.71595
982.449	4.69877
985.316	2.68144
988.18	14.664
991.043	12.6464
993.906	30.6287
996.767	4.61085
999.628	16.5929
1002.49	20.5748
1005.35	8.55655
1008.2	8.5382
1011.06	8.51974
1013.91	10.5011
1016.77	2.48242
1019.62	22.4636
1022.48	8.44464
1025.33	2.42558
1028.18	2.40639
1031.03	20.3871
1033.87	20.3677
1036.72	12.3482
1039.57	22.3286
1042.41	14.3088
1045.26	6.28898
1048.1	6.26904
1050.94	2.24899
1053.78	16.2288
1056.62	24.2086
1059.46	18.1882
1062.3	24.1678
1065.14	6.14723
1067.97	20.1266
1070.81	12.1058
1073.64	8.085
1076.47	18.0641
1079.31	-1.95694
1082.14	10.022
1084.97	0.000754496
1087.8	11.9795
1090.63	13.9581
1093.45	17.9367
1096.28	21.9151
1099.1	21.8935
1101.93	25.8718
1104.75	3.85004
1107.57	15.8282
1110.39	-0.193748
1113.21	7.78426
1116.03	11.7622
1118.85	9.74001
1121.66	17.7178
1124.48	11.6955
1127.3	5.67314
1130.11	11.6507
1132.92	7.62821
1135.73	-4.39435
1138.54	5.58302
1141.35	5.56033
1144.16	11.5376
1146.97	17.5148
1149.78	23.4919
1152.58	-2.53103
1155.39	11.446
1158.19	27.4229
1161	3.39984
1163.8	19.3767
1166.6	13.3535
1169.4	11.3302
1172.2	7.30694
1174.99	7.28359
1177.79	23.2602
1180.59	13.2368
1183.38	-2.78672
1186.17	1.18974
1188.97	11.1662
1191.76	-4.85744
1194.55	5.11891
1197.34	15.0952
1200.13	7.07149
1202.92	1.04773
1205.7	9.02394
1208.49	-4.99989
1211.27	-3.02376
1214.06	4.95235
1216.84	-5.07158
1219.62	10.9045
1222.4	18.8805
1225.18	8.85648
1227.96	8.83245
1230.74	14.8084
1233.51	24.7843
1236.29	14.7602
1239.06	8.73607
1241.84	16.7119
1244.61	-1.31224
1247.38	0.663578
1250.15	0.639394
1252.92	14.6152
1255.69	10.5909
1258.46	8.56672
1261.23	6.54246
1263.99	16.5182
1266.76	12.4939
1269.52	8.46965
1272.28	18.4454
1275.05	30.4211
1277.81	12.3968
1280.57	-1.62753
1283.33	6.34817
1286.08	6.32387
1288.84	-3.70044
1291.6	10.2753
1294.35	2.25094
1297.11	-11.7733
1299.86	8.20235
1302.61	10.1781
1305.36	-1.84622
1308.11	6.12949
1310.86	8.10523
1313.61	14.081
1316.36	0.0567145
1319.1	18.0325
1321.85	14.0083
1324.59	7.98405
1327.33	11.9599
1330.08	5.93567
1332.82	13.9115
1335.56	5.88736
1338.3	5.86323
1341.04	11.8391
1343.77	5.81504
1346.51	15.791
1349.25	19.7669
1351.98	1.74293
1354.71	-6.28107
1357.45	19.695
1360.18	7.67105
1362.91	9.64713
1365.64	1.62325
1368.37	15.5994
1371.09	3.57559
1373.82	19.5518
1376.54	13.5281
1379.27	19.5044
1381.99	17.4807
1384.72	17.457
1387.44	11.4334
1390.16	5.40988
1392.88	9.38636
1395.6	19.3629
1398.31	21.3394
1401.03	3.31605
1403.75	11.2927
1406.46	3.26938
1409.18	1.24612
1411.89	9.22291
1414.6	11.1997
1417.31	5.17664
1420.02	5.15357
1422.73	-10.8694
1425.44	11.1076
1428.15	17.0847
1430.85	1.06183
1433.56	21.039
1436.26	-0.983717
1438.97	4.9936
1441.67	0.970979
1444.37	6.94841
1447.07	8.92591
1449.77	8.90346
1452.47	18.8811
1455.16	4.85875
1457.86	2.83649
1460.56	-1.1857
1463.25	12.7922
1465.94	14.7701
1468.64	0.748117
1471.33	12.7262
1474.02	16.7043
1476.71	4.68256
1479.4	0.660841
1482.09	10.6392
1484.77	0.617644
1487.46	10.5962
1490.14	20.5747
1492.83	4.5534
1495.51	6.53214
1498.19	12.511
1500.87	0.489864
1503.55	2.46884
1506.23	14.4479
1508.91	0.427038
1511.59	6.40625
1514.27	4.38557
1516.94	6.36496
1519.62	4.34443
1522.29	20.324
1524.96	0.303654
1527.63	0.283396
1530.3	-1.73677
1532.97	16.2431
1535.64	-7.77684
1538.31	4.20326
1540.98	16.1835
1543.64	6.16375
1546.31	10.1441
1548.97	2.12462
1551.63	0.105205
1554.3	-3.91413
1556.96	2.06665
1559.62	12.0475
1562.28	14.0285
1564.94	14.0096
1567.59	5.99076
1570.25	3.97204
1572.9	-0.0465778
1575.56	9.93491
1578.21	-0.0834872
1580.86	9.89821
1583.52	3.88001
1586.17	-8.13806
1588.82	3.84396
1591.47	19.8261
1594.11	-0.191654
1596.76	3.79071
1599.41	13.7732
1602.05	9.75576
1604.69	13.7385
1607.34	15.7213
1609.98	9.7042
1612.62	-4.31275
1615.26	13.6704
1617.9	-2.3463
1620.54	15.6371
1623.18	-0.379377
1625.81	11.6043
1628.45	11.588
1631.08	1.57192
1633.72	5.55593
1636.35	13.5401
1638.98	9.52433
1641.61	17.5087
1644.24	-2.50677
1646.87	1.47787
1649.5	7.46264
1652.13	15.4475
1654.75	13.4326
1657.38	5.41774
1660	13.403
1662.63	21.3885
1665.25	13.374
1667.87	9.3597
1670.49	17.3455
1673.11	7.33149
1675.73	5.3176
1678.35	-0.696168
1680.96	5.29021
1683.58	15.2767
1686.19	-4.73662
1688.81	15.2502
1691.42	21.2371
1694.03	21.2242
1696.64	-0.788581
1699.25	1.19879
1701.87	1.18629
1704.47	5.17395
1707.08	11.1618
1709.69	-0.850295
1712.29	-2.8622
1714.9	13.126
1717.5	-0.885552
1720.1	27.103
1722.71	-0.908315
1725.31	5.08054
1727.91	3.06953
1730.51	-0.94131
1733.1	15.048
1735.7	17.0375
1738.3	13.0271
1740.89	3.01685
1743.49	5.00678
1746.08	22.9969
1748.67	12.9871
1751.26	6.97752
1753.86	-1.03191
1756.45	22.9588
1759.03	-1.0503
1761.62	16.9408
1764.21	20.932
1766.8	20.9233
1769.38	0.914889
1771.97	18.9066
1774.55	6.89846
1777.13	12.8905
1779.71	22.8827
1782.29	6.87509
1784.87	18.8676
1787.45	14.8603
1790.03	6.85323
1792.61	0.846277
1795.18	2.83951
1797.76	4.8329
1800.33	4.82647
1802.9	12.8202
1805.48	2.81414
1808.05	10.8082
1810.62	8.8025
1813.19	8.79695
1815.76	14.7916
1818.33	8.78638
1820.89	6.78136
1823.46	-5.22348
1826.02	6.77186
1828.59	16.7674
1831.15	-1.23691
1833.71	8.75898
1836.27	0.755045
1838.84	0.751298
1841.39	18.7477
1843.95	16.7444
1846.51	18.7412
1849.07	2.73816
1851.62	18.7353
1854.18	16.7327
1856.73	10.7303
1859.29	0.728016
1861.84	14.726
1864.39	14.7241
1866.94	0.722398
1869.49	8.72091
1872.04	16.7196
1874.59	10.7185
1877.13	12.7176
1879.68	16.7169
1882.22	12.7164
1884.77	8.71604
1887.31	14.7159
1889.85	16.716
1892.39	18.7162
1894.93	14.7167
1897.47	14.7174
1900.01	12.7182
1902.55	6.7193
1905.09	4.72056
1907.62	0.722032
1910.16	10.7237
1912.69	4.72557
1915.22	26.7276
1917.76	18.7299
1920.29	0.732413
1922.82	16.7351
1925.35	20.738
1927.88	14.7411
1930.4	10.7444
1932.93	6.74793
1935.46	6.75166
1937.98	2.7556
1940.51	10.7597
1943.03	28.7641
1945.55	4.76867
1948.07	0.773448
1950.59	-1.22156
1953.11	-1.21635
1955.63	8.78906
1958.15	4.7947
1960.67	10.8005
1963.18	0.806605
1965.7	18.8129
1968.21	18.8194
1970.73	2.82609
1973.24	-1.16697
1975.75	16.8402
1978.26	20.8475
1980.77	-5.14487
1983.28	8.86294
1985.79	2.87097
1988.29	20.8792
1990.8	16.8877
1993.31	2.89639
1995.81	-7.09469
1998.31	16.9144
