100.093	3.3672
103.274	7.45661
106.457	13.5455
109.636	1.63365
112.817	19.7213
115.994	-0.191729
119.172	27.8947
122.347	7.98049
125.521	10.0657
128.696	2.15032
131.868	8.23432
135.039	8.31773
138.209	14.4006
141.379	2.48285
144.547	16.5645
147.713	24.6456
150.879	10.7261
154.043	-1.19402
157.206	-5.11468
160.368	0.964094
163.529	3.04229
166.689	13.1199
169.848	17.197
173.006	7.27349
176.163	25.3494
179.316	9.42476
182.471	11.4996
185.625	3.57384
188.777	9.64755
191.927	27.7207
195.077	13.7933
198.224	1.86529
201.372	9.93681
204.52	6.00778
207.664	-3.92183
210.809	12.1481
213.95	2.21737
217.091	14.2861
220.233	12.3544
223.372	8.42215
226.509	-5.51067
229.648	6.55603
232.784	12.6222
235.918	20.6878
239.051	16.7529
242.186	14.8175
245.317	14.8815
248.447	12.9451
251.577	11.0081
254.705	31.0706
257.832	11.1326
260.958	13.1941
264.083	1.25514
267.204	15.3156
270.327	17.3756
273.449	-10.5649
276.57	3.4941
279.69	17.5526
282.806	11.6106
285.924	11.6681
289.04	7.72515
292.154	13.7817
295.268	5.83773
298.379	21.8933
301.492	5.94837
304.601	4.00296
307.711	8.05711
310.818	8.11075
313.924	22.1639
317.031	20.2166
320.135	10.2689
323.238	12.3206
326.34	12.3719
329.443	4.42278
332.543	18.4732
335.642	10.5231
338.74	8.57252
341.836	10.6215
344.932	28.6701
348.027	30.7182
351.12	12.7658
354.213	10.813
357.302	6.85971
360.393	2.90602
363.482	12.9519
366.57	14.9973
369.656	11.0423
372.742	13.0868
375.827	-0.869064
378.91	15.1746
381.993	13.2178
385.073	13.2606
388.154	21.303
391.232	11.345
394.311	15.3865
397.387	-4.57237
400.462	-0.531691
403.536	5.50857
406.611	5.54845
409.683	11.5879
412.754	3.6269
415.824	9.66551
418.893	23.7037
421.961	9.74151
425.027	1.77891
428.093	5.81589
431.158	11.8525
434.222	19.8887
437.284	17.9245
440.346	-4.04014
443.407	15.9949
446.464	12.0294
449.523	12.0637
452.581	14.0975
455.635	22.1309
458.691	-5.83602
461.743	6.19663
464.797	8.22893
467.847	-5.73918
470.899	14.2924
473.947	6.3235
476.994	4.35426
480.043	18.3847
483.088	8.4147
486.133	16.4444
489.176	6.47364
492.22	-7.49742
495.262	16.5311
498.302	20.5593
501.341	2.58717
504.38	0.614651
507.417	16.6418
510.453	-7.33146
513.487	10.6949
516.521	24.721
519.554	-1.25329
522.586	10.7721
525.616	16.7971
528.646	10.8217
531.675	22.8461
534.701	14.87
537.729	8.89369
540.753	12.917
543.778	2.93996
546.8	26.9626
549.821	-5.01512
552.844	7.00685
555.863	15.0285
558.881	23.0498
561.898	21.0708
564.916	11.0914
567.932	3.11177
570.946	15.1318
573.959	13.1515
576.971	3.17084
579.982	5.1899
582.993	-4.79136
586	-10.7729
589.008	-4.75482
592.015	3.26299
595.022	11.2805
598.025	1.29767
601.029	9.31456
604.032	11.3312
607.033	9.34743
610.034	1.36342
613.032	5.3791
616.032	7.39449
619.028	-4.59042
622.023	21.4244
625.018	-0.561125
628.013	3.4531
631.005	17.467
633.997	7.48066
636.987	-0.505983
639.977	-0.492913
642.965	9.51988
645.952	29.5324
648.939	9.54461
651.924	17.5566
654.909	-0.431757
657.892	9.57965
660.873	17.5908
663.854	21.6016
666.835	-2.38778
669.813	11.6225
672.791	5.63259
675.767	11.6424
678.743	9.65191
681.717	11.6612
684.692	11.6702
687.664	13.6789
690.634	3.6874
693.606	3.69564
696.575	9.70362
699.543	15.7113
702.51	5.71882
705.475	5.72604
708.44	23.733
711.404	7.73975
714.367	17.7462
717.329	7.75248
720.29	15.7585
723.25	1.76425
726.207	21.7698
729.166	7.77506
732.123	7.78011
735.077	9.78492
738.032	7.78951
740.984	19.7939
743.938	13.798
746.888	-2.19812
749.839	13.8056
752.788	7.80899
755.735	11.8122
758.682	13.8152
761.627	11.818
764.574	1.82055
767.517	-0.177114
770.46	11.825
773.402	11.8269
776.342	13.8286
779.282	11.8301
782.219	15.8314
785.157	5.83244
788.094	23.8333
791.029	15.8339
793.962	3.83439
796.896	11.8346
799.828	7.83468
802.76	19.8345
805.689	7.83416
808.619	11.8336
811.546	9.83286
814.473	-6.16808
817.4	7.83078
820.324	19.8294
823.248	25.8279
826.17	15.8262
829.092	23.8243
832.012	11.8222
834.932	15.82
837.851	15.8175
840.768	9.8149
843.685	13.8121
846.599	25.8091
849.514	15.8059
852.428	13.8026
855.339	23.7991
858.251	7.79538
861.16	9.79152
864.07	15.7875
866.978	11.7833
869.884	23.7789
872.792	19.7744
875.696	19.7697
878.599	13.7648
881.502	19.7598
884.404	9.75459
887.304	9.74924
890.204	11.7437
893.103	23.7381
896.001	3.73224
898.898	11.7263
901.794	5.72014
904.689	1.71386
907.581	15.7074
910.474	21.7009
913.364	15.6941
916.256	9.68727
919.144	5.68025
922.034	19.6731
924.92	23.6658
927.808	13.6583
930.693	33.6508
933.576	21.6431
936.459	17.6352
939.341	11.6272
942.222	15.6191
945.102	11.6108
947.981	23.6024
950.859	15.5939
953.737	5.58526
956.613	7.57648
959.488	1.56758
962.361	5.55855
965.235	-0.450601
968.105	23.5401
970.977	1.53073
973.846	27.5212
976.716	13.5116
979.583	11.5018
982.449	21.492
985.316	11.482
988.18	-0.528122
991.043	23.4617
993.906	7.45135
996.767	15.4409
999.628	7.43038
1002.49	19.4197
1005.35	17.409
1008.2	11.3981
1011.06	15.3872
1013.91	21.3761
1016.77	11.3649
1019.62	7.35369
1022.48	13.3423
1025.33	5.33087
1028.18	-2.68069
1031.03	23.3077
1033.87	17.2959
1036.72	19.2841
1039.57	9.27215
1042.41	5.26014
1045.26	19.248
1048.1	5.23584
1050.94	13.2236
1053.78	21.2112
1056.62	-6.80125
1059.46	5.18622
1062.3	19.1736
1065.14	17.1609
1067.97	13.1481
1070.81	17.1353
1073.64	9.12237
1076.47	13.1094
1079.31	19.0963
1082.14	11.0831
1084.97	9.06992
1087.8	23.0566
1090.63	5.04328
1093.45	3.02985
1096.28	23.0164
1099.1	21.0028
1101.93	14.9892
1104.75	0.975473
1107.57	12.9617
1110.39	12.9479
1113.21	12.934
1116.03	4.9201
1118.85	2.9061
1121.66	8.89206
1124.48	18.878
1127.3	-13.1362
1130.11	16.8496
1132.92	12.8353
1135.73	12.821
1138.54	10.8066
1141.35	10.7922
1144.16	26.7778
1146.97	0.763259
1149.78	12.7487
1152.58	8.73412
1155.39	16.7195
1158.19	16.7048
1161	10.6901
1163.8	6.67532
1166.6	16.6605
1169.4	-3.35433
1172.2	16.6308
1174.99	10.6159
1177.79	6.60095
1180.59	2.58597
1183.38	12.571
1186.17	8.55592
1188.97	2.54085
1191.76	2.52575
1194.55	4.51063
1197.34	6.49548
1200.13	2.4803
1202.92	20.4651
1205.7	10.4499
1208.49	8.43463
1211.27	-1.58064
1214.06	4.40408
1216.84	-5.61123
1219.62	2.37345
1222.4	24.3581
1225.18	4.34275
1227.96	-9.67262
1230.74	4.31198
1233.51	2.29659
1236.29	-7.71882
1239.06	16.2658
1241.84	8.25033
1244.61	4.2349
1247.38	12.2195
1250.15	6.20401
1252.92	-3.81145
1255.69	4.17309
1258.46	-1.84237
1261.23	4.14216
1263.99	8.1267
1266.76	16.1112
1269.52	4.09577
1272.28	8.08031
1275.05	-1.93516
1277.81	4.04939
1280.57	8.03394
1283.33	8.0185
1286.08	12.0031
1288.84	11.9876
1291.6	3.97221
1294.35	25.9568
1297.11	15.9414
1299.86	11.926
1302.61	11.9107
1305.36	-0.1047
1308.11	19.88
1310.86	11.8646
1313.61	13.8493
1316.36	5.83403
1319.1	-2.18124
1321.85	7.80351
1324.59	7.78828
1327.33	17.7731
1330.08	11.7579
1332.82	13.7427
1335.56	5.7276
1338.3	11.7125
1341.04	5.69741
1343.77	-6.31764
1346.51	25.6673
1349.25	13.6523
1351.98	7.63738
1354.71	13.6224
1357.45	7.60755
1360.18	-4.40731
1362.91	13.5779
1365.64	9.56306
1368.37	13.5483
1371.09	17.5336
1373.82	11.5189
1376.54	9.50427
1379.27	-4.51033
1381.99	-6.52489
1384.72	7.46059
1387.44	-8.55387
1390.16	5.43169
1392.88	9.41731
1395.6	1.40297
1398.31	1.38869
1401.03	5.37445
1403.75	7.36026
1406.46	-2.65389
1409.18	3.33202
1411.89	11.318
1414.6	5.30399
1417.31	-6.70994
1420.02	5.27618
1422.73	15.2624
1425.44	3.24859
1428.15	9.23488
1430.85	19.2212
1433.56	11.2076
1436.26	-2.8059
1438.97	9.18063
1441.67	15.1672
1444.37	-0.846123
1447.07	7.14059
1449.77	17.1274
1452.47	15.1142
1455.16	9.10113
1457.86	5.08811
1460.56	15.0752
1463.25	11.0623
1465.94	3.04946
1468.64	7.03671
1471.33	15.024
1474.02	17.0114
1476.71	6.99892
1479.4	10.9865
1482.09	8.97409
1484.77	4.96179
1487.46	-5.05044
1490.14	12.9374
1492.83	16.9253
1495.51	6.91336
1498.19	4.90145
1500.87	22.8896
1503.55	-3.12212
1506.23	2.86621
1508.91	0.854633
1511.59	14.8431
1514.27	4.83173
1516.94	10.8204
1519.62	12.8092
1522.29	10.798
1524.96	6.78696
1527.63	0.775985
1530.3	10.7651
1532.97	8.75431
1535.64	12.7436
1538.31	10.733
1540.98	-5.2775
1543.64	8.71208
1546.31	8.70177
1548.97	4.69154
1551.63	-1.31859
1554.3	12.6714
1556.96	6.66145
1559.62	-1.34839
1562.28	2.64188
1564.94	12.6323
1567.59	14.6227
1570.25	24.6133
1572.9	6.60397
1575.56	4.59475
1578.21	14.5856
1580.86	-1.42337
1583.52	-7.43228
1586.17	0.558928
1588.82	-5.44976
1591.47	12.5417
1594.11	2.5332
1596.76	-5.47516
1599.41	10.5166
1602.05	18.5085
1604.69	0.500439
1607.34	2.49253
1609.98	6.48474
1612.62	6.47706
1615.26	16.4695
1617.9	6.46205
1620.54	18.4547
1623.18	-1.55248
1625.81	0.440424
1628.45	12.4335
1631.08	14.4266
1633.72	6.41988
1636.35	20.4133
1638.98	4.40679
1641.61	26.4004
1644.24	20.3942
1646.87	-3.61191
1649.5	2.3821
1652.13	10.3762
1654.75	18.3705
1657.38	14.3649
1660	14.3594
1662.63	2.3541
1665.25	18.3489
1667.87	2.3438
1670.49	8.33885
1673.11	-5.66596
1675.73	4.32935
1678.35	-1.6752
1680.96	-3.67961
1683.58	18.3161
1686.19	6.31196
1688.81	14.308
1691.42	10.3041
1694.03	2.30036
1696.64	8.29677
1699.25	6.29332
1701.87	2.29001
1704.47	4.28684
1707.08	4.28381
1709.69	-7.71908
1712.29	4.27818
1714.9	6.27559
1717.5	6.27313
1720.1	0.270827
1722.71	20.2687
1725.31	6.26665
1727.91	8.26479
1730.51	4.26307
1733.1	10.2615
1735.7	2.26008
1738.3	8.25881
1740.89	10.2577
1743.49	2.25673
1746.08	-3.74408
1748.67	16.2553
1751.26	6.25475
1753.86	8.2544
1756.45	14.2542
1759.03	16.2542
1761.62	10.2543
1764.21	16.2546
1766.8	18.255
1769.38	10.2556
1771.97	0.25632
1774.55	8.25723
1777.13	8.2583
1779.71	6.25953
1782.29	14.2609
1784.87	2.26248
1787.45	4.2642
1790.03	22.2661
1792.61	0.268124
1795.18	16.2703
1797.76	16.2727
1800.33	-1.72474
1802.9	10.278
1805.48	12.2808
1808.05	6.2839
1810.62	0.287114
1813.19	16.2905
1815.76	-3.70594
1818.33	2.29779
1820.89	14.3017
1823.46	14.3058
1826.02	10.31
1828.59	14.3144
1831.15	18.319
1833.71	18.3238
1836.27	10.3287
1838.84	24.3338
1841.39	2.33914
1843.95	-1.65539
1846.51	10.3503
1849.07	-3.64391
1851.62	6.3621
1854.18	16.3683
1856.73	10.3747
1859.29	0.381215
1861.84	-3.61205
1864.39	2.39486
1866.94	2.40196
1869.49	6.40924
1872.04	10.4167
1874.59	10.4244
1877.13	0.432191
1879.68	2.44021
1882.22	0.448417
1884.77	-5.54319
1887.31	8.46539
1889.85	-1.52583
1892.39	-3.51688
1894.93	6.49227
1897.47	0.501615
1900.01	6.51114
1902.55	6.52087
1905.09	4.53078
1907.62	2.54088
1910.16	20.5512
1912.69	6.56167
1915.22	-11.4276
1917.76	20.5832
1920.29	8.59432
1922.82	-3.39441
1925.35	14.6171
1927.88	-7.37127
1930.4	8.64059
1932.93	2.65265
1935.46	2.66491
1937.98	0.677375
1940.51	4.69004
1943.03	2.7029
1945.55	14.716
1948.07	0.729224
1950.59	6.74268
1953.11	24.7564
1955.63	8.77023
1958.15	10.7843
1960.67	4.79858
1963.18	2.81306
1965.7	14.8278
1968.21	10.8427
1970.73	26.8578
1973.24	2.87307
1975.75	12.8886
1978.26	18.9043
1980.77	14.9202
1983.28	14.9364
1985.79	28.9527
1988.29	16.9693
1990.8	4.98609
1993.31	17.0031
1995.81	11.0203
1998.31	3.03768
