100.093	16.2538
103.274	24.3043
106.457	22.3544
109.636	-1.59585
112.817	4.4535
115.994	30.5024
119.172	24.551
122.347	0.599124
125.521	26.6469
128.696	26.6943
131.868	20.7412
135.039	8.78781
138.209	4.83401
141.379	14.8799
144.547	2.9253
147.713	14.9704
150.879	15.015
154.043	11.0593
157.206	13.1033
160.368	29.1468
163.529	13.19
166.689	11.2328
169.848	11.2752
173.006	-6.68268
176.163	17.359
179.316	13.4003
182.471	-2.55868
185.625	3.48194
188.777	13.5222
191.927	9.56207
195.077	-4.39839
198.224	7.64077
201.372	15.6796
204.52	3.71809
207.664	1.75619
210.809	11.794
213.95	11.8314
217.091	27.8684
220.233	-0.094827
223.372	17.9415
226.509	15.9776
229.648	26.0133
232.784	20.0486
235.918	2.08364
239.051	20.1183
242.186	22.1527
245.317	8.18668
248.447	28.2204
251.577	4.2537
254.705	10.2867
257.832	12.3194
260.958	0.35176
264.083	14.3838
267.204	16.4155
270.327	10.4469
273.449	14.4779
276.57	16.5087
279.69	20.5391
282.806	26.5692
285.924	6.59902
289.04	16.6285
292.154	26.6577
295.268	6.68652
298.379	12.7151
301.492	14.7433
304.601	6.77122
307.711	18.7989
310.818	2.82617
313.924	8.85318
317.031	18.8799
320.135	30.9063
323.238	12.9324
326.34	14.9582
329.443	16.9838
332.543	17.009
335.642	19.0339
338.74	19.0586
341.836	15.0829
344.932	25.107
348.027	23.1308
351.12	19.1542
354.213	-2.82255
357.302	17.2004
360.393	17.223
363.482	17.2454
366.57	21.2674
369.656	-2.71077
372.742	15.3108
375.827	-2.668
378.91	13.353
381.993	19.3737
385.073	11.3941
388.154	9.41425
391.232	1.43413
394.311	7.45376
397.387	19.4731
400.462	5.49219
403.536	1.51101
406.611	5.52958
409.683	15.5479
412.754	-10.4341
415.824	3.5837
418.893	11.6012
421.961	21.6185
425.027	-6.36449
428.093	3.65228
431.158	19.6688
434.222	7.68505
437.284	-0.298938
440.346	13.7168
443.407	11.7323
446.464	-4.25239
449.523	1.76264
452.581	25.7774
455.635	17.792
458.691	9.80627
461.743	25.8203
464.797	19.8342
467.847	-12.1523
470.899	5.8611
473.947	-0.125783
476.994	9.8871
480.043	33.8998
483.088	13.9122
486.133	7.92438
489.176	35.9363
492.22	13.9481
495.262	17.9596
498.302	11.9709
501.341	5.98198
504.38	5.99283
507.417	6.00346
510.453	8.01387
513.487	22.0241
516.521	-3.96596
519.554	12.0438
522.586	12.0533
525.616	20.0627
528.646	6.0718
531.675	4.08072
534.701	10.0894
537.729	6.09792
540.753	-5.8938
543.778	10.1143
546.8	-5.87783
549.821	8.12984
552.844	18.1373
555.863	26.1446
558.881	20.1517
561.898	2.15854
564.916	10.1652
567.932	12.1717
570.946	6.17799
573.959	0.184089
576.971	12.19
579.982	-1.8043
582.993	12.2012
586	10.2066
589.008	10.2117
592.015	-5.78334
595.022	12.2214
598.025	14.226
601.029	10.2304
604.032	14.2347
607.033	-1.7613
610.034	8.24257
613.032	2.24625
616.032	-5.75024
619.028	-1.7469
622.023	4.25625
625.018	-1.74076
628.013	12.2621
631.005	6.26469
633.997	14.2672
636.987	6.26947
639.977	16.2716
642.965	18.2736
645.952	14.2754
648.939	0.277009
651.924	6.27848
654.909	8.27979
657.892	2.28095
660.873	18.2819
663.854	-3.71723
666.835	8.28344
669.813	10.284
672.791	16.2843
675.767	12.2845
678.743	10.2846
681.717	0.284483
684.692	-5.71577
687.664	20.2838
690.634	8.28329
693.606	4.28259
696.575	12.2817
699.543	30.2808
702.51	14.2796
705.475	10.2783
708.44	10.2769
711.404	30.2754
714.367	12.2737
717.329	14.2718
720.29	22.2699
723.25	6.26774
726.207	20.2655
729.166	20.2631
732.123	16.2606
735.077	14.2579
738.032	12.2551
740.984	24.2522
743.938	2.24919
746.888	12.246
749.839	28.2427
752.788	14.2393
755.735	12.2357
758.682	24.2321
761.627	32.2283
764.574	4.22436
767.517	0.220315
770.46	8.21616
773.402	26.2119
776.342	16.2075
779.282	6.20296
782.219	10.1983
785.157	16.1936
788.094	16.1887
791.029	8.18376
793.962	6.17868
796.896	16.1735
799.828	12.1682
802.76	2.16277
805.689	18.1572
808.619	16.1516
811.546	16.1459
814.473	4.14005
817.4	10.1341
820.324	-1.87193
823.248	34.1219
826.17	16.1157
829.092	26.1093
832.012	8.10289
834.932	6.09635
837.851	10.0897
840.768	12.083
843.685	12.0762
846.599	22.0692
849.514	28.0622
852.428	30.0551
855.339	2.04792
858.251	8.04064
861.16	12.0333
864.07	0.0258002
866.978	14.0183
869.884	8.01062
872.792	6.0029
875.696	5.9951
878.599	-0.0127852
881.502	15.9792
884.404	19.9712
887.304	3.96307
890.204	1.95487
893.103	17.9466
896.001	15.9382
898.898	11.9298
901.794	13.9213
904.689	5.91268
907.581	1.90402
910.474	9.89529
913.364	-0.113514
916.256	3.87761
919.144	-12.1313
922.034	7.85965
924.92	17.8506
927.808	-0.158576
930.693	1.83221
933.576	5.82294
936.459	-2.1864
939.341	1.8042
942.222	-0.20527
945.102	1.7852
947.981	5.77562
950.859	13.766
953.737	13.7563
956.613	-2.2535
959.488	13.7367
962.361	25.7268
965.235	11.7169
968.105	7.7069
970.977	21.6969
973.846	7.68678
976.716	5.67664
979.583	7.66645
982.449	9.65622
985.316	1.64593
988.18	3.6356
991.043	-0.374782
993.906	19.6148
996.767	-0.395676
999.628	19.5938
1002.49	9.58325
1005.35	7.57265
1008.2	7.56201
1011.06	1.55134
1013.91	9.54062
1016.77	11.5299
1019.62	13.5191
1022.48	13.5082
1025.33	17.4974
1028.18	19.4865
1031.03	9.47552
1033.87	3.46455
1036.72	15.4535
1039.57	3.44251
1042.41	11.4314
1045.26	7.42035
1048.1	7.40922
1050.94	5.39807
1053.78	17.3869
1056.62	3.37568
1059.46	9.36445
1062.3	7.35319
1065.14	7.34191
1067.97	9.33061
1070.81	15.3193
1073.64	15.3079
1076.47	5.29657
1079.31	-6.71482
1082.14	5.27377
1084.97	-4.73766
1087.8	-12.7491
1090.63	17.2394
1093.45	9.22797
1096.28	5.21648
1099.1	23.205
1101.93	9.19347
1104.75	1.18194
1107.57	3.1704
1110.39	7.15884
1113.21	29.1473
1116.03	-0.86428
1118.85	9.12414
1121.66	21.1126
1124.48	9.10097
1127.3	15.0894
1130.11	-0.922233
1132.92	19.0662
1135.73	3.05456
1138.54	5.04295
1141.35	11.0313
1144.16	15.0197
1146.97	1.0081
1149.78	18.9965
1152.58	6.98488
1155.39	2.97327
1158.19	-1.03833
1161	14.9501
1163.8	-3.06153
1166.6	16.9269
1169.4	12.9153
1172.2	10.9037
1174.99	16.8921
1177.79	10.8806
1180.59	6.86902
1183.38	0.85748
1186.17	24.8459
1188.97	0.834422
1191.76	0.822914
1194.55	-5.18858
1197.34	0.799936
1200.13	12.7885
1202.92	8.77702
1205.7	12.7656
1208.49	4.75417
1211.27	8.74276
1214.06	8.73139
1216.84	8.72002
1219.62	6.70868
1222.4	-5.30264
1225.18	6.68606
1227.96	6.67478
1230.74	-5.33648
1233.51	18.6523
1236.29	6.64109
1239.06	4.6299
1241.84	20.6187
1244.61	12.6076
1247.38	10.5965
1250.15	16.5854
1252.92	2.5744
1255.69	10.5634
1258.46	2.55241
1261.23	12.5415
1263.99	12.5305
1266.76	0.51964
1269.52	6.50879
1272.28	10.498
1275.05	12.4872
1277.81	-3.52357
1280.57	10.4657
1283.33	4.45503
1286.08	14.4444
1288.84	0.43379
1291.6	2.42323
1294.35	4.4127
1297.11	-5.59778
1299.86	10.3918
1302.61	-7.61862
1305.36	0.371022
1308.11	4.3607
1310.86	10.3504
1313.61	8.34021
1316.36	0.330028
1319.1	4.3199
1321.85	8.30981
1324.59	6.29977
1327.33	0.289778
1330.08	6.27983
1332.82	4.26994
1335.56	16.2601
1338.3	4.2503
1341.04	4.24057
1343.77	10.2309
1346.51	0.221243
1349.25	18.2117
1351.98	-1.79787
1354.71	6.19266
1357.45	6.18324
1360.18	18.1739
1362.91	6.16457
1365.64	8.15532
1368.37	18.1461
1371.09	4.13701
1373.82	10.1279
1376.54	24.1189
1379.27	8.10998
1381.99	4.1011
1384.72	-5.90773
1387.44	8.08351
1390.16	-7.92519
1392.88	12.0662
1395.6	6.05761
1398.31	-1.95089
1401.03	0.0406714
1403.75	14.0323
1406.46	4.02399
1409.18	12.0158
1411.89	2.0076
1414.6	23.9995
1417.31	13.9915
1420.02	13.9835
1422.73	7.97563
1425.44	11.9678
1428.15	1.96008
1430.85	15.9524
1433.56	19.9448
1436.26	-0.0626951
1438.97	3.92986
1441.67	-10.0775
1444.37	5.91521
1447.07	-0.0920043
1449.77	1.90086
1452.47	15.8938
1455.16	-2.11318
1457.86	5.87992
1460.56	11.8731
1463.25	-0.133636
1465.94	9.85971
1468.64	19.8531
1471.33	-0.153357
1474.02	13.8402
1476.71	17.8339
1479.4	9.82766
1482.09	9.82151
1484.77	-2.18456
1487.46	9.80945
1490.14	15.8036
1492.83	15.7977
1495.51	17.792
1498.19	1.78639
1500.87	11.7809
1503.55	3.7754
1506.23	5.77003
1508.91	13.7648
1511.59	13.7596
1514.27	9.75449
1516.94	15.7495
1519.62	11.7446
1522.29	-2.26022
1524.96	13.7351
1527.63	5.73045
1530.3	-0.274074
1532.97	1.7215
1535.64	11.7172
1538.31	5.71293
1540.98	-0.291199
1543.64	9.70476
1546.31	21.7008
1548.97	5.69699
1551.63	9.69325
1554.3	1.68962
1556.96	7.68608
1559.62	15.6826
1562.28	5.67932
1564.94	9.67609
1567.59	9.67297
1570.25	-8.33005
1572.9	17.667
1575.56	15.6642
1578.21	5.66152
1580.86	11.6589
1583.52	9.65644
1586.17	15.6541
1588.82	13.6518
1591.47	1.64962
1594.11	-12.3524
1596.76	-2.35438
1599.41	15.6438
1602.05	19.6421
1604.69	3.64044
1607.34	-0.361058
1609.98	7.63755
1612.62	-10.3637
1615.26	-0.364885
1617.9	5.63407
1620.54	-0.366866
1623.18	1.63232
1625.81	-4.36839
1628.45	21.631
1631.08	13.6306
1633.72	7.63021
1636.35	-0.370029
1638.98	7.62986
1641.61	15.6299
1644.24	-0.370019
1646.87	19.6302
1649.5	-2.36941
1652.13	7.63107
1654.75	17.6317
1657.38	17.6324
1660	13.6333
1662.63	7.63423
1665.25	17.6353
1667.87	-0.363456
1670.49	-8.36211
1673.11	-0.36064
1675.73	11.641
1678.35	23.6427
1680.96	19.6445
1683.58	13.6465
1686.19	5.64861
1688.81	13.6508
1691.42	7.6532
1694.03	13.6557
1696.64	3.65831
1699.25	5.66106
1701.87	9.66394
1704.47	-0.333053
1707.08	9.67009
1709.69	19.6734
1712.29	-2.32323
1714.9	-0.319687
1717.5	-6.31602
1720.1	7.68779
1722.71	1.69174
1725.31	1.69581
1727.91	13.7
1730.51	5.70438
1733.1	9.70886
1735.7	13.7135
1738.3	11.7182
1740.89	17.7231
1743.49	5.72818
1746.08	7.73336
1748.67	3.73867
1751.26	21.7441
1753.86	17.7497
1756.45	19.7555
1759.03	3.76133
1761.62	21.7674
1764.21	19.7735
1766.8	5.77981
1769.38	13.7863
1771.97	11.7929
1774.55	-0.200414
1777.13	5.80646
1779.71	7.81349
1782.29	13.8207
1784.87	7.82797
1787.45	13.8354
1790.03	9.84304
1792.61	5.85079
1795.18	3.85869
1797.76	15.8667
1800.33	25.8749
1802.9	13.8833
1805.48	5.89179
1808.05	17.9004
1810.62	15.9092
1813.19	-6.08181
1815.76	23.9273
1818.33	1.93654
1820.89	7.94595
1823.46	17.9555
1826.02	1.96522
1828.59	7.97508
1831.15	5.98509
1833.71	-0.00473248
1836.27	10.0056
1838.84	16.0161
1841.39	-5.97329
1843.95	6.0375
1846.51	6.04845
1849.07	-5.94044
1851.62	2.07082
1854.18	6.08225
1856.73	24.0938
1859.29	2.10557
1861.84	8.11746
1864.39	-1.87049
1866.94	14.1417
1869.49	4.15411
1872.04	14.1667
1874.59	2.17935
1877.13	8.19221
1879.68	10.2052
1882.22	6.21842
1884.77	16.2318
1887.31	16.2453
1889.85	2.25895
1892.39	12.2728
1894.93	8.28679
1897.47	12.301
1900.01	12.3153
1902.55	16.3298
1905.09	28.3445
1907.62	8.35929
1910.16	12.3743
1912.69	6.38945
1915.22	2.40479
1917.76	8.42028
1920.29	12.436
1922.82	10.4518
1925.35	8.4678
1927.88	18.484
1930.4	0.500326
1932.93	22.5168
1935.46	4.53353
1937.98	8.55039
1940.51	14.5674
1943.03	16.5846
1945.55	20.602
1948.07	2.61956
1950.59	4.63727
1953.11	6.65517
1955.63	18.6732
1958.15	12.6915
1960.67	22.7099
1963.18	12.7285
1965.7	20.7473
1968.21	24.7662
1970.73	4.78532
1973.24	-5.19537
1975.75	30.8241
1978.26	-1.15625
1980.77	-9.13643
1983.28	14.8836
1985.79	8.90377
1988.29	4.92413
1990.8	22.9447
1993.31	16.9654
1995.81	2.98631
1998.31	13.0074
