100.093	18.6109
103.274	16.6407
106.457	32.6702
109.636	14.6996
112.817	18.7288
115.994	24.7578
119.172	-3.21328
122.347	2.81542
125.521	14.844
128.696	2.87233
131.868	10.9005
135.039	10.9286
138.209	20.9564
141.379	6.98417
144.547	17.0117
147.713	19.0391
150.879	15.0663
154.043	1.09337
157.206	19.1203
160.368	11.147
163.529	15.1736
166.689	21.2
169.848	9.22625
173.006	13.2523
176.163	21.2783
179.316	21.3041
182.471	11.3297
185.625	-0.644845
188.777	19.3805
191.927	11.4056
195.077	19.4306
198.224	13.4555
201.372	11.4802
204.52	5.5047
207.664	3.52908
210.809	5.55332
213.95	25.5774
217.091	3.60132
220.233	-8.37489
223.372	11.6487
226.509	5.67221
229.648	13.6956
232.784	9.71873
235.918	17.7418
239.051	21.7647
242.186	1.78741
245.317	3.81
248.447	-4.16755
251.577	7.85475
254.705	19.8769
257.832	15.8989
260.958	-4.07921
264.083	13.9425
267.204	13.9641
270.327	23.9855
273.449	40.0068
276.57	20.028
279.69	10.049
282.806	16.0699
285.924	14.0906
289.04	34.1112
292.154	10.1317
295.268	-1.84797
298.379	-1.82779
301.492	4.19227
304.601	18.2122
307.711	8.23196
310.818	16.2516
313.924	6.2711
317.031	6.29048
320.135	10.3097
323.238	16.3288
326.34	-3.65221
329.443	4.36664
332.543	4.38534
335.642	12.4039
338.74	22.4224
341.836	14.4407
344.932	8.45887
348.027	6.47692
351.12	10.4949
354.213	10.5127
357.302	24.5303
360.393	6.54786
363.482	8.56528
366.57	12.5826
369.656	8.59973
372.742	8.61677
375.827	-1.36631
378.91	4.65048
381.993	12.6671
385.073	12.6837
388.154	16.7001
391.232	12.7164
394.311	0.732585
397.387	20.7486
400.462	10.7646
403.536	2.78037
406.611	-1.20392
409.683	-11.1884
412.754	36.8271
415.824	6.84243
418.893	-5.14235
421.961	22.8727
425.027	-5.11227
428.093	-9.0974
431.158	14.9173
434.222	4.93198
437.284	14.9465
440.346	12.9609
443.407	14.9752
446.464	2.98937
449.523	-4.99656
452.581	1.01739
455.635	9.03122
458.691	9.04495
461.743	5.05856
464.797	13.0721
467.847	5.08546
470.899	9.09874
473.947	17.1119
476.994	21.125
480.043	3.13794
483.088	11.1508
486.133	11.1635
489.176	25.1761
492.22	11.1887
495.262	3.2011
498.302	7.21341
501.341	21.2256
504.38	7.23772
507.417	3.24972
510.453	7.26161
513.487	21.2734
516.521	11.2851
519.554	3.29667
522.586	11.3082
525.616	13.3195
528.646	9.33081
531.675	17.342
534.701	11.3531
537.729	13.364
540.753	9.37492
543.778	-8.61429
546.8	7.39638
549.821	9.40696
552.844	1.41745
555.863	17.4278
558.881	-0.561876
561.898	7.44832
564.916	9.45842
567.932	11.4684
570.946	-4.52167
573.959	-2.51186
576.971	7.49786
579.982	7.50748
582.993	9.51701
586	23.5264
589.008	11.5358
592.015	-6.45496
595.022	5.5542
598.025	9.56327
601.029	13.5723
604.032	17.5811
607.033	-0.410062
610.034	9.59865
613.032	7.60727
616.032	3.6158
619.028	3.62424
622.023	1.6326
625.018	5.64086
628.013	11.649
631.005	-6.34286
633.997	-2.33485
636.987	5.67307
639.977	3.6809
642.965	13.6887
645.952	17.6963
648.939	-2.29609
651.924	11.7114
654.909	9.71883
657.892	5.72616
660.873	9.73341
663.854	5.74058
666.835	-0.252332
669.813	3.75467
672.791	3.7616
675.767	3.76844
678.743	11.7752
681.717	15.7819
684.692	5.78851
687.664	5.79503
690.634	9.80148
693.606	7.80786
696.575	3.81415
699.543	1.82037
702.51	11.8265
705.475	5.83257
708.44	11.8386
711.404	7.84447
714.367	9.85031
717.329	11.8561
720.29	9.86177
723.25	-0.132617
726.207	7.87292
729.166	5.87839
732.123	-2.11621
735.077	-6.11089
738.032	9.89436
740.984	-2.10046
743.938	11.9047
746.888	13.9097
749.839	21.9147
752.788	1.91956
755.735	5.92439
758.682	25.9291
761.627	17.9338
764.574	-2.06154
767.517	21.943
770.46	3.9475
773.402	5.95192
776.342	7.95628
779.282	11.9606
782.219	1.96478
785.157	13.9689
788.094	19.973
791.029	5.97705
793.962	19.981
796.896	23.9849
799.828	13.9887
802.76	19.9925
805.689	3.99621
808.619	15.9999
811.546	14.0034
814.473	20.007
817.4	14.0104
820.324	18.0138
823.248	10.0171
826.17	2.02042
829.092	-3.97637
832.012	22.0268
834.932	4.02988
837.851	22.0329
840.768	2.0359
843.685	12.0388
846.599	14.0417
849.514	6.04448
852.428	18.0472
855.339	14.0499
858.251	2.05256
861.16	14.0551
864.07	28.0577
866.978	6.06012
869.884	8.06254
872.792	18.0649
875.696	10.0672
878.599	2.06945
881.502	10.0716
884.404	8.07379
887.304	10.0759
890.204	10.0779
893.103	-1.9201
896.001	32.0818
898.898	12.0837
901.794	-1.91445
904.689	14.0873
907.581	12.0891
910.474	18.0907
913.364	22.0924
916.256	6.09396
919.144	10.0955
922.034	8.09698
924.92	22.0984
927.808	-3.90019
930.693	10.1011
933.576	16.1024
936.459	30.1037
939.341	0.104892
942.222	16.106
945.102	14.1072
947.981	4.10822
950.859	16.1092
953.737	-1.88979
956.613	6.11114
959.488	2.11203
962.361	2.11287
965.235	6.11367
968.105	8.11443
970.977	10.1151
973.846	-3.88419
976.716	6.11644
979.583	14.117
982.449	16.1176
985.316	-1.88193
988.18	22.1185
991.043	14.119
993.906	0.119345
996.767	2.11969
999.628	10.12
1002.49	14.1203
1005.35	16.1205
1008.2	14.1207
1011.06	14.1208
1013.91	12.1209
1016.77	10.121
1019.62	14.121
1022.48	18.121
1025.33	8.12102
1028.18	4.12094
1031.03	16.1208
1033.87	0.120695
1036.72	16.1205
1039.57	14.1203
1042.41	8.12006
1045.26	2.11978
1048.1	2.11946
1050.94	14.1191
1053.78	10.1187
1056.62	6.11832
1059.46	10.1179
1062.3	10.1174
1065.14	16.1169
1067.97	14.1163
1070.81	10.1158
1073.64	0.11516
1076.47	10.1145
1079.31	12.1139
1082.14	16.1132
1084.97	20.1124
1087.8	16.1117
1090.63	8.1109
1093.45	14.1101
1096.28	4.10924
1099.1	16.1084
1101.93	-5.89252
1104.75	10.1066
1107.57	2.1056
1110.39	-3.89538
1113.21	6.10361
1116.03	8.10258
1118.85	-3.89848
1121.66	12.1004
1124.48	10.0993
1127.3	-3.90181
1130.11	6.09703
1132.92	14.0958
1135.73	6.09464
1138.54	0.0934089
1141.35	12.0922
1144.16	6.09087
1146.97	4.08957
1149.78	2.08825
1152.58	-3.9131
1155.39	0.0855298
1158.19	-9.91586
1161	22.0827
1163.8	8.08129
1166.6	4.07984
1169.4	-3.92164
1172.2	12.0769
1174.99	-3.92465
1177.79	10.0738
1180.59	14.0723
1183.38	6.07068
1186.17	-3.93091
1188.97	12.0675
1191.76	2.06584
1194.55	-3.9358
1197.34	10.0625
1200.13	4.06085
1202.92	0.0591442
1205.7	18.0574
1208.49	12.0557
1211.27	6.05394
1214.06	4.05217
1216.84	-7.94961
1219.62	16.0486
1222.4	16.0468
1225.18	14.045
1227.96	12.0431
1230.74	6.04125
1233.51	6.03938
1236.29	4.03749
1239.06	18.0356
1241.84	2.03368
1244.61	0.0317568
1247.38	0.0298188
1250.15	6.02787
1252.92	8.02591
1255.69	-5.97607
1258.46	0.0219471
1261.23	16.0199
1263.99	0.0179419
1266.76	4.01592
1269.52	12.0139
1272.28	12.0119
1275.05	14.0098
1277.81	10.0077
1280.57	8.00568
1283.33	8.0036
1286.08	0.00151065
1288.84	25.9994
1291.6	9.99731
1294.35	1.9952
1297.11	5.99308
1299.86	1.99095
1302.61	-4.01118
1305.36	19.9867
1308.11	5.98453
1310.86	27.9824
1313.61	11.9802
1316.36	7.97805
1319.1	13.9759
1321.85	5.9737
1324.59	7.97151
1327.33	7.96932
1330.08	15.9671
1332.82	5.96493
1335.56	-2.03727
1338.3	23.9605
1341.04	-0.0416808
1343.77	9.95611
1346.51	3.95389
1349.25	-0.0483268
1351.98	21.9495
1354.71	7.94723
1357.45	-2.055
1360.18	5.94278
1362.91	13.9405
1365.64	5.93832
1368.37	11.9361
1371.09	9.93386
1373.82	13.9316
1376.54	11.9294
1379.27	9.92716
1381.99	11.9249
1384.72	7.92269
1387.44	-4.07954
1390.16	1.91823
1392.88	3.916
1395.6	13.9138
1398.31	7.91155
1401.03	19.9093
1403.75	11.9071
1406.46	5.90488
1409.18	7.90266
1411.89	19.9004
1414.6	3.89824
1417.31	-4.10397
1420.02	5.89383
1422.73	3.89163
1425.44	5.88943
1428.15	-0.112761
1430.85	1.88505
1433.56	7.88287
1436.26	5.88069
1438.97	9.87852
1441.67	17.8764
1444.37	15.8742
1447.07	19.872
1449.77	13.8699
1452.47	3.86775
1455.16	1.86561
1457.86	11.8635
1460.56	-8.13864
1463.25	9.85925
1465.94	5.85714
1468.64	-2.14496
1471.33	3.85295
1474.02	5.85087
1476.71	7.8488
1479.4	13.8467
1482.09	3.84468
1484.77	5.84263
1487.46	21.8406
1490.14	3.83857
1492.83	9.83655
1495.51	7.83455
1498.19	5.83255
1500.87	23.8306
1503.55	1.82859
1506.23	7.82663
1508.91	7.82468
1511.59	5.82273
1514.27	9.82081
1516.94	3.81889
1519.62	13.817
1522.29	1.81509
1524.96	15.8132
1527.63	-0.188655
1530.3	-0.190508
1532.97	5.80765
1535.64	5.80582
1538.31	-4.19599
1540.98	11.8022
1543.64	-0.199572
1546.31	17.7987
1548.97	1.7969
1551.63	7.79516
1554.3	1.79343
1556.96	-4.20828
1559.62	5.79003
1562.28	13.7884
1564.94	1.78669
1567.59	5.78504
1570.25	21.7834
1572.9	1.7818
1575.56	21.7802
1578.21	11.7786
1580.86	19.7771
1583.52	17.7755
1586.17	9.77398
1588.82	15.7725
1591.47	3.77098
1594.11	5.7695
1596.76	19.768
1599.41	29.7666
1602.05	3.76519
1604.69	17.7638
1607.34	13.7624
1609.98	21.7611
1612.62	-2.24028
1615.26	-2.2416
1617.9	3.7571
1620.54	17.7558
1623.18	-8.24544
1625.81	9.75332
1628.45	9.7521
1631.08	-8.24909
1633.72	-6.25027
1636.35	3.74858
1638.98	9.74745
1641.61	7.74634
1644.24	1.74525
1646.87	19.7442
1649.5	9.74314
1652.13	19.7421
1654.75	7.74112
1657.38	7.74015
1660	5.7392
1662.63	15.7383
1665.25	-8.26263
1667.87	13.7365
1670.49	15.7356
1673.11	1.73481
1675.73	1.734
1678.35	1.73322
1680.96	-4.26754
1683.58	3.73173
1686.19	9.73103
1688.81	9.73035
1691.42	15.7297
1694.03	3.72906
1696.64	1.72846
1699.25	5.72788
1701.87	15.7273
1704.47	11.7268
1707.08	17.7263
1709.69	5.72585
1712.29	11.7254
1714.9	3.72499
1717.5	3.7246
1720.1	3.72424
1722.71	-8.27609
1725.31	-8.27639
1727.91	1.72333
1730.51	1.72309
1733.1	9.72287
1735.7	7.72268
1738.3	19.7225
1740.89	1.72239
1743.49	5.72229
1746.08	7.72222
1748.67	17.7222
1751.26	7.72217
1753.86	11.7222
1756.45	-6.27776
1759.03	9.72232
1761.62	11.7224
1764.21	1.72257
1766.8	13.7227
1769.38	1.72295
1771.97	21.7232
1774.55	9.72345
1777.13	7.72375
1779.71	1.72408
1782.29	-2.27556
1784.87	13.7248
1787.45	17.7253
1790.03	13.7257
1792.61	1.72622
1795.18	15.7267
1797.76	19.7273
1800.33	5.7279
1802.9	3.72853
1805.48	-0.270809
1808.05	13.7299
1810.62	11.7306
1813.19	9.73138
1815.76	7.73218
1818.33	9.73301
1820.89	-10.2661
1823.46	13.7348
1826.02	1.73571
1828.59	3.73669
1831.15	3.73769
1833.71	1.73874
1836.27	13.7398
1838.84	9.74093
1841.39	-4.25792
1843.95	-0.25673
1846.51	-0.255505
1849.07	9.74575
1851.62	9.74705
1854.18	5.74839
1856.73	17.7498
1859.29	19.7512
1861.84	17.7526
1864.39	11.7541
1866.94	-6.24438
1869.49	9.75718
1872.04	23.7588
1874.59	1.76041
1877.13	7.76209
1879.68	17.7638
1882.22	5.76555
1884.77	15.7673
1887.31	15.7692
1889.85	15.771
1892.39	17.773
1894.93	21.7749
1897.47	-2.22311
1900.01	5.77892
1902.55	11.781
1905.09	9.7831
1907.62	15.7852
1910.16	21.7874
1912.69	-0.210338
1915.22	-2.20807
1917.76	13.7942
1920.29	15.7966
1922.82	15.799
1925.35	25.8014
1927.88	3.8039
1930.4	3.80642
1932.93	3.80898
1935.46	-0.188413
1937.98	7.81423
1940.51	5.81692
1943.03	5.81965
1945.55	-0.177578
1948.07	7.82524
1950.59	11.8281
1953.11	-0.169001
1955.63	3.83394
1958.15	9.83693
1960.67	37.84
1963.18	-2.15696
1965.7	11.8462
1968.21	-4.15068
1970.73	3.85253
1973.24	19.8558
1975.75	39.8591
1978.26	17.8624
1980.77	11.8658
1983.28	5.86924
1985.79	1.87271
1988.29	17.8762
1990.8	5.8798
1993.31	5.88341
1995.81	-0.112929
1998.31	-4.10923
