100.093	4.41255
103.274	16.5446
106.457	10.6759
109.636	6.80626
112.817	12.9359
115.994	3.06469
119.172	-6.80726
122.347	15.3199
125.521	9.44626
128.696	11.5719
131.868	9.69668
135.039	9.82065
138.209	11.9438
141.379	4.06631
144.547	16.1879
147.713	-7.69124
150.879	22.4288
154.043	10.5481
157.206	6.6666
160.368	12.7843
163.529	8.9013
166.689	13.0175
169.848	-4.86706
173.006	-0.75238
176.163	7.36154
179.316	9.47464
182.471	5.58706
185.625	3.69873
188.777	11.8096
191.927	7.91976
195.077	14.0292
198.224	6.13783
201.372	4.24579
204.52	-1.64697
207.664	0.45946
210.809	16.5652
213.95	8.67022
217.091	10.7745
220.233	2.87809
223.372	26.9809
226.509	7.08303
229.648	7.1845
232.784	3.28519
235.918	5.38518
239.051	13.4845
242.186	1.58311
245.317	5.681
248.447	9.77819
251.577	13.8747
254.705	7.9705
257.832	4.06562
260.958	6.16005
264.083	14.2538
267.204	14.3468
270.327	10.4392
273.449	-1.46907
276.57	10.622
279.69	16.7124
282.806	4.80202
285.924	8.89107
289.04	4.97945
292.154	11.0671
295.268	-10.8458
298.379	1.24055
301.492	19.3263
304.601	5.41137
307.711	5.49584
310.818	9.57961
313.924	9.66274
317.031	3.74528
320.135	23.8271
323.238	-0.0916499
326.34	3.98894
329.443	4.06895
332.543	10.1483
335.642	10.227
338.74	0.305073
341.836	12.3825
344.932	4.45939
348.027	-9.46437
351.12	6.61125
354.213	12.6863
357.302	12.7606
360.393	0.83443
363.482	8.90763
366.57	6.98024
369.656	11.0522
372.742	3.1236
375.827	1.19442
378.91	3.26461
381.993	-0.665752
385.073	-4.59674
388.154	11.4717
391.232	13.5396
394.311	9.6069
397.387	15.6736
400.462	9.73972
403.536	13.8053
406.611	17.8703
409.683	-2.06528
412.754	3.99857
415.824	8.06187
418.893	24.1246
421.961	12.1868
425.027	6.24841
428.093	10.3095
431.158	8.37002
434.222	0.429996
437.284	12.4894
440.346	16.5483
443.407	4.60668
446.464	4.66445
449.523	12.7217
452.581	16.7785
455.635	10.8347
458.691	-1.10965
461.743	12.9455
464.797	13.0001
467.847	-14.9458
470.899	15.1078
473.947	9.16083
476.994	11.2134
480.043	15.2654
483.088	13.3169
486.133	3.36792
489.176	15.4184
492.22	5.46845
495.262	1.51794
498.302	1.56693
501.341	7.61543
504.38	25.6634
507.417	1.71094
510.453	13.758
513.487	9.80447
516.521	1.85051
519.554	15.8961
522.586	1.94117
525.616	7.98574
528.646	16.0299
531.675	20.0735
534.701	10.1167
537.729	16.1594
540.753	10.2016
543.778	24.2434
546.8	16.2847
549.821	10.3255
552.844	8.36591
555.863	16.4058
558.881	8.44528
561.898	-9.51571
564.916	12.5229
567.932	2.56098
570.946	12.5986
573.959	4.63587
576.971	22.6726
579.982	-3.29102
582.993	4.74489
586	16.7803
589.008	18.8154
592.015	10.85
595.022	-5.11586
598.025	22.9179
601.029	4.95119
604.032	8.98409
607.033	15.0165
610.034	9.04861
613.032	-4.91976
616.032	19.1115
619.028	-0.857733
622.023	3.17266
625.018	3.20264
628.013	13.2322
631.005	9.26141
633.997	3.29018
636.987	3.31855
639.977	17.3465
642.965	9.37411
645.952	9.40129
648.939	7.42809
651.924	15.4545
654.909	15.4805
657.892	17.5061
660.873	3.53138
663.854	13.5563
666.835	11.5807
669.813	5.60484
672.791	-8.37142
675.767	7.65193
678.743	-4.32507
681.717	19.6975
684.692	-2.2802
687.664	-6.25832
690.634	13.7632
693.606	21.7844
696.575	25.8052
699.543	15.8256
702.51	-0.154311
705.475	5.86542
708.44	13.8848
711.404	3.90384
714.367	11.9225
717.329	15.9409
720.29	7.95886
723.25	17.9765
726.207	3.99382
729.166	4.0108
732.123	14.0274
735.077	14.0437
738.032	14.0597
740.984	4.07537
743.938	24.0907
746.888	28.1057
749.839	12.1204
752.788	20.1347
755.735	10.1487
758.682	6.16242
761.627	16.1758
764.574	18.1889
767.517	14.2017
770.46	32.2141
773.402	14.2262
776.342	26.2381
779.282	10.2496
782.219	4.26084
785.157	10.2718
788.094	4.2824
791.029	24.2927
793.962	20.3028
796.896	20.3125
799.828	24.3219
802.76	16.3311
805.689	6.33998
808.619	32.3486
811.546	6.35686
814.473	12.3649
817.4	20.3726
820.324	4.38008
823.248	18.3873
826.17	20.3942
829.092	10.4008
832.012	22.4072
834.932	20.4132
837.851	20.4191
840.768	16.4246
843.685	0.42992
846.599	16.4349
849.514	18.4397
852.428	8.44423
855.339	26.4485
858.251	8.45248
861.16	8.45623
864.07	14.4597
866.978	38.463
869.884	30.466
872.792	6.46871
875.696	14.4712
878.599	12.4735
881.502	8.4755
884.404	14.4773
887.304	26.4788
890.204	12.4801
893.103	14.4812
896.001	20.4821
898.898	10.4827
901.794	14.4831
904.689	-1.51679
907.581	22.4831
910.474	6.48285
913.364	2.48234
916.256	32.4816
919.144	0.480654
922.034	22.4795
924.92	16.4781
927.808	14.4765
930.693	22.4747
933.576	12.4727
936.459	14.4705
939.341	8.46803
942.222	6.46539
945.102	10.4626
947.981	16.4595
950.859	12.4563
953.737	8.45284
956.613	14.4492
959.488	16.4454
962.361	8.44136
965.235	12.4371
968.105	2.43275
970.977	6.42816
973.846	6.42339
976.716	8.41842
979.583	8.41328
982.449	2.40796
985.316	2.40246
988.18	10.3968
991.043	8.39092
993.906	10.3849
996.767	22.3787
999.628	-1.62769
1002.49	-7.63423
1005.35	18.3591
1008.2	26.3522
1011.06	10.3451
1013.91	-3.66207
1016.77	24.3306
1019.62	26.323
1022.48	6.31534
1025.33	-9.6925
1028.18	2.2995
1031.03	6.29135
1033.87	10.283
1036.72	16.2746
1039.57	12.266
1042.41	12.2572
1045.26	14.2483
1048.1	18.2393
1050.94	16.2301
1053.78	6.22079
1056.62	14.2113
1059.46	28.2017
1062.3	10.192
1065.14	16.1821
1067.97	20.1721
1070.81	0.161981
1073.64	2.15171
1076.47	6.14132
1079.31	14.1308
1082.14	8.12015
1084.97	0.109375
1087.8	14.0985
1090.63	12.0875
1093.45	18.0763
1096.28	20.0651
1099.1	14.0537
1101.93	8.04224
1104.75	14.0306
1107.57	10.0189
1110.39	18.0071
1113.21	1.9952
1116.03	7.98317
1118.85	21.971
1121.66	15.9588
1124.48	3.94644
1127.3	21.934
1130.11	19.9214
1132.92	-2.09119
1135.73	9.89607
1138.54	-2.11676
1141.35	9.87031
1144.16	5.85728
1146.97	11.8442
1149.78	5.83097
1152.58	11.8177
1155.39	9.80431
1158.19	11.7908
1161	-4.2227
1163.8	13.7637
1166.6	1.74997
1169.4	11.7362
1172.2	-4.27768
1174.99	11.7084
1177.79	15.6944
1180.59	1.68028
1183.38	5.66612
1186.17	-0.348115
1188.97	-0.362413
1191.76	5.62322
1194.55	1.60879
1197.34	13.5943
1200.13	11.5797
1202.92	3.5651
1205.7	7.55042
1208.49	13.5357
1211.27	7.52087
1214.06	9.50602
1216.84	9.4911
1219.62	9.47614
1222.4	19.4611
1225.18	-0.553952
1227.96	9.43093
1230.74	9.41576
1233.51	21.4005
1236.29	13.3853
1239.06	5.36998
1241.84	3.35464
1244.61	9.33925
1247.38	-2.67618
1250.15	11.3084
1252.92	-0.707145
1255.69	7.27731
1258.46	13.2617
1261.23	21.2461
1263.99	9.2305
1266.76	7.21483
1269.52	5.19913
1272.28	13.1834
1275.05	1.16765
1277.81	9.15187
1280.57	3.13608
1283.33	11.1203
1286.08	5.10441
1288.84	23.0885
1291.6	9.07266
1294.35	13.0568
1297.11	13.0408
1299.86	-2.97508
1302.61	15.009
1305.36	-3.00698
1308.11	14.977
1310.86	18.9611
1313.61	8.9451
1316.36	12.9291
1319.1	16.9131
1321.85	2.89711
1324.59	8.88111
1327.33	14.8651
1330.08	2.8491
1332.82	10.8331
1335.56	6.81709
1338.3	2.80109
1341.04	20.7851
1343.77	16.7691
1346.51	0.753142
1349.25	12.7372
1351.98	18.7212
1354.71	10.7053
1357.45	10.6893
1360.18	8.6734
1362.91	6.65748
1365.64	2.64159
1368.37	4.62571
1371.09	4.60985
1373.82	0.594015
1376.54	16.5782
1379.27	8.56241
1381.99	-5.45336
1384.72	8.53089
1387.44	4.51517
1390.16	6.49947
1392.88	12.4838
1395.6	6.46817
1398.31	8.45257
1401.03	0.437001
1403.75	10.4215
1406.46	14.4059
1409.18	-3.60952
1411.89	10.375
1414.6	8.35965
1417.31	14.3443
1420.02	2.32899
1422.73	14.3137
1425.44	-1.70152
1428.15	-3.7167
1430.85	8.26815
1433.56	8.25306
1436.26	12.238
1438.97	6.22301
1441.67	4.20806
1444.37	2.19317
1447.07	6.17832
1449.77	4.16353
1452.47	16.1488
1455.16	6.13411
1457.86	14.1195
1460.56	6.10491
1463.25	20.0904
1465.94	12.076
1468.64	2.06156
1471.33	8.04724
1474.02	14.033
1476.71	6.01878
1479.4	8.00464
1482.09	-2.00942
1484.77	-0.0234133
1487.46	11.9627
1490.14	1.94881
1492.83	11.935
1495.51	9.92131
1498.19	-2.09233
1500.87	17.8941
1503.55	11.8806
1506.23	-4.13279
1508.91	7.85388
1511.59	11.8406
1514.27	9.82746
1516.94	3.81437
1519.62	-4.19865
1522.29	3.78843
1524.96	7.77559
1527.63	5.76284
1530.3	15.7502
1532.97	9.7376
1535.64	7.72511
1538.31	7.7127
1540.98	-2.2996
1543.64	5.68818
1546.31	7.67607
1548.97	1.66404
1551.63	7.65211
1554.3	-10.3597
1556.96	15.6285
1559.62	25.6169
1562.28	9.60536
1564.94	7.59392
1567.59	3.58259
1570.25	-0.428647
1572.9	5.56022
1575.56	11.5492
1578.21	17.5383
1580.86	1.52747
1583.52	13.5168
1586.17	13.5062
1588.82	5.49569
1591.47	7.48532
1594.11	7.47507
1596.76	7.46492
1599.41	1.45489
1602.05	1.44498
1604.69	9.43518
1607.34	-4.5745
1609.98	-0.584067
1612.62	19.4065
1615.26	7.39716
1617.9	-2.61203
1620.54	5.37888
1623.18	5.36993
1625.81	-6.6389
1628.45	3.35239
1631.08	13.3438
1633.72	3.33537
1636.35	3.32704
1638.98	23.3188
1641.61	17.3108
1644.24	7.30286
1646.87	5.29505
1649.5	1.28739
1652.13	7.27986
1654.75	13.2725
1657.38	3.26521
1660	7.25808
1662.63	1.2511
1665.25	9.24425
1667.87	15.2375
1670.49	-6.76901
1673.11	9.22457
1675.73	11.2183
1678.35	-0.787845
1680.96	-0.793834
1683.58	17.2003
1686.19	3.19463
1688.81	5.18908
1691.42	19.1837
1694.03	11.1784
1696.64	3.17334
1699.25	11.1684
1701.87	13.1636
1704.47	9.15895
1707.08	-4.84553
1709.69	25.1501
1712.29	-0.854038
1714.9	21.1419
1717.5	-0.861912
1720.1	1.13439
1722.71	1.13085
1725.31	5.12747
1727.91	7.12425
1730.51	5.1212
1733.1	7.11831
1735.7	7.11558
1738.3	11.113
1740.89	11.1106
1743.49	9.1084
1746.08	3.10634
1748.67	3.10445
1751.26	29.1027
1753.86	9.10118
1756.45	3.0998
1759.03	11.0986
1761.62	5.09756
1764.21	15.0967
1766.8	9.09602
1769.38	15.0955
1771.97	3.09519
1774.55	5.09504
1777.13	7.09507
1779.71	15.0953
1782.29	11.0957
1784.87	1.09623
1787.45	19.097
1790.03	11.0979
1792.61	3.09904
1795.18	3.10034
1797.76	7.10183
1800.33	-2.89649
1802.9	13.1054
1805.48	9.10742
1808.05	9.10966
1810.62	5.11209
1813.19	7.11471
1815.76	23.1175
1818.33	9.12053
1820.89	7.12373
1823.46	13.1271
1826.02	15.1307
1828.59	-4.86551
1831.15	9.13847
1833.71	9.14265
1836.27	-4.85297
1838.84	-0.848399
1841.39	9.15637
1843.95	5.16135
1846.51	5.16653
1849.07	-2.82809
1851.62	17.1775
1854.18	11.1833
1856.73	21.1893
1859.29	5.19547
1861.84	5.20187
1864.39	-6.79152
1866.94	3.2153
1869.49	25.2223
1872.04	-12.7704
1874.59	7.23701
1877.13	-2.75533
1879.68	1.25254
1882.22	13.2606
1884.77	1.26892
1887.31	15.2774
1889.85	1.28616
1892.39	15.2951
1894.93	15.3043
1897.47	15.3136
1900.01	7.32323
1902.55	5.33304
1905.09	13.3431
1907.62	3.35333
1910.16	13.3638
1912.69	7.3745
1915.22	11.3854
1917.76	7.39656
1920.29	1.40793
1922.82	17.4195
1925.35	13.4313
1927.88	3.44339
1930.4	-2.54433
1932.93	9.46817
1935.46	3.4809
1937.98	11.4939
1940.51	3.50705
1943.03	15.5205
1945.55	19.5341
1948.07	15.548
1950.59	3.56213
1953.11	5.57649
1955.63	19.5911
1958.15	5.60589
1960.67	-14.3791
1963.18	21.6362
1965.7	3.65178
1968.21	-4.33245
1970.73	1.68357
1973.24	-0.300176
1975.75	1.71631
1978.26	17.733
1980.77	5.75002
1983.28	3.76724
1985.79	15.7847
1988.29	5.80241
1990.8	15.8204
1993.31	17.8386
1995.81	1.85701
1998.31	3.87569
