100.093	33.3359
103.274	25.3336
106.457	27.3312
109.636	25.3288
112.817	29.3264
115.994	25.3239
119.172	33.3214
122.347	11.3189
125.521	21.3164
128.696	21.3139
131.868	17.3113
135.039	17.3088
138.209	13.3062
141.379	13.3036
144.547	21.3009
147.713	25.2983
150.879	37.2956
154.043	23.2929
157.206	3.29021
160.368	17.2875
163.529	15.2847
166.689	19.282
169.848	21.2792
173.006	35.2764
176.163	15.2736
179.316	33.2707
182.471	17.2679
185.625	17.265
188.777	19.2621
191.927	9.25924
195.077	17.2563
198.224	19.2534
201.372	11.2504
204.52	17.2475
207.664	1.2445
210.809	21.2415
213.95	5.23849
217.091	3.23547
220.233	11.2324
223.372	17.2294
226.509	23.2263
229.648	-4.77678
232.784	19.2201
235.918	-2.78299
239.051	3.21388
242.186	17.2107
245.317	3.20759
248.447	19.2044
251.577	19.2012
254.705	-0.801949
257.832	-8.80515
260.958	13.1916
264.083	5.1884
267.204	23.1852
270.327	23.1819
273.449	3.17864
276.57	19.1754
279.69	15.1721
282.806	25.1688
285.924	1.16547
289.04	3.16215
292.154	13.1588
295.268	17.1555
298.379	17.1521
301.492	19.1488
304.601	21.1454
307.711	21.142
310.818	11.1386
313.924	11.1352
317.031	19.1318
320.135	23.1284
323.238	29.125
326.34	23.1215
329.443	21.1181
332.543	1.11464
335.642	15.1112
338.74	-0.892294
341.836	7.10423
344.932	3.10075
348.027	7.09725
351.12	15.0938
354.213	11.0902
357.302	11.0867
360.393	23.0832
363.482	23.0797
366.57	19.0762
369.656	29.0726
372.742	1.06907
375.827	7.06552
378.91	3.06196
381.993	15.0584
385.073	17.0548
388.154	17.0513
391.232	-4.95232
394.311	13.0441
397.387	13.0405
400.462	-8.96308
403.536	13.0333
406.611	29.0297
409.683	1.02611
412.754	3.0225
415.824	13.0189
418.893	17.0153
421.961	-0.988344
425.027	9.00803
428.093	5.00441
431.158	3.00078
434.222	-1.00286
437.284	14.9935
440.346	12.9899
443.407	10.9862
446.464	0.982591
449.523	18.9789
452.581	2.9753
455.635	4.97165
458.691	4.968
461.743	-7.03564
464.797	0.960703
467.847	10.9571
470.899	6.9534
473.947	14.9497
476.994	14.9461
480.043	14.9424
483.088	14.9388
486.133	20.9351
489.176	20.9315
492.22	16.9278
495.262	2.92416
498.302	8.92051
501.341	8.91685
504.38	14.9132
507.417	18.9095
510.453	0.905899
513.487	12.9023
516.521	16.8986
519.554	2.89496
522.586	22.8913
525.616	12.8877
528.646	10.884
531.675	0.880394
534.701	12.8768
537.729	14.8731
540.753	12.8695
543.778	10.8659
546.8	-9.13775
549.821	-1.14137
552.844	4.85501
555.863	-5.14861
558.881	20.8478
561.898	4.84417
564.916	0.840569
567.932	10.837
570.946	18.8334
573.959	0.829785
576.971	2.8262
579.982	6.82262
582.993	0.819039
586	4.81547
589.008	8.8119
592.015	22.8083
595.022	-1.19522
598.025	10.8012
601.029	0.797686
604.032	4.79415
607.033	10.7906
610.034	2.78708
613.032	10.7836
616.032	-1.21995
619.028	24.7765
622.023	4.77304
625.018	22.7695
628.013	-5.23395
631.005	8.76257
633.997	12.7591
636.987	2.75563
639.977	6.75217
642.965	6.74872
645.952	16.7453
648.939	8.74184
651.924	6.73841
654.909	14.735
657.892	0.731581
660.873	-3.27182
663.854	-1.27522
666.835	8.7214
669.813	-5.28198
672.791	6.71465
675.767	6.7113
678.743	2.70794
681.717	-11.2954
684.692	6.70127
687.664	16.698
690.634	2.69464
693.606	-1.30866
696.575	20.688
699.543	16.6848
702.51	4.6815
705.475	-1.32176
708.44	2.67499
711.404	18.6717
714.367	2.66852
717.329	14.6653
720.29	6.6621
723.25	24.6589
726.207	10.6557
729.166	10.6525
732.123	16.6494
735.077	14.6462
738.032	8.6431
740.984	8.63998
743.938	14.6369
746.888	12.6338
749.839	14.6307
752.788	14.6276
755.735	2.62454
758.682	16.6215
761.627	14.6185
764.574	4.61543
767.517	14.6124
770.46	12.6094
773.402	14.6064
776.342	16.6035
779.282	14.6005
782.219	-3.40242
785.157	6.59465
788.094	4.59173
791.029	14.5888
793.962	4.58595
796.896	-1.41692
799.828	6.58022
802.76	10.5774
805.689	6.57455
808.619	12.5717
811.546	2.56894
814.473	8.56616
817.4	22.5634
820.324	32.5606
823.248	22.5579
826.17	12.5552
829.092	26.5525
832.012	14.5498
834.932	0.547122
837.851	2.54447
840.768	10.5418
843.685	24.5392
846.599	2.5366
849.514	10.534
852.428	20.5314
855.339	2.52888
858.251	8.52634
861.16	22.5238
864.07	6.52131
866.978	8.51882
869.884	6.51635
872.792	10.5139
875.696	4.51146
878.599	8.50905
881.502	14.5066
884.404	-3.49573
887.304	12.5019
890.204	14.4996
893.103	4.49723
896.001	-3.50508
898.898	4.49263
901.794	10.4904
904.689	10.4881
907.581	12.4859
910.474	4.48367
913.364	-1.51853
916.256	14.4793
919.144	10.4771
922.034	12.475
924.92	4.47289
927.808	14.4708
930.693	6.46871
933.576	6.46666
936.459	6.46462
939.341	-3.5374
942.222	8.46061
945.102	2.45863
947.981	6.45668
950.859	4.45474
953.737	14.4528
956.613	-1.54907
959.488	10.4491
962.361	4.44721
965.235	-3.55462
968.105	4.44357
970.977	6.44178
973.846	8.44002
976.716	4.43827
979.583	-11.5634
982.449	10.4349
985.316	-5.56683
988.18	2.43152
991.043	4.42988
993.906	8.42827
996.767	-3.57332
999.628	6.42511
1002.49	12.4236
1005.35	20.422
1008.2	-1.57946
1011.06	14.4191
1013.91	14.4176
1016.77	8.41618
1019.62	18.4148
1022.48	4.41339
1025.33	14.412
1028.18	14.4107
1031.03	18.4094
1033.87	14.4081
1036.72	-11.5932
1039.57	0.405583
1042.41	24.4044
1045.26	6.40317
1048.1	20.402
1050.94	20.4009
1053.78	6.39973
1056.62	18.3986
1059.46	20.3976
1062.3	14.3965
1065.14	10.3955
1067.97	12.3945
1070.81	-3.60647
1073.64	12.3926
1076.47	0.391657
1079.31	16.3908
1082.14	6.38989
1084.97	12.389
1087.8	-1.61178
1090.63	16.3874
1093.45	26.3867
1096.28	18.3859
1099.1	18.3852
1101.93	18.3845
1104.75	14.3838
1107.57	12.3832
1110.39	4.38259
1113.21	12.382
1116.03	12.3814
1118.85	16.3809
1121.66	16.3804
1124.48	6.37993
1127.3	8.37948
1130.11	10.3791
1132.92	6.37865
1135.73	18.3783
1138.54	10.3779
1141.35	12.3776
1144.16	4.37734
1146.97	14.3771
1149.78	4.37684
1152.58	6.37664
1155.39	12.3765
1158.19	8.37631
1161	4.37619
1163.8	10.3761
1166.6	2.37603
1169.4	16.376
1172.2	14.376
1174.99	2.376
1177.79	32.3761
1180.59	16.3761
1183.38	8.37623
1186.17	12.3764
1188.97	0.376533
1191.76	14.3767
1194.55	18.3769
1197.34	6.3772
1200.13	12.3775
1202.92	16.3778
1205.7	10.3781
1208.49	10.3785
1211.27	14.3789
1214.06	-5.62068
1216.84	-1.62022
1219.62	20.3803
1222.4	0.380788
1225.18	30.3813
1227.96	20.3819
1230.74	6.38252
1233.51	2.38316
1236.29	10.3838
1239.06	18.3845
1241.84	16.3853
1244.61	18.386
1247.38	10.3868
1250.15	12.3876
1252.92	-1.61151
1255.69	20.3894
1258.46	14.3903
1261.23	-1.60876
1263.99	2.39221
1266.76	4.39322
1269.52	8.39426
1272.28	-7.60466
1275.05	4.39644
1277.81	8.39757
1280.57	2.39874
1283.33	6.39994
1286.08	0.401172
1288.84	8.40243
1291.6	2.40373
1294.35	-11.5949
1297.11	18.4064
1299.86	6.40781
1302.61	10.4092
1305.36	20.4107
1308.11	8.41218
1310.86	0.413699
1313.61	14.4153
1316.36	32.4168
1319.1	4.41846
1321.85	10.4201
1324.59	2.4218
1327.33	14.4235
1330.08	6.42527
1332.82	12.4271
1335.56	4.42888
1338.3	6.43073
1341.04	0.432614
1343.77	18.4345
1346.51	14.4365
1349.25	6.43847
1351.98	12.4405
1354.71	16.4425
1357.45	2.44464
1360.18	-3.55324
1362.91	4.44892
1365.64	10.4511
1368.37	18.4533
1371.09	20.4556
1373.82	0.457883
1376.54	8.46021
1379.27	16.4626
1381.99	12.465
1384.72	8.4674
1387.44	8.46987
1390.16	6.47237
1392.88	10.4749
1395.6	16.4775
1398.31	12.4801
1401.03	12.4827
1403.75	6.4854
1406.46	12.4881
1409.18	6.49086
1411.89	28.4936
1414.6	12.4965
1417.31	2.49931
1420.02	2.5022
1422.73	6.50513
1425.44	4.50809
1428.15	10.5111
1430.85	14.5141
1433.56	32.5172
1436.26	-5.47971
1438.97	18.5234
1441.67	4.52661
1444.37	0.52982
1447.07	0.533069
1449.77	2.53635
1452.47	10.5397
1455.16	2.54304
1457.86	14.5464
1460.56	18.5499
1463.25	20.5533
1465.94	2.55684
1468.64	0.560379
1471.33	10.564
1474.02	12.5676
1476.71	0.571226
1479.4	-1.42508
1482.09	2.57865
1484.77	12.5824
1487.46	16.5862
1490.14	6.59005
1492.83	-9.40607
1495.51	16.5978
1498.19	14.6018
1500.87	4.60578
1503.55	-5.39019
1506.23	6.61388
1508.91	-7.38202
1511.59	8.62212
1514.27	8.6263
1516.94	12.6305
1519.62	2.63477
1522.29	14.6391
1524.96	4.64339
1527.63	-9.35224
1530.3	18.6522
1532.97	16.6566
1535.64	8.6611
1538.31	6.66563
1540.98	18.6702
1543.64	2.67479
1546.31	14.6794
1548.97	8.68411
1551.63	8.68882
1554.3	2.69358
1556.96	24.6984
1559.62	16.7032
1562.28	-1.29192
1564.94	4.71299
1567.59	-1.28206
1570.25	10.7229
1572.9	14.728
1575.56	4.73303
1578.21	8.73814
1580.86	22.7433
1583.52	4.74848
1586.17	2.7537
1588.82	16.759
1591.47	0.764278
1594.11	12.7696
1596.76	20.775
1599.41	22.7804
1602.05	-1.2141
1604.69	8.79141
1607.34	2.79695
1609.98	8.80254
1612.62	8.80817
1615.26	-5.18616
1617.9	-1.18046
1620.54	8.82529
1623.18	8.83108
1625.81	0.836908
1628.45	4.84278
1631.08	10.8487
1633.72	16.8546
1636.35	4.86062
1638.98	8.86666
1641.61	6.87273
1644.24	12.8788
1646.87	8.885
1649.5	24.8912
1652.13	14.8974
1654.75	4.90371
1657.38	0.910024
1660	4.91639
1662.63	28.9228
1665.25	8.92923
1667.87	-7.06429
1670.49	-1.05776
1673.11	12.9488
1675.73	18.9554
1678.35	6.96206
1680.96	12.9688
1683.58	0.975484
1686.19	16.9823
1688.81	2.98908
1691.42	-1.00407
1694.03	3.00284
1696.64	13.0098
1699.25	1.01676
1701.87	19.0238
1704.47	13.0309
1707.08	3.03797
1709.69	13.0451
1712.29	-4.94769
1714.9	11.0596
1717.5	15.0668
1720.1	1.07415
1722.71	3.08152
1725.31	7.08892
1727.91	-8.90363
1730.51	5.10386
1733.1	1.11139
1735.7	11.119
1738.3	21.1266
1740.89	17.1343
1743.49	3.14196
1746.08	7.14971
1748.67	1.1575
1751.26	27.1653
1753.86	9.17321
1756.45	9.18113
1759.03	5.18909
1761.62	25.1971
1764.21	7.20515
1766.8	-0.786759
1769.38	17.2214
1771.97	23.2296
1774.55	7.23778
1777.13	9.24605
1779.71	15.2544
1782.29	11.2627
1784.87	-4.72889
1787.45	3.27955
1790.03	9.28803
1792.61	-8.70344
1795.18	11.3051
1797.76	3.31375
1800.33	-0.677594
1802.9	7.33111
1805.48	11.3399
1808.05	3.34865
1810.62	17.3575
1813.19	19.3664
1815.76	13.3753
1818.33	5.38425
1820.89	11.3933
1823.46	25.4023
1826.02	13.4114
1828.59	33.4206
1831.15	1.42975
1833.71	17.439
1836.27	7.44827
1838.84	1.45759
1841.39	21.467
1843.95	19.4764
1846.51	-2.51418
1849.07	19.4953
1851.62	19.5049
1854.18	11.5145
1856.73	17.5241
1859.29	-0.466224
1861.84	21.5435
1864.39	13.5533
1866.94	1.56309
1869.49	7.57294
1872.04	19.5828
1874.59	17.5928
1877.13	13.6028
1879.68	19.6128
1882.22	19.6229
1884.77	23.633
1887.31	11.6432
1889.85	7.65344
1892.39	-0.336292
1894.93	13.674
1897.47	9.68438
1900.01	7.69478
1902.55	7.70523
1905.09	17.7157
1907.62	11.7263
1910.16	13.7368
1912.69	13.7475
1915.22	23.7582
1917.76	23.7689
1920.29	-4.22036
1922.82	3.79045
1925.35	7.80132
1927.88	17.8122
1930.4	17.8232
1932.93	15.8342
1935.46	21.8452
1937.98	9.8563
1940.51	9.86744
1943.03	13.8786
1945.55	5.88984
1948.07	17.9011
1950.59	15.9124
1953.11	3.92381
1955.63	13.9352
1958.15	15.9467
1960.67	-0.0418195
1963.18	11.9697
1965.7	25.9813
1968.21	11.993
1970.73	6.00467
1973.24	12.0164
1975.75	14.0282
1978.26	16.04
1980.77	12.0519
1983.28	12.0638
1985.79	16.0758
1988.29	16.0878
1990.8	20.0999
1993.31	4.11199
1995.81	4.12415
1998.31	-5.86366
