100.093	35.6536
103.274	9.66328
106.457	11.673
109.636	27.6826
112.817	25.6923
115.994	-0.298028
119.172	1.71164
122.347	1.7213
125.521	21.731
128.696	3.74061
131.868	11.7503
135.039	23.7599
138.209	17.7695
141.379	23.7792
144.547	17.7888
147.713	15.7985
150.879	13.8081
154.043	23.8177
157.206	-4.17267
160.368	9.83694
163.529	35.8466
166.689	17.8562
169.848	13.8658
173.006	15.8754
176.163	27.885
179.316	1.89454
182.471	15.9041
185.625	5.9137
188.777	17.9233
191.927	9.93285
195.077	-6.05759
198.224	17.952
201.372	9.96153
204.52	5.97108
207.664	15.9806
210.809	13.9902
213.95	13.9997
217.091	4.00923
220.233	30.0188
223.372	6.02827
226.509	10.0378
229.648	18.0473
232.784	10.0568
235.918	14.0663
239.051	16.0758
242.186	16.0853
245.317	12.0948
248.447	12.1042
251.577	18.1137
254.705	34.1232
257.832	16.1326
260.958	0.142076
264.083	12.1515
267.204	10.161
270.327	4.17039
273.449	26.1798
276.57	14.1892
279.69	2.19866
282.806	8.20806
285.924	-1.78253
289.04	16.2269
292.154	14.2363
295.268	12.2456
298.379	10.255
301.492	12.2644
304.601	14.2737
307.711	6.2831
310.818	8.29245
313.924	4.30179
317.031	6.31113
320.135	6.32046
323.238	26.3298
326.34	12.3391
329.443	18.3484
332.543	14.3577
335.642	-1.633
338.74	14.3763
341.836	0.385569
344.932	12.3948
348.027	2.40411
351.12	8.41336
354.213	2.42262
357.302	16.4319
360.393	4.44109
363.482	6.45032
366.57	16.4595
369.656	4.46875
372.742	-1.52205
375.827	4.48715
378.91	8.49634
381.993	14.5055
385.073	8.51469
388.154	18.5239
391.232	-3.46699
394.311	8.54216
397.387	18.5513
400.462	-1.43957
403.536	18.5696
406.611	8.57868
409.683	0.587782
412.754	18.5969
415.824	12.606
418.893	6.61505
421.961	0.624126
425.027	16.6332
428.093	14.6422
431.158	14.6513
434.222	10.6603
437.284	6.66937
440.346	22.6784
443.407	8.6874
446.464	14.6964
449.523	14.7054
452.581	4.71439
455.635	2.72336
458.691	4.73233
461.743	10.7413
464.797	2.75024
467.847	10.7592
470.899	14.7681
473.947	-1.22296
476.994	14.7859
480.043	0.794854
483.088	8.80375
486.133	18.8126
489.176	12.8215
492.22	14.8304
495.262	-9.16077
498.302	-9.15192
501.341	14.8569
504.38	28.8657
507.417	18.8746
510.453	10.8834
513.487	20.8922
516.521	-5.09905
519.554	26.9097
522.586	4.91849
525.616	-1.07275
528.646	-3.064
531.675	6.94474
534.701	8.95346
537.729	14.9622
540.753	4.97088
543.778	22.9796
546.8	-3.01173
549.821	8.99694
552.844	5.00561
555.863	-4.98573
558.881	1.02291
561.898	1.03154
564.916	-2.95983
567.932	15.0488
570.946	-0.942616
573.959	11.066
576.971	9.07456
579.982	9.08313
582.993	-2.90831
586	7.10023
589.008	15.1088
592.015	-4.8827
595.022	-2.87419
598.025	-2.86569
601.029	9.14281
604.032	-0.848707
607.033	3.15976
610.034	5.16822
613.032	7.17667
616.032	3.18511
619.028	15.1935
622.023	-0.798053
625.018	11.2103
628.013	7.21874
631.005	-0.772876
633.997	3.23549
636.987	11.2438
639.977	15.2522
642.965	7.26053
645.952	-0.731149
648.939	19.2772
651.924	13.2855
654.909	15.2937
657.892	3.30203
660.873	7.31029
663.854	1.31854
666.835	15.3268
669.813	15.335
672.791	9.34322
675.767	-2.64858
678.743	9.35962
681.717	17.3678
684.692	9.37597
687.664	11.3841
690.634	1.39226
693.606	9.4004
696.575	15.4085
699.543	17.4166
702.51	1.42471
705.475	3.43279
708.44	9.44086
711.404	11.4489
714.367	19.457
717.329	-0.535008
720.29	21.473
723.25	11.481
726.207	19.489
729.166	13.497
732.123	11.505
735.077	7.51291
738.032	5.52086
740.984	5.52878
743.938	5.5367
746.888	7.5446
749.839	19.5525
752.788	9.56037
755.735	19.5682
758.682	17.5761
761.627	9.58392
764.574	5.59175
767.517	13.5996
770.46	15.6074
773.402	19.6151
776.342	3.62292
779.282	15.6307
782.219	21.6384
785.157	23.6462
788.094	1.65387
791.029	29.6616
793.962	25.6693
796.896	1.67695
799.828	11.6846
802.76	15.6923
805.689	7.6999
808.619	1.70753
811.546	9.71514
814.473	9.72273
817.4	3.73032
820.324	5.73788
823.248	5.74544
826.17	11.753
829.092	19.7605
832.012	17.768
834.932	3.77552
837.851	11.783
840.768	15.7905
843.685	17.7979
846.599	7.80538
849.514	11.8128
852.428	11.8202
855.339	17.8276
858.251	1.83501
861.16	3.84238
864.07	17.8497
866.978	27.8571
869.884	19.8644
872.792	7.87173
875.696	13.879
878.599	3.88631
881.502	5.89358
884.404	5.90084
887.304	11.9081
890.204	3.91531
893.103	-2.07748
896.001	15.9297
898.898	19.9369
901.794	7.94408
904.689	23.9512
907.581	19.9584
910.474	3.9655
913.364	9.9726
916.256	3.9797
919.144	11.9868
922.034	15.9938
924.92	16.0009
927.808	4.00794
930.693	12.015
933.576	14.022
936.459	8.02895
939.341	10.0359
942.222	12.0429
945.102	-5.95017
947.981	2.05676
950.859	0.0636758
953.737	6.07058
956.613	16.0775
959.488	6.08433
962.361	-1.90882
965.235	6.09802
968.105	14.1048
970.977	16.1117
973.846	6.11844
976.716	2.12522
979.583	10.132
982.449	10.1387
985.316	10.1455
988.18	8.15217
991.043	10.1589
993.906	-11.8344
996.767	8.17222
999.628	20.1789
1002.49	2.18551
1005.35	20.1921
1008.2	14.1987
1011.06	10.2053
1013.91	10.2119
1016.77	14.2185
1019.62	4.22499
1022.48	8.23152
1025.33	2.23803
1028.18	14.2445
1031.03	2.251
1033.87	2.25746
1036.72	16.2639
1039.57	28.2703
1042.41	6.27675
1045.26	8.28314
1048.1	14.2895
1050.94	14.2959
1053.78	6.30224
1056.62	22.3086
1059.46	14.3149
1062.3	-7.67881
1065.14	8.32747
1067.97	18.3337
1070.81	26.34
1073.64	2.34622
1076.47	4.35244
1079.31	18.3586
1082.14	4.36482
1084.97	12.371
1087.8	20.3771
1090.63	8.38328
1093.45	14.3894
1096.28	22.3955
1099.1	14.4016
1101.93	2.40765
1104.75	14.4137
1107.57	4.41974
1110.39	6.42576
1113.21	8.43176
1116.03	10.4377
1118.85	12.4437
1121.66	6.44966
1124.48	14.4556
1127.3	2.46151
1130.11	10.4674
1132.92	6.4733
1135.73	18.4792
1138.54	-11.515
1141.35	14.4908
1144.16	6.49666
1146.97	18.5025
1149.78	10.5082
1152.58	20.514
1155.39	14.5198
1158.19	18.5255
1161	2.5312
1163.8	6.53689
1166.6	4.54257
1169.4	14.5482
1172.2	18.5539
1174.99	16.5595
1177.79	12.5651
1180.59	12.5707
1183.38	12.5763
1186.17	2.58184
1188.97	4.58738
1191.76	-11.4071
1194.55	8.5984
1197.34	10.6039
1200.13	2.60936
1202.92	0.614813
1205.7	14.6202
1208.49	12.6257
1211.27	12.6311
1214.06	8.63644
1216.84	-3.35819
1219.62	12.6472
1222.4	12.6525
1225.18	12.6578
1227.96	-3.33691
1230.74	22.6684
1233.51	14.6736
1236.29	6.67887
1239.06	-3.31591
1241.84	10.6893
1244.61	6.69448
1247.38	10.6996
1250.15	4.7048
1252.92	6.70993
1255.69	-3.28495
1258.46	10.7201
1261.23	8.72522
1263.99	14.7303
1266.76	8.73533
1269.52	10.7404
1272.28	12.7454
1275.05	14.7503
1277.81	-1.24468
1280.57	2.76027
1283.33	2.76521
1286.08	-11.2299
1288.84	16.775
1291.6	22.7799
1294.35	6.78476
1297.11	4.78961
1299.86	10.7944
1302.61	8.79924
1305.36	-1.19597
1308.11	2.8088
1310.86	24.8135
1313.61	10.8183
1316.36	-5.177
1319.1	4.82769
1321.85	14.8324
1324.59	6.83703
1327.33	-7.15833
1330.08	10.8463
1332.82	12.8509
1335.56	8.85549
1338.3	16.8601
1341.04	20.8646
1343.77	14.8691
1346.51	12.8736
1349.25	4.87814
1351.98	4.88261
1354.71	4.88707
1357.45	12.8915
1360.18	0.895919
1362.91	8.90032
1365.64	8.9047
1368.37	-1.09094
1371.09	12.9134
1373.82	4.91773
1376.54	-3.07797
1379.27	14.9263
1381.99	4.93059
1384.72	14.9348
1387.44	18.9391
1390.16	4.94328
1392.88	2.94747
1395.6	14.9516
1398.31	2.9558
1401.03	4.95993
1403.75	20.964
1406.46	4.96815
1409.18	8.97223
1411.89	8.97628
1414.6	18.9803
1417.31	4.98434
1420.02	6.98835
1422.73	20.9923
1425.44	4.99629
1428.15	13.0002
1430.85	7.00416
1433.56	5.00807
1436.26	3.01196
1438.97	13.0158
1441.67	11.0197
1444.37	3.0235
1447.07	7.02731
1449.77	5.0311
1452.47	21.0349
1455.16	17.0386
1457.86	9.04236
1460.56	-0.95393
1463.25	21.0498
1465.94	5.05344
1468.64	7.05709
1471.33	-8.93927
1474.02	19.0643
1476.71	1.06794
1479.4	1.07152
1482.09	11.0751
1484.77	13.0786
1487.46	11.0821
1490.14	15.0856
1492.83	-14.9109
1495.51	3.09257
1498.19	3.09601
1500.87	-4.90057
1503.55	-0.897165
1506.23	1.10622
1508.91	17.1096
1511.59	3.11292
1514.27	-2.88376
1516.94	7.11955
1519.62	3.12283
1522.29	1.12609
1524.96	9.12934
1527.63	11.1326
1530.3	-0.864235
1532.97	7.13895
1535.64	-0.857885
1538.31	11.1453
1540.98	17.1484
1543.64	9.15149
1546.31	-2.84543
1548.97	21.1576
1551.63	3.16069
1554.3	19.1637
1556.96	11.1667
1559.62	1.1697
1562.28	9.17267
1564.94	1.17561
1567.59	11.1785
1570.25	-10.8186
1572.9	19.1843
1575.56	13.1872
1578.21	11.19
1580.86	3.19287
1583.52	13.1957
1586.17	9.19846
1588.82	3.20123
1591.47	-0.796026
1594.11	3.2067
1596.76	3.2094
1599.41	5.21209
1602.05	7.21475
1604.69	17.2174
1607.34	5.22002
1609.98	9.22263
1612.62	9.22521
1615.26	-0.772221
1617.9	7.23032
1620.54	9.23285
1623.18	13.2353
1625.81	-0.762167
1628.45	13.2403
1631.08	3.24274
1633.72	11.2452
1636.35	13.2476
1638.98	-0.750057
1641.61	19.2523
1644.24	7.25465
1646.87	19.257
1649.5	15.2593
1652.13	-0.738454
1654.75	9.26381
1657.38	-0.733956
1660	7.26826
1662.63	19.2705
1665.25	13.2726
1667.87	9.2748
1670.49	21.2769
1673.11	9.27905
1675.73	1.28115
1678.35	11.2832
1680.96	1.28528
1683.58	19.2873
1686.19	3.28932
1688.81	25.2913
1691.42	15.2933
1694.03	9.29524
1696.64	7.29717
1699.25	1.29908
1701.87	13.301
1704.47	7.30284
1707.08	15.3047
1709.69	11.3065
1712.29	7.30833
1714.9	3.31011
1717.5	1.31188
1720.1	5.31362
1722.71	17.3153
1725.31	3.31705
1727.91	7.31874
1730.51	7.3204
1733.1	5.32204
1735.7	9.32366
1738.3	15.3253
1740.89	43.3268
1743.49	11.3284
1746.08	13.3299
1748.67	5.33146
1751.26	21.333
1753.86	13.3344
1756.45	9.33588
1759.03	17.3373
1761.62	11.3387
1764.21	11.3401
1766.8	5.34149
1769.38	-0.657159
1771.97	7.34417
1774.55	-8.65452
1777.13	11.3468
1779.71	13.348
1782.29	19.3493
1784.87	13.3505
1787.45	9.35171
1790.03	7.35289
1792.61	-0.645949
1795.18	17.3552
1797.76	13.3563
1800.33	3.35741
1802.9	39.3585
1805.48	11.3595
1808.05	1.36058
1810.62	11.3616
1813.19	3.36259
1815.76	15.3636
1818.33	3.36451
1820.89	7.36544
1823.46	11.3664
1826.02	11.3672
1828.59	19.3681
1831.15	3.36895
1833.71	-6.63022
1836.27	3.37058
1838.84	7.37136
1841.39	11.3721
1843.95	5.37287
1846.51	9.37358
1849.07	15.3743
1851.62	-4.62504
1854.18	11.3756
1856.73	15.3762
1859.29	13.3769
1861.84	-4.62255
1864.39	15.378
1866.94	3.37857
1869.49	15.3791
1872.04	13.3796
1874.59	19.3801
1877.13	15.3806
1879.68	13.381
1882.22	9.38142
1884.77	-0.618177
1887.31	9.3822
1889.85	17.3826
1892.39	21.3829
1894.93	7.38321
1897.47	1.3835
1900.01	7.38378
1902.55	23.384
1905.09	7.38426
1907.62	13.3845
1910.16	11.3847
1912.69	1.38482
1915.22	-2.61504
1917.76	13.3851
1920.29	5.38519
1922.82	11.3853
1925.35	-2.61467
1927.88	15.3854
1930.4	11.3854
1932.93	13.3854
1935.46	9.38535
1937.98	1.3853
1940.51	21.3852
1943.03	7.38514
1945.55	1.38502
1948.07	13.3849
1950.59	9.38473
1953.11	5.38456
1955.63	17.3844
1958.15	1.38414
1960.67	11.3839
1963.18	9.38363
1965.7	13.3833
1968.21	5.38304
1970.73	21.3827
1973.24	-0.617636
1975.75	9.38199
1978.26	19.3816
1980.77	23.3812
1983.28	13.3808
1985.79	21.3803
1988.29	-2.62019
1990.8	1.37931
1993.31	17.3788
1995.81	11.3782
1998.31	5.37768
